date,seed,strategy,asset,weight
2020-03-25,17,AR1 alpha + Enhanced + One-Step,NASDAQ:BBSI,0.019999999999645968
2020-03-26,17,AR1 alpha + Enhanced + One-Step,NASDAQ:BBSI,0.019999999999360623
2020-03-27,17,AR1 alpha + Enhanced + One-Step,NASDAQ:BBSI,0.01999998767204876
2020-03-30,17,AR1 alpha + Enhanced + One-Step,NASDAQ:BBSI,0.020001215945865507
2020-03-31,17,AR1 alpha + Enhanced + One-Step,NASDAQ:BBSI,0.02000540171909159
2020-04-01,17,AR1 alpha + Enhanced + One-Step,NASDAQ:BBSI,0.020005402367186027
2020-04-02,17,AR1 alpha + Enhanced + One-Step,NASDAQ:BBSI,0.020006254336067234
2020-04-03,17,AR1 alpha + Enhanced + One-Step,NASDAQ:BBSI,0.02000692237477918
2020-04-06,17,AR1 alpha + Enhanced + One-Step,NASDAQ:BBSI,0.02000748710450055
2020-04-07,17,AR1 alpha + Enhanced + One-Step,NASDAQ:BBSI,0.02000629049101234
2020-04-08,17,AR1 alpha + Enhanced + One-Step,NASDAQ:BBSI,0.020006408780548143
2020-04-09,17,AR1 alpha + Enhanced + One-Step,NASDAQ:BBSI,0.020006377697557125
2020-04-13,17,AR1 alpha + Enhanced + One-Step,NASDAQ:BBSI,0.020005986440824908
2020-04-14,17,AR1 alpha + Enhanced + One-Step,NASDAQ:BBSI,0.020006877117484237
2020-04-15,17,AR1 alpha + Enhanced + One-Step,NASDAQ:BBSI,0.02000751682747289
2020-04-16,17,AR1 alpha + Enhanced + One-Step,NASDAQ:BBSI,0.02000792857219061
2020-04-17,17,AR1 alpha + Enhanced + One-Step,NASDAQ:BBSI,0.020007962899229535
2020-04-20,17,AR1 alpha + Enhanced + One-Step,NASDAQ:BBSI,0.020007853957833915
2020-04-21,17,AR1 alpha + Enhanced + One-Step,NASDAQ:BBSI,0.020008065598864113
2020-04-22,17,AR1 alpha + Enhanced + One-Step,NASDAQ:BBSI,0.020008325976852512
2020-04-23,17,AR1 alpha + Enhanced + One-Step,NASDAQ:BBSI,0.02000816605608875
2020-04-24,17,AR1 alpha + Enhanced + One-Step,NASDAQ:BBSI,0.020008237265898426
2020-04-27,17,AR1 alpha + Enhanced + One-Step,NASDAQ:BBSI,0.020008233808835544
2020-04-28,17,AR1 alpha + Enhanced + One-Step,NASDAQ:BBSI,0.020008229738218846
2020-04-29,17,AR1 alpha + Enhanced + One-Step,NASDAQ:BBSI,0.033949209132984416
2020-04-30,17,AR1 alpha + Enhanced + One-Step,NASDAQ:BBSI,0.03394928705741394
2020-05-01,17,AR1 alpha + Enhanced + One-Step,NASDAQ:BBSI,0.03394828247577433
2020-05-04,17,AR1 alpha + Enhanced + One-Step,NASDAQ:BBSI,0.033948291284100325
2020-05-05,17,AR1 alpha + Enhanced + One-Step,NASDAQ:BBSI,0.03394825232651131
2020-05-06,17,AR1 alpha + Enhanced + One-Step,NASDAQ:BBSI,0.03394826626447288
2020-05-07,17,AR1 alpha + Enhanced + One-Step,NASDAQ:BBSI,0.033947831241495224
2020-05-08,17,AR1 alpha + Enhanced + One-Step,NASDAQ:BBSI,0.03394748337309626
2020-05-11,17,AR1 alpha + Enhanced + One-Step,NASDAQ:BBSI,0.03394733098590702
2020-05-12,17,AR1 alpha + Enhanced + One-Step,NASDAQ:BBSI,0.03371363839144012
2020-05-13,17,AR1 alpha + Enhanced + One-Step,NASDAQ:BBSI,0.01584983281428009
2020-05-14,17,AR1 alpha + Enhanced + One-Step,NASDAQ:BBSI,0.0
2020-05-15,17,AR1 alpha + Enhanced + One-Step,NASDAQ:BBSI,2.5683920831716578e-08
2020-05-18,17,AR1 alpha + Enhanced + One-Step,NASDAQ:BBSI,9.107451570951045e-08
2020-05-19,17,AR1 alpha + Enhanced + One-Step,NASDAQ:BBSI,0.0
2020-05-20,17,AR1 alpha + Enhanced + One-Step,NASDAQ:BBSI,2.1611114481631507e-08
2020-05-21,17,AR1 alpha + Enhanced + One-Step,NASDAQ:BBSI,0.0
2020-05-22,17,AR1 alpha + Enhanced + One-Step,NASDAQ:BBSI,0.0
2020-05-26,17,AR1 alpha + Enhanced + One-Step,NASDAQ:BBSI,6.990763883623301e-10
2020-05-27,17,AR1 alpha + Enhanced + One-Step,NASDAQ:BBSI,0.0032372515954058696
2020-05-28,17,AR1 alpha + Enhanced + One-Step,NASDAQ:BBSI,0.0032372507064659106
2020-05-29,17,AR1 alpha + Enhanced + One-Step,NASDAQ:BBSI,0.003237263416831291
2020-06-01,17,AR1 alpha + Enhanced + One-Step,NASDAQ:BBSI,0.0032372781150648913
2020-06-02,17,AR1 alpha + Enhanced + One-Step,NASDAQ:BBSI,0.003237356747471745
2020-06-03,17,AR1 alpha + Enhanced + One-Step,NASDAQ:BBSI,0.0035514272275719828
2020-06-04,17,AR1 alpha + Enhanced + One-Step,NASDAQ:BBSI,0.0035506278806405247
2020-06-05,17,AR1 alpha + Enhanced + One-Step,NASDAQ:BBSI,0.0035499509058474097
2020-06-08,17,AR1 alpha + Enhanced + One-Step,NASDAQ:BBSI,0.0035499614213357223
2020-06-09,17,AR1 alpha + Enhanced + One-Step,NASDAQ:BBSI,0.0035499922236335154
2020-06-10,17,AR1 alpha + Enhanced + One-Step,NASDAQ:BBSI,0.003549989332898857
2020-06-11,17,AR1 alpha + Enhanced + One-Step,NASDAQ:BBSI,0.0035508941376226513
2020-06-12,17,AR1 alpha + Enhanced + One-Step,NASDAQ:BBSI,4.665902621247496e-08
2020-06-15,17,AR1 alpha + Enhanced + One-Step,NASDAQ:BBSI,0.0
2020-06-16,17,AR1 alpha + Enhanced + One-Step,NASDAQ:BBSI,7.46683368189709e-09
2020-06-17,17,AR1 alpha + Enhanced + One-Step,NASDAQ:BBSI,3.884778626078659e-11
2020-06-18,17,AR1 alpha + Enhanced + One-Step,NASDAQ:BBSI,0.0
2020-06-19,17,AR1 alpha + Enhanced + One-Step,NASDAQ:BBSI,2.5922994919859783e-08
2020-06-22,17,AR1 alpha + Enhanced + One-Step,NASDAQ:BBSI,3.041438889239283e-08
2020-06-23,17,AR1 alpha + Enhanced + One-Step,NASDAQ:BBSI,1.988190513504729e-08
2020-06-24,17,AR1 alpha + Enhanced + One-Step,NASDAQ:BBSI,0.0
2020-06-25,17,AR1 alpha + Enhanced + One-Step,NASDAQ:BBSI,1.9735874364207745e-08
2020-06-26,17,AR1 alpha + Enhanced + One-Step,NASDAQ:BBSI,1.2781335798879366e-07
2020-06-29,17,AR1 alpha + Enhanced + One-Step,NASDAQ:BBSI,1.3964963560775843e-07
2020-06-30,17,AR1 alpha + Enhanced + One-Step,NASDAQ:BBSI,2.0689425800984653e-07
2020-07-01,17,AR1 alpha + Enhanced + One-Step,NASDAQ:BBSI,0.0
2020-07-02,17,AR1 alpha + Enhanced + One-Step,NASDAQ:BBSI,6.398262287545359e-08
2020-07-06,17,AR1 alpha + Enhanced + One-Step,NASDAQ:BBSI,1.5765696916121914e-08
2020-07-07,17,AR1 alpha + Enhanced + One-Step,NASDAQ:BBSI,0.0
2020-07-08,17,AR1 alpha + Enhanced + One-Step,NASDAQ:BBSI,0.0
2020-07-09,17,AR1 alpha + Enhanced + One-Step,NASDAQ:BBSI,0.0
2020-07-10,17,AR1 alpha + Enhanced + One-Step,NASDAQ:BBSI,8.4558547283945e-08
2020-07-13,17,AR1 alpha + Enhanced + One-Step,NASDAQ:BBSI,5.652823135503878e-08
2020-07-14,17,AR1 alpha + Enhanced + One-Step,NASDAQ:BBSI,0.0
2020-07-15,17,AR1 alpha + Enhanced + One-Step,NASDAQ:BBSI,0.0
2020-07-16,17,AR1 alpha + Enhanced + One-Step,NASDAQ:BBSI,1.0767093339259198e-09
2020-07-17,17,AR1 alpha + Enhanced + One-Step,NASDAQ:BBSI,4.849704369221292e-10
2020-07-20,17,AR1 alpha + Enhanced + One-Step,NASDAQ:BBSI,3.917923032878162e-08
2020-07-21,17,AR1 alpha + Enhanced + One-Step,NASDAQ:BBSI,5.5210657476252266e-08
2020-07-22,17,AR1 alpha + Enhanced + One-Step,NASDAQ:BBSI,5.0574341786484934e-08
2020-07-23,17,AR1 alpha + Enhanced + One-Step,NASDAQ:BBSI,0.0
2020-07-24,17,AR1 alpha + Enhanced + One-Step,NASDAQ:BBSI,0.0
2020-07-27,17,AR1 alpha + Enhanced + One-Step,NASDAQ:BBSI,0.0
2020-07-28,17,AR1 alpha + Enhanced + One-Step,NASDAQ:BBSI,2.925187496772932e-09
2020-07-29,17,AR1 alpha + Enhanced + One-Step,NASDAQ:BBSI,0.0
2020-07-30,17,AR1 alpha + Enhanced + One-Step,NASDAQ:BBSI,0.0
2020-07-31,17,AR1 alpha + Enhanced + One-Step,NASDAQ:BBSI,0.0
2020-08-03,17,AR1 alpha + Enhanced + One-Step,NASDAQ:BBSI,8.367510186760575e-08
2020-08-04,17,AR1 alpha + Enhanced + One-Step,NASDAQ:BBSI,3.264859356118657e-08
2020-08-05,17,AR1 alpha + Enhanced + One-Step,NASDAQ:BBSI,0.0
2020-08-06,17,AR1 alpha + Enhanced + One-Step,NASDAQ:BBSI,0.0
2020-08-07,17,AR1 alpha + Enhanced + One-Step,NASDAQ:BBSI,4.010744713350051e-08
2020-08-10,17,AR1 alpha + Enhanced + One-Step,NASDAQ:BBSI,6.460289276744343e-08
2020-08-11,17,AR1 alpha + Enhanced + One-Step,NASDAQ:BBSI,0.0
2020-08-12,17,AR1 alpha + Enhanced + One-Step,NASDAQ:BBSI,0.004481152888548659
2020-08-13,17,AR1 alpha + Enhanced + One-Step,NASDAQ:BBSI,0.010697034451476345
2020-08-14,17,AR1 alpha + Enhanced + One-Step,NASDAQ:BBSI,0.018558352234864857
2020-08-17,17,AR1 alpha + Enhanced + One-Step,NASDAQ:BBSI,0.018558199994431514
2020-08-18,17,AR1 alpha + Enhanced + One-Step,NASDAQ:BBSI,0.016352345302349157
2020-08-19,17,AR1 alpha + Enhanced + One-Step,NASDAQ:BBSI,0.00876571667787712
2020-08-20,17,AR1 alpha + Enhanced + One-Step,NASDAQ:BBSI,3.026517505870072e-08
2020-08-21,17,AR1 alpha + Enhanced + One-Step,NASDAQ:BBSI,0.0
2020-08-24,17,AR1 alpha + Enhanced + One-Step,NASDAQ:BBSI,0.0
2020-08-25,17,AR1 alpha + Enhanced + One-Step,NASDAQ:BBSI,7.223746899443306e-08
2020-08-26,17,AR1 alpha + Enhanced + One-Step,NASDAQ:BBSI,0.0
2020-08-27,17,AR1 alpha + Enhanced + One-Step,NASDAQ:BBSI,0.0
2020-08-28,17,AR1 alpha + Enhanced + One-Step,NASDAQ:BBSI,3.6673800176091154e-09
2020-08-31,17,AR1 alpha + Enhanced + One-Step,NASDAQ:BBSI,0.0
2020-09-01,17,AR1 alpha + Enhanced + One-Step,NASDAQ:BBSI,0.0
2020-09-02,17,AR1 alpha + Enhanced + One-Step,NASDAQ:BBSI,8.298287697526826e-10
2020-09-03,17,AR1 alpha + Enhanced + One-Step,NASDAQ:BBSI,0.0
2020-09-04,17,AR1 alpha + Enhanced + One-Step,NASDAQ:BBSI,2.5299060289897224e-08
2020-09-08,17,AR1 alpha + Enhanced + One-Step,NASDAQ:BBSI,1.444263396237342e-07
2020-09-09,17,AR1 alpha + Enhanced + One-Step,NASDAQ:BBSI,6.961634125979703e-08
2020-09-10,17,AR1 alpha + Enhanced + One-Step,NASDAQ:BBSI,2.314732352925945e-08
2020-09-11,17,AR1 alpha + Enhanced + One-Step,NASDAQ:BBSI,5.053714328197401e-08
2020-09-14,17,AR1 alpha + Enhanced + One-Step,NASDAQ:BBSI,3.6458061662353617e-07
2020-09-15,17,AR1 alpha + Enhanced + One-Step,NASDAQ:BBSI,1.9210936013166283e-07
2020-09-16,17,AR1 alpha + Enhanced + One-Step,NASDAQ:BBSI,6.8278791624612e-08
2020-09-17,17,AR1 alpha + Enhanced + One-Step,NASDAQ:BBSI,0.0
2020-09-18,17,AR1 alpha + Enhanced + One-Step,NASDAQ:BBSI,5.542562445778872e-09
2020-09-21,17,AR1 alpha + Enhanced + One-Step,NASDAQ:BBSI,0.0
2020-09-22,17,AR1 alpha + Enhanced + One-Step,NASDAQ:BBSI,8.401091765312613e-09
2020-09-23,17,AR1 alpha + Enhanced + One-Step,NASDAQ:BBSI,0.0
2020-09-24,17,AR1 alpha + Enhanced + One-Step,NASDAQ:BBSI,0.0
2020-09-25,17,AR1 alpha + Enhanced + One-Step,NASDAQ:BBSI,0.0
2020-09-28,17,AR1 alpha + Enhanced + One-Step,NASDAQ:BBSI,8.00616603610269e-08
2020-09-29,17,AR1 alpha + Enhanced + One-Step,NASDAQ:BBSI,0.0
2020-09-30,17,AR1 alpha + Enhanced + One-Step,NASDAQ:BBSI,0.0
2020-10-01,17,AR1 alpha + Enhanced + One-Step,NASDAQ:BBSI,7.83789635526541e-09
2020-10-02,17,AR1 alpha + Enhanced + One-Step,NASDAQ:BBSI,1.3019078444588229e-08
2020-10-05,17,AR1 alpha + Enhanced + One-Step,NASDAQ:BBSI,1.2864879632055846e-07
2020-10-06,17,AR1 alpha + Enhanced + One-Step,NASDAQ:BBSI,3.248425265298744e-08
2020-10-07,17,AR1 alpha + Enhanced + One-Step,NASDAQ:BBSI,5.900194507775679e-07
2020-10-08,17,AR1 alpha + Enhanced + One-Step,NASDAQ:BBSI,3.54183740276429e-07
2020-10-09,17,AR1 alpha + Enhanced + One-Step,NASDAQ:BBSI,8.949287672310113e-08
2020-10-12,17,AR1 alpha + Enhanced + One-Step,NASDAQ:BBSI,5.0623575866569257e-08
2020-10-13,17,AR1 alpha + Enhanced + One-Step,NASDAQ:BBSI,2.5279517756823085e-07
2020-10-14,17,AR1 alpha + Enhanced + One-Step,NASDAQ:BBSI,8.455562183251656e-08
2020-10-15,17,AR1 alpha + Enhanced + One-Step,NASDAQ:BBSI,0.0
2020-10-16,17,AR1 alpha + Enhanced + One-Step,NASDAQ:BBSI,0.0
2020-10-19,17,AR1 alpha + Enhanced + One-Step,NASDAQ:BBSI,0.0
2020-10-20,17,AR1 alpha + Enhanced + One-Step,NASDAQ:BBSI,0.0
2020-10-21,17,AR1 alpha + Enhanced + One-Step,NASDAQ:BBSI,0.0
2020-10-22,17,AR1 alpha + Enhanced + One-Step,NASDAQ:BBSI,0.0
2020-10-23,17,AR1 alpha + Enhanced + One-Step,NASDAQ:BBSI,4.0342096285734154e-07
2020-10-26,17,AR1 alpha + Enhanced + One-Step,NASDAQ:BBSI,2.3064232800795126e-07
2020-10-27,17,AR1 alpha + Enhanced + One-Step,NASDAQ:BBSI,3.9118364359754794e-07
2020-10-28,17,AR1 alpha + Enhanced + One-Step,NASDAQ:BBSI,5.952029986328571e-08
2020-10-29,17,AR1 alpha + Enhanced + One-Step,NASDAQ:BBSI,1.7005180644545611e-07
2020-10-30,17,AR1 alpha + Enhanced + One-Step,NASDAQ:BBSI,7.2168733868832725e-09
2020-11-02,17,AR1 alpha + Enhanced + One-Step,NASDAQ:BBSI,4.918290923516223e-07
2020-11-03,17,AR1 alpha + Enhanced + One-Step,NASDAQ:BBSI,0.0
2020-11-04,17,AR1 alpha + Enhanced + One-Step,NASDAQ:BBSI,0.012433502102863266
2020-11-05,17,AR1 alpha + Enhanced + One-Step,NASDAQ:BBSI,0.026347750236602026
2020-11-06,17,AR1 alpha + Enhanced + One-Step,NASDAQ:BBSI,0.02634773496215037
2020-11-09,17,AR1 alpha + Enhanced + One-Step,NASDAQ:BBSI,0.026347775596742232
2020-11-10,17,AR1 alpha + Enhanced + One-Step,NASDAQ:BBSI,0.02634866244665595
2020-11-11,17,AR1 alpha + Enhanced + One-Step,NASDAQ:BBSI,0.030049238677338715
2020-11-12,17,AR1 alpha + Enhanced + One-Step,NASDAQ:BBSI,0.030048939959870007
2020-11-13,17,AR1 alpha + Enhanced + One-Step,NASDAQ:BBSI,0.030048943329289552
2020-11-16,17,AR1 alpha + Enhanced + One-Step,NASDAQ:BBSI,0.030048832903370355
2020-11-17,17,AR1 alpha + Enhanced + One-Step,NASDAQ:BBSI,0.030048580174268757
2020-11-18,17,AR1 alpha + Enhanced + One-Step,NASDAQ:BBSI,0.030047815917506004
2020-11-19,17,AR1 alpha + Enhanced + One-Step,NASDAQ:BBSI,0.030046424763457136
2020-11-20,17,AR1 alpha + Enhanced + One-Step,NASDAQ:BBSI,0.021588066319509075
2020-11-23,17,AR1 alpha + Enhanced + One-Step,NASDAQ:BBSI,0.008558585104350841
2020-11-24,17,AR1 alpha + Enhanced + One-Step,NASDAQ:BBSI,0.008557558177209768
2020-11-25,17,AR1 alpha + Enhanced + One-Step,NASDAQ:BBSI,0.0
2020-11-27,17,AR1 alpha + Enhanced + One-Step,NASDAQ:BBSI,0.0
2020-11-30,17,AR1 alpha + Enhanced + One-Step,NASDAQ:BBSI,0.0
2020-12-01,17,AR1 alpha + Enhanced + One-Step,NASDAQ:BBSI,1.7219850889230837e-07
2020-12-04,17,AR1 alpha + Enhanced + One-Step,NASDAQ:BBSI,1.2708513900284034e-07
2020-12-07,17,AR1 alpha + Enhanced + One-Step,NASDAQ:BBSI,0.0
2020-12-08,17,AR1 alpha + Enhanced + One-Step,NASDAQ:BBSI,1.4908479942841272e-07
2020-12-09,17,AR1 alpha + Enhanced + One-Step,NASDAQ:BBSI,0.0
2020-12-10,17,AR1 alpha + Enhanced + One-Step,NASDAQ:BBSI,5.114796692657656e-08
2020-12-11,17,AR1 alpha + Enhanced + One-Step,NASDAQ:BBSI,0.0
2020-12-14,17,AR1 alpha + Enhanced + One-Step,NASDAQ:BBSI,0.0
2020-12-15,17,AR1 alpha + Enhanced + One-Step,NASDAQ:BBSI,6.628404303644332e-08
2020-12-16,17,AR1 alpha + Enhanced + One-Step,NASDAQ:BBSI,0.0
2020-12-17,17,AR1 alpha + Enhanced + One-Step,NASDAQ:BBSI,1.4364344086174241e-08
2020-12-18,17,AR1 alpha + Enhanced + One-Step,NASDAQ:BBSI,5.824872627579732e-07
2020-12-21,17,AR1 alpha + Enhanced + One-Step,NASDAQ:BBSI,4.397035788212481e-07
2020-12-22,17,AR1 alpha + Enhanced + One-Step,NASDAQ:BBSI,2.488276894150491e-07
2020-12-23,17,AR1 alpha + Enhanced + One-Step,NASDAQ:BBSI,6.142095393056706e-08
2020-12-24,17,AR1 alpha + Enhanced + One-Step,NASDAQ:BBSI,9.11148425591698e-09
2020-12-28,17,AR1 alpha + Enhanced + One-Step,NASDAQ:BBSI,0.0
2020-12-29,17,AR1 alpha + Enhanced + One-Step,NASDAQ:BBSI,0.0
2020-12-30,17,AR1 alpha + Enhanced + One-Step,NASDAQ:BBSI,0.0
2020-12-31,17,AR1 alpha + Enhanced + One-Step,NASDAQ:BBSI,0.0
2021-01-04,17,AR1 alpha + Enhanced + One-Step,NASDAQ:BBSI,9.496040691719235e-09
2021-01-05,17,AR1 alpha + Enhanced + One-Step,NASDAQ:BBSI,1.0005589036552865e-08
2021-01-06,17,AR1 alpha + Enhanced + One-Step,NASDAQ:BBSI,1.2241683246720814e-09
2021-01-07,17,AR1 alpha + Enhanced + One-Step,NASDAQ:BBSI,0.0
2021-01-08,17,AR1 alpha + Enhanced + One-Step,NASDAQ:BBSI,0.0
2021-01-11,17,AR1 alpha + Enhanced + One-Step,NASDAQ:BBSI,2.2267353719837373e-07
2021-01-12,17,AR1 alpha + Enhanced + One-Step,NASDAQ:BBSI,0.0
2021-01-13,17,AR1 alpha + Enhanced + One-Step,NASDAQ:BBSI,0.0
2021-01-14,17,AR1 alpha + Enhanced + One-Step,NASDAQ:BBSI,6.679876594345209e-08
2021-01-15,17,AR1 alpha + Enhanced + One-Step,NASDAQ:BBSI,0.0
2021-01-19,17,AR1 alpha + Enhanced + One-Step,NASDAQ:BBSI,0.0
2021-01-20,17,AR1 alpha + Enhanced + One-Step,NASDAQ:BBSI,1.7172949403605603e-07
2021-01-21,17,AR1 alpha + Enhanced + One-Step,NASDAQ:BBSI,0.0
2021-01-22,17,AR1 alpha + Enhanced + One-Step,NASDAQ:BBSI,0.0
2021-01-25,17,AR1 alpha + Enhanced + One-Step,NASDAQ:BBSI,0.0
2021-01-26,17,AR1 alpha + Enhanced + One-Step,NASDAQ:BBSI,0.0
2021-01-27,17,AR1 alpha + Enhanced + One-Step,NASDAQ:BBSI,5.047569880540167e-08
2021-01-28,17,AR1 alpha + Enhanced + One-Step,NASDAQ:BBSI,8.649753326121734e-07
2021-01-29,17,AR1 alpha + Enhanced + One-Step,NASDAQ:BBSI,2.4647032479344114e-07
2021-02-01,17,AR1 alpha + Enhanced + One-Step,NASDAQ:BBSI,1.8804393656406732e-07
2021-02-02,17,AR1 alpha + Enhanced + One-Step,NASDAQ:BBSI,1.1643698049865067e-07
2021-02-03,17,AR1 alpha + Enhanced + One-Step,NASDAQ:BBSI,0.0
2021-02-04,17,AR1 alpha + Enhanced + One-Step,NASDAQ:BBSI,0.0
2021-02-05,17,AR1 alpha + Enhanced + One-Step,NASDAQ:BBSI,0.0
2021-02-08,17,AR1 alpha + Enhanced + One-Step,NASDAQ:BBSI,2.306271586803813e-07
2021-02-09,17,AR1 alpha + Enhanced + One-Step,NASDAQ:BBSI,9.76973239224387e-08
2021-02-10,17,AR1 alpha + Enhanced + One-Step,NASDAQ:BBSI,5.671462015372792e-07
2021-02-11,17,AR1 alpha + Enhanced + One-Step,NASDAQ:BBSI,4.1126467873214115e-07
2021-02-12,17,AR1 alpha + Enhanced + One-Step,NASDAQ:BBSI,2.1948823810071524e-07
2021-02-16,17,AR1 alpha + Enhanced + One-Step,NASDAQ:BBSI,8.034462425340037e-08
2021-02-17,17,AR1 alpha + Enhanced + One-Step,NASDAQ:BBSI,1.0453436853317712e-07
2021-02-18,17,AR1 alpha + Enhanced + One-Step,NASDAQ:BBSI,1.2255131021268056e-07
2021-02-19,17,AR1 alpha + Enhanced + One-Step,NASDAQ:BBSI,0.0
2021-02-22,17,AR1 alpha + Enhanced + One-Step,NASDAQ:BBSI,4.5325282367295374e-07
2021-02-23,17,AR1 alpha + Enhanced + One-Step,NASDAQ:BBSI,1.153477973586284e-06
2021-02-24,17,AR1 alpha + Enhanced + One-Step,NASDAQ:BBSI,7.931524186937234e-07
2021-02-25,17,AR1 alpha + Enhanced + One-Step,NASDAQ:BBSI,0.0
2021-02-26,17,AR1 alpha + Enhanced + One-Step,NASDAQ:BBSI,1.0917126251305857e-07
2021-03-01,17,AR1 alpha + Enhanced + One-Step,NASDAQ:BBSI,2.535347089874212e-07
2021-03-02,17,AR1 alpha + Enhanced + One-Step,NASDAQ:BBSI,4.2500366179499544e-08
2021-03-03,17,AR1 alpha + Enhanced + One-Step,NASDAQ:BBSI,0.0
2021-03-04,17,AR1 alpha + Enhanced + One-Step,NASDAQ:BBSI,1.9985692001256903e-09
2021-03-05,17,AR1 alpha + Enhanced + One-Step,NASDAQ:BBSI,0.0
2021-03-08,17,AR1 alpha + Enhanced + One-Step,NASDAQ:BBSI,7.0875366753710545e-09
2021-03-09,17,AR1 alpha + Enhanced + One-Step,NASDAQ:BBSI,0.0
2021-03-10,17,AR1 alpha + Enhanced + One-Step,NASDAQ:BBSI,9.280223437714722e-07
2021-03-11,17,AR1 alpha + Enhanced + One-Step,NASDAQ:BBSI,0.0
2021-03-12,17,AR1 alpha + Enhanced + One-Step,NASDAQ:BBSI,0.0
2021-03-15,17,AR1 alpha + Enhanced + One-Step,NASDAQ:BBSI,1.3481640906859212e-06
2021-03-16,17,AR1 alpha + Enhanced + One-Step,NASDAQ:BBSI,9.219485649001407e-07
2021-03-17,17,AR1 alpha + Enhanced + One-Step,NASDAQ:BBSI,1.1805983644834985e-07
2021-03-18,17,AR1 alpha + Enhanced + One-Step,NASDAQ:BBSI,1.4122409229577118e-07
2021-03-19,17,AR1 alpha + Enhanced + One-Step,NASDAQ:BBSI,0.0
2021-03-22,17,AR1 alpha + Enhanced + One-Step,NASDAQ:BBSI,1.5181795296099424e-07
2021-03-23,17,AR1 alpha + Enhanced + One-Step,NASDAQ:BBSI,1.029627393262221e-06
2021-03-24,17,AR1 alpha + Enhanced + One-Step,NASDAQ:BBSI,5.834748774189181e-07
2021-03-25,17,AR1 alpha + Enhanced + One-Step,NASDAQ:BBSI,4.311355494413023e-07
2021-03-26,17,AR1 alpha + Enhanced + One-Step,NASDAQ:BBSI,4.323919901054275e-07
2021-03-29,17,AR1 alpha + Enhanced + One-Step,NASDAQ:BBSI,3.9852919886331124e-07
2021-03-30,17,AR1 alpha + Enhanced + One-Step,NASDAQ:BBSI,2.307548246036412e-08
2021-03-31,17,AR1 alpha + Enhanced + One-Step,NASDAQ:BBSI,0.0
2021-04-01,17,AR1 alpha + Enhanced + One-Step,NASDAQ:BBSI,5.489724148981047e-07
2021-04-05,17,AR1 alpha + Enhanced + One-Step,NASDAQ:BBSI,3.8854148305912326e-07
2021-04-06,17,AR1 alpha + Enhanced + One-Step,NASDAQ:BBSI,2.5420665755417093e-07
2021-04-07,17,AR1 alpha + Enhanced + One-Step,NASDAQ:BBSI,0.0
2021-04-08,17,AR1 alpha + Enhanced + One-Step,NASDAQ:BBSI,0.0
2021-04-09,17,AR1 alpha + Enhanced + One-Step,NASDAQ:BBSI,0.0
2021-04-12,17,AR1 alpha + Enhanced + One-Step,NASDAQ:BBSI,0.0
2021-04-13,17,AR1 alpha + Enhanced + One-Step,NASDAQ:BBSI,0.0
2021-04-14,17,AR1 alpha + Enhanced + One-Step,NASDAQ:BBSI,0.0
2021-04-15,17,AR1 alpha + Enhanced + One-Step,NASDAQ:BBSI,5.333323166755258e-07
2021-04-16,17,AR1 alpha + Enhanced + One-Step,NASDAQ:BBSI,3.4510789916776636e-07
2021-04-19,17,AR1 alpha + Enhanced + One-Step,NASDAQ:BBSI,1.3705324552376877e-07
2021-04-20,17,AR1 alpha + Enhanced + One-Step,NASDAQ:BBSI,0.0
2021-04-21,17,AR1 alpha + Enhanced + One-Step,NASDAQ:BBSI,0.0
2021-04-22,17,AR1 alpha + Enhanced + One-Step,NASDAQ:BBSI,0.0
2021-04-23,17,AR1 alpha + Enhanced + One-Step,NASDAQ:BBSI,0.0
2021-04-26,17,AR1 alpha + Enhanced + One-Step,NASDAQ:BBSI,0.0
2021-04-27,17,AR1 alpha + Enhanced + One-Step,NASDAQ:BBSI,0.0
2021-04-28,17,AR1 alpha + Enhanced + One-Step,NASDAQ:BBSI,0.0
2021-04-29,17,AR1 alpha + Enhanced + One-Step,NASDAQ:BBSI,0.0
2021-04-30,17,AR1 alpha + Enhanced + One-Step,NASDAQ:BBSI,0.0
2021-05-03,17,AR1 alpha + Enhanced + One-Step,NASDAQ:BBSI,3.202035685761864e-06
2021-05-04,17,AR1 alpha + Enhanced + One-Step,NASDAQ:BBSI,1.8596993292557438e-06
2021-05-05,17,AR1 alpha + Enhanced + One-Step,NASDAQ:BBSI,1.1293954620081535e-06
2021-05-06,17,AR1 alpha + Enhanced + One-Step,NASDAQ:BBSI,1.8785452078668451e-06
2021-05-07,17,AR1 alpha + Enhanced + One-Step,NASDAQ:BBSI,1.143149458588743e-06
2021-05-10,17,AR1 alpha + Enhanced + One-Step,NASDAQ:BBSI,9.385122282769795e-07
2021-05-11,17,AR1 alpha + Enhanced + One-Step,NASDAQ:BBSI,6.445331833466582e-07
2021-05-12,17,AR1 alpha + Enhanced + One-Step,NASDAQ:BBSI,3.542978508515506e-07
2021-05-13,17,AR1 alpha + Enhanced + One-Step,NASDAQ:BBSI,0.0
2021-05-14,17,AR1 alpha + Enhanced + One-Step,NASDAQ:BBSI,7.529990113396255e-09
2021-05-17,17,AR1 alpha + Enhanced + One-Step,NASDAQ:BBSI,0.0
2021-05-18,17,AR1 alpha + Enhanced + One-Step,NASDAQ:BBSI,5.146415993522476e-07
2021-05-19,17,AR1 alpha + Enhanced + One-Step,NASDAQ:BBSI,1.212361633719986e-06
2021-05-20,17,AR1 alpha + Enhanced + One-Step,NASDAQ:BBSI,8.640170654275928e-07
2021-05-21,17,AR1 alpha + Enhanced + One-Step,NASDAQ:BBSI,6.703716919074708e-07
2021-05-24,17,AR1 alpha + Enhanced + One-Step,NASDAQ:BBSI,0.0
2021-05-25,17,AR1 alpha + Enhanced + One-Step,NASDAQ:BBSI,0.0
2021-05-26,17,AR1 alpha + Enhanced + One-Step,NASDAQ:BBSI,0.0
2021-05-27,17,AR1 alpha + Enhanced + One-Step,NASDAQ:BBSI,0.0
2021-05-28,17,AR1 alpha + Enhanced + One-Step,NASDAQ:BBSI,0.0
2021-06-01,17,AR1 alpha + Enhanced + One-Step,NASDAQ:BBSI,0.0
2021-06-02,17,AR1 alpha + Enhanced + One-Step,NASDAQ:BBSI,0.0
2021-06-03,17,AR1 alpha + Enhanced + One-Step,NASDAQ:BBSI,0.0
2021-06-04,17,AR1 alpha + Enhanced + One-Step,NASDAQ:BBSI,0.0
2021-06-07,17,AR1 alpha + Enhanced + One-Step,NASDAQ:BBSI,0.0
2021-06-08,17,AR1 alpha + Enhanced + One-Step,NASDAQ:BBSI,0.0
2021-06-09,17,AR1 alpha + Enhanced + One-Step,NASDAQ:BBSI,0.0
2021-06-10,17,AR1 alpha + Enhanced + One-Step,NASDAQ:BBSI,0.0
2021-06-11,17,AR1 alpha + Enhanced + One-Step,NASDAQ:BBSI,0.0
2021-06-14,17,AR1 alpha + Enhanced + One-Step,NASDAQ:BBSI,0.0
2021-06-15,17,AR1 alpha + Enhanced + One-Step,NASDAQ:BBSI,0.0
2021-06-16,17,AR1 alpha + Enhanced + One-Step,NASDAQ:BBSI,0.0
2021-06-17,17,AR1 alpha + Enhanced + One-Step,NASDAQ:BBSI,0.0
2021-06-18,17,AR1 alpha + Enhanced + One-Step,NASDAQ:BBSI,0.0
2021-06-21,17,AR1 alpha + Enhanced + One-Step,NASDAQ:BBSI,2.633165352100918e-07
2021-06-22,17,AR1 alpha + Enhanced + One-Step,NASDAQ:BBSI,0.0
2021-06-23,17,AR1 alpha + Enhanced + One-Step,NASDAQ:BBSI,0.0
2021-06-24,17,AR1 alpha + Enhanced + One-Step,NASDAQ:BBSI,1.6704035185544222e-06
2021-06-25,17,AR1 alpha + Enhanced + One-Step,NASDAQ:BBSI,1.9191760941780786e-06
2021-06-28,17,AR1 alpha + Enhanced + One-Step,NASDAQ:BBSI,1.0910978721310874e-06
2021-06-29,17,AR1 alpha + Enhanced + One-Step,NASDAQ:BBSI,8.653952020298556e-09
2021-06-30,17,AR1 alpha + Enhanced + One-Step,NASDAQ:BBSI,0.0
2021-07-01,17,AR1 alpha + Enhanced + One-Step,NASDAQ:BBSI,0.0
2021-07-02,17,AR1 alpha + Enhanced + One-Step,NASDAQ:BBSI,0.0
2021-07-06,17,AR1 alpha + Enhanced + One-Step,NASDAQ:BBSI,0.0
2021-07-07,17,AR1 alpha + Enhanced + One-Step,NASDAQ:BBSI,8.973411698597936e-07
2021-07-08,17,AR1 alpha + Enhanced + One-Step,NASDAQ:BBSI,4.5466762958471834e-07
2021-07-09,17,AR1 alpha + Enhanced + One-Step,NASDAQ:BBSI,0.0
2021-07-12,17,AR1 alpha + Enhanced + One-Step,NASDAQ:BBSI,0.0
2021-07-13,17,AR1 alpha + Enhanced + One-Step,NASDAQ:BBSI,0.0
2021-07-14,17,AR1 alpha + Enhanced + One-Step,NASDAQ:BBSI,0.0
2021-07-15,17,AR1 alpha + Enhanced + One-Step,NASDAQ:BBSI,0.0
2021-07-16,17,AR1 alpha + Enhanced + One-Step,NASDAQ:BBSI,0.0
2021-07-19,17,AR1 alpha + Enhanced + One-Step,NASDAQ:BBSI,0.0
2021-07-20,17,AR1 alpha + Enhanced + One-Step,NASDAQ:BBSI,0.0
2021-07-21,17,AR1 alpha + Enhanced + One-Step,NASDAQ:BBSI,3.810366482817463e-07
2021-07-22,17,AR1 alpha + Enhanced + One-Step,NASDAQ:BBSI,0.0
2021-07-23,17,AR1 alpha + Enhanced + One-Step,NASDAQ:BBSI,0.0
2021-07-26,17,AR1 alpha + Enhanced + One-Step,NASDAQ:BBSI,0.0
2021-07-27,17,AR1 alpha + Enhanced + One-Step,NASDAQ:BBSI,0.0
2021-07-28,17,AR1 alpha + Enhanced + One-Step,NASDAQ:BBSI,0.0
2021-07-29,17,AR1 alpha + Enhanced + One-Step,NASDAQ:BBSI,0.0
2021-07-30,17,AR1 alpha + Enhanced + One-Step,NASDAQ:BBSI,0.0
2021-08-02,17,AR1 alpha + Enhanced + One-Step,NASDAQ:BBSI,0.0
2021-08-03,17,AR1 alpha + Enhanced + One-Step,NASDAQ:BBSI,0.0
2021-08-04,17,AR1 alpha + Enhanced + One-Step,NASDAQ:BBSI,0.0
2021-08-05,17,AR1 alpha + Enhanced + One-Step,NASDAQ:BBSI,0.0
2021-08-06,17,AR1 alpha + Enhanced + One-Step,NASDAQ:BBSI,0.0
2021-08-09,17,AR1 alpha + Enhanced + One-Step,NASDAQ:BBSI,0.0
2021-08-10,17,AR1 alpha + Enhanced + One-Step,NASDAQ:BBSI,0.0
2021-08-11,17,AR1 alpha + Enhanced + One-Step,NASDAQ:BBSI,0.0
2021-08-12,17,AR1 alpha + Enhanced + One-Step,NASDAQ:BBSI,0.0
2021-08-13,17,AR1 alpha + Enhanced + One-Step,NASDAQ:BBSI,1.6702243412983335e-07
2021-08-16,17,AR1 alpha + Enhanced + One-Step,NASDAQ:BBSI,1.1832290891607594e-06
2021-08-17,17,AR1 alpha + Enhanced + One-Step,NASDAQ:BBSI,1.0865371620399105e-06
2021-08-18,17,AR1 alpha + Enhanced + One-Step,NASDAQ:BBSI,9.614491260524452e-07
2021-08-19,17,AR1 alpha + Enhanced + One-Step,NASDAQ:BBSI,1.9943759966564646e-06
2021-08-20,17,AR1 alpha + Enhanced + One-Step,NASDAQ:BBSI,0.0
2021-08-23,17,AR1 alpha + Enhanced + One-Step,NASDAQ:BBSI,0.0
2021-08-24,17,AR1 alpha + Enhanced + One-Step,NASDAQ:BBSI,1.878053697054563e-09
2021-08-25,17,AR1 alpha + Enhanced + One-Step,NASDAQ:BBSI,2.0472588038907262e-08
2021-08-26,17,AR1 alpha + Enhanced + One-Step,NASDAQ:BBSI,0.0
2021-08-27,17,AR1 alpha + Enhanced + One-Step,NASDAQ:BBSI,0.0
2021-08-30,17,AR1 alpha + Enhanced + One-Step,NASDAQ:BBSI,0.0
2021-08-31,17,AR1 alpha + Enhanced + One-Step,NASDAQ:BBSI,2.463133358661492e-09
2021-09-01,17,AR1 alpha + Enhanced + One-Step,NASDAQ:BBSI,0.0
2021-09-02,17,AR1 alpha + Enhanced + One-Step,NASDAQ:BBSI,0.0
2021-09-03,17,AR1 alpha + Enhanced + One-Step,NASDAQ:BBSI,0.0
2021-09-07,17,AR1 alpha + Enhanced + One-Step,NASDAQ:BBSI,0.0
2021-09-08,17,AR1 alpha + Enhanced + One-Step,NASDAQ:BBSI,0.0
2021-09-09,17,AR1 alpha + Enhanced + One-Step,NASDAQ:BBSI,0.0
2021-09-10,17,AR1 alpha + Enhanced + One-Step,NASDAQ:BBSI,0.0
2021-09-13,17,AR1 alpha + Enhanced + One-Step,NASDAQ:BBSI,4.105768224129606e-07
2021-09-14,17,AR1 alpha + Enhanced + One-Step,NASDAQ:BBSI,1.5661643606106565e-07
2021-09-15,17,AR1 alpha + Enhanced + One-Step,NASDAQ:BBSI,0.0
2021-09-16,17,AR1 alpha + Enhanced + One-Step,NASDAQ:BBSI,0.0
2021-09-17,17,AR1 alpha + Enhanced + One-Step,NASDAQ:BBSI,0.0
2021-09-20,17,AR1 alpha + Enhanced + One-Step,NASDAQ:BBSI,0.0
2021-09-21,17,AR1 alpha + Enhanced + One-Step,NASDAQ:BBSI,0.0
2021-09-22,17,AR1 alpha + Enhanced + One-Step,NASDAQ:BBSI,0.0
2021-09-23,17,AR1 alpha + Enhanced + One-Step,NASDAQ:BBSI,5.282434817489355e-07
2021-09-24,17,AR1 alpha + Enhanced + One-Step,NASDAQ:BBSI,0.0
2021-09-27,17,AR1 alpha + Enhanced + One-Step,NASDAQ:BBSI,2.354743161261999e-08
2021-09-28,17,AR1 alpha + Enhanced + One-Step,NASDAQ:BBSI,0.0
2021-09-29,17,AR1 alpha + Enhanced + One-Step,NASDAQ:BBSI,3.788060435547189e-07
2021-09-30,17,AR1 alpha + Enhanced + One-Step,NASDAQ:BBSI,2.3113626270775443e-07
2021-10-01,17,AR1 alpha + Enhanced + One-Step,NASDAQ:BBSI,1.7656539450360393e-07
2021-10-04,17,AR1 alpha + Enhanced + One-Step,NASDAQ:BBSI,1.6130480531012423e-07
2021-10-05,17,AR1 alpha + Enhanced + One-Step,NASDAQ:BBSI,0.0
2021-10-06,17,AR1 alpha + Enhanced + One-Step,NASDAQ:BBSI,0.0
2021-10-07,17,AR1 alpha + Enhanced + One-Step,NASDAQ:BBSI,0.0
2021-10-08,17,AR1 alpha + Enhanced + One-Step,NASDAQ:BBSI,0.0
2021-10-11,17,AR1 alpha + Enhanced + One-Step,NASDAQ:BBSI,0.0
2021-10-12,17,AR1 alpha + Enhanced + One-Step,NASDAQ:BBSI,2.448324366610838e-07
2021-10-13,17,AR1 alpha + Enhanced + One-Step,NASDAQ:BBSI,2.13144475236361e-07
2021-10-14,17,AR1 alpha + Enhanced + One-Step,NASDAQ:BBSI,8.462518110078946e-08
2021-10-15,17,AR1 alpha + Enhanced + One-Step,NASDAQ:BBSI,0.0
2021-10-18,17,AR1 alpha + Enhanced + One-Step,NASDAQ:BBSI,0.0
2021-10-19,17,AR1 alpha + Enhanced + One-Step,NASDAQ:BBSI,0.0
2021-10-20,17,AR1 alpha + Enhanced + One-Step,NASDAQ:BBSI,1.9821879300592253e-07
2021-10-21,17,AR1 alpha + Enhanced + One-Step,NASDAQ:BBSI,1.5043313594233272e-07
2021-10-22,17,AR1 alpha + Enhanced + One-Step,NASDAQ:BBSI,0.0
2021-10-25,17,AR1 alpha + Enhanced + One-Step,NASDAQ:BBSI,0.0
2021-10-26,17,AR1 alpha + Enhanced + One-Step,NASDAQ:BBSI,0.0
2021-10-27,17,AR1 alpha + Enhanced + One-Step,NASDAQ:BBSI,1.267249432610307e-08
2021-10-28,17,AR1 alpha + Enhanced + One-Step,NASDAQ:BBSI,1.1009642031395905e-07
2021-10-29,17,AR1 alpha + Enhanced + One-Step,NASDAQ:BBSI,0.0
2021-11-01,17,AR1 alpha + Enhanced + One-Step,NASDAQ:BBSI,0.0
2021-11-02,17,AR1 alpha + Enhanced + One-Step,NASDAQ:BBSI,0.0
2021-11-03,17,AR1 alpha + Enhanced + One-Step,NASDAQ:BBSI,1.011273253173702e-06
2021-11-04,17,AR1 alpha + Enhanced + One-Step,NASDAQ:BBSI,1.5915680509222042e-08
2021-11-05,17,AR1 alpha + Enhanced + One-Step,NASDAQ:BBSI,0.0
2021-11-08,17,AR1 alpha + Enhanced + One-Step,NASDAQ:BBSI,0.0
2021-11-09,17,AR1 alpha + Enhanced + One-Step,NASDAQ:BBSI,0.0
2021-11-10,17,AR1 alpha + Enhanced + One-Step,NASDAQ:BBSI,1.1081017016291061e-06
2021-11-11,17,AR1 alpha + Enhanced + One-Step,NASDAQ:BBSI,7.720169702588096e-07
2021-11-12,17,AR1 alpha + Enhanced + One-Step,NASDAQ:BBSI,6.786017107306393e-07
2021-11-15,17,AR1 alpha + Enhanced + One-Step,NASDAQ:BBSI,9.102576436803643e-07
2021-11-16,17,AR1 alpha + Enhanced + One-Step,NASDAQ:BBSI,0.0
2021-11-17,17,AR1 alpha + Enhanced + One-Step,NASDAQ:BBSI,0.0
2021-11-18,17,AR1 alpha + Enhanced + One-Step,NASDAQ:BBSI,0.0
2021-11-19,17,AR1 alpha + Enhanced + One-Step,NASDAQ:BBSI,2.4540530448133117e-07
2021-11-22,17,AR1 alpha + Enhanced + One-Step,NASDAQ:BBSI,3.6938738743321484e-07
2021-11-23,17,AR1 alpha + Enhanced + One-Step,NASDAQ:BBSI,0.0
2021-11-24,17,AR1 alpha + Enhanced + One-Step,NASDAQ:BBSI,0.0
2021-11-26,17,AR1 alpha + Enhanced + One-Step,NASDAQ:BBSI,0.0
2021-11-29,17,AR1 alpha + Enhanced + One-Step,NASDAQ:BBSI,1.5262660215884413e-09
2021-11-30,17,AR1 alpha + Enhanced + One-Step,NASDAQ:BBSI,0.0
2021-12-01,17,AR1 alpha + Enhanced + One-Step,NASDAQ:BBSI,0.0
2021-12-02,17,AR1 alpha + Enhanced + One-Step,NASDAQ:BBSI,0.0
2021-12-03,17,AR1 alpha + Enhanced + One-Step,NASDAQ:BBSI,5.434253284681903e-08
2021-12-06,17,AR1 alpha + Enhanced + One-Step,NASDAQ:BBSI,0.0
2021-12-07,17,AR1 alpha + Enhanced + One-Step,NASDAQ:BBSI,0.0
2021-12-08,17,AR1 alpha + Enhanced + One-Step,NASDAQ:BBSI,0.0
2021-12-09,17,AR1 alpha + Enhanced + One-Step,NASDAQ:BBSI,0.0
2021-12-10,17,AR1 alpha + Enhanced + One-Step,NASDAQ:BBSI,0.0
2021-12-13,17,AR1 alpha + Enhanced + One-Step,NASDAQ:BBSI,0.0
2021-12-14,17,AR1 alpha + Enhanced + One-Step,NASDAQ:BBSI,0.0
2021-12-15,17,AR1 alpha + Enhanced + One-Step,NASDAQ:BBSI,3.1307992480402446e-07
2021-12-16,17,AR1 alpha + Enhanced + One-Step,NASDAQ:BBSI,2.982181065136283e-07
2021-12-17,17,AR1 alpha + Enhanced + One-Step,NASDAQ:BBSI,6.878472563646654e-08
2021-12-20,17,AR1 alpha + Enhanced + One-Step,NASDAQ:BBSI,0.0
2021-12-21,17,AR1 alpha + Enhanced + One-Step,NASDAQ:BBSI,1.9740468067335166e-07
2021-12-22,17,AR1 alpha + Enhanced + One-Step,NASDAQ:BBSI,2.4751503103481296e-08
2021-12-23,17,AR1 alpha + Enhanced + One-Step,NASDAQ:BBSI,4.250503778604832e-07
2021-12-27,17,AR1 alpha + Enhanced + One-Step,NASDAQ:BBSI,4.192257148202218e-07
2021-12-28,17,AR1 alpha + Enhanced + One-Step,NASDAQ:BBSI,3.4648015878018485e-07
2021-12-29,17,AR1 alpha + Enhanced + One-Step,NASDAQ:BBSI,6.125614249258979e-07
2021-12-30,17,AR1 alpha + Enhanced + One-Step,NASDAQ:BBSI,4.3645095297990296e-07
2021-12-31,17,AR1 alpha + Enhanced + One-Step,NASDAQ:BBSI,2.522259330247212e-07
2022-01-03,17,AR1 alpha + Enhanced + One-Step,NASDAQ:BBSI,2.574224963251314e-07
2022-01-04,17,AR1 alpha + Enhanced + One-Step,NASDAQ:BBSI,2.3431571595143629e-07
2022-01-05,17,AR1 alpha + Enhanced + One-Step,NASDAQ:BBSI,1.6198198120502592e-07
2022-01-06,17,AR1 alpha + Enhanced + One-Step,NASDAQ:BBSI,1.3434314854561146e-07
2022-01-07,17,AR1 alpha + Enhanced + One-Step,NASDAQ:BBSI,3.024258613818999e-08
2022-01-10,17,AR1 alpha + Enhanced + One-Step,NASDAQ:BBSI,0.0
2022-01-11,17,AR1 alpha + Enhanced + One-Step,NASDAQ:BBSI,0.0
2022-01-12,17,AR1 alpha + Enhanced + One-Step,NASDAQ:BBSI,0.0
2022-01-13,17,AR1 alpha + Enhanced + One-Step,NASDAQ:BBSI,0.0
2022-01-14,17,AR1 alpha + Enhanced + One-Step,NASDAQ:BBSI,0.0
2022-01-18,17,AR1 alpha + Enhanced + One-Step,NASDAQ:BBSI,1.684322516549699e-07
2022-01-19,17,AR1 alpha + Enhanced + One-Step,NASDAQ:BBSI,0.0
2022-01-20,17,AR1 alpha + Enhanced + One-Step,NASDAQ:BBSI,4.9702422779473195e-08
2022-01-21,17,AR1 alpha + Enhanced + One-Step,NASDAQ:BBSI,0.0
2022-01-24,17,AR1 alpha + Enhanced + One-Step,NASDAQ:BBSI,0.0
2022-01-25,17,AR1 alpha + Enhanced + One-Step,NASDAQ:BBSI,9.343949704152653e-08
2022-01-26,17,AR1 alpha + Enhanced + One-Step,NASDAQ:BBSI,1.880925839708571e-07
2022-01-27,17,AR1 alpha + Enhanced + One-Step,NASDAQ:BBSI,0.0
2022-01-28,17,AR1 alpha + Enhanced + One-Step,NASDAQ:BBSI,0.0
2022-01-31,17,AR1 alpha + Enhanced + One-Step,NASDAQ:BBSI,4.750172603071814e-07
2022-02-01,17,AR1 alpha + Enhanced + One-Step,NASDAQ:BBSI,4.1733469698860294e-07
2022-02-02,17,AR1 alpha + Enhanced + One-Step,NASDAQ:BBSI,2.5942862527690113e-07
2022-02-03,17,AR1 alpha + Enhanced + One-Step,NASDAQ:BBSI,0.0
2022-02-04,17,AR1 alpha + Enhanced + One-Step,NASDAQ:BBSI,0.0
2022-02-07,17,AR1 alpha + Enhanced + One-Step,NASDAQ:BBSI,0.0
2022-02-08,17,AR1 alpha + Enhanced + One-Step,NASDAQ:BBSI,4.967654109758299e-09
2022-02-09,17,AR1 alpha + Enhanced + One-Step,NASDAQ:BBSI,1.8464735738245172e-08
2022-02-10,17,AR1 alpha + Enhanced + One-Step,NASDAQ:BBSI,1.6486014854184546e-08
2022-02-11,17,AR1 alpha + Enhanced + One-Step,NASDAQ:BBSI,4.3027954137028023e-07
2022-02-14,17,AR1 alpha + Enhanced + One-Step,NASDAQ:BBSI,2.1425701798531763e-07
2022-02-15,17,AR1 alpha + Enhanced + One-Step,NASDAQ:BBSI,1.5097338208615074e-07
2022-02-16,17,AR1 alpha + Enhanced + One-Step,NASDAQ:BBSI,1.944009847451063e-07
2022-02-17,17,AR1 alpha + Enhanced + One-Step,NASDAQ:BBSI,6.616528587201238e-08
2022-02-18,17,AR1 alpha + Enhanced + One-Step,NASDAQ:BBSI,9.149787389831525e-08
2022-02-22,17,AR1 alpha + Enhanced + One-Step,NASDAQ:BBSI,0.0
2022-02-23,17,AR1 alpha + Enhanced + One-Step,NASDAQ:BBSI,8.714337965734582e-09
2022-02-24,17,AR1 alpha + Enhanced + One-Step,NASDAQ:BBSI,0.0
2022-02-25,17,AR1 alpha + Enhanced + One-Step,NASDAQ:BBSI,6.699943255450035e-08
2022-02-28,17,AR1 alpha + Enhanced + One-Step,NASDAQ:BBSI,6.599795103012159e-08
2022-03-01,17,AR1 alpha + Enhanced + One-Step,NASDAQ:BBSI,1.431442761123938e-07
2022-03-02,17,AR1 alpha + Enhanced + One-Step,NASDAQ:BBSI,2.5685231951652748e-08
2022-03-03,17,AR1 alpha + Enhanced + One-Step,NASDAQ:BBSI,1.2458508500362337e-10
2022-03-04,17,AR1 alpha + Enhanced + One-Step,NASDAQ:BBSI,0.0
2022-03-07,17,AR1 alpha + Enhanced + One-Step,NASDAQ:BBSI,1.22189969673342e-06
2022-03-08,17,AR1 alpha + Enhanced + One-Step,NASDAQ:BBSI,7.49749907655422e-07
2022-03-09,17,AR1 alpha + Enhanced + One-Step,NASDAQ:BBSI,3.3177192429571885e-07
2022-03-10,17,AR1 alpha + Enhanced + One-Step,NASDAQ:BBSI,2.8380413266796314e-07
2022-03-11,17,AR1 alpha + Enhanced + One-Step,NASDAQ:BBSI,0.0
2022-03-14,17,AR1 alpha + Enhanced + One-Step,NASDAQ:BBSI,0.0
2022-03-15,17,AR1 alpha + Enhanced + One-Step,NASDAQ:BBSI,0.0
2022-03-16,17,AR1 alpha + Enhanced + One-Step,NASDAQ:BBSI,1.1563645765920481e-08
2022-03-17,17,AR1 alpha + Enhanced + One-Step,NASDAQ:BBSI,1.0281537562443716e-07
2022-03-18,17,AR1 alpha + Enhanced + One-Step,NASDAQ:BBSI,4.830502370199685e-08
2022-03-21,17,AR1 alpha + Enhanced + One-Step,NASDAQ:BBSI,1.6085799889619248e-07
2022-03-22,17,AR1 alpha + Enhanced + One-Step,NASDAQ:BBSI,1.1432958876972007e-07
2022-03-23,17,AR1 alpha + Enhanced + One-Step,NASDAQ:BBSI,5.585663454424569e-08
2022-03-24,17,AR1 alpha + Enhanced + One-Step,NASDAQ:BBSI,2.0747152473970486e-07
2022-03-25,17,AR1 alpha + Enhanced + One-Step,NASDAQ:BBSI,0.0
2022-03-28,17,AR1 alpha + Enhanced + One-Step,NASDAQ:BBSI,1.6578157957604308e-07
2022-03-29,17,AR1 alpha + Enhanced + One-Step,NASDAQ:BBSI,0.0
2022-03-30,17,AR1 alpha + Enhanced + One-Step,NASDAQ:BBSI,2.0969225591156687e-09
2022-03-31,17,AR1 alpha + Enhanced + One-Step,NASDAQ:BBSI,0.0
2022-04-01,17,AR1 alpha + Enhanced + One-Step,NASDAQ:BBSI,0.0
2022-04-04,17,AR1 alpha + Enhanced + One-Step,NASDAQ:BBSI,0.0
2022-04-05,17,AR1 alpha + Enhanced + One-Step,NASDAQ:BBSI,0.0
2022-04-06,17,AR1 alpha + Enhanced + One-Step,NASDAQ:BBSI,0.0
2022-04-07,17,AR1 alpha + Enhanced + One-Step,NASDAQ:BBSI,0.0
2022-04-08,17,AR1 alpha + Enhanced + One-Step,NASDAQ:BBSI,1.968160240009295e-07
2022-04-11,17,AR1 alpha + Enhanced + One-Step,NASDAQ:BBSI,0.0
2022-04-12,17,AR1 alpha + Enhanced + One-Step,NASDAQ:BBSI,0.0
2022-04-13,17,AR1 alpha + Enhanced + One-Step,NASDAQ:BBSI,4.456601670610229e-08
2022-04-14,17,AR1 alpha + Enhanced + One-Step,NASDAQ:BBSI,0.0
2022-04-18,17,AR1 alpha + Enhanced + One-Step,NASDAQ:BBSI,0.0
2022-04-19,17,AR1 alpha + Enhanced + One-Step,NASDAQ:BBSI,0.0
2022-04-20,17,AR1 alpha + Enhanced + One-Step,NASDAQ:BBSI,0.0
2022-04-21,17,AR1 alpha + Enhanced + One-Step,NASDAQ:BBSI,1.4322073913580505e-07
2022-04-22,17,AR1 alpha + Enhanced + One-Step,NASDAQ:BBSI,0.0
2022-04-25,17,AR1 alpha + Enhanced + One-Step,NASDAQ:BBSI,0.0
2022-04-26,17,AR1 alpha + Enhanced + One-Step,NASDAQ:BBSI,1.0660933715089874e-07
2022-04-27,17,AR1 alpha + Enhanced + One-Step,NASDAQ:BBSI,1.107306008263676e-07
2022-04-28,17,AR1 alpha + Enhanced + One-Step,NASDAQ:BBSI,0.0
2022-04-29,17,AR1 alpha + Enhanced + One-Step,NASDAQ:BBSI,0.0
2022-05-02,17,AR1 alpha + Enhanced + One-Step,NASDAQ:BBSI,0.0
2022-05-03,17,AR1 alpha + Enhanced + One-Step,NASDAQ:BBSI,0.0
2022-05-04,17,AR1 alpha + Enhanced + One-Step,NASDAQ:BBSI,8.255313585801973e-09
2022-05-05,17,AR1 alpha + Enhanced + One-Step,NASDAQ:BBSI,0.02413249048520692
2022-05-06,17,AR1 alpha + Enhanced + One-Step,NASDAQ:BBSI,0.024130883519567933
2022-05-09,17,AR1 alpha + Enhanced + One-Step,NASDAQ:BBSI,0.024131016413567692
2022-05-10,17,AR1 alpha + Enhanced + One-Step,NASDAQ:BBSI,0.02412764136649024
2022-05-11,17,AR1 alpha + Enhanced + One-Step,NASDAQ:BBSI,0.01317205550035993
2022-05-12,17,AR1 alpha + Enhanced + One-Step,NASDAQ:BBSI,0.013169129829316867
2022-05-13,17,AR1 alpha + Enhanced + One-Step,NASDAQ:BBSI,0.013167043803389716
2022-05-16,17,AR1 alpha + Enhanced + One-Step,NASDAQ:BBSI,0.012947244917575984
2022-05-17,17,AR1 alpha + Enhanced + One-Step,NASDAQ:BBSI,0.012945967255404403
2022-05-18,17,AR1 alpha + Enhanced + One-Step,NASDAQ:BBSI,0.00637489580601249
2022-05-19,17,AR1 alpha + Enhanced + One-Step,NASDAQ:BBSI,0.006374699449672854
2022-05-20,17,AR1 alpha + Enhanced + One-Step,NASDAQ:BBSI,0.006374704658531968
2022-05-23,17,AR1 alpha + Enhanced + One-Step,NASDAQ:BBSI,0.006374523765242991
2022-05-24,17,AR1 alpha + Enhanced + One-Step,NASDAQ:BBSI,0.006374413609066869
2022-05-25,17,AR1 alpha + Enhanced + One-Step,NASDAQ:BBSI,0.0063738941536091625
2022-05-26,17,AR1 alpha + Enhanced + One-Step,NASDAQ:BBSI,0.006373947131787995
2022-05-27,17,AR1 alpha + Enhanced + One-Step,NASDAQ:BBSI,0.006372830624751914
2022-05-31,17,AR1 alpha + Enhanced + One-Step,NASDAQ:BBSI,0.006372795796609196
2022-06-01,17,AR1 alpha + Enhanced + One-Step,NASDAQ:BBSI,0.006373153214481092
2022-06-02,17,AR1 alpha + Enhanced + One-Step,NASDAQ:BBSI,0.013282487395880446
2022-06-03,17,AR1 alpha + Enhanced + One-Step,NASDAQ:BBSI,0.014125106566154927
2022-06-06,17,AR1 alpha + Enhanced + One-Step,NASDAQ:BBSI,0.014124933037019007
2022-06-07,17,AR1 alpha + Enhanced + One-Step,NASDAQ:BBSI,0.027076355034051428
2022-06-08,17,AR1 alpha + Enhanced + One-Step,NASDAQ:BBSI,0.02707615510281936
2022-06-09,17,AR1 alpha + Enhanced + One-Step,NASDAQ:BBSI,0.02707555973670905
2022-06-10,17,AR1 alpha + Enhanced + One-Step,NASDAQ:BBSI,0.01669550168516343
2022-06-13,17,AR1 alpha + Enhanced + One-Step,NASDAQ:BBSI,0.01669510737268459
2022-06-14,17,AR1 alpha + Enhanced + One-Step,NASDAQ:BBSI,0.014882556173902085
2022-06-15,17,AR1 alpha + Enhanced + One-Step,NASDAQ:BBSI,0.01488194536323943
2022-06-16,17,AR1 alpha + Enhanced + One-Step,NASDAQ:BBSI,0.0033465388903191257
2022-06-17,17,AR1 alpha + Enhanced + One-Step,NASDAQ:BBSI,0.003346219781920637
2022-06-21,17,AR1 alpha + Enhanced + One-Step,NASDAQ:BBSI,0.00447050436054655
2022-06-22,17,AR1 alpha + Enhanced + One-Step,NASDAQ:BBSI,0.01057625960774412
2022-06-23,17,AR1 alpha + Enhanced + One-Step,NASDAQ:BBSI,0.010576232062751642
2022-06-24,17,AR1 alpha + Enhanced + One-Step,NASDAQ:BBSI,0.012932973183554037
2022-06-27,17,AR1 alpha + Enhanced + One-Step,NASDAQ:BBSI,0.012933331292184025
2022-06-28,17,AR1 alpha + Enhanced + One-Step,NASDAQ:BBSI,0.012933316889481074
2022-06-29,17,AR1 alpha + Enhanced + One-Step,NASDAQ:BBSI,0.01293320582053315
2022-06-30,17,AR1 alpha + Enhanced + One-Step,NASDAQ:BBSI,0.014199237724707504
2022-07-01,17,AR1 alpha + Enhanced + One-Step,NASDAQ:BBSI,0.014198907481227686
2022-07-05,17,AR1 alpha + Enhanced + One-Step,NASDAQ:BBSI,0.015974587966171565
2022-07-06,17,AR1 alpha + Enhanced + One-Step,NASDAQ:BBSI,0.024714332190818453
2022-07-07,17,AR1 alpha + Enhanced + One-Step,NASDAQ:BBSI,0.024713848782605116
2022-07-08,17,AR1 alpha + Enhanced + One-Step,NASDAQ:BBSI,0.03983832288408643
2022-07-11,17,AR1 alpha + Enhanced + One-Step,NASDAQ:BBSI,0.04850397785142095
2022-07-12,17,AR1 alpha + Enhanced + One-Step,NASDAQ:BBSI,0.048503821026212285
2022-07-13,17,AR1 alpha + Enhanced + One-Step,NASDAQ:BBSI,0.048503552058082405
2022-07-14,17,AR1 alpha + Enhanced + One-Step,NASDAQ:BBSI,0.04850356814968543
2022-07-15,17,AR1 alpha + Enhanced + One-Step,NASDAQ:BBSI,0.04850359835461814
2022-07-18,17,AR1 alpha + Enhanced + One-Step,NASDAQ:BBSI,0.048503389397663244
2022-07-19,17,AR1 alpha + Enhanced + One-Step,NASDAQ:BBSI,0.06078947265273632
2022-07-20,17,AR1 alpha + Enhanced + One-Step,NASDAQ:BBSI,0.0714512524689773
2022-07-21,17,AR1 alpha + Enhanced + One-Step,NASDAQ:BBSI,0.0714511794614386
2022-07-22,17,AR1 alpha + Enhanced + One-Step,NASDAQ:BBSI,0.0777195056690051
2022-07-25,17,AR1 alpha + Enhanced + One-Step,NASDAQ:BBSI,0.08134730343186745
2022-07-26,17,AR1 alpha + Enhanced + One-Step,NASDAQ:BBSI,0.08134729389473544
2022-07-27,17,AR1 alpha + Enhanced + One-Step,NASDAQ:BBSI,0.09168885659457456
2022-07-28,17,AR1 alpha + Enhanced + One-Step,NASDAQ:BBSI,0.09991270448361611
2022-07-29,17,AR1 alpha + Enhanced + One-Step,NASDAQ:BBSI,0.09999575662810346
2022-08-01,17,AR1 alpha + Enhanced + One-Step,NASDAQ:BBSI,0.09999688152004366
2022-08-02,17,AR1 alpha + Enhanced + One-Step,NASDAQ:BBSI,0.09999589651906608
2022-08-03,17,AR1 alpha + Enhanced + One-Step,NASDAQ:BBSI,0.09999587247199242
2022-08-04,17,AR1 alpha + Enhanced + One-Step,NASDAQ:BBSI,0.09999570035558718
2022-08-05,17,AR1 alpha + Enhanced + One-Step,NASDAQ:BBSI,0.09999204011019146
2022-08-08,17,AR1 alpha + Enhanced + One-Step,NASDAQ:BBSI,0.09998995973514048
2022-08-09,17,AR1 alpha + Enhanced + One-Step,NASDAQ:BBSI,0.09999446649728808
2022-08-10,17,AR1 alpha + Enhanced + One-Step,NASDAQ:BBSI,0.09999077479541696
2022-08-11,17,AR1 alpha + Enhanced + One-Step,NASDAQ:BBSI,0.09999243568836648
2022-08-12,17,AR1 alpha + Enhanced + One-Step,NASDAQ:BBSI,0.0999944137669948
2022-08-15,17,AR1 alpha + Enhanced + One-Step,NASDAQ:BBSI,0.09999583299767684
2022-08-16,17,AR1 alpha + Enhanced + One-Step,NASDAQ:BBSI,0.09999696769850999
2022-08-17,17,AR1 alpha + Enhanced + One-Step,NASDAQ:BBSI,0.09999777876436203
2022-08-18,17,AR1 alpha + Enhanced + One-Step,NASDAQ:BBSI,0.09999437612137572
2022-08-19,17,AR1 alpha + Enhanced + One-Step,NASDAQ:BBSI,0.09999289792330762
2022-08-22,17,AR1 alpha + Enhanced + One-Step,NASDAQ:BBSI,0.08966500600827595
2022-08-23,17,AR1 alpha + Enhanced + One-Step,NASDAQ:BBSI,0.08447882028954758
2022-08-24,17,AR1 alpha + Enhanced + One-Step,NASDAQ:BBSI,0.08255778634256095
2022-08-25,17,AR1 alpha + Enhanced + One-Step,NASDAQ:BBSI,0.08255191866857389
2022-08-26,17,AR1 alpha + Enhanced + One-Step,NASDAQ:BBSI,0.06622794981027397
2022-08-29,17,AR1 alpha + Enhanced + One-Step,NASDAQ:BBSI,0.05570886080706485
2022-08-30,17,AR1 alpha + Enhanced + One-Step,NASDAQ:BBSI,0.043480298165289706
2022-08-31,17,AR1 alpha + Enhanced + One-Step,NASDAQ:BBSI,0.03274030415972375
2022-09-01,17,AR1 alpha + Enhanced + One-Step,NASDAQ:BBSI,0.02956476389958325
2022-09-02,17,AR1 alpha + Enhanced + One-Step,NASDAQ:BBSI,0.024084679469807208
2022-09-06,17,AR1 alpha + Enhanced + One-Step,NASDAQ:BBSI,0.022691224716530595
2022-09-07,17,AR1 alpha + Enhanced + One-Step,NASDAQ:BBSI,0.022953162635032973
2022-09-08,17,AR1 alpha + Enhanced + One-Step,NASDAQ:BBSI,0.026421160068188017
2022-09-09,17,AR1 alpha + Enhanced + One-Step,NASDAQ:BBSI,0.03788427325421356
2022-09-12,17,AR1 alpha + Enhanced + One-Step,NASDAQ:BBSI,0.04496662609274822
2022-09-13,17,AR1 alpha + Enhanced + One-Step,NASDAQ:BBSI,0.04430578705490595
2022-09-14,17,AR1 alpha + Enhanced + One-Step,NASDAQ:BBSI,0.03846825722880036
2022-09-15,17,AR1 alpha + Enhanced + One-Step,NASDAQ:BBSI,0.030399230257762134
2022-09-16,17,AR1 alpha + Enhanced + One-Step,NASDAQ:BBSI,0.024075511387634377
2022-09-19,17,AR1 alpha + Enhanced + One-Step,NASDAQ:BBSI,0.031350898168243255
2022-09-20,17,AR1 alpha + Enhanced + One-Step,NASDAQ:BBSI,0.020868497382479374
2022-09-21,17,AR1 alpha + Enhanced + One-Step,NASDAQ:BBSI,0.01439114547686191
2022-09-22,17,AR1 alpha + Enhanced + One-Step,NASDAQ:BBSI,0.0
2022-09-23,17,AR1 alpha + Enhanced + One-Step,NASDAQ:BBSI,0.0
2022-09-26,17,AR1 alpha + Enhanced + One-Step,NASDAQ:BBSI,0.0
2022-09-27,17,AR1 alpha + Enhanced + One-Step,NASDAQ:BBSI,2.346340668691031e-10
2022-09-28,17,AR1 alpha + Enhanced + One-Step,NASDAQ:BBSI,0.002272873198749535
2022-09-29,17,AR1 alpha + Enhanced + One-Step,NASDAQ:BBSI,0.003853858941260458
2022-09-30,17,AR1 alpha + Enhanced + One-Step,NASDAQ:BBSI,0.0021164450858625035
2022-10-03,17,AR1 alpha + Enhanced + One-Step,NASDAQ:BBSI,0.016237596674280798
2022-10-04,17,AR1 alpha + Enhanced + One-Step,NASDAQ:BBSI,0.036204452867377106
2022-10-05,17,AR1 alpha + Enhanced + One-Step,NASDAQ:BBSI,0.03955511657500302
2022-10-06,17,AR1 alpha + Enhanced + One-Step,NASDAQ:BBSI,0.039553941827851366
2022-10-07,17,AR1 alpha + Enhanced + One-Step,NASDAQ:BBSI,0.039554027543461975
2022-10-10,17,AR1 alpha + Enhanced + One-Step,NASDAQ:BBSI,0.03955302512354054
2022-10-11,17,AR1 alpha + Enhanced + One-Step,NASDAQ:BBSI,0.039551328462745464
2022-10-12,17,AR1 alpha + Enhanced + One-Step,NASDAQ:BBSI,0.039550965971586485
2022-10-13,17,AR1 alpha + Enhanced + One-Step,NASDAQ:BBSI,0.05460609609451484
2022-10-14,17,AR1 alpha + Enhanced + One-Step,NASDAQ:BBSI,0.05460615282764169
2022-10-17,17,AR1 alpha + Enhanced + One-Step,NASDAQ:BBSI,0.06141797946192259
2022-10-18,17,AR1 alpha + Enhanced + One-Step,NASDAQ:BBSI,0.07238196864403901
2022-10-19,17,AR1 alpha + Enhanced + One-Step,NASDAQ:BBSI,0.08517538997446418
2022-10-20,17,AR1 alpha + Enhanced + One-Step,NASDAQ:BBSI,0.08517463212268891
2022-10-21,17,AR1 alpha + Enhanced + One-Step,NASDAQ:BBSI,0.0891634607169686
2022-10-24,17,AR1 alpha + Enhanced + One-Step,NASDAQ:BBSI,0.09931821611931968
2022-10-25,17,AR1 alpha + Enhanced + One-Step,NASDAQ:BBSI,0.1000005409658402
2022-10-26,17,AR1 alpha + Enhanced + One-Step,NASDAQ:BBSI,0.10000039882230083
2022-10-27,17,AR1 alpha + Enhanced + One-Step,NASDAQ:BBSI,0.09999682654164035
2022-10-28,17,AR1 alpha + Enhanced + One-Step,NASDAQ:BBSI,0.09999746446241126
2022-10-31,17,AR1 alpha + Enhanced + One-Step,NASDAQ:BBSI,0.09999699871515777
2022-11-01,17,AR1 alpha + Enhanced + One-Step,NASDAQ:BBSI,0.0894100676342671
2022-11-02,17,AR1 alpha + Enhanced + One-Step,NASDAQ:BBSI,0.08216970144889248
2022-11-03,17,AR1 alpha + Enhanced + One-Step,NASDAQ:BBSI,0.08217252127516207
2022-11-04,17,AR1 alpha + Enhanced + One-Step,NASDAQ:BBSI,0.08217184278671978
2022-11-07,17,AR1 alpha + Enhanced + One-Step,NASDAQ:BBSI,0.09969051165987293
2022-11-08,17,AR1 alpha + Enhanced + One-Step,NASDAQ:BBSI,0.09969064040787384
2022-11-09,17,AR1 alpha + Enhanced + One-Step,NASDAQ:BBSI,0.10000118352122497
2022-11-10,17,AR1 alpha + Enhanced + One-Step,NASDAQ:BBSI,0.10000068773468657
2022-11-11,17,AR1 alpha + Enhanced + One-Step,NASDAQ:BBSI,0.0999998866742423
2022-11-14,17,AR1 alpha + Enhanced + One-Step,NASDAQ:BBSI,0.09999957787523289
2022-11-15,17,AR1 alpha + Enhanced + One-Step,NASDAQ:BBSI,0.09999970991887211
2022-11-16,17,AR1 alpha + Enhanced + One-Step,NASDAQ:BBSI,0.09999978968049325
2022-11-17,17,AR1 alpha + Enhanced + One-Step,NASDAQ:BBSI,0.09999945197077596
2022-11-18,17,AR1 alpha + Enhanced + One-Step,NASDAQ:BBSI,0.09999962923692779
2022-11-21,17,AR1 alpha + Enhanced + One-Step,NASDAQ:BBSI,0.09999888381757083
2022-11-22,17,AR1 alpha + Enhanced + One-Step,NASDAQ:BBSI,0.09999563354951847
2022-11-23,17,AR1 alpha + Enhanced + One-Step,NASDAQ:BBSI,0.09999791006076927
2022-11-25,17,AR1 alpha + Enhanced + One-Step,NASDAQ:BBSI,0.0999990473419318
2022-11-28,17,AR1 alpha + Enhanced + One-Step,NASDAQ:BBSI,0.09999934895100457
2022-11-29,17,AR1 alpha + Enhanced + One-Step,NASDAQ:BBSI,0.09999952251357798
2022-11-30,17,AR1 alpha + Enhanced + One-Step,NASDAQ:BBSI,0.0999996501127569
2022-12-01,17,AR1 alpha + Enhanced + One-Step,NASDAQ:BBSI,0.09999924720415491
2022-12-02,17,AR1 alpha + Enhanced + One-Step,NASDAQ:BBSI,0.09999948241663188
2022-12-05,17,AR1 alpha + Enhanced + One-Step,NASDAQ:BBSI,0.09999596254236948
2022-12-06,17,AR1 alpha + Enhanced + One-Step,NASDAQ:BBSI,0.0999933453558035
2022-12-07,17,AR1 alpha + Enhanced + One-Step,NASDAQ:BBSI,0.09999217558962867
2022-12-08,17,AR1 alpha + Enhanced + One-Step,NASDAQ:BBSI,0.09999415934319514
2022-12-09,17,AR1 alpha + Enhanced + One-Step,NASDAQ:BBSI,0.09999102656897631
2022-12-12,17,AR1 alpha + Enhanced + One-Step,NASDAQ:BBSI,0.09999065103153179
2022-12-13,17,AR1 alpha + Enhanced + One-Step,NASDAQ:BBSI,0.09998945836131289
2022-12-14,17,AR1 alpha + Enhanced + One-Step,NASDAQ:BBSI,0.09998696415534065
2022-12-15,17,AR1 alpha + Enhanced + One-Step,NASDAQ:BBSI,0.09998560949395262
2022-12-16,17,AR1 alpha + Enhanced + One-Step,NASDAQ:BBSI,0.0999847980440529
2022-12-19,17,AR1 alpha + Enhanced + One-Step,NASDAQ:BBSI,0.09999078657710979
2022-12-20,17,AR1 alpha + Enhanced + One-Step,NASDAQ:BBSI,0.09999145932858768
2022-12-21,17,AR1 alpha + Enhanced + One-Step,NASDAQ:BBSI,0.09999376660995486
2022-12-22,17,AR1 alpha + Enhanced + One-Step,NASDAQ:BBSI,0.0999953911225536
2022-12-23,17,AR1 alpha + Enhanced + One-Step,NASDAQ:BBSI,0.09999663708683965
2022-12-27,17,AR1 alpha + Enhanced + One-Step,NASDAQ:BBSI,0.0999975319193294
2022-12-28,17,AR1 alpha + Enhanced + One-Step,NASDAQ:BBSI,0.09999814439463707
2022-12-29,17,AR1 alpha + Enhanced + One-Step,NASDAQ:BBSI,0.09999811201525736
2022-12-30,17,AR1 alpha + Enhanced + One-Step,NASDAQ:BBSI,0.09999861093892437
2023-01-03,17,AR1 alpha + Enhanced + One-Step,NASDAQ:BBSI,0.09999898644100842
2023-01-04,17,AR1 alpha + Enhanced + One-Step,NASDAQ:BBSI,0.09999915384916089
2023-01-05,17,AR1 alpha + Enhanced + One-Step,NASDAQ:BBSI,0.10000000117792736
2023-01-06,17,AR1 alpha + Enhanced + One-Step,NASDAQ:BBSI,0.10000002160295186
2023-01-09,17,AR1 alpha + Enhanced + One-Step,NASDAQ:BBSI,0.09999582970523192
2023-01-10,17,AR1 alpha + Enhanced + One-Step,NASDAQ:BBSI,0.09999608174807387
2023-01-11,17,AR1 alpha + Enhanced + One-Step,NASDAQ:BBSI,0.09999375676577099
2023-01-12,17,AR1 alpha + Enhanced + One-Step,NASDAQ:BBSI,0.0999919584845956
2023-01-13,17,AR1 alpha + Enhanced + One-Step,NASDAQ:BBSI,0.09998956413976463
2023-01-17,17,AR1 alpha + Enhanced + One-Step,NASDAQ:BBSI,0.09999144500388978
2023-01-18,17,AR1 alpha + Enhanced + One-Step,NASDAQ:BBSI,0.09999358037579986
2023-01-19,17,AR1 alpha + Enhanced + One-Step,NASDAQ:BBSI,0.09999392262636457
2023-01-20,17,AR1 alpha + Enhanced + One-Step,NASDAQ:BBSI,0.09999417103662815
2023-01-23,17,AR1 alpha + Enhanced + One-Step,NASDAQ:BBSI,0.09999416857721341
2023-01-24,17,AR1 alpha + Enhanced + One-Step,NASDAQ:BBSI,0.09999572795396165
2023-01-25,17,AR1 alpha + Enhanced + One-Step,NASDAQ:BBSI,0.09999685013509102
2023-01-26,17,AR1 alpha + Enhanced + One-Step,NASDAQ:BBSI,0.09999758421200682
2023-01-27,17,AR1 alpha + Enhanced + One-Step,NASDAQ:BBSI,0.09999484991407873
2023-01-30,17,AR1 alpha + Enhanced + One-Step,NASDAQ:BBSI,0.09999611384101646
2023-01-31,17,AR1 alpha + Enhanced + One-Step,NASDAQ:BBSI,0.09999341322922989
2023-02-01,17,AR1 alpha + Enhanced + One-Step,NASDAQ:BBSI,0.09999246722950703
2023-02-02,17,AR1 alpha + Enhanced + One-Step,NASDAQ:BBSI,0.09999491433989076
2023-02-03,17,AR1 alpha + Enhanced + One-Step,NASDAQ:BBSI,0.09999640704559884
2023-02-06,17,AR1 alpha + Enhanced + One-Step,NASDAQ:BBSI,0.09999736226771652
2023-02-07,17,AR1 alpha + Enhanced + One-Step,NASDAQ:BBSI,0.09999942242179
2023-02-08,17,AR1 alpha + Enhanced + One-Step,NASDAQ:BBSI,0.10000032409662288
2023-02-09,17,AR1 alpha + Enhanced + One-Step,NASDAQ:BBSI,0.10000025977912572
2023-02-10,17,AR1 alpha + Enhanced + One-Step,NASDAQ:BBSI,0.09999825513597953
2023-02-13,17,AR1 alpha + Enhanced + One-Step,NASDAQ:BBSI,0.09999861657020019
2023-02-14,17,AR1 alpha + Enhanced + One-Step,NASDAQ:BBSI,0.09999820802181271
2023-02-15,17,AR1 alpha + Enhanced + One-Step,NASDAQ:BBSI,0.09999857812178542
2023-02-16,17,AR1 alpha + Enhanced + One-Step,NASDAQ:BBSI,0.09999455810326209
2023-02-17,17,AR1 alpha + Enhanced + One-Step,NASDAQ:BBSI,0.09999249696528188
2023-02-21,17,AR1 alpha + Enhanced + One-Step,NASDAQ:BBSI,0.09999020877403135
2023-02-22,17,AR1 alpha + Enhanced + One-Step,NASDAQ:BBSI,0.09999004223368026
2023-02-23,17,AR1 alpha + Enhanced + One-Step,NASDAQ:BBSI,0.09999269305777117
2023-02-24,17,AR1 alpha + Enhanced + One-Step,NASDAQ:BBSI,0.09999650340734081
2023-02-27,17,AR1 alpha + Enhanced + One-Step,NASDAQ:BBSI,0.09999748711761927
2023-02-28,17,AR1 alpha + Enhanced + One-Step,NASDAQ:BBSI,0.09999925632616363
2023-03-01,17,AR1 alpha + Enhanced + One-Step,NASDAQ:BBSI,0.09999871427262859
2023-03-02,17,AR1 alpha + Enhanced + One-Step,NASDAQ:BBSI,0.09999651886188804
2023-03-03,17,AR1 alpha + Enhanced + One-Step,NASDAQ:BBSI,0.09999378935858917
2023-03-06,17,AR1 alpha + Enhanced + One-Step,NASDAQ:BBSI,0.09999539805751309
2023-03-07,17,AR1 alpha + Enhanced + One-Step,NASDAQ:BBSI,0.09999345457410963
2023-03-08,17,AR1 alpha + Enhanced + One-Step,NASDAQ:BBSI,0.09999278944863497
2023-03-09,17,AR1 alpha + Enhanced + One-Step,NASDAQ:BBSI,0.09999306520356617
2023-03-10,17,AR1 alpha + Enhanced + One-Step,NASDAQ:BBSI,0.10000219344419066
2023-03-13,17,AR1 alpha + Enhanced + One-Step,NASDAQ:BBSI,0.1000015209754384
2023-03-14,17,AR1 alpha + Enhanced + One-Step,NASDAQ:BBSI,0.10000109818097232
2023-03-15,17,AR1 alpha + Enhanced + One-Step,NASDAQ:BBSI,0.10000062653132005
2023-03-16,17,AR1 alpha + Enhanced + One-Step,NASDAQ:BBSI,0.10000036496695733
2023-03-17,17,AR1 alpha + Enhanced + One-Step,NASDAQ:BBSI,0.10000007991455721
2023-03-20,17,AR1 alpha + Enhanced + One-Step,NASDAQ:BBSI,0.09999854889427844
2023-03-21,17,AR1 alpha + Enhanced + One-Step,NASDAQ:BBSI,0.09999826859819153
2023-03-22,17,AR1 alpha + Enhanced + One-Step,NASDAQ:BBSI,0.09999579957756985
2023-03-23,17,AR1 alpha + Enhanced + One-Step,NASDAQ:BBSI,0.0999931181334784
2023-03-24,17,AR1 alpha + Enhanced + One-Step,NASDAQ:BBSI,0.09999451520881657
2023-03-27,17,AR1 alpha + Enhanced + One-Step,NASDAQ:BBSI,0.09999578563817639
2023-03-28,17,AR1 alpha + Enhanced + One-Step,NASDAQ:BBSI,0.0999966753518093
2023-03-29,17,AR1 alpha + Enhanced + One-Step,NASDAQ:BBSI,0.09999755485877865
2023-03-30,17,AR1 alpha + Enhanced + One-Step,NASDAQ:BBSI,0.09999821329560998
2023-03-31,17,AR1 alpha + Enhanced + One-Step,NASDAQ:BBSI,0.09999868200244592
2023-04-03,17,AR1 alpha + Enhanced + One-Step,NASDAQ:BBSI,0.09999780736809484
2023-04-04,17,AR1 alpha + Enhanced + One-Step,NASDAQ:BBSI,0.09999753477092531
2023-04-05,17,AR1 alpha + Enhanced + One-Step,NASDAQ:BBSI,0.09999688768931395
2023-04-06,17,AR1 alpha + Enhanced + One-Step,NASDAQ:BBSI,0.09999751233211916
2023-04-10,17,AR1 alpha + Enhanced + One-Step,NASDAQ:BBSI,0.0999987623089904
2023-04-11,17,AR1 alpha + Enhanced + One-Step,NASDAQ:BBSI,0.09999515593939498
2023-04-12,17,AR1 alpha + Enhanced + One-Step,NASDAQ:BBSI,0.09999435070147689
2023-04-13,17,AR1 alpha + Enhanced + One-Step,NASDAQ:BBSI,0.09999546633846026
2023-04-14,17,AR1 alpha + Enhanced + One-Step,NASDAQ:BBSI,0.09999470639810266
2023-04-17,17,AR1 alpha + Enhanced + One-Step,NASDAQ:BBSI,0.09999703358927044
2023-04-18,17,AR1 alpha + Enhanced + One-Step,NASDAQ:BBSI,0.09999670684617779
2023-04-19,17,AR1 alpha + Enhanced + One-Step,NASDAQ:BBSI,0.0999967070205623
2023-04-20,17,AR1 alpha + Enhanced + One-Step,NASDAQ:BBSI,0.09999818215152073
2023-04-21,17,AR1 alpha + Enhanced + One-Step,NASDAQ:BBSI,0.09999394439844142
2023-04-24,17,AR1 alpha + Enhanced + One-Step,NASDAQ:BBSI,0.09999337905555815
2023-04-25,17,AR1 alpha + Enhanced + One-Step,NASDAQ:BBSI,0.09999960332814174
2023-04-26,17,AR1 alpha + Enhanced + One-Step,NASDAQ:BBSI,0.09999858732988247
2023-04-27,17,AR1 alpha + Enhanced + One-Step,NASDAQ:BBSI,0.09999754427693285
2023-04-28,17,AR1 alpha + Enhanced + One-Step,NASDAQ:BBSI,0.09999795553728713
2023-05-01,17,AR1 alpha + Enhanced + One-Step,NASDAQ:BBSI,0.09999831984187289
2023-05-02,17,AR1 alpha + Enhanced + One-Step,NASDAQ:BBSI,0.09999843521728022
2023-05-03,17,AR1 alpha + Enhanced + One-Step,NASDAQ:BBSI,0.09999903289565787
2023-05-04,17,AR1 alpha + Enhanced + One-Step,NASDAQ:BBSI,0.09999924827979348
2023-05-05,17,AR1 alpha + Enhanced + One-Step,NASDAQ:BBSI,0.09999943926346522
2023-05-08,17,AR1 alpha + Enhanced + One-Step,NASDAQ:BBSI,0.09999852018262737
2023-05-09,17,AR1 alpha + Enhanced + One-Step,NASDAQ:BBSI,0.0999988827266485
2023-05-10,17,AR1 alpha + Enhanced + One-Step,NASDAQ:BBSI,0.09999879769003486
2023-05-11,17,AR1 alpha + Enhanced + One-Step,NASDAQ:BBSI,0.09999910619969435
2023-05-12,17,AR1 alpha + Enhanced + One-Step,NASDAQ:BBSI,0.09999944333562634
2023-05-15,17,AR1 alpha + Enhanced + One-Step,NASDAQ:BBSI,0.09999878556479859
2023-05-16,17,AR1 alpha + Enhanced + One-Step,NASDAQ:BBSI,0.0999991390880169
2023-05-17,17,AR1 alpha + Enhanced + One-Step,NASDAQ:BBSI,0.09999827170760665
2023-05-18,17,AR1 alpha + Enhanced + One-Step,NASDAQ:BBSI,0.10000049383598862
2023-05-19,17,AR1 alpha + Enhanced + One-Step,NASDAQ:BBSI,0.08538422629166742
2023-05-22,17,AR1 alpha + Enhanced + One-Step,NASDAQ:BBSI,0.08538414235915483
2023-05-23,17,AR1 alpha + Enhanced + One-Step,NASDAQ:BBSI,0.08538312125545262
2023-05-24,17,AR1 alpha + Enhanced + One-Step,NASDAQ:BBSI,0.08538301372416952
2023-05-25,17,AR1 alpha + Enhanced + One-Step,NASDAQ:BBSI,0.08538260450564196
2023-05-26,17,AR1 alpha + Enhanced + One-Step,NASDAQ:BBSI,0.08538216332731147
2023-05-30,17,AR1 alpha + Enhanced + One-Step,NASDAQ:BBSI,0.08538191496083979
2023-05-31,17,AR1 alpha + Enhanced + One-Step,NASDAQ:BBSI,0.0853808954224764
2023-06-01,17,AR1 alpha + Enhanced + One-Step,NASDAQ:BBSI,0.08719915430742238
2023-06-02,17,AR1 alpha + Enhanced + One-Step,NASDAQ:BBSI,0.08453482054940227
2023-06-05,17,AR1 alpha + Enhanced + One-Step,NASDAQ:BBSI,0.07719592364415899
2023-06-06,17,AR1 alpha + Enhanced + One-Step,NASDAQ:BBSI,0.07719810651336284
2023-06-07,17,AR1 alpha + Enhanced + One-Step,NASDAQ:BBSI,0.0771978879824385
2023-06-08,17,AR1 alpha + Enhanced + One-Step,NASDAQ:BBSI,0.0771975446561415
2023-06-09,17,AR1 alpha + Enhanced + One-Step,NASDAQ:BBSI,0.0771952954623214
2023-06-12,17,AR1 alpha + Enhanced + One-Step,NASDAQ:BBSI,0.07719437579041404
2023-06-13,17,AR1 alpha + Enhanced + One-Step,NASDAQ:BBSI,0.07719419988427002
2023-06-14,17,AR1 alpha + Enhanced + One-Step,NASDAQ:BBSI,0.10000158558655502
2023-06-15,17,AR1 alpha + Enhanced + One-Step,NASDAQ:BBSI,0.09999974944231209
2023-06-16,17,AR1 alpha + Enhanced + One-Step,NASDAQ:BBSI,0.09999824489490687
2023-06-20,17,AR1 alpha + Enhanced + One-Step,NASDAQ:BBSI,0.09999576054779516
2023-06-21,17,AR1 alpha + Enhanced + One-Step,NASDAQ:BBSI,0.09999635145848079
2023-06-22,17,AR1 alpha + Enhanced + One-Step,NASDAQ:BBSI,0.09999604818758424
2023-06-23,17,AR1 alpha + Enhanced + One-Step,NASDAQ:BBSI,0.09999474431848698
2023-06-26,17,AR1 alpha + Enhanced + One-Step,NASDAQ:BBSI,0.09999232098149534
2023-06-27,17,AR1 alpha + Enhanced + One-Step,NASDAQ:BBSI,0.09999176015626415
2023-06-28,17,AR1 alpha + Enhanced + One-Step,NASDAQ:BBSI,0.09998911173659208
2023-06-29,17,AR1 alpha + Enhanced + One-Step,NASDAQ:BBSI,0.09998850520982243
2023-06-30,17,AR1 alpha + Enhanced + One-Step,NASDAQ:BBSI,0.09999048270313918
2023-07-03,17,AR1 alpha + Enhanced + One-Step,NASDAQ:BBSI,0.09998896711712944
2023-07-05,17,AR1 alpha + Enhanced + One-Step,NASDAQ:BBSI,0.09998952155330516
2023-07-06,17,AR1 alpha + Enhanced + One-Step,NASDAQ:BBSI,0.09999229723055413
2023-07-07,17,AR1 alpha + Enhanced + One-Step,NASDAQ:BBSI,0.09999400694765904
2023-07-10,17,AR1 alpha + Enhanced + One-Step,NASDAQ:BBSI,0.09999558416669634
2023-07-11,17,AR1 alpha + Enhanced + One-Step,NASDAQ:BBSI,0.09999338709664972
2023-07-12,17,AR1 alpha + Enhanced + One-Step,NASDAQ:BBSI,0.09999640490942928
2023-07-13,17,AR1 alpha + Enhanced + One-Step,NASDAQ:BBSI,0.09999316938905595
2023-07-14,17,AR1 alpha + Enhanced + One-Step,NASDAQ:BBSI,0.09999001114291751
2023-07-17,17,AR1 alpha + Enhanced + One-Step,NASDAQ:BBSI,0.0910771129864783
2023-07-18,17,AR1 alpha + Enhanced + One-Step,NASDAQ:BBSI,0.06603629927973631
2023-07-19,17,AR1 alpha + Enhanced + One-Step,NASDAQ:BBSI,0.04110181028005302
2023-07-20,17,AR1 alpha + Enhanced + One-Step,NASDAQ:BBSI,0.03849882386699926
2023-07-21,17,AR1 alpha + Enhanced + One-Step,NASDAQ:BBSI,0.03849810977993521
2023-07-24,17,AR1 alpha + Enhanced + One-Step,NASDAQ:BBSI,0.03849401671560703
2023-07-25,17,AR1 alpha + Enhanced + One-Step,NASDAQ:BBSI,0.02880642261783716
2023-07-26,17,AR1 alpha + Enhanced + One-Step,NASDAQ:BBSI,0.03184823931047156
2023-07-27,17,AR1 alpha + Enhanced + One-Step,NASDAQ:BBSI,0.031847029506216255
2023-08-01,17,AR1 alpha + Enhanced + One-Step,NASDAQ:BBSI,0.03184614164031043
2023-08-02,17,AR1 alpha + Enhanced + One-Step,NASDAQ:BBSI,0.03184581891512356
2023-08-03,17,AR1 alpha + Enhanced + One-Step,NASDAQ:BBSI,0.03184602082811534
2023-08-04,17,AR1 alpha + Enhanced + One-Step,NASDAQ:BBSI,0.01555597077926493
2023-08-07,17,AR1 alpha + Enhanced + One-Step,NASDAQ:BBSI,0.0
2023-08-08,17,AR1 alpha + Enhanced + One-Step,NASDAQ:BBSI,0.0
2023-08-09,17,AR1 alpha + Enhanced + One-Step,NASDAQ:BBSI,0.0
2023-08-10,17,AR1 alpha + Enhanced + One-Step,NASDAQ:BBSI,1.320879719633419e-07
2023-08-11,17,AR1 alpha + Enhanced + One-Step,NASDAQ:BBSI,5.662982584173079e-08
2023-08-14,17,AR1 alpha + Enhanced + One-Step,NASDAQ:BBSI,0.0
2023-08-15,17,AR1 alpha + Enhanced + One-Step,NASDAQ:BBSI,1.7245732012015757e-07
2023-08-16,17,AR1 alpha + Enhanced + One-Step,NASDAQ:BBSI,1.9055346367359603e-07
2023-08-17,17,AR1 alpha + Enhanced + One-Step,NASDAQ:BBSI,4.2725465764200367e-07
2023-08-18,17,AR1 alpha + Enhanced + One-Step,NASDAQ:BBSI,1.2136313804113165e-07
2023-08-21,17,AR1 alpha + Enhanced + One-Step,NASDAQ:BBSI,1.413702237914858e-07
2023-08-22,17,AR1 alpha + Enhanced + One-Step,NASDAQ:BBSI,7.675466895404598e-08
2023-08-23,17,AR1 alpha + Enhanced + One-Step,NASDAQ:BBSI,0.0
2023-08-24,17,AR1 alpha + Enhanced + One-Step,NASDAQ:BBSI,0.0
2023-08-25,17,AR1 alpha + Enhanced + One-Step,NASDAQ:BBSI,0.0
2023-08-28,17,AR1 alpha + Enhanced + One-Step,NASDAQ:BBSI,7.555390593632252e-07
2023-08-29,17,AR1 alpha + Enhanced + One-Step,NASDAQ:BBSI,2.8740648009138058e-06
2023-08-30,17,AR1 alpha + Enhanced + One-Step,NASDAQ:BBSI,2.9808089179579125e-06
2023-08-31,17,AR1 alpha + Enhanced + One-Step,NASDAQ:BBSI,2.3830773820494485e-06
2023-09-01,17,AR1 alpha + Enhanced + One-Step,NASDAQ:BBSI,0.005873365558210483
2023-09-05,17,AR1 alpha + Enhanced + One-Step,NASDAQ:BBSI,0.025628504481407417
2023-09-06,17,AR1 alpha + Enhanced + One-Step,NASDAQ:BBSI,0.044820900635241835
2023-09-07,17,AR1 alpha + Enhanced + One-Step,NASDAQ:BBSI,0.05262589864947398
2023-09-08,17,AR1 alpha + Enhanced + One-Step,NASDAQ:BBSI,0.04499433833255987
2023-09-11,17,AR1 alpha + Enhanced + One-Step,NASDAQ:BBSI,0.053213274202041715
2023-09-12,17,AR1 alpha + Enhanced + One-Step,NASDAQ:BBSI,0.05321346262927691
2023-09-13,17,AR1 alpha + Enhanced + One-Step,NASDAQ:BBSI,0.054953604153060304
2023-09-14,17,AR1 alpha + Enhanced + One-Step,NASDAQ:BBSI,0.07151531751533965
2023-09-15,17,AR1 alpha + Enhanced + One-Step,NASDAQ:BBSI,0.09654739754547817
2023-09-18,17,AR1 alpha + Enhanced + One-Step,NASDAQ:BBSI,0.1000000077562663
2023-09-19,17,AR1 alpha + Enhanced + One-Step,NASDAQ:BBSI,0.10000004040589985
2023-09-20,17,AR1 alpha + Enhanced + One-Step,NASDAQ:BBSI,0.1000000341000004
2023-09-21,17,AR1 alpha + Enhanced + One-Step,NASDAQ:BBSI,0.10000006977828345
2023-09-22,17,AR1 alpha + Enhanced + One-Step,NASDAQ:BBSI,0.10000006071815731
2023-09-25,17,AR1 alpha + Enhanced + One-Step,NASDAQ:BBSI,0.07504737798681727
2023-09-26,17,AR1 alpha + Enhanced + One-Step,NASDAQ:BBSI,0.07200307584481026
2023-09-27,17,AR1 alpha + Enhanced + One-Step,NASDAQ:BBSI,0.04867106101567219
2023-09-28,17,AR1 alpha + Enhanced + One-Step,NASDAQ:BBSI,0.047826226858475866
2023-09-29,17,AR1 alpha + Enhanced + One-Step,NASDAQ:BBSI,0.047826219657836976
2023-10-02,17,AR1 alpha + Enhanced + One-Step,NASDAQ:BBSI,0.04782480428416446
2023-10-03,17,AR1 alpha + Enhanced + One-Step,NASDAQ:BBSI,0.02507141540141504
2023-10-04,17,AR1 alpha + Enhanced + One-Step,NASDAQ:BBSI,0.00022360119221648253
2023-10-05,17,AR1 alpha + Enhanced + One-Step,NASDAQ:BBSI,0.0
2023-10-06,17,AR1 alpha + Enhanced + One-Step,NASDAQ:BBSI,0.0
2023-10-09,17,AR1 alpha + Enhanced + One-Step,NASDAQ:BBSI,0.0
2023-10-10,17,AR1 alpha + Enhanced + One-Step,NASDAQ:BBSI,0.0
2023-10-11,17,AR1 alpha + Enhanced + One-Step,NASDAQ:BBSI,0.0
2023-10-12,17,AR1 alpha + Enhanced + One-Step,NASDAQ:BBSI,1.886457670763374e-09
2023-10-13,17,AR1 alpha + Enhanced + One-Step,NASDAQ:BBSI,0.007969734199908768
2023-10-16,17,AR1 alpha + Enhanced + One-Step,NASDAQ:BBSI,0.024928668121410123
2023-10-17,17,AR1 alpha + Enhanced + One-Step,NASDAQ:BBSI,0.03581145297070335
2023-10-18,17,AR1 alpha + Enhanced + One-Step,NASDAQ:BBSI,0.0607887598082012
2023-10-19,17,AR1 alpha + Enhanced + One-Step,NASDAQ:BBSI,0.08302797381912516
2023-10-20,17,AR1 alpha + Enhanced + One-Step,NASDAQ:BBSI,0.09591809814313097
2023-10-23,17,AR1 alpha + Enhanced + One-Step,NASDAQ:BBSI,0.09999696899679066
2023-10-24,17,AR1 alpha + Enhanced + One-Step,NASDAQ:BBSI,0.09999777255158045
2023-10-25,17,AR1 alpha + Enhanced + One-Step,NASDAQ:BBSI,0.09999811443434574
2023-10-26,17,AR1 alpha + Enhanced + One-Step,NASDAQ:BBSI,0.09999858396122367
2023-10-27,17,AR1 alpha + Enhanced + One-Step,NASDAQ:BBSI,0.09999894286312451
2023-10-30,17,AR1 alpha + Enhanced + One-Step,NASDAQ:BBSI,0.08267783003037439
2023-10-31,17,AR1 alpha + Enhanced + One-Step,NASDAQ:BBSI,0.05767312903682286
2023-11-01,17,AR1 alpha + Enhanced + One-Step,NASDAQ:BBSI,0.05767240756383304
2023-11-02,17,AR1 alpha + Enhanced + One-Step,NASDAQ:BBSI,0.04787550428373967
2023-11-03,17,AR1 alpha + Enhanced + One-Step,NASDAQ:BBSI,0.033757835121982056
2023-11-06,17,AR1 alpha + Enhanced + One-Step,NASDAQ:BBSI,0.008755214160895732
2023-11-07,17,AR1 alpha + Enhanced + One-Step,NASDAQ:BBSI,0.0
2023-11-08,17,AR1 alpha + Enhanced + One-Step,NASDAQ:BBSI,0.0
2023-11-09,17,AR1 alpha + Enhanced + One-Step,NASDAQ:BBSI,0.0
2023-11-10,17,AR1 alpha + Enhanced + One-Step,NASDAQ:BBSI,0.0
2023-11-13,17,AR1 alpha + Enhanced + One-Step,NASDAQ:BBSI,0.0
2023-11-14,17,AR1 alpha + Enhanced + One-Step,NASDAQ:BBSI,2.0158455441991315e-07
2023-11-15,17,AR1 alpha + Enhanced + One-Step,NASDAQ:BBSI,0.0
2023-11-16,17,AR1 alpha + Enhanced + One-Step,NASDAQ:BBSI,0.0
2023-11-17,17,AR1 alpha + Enhanced + One-Step,NASDAQ:BBSI,0.0
2023-11-20,17,AR1 alpha + Enhanced + One-Step,NASDAQ:BBSI,8.611467674993182e-08
2023-11-21,17,AR1 alpha + Enhanced + One-Step,NASDAQ:BBSI,7.836552486043431e-08
2023-11-22,17,AR1 alpha + Enhanced + One-Step,NASDAQ:BBSI,1.0300233132797808e-08
2023-11-24,17,AR1 alpha + Enhanced + One-Step,NASDAQ:BBSI,9.046376065101079e-09
2023-11-27,17,AR1 alpha + Enhanced + One-Step,NASDAQ:BBSI,0.0
2023-11-28,17,AR1 alpha + Enhanced + One-Step,NASDAQ:BBSI,8.538518752361083e-08
2023-11-29,17,AR1 alpha + Enhanced + One-Step,NASDAQ:BBSI,0.0
2023-11-30,17,AR1 alpha + Enhanced + One-Step,NASDAQ:BBSI,7.776200601720211e-08
2023-12-01,17,AR1 alpha + Enhanced + One-Step,NASDAQ:BBSI,0.0
2023-12-04,17,AR1 alpha + Enhanced + One-Step,NASDAQ:BBSI,0.0
2023-12-05,17,AR1 alpha + Enhanced + One-Step,NASDAQ:BBSI,0.0
2023-12-06,17,AR1 alpha + Enhanced + One-Step,NASDAQ:BBSI,3.8541049336688304e-08
2023-12-07,17,AR1 alpha + Enhanced + One-Step,NASDAQ:BBSI,3.077250295137899e-08
2023-12-08,17,AR1 alpha + Enhanced + One-Step,NASDAQ:BBSI,0.0
2023-12-11,17,AR1 alpha + Enhanced + One-Step,NASDAQ:BBSI,0.0
2023-12-12,17,AR1 alpha + Enhanced + One-Step,NASDAQ:BBSI,0.0
2023-12-13,17,AR1 alpha + Enhanced + One-Step,NASDAQ:BBSI,6.231633975998049e-07
2023-12-14,17,AR1 alpha + Enhanced + One-Step,NASDAQ:BBSI,3.674428613874476e-07
2023-12-15,17,AR1 alpha + Enhanced + One-Step,NASDAQ:BBSI,9.144218438291832e-08
2023-12-18,17,AR1 alpha + Enhanced + One-Step,NASDAQ:BBSI,0.0
2023-12-19,17,AR1 alpha + Enhanced + One-Step,NASDAQ:BBSI,0.0
2023-12-20,17,AR1 alpha + Enhanced + One-Step,NASDAQ:BBSI,2.0072821007007073e-06
2023-12-21,17,AR1 alpha + Enhanced + One-Step,NASDAQ:BBSI,1.2180570951829703e-06
2023-12-22,17,AR1 alpha + Enhanced + One-Step,NASDAQ:BBSI,9.203756191988594e-07
2023-12-26,17,AR1 alpha + Enhanced + One-Step,NASDAQ:BBSI,0.0
2023-12-27,17,AR1 alpha + Enhanced + One-Step,NASDAQ:BBSI,2.382676979983314e-10
2023-12-28,17,AR1 alpha + Enhanced + One-Step,NASDAQ:BBSI,5.667222511620552e-08
2023-12-29,17,AR1 alpha + Enhanced + One-Step,NASDAQ:BBSI,3.397578767077908e-07
2024-01-02,17,AR1 alpha + Enhanced + One-Step,NASDAQ:BBSI,1.7749551688301173e-08
2024-01-03,17,AR1 alpha + Enhanced + One-Step,NASDAQ:BBSI,0.0
2024-01-04,17,AR1 alpha + Enhanced + One-Step,NASDAQ:BBSI,0.0
2024-01-05,17,AR1 alpha + Enhanced + One-Step,NASDAQ:BBSI,3.932704351386007e-08
2024-01-08,17,AR1 alpha + Enhanced + One-Step,NASDAQ:BBSI,1.8464910793900624e-07
2024-01-09,17,AR1 alpha + Enhanced + One-Step,NASDAQ:BBSI,0.0
2024-01-10,17,AR1 alpha + Enhanced + One-Step,NASDAQ:BBSI,0.0034522120061425887
2024-01-11,17,AR1 alpha + Enhanced + One-Step,NASDAQ:BBSI,0.005138389691131272
2024-01-12,17,AR1 alpha + Enhanced + One-Step,NASDAQ:BBSI,0.006762764087862426
2024-01-16,17,AR1 alpha + Enhanced + One-Step,NASDAQ:BBSI,0.0029564336658781136
2024-01-17,17,AR1 alpha + Enhanced + One-Step,NASDAQ:BBSI,0.006963156496159878
2024-01-18,17,AR1 alpha + Enhanced + One-Step,NASDAQ:BBSI,0.0156346644129485
2024-01-19,17,AR1 alpha + Enhanced + One-Step,NASDAQ:BBSI,0.00967595771882665
2024-01-22,17,AR1 alpha + Enhanced + One-Step,NASDAQ:BBSI,0.006345915632689832
2024-01-23,17,AR1 alpha + Enhanced + One-Step,NASDAQ:BBSI,0.0
2024-01-24,17,AR1 alpha + Enhanced + One-Step,NASDAQ:BBSI,1.3682732299059306e-06
2024-01-25,17,AR1 alpha + Enhanced + One-Step,NASDAQ:BBSI,1.0196300378606543e-06
2024-01-26,17,AR1 alpha + Enhanced + One-Step,NASDAQ:BBSI,6.163035246941048e-07
2024-01-29,17,AR1 alpha + Enhanced + One-Step,NASDAQ:BBSI,8.77432393572021e-07
2024-01-30,17,AR1 alpha + Enhanced + One-Step,NASDAQ:BBSI,6.536671458625524e-07
2024-01-31,17,AR1 alpha + Enhanced + One-Step,NASDAQ:BBSI,4.7104765698582755e-07
2024-02-01,17,AR1 alpha + Enhanced + One-Step,NASDAQ:BBSI,3.90210389328767e-07
2024-02-02,17,AR1 alpha + Enhanced + One-Step,NASDAQ:BBSI,5.297531521942973e-07
2024-02-05,17,AR1 alpha + Enhanced + One-Step,NASDAQ:BBSI,4.1565932770144323e-07
2024-02-06,17,AR1 alpha + Enhanced + One-Step,NASDAQ:BBSI,2.5752643295751064e-07
2024-02-07,17,AR1 alpha + Enhanced + One-Step,NASDAQ:BBSI,2.061025865842465e-07
2024-02-08,17,AR1 alpha + Enhanced + One-Step,NASDAQ:BBSI,1.4753108189580315e-07
2024-02-09,17,AR1 alpha + Enhanced + One-Step,NASDAQ:BBSI,0.0
2024-02-12,17,AR1 alpha + Enhanced + One-Step,NASDAQ:BBSI,0.0
2024-02-13,17,AR1 alpha + Enhanced + One-Step,NASDAQ:BBSI,0.0
2024-02-14,17,AR1 alpha + Enhanced + One-Step,NASDAQ:BBSI,1.9737283534838305e-07
2024-02-15,17,AR1 alpha + Enhanced + One-Step,NASDAQ:BBSI,2.3703787679830445e-07
2024-02-16,17,AR1 alpha + Enhanced + One-Step,NASDAQ:BBSI,4.4664567703585277e-07
2024-02-20,17,AR1 alpha + Enhanced + One-Step,NASDAQ:BBSI,5.351874438921793e-07
2024-02-21,17,AR1 alpha + Enhanced + One-Step,NASDAQ:BBSI,0.0
2024-02-22,17,AR1 alpha + Enhanced + One-Step,NASDAQ:BBSI,0.0
2024-02-23,17,AR1 alpha + Enhanced + One-Step,NASDAQ:BBSI,2.0356832182018363e-07
2024-02-26,17,AR1 alpha + Enhanced + One-Step,NASDAQ:BBSI,0.0
2024-02-27,17,AR1 alpha + Enhanced + One-Step,NASDAQ:BBSI,0.0
2024-02-28,17,AR1 alpha + Enhanced + One-Step,NASDAQ:BBSI,0.0
2024-02-29,17,AR1 alpha + Enhanced + One-Step,NASDAQ:BBSI,0.0
2024-03-01,17,AR1 alpha + Enhanced + One-Step,NASDAQ:BBSI,3.5007830757577556e-08
2024-03-04,17,AR1 alpha + Enhanced + One-Step,NASDAQ:BBSI,0.0
2024-03-05,17,AR1 alpha + Enhanced + One-Step,NASDAQ:BBSI,0.0
2024-03-06,17,AR1 alpha + Enhanced + One-Step,NASDAQ:BBSI,0.0
2024-03-07,17,AR1 alpha + Enhanced + One-Step,NASDAQ:BBSI,0.0
2024-03-08,17,AR1 alpha + Enhanced + One-Step,NASDAQ:BBSI,0.0
2024-03-11,17,AR1 alpha + Enhanced + One-Step,NASDAQ:BBSI,0.0
2024-03-12,17,AR1 alpha + Enhanced + One-Step,NASDAQ:BBSI,1.3830846954996974e-07
2024-03-13,17,AR1 alpha + Enhanced + One-Step,NASDAQ:BBSI,0.0
2024-03-14,17,AR1 alpha + Enhanced + One-Step,NASDAQ:BBSI,0.0
2024-03-15,17,AR1 alpha + Enhanced + One-Step,NASDAQ:BBSI,1.429316801337968e-07
2024-03-18,17,AR1 alpha + Enhanced + One-Step,NASDAQ:BBSI,0.0
2024-03-19,17,AR1 alpha + Enhanced + One-Step,NASDAQ:BBSI,0.0
2024-03-20,17,AR1 alpha + Enhanced + One-Step,NASDAQ:BBSI,3.680336009644314e-08
2024-03-21,17,AR1 alpha + Enhanced + One-Step,NASDAQ:BBSI,3.5394340230590514e-08
2024-03-22,17,AR1 alpha + Enhanced + One-Step,NASDAQ:BBSI,4.1437412621118274e-07
2024-03-25,17,AR1 alpha + Enhanced + One-Step,NASDAQ:BBSI,2.813616679929172e-07
2024-03-26,17,AR1 alpha + Enhanced + One-Step,NASDAQ:BBSI,9.056512260983922e-07
2024-03-27,17,AR1 alpha + Enhanced + One-Step,NASDAQ:BBSI,6.206004630860421e-07
2024-03-28,17,AR1 alpha + Enhanced + One-Step,NASDAQ:BBSI,6.242417107424036e-07
2024-04-01,17,AR1 alpha + Enhanced + One-Step,NASDAQ:BBSI,5.641633320827835e-07
2024-04-02,17,AR1 alpha + Enhanced + One-Step,NASDAQ:BBSI,3.1369086346790217e-07
2024-04-03,17,AR1 alpha + Enhanced + One-Step,NASDAQ:BBSI,0.0
2024-04-04,17,AR1 alpha + Enhanced + One-Step,NASDAQ:BBSI,0.0
2024-04-05,17,AR1 alpha + Enhanced + One-Step,NASDAQ:BBSI,0.0
2024-04-08,17,AR1 alpha + Enhanced + One-Step,NASDAQ:BBSI,1.72792773639151e-07
2024-04-09,17,AR1 alpha + Enhanced + One-Step,NASDAQ:BBSI,2.91969252468859e-07
2024-04-10,17,AR1 alpha + Enhanced + One-Step,NASDAQ:BBSI,2.0027961794377018e-07
2024-04-11,17,AR1 alpha + Enhanced + One-Step,NASDAQ:BBSI,0.0
2024-04-12,17,AR1 alpha + Enhanced + One-Step,NASDAQ:BBSI,0.0
2024-04-15,17,AR1 alpha + Enhanced + One-Step,NASDAQ:BBSI,1.420589381080309e-06
2024-04-16,17,AR1 alpha + Enhanced + One-Step,NASDAQ:BBSI,1.1090478079429044e-06
2024-04-17,17,AR1 alpha + Enhanced + One-Step,NASDAQ:BBSI,0.0003586082897897301
2024-04-18,17,AR1 alpha + Enhanced + One-Step,NASDAQ:BBSI,0.006721188783801441
2024-04-19,17,AR1 alpha + Enhanced + One-Step,NASDAQ:BBSI,0.006721265906739782
2020-03-25,17,AR1 alpha + Enhanced + One-Step,NASDAQ:ICHR,0.020000000000007227
2020-03-26,17,AR1 alpha + Enhanced + One-Step,NASDAQ:ICHR,0.02000000000001305
2020-03-27,17,AR1 alpha + Enhanced + One-Step,NASDAQ:ICHR,0.02000005875494016
2020-03-30,17,AR1 alpha + Enhanced + One-Step,NASDAQ:ICHR,0.020001351344575685
2020-03-31,17,AR1 alpha + Enhanced + One-Step,NASDAQ:ICHR,0.020001153484336003
2020-04-01,17,AR1 alpha + Enhanced + One-Step,NASDAQ:ICHR,0.02000111520020005
2020-04-02,17,AR1 alpha + Enhanced + One-Step,NASDAQ:ICHR,0.01999925258951605
2020-04-03,17,AR1 alpha + Enhanced + One-Step,NASDAQ:ICHR,0.019999225936518567
2020-04-06,17,AR1 alpha + Enhanced + One-Step,NASDAQ:ICHR,0.020000210737357964
2020-04-07,17,AR1 alpha + Enhanced + One-Step,NASDAQ:ICHR,0.01499206650736534
2020-04-08,17,AR1 alpha + Enhanced + One-Step,NASDAQ:ICHR,5.7623632184304346e-08
2020-04-09,17,AR1 alpha + Enhanced + One-Step,NASDAQ:ICHR,0.0
2020-04-13,17,AR1 alpha + Enhanced + One-Step,NASDAQ:ICHR,1.760986952646276e-07
2020-04-14,17,AR1 alpha + Enhanced + One-Step,NASDAQ:ICHR,3.976634111823999e-08
2020-04-15,17,AR1 alpha + Enhanced + One-Step,NASDAQ:ICHR,2.1329085976613997e-07
2020-04-16,17,AR1 alpha + Enhanced + One-Step,NASDAQ:ICHR,1.3283874745885958e-07
2020-04-17,17,AR1 alpha + Enhanced + One-Step,NASDAQ:ICHR,2.229274063136825e-08
2020-04-20,17,AR1 alpha + Enhanced + One-Step,NASDAQ:ICHR,0.0
2020-04-21,17,AR1 alpha + Enhanced + One-Step,NASDAQ:ICHR,4.80205134093124e-08
2020-04-22,17,AR1 alpha + Enhanced + One-Step,NASDAQ:ICHR,5.671867943586858e-08
2020-04-23,17,AR1 alpha + Enhanced + One-Step,NASDAQ:ICHR,0.0
2020-04-24,17,AR1 alpha + Enhanced + One-Step,NASDAQ:ICHR,9.884981321093909e-09
2020-04-27,17,AR1 alpha + Enhanced + One-Step,NASDAQ:ICHR,1.5410726582414971e-09
2020-04-28,17,AR1 alpha + Enhanced + One-Step,NASDAQ:ICHR,0.0
2020-04-29,17,AR1 alpha + Enhanced + One-Step,NASDAQ:ICHR,3.1847323053590115e-11
2020-04-30,17,AR1 alpha + Enhanced + One-Step,NASDAQ:ICHR,0.0
2020-05-01,17,AR1 alpha + Enhanced + One-Step,NASDAQ:ICHR,0.0
2020-05-04,17,AR1 alpha + Enhanced + One-Step,NASDAQ:ICHR,3.486193365188879e-09
2020-05-05,17,AR1 alpha + Enhanced + One-Step,NASDAQ:ICHR,0.0
2020-05-06,17,AR1 alpha + Enhanced + One-Step,NASDAQ:ICHR,0.0
2020-05-07,17,AR1 alpha + Enhanced + One-Step,NASDAQ:ICHR,0.0
2020-05-08,17,AR1 alpha + Enhanced + One-Step,NASDAQ:ICHR,1.2960125912247189e-08
2020-05-11,17,AR1 alpha + Enhanced + One-Step,NASDAQ:ICHR,0.0
2020-05-12,17,AR1 alpha + Enhanced + One-Step,NASDAQ:ICHR,0.0
2020-05-13,17,AR1 alpha + Enhanced + One-Step,NASDAQ:ICHR,1.7497678576364547e-08
2020-05-14,17,AR1 alpha + Enhanced + One-Step,NASDAQ:ICHR,0.0
2020-05-15,17,AR1 alpha + Enhanced + One-Step,NASDAQ:ICHR,2.283452265680244e-08
2020-05-18,17,AR1 alpha + Enhanced + One-Step,NASDAQ:ICHR,0.0
2020-05-19,17,AR1 alpha + Enhanced + One-Step,NASDAQ:ICHR,0.0
2020-05-20,17,AR1 alpha + Enhanced + One-Step,NASDAQ:ICHR,0.0
2020-05-21,17,AR1 alpha + Enhanced + One-Step,NASDAQ:ICHR,0.0
2020-05-22,17,AR1 alpha + Enhanced + One-Step,NASDAQ:ICHR,1.7637521542670055e-09
2020-05-26,17,AR1 alpha + Enhanced + One-Step,NASDAQ:ICHR,0.0
2020-05-27,17,AR1 alpha + Enhanced + One-Step,NASDAQ:ICHR,1.820701985869009e-08
2020-05-28,17,AR1 alpha + Enhanced + One-Step,NASDAQ:ICHR,4.047836832556249e-09
2020-05-29,17,AR1 alpha + Enhanced + One-Step,NASDAQ:ICHR,1.9386229431060565e-09
2020-06-01,17,AR1 alpha + Enhanced + One-Step,NASDAQ:ICHR,0.0
2020-06-02,17,AR1 alpha + Enhanced + One-Step,NASDAQ:ICHR,0.0
2020-06-03,17,AR1 alpha + Enhanced + One-Step,NASDAQ:ICHR,2.045193699073347e-07
2020-06-04,17,AR1 alpha + Enhanced + One-Step,NASDAQ:ICHR,5.98996507320816e-08
2020-06-05,17,AR1 alpha + Enhanced + One-Step,NASDAQ:ICHR,1.901299911187242e-08
2020-06-08,17,AR1 alpha + Enhanced + One-Step,NASDAQ:ICHR,0.0
2020-06-09,17,AR1 alpha + Enhanced + One-Step,NASDAQ:ICHR,4.574195197967753e-10
2020-06-10,17,AR1 alpha + Enhanced + One-Step,NASDAQ:ICHR,1.6040688984718015e-09
2020-06-11,17,AR1 alpha + Enhanced + One-Step,NASDAQ:ICHR,5.103872426798974e-07
2020-06-12,17,AR1 alpha + Enhanced + One-Step,NASDAQ:ICHR,1.3459452306865285e-07
2020-06-15,17,AR1 alpha + Enhanced + One-Step,NASDAQ:ICHR,0.0
2020-06-16,17,AR1 alpha + Enhanced + One-Step,NASDAQ:ICHR,1.3551269821688121e-08
2020-06-17,17,AR1 alpha + Enhanced + One-Step,NASDAQ:ICHR,1.0240849834233582e-08
2020-06-18,17,AR1 alpha + Enhanced + One-Step,NASDAQ:ICHR,0.0
2020-06-19,17,AR1 alpha + Enhanced + One-Step,NASDAQ:ICHR,2.8823097475513835e-08
2020-06-22,17,AR1 alpha + Enhanced + One-Step,NASDAQ:ICHR,3.2151370671497724e-08
2020-06-23,17,AR1 alpha + Enhanced + One-Step,NASDAQ:ICHR,0.0
2020-06-24,17,AR1 alpha + Enhanced + One-Step,NASDAQ:ICHR,0.0
2020-06-25,17,AR1 alpha + Enhanced + One-Step,NASDAQ:ICHR,1.3108566191851509e-08
2020-06-26,17,AR1 alpha + Enhanced + One-Step,NASDAQ:ICHR,0.0
2020-06-29,17,AR1 alpha + Enhanced + One-Step,NASDAQ:ICHR,6.637096761387749e-08
2020-06-30,17,AR1 alpha + Enhanced + One-Step,NASDAQ:ICHR,0.0
2020-07-01,17,AR1 alpha + Enhanced + One-Step,NASDAQ:ICHR,0.0
2020-07-02,17,AR1 alpha + Enhanced + One-Step,NASDAQ:ICHR,0.0
2020-07-06,17,AR1 alpha + Enhanced + One-Step,NASDAQ:ICHR,2.9158155110407525e-09
2020-07-07,17,AR1 alpha + Enhanced + One-Step,NASDAQ:ICHR,0.0
2020-07-08,17,AR1 alpha + Enhanced + One-Step,NASDAQ:ICHR,0.0
2020-07-09,17,AR1 alpha + Enhanced + One-Step,NASDAQ:ICHR,1.1408670403833895e-07
2020-07-10,17,AR1 alpha + Enhanced + One-Step,NASDAQ:ICHR,1.517193388428279e-07
2020-07-13,17,AR1 alpha + Enhanced + One-Step,NASDAQ:ICHR,5.189499374650217e-08
2020-07-14,17,AR1 alpha + Enhanced + One-Step,NASDAQ:ICHR,0.0
2020-07-15,17,AR1 alpha + Enhanced + One-Step,NASDAQ:ICHR,5.0540804505135926e-08
2020-07-16,17,AR1 alpha + Enhanced + One-Step,NASDAQ:ICHR,1.1052094244240647e-08
2020-07-17,17,AR1 alpha + Enhanced + One-Step,NASDAQ:ICHR,2.697529115524528e-09
2020-07-20,17,AR1 alpha + Enhanced + One-Step,NASDAQ:ICHR,4.019751564306152e-09
2020-07-21,17,AR1 alpha + Enhanced + One-Step,NASDAQ:ICHR,0.0
2020-07-22,17,AR1 alpha + Enhanced + One-Step,NASDAQ:ICHR,6.742023133874842e-09
2020-07-23,17,AR1 alpha + Enhanced + One-Step,NASDAQ:ICHR,0.0
2020-07-24,17,AR1 alpha + Enhanced + One-Step,NASDAQ:ICHR,5.538725248683531e-08
2020-07-27,17,AR1 alpha + Enhanced + One-Step,NASDAQ:ICHR,0.0
2020-07-28,17,AR1 alpha + Enhanced + One-Step,NASDAQ:ICHR,0.0
2020-07-29,17,AR1 alpha + Enhanced + One-Step,NASDAQ:ICHR,0.0
2020-07-30,17,AR1 alpha + Enhanced + One-Step,NASDAQ:ICHR,0.0
2020-07-31,17,AR1 alpha + Enhanced + One-Step,NASDAQ:ICHR,0.0
2020-08-03,17,AR1 alpha + Enhanced + One-Step,NASDAQ:ICHR,4.4347860067918936e-08
2020-08-04,17,AR1 alpha + Enhanced + One-Step,NASDAQ:ICHR,1.7494180761134702e-10
2020-08-05,17,AR1 alpha + Enhanced + One-Step,NASDAQ:ICHR,4.184918382761895e-08
2020-08-06,17,AR1 alpha + Enhanced + One-Step,NASDAQ:ICHR,4.783926127318813e-09
2020-08-07,17,AR1 alpha + Enhanced + One-Step,NASDAQ:ICHR,0.0
2020-08-10,17,AR1 alpha + Enhanced + One-Step,NASDAQ:ICHR,2.5510601110839385e-07
2020-08-11,17,AR1 alpha + Enhanced + One-Step,NASDAQ:ICHR,0.0
2020-08-12,17,AR1 alpha + Enhanced + One-Step,NASDAQ:ICHR,0.0
2020-08-13,17,AR1 alpha + Enhanced + One-Step,NASDAQ:ICHR,7.504852807487092e-10
2020-08-14,17,AR1 alpha + Enhanced + One-Step,NASDAQ:ICHR,1.1948085587290127e-09
2020-08-17,17,AR1 alpha + Enhanced + One-Step,NASDAQ:ICHR,0.0
2020-08-18,17,AR1 alpha + Enhanced + One-Step,NASDAQ:ICHR,0.0
2020-08-19,17,AR1 alpha + Enhanced + One-Step,NASDAQ:ICHR,0.0
2020-08-20,17,AR1 alpha + Enhanced + One-Step,NASDAQ:ICHR,0.0
2020-08-21,17,AR1 alpha + Enhanced + One-Step,NASDAQ:ICHR,0.0
2020-08-24,17,AR1 alpha + Enhanced + One-Step,NASDAQ:ICHR,0.0
2020-08-25,17,AR1 alpha + Enhanced + One-Step,NASDAQ:ICHR,6.232011815559878e-08
2020-08-26,17,AR1 alpha + Enhanced + One-Step,NASDAQ:ICHR,0.0
2020-08-27,17,AR1 alpha + Enhanced + One-Step,NASDAQ:ICHR,3.455464231259801e-09
2020-08-28,17,AR1 alpha + Enhanced + One-Step,NASDAQ:ICHR,2.6135018909382317e-09
2020-08-31,17,AR1 alpha + Enhanced + One-Step,NASDAQ:ICHR,0.0
2020-09-01,17,AR1 alpha + Enhanced + One-Step,NASDAQ:ICHR,3.01901696703263e-08
2020-09-02,17,AR1 alpha + Enhanced + One-Step,NASDAQ:ICHR,2.1442178467370345e-08
2020-09-03,17,AR1 alpha + Enhanced + One-Step,NASDAQ:ICHR,0.0
2020-09-04,17,AR1 alpha + Enhanced + One-Step,NASDAQ:ICHR,2.3545805623702244e-08
2020-09-08,17,AR1 alpha + Enhanced + One-Step,NASDAQ:ICHR,1.038972135630761e-07
2020-09-09,17,AR1 alpha + Enhanced + One-Step,NASDAQ:ICHR,1.345954897223746e-08
2020-09-10,17,AR1 alpha + Enhanced + One-Step,NASDAQ:ICHR,6.79378584384696e-08
2020-09-11,17,AR1 alpha + Enhanced + One-Step,NASDAQ:ICHR,4.0436390266971673e-08
2020-09-14,17,AR1 alpha + Enhanced + One-Step,NASDAQ:ICHR,3.061338835990995e-07
2020-09-15,17,AR1 alpha + Enhanced + One-Step,NASDAQ:ICHR,1.1066204453995426e-07
2020-09-16,17,AR1 alpha + Enhanced + One-Step,NASDAQ:ICHR,3.689777048110816e-08
2020-09-17,17,AR1 alpha + Enhanced + One-Step,NASDAQ:ICHR,0.0
2020-09-18,17,AR1 alpha + Enhanced + One-Step,NASDAQ:ICHR,0.0
2020-09-21,17,AR1 alpha + Enhanced + One-Step,NASDAQ:ICHR,0.0
2020-09-22,17,AR1 alpha + Enhanced + One-Step,NASDAQ:ICHR,1.2813401744507e-08
2020-09-23,17,AR1 alpha + Enhanced + One-Step,NASDAQ:ICHR,0.0
2020-09-24,17,AR1 alpha + Enhanced + One-Step,NASDAQ:ICHR,0.0
2020-09-25,17,AR1 alpha + Enhanced + One-Step,NASDAQ:ICHR,0.0
2020-09-28,17,AR1 alpha + Enhanced + One-Step,NASDAQ:ICHR,0.0
2020-09-29,17,AR1 alpha + Enhanced + One-Step,NASDAQ:ICHR,1.373378937400371e-07
2020-09-30,17,AR1 alpha + Enhanced + One-Step,NASDAQ:ICHR,1.0536402537506537e-07
2020-10-01,17,AR1 alpha + Enhanced + One-Step,NASDAQ:ICHR,3.4453774065568153e-07
2020-10-02,17,AR1 alpha + Enhanced + One-Step,NASDAQ:ICHR,1.979111721504327e-07
2020-10-05,17,AR1 alpha + Enhanced + One-Step,NASDAQ:ICHR,3.6957921284961577e-07
2020-10-06,17,AR1 alpha + Enhanced + One-Step,NASDAQ:ICHR,4.619994846321592e-08
2020-10-07,17,AR1 alpha + Enhanced + One-Step,NASDAQ:ICHR,0.0
2020-10-08,17,AR1 alpha + Enhanced + One-Step,NASDAQ:ICHR,0.0
2020-10-09,17,AR1 alpha + Enhanced + One-Step,NASDAQ:ICHR,1.6713115469194669e-07
2020-10-12,17,AR1 alpha + Enhanced + One-Step,NASDAQ:ICHR,4.829068243535397e-08
2020-10-13,17,AR1 alpha + Enhanced + One-Step,NASDAQ:ICHR,3.543446358004923e-07
2020-10-14,17,AR1 alpha + Enhanced + One-Step,NASDAQ:ICHR,5.3146655297790995e-08
2020-10-15,17,AR1 alpha + Enhanced + One-Step,NASDAQ:ICHR,0.0
2020-10-16,17,AR1 alpha + Enhanced + One-Step,NASDAQ:ICHR,0.0
2020-10-19,17,AR1 alpha + Enhanced + One-Step,NASDAQ:ICHR,2.139732714510875e-09
2020-10-20,17,AR1 alpha + Enhanced + One-Step,NASDAQ:ICHR,0.0
2020-10-21,17,AR1 alpha + Enhanced + One-Step,NASDAQ:ICHR,4.670253664009239e-08
2020-10-22,17,AR1 alpha + Enhanced + One-Step,NASDAQ:ICHR,0.0
2020-10-23,17,AR1 alpha + Enhanced + One-Step,NASDAQ:ICHR,3.6881222553824276e-08
2020-10-26,17,AR1 alpha + Enhanced + One-Step,NASDAQ:ICHR,1.7374878436143444e-08
2020-10-27,17,AR1 alpha + Enhanced + One-Step,NASDAQ:ICHR,2.4237186603503875e-07
2020-10-28,17,AR1 alpha + Enhanced + One-Step,NASDAQ:ICHR,2.640859137952861e-07
2020-10-29,17,AR1 alpha + Enhanced + One-Step,NASDAQ:ICHR,4.3809668715087323e-07
2020-10-30,17,AR1 alpha + Enhanced + One-Step,NASDAQ:ICHR,1.8633343005105788e-07
2020-11-02,17,AR1 alpha + Enhanced + One-Step,NASDAQ:ICHR,6.17105011351158e-07
2020-11-03,17,AR1 alpha + Enhanced + One-Step,NASDAQ:ICHR,4.072479629772671e-07
2020-11-04,17,AR1 alpha + Enhanced + One-Step,NASDAQ:ICHR,1.2405712768991388e-06
2020-11-05,17,AR1 alpha + Enhanced + One-Step,NASDAQ:ICHR,5.419221921705766e-07
2020-11-06,17,AR1 alpha + Enhanced + One-Step,NASDAQ:ICHR,1.326558717886694e-07
2020-11-09,17,AR1 alpha + Enhanced + One-Step,NASDAQ:ICHR,0.0
2020-11-10,17,AR1 alpha + Enhanced + One-Step,NASDAQ:ICHR,1.8223158778041605e-07
2020-11-11,17,AR1 alpha + Enhanced + One-Step,NASDAQ:ICHR,1.5574158546036558e-07
2020-11-12,17,AR1 alpha + Enhanced + One-Step,NASDAQ:ICHR,7.267205563600083e-08
2020-11-13,17,AR1 alpha + Enhanced + One-Step,NASDAQ:ICHR,1.8548456340039853e-08
2020-11-16,17,AR1 alpha + Enhanced + One-Step,NASDAQ:ICHR,0.0
2020-11-17,17,AR1 alpha + Enhanced + One-Step,NASDAQ:ICHR,9.108492994062374e-08
2020-11-18,17,AR1 alpha + Enhanced + One-Step,NASDAQ:ICHR,4.741364188553226e-08
2020-11-19,17,AR1 alpha + Enhanced + One-Step,NASDAQ:ICHR,9.085349278578142e-09
2020-11-20,17,AR1 alpha + Enhanced + One-Step,NASDAQ:ICHR,2.6952009596946083e-09
2020-11-23,17,AR1 alpha + Enhanced + One-Step,NASDAQ:ICHR,3.2272108771490506e-08
2020-11-24,17,AR1 alpha + Enhanced + One-Step,NASDAQ:ICHR,0.0
2020-11-25,17,AR1 alpha + Enhanced + One-Step,NASDAQ:ICHR,0.0
2020-11-27,17,AR1 alpha + Enhanced + One-Step,NASDAQ:ICHR,0.0
2020-11-30,17,AR1 alpha + Enhanced + One-Step,NASDAQ:ICHR,0.0
2020-12-01,17,AR1 alpha + Enhanced + One-Step,NASDAQ:ICHR,2.2850519211936596e-08
2020-12-04,17,AR1 alpha + Enhanced + One-Step,NASDAQ:ICHR,1.62820571934787e-08
2020-12-07,17,AR1 alpha + Enhanced + One-Step,NASDAQ:ICHR,0.0
2020-12-08,17,AR1 alpha + Enhanced + One-Step,NASDAQ:ICHR,5.2175781009418335e-08
2020-12-09,17,AR1 alpha + Enhanced + One-Step,NASDAQ:ICHR,0.0
2020-12-10,17,AR1 alpha + Enhanced + One-Step,NASDAQ:ICHR,3.3263849870614603e-08
2020-12-11,17,AR1 alpha + Enhanced + One-Step,NASDAQ:ICHR,0.0
2020-12-14,17,AR1 alpha + Enhanced + One-Step,NASDAQ:ICHR,0.0
2020-12-15,17,AR1 alpha + Enhanced + One-Step,NASDAQ:ICHR,3.0309412696311365e-08
2020-12-16,17,AR1 alpha + Enhanced + One-Step,NASDAQ:ICHR,0.0
2020-12-17,17,AR1 alpha + Enhanced + One-Step,NASDAQ:ICHR,0.0
2020-12-18,17,AR1 alpha + Enhanced + One-Step,NASDAQ:ICHR,5.91055027055295e-07
2020-12-21,17,AR1 alpha + Enhanced + One-Step,NASDAQ:ICHR,4.126214520473892e-07
2020-12-22,17,AR1 alpha + Enhanced + One-Step,NASDAQ:ICHR,1.7209654190145536e-07
2020-12-23,17,AR1 alpha + Enhanced + One-Step,NASDAQ:ICHR,0.0
2020-12-24,17,AR1 alpha + Enhanced + One-Step,NASDAQ:ICHR,0.0
2020-12-28,17,AR1 alpha + Enhanced + One-Step,NASDAQ:ICHR,0.0
2020-12-29,17,AR1 alpha + Enhanced + One-Step,NASDAQ:ICHR,0.0
2020-12-30,17,AR1 alpha + Enhanced + One-Step,NASDAQ:ICHR,0.0
2020-12-31,17,AR1 alpha + Enhanced + One-Step,NASDAQ:ICHR,3.350186335170257e-09
2021-01-04,17,AR1 alpha + Enhanced + One-Step,NASDAQ:ICHR,3.4441779767550276e-09
2021-01-05,17,AR1 alpha + Enhanced + One-Step,NASDAQ:ICHR,1.530385155311962e-08
2021-01-06,17,AR1 alpha + Enhanced + One-Step,NASDAQ:ICHR,0.0
2021-01-07,17,AR1 alpha + Enhanced + One-Step,NASDAQ:ICHR,0.0
2021-01-08,17,AR1 alpha + Enhanced + One-Step,NASDAQ:ICHR,9.059740670273503e-08
2021-01-11,17,AR1 alpha + Enhanced + One-Step,NASDAQ:ICHR,0.0
2021-01-12,17,AR1 alpha + Enhanced + One-Step,NASDAQ:ICHR,0.0
2021-01-13,17,AR1 alpha + Enhanced + One-Step,NASDAQ:ICHR,0.0
2021-01-14,17,AR1 alpha + Enhanced + One-Step,NASDAQ:ICHR,0.0
2021-01-15,17,AR1 alpha + Enhanced + One-Step,NASDAQ:ICHR,4.269907412906571e-08
2021-01-19,17,AR1 alpha + Enhanced + One-Step,NASDAQ:ICHR,4.709198637063471e-09
2021-01-20,17,AR1 alpha + Enhanced + One-Step,NASDAQ:ICHR,8.484673450976374e-08
2021-01-21,17,AR1 alpha + Enhanced + One-Step,NASDAQ:ICHR,2.686179550829653e-07
2021-01-22,17,AR1 alpha + Enhanced + One-Step,NASDAQ:ICHR,0.0
2021-01-25,17,AR1 alpha + Enhanced + One-Step,NASDAQ:ICHR,0.0
2021-01-26,17,AR1 alpha + Enhanced + One-Step,NASDAQ:ICHR,0.0
2021-01-27,17,AR1 alpha + Enhanced + One-Step,NASDAQ:ICHR,7.800144914544616e-08
2021-01-28,17,AR1 alpha + Enhanced + One-Step,NASDAQ:ICHR,4.979399948876315e-07
2021-01-29,17,AR1 alpha + Enhanced + One-Step,NASDAQ:ICHR,4.5241227911592803e-08
2021-02-01,17,AR1 alpha + Enhanced + One-Step,NASDAQ:ICHR,0.0
2021-02-02,17,AR1 alpha + Enhanced + One-Step,NASDAQ:ICHR,0.0
2021-02-03,17,AR1 alpha + Enhanced + One-Step,NASDAQ:ICHR,0.0
2021-02-04,17,AR1 alpha + Enhanced + One-Step,NASDAQ:ICHR,0.0
2021-02-05,17,AR1 alpha + Enhanced + One-Step,NASDAQ:ICHR,1.3593501555064644e-07
2021-02-08,17,AR1 alpha + Enhanced + One-Step,NASDAQ:ICHR,2.890280860075985e-07
2021-02-09,17,AR1 alpha + Enhanced + One-Step,NASDAQ:ICHR,7.231906782755686e-08
2021-02-10,17,AR1 alpha + Enhanced + One-Step,NASDAQ:ICHR,1.727643496655472e-07
2021-02-11,17,AR1 alpha + Enhanced + One-Step,NASDAQ:ICHR,1.0845745627012678e-07
2021-02-12,17,AR1 alpha + Enhanced + One-Step,NASDAQ:ICHR,3.977428151891133e-08
2021-02-16,17,AR1 alpha + Enhanced + One-Step,NASDAQ:ICHR,1.2152903755931689e-08
2021-02-17,17,AR1 alpha + Enhanced + One-Step,NASDAQ:ICHR,2.20276936648759e-08
2021-02-18,17,AR1 alpha + Enhanced + One-Step,NASDAQ:ICHR,2.9731330628000113e-08
2021-02-19,17,AR1 alpha + Enhanced + One-Step,NASDAQ:ICHR,0.0
2021-02-22,17,AR1 alpha + Enhanced + One-Step,NASDAQ:ICHR,3.192396379417887e-07
2021-02-23,17,AR1 alpha + Enhanced + One-Step,NASDAQ:ICHR,8.127922883775705e-07
2021-02-24,17,AR1 alpha + Enhanced + One-Step,NASDAQ:ICHR,4.1784646459476677e-07
2021-02-25,17,AR1 alpha + Enhanced + One-Step,NASDAQ:ICHR,0.0
2021-02-26,17,AR1 alpha + Enhanced + One-Step,NASDAQ:ICHR,1.0129411774062891e-07
2021-03-01,17,AR1 alpha + Enhanced + One-Step,NASDAQ:ICHR,0.0
2021-03-02,17,AR1 alpha + Enhanced + One-Step,NASDAQ:ICHR,2.9121435142915442e-08
2021-03-03,17,AR1 alpha + Enhanced + One-Step,NASDAQ:ICHR,0.0
2021-03-04,17,AR1 alpha + Enhanced + One-Step,NASDAQ:ICHR,1.3525977830634108e-09
2021-03-05,17,AR1 alpha + Enhanced + One-Step,NASDAQ:ICHR,0.0
2021-03-08,17,AR1 alpha + Enhanced + One-Step,NASDAQ:ICHR,5.874721220537504e-09
2021-03-09,17,AR1 alpha + Enhanced + One-Step,NASDAQ:ICHR,4.906581287543849e-08
2021-03-10,17,AR1 alpha + Enhanced + One-Step,NASDAQ:ICHR,1.0020446941642302e-06
2021-03-11,17,AR1 alpha + Enhanced + One-Step,NASDAQ:ICHR,1.2871084042214398e-07
2021-03-12,17,AR1 alpha + Enhanced + One-Step,NASDAQ:ICHR,2.175432216464011e-08
2021-03-15,17,AR1 alpha + Enhanced + One-Step,NASDAQ:ICHR,1.0933647827701252e-06
2021-03-16,17,AR1 alpha + Enhanced + One-Step,NASDAQ:ICHR,4.589604924926803e-07
2021-03-17,17,AR1 alpha + Enhanced + One-Step,NASDAQ:ICHR,1.4449094285317147e-07
2021-03-18,17,AR1 alpha + Enhanced + One-Step,NASDAQ:ICHR,8.941762886638563e-08
2021-03-19,17,AR1 alpha + Enhanced + One-Step,NASDAQ:ICHR,2.5849834855509775e-08
2021-03-22,17,AR1 alpha + Enhanced + One-Step,NASDAQ:ICHR,1.4613944244959672e-07
2021-03-23,17,AR1 alpha + Enhanced + One-Step,NASDAQ:ICHR,1.8086143548254528e-07
2021-03-24,17,AR1 alpha + Enhanced + One-Step,NASDAQ:ICHR,5.5202132846591904e-08
2021-03-25,17,AR1 alpha + Enhanced + One-Step,NASDAQ:ICHR,8.409351943731836e-08
2021-03-26,17,AR1 alpha + Enhanced + One-Step,NASDAQ:ICHR,1.3037552632215792e-07
2021-03-29,17,AR1 alpha + Enhanced + One-Step,NASDAQ:ICHR,1.3164037729834917e-07
2021-03-30,17,AR1 alpha + Enhanced + One-Step,NASDAQ:ICHR,3.1271644767342323e-08
2021-03-31,17,AR1 alpha + Enhanced + One-Step,NASDAQ:ICHR,5.991953251929624e-08
2021-04-01,17,AR1 alpha + Enhanced + One-Step,NASDAQ:ICHR,8.162430541795281e-07
2021-04-05,17,AR1 alpha + Enhanced + One-Step,NASDAQ:ICHR,5.056991544996652e-08
2021-04-06,17,AR1 alpha + Enhanced + One-Step,NASDAQ:ICHR,0.0
2021-04-07,17,AR1 alpha + Enhanced + One-Step,NASDAQ:ICHR,0.0
2021-04-08,17,AR1 alpha + Enhanced + One-Step,NASDAQ:ICHR,0.0
2021-04-09,17,AR1 alpha + Enhanced + One-Step,NASDAQ:ICHR,0.0
2021-04-12,17,AR1 alpha + Enhanced + One-Step,NASDAQ:ICHR,0.0
2021-04-13,17,AR1 alpha + Enhanced + One-Step,NASDAQ:ICHR,0.0
2021-04-14,17,AR1 alpha + Enhanced + One-Step,NASDAQ:ICHR,0.0
2021-04-15,17,AR1 alpha + Enhanced + One-Step,NASDAQ:ICHR,1.967794390778239e-07
2021-04-16,17,AR1 alpha + Enhanced + One-Step,NASDAQ:ICHR,1.011136000081389e-07
2021-04-19,17,AR1 alpha + Enhanced + One-Step,NASDAQ:ICHR,5.8784710186981034e-08
2021-04-20,17,AR1 alpha + Enhanced + One-Step,NASDAQ:ICHR,0.004915187726526161
2021-04-21,17,AR1 alpha + Enhanced + One-Step,NASDAQ:ICHR,0.0
2021-04-22,17,AR1 alpha + Enhanced + One-Step,NASDAQ:ICHR,0.0
2021-04-23,17,AR1 alpha + Enhanced + One-Step,NASDAQ:ICHR,0.0
2021-04-26,17,AR1 alpha + Enhanced + One-Step,NASDAQ:ICHR,0.0
2021-04-27,17,AR1 alpha + Enhanced + One-Step,NASDAQ:ICHR,0.0
2021-04-28,17,AR1 alpha + Enhanced + One-Step,NASDAQ:ICHR,0.0
2021-04-29,17,AR1 alpha + Enhanced + One-Step,NASDAQ:ICHR,0.0
2021-04-30,17,AR1 alpha + Enhanced + One-Step,NASDAQ:ICHR,4.712155648509235e-08
2021-05-03,17,AR1 alpha + Enhanced + One-Step,NASDAQ:ICHR,1.2364871475826015e-06
2021-05-04,17,AR1 alpha + Enhanced + One-Step,NASDAQ:ICHR,5.160367912057099e-07
2021-05-05,17,AR1 alpha + Enhanced + One-Step,NASDAQ:ICHR,2.408058622768518e-07
2021-05-06,17,AR1 alpha + Enhanced + One-Step,NASDAQ:ICHR,5.721075072257284e-07
2021-05-07,17,AR1 alpha + Enhanced + One-Step,NASDAQ:ICHR,7.995578498405491e-07
2021-05-10,17,AR1 alpha + Enhanced + One-Step,NASDAQ:ICHR,0.016601127270520058
2021-05-11,17,AR1 alpha + Enhanced + One-Step,NASDAQ:ICHR,0.01660114126273407
2021-05-12,17,AR1 alpha + Enhanced + One-Step,NASDAQ:ICHR,0.04160623545439012
2021-05-13,17,AR1 alpha + Enhanced + One-Step,NASDAQ:ICHR,0.04160509227815406
2021-05-14,17,AR1 alpha + Enhanced + One-Step,NASDAQ:ICHR,0.03309845599562154
2021-05-17,17,AR1 alpha + Enhanced + One-Step,NASDAQ:ICHR,0.03309789213489463
2021-05-18,17,AR1 alpha + Enhanced + One-Step,NASDAQ:ICHR,0.03309836760691763
2021-05-19,17,AR1 alpha + Enhanced + One-Step,NASDAQ:ICHR,0.015306834361843828
2021-05-20,17,AR1 alpha + Enhanced + One-Step,NASDAQ:ICHR,0.01167166232211633
2021-05-21,17,AR1 alpha + Enhanced + One-Step,NASDAQ:ICHR,0.0010803196067407997
2021-05-24,17,AR1 alpha + Enhanced + One-Step,NASDAQ:ICHR,0.0
2021-05-25,17,AR1 alpha + Enhanced + One-Step,NASDAQ:ICHR,0.0
2021-05-26,17,AR1 alpha + Enhanced + One-Step,NASDAQ:ICHR,0.0
2021-05-27,17,AR1 alpha + Enhanced + One-Step,NASDAQ:ICHR,0.0
2021-05-28,17,AR1 alpha + Enhanced + One-Step,NASDAQ:ICHR,0.0
2021-06-01,17,AR1 alpha + Enhanced + One-Step,NASDAQ:ICHR,0.0
2021-06-02,17,AR1 alpha + Enhanced + One-Step,NASDAQ:ICHR,4.7660443383557036e-08
2021-06-03,17,AR1 alpha + Enhanced + One-Step,NASDAQ:ICHR,0.0
2021-06-04,17,AR1 alpha + Enhanced + One-Step,NASDAQ:ICHR,0.0
2021-06-07,17,AR1 alpha + Enhanced + One-Step,NASDAQ:ICHR,0.0
2021-06-08,17,AR1 alpha + Enhanced + One-Step,NASDAQ:ICHR,0.0
2021-06-09,17,AR1 alpha + Enhanced + One-Step,NASDAQ:ICHR,8.590758440703523e-07
2021-06-10,17,AR1 alpha + Enhanced + One-Step,NASDAQ:ICHR,2.3700875184832838e-07
2021-06-11,17,AR1 alpha + Enhanced + One-Step,NASDAQ:ICHR,1.153279824814014e-07
2021-06-14,17,AR1 alpha + Enhanced + One-Step,NASDAQ:ICHR,0.0
2021-06-15,17,AR1 alpha + Enhanced + One-Step,NASDAQ:ICHR,0.002001858479814472
2021-06-16,17,AR1 alpha + Enhanced + One-Step,NASDAQ:ICHR,0.005000345483940837
2021-06-17,17,AR1 alpha + Enhanced + One-Step,NASDAQ:ICHR,0.014532494253122575
2021-06-18,17,AR1 alpha + Enhanced + One-Step,NASDAQ:ICHR,0.03956115531080632
2021-06-21,17,AR1 alpha + Enhanced + One-Step,NASDAQ:ICHR,0.06459913236119827
2021-06-22,17,AR1 alpha + Enhanced + One-Step,NASDAQ:ICHR,0.0695797833459896
2021-06-23,17,AR1 alpha + Enhanced + One-Step,NASDAQ:ICHR,0.0695751414577124
2021-06-24,17,AR1 alpha + Enhanced + One-Step,NASDAQ:ICHR,0.04447801850399552
2021-06-25,17,AR1 alpha + Enhanced + One-Step,NASDAQ:ICHR,0.01941395581286162
2021-06-28,17,AR1 alpha + Enhanced + One-Step,NASDAQ:ICHR,2.4255094307522546e-07
2021-06-29,17,AR1 alpha + Enhanced + One-Step,NASDAQ:ICHR,0.0
2021-06-30,17,AR1 alpha + Enhanced + One-Step,NASDAQ:ICHR,0.0
2021-07-01,17,AR1 alpha + Enhanced + One-Step,NASDAQ:ICHR,0.0
2021-07-02,17,AR1 alpha + Enhanced + One-Step,NASDAQ:ICHR,0.0
2021-07-06,17,AR1 alpha + Enhanced + One-Step,NASDAQ:ICHR,0.0
2021-07-07,17,AR1 alpha + Enhanced + One-Step,NASDAQ:ICHR,4.268098702544721e-07
2021-07-08,17,AR1 alpha + Enhanced + One-Step,NASDAQ:ICHR,1.621387178909447e-07
2021-07-09,17,AR1 alpha + Enhanced + One-Step,NASDAQ:ICHR,0.0
2021-07-12,17,AR1 alpha + Enhanced + One-Step,NASDAQ:ICHR,0.0
2021-07-13,17,AR1 alpha + Enhanced + One-Step,NASDAQ:ICHR,0.0
2021-07-14,17,AR1 alpha + Enhanced + One-Step,NASDAQ:ICHR,0.0
2021-07-15,17,AR1 alpha + Enhanced + One-Step,NASDAQ:ICHR,0.005269416711948572
2021-07-16,17,AR1 alpha + Enhanced + One-Step,NASDAQ:ICHR,0.0277920721992979
2021-07-19,17,AR1 alpha + Enhanced + One-Step,NASDAQ:ICHR,0.018751308925057227
2021-07-20,17,AR1 alpha + Enhanced + One-Step,NASDAQ:ICHR,0.003535639301659016
2021-07-21,17,AR1 alpha + Enhanced + One-Step,NASDAQ:ICHR,7.349748364476734e-07
2021-07-22,17,AR1 alpha + Enhanced + One-Step,NASDAQ:ICHR,0.0
2021-07-23,17,AR1 alpha + Enhanced + One-Step,NASDAQ:ICHR,0.0
2021-07-26,17,AR1 alpha + Enhanced + One-Step,NASDAQ:ICHR,0.0
2021-07-27,17,AR1 alpha + Enhanced + One-Step,NASDAQ:ICHR,5.0767662325301155e-09
2021-07-28,17,AR1 alpha + Enhanced + One-Step,NASDAQ:ICHR,0.0
2021-07-29,17,AR1 alpha + Enhanced + One-Step,NASDAQ:ICHR,0.0
2021-07-30,17,AR1 alpha + Enhanced + One-Step,NASDAQ:ICHR,0.0
2021-08-02,17,AR1 alpha + Enhanced + One-Step,NASDAQ:ICHR,0.0
2021-08-03,17,AR1 alpha + Enhanced + One-Step,NASDAQ:ICHR,0.0
2021-08-04,17,AR1 alpha + Enhanced + One-Step,NASDAQ:ICHR,0.0
2021-08-05,17,AR1 alpha + Enhanced + One-Step,NASDAQ:ICHR,0.0
2021-08-06,17,AR1 alpha + Enhanced + One-Step,NASDAQ:ICHR,0.0
2021-08-09,17,AR1 alpha + Enhanced + One-Step,NASDAQ:ICHR,0.0
2021-08-10,17,AR1 alpha + Enhanced + One-Step,NASDAQ:ICHR,0.0
2021-08-11,17,AR1 alpha + Enhanced + One-Step,NASDAQ:ICHR,0.0
2021-08-12,17,AR1 alpha + Enhanced + One-Step,NASDAQ:ICHR,2.509014278033629e-07
2021-08-13,17,AR1 alpha + Enhanced + One-Step,NASDAQ:ICHR,2.0616772972213796e-07
2021-08-16,17,AR1 alpha + Enhanced + One-Step,NASDAQ:ICHR,5.182063477816447e-07
2021-08-17,17,AR1 alpha + Enhanced + One-Step,NASDAQ:ICHR,1.137382376228704e-06
2021-08-18,17,AR1 alpha + Enhanced + One-Step,NASDAQ:ICHR,5.637362550740521e-07
2021-08-19,17,AR1 alpha + Enhanced + One-Step,NASDAQ:ICHR,7.523550641747676e-07
2021-08-20,17,AR1 alpha + Enhanced + One-Step,NASDAQ:ICHR,0.0
2021-08-23,17,AR1 alpha + Enhanced + One-Step,NASDAQ:ICHR,0.0
2021-08-24,17,AR1 alpha + Enhanced + One-Step,NASDAQ:ICHR,4.9668889461405806e-08
2021-08-25,17,AR1 alpha + Enhanced + One-Step,NASDAQ:ICHR,2.998263892652424e-08
2021-08-26,17,AR1 alpha + Enhanced + One-Step,NASDAQ:ICHR,0.0
2021-08-27,17,AR1 alpha + Enhanced + One-Step,NASDAQ:ICHR,0.0
2021-08-30,17,AR1 alpha + Enhanced + One-Step,NASDAQ:ICHR,0.0
2021-08-31,17,AR1 alpha + Enhanced + One-Step,NASDAQ:ICHR,0.0
2021-09-01,17,AR1 alpha + Enhanced + One-Step,NASDAQ:ICHR,0.0
2021-09-02,17,AR1 alpha + Enhanced + One-Step,NASDAQ:ICHR,4.6191015348767854e-07
2021-09-03,17,AR1 alpha + Enhanced + One-Step,NASDAQ:ICHR,0.0
2021-09-07,17,AR1 alpha + Enhanced + One-Step,NASDAQ:ICHR,0.0
2021-09-08,17,AR1 alpha + Enhanced + One-Step,NASDAQ:ICHR,0.0
2021-09-09,17,AR1 alpha + Enhanced + One-Step,NASDAQ:ICHR,0.0
2021-09-10,17,AR1 alpha + Enhanced + One-Step,NASDAQ:ICHR,0.0
2021-09-13,17,AR1 alpha + Enhanced + One-Step,NASDAQ:ICHR,2.1966539940987985e-07
2021-09-14,17,AR1 alpha + Enhanced + One-Step,NASDAQ:ICHR,2.9454263182936046e-08
2021-09-15,17,AR1 alpha + Enhanced + One-Step,NASDAQ:ICHR,0.0
2021-09-16,17,AR1 alpha + Enhanced + One-Step,NASDAQ:ICHR,0.0
2021-09-17,17,AR1 alpha + Enhanced + One-Step,NASDAQ:ICHR,1.8296441085750122e-07
2021-09-20,17,AR1 alpha + Enhanced + One-Step,NASDAQ:ICHR,2.6811068019407607e-07
2021-09-21,17,AR1 alpha + Enhanced + One-Step,NASDAQ:ICHR,4.474482638399072e-07
2021-09-22,17,AR1 alpha + Enhanced + One-Step,NASDAQ:ICHR,1.2478144614238975e-07
2021-09-23,17,AR1 alpha + Enhanced + One-Step,NASDAQ:ICHR,2.3135508496416528e-07
2021-09-24,17,AR1 alpha + Enhanced + One-Step,NASDAQ:ICHR,1.0276816351579491e-07
2021-09-27,17,AR1 alpha + Enhanced + One-Step,NASDAQ:ICHR,0.0
2021-09-28,17,AR1 alpha + Enhanced + One-Step,NASDAQ:ICHR,0.0009708741840379324
2021-09-29,17,AR1 alpha + Enhanced + One-Step,NASDAQ:ICHR,0.017638110376546116
2021-09-30,17,AR1 alpha + Enhanced + One-Step,NASDAQ:ICHR,0.017638058440782808
2021-10-01,17,AR1 alpha + Enhanced + One-Step,NASDAQ:ICHR,0.01763801464426423
2021-10-04,17,AR1 alpha + Enhanced + One-Step,NASDAQ:ICHR,0.01763819548590955
2021-10-05,17,AR1 alpha + Enhanced + One-Step,NASDAQ:ICHR,0.004735500717307879
2021-10-06,17,AR1 alpha + Enhanced + One-Step,NASDAQ:ICHR,0.00017233410854119844
2021-10-07,17,AR1 alpha + Enhanced + One-Step,NASDAQ:ICHR,0.0
2021-10-08,17,AR1 alpha + Enhanced + One-Step,NASDAQ:ICHR,0.0
2021-10-11,17,AR1 alpha + Enhanced + One-Step,NASDAQ:ICHR,0.0
2021-10-12,17,AR1 alpha + Enhanced + One-Step,NASDAQ:ICHR,1.5768041977745197e-07
2021-10-13,17,AR1 alpha + Enhanced + One-Step,NASDAQ:ICHR,1.0178163853516267e-07
2021-10-14,17,AR1 alpha + Enhanced + One-Step,NASDAQ:ICHR,0.0
2021-10-15,17,AR1 alpha + Enhanced + One-Step,NASDAQ:ICHR,0.0
2021-10-18,17,AR1 alpha + Enhanced + One-Step,NASDAQ:ICHR,0.0
2021-10-19,17,AR1 alpha + Enhanced + One-Step,NASDAQ:ICHR,0.0
2021-10-20,17,AR1 alpha + Enhanced + One-Step,NASDAQ:ICHR,8.294353765413369e-08
2021-10-21,17,AR1 alpha + Enhanced + One-Step,NASDAQ:ICHR,3.459585750342756e-08
2021-10-22,17,AR1 alpha + Enhanced + One-Step,NASDAQ:ICHR,0.0
2021-10-25,17,AR1 alpha + Enhanced + One-Step,NASDAQ:ICHR,0.0
2021-10-26,17,AR1 alpha + Enhanced + One-Step,NASDAQ:ICHR,0.0
2021-10-27,17,AR1 alpha + Enhanced + One-Step,NASDAQ:ICHR,0.0
2021-10-28,17,AR1 alpha + Enhanced + One-Step,NASDAQ:ICHR,8.647648728233329e-08
2021-10-29,17,AR1 alpha + Enhanced + One-Step,NASDAQ:ICHR,0.0
2021-11-01,17,AR1 alpha + Enhanced + One-Step,NASDAQ:ICHR,0.0
2021-11-02,17,AR1 alpha + Enhanced + One-Step,NASDAQ:ICHR,0.0
2021-11-03,17,AR1 alpha + Enhanced + One-Step,NASDAQ:ICHR,1.6111560137718574e-06
2021-11-04,17,AR1 alpha + Enhanced + One-Step,NASDAQ:ICHR,1.302266422627207e-06
2021-11-05,17,AR1 alpha + Enhanced + One-Step,NASDAQ:ICHR,5.266709536405991e-07
2021-11-08,17,AR1 alpha + Enhanced + One-Step,NASDAQ:ICHR,1.255115136809789e-06
2021-11-09,17,AR1 alpha + Enhanced + One-Step,NASDAQ:ICHR,6.41480713287928e-07
2021-11-10,17,AR1 alpha + Enhanced + One-Step,NASDAQ:ICHR,6.640191777875718e-07
2021-11-11,17,AR1 alpha + Enhanced + One-Step,NASDAQ:ICHR,3.1096963237351355e-07
2021-11-12,17,AR1 alpha + Enhanced + One-Step,NASDAQ:ICHR,2.187311911566163e-07
2021-11-15,17,AR1 alpha + Enhanced + One-Step,NASDAQ:ICHR,4.2693560400723496e-07
2021-11-16,17,AR1 alpha + Enhanced + One-Step,NASDAQ:ICHR,0.0
2021-11-17,17,AR1 alpha + Enhanced + One-Step,NASDAQ:ICHR,0.0
2021-11-18,17,AR1 alpha + Enhanced + One-Step,NASDAQ:ICHR,0.0
2021-11-19,17,AR1 alpha + Enhanced + One-Step,NASDAQ:ICHR,1.5379356063100828e-07
2021-11-22,17,AR1 alpha + Enhanced + One-Step,NASDAQ:ICHR,1.9291594048899593e-07
2021-11-23,17,AR1 alpha + Enhanced + One-Step,NASDAQ:ICHR,0.0
2021-11-24,17,AR1 alpha + Enhanced + One-Step,NASDAQ:ICHR,0.0
2021-11-26,17,AR1 alpha + Enhanced + One-Step,NASDAQ:ICHR,0.0
2021-11-29,17,AR1 alpha + Enhanced + One-Step,NASDAQ:ICHR,0.0
2021-11-30,17,AR1 alpha + Enhanced + One-Step,NASDAQ:ICHR,0.0
2021-12-01,17,AR1 alpha + Enhanced + One-Step,NASDAQ:ICHR,0.0
2021-12-02,17,AR1 alpha + Enhanced + One-Step,NASDAQ:ICHR,0.0
2021-12-03,17,AR1 alpha + Enhanced + One-Step,NASDAQ:ICHR,3.951330138849179e-07
2021-12-06,17,AR1 alpha + Enhanced + One-Step,NASDAQ:ICHR,3.291174566349368e-07
2021-12-07,17,AR1 alpha + Enhanced + One-Step,NASDAQ:ICHR,7.845039007017277e-08
2021-12-08,17,AR1 alpha + Enhanced + One-Step,NASDAQ:ICHR,0.0
2021-12-09,17,AR1 alpha + Enhanced + One-Step,NASDAQ:ICHR,0.0
2021-12-10,17,AR1 alpha + Enhanced + One-Step,NASDAQ:ICHR,0.0
2021-12-13,17,AR1 alpha + Enhanced + One-Step,NASDAQ:ICHR,0.0
2021-12-14,17,AR1 alpha + Enhanced + One-Step,NASDAQ:ICHR,1.8540263232706854e-07
2021-12-15,17,AR1 alpha + Enhanced + One-Step,NASDAQ:ICHR,9.759567151898384e-08
2021-12-16,17,AR1 alpha + Enhanced + One-Step,NASDAQ:ICHR,9.751378391992801e-08
2021-12-17,17,AR1 alpha + Enhanced + One-Step,NASDAQ:ICHR,6.175511596998545e-10
2021-12-20,17,AR1 alpha + Enhanced + One-Step,NASDAQ:ICHR,0.0
2021-12-21,17,AR1 alpha + Enhanced + One-Step,NASDAQ:ICHR,1.1142080591125194e-07
2021-12-22,17,AR1 alpha + Enhanced + One-Step,NASDAQ:ICHR,0.0
2021-12-23,17,AR1 alpha + Enhanced + One-Step,NASDAQ:ICHR,1.5657607564310113e-07
2021-12-27,17,AR1 alpha + Enhanced + One-Step,NASDAQ:ICHR,6.845814756780984e-08
2021-12-28,17,AR1 alpha + Enhanced + One-Step,NASDAQ:ICHR,4.820525384642871e-08
2021-12-29,17,AR1 alpha + Enhanced + One-Step,NASDAQ:ICHR,1.9845201978868042e-07
2021-12-30,17,AR1 alpha + Enhanced + One-Step,NASDAQ:ICHR,1.1193832236697506e-07
2021-12-31,17,AR1 alpha + Enhanced + One-Step,NASDAQ:ICHR,2.5453361522489132e-08
2022-01-03,17,AR1 alpha + Enhanced + One-Step,NASDAQ:ICHR,0.0
2022-01-04,17,AR1 alpha + Enhanced + One-Step,NASDAQ:ICHR,1.0237797701019729e-08
2022-01-05,17,AR1 alpha + Enhanced + One-Step,NASDAQ:ICHR,3.013424520960512e-09
2022-01-06,17,AR1 alpha + Enhanced + One-Step,NASDAQ:ICHR,1.3982224296506233e-08
2022-01-07,17,AR1 alpha + Enhanced + One-Step,NASDAQ:ICHR,0.0
2022-01-10,17,AR1 alpha + Enhanced + One-Step,NASDAQ:ICHR,0.0
2022-01-11,17,AR1 alpha + Enhanced + One-Step,NASDAQ:ICHR,0.0
2022-01-12,17,AR1 alpha + Enhanced + One-Step,NASDAQ:ICHR,0.0
2022-01-13,17,AR1 alpha + Enhanced + One-Step,NASDAQ:ICHR,0.0
2022-01-14,17,AR1 alpha + Enhanced + One-Step,NASDAQ:ICHR,0.0
2022-01-18,17,AR1 alpha + Enhanced + One-Step,NASDAQ:ICHR,9.579648966698558e-08
2022-01-19,17,AR1 alpha + Enhanced + One-Step,NASDAQ:ICHR,0.0
2022-01-20,17,AR1 alpha + Enhanced + One-Step,NASDAQ:ICHR,2.3676736105348243e-08
2022-01-21,17,AR1 alpha + Enhanced + One-Step,NASDAQ:ICHR,0.0
2022-01-24,17,AR1 alpha + Enhanced + One-Step,NASDAQ:ICHR,0.0
2022-01-25,17,AR1 alpha + Enhanced + One-Step,NASDAQ:ICHR,1.4765966737767327e-08
2022-01-26,17,AR1 alpha + Enhanced + One-Step,NASDAQ:ICHR,5.7738147712258565e-08
2022-01-27,17,AR1 alpha + Enhanced + One-Step,NASDAQ:ICHR,0.025031085851712043
2022-01-28,17,AR1 alpha + Enhanced + One-Step,NASDAQ:ICHR,0.02503109677932741
2022-01-31,17,AR1 alpha + Enhanced + One-Step,NASDAQ:ICHR,7.304855098555346e-07
2022-02-01,17,AR1 alpha + Enhanced + One-Step,NASDAQ:ICHR,3.5647220252557654e-07
2022-02-02,17,AR1 alpha + Enhanced + One-Step,NASDAQ:ICHR,1.568588214888018e-07
2022-02-03,17,AR1 alpha + Enhanced + One-Step,NASDAQ:ICHR,0.0
2022-02-04,17,AR1 alpha + Enhanced + One-Step,NASDAQ:ICHR,0.0
2022-02-07,17,AR1 alpha + Enhanced + One-Step,NASDAQ:ICHR,0.0
2022-02-08,17,AR1 alpha + Enhanced + One-Step,NASDAQ:ICHR,0.0
2022-02-09,17,AR1 alpha + Enhanced + One-Step,NASDAQ:ICHR,0.0
2022-02-10,17,AR1 alpha + Enhanced + One-Step,NASDAQ:ICHR,1.3621775694490659e-08
2022-02-11,17,AR1 alpha + Enhanced + One-Step,NASDAQ:ICHR,2.0461222370229166e-07
2022-02-14,17,AR1 alpha + Enhanced + One-Step,NASDAQ:ICHR,6.811605931178126e-08
2022-02-15,17,AR1 alpha + Enhanced + One-Step,NASDAQ:ICHR,2.498276675672443e-08
2022-02-16,17,AR1 alpha + Enhanced + One-Step,NASDAQ:ICHR,9.347961032402314e-08
2022-02-17,17,AR1 alpha + Enhanced + One-Step,NASDAQ:ICHR,0.0
2022-02-18,17,AR1 alpha + Enhanced + One-Step,NASDAQ:ICHR,3.7892752710554176e-08
2022-02-22,17,AR1 alpha + Enhanced + One-Step,NASDAQ:ICHR,0.0017766954987802669
2022-02-23,17,AR1 alpha + Enhanced + One-Step,NASDAQ:ICHR,0.010460846365527812
2022-02-24,17,AR1 alpha + Enhanced + One-Step,NASDAQ:ICHR,0.0001924463773545067
2022-02-25,17,AR1 alpha + Enhanced + One-Step,NASDAQ:ICHR,0.0
2022-02-28,17,AR1 alpha + Enhanced + One-Step,NASDAQ:ICHR,1.0052685390545587e-08
2022-03-01,17,AR1 alpha + Enhanced + One-Step,NASDAQ:ICHR,3.822171506807362e-08
2022-03-02,17,AR1 alpha + Enhanced + One-Step,NASDAQ:ICHR,0.0
2022-03-03,17,AR1 alpha + Enhanced + One-Step,NASDAQ:ICHR,0.0
2022-03-04,17,AR1 alpha + Enhanced + One-Step,NASDAQ:ICHR,0.0
2022-03-07,17,AR1 alpha + Enhanced + One-Step,NASDAQ:ICHR,6.789550542220729e-07
2022-03-08,17,AR1 alpha + Enhanced + One-Step,NASDAQ:ICHR,3.4604274470016563e-07
2022-03-09,17,AR1 alpha + Enhanced + One-Step,NASDAQ:ICHR,0.0
2022-03-10,17,AR1 alpha + Enhanced + One-Step,NASDAQ:ICHR,9.742399217983766e-08
2022-03-11,17,AR1 alpha + Enhanced + One-Step,NASDAQ:ICHR,0.0
2022-03-14,17,AR1 alpha + Enhanced + One-Step,NASDAQ:ICHR,0.0
2022-03-15,17,AR1 alpha + Enhanced + One-Step,NASDAQ:ICHR,0.0
2022-03-16,17,AR1 alpha + Enhanced + One-Step,NASDAQ:ICHR,0.0
2022-03-17,17,AR1 alpha + Enhanced + One-Step,NASDAQ:ICHR,1.0911319939201437e-09
2022-03-18,17,AR1 alpha + Enhanced + One-Step,NASDAQ:ICHR,0.0
2022-03-21,17,AR1 alpha + Enhanced + One-Step,NASDAQ:ICHR,1.5171518968830078e-07
2022-03-22,17,AR1 alpha + Enhanced + One-Step,NASDAQ:ICHR,7.96964288890508e-08
2022-03-23,17,AR1 alpha + Enhanced + One-Step,NASDAQ:ICHR,3.552293757842274e-08
2022-03-24,17,AR1 alpha + Enhanced + One-Step,NASDAQ:ICHR,0.0
2022-03-25,17,AR1 alpha + Enhanced + One-Step,NASDAQ:ICHR,0.0
2022-03-28,17,AR1 alpha + Enhanced + One-Step,NASDAQ:ICHR,0.0
2022-03-29,17,AR1 alpha + Enhanced + One-Step,NASDAQ:ICHR,0.0
2022-03-30,17,AR1 alpha + Enhanced + One-Step,NASDAQ:ICHR,0.0
2022-03-31,17,AR1 alpha + Enhanced + One-Step,NASDAQ:ICHR,0.0
2022-04-01,17,AR1 alpha + Enhanced + One-Step,NASDAQ:ICHR,0.0
2022-04-04,17,AR1 alpha + Enhanced + One-Step,NASDAQ:ICHR,0.0
2022-04-05,17,AR1 alpha + Enhanced + One-Step,NASDAQ:ICHR,3.762756533765527e-08
2022-04-06,17,AR1 alpha + Enhanced + One-Step,NASDAQ:ICHR,8.224158996796066e-07
2022-04-07,17,AR1 alpha + Enhanced + One-Step,NASDAQ:ICHR,7.225032946804137e-08
2022-04-08,17,AR1 alpha + Enhanced + One-Step,NASDAQ:ICHR,3.836533717134562e-07
2022-04-11,17,AR1 alpha + Enhanced + One-Step,NASDAQ:ICHR,0.0
2022-04-12,17,AR1 alpha + Enhanced + One-Step,NASDAQ:ICHR,0.0
2022-04-13,17,AR1 alpha + Enhanced + One-Step,NASDAQ:ICHR,1.7840851846347565e-08
2022-04-14,17,AR1 alpha + Enhanced + One-Step,NASDAQ:ICHR,0.0
2022-04-18,17,AR1 alpha + Enhanced + One-Step,NASDAQ:ICHR,0.0
2022-04-19,17,AR1 alpha + Enhanced + One-Step,NASDAQ:ICHR,0.0
2022-04-20,17,AR1 alpha + Enhanced + One-Step,NASDAQ:ICHR,0.0
2022-04-21,17,AR1 alpha + Enhanced + One-Step,NASDAQ:ICHR,0.0
2022-04-22,17,AR1 alpha + Enhanced + One-Step,NASDAQ:ICHR,0.0
2022-04-25,17,AR1 alpha + Enhanced + One-Step,NASDAQ:ICHR,0.0
2022-04-26,17,AR1 alpha + Enhanced + One-Step,NASDAQ:ICHR,6.472453059099939e-08
2022-04-27,17,AR1 alpha + Enhanced + One-Step,NASDAQ:ICHR,0.0
2022-04-28,17,AR1 alpha + Enhanced + One-Step,NASDAQ:ICHR,0.0
2022-04-29,17,AR1 alpha + Enhanced + One-Step,NASDAQ:ICHR,0.0
2022-05-02,17,AR1 alpha + Enhanced + One-Step,NASDAQ:ICHR,0.0
2022-05-03,17,AR1 alpha + Enhanced + One-Step,NASDAQ:ICHR,1.4507040392659758e-08
2022-05-04,17,AR1 alpha + Enhanced + One-Step,NASDAQ:ICHR,0.0
2022-05-05,17,AR1 alpha + Enhanced + One-Step,NASDAQ:ICHR,0.0
2022-05-06,17,AR1 alpha + Enhanced + One-Step,NASDAQ:ICHR,1.7501195939543446e-07
2022-05-09,17,AR1 alpha + Enhanced + One-Step,NASDAQ:ICHR,0.0
2022-05-10,17,AR1 alpha + Enhanced + One-Step,NASDAQ:ICHR,0.0
2022-05-11,17,AR1 alpha + Enhanced + One-Step,NASDAQ:ICHR,0.0
2022-05-12,17,AR1 alpha + Enhanced + One-Step,NASDAQ:ICHR,0.0
2022-05-13,17,AR1 alpha + Enhanced + One-Step,NASDAQ:ICHR,0.0
2022-05-16,17,AR1 alpha + Enhanced + One-Step,NASDAQ:ICHR,0.0
2022-05-17,17,AR1 alpha + Enhanced + One-Step,NASDAQ:ICHR,0.0
2022-05-18,17,AR1 alpha + Enhanced + One-Step,NASDAQ:ICHR,0.0
2022-05-19,17,AR1 alpha + Enhanced + One-Step,NASDAQ:ICHR,0.0
2022-05-20,17,AR1 alpha + Enhanced + One-Step,NASDAQ:ICHR,0.0
2022-05-23,17,AR1 alpha + Enhanced + One-Step,NASDAQ:ICHR,0.0
2022-05-24,17,AR1 alpha + Enhanced + One-Step,NASDAQ:ICHR,0.0
2022-05-25,17,AR1 alpha + Enhanced + One-Step,NASDAQ:ICHR,0.0
2022-05-26,17,AR1 alpha + Enhanced + One-Step,NASDAQ:ICHR,0.0
2022-05-27,17,AR1 alpha + Enhanced + One-Step,NASDAQ:ICHR,4.4318247639157233e-07
2022-05-31,17,AR1 alpha + Enhanced + One-Step,NASDAQ:ICHR,0.0
2022-06-01,17,AR1 alpha + Enhanced + One-Step,NASDAQ:ICHR,9.865584193171461e-07
2022-06-02,17,AR1 alpha + Enhanced + One-Step,NASDAQ:ICHR,7.081738721666855e-08
2022-06-03,17,AR1 alpha + Enhanced + One-Step,NASDAQ:ICHR,0.0
2022-06-06,17,AR1 alpha + Enhanced + One-Step,NASDAQ:ICHR,0.0
2022-06-07,17,AR1 alpha + Enhanced + One-Step,NASDAQ:ICHR,0.0
2022-06-08,17,AR1 alpha + Enhanced + One-Step,NASDAQ:ICHR,0.0
2022-06-09,17,AR1 alpha + Enhanced + One-Step,NASDAQ:ICHR,0.0
2022-06-10,17,AR1 alpha + Enhanced + One-Step,NASDAQ:ICHR,0.0
2022-06-13,17,AR1 alpha + Enhanced + One-Step,NASDAQ:ICHR,0.0
2022-06-14,17,AR1 alpha + Enhanced + One-Step,NASDAQ:ICHR,0.0
2022-06-15,17,AR1 alpha + Enhanced + One-Step,NASDAQ:ICHR,0.0
2022-06-16,17,AR1 alpha + Enhanced + One-Step,NASDAQ:ICHR,0.0
2022-06-17,17,AR1 alpha + Enhanced + One-Step,NASDAQ:ICHR,2.6321124059115344e-07
2022-06-21,17,AR1 alpha + Enhanced + One-Step,NASDAQ:ICHR,0.0
2022-06-22,17,AR1 alpha + Enhanced + One-Step,NASDAQ:ICHR,0.0
2022-06-23,17,AR1 alpha + Enhanced + One-Step,NASDAQ:ICHR,0.0
2022-06-24,17,AR1 alpha + Enhanced + One-Step,NASDAQ:ICHR,0.0
2022-06-27,17,AR1 alpha + Enhanced + One-Step,NASDAQ:ICHR,0.0
2022-06-28,17,AR1 alpha + Enhanced + One-Step,NASDAQ:ICHR,0.0
2022-06-29,17,AR1 alpha + Enhanced + One-Step,NASDAQ:ICHR,0.0
2022-06-30,17,AR1 alpha + Enhanced + One-Step,NASDAQ:ICHR,7.570786826254974e-08
2022-07-01,17,AR1 alpha + Enhanced + One-Step,NASDAQ:ICHR,8.316021568543269e-08
2022-07-05,17,AR1 alpha + Enhanced + One-Step,NASDAQ:ICHR,3.1398267978490644e-08
2022-07-06,17,AR1 alpha + Enhanced + One-Step,NASDAQ:ICHR,0.0
2022-07-07,17,AR1 alpha + Enhanced + One-Step,NASDAQ:ICHR,0.0
2022-07-08,17,AR1 alpha + Enhanced + One-Step,NASDAQ:ICHR,0.0
2022-07-11,17,AR1 alpha + Enhanced + One-Step,NASDAQ:ICHR,0.0
2022-07-12,17,AR1 alpha + Enhanced + One-Step,NASDAQ:ICHR,0.0
2022-07-13,17,AR1 alpha + Enhanced + One-Step,NASDAQ:ICHR,0.0
2022-07-14,17,AR1 alpha + Enhanced + One-Step,NASDAQ:ICHR,0.0
2022-07-15,17,AR1 alpha + Enhanced + One-Step,NASDAQ:ICHR,0.0
2022-07-18,17,AR1 alpha + Enhanced + One-Step,NASDAQ:ICHR,0.0
2022-07-19,17,AR1 alpha + Enhanced + One-Step,NASDAQ:ICHR,0.0
2022-07-20,17,AR1 alpha + Enhanced + One-Step,NASDAQ:ICHR,0.0
2022-07-21,17,AR1 alpha + Enhanced + One-Step,NASDAQ:ICHR,0.0
2022-07-22,17,AR1 alpha + Enhanced + One-Step,NASDAQ:ICHR,0.0
2022-07-25,17,AR1 alpha + Enhanced + One-Step,NASDAQ:ICHR,2.2136051463913615e-07
2022-07-26,17,AR1 alpha + Enhanced + One-Step,NASDAQ:ICHR,6.558719436602622e-08
2022-07-27,17,AR1 alpha + Enhanced + One-Step,NASDAQ:ICHR,1.027999098628425e-10
2022-07-28,17,AR1 alpha + Enhanced + One-Step,NASDAQ:ICHR,0.0
2022-07-29,17,AR1 alpha + Enhanced + One-Step,NASDAQ:ICHR,0.0
2022-08-01,17,AR1 alpha + Enhanced + One-Step,NASDAQ:ICHR,0.0
2022-08-02,17,AR1 alpha + Enhanced + One-Step,NASDAQ:ICHR,0.0
2022-08-03,17,AR1 alpha + Enhanced + One-Step,NASDAQ:ICHR,0.0
2022-08-04,17,AR1 alpha + Enhanced + One-Step,NASDAQ:ICHR,1.5123218295308654e-07
2022-08-05,17,AR1 alpha + Enhanced + One-Step,NASDAQ:ICHR,0.0
2022-08-08,17,AR1 alpha + Enhanced + One-Step,NASDAQ:ICHR,0.0
2022-08-09,17,AR1 alpha + Enhanced + One-Step,NASDAQ:ICHR,3.0461847097720586e-07
2022-08-10,17,AR1 alpha + Enhanced + One-Step,NASDAQ:ICHR,0.0
2022-08-11,17,AR1 alpha + Enhanced + One-Step,NASDAQ:ICHR,0.0
2022-08-12,17,AR1 alpha + Enhanced + One-Step,NASDAQ:ICHR,0.0
2022-08-15,17,AR1 alpha + Enhanced + One-Step,NASDAQ:ICHR,0.0
2022-08-16,17,AR1 alpha + Enhanced + One-Step,NASDAQ:ICHR,3.079369508978443e-08
2022-08-17,17,AR1 alpha + Enhanced + One-Step,NASDAQ:ICHR,5.13405504260628e-07
2022-08-18,17,AR1 alpha + Enhanced + One-Step,NASDAQ:ICHR,0.0
2022-08-19,17,AR1 alpha + Enhanced + One-Step,NASDAQ:ICHR,0.0
2022-08-22,17,AR1 alpha + Enhanced + One-Step,NASDAQ:ICHR,0.0
2022-08-23,17,AR1 alpha + Enhanced + One-Step,NASDAQ:ICHR,0.0
2022-08-24,17,AR1 alpha + Enhanced + One-Step,NASDAQ:ICHR,0.0
2022-08-25,17,AR1 alpha + Enhanced + One-Step,NASDAQ:ICHR,0.0
2022-08-26,17,AR1 alpha + Enhanced + One-Step,NASDAQ:ICHR,0.0
2022-08-29,17,AR1 alpha + Enhanced + One-Step,NASDAQ:ICHR,0.0
2022-08-30,17,AR1 alpha + Enhanced + One-Step,NASDAQ:ICHR,0.0
2022-08-31,17,AR1 alpha + Enhanced + One-Step,NASDAQ:ICHR,0.0
2022-09-01,17,AR1 alpha + Enhanced + One-Step,NASDAQ:ICHR,1.7950872287477777e-07
2022-09-02,17,AR1 alpha + Enhanced + One-Step,NASDAQ:ICHR,8.855724070413042e-08
2022-09-06,17,AR1 alpha + Enhanced + One-Step,NASDAQ:ICHR,4.67904109151345e-08
2022-09-07,17,AR1 alpha + Enhanced + One-Step,NASDAQ:ICHR,2.9333784359234436e-08
2022-09-08,17,AR1 alpha + Enhanced + One-Step,NASDAQ:ICHR,5.843195499855492e-08
2022-09-09,17,AR1 alpha + Enhanced + One-Step,NASDAQ:ICHR,3.677980320323454e-08
2022-09-12,17,AR1 alpha + Enhanced + One-Step,NASDAQ:ICHR,0.0
2022-09-13,17,AR1 alpha + Enhanced + One-Step,NASDAQ:ICHR,0.0
2022-09-14,17,AR1 alpha + Enhanced + One-Step,NASDAQ:ICHR,0.0
2022-09-15,17,AR1 alpha + Enhanced + One-Step,NASDAQ:ICHR,0.0
2022-09-16,17,AR1 alpha + Enhanced + One-Step,NASDAQ:ICHR,3.3609354929993505e-08
2022-09-19,17,AR1 alpha + Enhanced + One-Step,NASDAQ:ICHR,0.0
2022-09-20,17,AR1 alpha + Enhanced + One-Step,NASDAQ:ICHR,6.321671956273746e-08
2022-09-21,17,AR1 alpha + Enhanced + One-Step,NASDAQ:ICHR,0.0
2022-09-22,17,AR1 alpha + Enhanced + One-Step,NASDAQ:ICHR,0.0
2022-09-23,17,AR1 alpha + Enhanced + One-Step,NASDAQ:ICHR,0.0
2022-09-26,17,AR1 alpha + Enhanced + One-Step,NASDAQ:ICHR,0.0
2022-09-27,17,AR1 alpha + Enhanced + One-Step,NASDAQ:ICHR,0.0
2022-09-28,17,AR1 alpha + Enhanced + One-Step,NASDAQ:ICHR,0.0
2022-09-29,17,AR1 alpha + Enhanced + One-Step,NASDAQ:ICHR,1.6330176175880316e-07
2022-09-30,17,AR1 alpha + Enhanced + One-Step,NASDAQ:ICHR,2.1329324806129137e-08
2022-10-03,17,AR1 alpha + Enhanced + One-Step,NASDAQ:ICHR,1.3577043159050682e-08
2022-10-04,17,AR1 alpha + Enhanced + One-Step,NASDAQ:ICHR,3.4883784409717096e-08
2022-10-05,17,AR1 alpha + Enhanced + One-Step,NASDAQ:ICHR,0.0
2022-10-06,17,AR1 alpha + Enhanced + One-Step,NASDAQ:ICHR,0.0
2022-10-07,17,AR1 alpha + Enhanced + One-Step,NASDAQ:ICHR,5.6123488986737396e-08
2022-10-10,17,AR1 alpha + Enhanced + One-Step,NASDAQ:ICHR,0.0
2022-10-11,17,AR1 alpha + Enhanced + One-Step,NASDAQ:ICHR,0.0
2022-10-12,17,AR1 alpha + Enhanced + One-Step,NASDAQ:ICHR,0.0
2022-10-13,17,AR1 alpha + Enhanced + One-Step,NASDAQ:ICHR,5.668660703953643e-07
2022-10-14,17,AR1 alpha + Enhanced + One-Step,NASDAQ:ICHR,1.408275409595037e-07
2022-10-17,17,AR1 alpha + Enhanced + One-Step,NASDAQ:ICHR,0.0
2022-10-18,17,AR1 alpha + Enhanced + One-Step,NASDAQ:ICHR,0.0
2022-10-19,17,AR1 alpha + Enhanced + One-Step,NASDAQ:ICHR,0.0
2022-10-20,17,AR1 alpha + Enhanced + One-Step,NASDAQ:ICHR,0.0
2022-10-21,17,AR1 alpha + Enhanced + One-Step,NASDAQ:ICHR,2.0532264937551437e-08
2022-10-24,17,AR1 alpha + Enhanced + One-Step,NASDAQ:ICHR,0.0
2022-10-25,17,AR1 alpha + Enhanced + One-Step,NASDAQ:ICHR,4.592414491398392e-09
2022-10-26,17,AR1 alpha + Enhanced + One-Step,NASDAQ:ICHR,4.074707091582745e-08
2022-10-27,17,AR1 alpha + Enhanced + One-Step,NASDAQ:ICHR,0.0
2022-10-28,17,AR1 alpha + Enhanced + One-Step,NASDAQ:ICHR,0.0
2022-10-31,17,AR1 alpha + Enhanced + One-Step,NASDAQ:ICHR,0.0
2022-11-01,17,AR1 alpha + Enhanced + One-Step,NASDAQ:ICHR,0.0
2022-11-02,17,AR1 alpha + Enhanced + One-Step,NASDAQ:ICHR,2.6474186044219457e-08
2022-11-03,17,AR1 alpha + Enhanced + One-Step,NASDAQ:ICHR,6.817992046314069e-07
2022-11-04,17,AR1 alpha + Enhanced + One-Step,NASDAQ:ICHR,7.310332307476352e-08
2022-11-07,17,AR1 alpha + Enhanced + One-Step,NASDAQ:ICHR,0.0
2022-11-08,17,AR1 alpha + Enhanced + One-Step,NASDAQ:ICHR,4.055142371217678e-08
2022-11-09,17,AR1 alpha + Enhanced + One-Step,NASDAQ:ICHR,0.0
2022-11-10,17,AR1 alpha + Enhanced + One-Step,NASDAQ:ICHR,1.0515225321500344e-08
2022-11-11,17,AR1 alpha + Enhanced + One-Step,NASDAQ:ICHR,0.0
2022-11-14,17,AR1 alpha + Enhanced + One-Step,NASDAQ:ICHR,0.0
2022-11-15,17,AR1 alpha + Enhanced + One-Step,NASDAQ:ICHR,6.9630806337718075e-09
2022-11-16,17,AR1 alpha + Enhanced + One-Step,NASDAQ:ICHR,0.0
2022-11-17,17,AR1 alpha + Enhanced + One-Step,NASDAQ:ICHR,0.0
2022-11-18,17,AR1 alpha + Enhanced + One-Step,NASDAQ:ICHR,1.872841422578643e-08
2022-11-21,17,AR1 alpha + Enhanced + One-Step,NASDAQ:ICHR,0.0
2022-11-22,17,AR1 alpha + Enhanced + One-Step,NASDAQ:ICHR,0.0
2022-11-23,17,AR1 alpha + Enhanced + One-Step,NASDAQ:ICHR,1.6238469187685594e-07
2022-11-25,17,AR1 alpha + Enhanced + One-Step,NASDAQ:ICHR,1.3788588461436835e-07
2022-11-28,17,AR1 alpha + Enhanced + One-Step,NASDAQ:ICHR,1.1828634866060656e-07
2022-11-29,17,AR1 alpha + Enhanced + One-Step,NASDAQ:ICHR,5.6796480318058895e-08
2022-11-30,17,AR1 alpha + Enhanced + One-Step,NASDAQ:ICHR,2.2455595191601962e-08
2022-12-01,17,AR1 alpha + Enhanced + One-Step,NASDAQ:ICHR,0.0
2022-12-02,17,AR1 alpha + Enhanced + One-Step,NASDAQ:ICHR,3.1974827695137673e-08
2022-12-05,17,AR1 alpha + Enhanced + One-Step,NASDAQ:ICHR,0.0
2022-12-06,17,AR1 alpha + Enhanced + One-Step,NASDAQ:ICHR,0.0
2022-12-07,17,AR1 alpha + Enhanced + One-Step,NASDAQ:ICHR,0.0
2022-12-08,17,AR1 alpha + Enhanced + One-Step,NASDAQ:ICHR,0.0
2022-12-09,17,AR1 alpha + Enhanced + One-Step,NASDAQ:ICHR,0.0
2022-12-12,17,AR1 alpha + Enhanced + One-Step,NASDAQ:ICHR,0.0
2022-12-13,17,AR1 alpha + Enhanced + One-Step,NASDAQ:ICHR,0.0
2022-12-14,17,AR1 alpha + Enhanced + One-Step,NASDAQ:ICHR,0.0
2022-12-15,17,AR1 alpha + Enhanced + One-Step,NASDAQ:ICHR,0.0
2022-12-16,17,AR1 alpha + Enhanced + One-Step,NASDAQ:ICHR,0.0
2022-12-19,17,AR1 alpha + Enhanced + One-Step,NASDAQ:ICHR,0.0
2022-12-20,17,AR1 alpha + Enhanced + One-Step,NASDAQ:ICHR,0.0
2022-12-21,17,AR1 alpha + Enhanced + One-Step,NASDAQ:ICHR,0.0
2022-12-22,17,AR1 alpha + Enhanced + One-Step,NASDAQ:ICHR,2.344952375932246e-10
2022-12-23,17,AR1 alpha + Enhanced + One-Step,NASDAQ:ICHR,1.2022678703610804e-08
2022-12-27,17,AR1 alpha + Enhanced + One-Step,NASDAQ:ICHR,1.4355223863404155e-08
2022-12-28,17,AR1 alpha + Enhanced + One-Step,NASDAQ:ICHR,0.0
2022-12-29,17,AR1 alpha + Enhanced + One-Step,NASDAQ:ICHR,0.0
2022-12-30,17,AR1 alpha + Enhanced + One-Step,NASDAQ:ICHR,0.0
2023-01-03,17,AR1 alpha + Enhanced + One-Step,NASDAQ:ICHR,2.1377684634465275e-10
2023-01-04,17,AR1 alpha + Enhanced + One-Step,NASDAQ:ICHR,0.0
2023-01-05,17,AR1 alpha + Enhanced + One-Step,NASDAQ:ICHR,2.227115573318642e-07
2023-01-06,17,AR1 alpha + Enhanced + One-Step,NASDAQ:ICHR,5.059290255250204e-08
2023-01-09,17,AR1 alpha + Enhanced + One-Step,NASDAQ:ICHR,0.0
2023-01-10,17,AR1 alpha + Enhanced + One-Step,NASDAQ:ICHR,4.29227184466533e-07
2023-01-11,17,AR1 alpha + Enhanced + One-Step,NASDAQ:ICHR,0.0
2023-01-12,17,AR1 alpha + Enhanced + One-Step,NASDAQ:ICHR,0.0
2023-01-13,17,AR1 alpha + Enhanced + One-Step,NASDAQ:ICHR,0.0
2023-01-17,17,AR1 alpha + Enhanced + One-Step,NASDAQ:ICHR,0.0
2023-01-18,17,AR1 alpha + Enhanced + One-Step,NASDAQ:ICHR,2.1219394920279607e-07
2023-01-19,17,AR1 alpha + Enhanced + One-Step,NASDAQ:ICHR,0.0
2023-01-20,17,AR1 alpha + Enhanced + One-Step,NASDAQ:ICHR,0.0
2023-01-23,17,AR1 alpha + Enhanced + One-Step,NASDAQ:ICHR,0.0
2023-01-24,17,AR1 alpha + Enhanced + One-Step,NASDAQ:ICHR,1.2184267135358956e-08
2023-01-25,17,AR1 alpha + Enhanced + One-Step,NASDAQ:ICHR,2.992510180814766e-08
2023-01-26,17,AR1 alpha + Enhanced + One-Step,NASDAQ:ICHR,2.3481590081562357e-08
2023-01-27,17,AR1 alpha + Enhanced + One-Step,NASDAQ:ICHR,0.0
2023-01-30,17,AR1 alpha + Enhanced + One-Step,NASDAQ:ICHR,1.147096163220035e-07
2023-01-31,17,AR1 alpha + Enhanced + One-Step,NASDAQ:ICHR,0.0
2023-02-01,17,AR1 alpha + Enhanced + One-Step,NASDAQ:ICHR,0.0
2023-02-02,17,AR1 alpha + Enhanced + One-Step,NASDAQ:ICHR,5.284420928105277e-07
2023-02-03,17,AR1 alpha + Enhanced + One-Step,NASDAQ:ICHR,1.9374401441717163e-07
2023-02-06,17,AR1 alpha + Enhanced + One-Step,NASDAQ:ICHR,4.351322610454227e-07
2023-02-07,17,AR1 alpha + Enhanced + One-Step,NASDAQ:ICHR,1.0818221915973862e-06
2023-02-08,17,AR1 alpha + Enhanced + One-Step,NASDAQ:ICHR,2.9872614810107594e-07
2023-02-09,17,AR1 alpha + Enhanced + One-Step,NASDAQ:ICHR,6.317446598117773e-08
2023-02-10,17,AR1 alpha + Enhanced + One-Step,NASDAQ:ICHR,0.0
2023-02-13,17,AR1 alpha + Enhanced + One-Step,NASDAQ:ICHR,0.0
2023-02-14,17,AR1 alpha + Enhanced + One-Step,NASDAQ:ICHR,3.904760563254482e-07
2023-02-15,17,AR1 alpha + Enhanced + One-Step,NASDAQ:ICHR,1.6501368880220167e-07
2023-02-16,17,AR1 alpha + Enhanced + One-Step,NASDAQ:ICHR,0.0
2023-02-17,17,AR1 alpha + Enhanced + One-Step,NASDAQ:ICHR,0.0
2023-02-21,17,AR1 alpha + Enhanced + One-Step,NASDAQ:ICHR,0.0
2023-02-22,17,AR1 alpha + Enhanced + One-Step,NASDAQ:ICHR,0.0
2023-02-23,17,AR1 alpha + Enhanced + One-Step,NASDAQ:ICHR,0.0
2023-02-24,17,AR1 alpha + Enhanced + One-Step,NASDAQ:ICHR,7.919477529957626e-07
2023-02-27,17,AR1 alpha + Enhanced + One-Step,NASDAQ:ICHR,3.438163328327453e-07
2023-02-28,17,AR1 alpha + Enhanced + One-Step,NASDAQ:ICHR,4.4288755514045166e-07
2023-03-01,17,AR1 alpha + Enhanced + One-Step,NASDAQ:ICHR,3.47458071599349e-09
2023-03-02,17,AR1 alpha + Enhanced + One-Step,NASDAQ:ICHR,0.0
2023-03-03,17,AR1 alpha + Enhanced + One-Step,NASDAQ:ICHR,0.0
2023-03-06,17,AR1 alpha + Enhanced + One-Step,NASDAQ:ICHR,0.0
2023-03-07,17,AR1 alpha + Enhanced + One-Step,NASDAQ:ICHR,5.796453582154258e-08
2023-03-08,17,AR1 alpha + Enhanced + One-Step,NASDAQ:ICHR,6.087090102205741e-08
2023-03-09,17,AR1 alpha + Enhanced + One-Step,NASDAQ:ICHR,3.2206736394562876e-08
2023-03-10,17,AR1 alpha + Enhanced + One-Step,NASDAQ:ICHR,0.0
2023-03-13,17,AR1 alpha + Enhanced + One-Step,NASDAQ:ICHR,0.0
2023-03-14,17,AR1 alpha + Enhanced + One-Step,NASDAQ:ICHR,0.0
2023-03-15,17,AR1 alpha + Enhanced + One-Step,NASDAQ:ICHR,0.0
2023-03-16,17,AR1 alpha + Enhanced + One-Step,NASDAQ:ICHR,6.956680681480184e-09
2023-03-17,17,AR1 alpha + Enhanced + One-Step,NASDAQ:ICHR,0.0
2023-03-20,17,AR1 alpha + Enhanced + One-Step,NASDAQ:ICHR,0.0
2023-03-21,17,AR1 alpha + Enhanced + One-Step,NASDAQ:ICHR,0.0
2023-03-22,17,AR1 alpha + Enhanced + One-Step,NASDAQ:ICHR,0.0
2023-03-23,17,AR1 alpha + Enhanced + One-Step,NASDAQ:ICHR,0.0
2023-03-24,17,AR1 alpha + Enhanced + One-Step,NASDAQ:ICHR,1.4173990354467934e-08
2023-03-27,17,AR1 alpha + Enhanced + One-Step,NASDAQ:ICHR,0.0
2023-03-28,17,AR1 alpha + Enhanced + One-Step,NASDAQ:ICHR,0.0
2023-03-29,17,AR1 alpha + Enhanced + One-Step,NASDAQ:ICHR,5.0053217876421764e-09
2023-03-30,17,AR1 alpha + Enhanced + One-Step,NASDAQ:ICHR,1.2962910052917398e-08
2023-03-31,17,AR1 alpha + Enhanced + One-Step,NASDAQ:ICHR,7.901921669810995e-08
2023-04-03,17,AR1 alpha + Enhanced + One-Step,NASDAQ:ICHR,0.0
2023-04-04,17,AR1 alpha + Enhanced + One-Step,NASDAQ:ICHR,0.0
2023-04-05,17,AR1 alpha + Enhanced + One-Step,NASDAQ:ICHR,0.0
2023-04-06,17,AR1 alpha + Enhanced + One-Step,NASDAQ:ICHR,1.153368412705998e-07
2023-04-10,17,AR1 alpha + Enhanced + One-Step,NASDAQ:ICHR,4.5632389258922135e-07
2023-04-11,17,AR1 alpha + Enhanced + One-Step,NASDAQ:ICHR,0.0
2023-04-12,17,AR1 alpha + Enhanced + One-Step,NASDAQ:ICHR,0.0
2023-04-13,17,AR1 alpha + Enhanced + One-Step,NASDAQ:ICHR,0.0
2023-04-14,17,AR1 alpha + Enhanced + One-Step,NASDAQ:ICHR,7.793169067494918e-08
2023-04-17,17,AR1 alpha + Enhanced + One-Step,NASDAQ:ICHR,7.262839217162822e-08
2023-04-18,17,AR1 alpha + Enhanced + One-Step,NASDAQ:ICHR,0.0
2023-04-19,17,AR1 alpha + Enhanced + One-Step,NASDAQ:ICHR,0.0
2023-04-20,17,AR1 alpha + Enhanced + One-Step,NASDAQ:ICHR,9.671065343605753e-09
2023-04-21,17,AR1 alpha + Enhanced + One-Step,NASDAQ:ICHR,0.0
2023-04-24,17,AR1 alpha + Enhanced + One-Step,NASDAQ:ICHR,0.0
2023-04-25,17,AR1 alpha + Enhanced + One-Step,NASDAQ:ICHR,0.0
2023-04-26,17,AR1 alpha + Enhanced + One-Step,NASDAQ:ICHR,0.0
2023-04-27,17,AR1 alpha + Enhanced + One-Step,NASDAQ:ICHR,0.0
2023-04-28,17,AR1 alpha + Enhanced + One-Step,NASDAQ:ICHR,8.474873955090656e-08
2023-05-01,17,AR1 alpha + Enhanced + One-Step,NASDAQ:ICHR,2.124086386005959e-08
2023-05-02,17,AR1 alpha + Enhanced + One-Step,NASDAQ:ICHR,7.36410940580249e-08
2023-05-03,17,AR1 alpha + Enhanced + One-Step,NASDAQ:ICHR,0.0
2023-05-04,17,AR1 alpha + Enhanced + One-Step,NASDAQ:ICHR,0.0
2023-05-05,17,AR1 alpha + Enhanced + One-Step,NASDAQ:ICHR,0.0
2023-05-08,17,AR1 alpha + Enhanced + One-Step,NASDAQ:ICHR,4.394294393503776e-08
2023-05-09,17,AR1 alpha + Enhanced + One-Step,NASDAQ:ICHR,0.0
2023-05-10,17,AR1 alpha + Enhanced + One-Step,NASDAQ:ICHR,3.711191096629028e-07
2023-05-11,17,AR1 alpha + Enhanced + One-Step,NASDAQ:ICHR,1.6943780257609454e-07
2023-05-12,17,AR1 alpha + Enhanced + One-Step,NASDAQ:ICHR,2.1655309905854015e-07
2023-05-15,17,AR1 alpha + Enhanced + One-Step,NASDAQ:ICHR,1.960726359874355e-09
2023-05-16,17,AR1 alpha + Enhanced + One-Step,NASDAQ:ICHR,0.0
2023-05-17,17,AR1 alpha + Enhanced + One-Step,NASDAQ:ICHR,0.0
2023-05-18,17,AR1 alpha + Enhanced + One-Step,NASDAQ:ICHR,8.461296510869196e-07
2023-05-19,17,AR1 alpha + Enhanced + One-Step,NASDAQ:ICHR,2.503531828561864e-07
2023-05-22,17,AR1 alpha + Enhanced + One-Step,NASDAQ:ICHR,1.0370036511051412e-07
2023-05-23,17,AR1 alpha + Enhanced + One-Step,NASDAQ:ICHR,0.0
2023-05-24,17,AR1 alpha + Enhanced + One-Step,NASDAQ:ICHR,0.0
2023-05-25,17,AR1 alpha + Enhanced + One-Step,NASDAQ:ICHR,0.0
2023-05-26,17,AR1 alpha + Enhanced + One-Step,NASDAQ:ICHR,2.600541954723388e-08
2023-05-30,17,AR1 alpha + Enhanced + One-Step,NASDAQ:ICHR,3.6454628538651814e-08
2023-05-31,17,AR1 alpha + Enhanced + One-Step,NASDAQ:ICHR,0.0
2023-06-01,17,AR1 alpha + Enhanced + One-Step,NASDAQ:ICHR,0.0
2023-06-02,17,AR1 alpha + Enhanced + One-Step,NASDAQ:ICHR,0.0
2023-06-05,17,AR1 alpha + Enhanced + One-Step,NASDAQ:ICHR,0.0
2023-06-06,17,AR1 alpha + Enhanced + One-Step,NASDAQ:ICHR,1.0671519116315654e-06
2023-06-07,17,AR1 alpha + Enhanced + One-Step,NASDAQ:ICHR,2.403475040864041e-07
2023-06-08,17,AR1 alpha + Enhanced + One-Step,NASDAQ:ICHR,0.0
2023-06-09,17,AR1 alpha + Enhanced + One-Step,NASDAQ:ICHR,0.0
2023-06-12,17,AR1 alpha + Enhanced + One-Step,NASDAQ:ICHR,0.0
2023-06-13,17,AR1 alpha + Enhanced + One-Step,NASDAQ:ICHR,0.0
2023-06-14,17,AR1 alpha + Enhanced + One-Step,NASDAQ:ICHR,0.0
2023-06-15,17,AR1 alpha + Enhanced + One-Step,NASDAQ:ICHR,0.0
2023-06-16,17,AR1 alpha + Enhanced + One-Step,NASDAQ:ICHR,0.0
2023-06-20,17,AR1 alpha + Enhanced + One-Step,NASDAQ:ICHR,0.0
2023-06-21,17,AR1 alpha + Enhanced + One-Step,NASDAQ:ICHR,0.0
2023-06-22,17,AR1 alpha + Enhanced + One-Step,NASDAQ:ICHR,0.0
2023-06-23,17,AR1 alpha + Enhanced + One-Step,NASDAQ:ICHR,0.0
2023-06-26,17,AR1 alpha + Enhanced + One-Step,NASDAQ:ICHR,0.0
2023-06-27,17,AR1 alpha + Enhanced + One-Step,NASDAQ:ICHR,0.0
2023-06-28,17,AR1 alpha + Enhanced + One-Step,NASDAQ:ICHR,0.0
2023-06-29,17,AR1 alpha + Enhanced + One-Step,NASDAQ:ICHR,0.0
2023-06-30,17,AR1 alpha + Enhanced + One-Step,NASDAQ:ICHR,0.0
2023-07-03,17,AR1 alpha + Enhanced + One-Step,NASDAQ:ICHR,0.0
2023-07-05,17,AR1 alpha + Enhanced + One-Step,NASDAQ:ICHR,3.654650814514941e-08
2023-07-06,17,AR1 alpha + Enhanced + One-Step,NASDAQ:ICHR,0.0
2023-07-07,17,AR1 alpha + Enhanced + One-Step,NASDAQ:ICHR,1.6515366651112647e-07
2023-07-10,17,AR1 alpha + Enhanced + One-Step,NASDAQ:ICHR,1.4321515846855935e-07
2023-07-11,17,AR1 alpha + Enhanced + One-Step,NASDAQ:ICHR,0.0
2023-07-12,17,AR1 alpha + Enhanced + One-Step,NASDAQ:ICHR,1.2322781437051165e-07
2023-07-13,17,AR1 alpha + Enhanced + One-Step,NASDAQ:ICHR,0.0
2023-07-14,17,AR1 alpha + Enhanced + One-Step,NASDAQ:ICHR,0.0
2023-07-17,17,AR1 alpha + Enhanced + One-Step,NASDAQ:ICHR,0.0
2023-07-18,17,AR1 alpha + Enhanced + One-Step,NASDAQ:ICHR,2.7533784302607367e-07
2023-07-19,17,AR1 alpha + Enhanced + One-Step,NASDAQ:ICHR,0.0
2023-07-20,17,AR1 alpha + Enhanced + One-Step,NASDAQ:ICHR,0.0
2023-07-21,17,AR1 alpha + Enhanced + One-Step,NASDAQ:ICHR,0.0
2023-07-24,17,AR1 alpha + Enhanced + One-Step,NASDAQ:ICHR,0.0
2023-07-25,17,AR1 alpha + Enhanced + One-Step,NASDAQ:ICHR,0.0
2023-07-26,17,AR1 alpha + Enhanced + One-Step,NASDAQ:ICHR,0.0
2023-07-27,17,AR1 alpha + Enhanced + One-Step,NASDAQ:ICHR,0.0
2023-08-01,17,AR1 alpha + Enhanced + One-Step,NASDAQ:ICHR,0.0
2023-08-02,17,AR1 alpha + Enhanced + One-Step,NASDAQ:ICHR,0.0
2023-08-03,17,AR1 alpha + Enhanced + One-Step,NASDAQ:ICHR,4.0914980765254967e-08
2023-08-04,17,AR1 alpha + Enhanced + One-Step,NASDAQ:ICHR,1.7939395669562217e-06
2023-08-07,17,AR1 alpha + Enhanced + One-Step,NASDAQ:ICHR,7.199753416919692e-07
2023-08-08,17,AR1 alpha + Enhanced + One-Step,NASDAQ:ICHR,2.2814542106765837e-07
2023-08-09,17,AR1 alpha + Enhanced + One-Step,NASDAQ:ICHR,0.0
2023-08-10,17,AR1 alpha + Enhanced + One-Step,NASDAQ:ICHR,0.0
2023-08-11,17,AR1 alpha + Enhanced + One-Step,NASDAQ:ICHR,0.0
2023-08-14,17,AR1 alpha + Enhanced + One-Step,NASDAQ:ICHR,0.0
2023-08-15,17,AR1 alpha + Enhanced + One-Step,NASDAQ:ICHR,0.0
2023-08-16,17,AR1 alpha + Enhanced + One-Step,NASDAQ:ICHR,0.0
2023-08-17,17,AR1 alpha + Enhanced + One-Step,NASDAQ:ICHR,0.0
2023-08-18,17,AR1 alpha + Enhanced + One-Step,NASDAQ:ICHR,0.0
2023-08-21,17,AR1 alpha + Enhanced + One-Step,NASDAQ:ICHR,0.0
2023-08-22,17,AR1 alpha + Enhanced + One-Step,NASDAQ:ICHR,0.0
2023-08-23,17,AR1 alpha + Enhanced + One-Step,NASDAQ:ICHR,0.0
2023-08-24,17,AR1 alpha + Enhanced + One-Step,NASDAQ:ICHR,0.0
2023-08-25,17,AR1 alpha + Enhanced + One-Step,NASDAQ:ICHR,0.0
2023-08-28,17,AR1 alpha + Enhanced + One-Step,NASDAQ:ICHR,0.0
2023-08-29,17,AR1 alpha + Enhanced + One-Step,NASDAQ:ICHR,0.0
2023-08-30,17,AR1 alpha + Enhanced + One-Step,NASDAQ:ICHR,0.0
2023-08-31,17,AR1 alpha + Enhanced + One-Step,NASDAQ:ICHR,0.0
2023-09-01,17,AR1 alpha + Enhanced + One-Step,NASDAQ:ICHR,0.0
2023-09-05,17,AR1 alpha + Enhanced + One-Step,NASDAQ:ICHR,0.0
2023-09-06,17,AR1 alpha + Enhanced + One-Step,NASDAQ:ICHR,0.0
2023-09-07,17,AR1 alpha + Enhanced + One-Step,NASDAQ:ICHR,0.0
2023-09-08,17,AR1 alpha + Enhanced + One-Step,NASDAQ:ICHR,0.0
2023-09-11,17,AR1 alpha + Enhanced + One-Step,NASDAQ:ICHR,3.672980703383904e-08
2023-09-12,17,AR1 alpha + Enhanced + One-Step,NASDAQ:ICHR,8.959647204625015e-08
2023-09-13,17,AR1 alpha + Enhanced + One-Step,NASDAQ:ICHR,0.0
2023-09-14,17,AR1 alpha + Enhanced + One-Step,NASDAQ:ICHR,3.952316041508533e-08
2023-09-15,17,AR1 alpha + Enhanced + One-Step,NASDAQ:ICHR,1.9407965528941826e-07
2023-09-18,17,AR1 alpha + Enhanced + One-Step,NASDAQ:ICHR,1.6914871063155016e-08
2023-09-19,17,AR1 alpha + Enhanced + One-Step,NASDAQ:ICHR,1.2021224950860852e-08
2023-09-20,17,AR1 alpha + Enhanced + One-Step,NASDAQ:ICHR,2.5653719390781918e-08
2023-09-21,17,AR1 alpha + Enhanced + One-Step,NASDAQ:ICHR,7.257728714131479e-08
2023-09-22,17,AR1 alpha + Enhanced + One-Step,NASDAQ:ICHR,5.759577446299759e-08
2023-09-25,17,AR1 alpha + Enhanced + One-Step,NASDAQ:ICHR,0.0
2023-09-26,17,AR1 alpha + Enhanced + One-Step,NASDAQ:ICHR,0.0
2023-09-27,17,AR1 alpha + Enhanced + One-Step,NASDAQ:ICHR,0.0
2023-09-28,17,AR1 alpha + Enhanced + One-Step,NASDAQ:ICHR,0.0
2023-09-29,17,AR1 alpha + Enhanced + One-Step,NASDAQ:ICHR,0.0
2023-10-02,17,AR1 alpha + Enhanced + One-Step,NASDAQ:ICHR,0.0
2023-10-03,17,AR1 alpha + Enhanced + One-Step,NASDAQ:ICHR,0.0
2023-10-04,17,AR1 alpha + Enhanced + One-Step,NASDAQ:ICHR,0.0
2023-10-05,17,AR1 alpha + Enhanced + One-Step,NASDAQ:ICHR,0.0
2023-10-06,17,AR1 alpha + Enhanced + One-Step,NASDAQ:ICHR,0.0
2023-10-09,17,AR1 alpha + Enhanced + One-Step,NASDAQ:ICHR,0.0
2023-10-10,17,AR1 alpha + Enhanced + One-Step,NASDAQ:ICHR,0.0
2023-10-11,17,AR1 alpha + Enhanced + One-Step,NASDAQ:ICHR,0.0
2023-10-12,17,AR1 alpha + Enhanced + One-Step,NASDAQ:ICHR,8.460917543272003e-10
2023-10-13,17,AR1 alpha + Enhanced + One-Step,NASDAQ:ICHR,1.6466610294281056e-08
2023-10-16,17,AR1 alpha + Enhanced + One-Step,NASDAQ:ICHR,3.170930715880301e-08
2023-10-17,17,AR1 alpha + Enhanced + One-Step,NASDAQ:ICHR,0.0
2023-10-18,17,AR1 alpha + Enhanced + One-Step,NASDAQ:ICHR,9.743417920198718e-08
2023-10-19,17,AR1 alpha + Enhanced + One-Step,NASDAQ:ICHR,3.2956547555485285e-08
2023-10-20,17,AR1 alpha + Enhanced + One-Step,NASDAQ:ICHR,3.1758351919153046e-08
2023-10-23,17,AR1 alpha + Enhanced + One-Step,NASDAQ:ICHR,0.0
2023-10-24,17,AR1 alpha + Enhanced + One-Step,NASDAQ:ICHR,6.141689199935174e-09
2023-10-25,17,AR1 alpha + Enhanced + One-Step,NASDAQ:ICHR,0.0
2023-10-26,17,AR1 alpha + Enhanced + One-Step,NASDAQ:ICHR,0.0
2023-10-27,17,AR1 alpha + Enhanced + One-Step,NASDAQ:ICHR,0.0
2023-10-30,17,AR1 alpha + Enhanced + One-Step,NASDAQ:ICHR,0.0
2023-10-31,17,AR1 alpha + Enhanced + One-Step,NASDAQ:ICHR,9.751604078011366e-08
2023-11-01,17,AR1 alpha + Enhanced + One-Step,NASDAQ:ICHR,0.0
2023-11-02,17,AR1 alpha + Enhanced + One-Step,NASDAQ:ICHR,8.02737282141184e-07
2023-11-03,17,AR1 alpha + Enhanced + One-Step,NASDAQ:ICHR,4.830750021566406e-07
2023-11-06,17,AR1 alpha + Enhanced + One-Step,NASDAQ:ICHR,3.266287351256735e-07
2023-11-07,17,AR1 alpha + Enhanced + One-Step,NASDAQ:ICHR,0.0
2023-11-08,17,AR1 alpha + Enhanced + One-Step,NASDAQ:ICHR,0.0
2023-11-09,17,AR1 alpha + Enhanced + One-Step,NASDAQ:ICHR,0.0
2023-11-10,17,AR1 alpha + Enhanced + One-Step,NASDAQ:ICHR,0.0
2023-11-13,17,AR1 alpha + Enhanced + One-Step,NASDAQ:ICHR,0.0
2023-11-14,17,AR1 alpha + Enhanced + One-Step,NASDAQ:ICHR,1.428097055925848e-07
2023-11-15,17,AR1 alpha + Enhanced + One-Step,NASDAQ:ICHR,0.0
2023-11-16,17,AR1 alpha + Enhanced + One-Step,NASDAQ:ICHR,0.0
2023-11-17,17,AR1 alpha + Enhanced + One-Step,NASDAQ:ICHR,0.0
2023-11-20,17,AR1 alpha + Enhanced + One-Step,NASDAQ:ICHR,5.5842409929195023e-08
2023-11-21,17,AR1 alpha + Enhanced + One-Step,NASDAQ:ICHR,7.067137647705528e-08
2023-11-22,17,AR1 alpha + Enhanced + One-Step,NASDAQ:ICHR,1.2430120590478139e-08
2023-11-24,17,AR1 alpha + Enhanced + One-Step,NASDAQ:ICHR,3.862919842356933e-09
2023-11-27,17,AR1 alpha + Enhanced + One-Step,NASDAQ:ICHR,0.0
2023-11-28,17,AR1 alpha + Enhanced + One-Step,NASDAQ:ICHR,8.191375974988463e-08
2023-11-29,17,AR1 alpha + Enhanced + One-Step,NASDAQ:ICHR,0.0
2023-11-30,17,AR1 alpha + Enhanced + One-Step,NASDAQ:ICHR,0.0
2023-12-01,17,AR1 alpha + Enhanced + One-Step,NASDAQ:ICHR,0.0
2023-12-04,17,AR1 alpha + Enhanced + One-Step,NASDAQ:ICHR,0.0
2023-12-05,17,AR1 alpha + Enhanced + One-Step,NASDAQ:ICHR,0.0
2023-12-06,17,AR1 alpha + Enhanced + One-Step,NASDAQ:ICHR,2.7853564576628896e-09
2023-12-07,17,AR1 alpha + Enhanced + One-Step,NASDAQ:ICHR,0.0
2023-12-08,17,AR1 alpha + Enhanced + One-Step,NASDAQ:ICHR,1.227998530147516e-08
2023-12-11,17,AR1 alpha + Enhanced + One-Step,NASDAQ:ICHR,0.0
2023-12-12,17,AR1 alpha + Enhanced + One-Step,NASDAQ:ICHR,0.0
2023-12-13,17,AR1 alpha + Enhanced + One-Step,NASDAQ:ICHR,5.423720664737046e-07
2023-12-14,17,AR1 alpha + Enhanced + One-Step,NASDAQ:ICHR,2.781397460978818e-07
2023-12-15,17,AR1 alpha + Enhanced + One-Step,NASDAQ:ICHR,9.395220942123697e-08
2023-12-18,17,AR1 alpha + Enhanced + One-Step,NASDAQ:ICHR,0.0
2023-12-19,17,AR1 alpha + Enhanced + One-Step,NASDAQ:ICHR,0.0
2023-12-20,17,AR1 alpha + Enhanced + One-Step,NASDAQ:ICHR,1.5064619724056706e-06
2023-12-21,17,AR1 alpha + Enhanced + One-Step,NASDAQ:ICHR,6.778776893011959e-07
2023-12-22,17,AR1 alpha + Enhanced + One-Step,NASDAQ:ICHR,4.234092928916327e-07
2023-12-26,17,AR1 alpha + Enhanced + One-Step,NASDAQ:ICHR,9.138309851510416e-08
2023-12-27,17,AR1 alpha + Enhanced + One-Step,NASDAQ:ICHR,5.716526659328874e-08
2023-12-28,17,AR1 alpha + Enhanced + One-Step,NASDAQ:ICHR,5.911184660356116e-08
2023-12-29,17,AR1 alpha + Enhanced + One-Step,NASDAQ:ICHR,2.3972308904313977e-07
2024-01-02,17,AR1 alpha + Enhanced + One-Step,NASDAQ:ICHR,0.0
2024-01-03,17,AR1 alpha + Enhanced + One-Step,NASDAQ:ICHR,0.0
2024-01-04,17,AR1 alpha + Enhanced + One-Step,NASDAQ:ICHR,0.0
2024-01-05,17,AR1 alpha + Enhanced + One-Step,NASDAQ:ICHR,2.5928455303902024e-07
2024-01-08,17,AR1 alpha + Enhanced + One-Step,NASDAQ:ICHR,4.794016141946375e-07
2024-01-09,17,AR1 alpha + Enhanced + One-Step,NASDAQ:ICHR,0.0
2024-01-10,17,AR1 alpha + Enhanced + One-Step,NASDAQ:ICHR,0.0
2024-01-11,17,AR1 alpha + Enhanced + One-Step,NASDAQ:ICHR,0.0
2024-01-12,17,AR1 alpha + Enhanced + One-Step,NASDAQ:ICHR,0.0
2024-01-16,17,AR1 alpha + Enhanced + One-Step,NASDAQ:ICHR,0.0
2024-01-17,17,AR1 alpha + Enhanced + One-Step,NASDAQ:ICHR,0.0
2024-01-18,17,AR1 alpha + Enhanced + One-Step,NASDAQ:ICHR,0.0030460288140854723
2024-01-19,17,AR1 alpha + Enhanced + One-Step,NASDAQ:ICHR,0.0
2024-01-22,17,AR1 alpha + Enhanced + One-Step,NASDAQ:ICHR,0.009311395098210763
2024-01-23,17,AR1 alpha + Enhanced + One-Step,NASDAQ:ICHR,0.016045796158318006
2024-01-24,17,AR1 alpha + Enhanced + One-Step,NASDAQ:ICHR,0.009584842998207761
2024-01-25,17,AR1 alpha + Enhanced + One-Step,NASDAQ:ICHR,1.9703078291143457e-07
2024-01-26,17,AR1 alpha + Enhanced + One-Step,NASDAQ:ICHR,0.0
2024-01-29,17,AR1 alpha + Enhanced + One-Step,NASDAQ:ICHR,0.0
2024-01-30,17,AR1 alpha + Enhanced + One-Step,NASDAQ:ICHR,0.0
2024-01-31,17,AR1 alpha + Enhanced + One-Step,NASDAQ:ICHR,0.0
2024-02-01,17,AR1 alpha + Enhanced + One-Step,NASDAQ:ICHR,0.0
2024-02-02,17,AR1 alpha + Enhanced + One-Step,NASDAQ:ICHR,0.0
2024-02-05,17,AR1 alpha + Enhanced + One-Step,NASDAQ:ICHR,0.0
2024-02-06,17,AR1 alpha + Enhanced + One-Step,NASDAQ:ICHR,0.0
2024-02-07,17,AR1 alpha + Enhanced + One-Step,NASDAQ:ICHR,0.0
2024-02-08,17,AR1 alpha + Enhanced + One-Step,NASDAQ:ICHR,0.006404585540996205
2024-02-09,17,AR1 alpha + Enhanced + One-Step,NASDAQ:ICHR,0.030636533967611027
2024-02-12,17,AR1 alpha + Enhanced + One-Step,NASDAQ:ICHR,0.03063541738016477
2024-02-13,17,AR1 alpha + Enhanced + One-Step,NASDAQ:ICHR,0.015544780237343622
2024-02-14,17,AR1 alpha + Enhanced + One-Step,NASDAQ:ICHR,0.015545183733299515
2024-02-15,17,AR1 alpha + Enhanced + One-Step,NASDAQ:ICHR,0.015544901059186274
2024-02-16,17,AR1 alpha + Enhanced + One-Step,NASDAQ:ICHR,0.015545314630130464
2024-02-20,17,AR1 alpha + Enhanced + One-Step,NASDAQ:ICHR,0.0017133124949870572
2024-02-21,17,AR1 alpha + Enhanced + One-Step,NASDAQ:ICHR,0.0017121799325956234
2024-02-22,17,AR1 alpha + Enhanced + One-Step,NASDAQ:ICHR,0.0017108825717967796
2024-02-23,17,AR1 alpha + Enhanced + One-Step,NASDAQ:ICHR,0.0
2024-02-26,17,AR1 alpha + Enhanced + One-Step,NASDAQ:ICHR,0.0
2024-02-27,17,AR1 alpha + Enhanced + One-Step,NASDAQ:ICHR,0.0
2024-02-28,17,AR1 alpha + Enhanced + One-Step,NASDAQ:ICHR,0.0
2024-02-29,17,AR1 alpha + Enhanced + One-Step,NASDAQ:ICHR,0.0
2024-03-01,17,AR1 alpha + Enhanced + One-Step,NASDAQ:ICHR,6.157992948281462e-08
2024-03-04,17,AR1 alpha + Enhanced + One-Step,NASDAQ:ICHR,0.0
2024-03-05,17,AR1 alpha + Enhanced + One-Step,NASDAQ:ICHR,0.0
2024-03-06,17,AR1 alpha + Enhanced + One-Step,NASDAQ:ICHR,0.0
2024-03-07,17,AR1 alpha + Enhanced + One-Step,NASDAQ:ICHR,0.0
2024-03-08,17,AR1 alpha + Enhanced + One-Step,NASDAQ:ICHR,0.0
2024-03-11,17,AR1 alpha + Enhanced + One-Step,NASDAQ:ICHR,0.0
2024-03-12,17,AR1 alpha + Enhanced + One-Step,NASDAQ:ICHR,6.519203048638501e-08
2024-03-13,17,AR1 alpha + Enhanced + One-Step,NASDAQ:ICHR,0.0
2024-03-14,17,AR1 alpha + Enhanced + One-Step,NASDAQ:ICHR,0.0
2024-03-15,17,AR1 alpha + Enhanced + One-Step,NASDAQ:ICHR,7.57099199097824e-08
2024-03-18,17,AR1 alpha + Enhanced + One-Step,NASDAQ:ICHR,0.0
2024-03-19,17,AR1 alpha + Enhanced + One-Step,NASDAQ:ICHR,0.0
2024-03-20,17,AR1 alpha + Enhanced + One-Step,NASDAQ:ICHR,9.570533051250639e-09
2024-03-21,17,AR1 alpha + Enhanced + One-Step,NASDAQ:ICHR,0.0
2024-03-22,17,AR1 alpha + Enhanced + One-Step,NASDAQ:ICHR,0.0
2024-03-25,17,AR1 alpha + Enhanced + One-Step,NASDAQ:ICHR,0.0
2024-03-26,17,AR1 alpha + Enhanced + One-Step,NASDAQ:ICHR,0.0
2024-03-27,17,AR1 alpha + Enhanced + One-Step,NASDAQ:ICHR,0.0
2024-03-28,17,AR1 alpha + Enhanced + One-Step,NASDAQ:ICHR,1.6158848374187022e-07
2024-04-01,17,AR1 alpha + Enhanced + One-Step,NASDAQ:ICHR,1.735486066781279e-07
2024-04-02,17,AR1 alpha + Enhanced + One-Step,NASDAQ:ICHR,2.479914906392318e-08
2024-04-03,17,AR1 alpha + Enhanced + One-Step,NASDAQ:ICHR,0.0
2024-04-04,17,AR1 alpha + Enhanced + One-Step,NASDAQ:ICHR,0.0
2024-04-05,17,AR1 alpha + Enhanced + One-Step,NASDAQ:ICHR,0.0
2024-04-08,17,AR1 alpha + Enhanced + One-Step,NASDAQ:ICHR,1.0382053588873885e-07
2024-04-09,17,AR1 alpha + Enhanced + One-Step,NASDAQ:ICHR,9.304075488106598e-08
2024-04-10,17,AR1 alpha + Enhanced + One-Step,NASDAQ:ICHR,0.0
2024-04-11,17,AR1 alpha + Enhanced + One-Step,NASDAQ:ICHR,0.0
2024-04-12,17,AR1 alpha + Enhanced + One-Step,NASDAQ:ICHR,0.0
2024-04-15,17,AR1 alpha + Enhanced + One-Step,NASDAQ:ICHR,0.0
2024-04-16,17,AR1 alpha + Enhanced + One-Step,NASDAQ:ICHR,0.0
2024-04-17,17,AR1 alpha + Enhanced + One-Step,NASDAQ:ICHR,7.471418289132658e-08
2024-04-18,17,AR1 alpha + Enhanced + One-Step,NASDAQ:ICHR,0.0
2024-04-19,17,AR1 alpha + Enhanced + One-Step,NASDAQ:ICHR,0.0
2020-03-25,17,AR1 alpha + Enhanced + One-Step,NASDAQ:EBAY,0.020000000000007227
2020-03-26,17,AR1 alpha + Enhanced + One-Step,NASDAQ:EBAY,0.02000000000001305
2020-03-27,17,AR1 alpha + Enhanced + One-Step,NASDAQ:EBAY,0.01999998091300582
2020-03-30,17,AR1 alpha + Enhanced + One-Step,NASDAQ:EBAY,0.02000127998360042
2020-03-31,17,AR1 alpha + Enhanced + One-Step,NASDAQ:EBAY,0.020004543042240447
2020-04-01,17,AR1 alpha + Enhanced + One-Step,NASDAQ:EBAY,0.020004479343577283
2020-04-02,17,AR1 alpha + Enhanced + One-Step,NASDAQ:EBAY,0.02000343749543899
2020-04-03,17,AR1 alpha + Enhanced + One-Step,NASDAQ:EBAY,0.020004148255336036
2020-04-06,17,AR1 alpha + Enhanced + One-Step,NASDAQ:EBAY,0.02000469178308268
2020-04-07,17,AR1 alpha + Enhanced + One-Step,NASDAQ:EBAY,0.020004396776199692
2020-04-08,17,AR1 alpha + Enhanced + One-Step,NASDAQ:EBAY,0.02000446733963905
2020-04-09,17,AR1 alpha + Enhanced + One-Step,NASDAQ:EBAY,0.020004439196750285
2020-04-13,17,AR1 alpha + Enhanced + One-Step,NASDAQ:EBAY,0.02000429933071404
2020-04-14,17,AR1 alpha + Enhanced + One-Step,NASDAQ:EBAY,0.020004904416237423
2020-04-15,17,AR1 alpha + Enhanced + One-Step,NASDAQ:EBAY,0.020005273119877164
2020-04-16,17,AR1 alpha + Enhanced + One-Step,NASDAQ:EBAY,0.020005365746568603
2020-04-17,17,AR1 alpha + Enhanced + One-Step,NASDAQ:EBAY,0.045003935541220515
2020-04-20,17,AR1 alpha + Enhanced + One-Step,NASDAQ:EBAY,0.07001301524837811
2020-04-21,17,AR1 alpha + Enhanced + One-Step,NASDAQ:EBAY,0.07001332830842255
2020-04-22,17,AR1 alpha + Enhanced + One-Step,NASDAQ:EBAY,0.09501475010725567
2020-04-23,17,AR1 alpha + Enhanced + One-Step,NASDAQ:EBAY,0.09501444872148354
2020-04-24,17,AR1 alpha + Enhanced + One-Step,NASDAQ:EBAY,0.09970702748714164
2020-04-27,17,AR1 alpha + Enhanced + One-Step,NASDAQ:EBAY,0.09970702559915898
2020-04-28,17,AR1 alpha + Enhanced + One-Step,NASDAQ:EBAY,0.09970702197309594
2020-04-29,17,AR1 alpha + Enhanced + One-Step,NASDAQ:EBAY,0.09970701630062333
2020-04-30,17,AR1 alpha + Enhanced + One-Step,NASDAQ:EBAY,0.09970713222549314
2020-05-01,17,AR1 alpha + Enhanced + One-Step,NASDAQ:EBAY,0.09970557187328277
2020-05-04,17,AR1 alpha + Enhanced + One-Step,NASDAQ:EBAY,0.09999966455553276
2020-05-05,17,AR1 alpha + Enhanced + One-Step,NASDAQ:EBAY,0.09999973348618009
2020-05-06,17,AR1 alpha + Enhanced + One-Step,NASDAQ:EBAY,0.09999982574528152
2020-05-07,17,AR1 alpha + Enhanced + One-Step,NASDAQ:EBAY,0.09999942052826472
2020-05-08,17,AR1 alpha + Enhanced + One-Step,NASDAQ:EBAY,0.09999936406778931
2020-05-11,17,AR1 alpha + Enhanced + One-Step,NASDAQ:EBAY,0.09999943484262082
2020-05-12,17,AR1 alpha + Enhanced + One-Step,NASDAQ:EBAY,0.09999952728813506
2020-05-13,17,AR1 alpha + Enhanced + One-Step,NASDAQ:EBAY,0.09999976314816747
2020-05-14,17,AR1 alpha + Enhanced + One-Step,NASDAQ:EBAY,0.09999605094215362
2020-05-15,17,AR1 alpha + Enhanced + One-Step,NASDAQ:EBAY,0.09999739253816926
2020-05-18,17,AR1 alpha + Enhanced + One-Step,NASDAQ:EBAY,0.09999831221250183
2020-05-19,17,AR1 alpha + Enhanced + One-Step,NASDAQ:EBAY,0.0999986200579672
2020-05-20,17,AR1 alpha + Enhanced + One-Step,NASDAQ:EBAY,0.09999913461909789
2020-05-21,17,AR1 alpha + Enhanced + One-Step,NASDAQ:EBAY,0.0999982736284159
2020-05-22,17,AR1 alpha + Enhanced + One-Step,NASDAQ:EBAY,0.09999904257753502
2020-05-26,17,AR1 alpha + Enhanced + One-Step,NASDAQ:EBAY,0.09999934223021346
2020-05-27,17,AR1 alpha + Enhanced + One-Step,NASDAQ:EBAY,0.09999961266039456
2020-05-28,17,AR1 alpha + Enhanced + One-Step,NASDAQ:EBAY,0.09999973889012376
2020-05-29,17,AR1 alpha + Enhanced + One-Step,NASDAQ:EBAY,0.0999998253233807
2020-06-01,17,AR1 alpha + Enhanced + One-Step,NASDAQ:EBAY,0.09999997855742686
2020-06-02,17,AR1 alpha + Enhanced + One-Step,NASDAQ:EBAY,0.09999991159240322
2020-06-03,17,AR1 alpha + Enhanced + One-Step,NASDAQ:EBAY,0.10000007419131074
2020-06-04,17,AR1 alpha + Enhanced + One-Step,NASDAQ:EBAY,0.09999904992145266
2020-06-05,17,AR1 alpha + Enhanced + One-Step,NASDAQ:EBAY,0.09999854256523119
2020-06-08,17,AR1 alpha + Enhanced + One-Step,NASDAQ:EBAY,0.099998977707662
2020-06-09,17,AR1 alpha + Enhanced + One-Step,NASDAQ:EBAY,0.0999994192939482
2020-06-10,17,AR1 alpha + Enhanced + One-Step,NASDAQ:EBAY,0.09999968820512968
2020-06-11,17,AR1 alpha + Enhanced + One-Step,NASDAQ:EBAY,0.10000063886621328
2020-06-12,17,AR1 alpha + Enhanced + One-Step,NASDAQ:EBAY,0.10000045728812756
2020-06-15,17,AR1 alpha + Enhanced + One-Step,NASDAQ:EBAY,0.10000004185581919
2020-06-16,17,AR1 alpha + Enhanced + One-Step,NASDAQ:EBAY,0.10000006064332641
2020-06-17,17,AR1 alpha + Enhanced + One-Step,NASDAQ:EBAY,0.10000002781370332
2020-06-18,17,AR1 alpha + Enhanced + One-Step,NASDAQ:EBAY,0.09999999848142441
2020-06-19,17,AR1 alpha + Enhanced + One-Step,NASDAQ:EBAY,0.09999968083711094
2020-06-22,17,AR1 alpha + Enhanced + One-Step,NASDAQ:EBAY,0.09999983787225702
2020-06-23,17,AR1 alpha + Enhanced + One-Step,NASDAQ:EBAY,0.09999987564265027
2020-06-24,17,AR1 alpha + Enhanced + One-Step,NASDAQ:EBAY,0.09999979334750342
2020-06-25,17,AR1 alpha + Enhanced + One-Step,NASDAQ:EBAY,0.09999987191181686
2020-06-26,17,AR1 alpha + Enhanced + One-Step,NASDAQ:EBAY,0.0999983940937494
2020-06-29,17,AR1 alpha + Enhanced + One-Step,NASDAQ:EBAY,0.09999744310834938
2020-06-30,17,AR1 alpha + Enhanced + One-Step,NASDAQ:EBAY,0.09999708727331504
2020-07-01,17,AR1 alpha + Enhanced + One-Step,NASDAQ:EBAY,0.0999945078609202
2020-07-02,17,AR1 alpha + Enhanced + One-Step,NASDAQ:EBAY,0.09999621057576745
2020-07-06,17,AR1 alpha + Enhanced + One-Step,NASDAQ:EBAY,0.0999972477237876
2020-07-07,17,AR1 alpha + Enhanced + One-Step,NASDAQ:EBAY,0.09999698328562379
2020-07-08,17,AR1 alpha + Enhanced + One-Step,NASDAQ:EBAY,0.0999970404736507
2020-07-09,17,AR1 alpha + Enhanced + One-Step,NASDAQ:EBAY,0.09999721145944183
2020-07-10,17,AR1 alpha + Enhanced + One-Step,NASDAQ:EBAY,0.09999834174163459
2020-07-13,17,AR1 alpha + Enhanced + One-Step,NASDAQ:EBAY,0.09999890255132675
2020-07-14,17,AR1 alpha + Enhanced + One-Step,NASDAQ:EBAY,0.09999908050150481
2020-07-15,17,AR1 alpha + Enhanced + One-Step,NASDAQ:EBAY,0.09999953726426584
2020-07-16,17,AR1 alpha + Enhanced + One-Step,NASDAQ:EBAY,0.099999681274837
2020-07-17,17,AR1 alpha + Enhanced + One-Step,NASDAQ:EBAY,0.09999976473740534
2020-07-20,17,AR1 alpha + Enhanced + One-Step,NASDAQ:EBAY,0.09999978541182107
2020-07-21,17,AR1 alpha + Enhanced + One-Step,NASDAQ:EBAY,0.09999984577927651
2020-07-22,17,AR1 alpha + Enhanced + One-Step,NASDAQ:EBAY,0.0999998867706419
2020-07-23,17,AR1 alpha + Enhanced + One-Step,NASDAQ:EBAY,0.09999841394205966
2020-07-24,17,AR1 alpha + Enhanced + One-Step,NASDAQ:EBAY,0.09999785813668287
2020-07-27,17,AR1 alpha + Enhanced + One-Step,NASDAQ:EBAY,0.09999723639764828
2020-07-28,17,AR1 alpha + Enhanced + One-Step,NASDAQ:EBAY,0.09999801179427642
2020-07-29,17,AR1 alpha + Enhanced + One-Step,NASDAQ:EBAY,0.09999789090146914
2020-07-30,17,AR1 alpha + Enhanced + One-Step,NASDAQ:EBAY,0.09999646424206735
2020-07-31,17,AR1 alpha + Enhanced + One-Step,NASDAQ:EBAY,0.0999958691019274
2020-08-03,17,AR1 alpha + Enhanced + One-Step,NASDAQ:EBAY,0.09999658461159856
2020-08-04,17,AR1 alpha + Enhanced + One-Step,NASDAQ:EBAY,0.09999750280495727
2020-08-05,17,AR1 alpha + Enhanced + One-Step,NASDAQ:EBAY,0.09999810565900549
2020-08-06,17,AR1 alpha + Enhanced + One-Step,NASDAQ:EBAY,0.09999857433213026
2020-08-07,17,AR1 alpha + Enhanced + One-Step,NASDAQ:EBAY,0.09999904687912316
2020-08-10,17,AR1 alpha + Enhanced + One-Step,NASDAQ:EBAY,0.09999930640209395
2020-08-11,17,AR1 alpha + Enhanced + One-Step,NASDAQ:EBAY,0.0999992702741907
2020-08-12,17,AR1 alpha + Enhanced + One-Step,NASDAQ:EBAY,0.09999946544567705
2020-08-13,17,AR1 alpha + Enhanced + One-Step,NASDAQ:EBAY,0.09999961381319668
2020-08-14,17,AR1 alpha + Enhanced + One-Step,NASDAQ:EBAY,0.09999972188463206
2020-08-17,17,AR1 alpha + Enhanced + One-Step,NASDAQ:EBAY,0.09999799699173419
2020-08-18,17,AR1 alpha + Enhanced + One-Step,NASDAQ:EBAY,0.09999660294392292
2020-08-19,17,AR1 alpha + Enhanced + One-Step,NASDAQ:EBAY,0.09999610374339975
2020-08-20,17,AR1 alpha + Enhanced + One-Step,NASDAQ:EBAY,0.09999689566588366
2020-08-21,17,AR1 alpha + Enhanced + One-Step,NASDAQ:EBAY,0.09999787821634047
2020-08-24,17,AR1 alpha + Enhanced + One-Step,NASDAQ:EBAY,0.09999815117357014
2020-08-25,17,AR1 alpha + Enhanced + One-Step,NASDAQ:EBAY,0.0999987731178384
2020-08-26,17,AR1 alpha + Enhanced + One-Step,NASDAQ:EBAY,0.09999846519278541
2020-08-27,17,AR1 alpha + Enhanced + One-Step,NASDAQ:EBAY,0.09999885340021365
2020-08-28,17,AR1 alpha + Enhanced + One-Step,NASDAQ:EBAY,0.09999916785837608
2020-08-31,17,AR1 alpha + Enhanced + One-Step,NASDAQ:EBAY,0.09999177441868469
2020-09-01,17,AR1 alpha + Enhanced + One-Step,NASDAQ:EBAY,0.09999169944650138
2020-09-02,17,AR1 alpha + Enhanced + One-Step,NASDAQ:EBAY,0.09999528318243482
2020-09-03,17,AR1 alpha + Enhanced + One-Step,NASDAQ:EBAY,0.09999609297449986
2020-09-04,17,AR1 alpha + Enhanced + One-Step,NASDAQ:EBAY,0.099997668455193
2020-09-08,17,AR1 alpha + Enhanced + One-Step,NASDAQ:EBAY,0.09999885951001661
2020-09-09,17,AR1 alpha + Enhanced + One-Step,NASDAQ:EBAY,0.09999915243614448
2020-09-10,17,AR1 alpha + Enhanced + One-Step,NASDAQ:EBAY,0.09999928629628241
2020-09-11,17,AR1 alpha + Enhanced + One-Step,NASDAQ:EBAY,0.09999952032489938
2020-09-14,17,AR1 alpha + Enhanced + One-Step,NASDAQ:EBAY,0.10000027380951607
2020-09-15,17,AR1 alpha + Enhanced + One-Step,NASDAQ:EBAY,0.10000014017704956
2020-09-16,17,AR1 alpha + Enhanced + One-Step,NASDAQ:EBAY,0.10000007133424467
2020-09-17,17,AR1 alpha + Enhanced + One-Step,NASDAQ:EBAY,0.09494016266300073
2020-09-18,17,AR1 alpha + Enhanced + One-Step,NASDAQ:EBAY,0.0809790794623194
2020-09-21,17,AR1 alpha + Enhanced + One-Step,NASDAQ:EBAY,0.08271984460769312
2020-09-22,17,AR1 alpha + Enhanced + One-Step,NASDAQ:EBAY,0.09999965870382808
2020-09-23,17,AR1 alpha + Enhanced + One-Step,NASDAQ:EBAY,0.09999911461251183
2020-09-24,17,AR1 alpha + Enhanced + One-Step,NASDAQ:EBAY,0.09999697128948762
2020-09-25,17,AR1 alpha + Enhanced + One-Step,NASDAQ:EBAY,0.09999627273651451
2020-09-28,17,AR1 alpha + Enhanced + One-Step,NASDAQ:EBAY,0.09999676495572528
2020-09-29,17,AR1 alpha + Enhanced + One-Step,NASDAQ:EBAY,0.09999697945474494
2020-09-30,17,AR1 alpha + Enhanced + One-Step,NASDAQ:EBAY,0.09999679945998168
2020-10-01,17,AR1 alpha + Enhanced + One-Step,NASDAQ:EBAY,0.09999782952804183
2020-10-02,17,AR1 alpha + Enhanced + One-Step,NASDAQ:EBAY,0.09999854996119381
2020-10-05,17,AR1 alpha + Enhanced + One-Step,NASDAQ:EBAY,0.09999934864041686
2020-10-06,17,AR1 alpha + Enhanced + One-Step,NASDAQ:EBAY,0.09999945615301248
2020-10-07,17,AR1 alpha + Enhanced + One-Step,NASDAQ:EBAY,0.10000040315287871
2020-10-08,17,AR1 alpha + Enhanced + One-Step,NASDAQ:EBAY,0.10000027463590752
2020-10-09,17,AR1 alpha + Enhanced + One-Step,NASDAQ:EBAY,0.09999961518267796
2020-10-12,17,AR1 alpha + Enhanced + One-Step,NASDAQ:EBAY,0.09999974540423578
2020-10-13,17,AR1 alpha + Enhanced + One-Step,NASDAQ:EBAY,0.09999925637759038
2020-10-14,17,AR1 alpha + Enhanced + One-Step,NASDAQ:EBAY,0.09999936732018987
2020-10-15,17,AR1 alpha + Enhanced + One-Step,NASDAQ:EBAY,0.09999881126880826
2020-10-16,17,AR1 alpha + Enhanced + One-Step,NASDAQ:EBAY,0.09999906643448812
2020-10-19,17,AR1 alpha + Enhanced + One-Step,NASDAQ:EBAY,0.09999570256020816
2020-10-20,17,AR1 alpha + Enhanced + One-Step,NASDAQ:EBAY,0.09999214680042111
2020-10-21,17,AR1 alpha + Enhanced + One-Step,NASDAQ:EBAY,0.09999088427401893
2020-10-22,17,AR1 alpha + Enhanced + One-Step,NASDAQ:EBAY,0.09998967716596761
2020-10-23,17,AR1 alpha + Enhanced + One-Step,NASDAQ:EBAY,0.09998960379212692
2020-10-26,17,AR1 alpha + Enhanced + One-Step,NASDAQ:EBAY,0.09999231175719175
2020-10-27,17,AR1 alpha + Enhanced + One-Step,NASDAQ:EBAY,0.09999602641501315
2020-10-28,17,AR1 alpha + Enhanced + One-Step,NASDAQ:EBAY,0.09999719903780833
2020-10-29,17,AR1 alpha + Enhanced + One-Step,NASDAQ:EBAY,0.09999901659989403
2020-10-30,17,AR1 alpha + Enhanced + One-Step,NASDAQ:EBAY,0.08216797883384619
2020-11-02,17,AR1 alpha + Enhanced + One-Step,NASDAQ:EBAY,0.0821695775347443
2020-11-03,17,AR1 alpha + Enhanced + One-Step,NASDAQ:EBAY,0.08216853471264911
2020-11-04,17,AR1 alpha + Enhanced + One-Step,NASDAQ:EBAY,0.08216968317806893
2020-11-05,17,AR1 alpha + Enhanced + One-Step,NASDAQ:EBAY,0.08216913548641785
2020-11-06,17,AR1 alpha + Enhanced + One-Step,NASDAQ:EBAY,0.0821691219404362
2020-11-09,17,AR1 alpha + Enhanced + One-Step,NASDAQ:EBAY,0.08216916707229885
2020-11-10,17,AR1 alpha + Enhanced + One-Step,NASDAQ:EBAY,0.08217022690950612
2020-11-11,17,AR1 alpha + Enhanced + One-Step,NASDAQ:EBAY,0.08217052628134111
2020-11-12,17,AR1 alpha + Enhanced + One-Step,NASDAQ:EBAY,0.08085788979058475
2020-11-13,17,AR1 alpha + Enhanced + One-Step,NASDAQ:EBAY,0.08085788925644914
2020-11-16,17,AR1 alpha + Enhanced + One-Step,NASDAQ:EBAY,0.08085786256356847
2020-11-17,17,AR1 alpha + Enhanced + One-Step,NASDAQ:EBAY,0.08085656665458106
2020-11-18,17,AR1 alpha + Enhanced + One-Step,NASDAQ:EBAY,0.08085359627007749
2020-11-19,17,AR1 alpha + Enhanced + One-Step,NASDAQ:EBAY,0.08085225002583442
2020-11-20,17,AR1 alpha + Enhanced + One-Step,NASDAQ:EBAY,0.08085223909420741
2020-11-23,17,AR1 alpha + Enhanced + One-Step,NASDAQ:EBAY,0.0808524876624356
2020-11-24,17,AR1 alpha + Enhanced + One-Step,NASDAQ:EBAY,0.08084929405795079
2020-11-25,17,AR1 alpha + Enhanced + One-Step,NASDAQ:EBAY,0.08084796430622357
2020-11-27,17,AR1 alpha + Enhanced + One-Step,NASDAQ:EBAY,0.08084393004210294
2020-11-30,17,AR1 alpha + Enhanced + One-Step,NASDAQ:EBAY,0.08083937438790022
2020-12-01,17,AR1 alpha + Enhanced + One-Step,NASDAQ:EBAY,0.08083966656063761
2020-12-04,17,AR1 alpha + Enhanced + One-Step,NASDAQ:EBAY,0.08083955468309638
2020-12-07,17,AR1 alpha + Enhanced + One-Step,NASDAQ:EBAY,0.08083547969921731
2020-12-08,17,AR1 alpha + Enhanced + One-Step,NASDAQ:EBAY,0.08083542896389782
2020-12-09,17,AR1 alpha + Enhanced + One-Step,NASDAQ:EBAY,0.08083285411404961
2020-12-10,17,AR1 alpha + Enhanced + One-Step,NASDAQ:EBAY,0.08083308729246008
2020-12-11,17,AR1 alpha + Enhanced + One-Step,NASDAQ:EBAY,0.08083261144843919
2020-12-14,17,AR1 alpha + Enhanced + One-Step,NASDAQ:EBAY,0.08083258045821863
2020-12-15,17,AR1 alpha + Enhanced + One-Step,NASDAQ:EBAY,0.0808327853876379
2020-12-16,17,AR1 alpha + Enhanced + One-Step,NASDAQ:EBAY,0.09172598485630759
2020-12-17,17,AR1 alpha + Enhanced + One-Step,NASDAQ:EBAY,0.09279449751421362
2020-12-18,17,AR1 alpha + Enhanced + One-Step,NASDAQ:EBAY,0.09279694976583037
2020-12-21,17,AR1 alpha + Enhanced + One-Step,NASDAQ:EBAY,0.09279648172193568
2020-12-22,17,AR1 alpha + Enhanced + One-Step,NASDAQ:EBAY,0.09279657302138172
2020-12-23,17,AR1 alpha + Enhanced + One-Step,NASDAQ:EBAY,0.09018439057313869
2020-12-24,17,AR1 alpha + Enhanced + One-Step,NASDAQ:EBAY,0.07627732440848851
2020-12-28,17,AR1 alpha + Enhanced + One-Step,NASDAQ:EBAY,0.07627707667234633
2020-12-29,17,AR1 alpha + Enhanced + One-Step,NASDAQ:EBAY,0.07627676475282684
2020-12-30,17,AR1 alpha + Enhanced + One-Step,NASDAQ:EBAY,0.07150230136443918
2020-12-31,17,AR1 alpha + Enhanced + One-Step,NASDAQ:EBAY,0.07150175382352777
2021-01-04,17,AR1 alpha + Enhanced + One-Step,NASDAQ:EBAY,0.07150177207651785
2021-01-05,17,AR1 alpha + Enhanced + One-Step,NASDAQ:EBAY,0.07150178883366318
2021-01-06,17,AR1 alpha + Enhanced + One-Step,NASDAQ:EBAY,0.07150177256024488
2021-01-07,17,AR1 alpha + Enhanced + One-Step,NASDAQ:EBAY,0.07149902289019296
2021-01-08,17,AR1 alpha + Enhanced + One-Step,NASDAQ:EBAY,0.07149742982627073
2021-01-11,17,AR1 alpha + Enhanced + One-Step,NASDAQ:EBAY,0.07149649641554469
2021-01-12,17,AR1 alpha + Enhanced + One-Step,NASDAQ:EBAY,0.0714833611343089
2021-01-13,17,AR1 alpha + Enhanced + One-Step,NASDAQ:EBAY,0.07148247252920946
2021-01-14,17,AR1 alpha + Enhanced + One-Step,NASDAQ:EBAY,0.07148260621108299
2021-01-15,17,AR1 alpha + Enhanced + One-Step,NASDAQ:EBAY,0.07048558974943175
2021-01-19,17,AR1 alpha + Enhanced + One-Step,NASDAQ:EBAY,0.07048531754911397
2021-01-20,17,AR1 alpha + Enhanced + One-Step,NASDAQ:EBAY,0.0704852605971062
2021-01-21,17,AR1 alpha + Enhanced + One-Step,NASDAQ:EBAY,0.07048605941396043
2021-01-22,17,AR1 alpha + Enhanced + One-Step,NASDAQ:EBAY,0.07048294271822562
2021-01-25,17,AR1 alpha + Enhanced + One-Step,NASDAQ:EBAY,0.07048205372166555
2021-01-26,17,AR1 alpha + Enhanced + One-Step,NASDAQ:EBAY,0.07048101061247732
2021-01-27,17,AR1 alpha + Enhanced + One-Step,NASDAQ:EBAY,0.07048166107461232
2021-01-28,17,AR1 alpha + Enhanced + One-Step,NASDAQ:EBAY,0.07048406506705679
2021-01-29,17,AR1 alpha + Enhanced + One-Step,NASDAQ:EBAY,0.07048370614169706
2021-02-01,17,AR1 alpha + Enhanced + One-Step,NASDAQ:EBAY,0.07575587876552134
2021-02-02,17,AR1 alpha + Enhanced + One-Step,NASDAQ:EBAY,0.07575590175188385
2021-02-03,17,AR1 alpha + Enhanced + One-Step,NASDAQ:EBAY,0.0757516237632944
2021-02-04,17,AR1 alpha + Enhanced + One-Step,NASDAQ:EBAY,0.07574870689801033
2021-02-05,17,AR1 alpha + Enhanced + One-Step,NASDAQ:EBAY,0.07574668941703003
2021-02-08,17,AR1 alpha + Enhanced + One-Step,NASDAQ:EBAY,0.07574701280422529
2021-02-09,17,AR1 alpha + Enhanced + One-Step,NASDAQ:EBAY,0.0757470016154716
2021-02-10,17,AR1 alpha + Enhanced + One-Step,NASDAQ:EBAY,0.07574751374555784
2021-02-11,17,AR1 alpha + Enhanced + One-Step,NASDAQ:EBAY,0.07574753847160787
2021-02-12,17,AR1 alpha + Enhanced + One-Step,NASDAQ:EBAY,0.08057274353078875
2021-02-16,17,AR1 alpha + Enhanced + One-Step,NASDAQ:EBAY,0.08057267540663754
2021-02-17,17,AR1 alpha + Enhanced + One-Step,NASDAQ:EBAY,0.08057257320824607
2021-02-18,17,AR1 alpha + Enhanced + One-Step,NASDAQ:EBAY,0.08057266085851249
2021-02-19,17,AR1 alpha + Enhanced + One-Step,NASDAQ:EBAY,0.08057191148665505
2021-02-22,17,AR1 alpha + Enhanced + One-Step,NASDAQ:EBAY,0.08057307747732358
2021-02-23,17,AR1 alpha + Enhanced + One-Step,NASDAQ:EBAY,0.0805739979574585
2021-02-24,17,AR1 alpha + Enhanced + One-Step,NASDAQ:EBAY,0.08057411733883554
2021-02-25,17,AR1 alpha + Enhanced + One-Step,NASDAQ:EBAY,0.08056201454792984
2021-02-26,17,AR1 alpha + Enhanced + One-Step,NASDAQ:EBAY,0.08056203560251993
2021-03-01,17,AR1 alpha + Enhanced + One-Step,NASDAQ:EBAY,0.07356186376900643
2021-03-02,17,AR1 alpha + Enhanced + One-Step,NASDAQ:EBAY,0.0579754913722254
2021-03-03,17,AR1 alpha + Enhanced + One-Step,NASDAQ:EBAY,0.05797527192346765
2021-03-04,17,AR1 alpha + Enhanced + One-Step,NASDAQ:EBAY,0.05302390544739301
2021-03-05,17,AR1 alpha + Enhanced + One-Step,NASDAQ:EBAY,0.0443555741309028
2021-03-08,17,AR1 alpha + Enhanced + One-Step,NASDAQ:EBAY,0.04435557527313985
2021-03-09,17,AR1 alpha + Enhanced + One-Step,NASDAQ:EBAY,0.049161261327735836
2021-03-10,17,AR1 alpha + Enhanced + One-Step,NASDAQ:EBAY,0.04916262314616679
2021-03-11,17,AR1 alpha + Enhanced + One-Step,NASDAQ:EBAY,0.049161702837641756
2021-03-12,17,AR1 alpha + Enhanced + One-Step,NASDAQ:EBAY,0.049161686915226536
2021-03-15,17,AR1 alpha + Enhanced + One-Step,NASDAQ:EBAY,0.04916283099519818
2021-03-16,17,AR1 alpha + Enhanced + One-Step,NASDAQ:EBAY,0.04916290625520152
2021-03-17,17,AR1 alpha + Enhanced + One-Step,NASDAQ:EBAY,0.04916220183993949
2021-03-18,17,AR1 alpha + Enhanced + One-Step,NASDAQ:EBAY,0.04916246177000817
2021-03-19,17,AR1 alpha + Enhanced + One-Step,NASDAQ:EBAY,0.05983330934192843
2021-03-22,17,AR1 alpha + Enhanced + One-Step,NASDAQ:EBAY,0.05983386077771371
2021-03-23,17,AR1 alpha + Enhanced + One-Step,NASDAQ:EBAY,0.059834680599156635
2021-03-24,17,AR1 alpha + Enhanced + One-Step,NASDAQ:EBAY,0.05983463100801417
2021-03-25,17,AR1 alpha + Enhanced + One-Step,NASDAQ:EBAY,0.059834817225206886
2021-03-26,17,AR1 alpha + Enhanced + One-Step,NASDAQ:EBAY,0.05983512653634325
2021-03-29,17,AR1 alpha + Enhanced + One-Step,NASDAQ:EBAY,0.05983537770437602
2021-03-30,17,AR1 alpha + Enhanced + One-Step,NASDAQ:EBAY,0.05983535996190498
2021-03-31,17,AR1 alpha + Enhanced + One-Step,NASDAQ:EBAY,0.062286113076792
2021-04-01,17,AR1 alpha + Enhanced + One-Step,NASDAQ:EBAY,0.0711766974737056
2021-04-05,17,AR1 alpha + Enhanced + One-Step,NASDAQ:EBAY,0.07117715522483285
2021-04-06,17,AR1 alpha + Enhanced + One-Step,NASDAQ:EBAY,0.0711771801231231
2021-04-07,17,AR1 alpha + Enhanced + One-Step,NASDAQ:EBAY,0.0711750093568212
2021-04-08,17,AR1 alpha + Enhanced + One-Step,NASDAQ:EBAY,0.0711725714523917
2021-04-09,17,AR1 alpha + Enhanced + One-Step,NASDAQ:EBAY,0.07117256251468701
2021-04-12,17,AR1 alpha + Enhanced + One-Step,NASDAQ:EBAY,0.07117089481033251
2021-04-13,17,AR1 alpha + Enhanced + One-Step,NASDAQ:EBAY,0.07116630631919912
2021-04-14,17,AR1 alpha + Enhanced + One-Step,NASDAQ:EBAY,0.07116175339422141
2021-04-15,17,AR1 alpha + Enhanced + One-Step,NASDAQ:EBAY,0.07116195017058628
2021-04-16,17,AR1 alpha + Enhanced + One-Step,NASDAQ:EBAY,0.07116197895597391
2021-04-19,17,AR1 alpha + Enhanced + One-Step,NASDAQ:EBAY,0.0711619962698529
2021-04-20,17,AR1 alpha + Enhanced + One-Step,NASDAQ:EBAY,0.07115991138730206
2021-04-21,17,AR1 alpha + Enhanced + One-Step,NASDAQ:EBAY,0.07115839118958411
2021-04-22,17,AR1 alpha + Enhanced + One-Step,NASDAQ:EBAY,0.07115509097504302
2021-04-23,17,AR1 alpha + Enhanced + One-Step,NASDAQ:EBAY,0.0637451602836775
2021-04-26,17,AR1 alpha + Enhanced + One-Step,NASDAQ:EBAY,0.05517284236686774
2021-04-27,17,AR1 alpha + Enhanced + One-Step,NASDAQ:EBAY,0.03827010784248751
2021-04-28,17,AR1 alpha + Enhanced + One-Step,NASDAQ:EBAY,0.02804725592861653
2021-04-29,17,AR1 alpha + Enhanced + One-Step,NASDAQ:EBAY,0.02114697768477251
2021-04-30,17,AR1 alpha + Enhanced + One-Step,NASDAQ:EBAY,0.021144606234881805
2021-05-03,17,AR1 alpha + Enhanced + One-Step,NASDAQ:EBAY,0.021148501739009045
2021-05-04,17,AR1 alpha + Enhanced + One-Step,NASDAQ:EBAY,0.02114824601482217
2021-05-05,17,AR1 alpha + Enhanced + One-Step,NASDAQ:EBAY,0.021148131447273486
2021-05-06,17,AR1 alpha + Enhanced + One-Step,NASDAQ:EBAY,0.021148700608670204
2021-05-07,17,AR1 alpha + Enhanced + One-Step,NASDAQ:EBAY,0.021148943143213226
2021-05-10,17,AR1 alpha + Enhanced + One-Step,NASDAQ:EBAY,0.021149006732071353
2021-05-11,17,AR1 alpha + Enhanced + One-Step,NASDAQ:EBAY,0.021149024549661888
2021-05-12,17,AR1 alpha + Enhanced + One-Step,NASDAQ:EBAY,0.02114893222198814
2021-05-13,17,AR1 alpha + Enhanced + One-Step,NASDAQ:EBAY,0.02114740238364521
2021-05-14,17,AR1 alpha + Enhanced + One-Step,NASDAQ:EBAY,0.021147429150903816
2021-05-17,17,AR1 alpha + Enhanced + One-Step,NASDAQ:EBAY,0.02114673963551005
2021-05-18,17,AR1 alpha + Enhanced + One-Step,NASDAQ:EBAY,0.02114732004714615
2021-05-19,17,AR1 alpha + Enhanced + One-Step,NASDAQ:EBAY,0.021147989238743708
2021-05-20,17,AR1 alpha + Enhanced + One-Step,NASDAQ:EBAY,0.02114819315345867
2021-05-21,17,AR1 alpha + Enhanced + One-Step,NASDAQ:EBAY,0.021148126895305864
2021-05-24,17,AR1 alpha + Enhanced + One-Step,NASDAQ:EBAY,0.021147142173387583
2021-05-25,17,AR1 alpha + Enhanced + One-Step,NASDAQ:EBAY,0.0211452634040264
2021-05-26,17,AR1 alpha + Enhanced + One-Step,NASDAQ:EBAY,0.021143775805352132
2021-05-27,17,AR1 alpha + Enhanced + One-Step,NASDAQ:EBAY,0.011162855907674367
2021-05-28,17,AR1 alpha + Enhanced + One-Step,NASDAQ:EBAY,0.0012933988177721955
2021-06-01,17,AR1 alpha + Enhanced + One-Step,NASDAQ:EBAY,0.0012923490256202374
2021-06-02,17,AR1 alpha + Enhanced + One-Step,NASDAQ:EBAY,0.001292318920170093
2021-06-03,17,AR1 alpha + Enhanced + One-Step,NASDAQ:EBAY,0.001292280529678795
2021-06-04,17,AR1 alpha + Enhanced + One-Step,NASDAQ:EBAY,0.0012919153896876422
2021-06-07,17,AR1 alpha + Enhanced + One-Step,NASDAQ:EBAY,0.0012918708255523692
2021-06-08,17,AR1 alpha + Enhanced + One-Step,NASDAQ:EBAY,1.044892119862522e-06
2021-06-09,17,AR1 alpha + Enhanced + One-Step,NASDAQ:EBAY,9.085102953964624e-07
2021-06-10,17,AR1 alpha + Enhanced + One-Step,NASDAQ:EBAY,7.44977782122007e-07
2021-06-11,17,AR1 alpha + Enhanced + One-Step,NASDAQ:EBAY,5.249850804281418e-07
2021-06-14,17,AR1 alpha + Enhanced + One-Step,NASDAQ:EBAY,2.4925035234089867e-07
2021-06-15,17,AR1 alpha + Enhanced + One-Step,NASDAQ:EBAY,0.0
2021-06-16,17,AR1 alpha + Enhanced + One-Step,NASDAQ:EBAY,0.0
2021-06-17,17,AR1 alpha + Enhanced + One-Step,NASDAQ:EBAY,0.0
2021-06-18,17,AR1 alpha + Enhanced + One-Step,NASDAQ:EBAY,0.0
2021-06-21,17,AR1 alpha + Enhanced + One-Step,NASDAQ:EBAY,4.862279900116884e-07
2021-06-22,17,AR1 alpha + Enhanced + One-Step,NASDAQ:EBAY,0.0
2021-06-23,17,AR1 alpha + Enhanced + One-Step,NASDAQ:EBAY,0.0
2021-06-24,17,AR1 alpha + Enhanced + One-Step,NASDAQ:EBAY,1.0884598992069523e-06
2021-06-25,17,AR1 alpha + Enhanced + One-Step,NASDAQ:EBAY,1.2822022805199014e-06
2021-06-28,17,AR1 alpha + Enhanced + One-Step,NASDAQ:EBAY,8.770126467363028e-07
2021-06-29,17,AR1 alpha + Enhanced + One-Step,NASDAQ:EBAY,6.053995360702935e-07
2021-06-30,17,AR1 alpha + Enhanced + One-Step,NASDAQ:EBAY,0.0
2021-07-01,17,AR1 alpha + Enhanced + One-Step,NASDAQ:EBAY,0.0
2021-07-02,17,AR1 alpha + Enhanced + One-Step,NASDAQ:EBAY,0.0
2021-07-06,17,AR1 alpha + Enhanced + One-Step,NASDAQ:EBAY,0.0
2021-07-07,17,AR1 alpha + Enhanced + One-Step,NASDAQ:EBAY,7.378875563453295e-07
2021-07-08,17,AR1 alpha + Enhanced + One-Step,NASDAQ:EBAY,3.924665499819559e-07
2021-07-09,17,AR1 alpha + Enhanced + One-Step,NASDAQ:EBAY,0.0
2021-07-12,17,AR1 alpha + Enhanced + One-Step,NASDAQ:EBAY,0.0
2021-07-13,17,AR1 alpha + Enhanced + One-Step,NASDAQ:EBAY,0.0
2021-07-14,17,AR1 alpha + Enhanced + One-Step,NASDAQ:EBAY,0.0
2021-07-15,17,AR1 alpha + Enhanced + One-Step,NASDAQ:EBAY,0.0
2021-07-16,17,AR1 alpha + Enhanced + One-Step,NASDAQ:EBAY,0.0
2021-07-19,17,AR1 alpha + Enhanced + One-Step,NASDAQ:EBAY,0.0
2021-07-20,17,AR1 alpha + Enhanced + One-Step,NASDAQ:EBAY,0.0
2021-07-21,17,AR1 alpha + Enhanced + One-Step,NASDAQ:EBAY,3.3853834168730406e-07
2021-07-22,17,AR1 alpha + Enhanced + One-Step,NASDAQ:EBAY,0.0
2021-07-23,17,AR1 alpha + Enhanced + One-Step,NASDAQ:EBAY,0.0
2021-07-26,17,AR1 alpha + Enhanced + One-Step,NASDAQ:EBAY,0.0
2021-07-27,17,AR1 alpha + Enhanced + One-Step,NASDAQ:EBAY,0.0
2021-07-28,17,AR1 alpha + Enhanced + One-Step,NASDAQ:EBAY,0.0
2021-07-29,17,AR1 alpha + Enhanced + One-Step,NASDAQ:EBAY,0.0
2021-07-30,17,AR1 alpha + Enhanced + One-Step,NASDAQ:EBAY,0.0
2021-08-02,17,AR1 alpha + Enhanced + One-Step,NASDAQ:EBAY,0.0
2021-08-03,17,AR1 alpha + Enhanced + One-Step,NASDAQ:EBAY,0.0
2021-08-04,17,AR1 alpha + Enhanced + One-Step,NASDAQ:EBAY,0.0
2021-08-05,17,AR1 alpha + Enhanced + One-Step,NASDAQ:EBAY,0.0
2021-08-06,17,AR1 alpha + Enhanced + One-Step,NASDAQ:EBAY,0.0
2021-08-09,17,AR1 alpha + Enhanced + One-Step,NASDAQ:EBAY,0.0
2021-08-10,17,AR1 alpha + Enhanced + One-Step,NASDAQ:EBAY,0.0
2021-08-11,17,AR1 alpha + Enhanced + One-Step,NASDAQ:EBAY,0.0
2021-08-12,17,AR1 alpha + Enhanced + One-Step,NASDAQ:EBAY,0.0
2021-08-13,17,AR1 alpha + Enhanced + One-Step,NASDAQ:EBAY,4.996248817378416e-07
2021-08-16,17,AR1 alpha + Enhanced + One-Step,NASDAQ:EBAY,0.005329061995837224
2021-08-17,17,AR1 alpha + Enhanced + One-Step,NASDAQ:EBAY,0.005329749536293184
2021-08-18,17,AR1 alpha + Enhanced + One-Step,NASDAQ:EBAY,0.005329920400988357
2021-08-19,17,AR1 alpha + Enhanced + One-Step,NASDAQ:EBAY,0.005331672460830091
2021-08-20,17,AR1 alpha + Enhanced + One-Step,NASDAQ:EBAY,0.005330554765399503
2021-08-23,17,AR1 alpha + Enhanced + One-Step,NASDAQ:EBAY,0.005330370283495508
2021-08-24,17,AR1 alpha + Enhanced + One-Step,NASDAQ:EBAY,0.0053296696133964
2021-08-25,17,AR1 alpha + Enhanced + One-Step,NASDAQ:EBAY,0.005329704978758705
2021-08-26,17,AR1 alpha + Enhanced + One-Step,NASDAQ:EBAY,0.005328025694481066
2021-08-27,17,AR1 alpha + Enhanced + One-Step,NASDAQ:EBAY,0.005326820731238852
2021-08-30,17,AR1 alpha + Enhanced + One-Step,NASDAQ:EBAY,0.008169652246101639
2021-08-31,17,AR1 alpha + Enhanced + One-Step,NASDAQ:EBAY,0.012117405260498045
2021-09-01,17,AR1 alpha + Enhanced + One-Step,NASDAQ:EBAY,0.01211605493702504
2021-09-02,17,AR1 alpha + Enhanced + One-Step,NASDAQ:EBAY,0.01211441582944481
2021-09-03,17,AR1 alpha + Enhanced + One-Step,NASDAQ:EBAY,0.012114511825327957
2021-09-07,17,AR1 alpha + Enhanced + One-Step,NASDAQ:EBAY,0.012113403458072509
2021-09-08,17,AR1 alpha + Enhanced + One-Step,NASDAQ:EBAY,0.012112723200474207
2021-09-09,17,AR1 alpha + Enhanced + One-Step,NASDAQ:EBAY,0.012111822952989362
2021-09-10,17,AR1 alpha + Enhanced + One-Step,NASDAQ:EBAY,0.012111323271200632
2021-09-13,17,AR1 alpha + Enhanced + One-Step,NASDAQ:EBAY,0.012111936391194884
2021-09-14,17,AR1 alpha + Enhanced + One-Step,NASDAQ:EBAY,0.01211171248469907
2021-09-15,17,AR1 alpha + Enhanced + One-Step,NASDAQ:EBAY,0.013180680040377703
2021-09-16,17,AR1 alpha + Enhanced + One-Step,NASDAQ:EBAY,0.01786667299418547
2021-09-17,17,AR1 alpha + Enhanced + One-Step,NASDAQ:EBAY,0.017865128119666864
2021-09-20,17,AR1 alpha + Enhanced + One-Step,NASDAQ:EBAY,0.012741758692048208
2021-09-21,17,AR1 alpha + Enhanced + One-Step,NASDAQ:EBAY,0.007482745082826871
2021-09-22,17,AR1 alpha + Enhanced + One-Step,NASDAQ:EBAY,0.007482672840508837
2021-09-23,17,AR1 alpha + Enhanced + One-Step,NASDAQ:EBAY,0.007483711468035251
2021-09-24,17,AR1 alpha + Enhanced + One-Step,NASDAQ:EBAY,0.007483721795897645
2021-09-27,17,AR1 alpha + Enhanced + One-Step,NASDAQ:EBAY,0.007483677036902827
2021-09-28,17,AR1 alpha + Enhanced + One-Step,NASDAQ:EBAY,0.0060901099529757415
2021-09-29,17,AR1 alpha + Enhanced + One-Step,NASDAQ:EBAY,0.006090614227759947
2021-09-30,17,AR1 alpha + Enhanced + One-Step,NASDAQ:EBAY,0.00305558995218666
2021-10-01,17,AR1 alpha + Enhanced + One-Step,NASDAQ:EBAY,0.0
2021-10-04,17,AR1 alpha + Enhanced + One-Step,NASDAQ:EBAY,0.0
2021-10-05,17,AR1 alpha + Enhanced + One-Step,NASDAQ:EBAY,0.0
2021-10-06,17,AR1 alpha + Enhanced + One-Step,NASDAQ:EBAY,0.0
2021-10-07,17,AR1 alpha + Enhanced + One-Step,NASDAQ:EBAY,0.021437079768363645
2021-10-08,17,AR1 alpha + Enhanced + One-Step,NASDAQ:EBAY,0.038827241968238786
2021-10-11,17,AR1 alpha + Enhanced + One-Step,NASDAQ:EBAY,0.03882703082529564
2021-10-12,17,AR1 alpha + Enhanced + One-Step,NASDAQ:EBAY,0.03856615282202911
2021-10-13,17,AR1 alpha + Enhanced + One-Step,NASDAQ:EBAY,0.03856619588051004
2021-10-14,17,AR1 alpha + Enhanced + One-Step,NASDAQ:EBAY,0.038565942244131936
2021-10-15,17,AR1 alpha + Enhanced + One-Step,NASDAQ:EBAY,0.03856560841502046
2021-10-18,17,AR1 alpha + Enhanced + One-Step,NASDAQ:EBAY,0.03856471038429617
2021-10-19,17,AR1 alpha + Enhanced + One-Step,NASDAQ:EBAY,0.03856470677720536
2021-10-20,17,AR1 alpha + Enhanced + One-Step,NASDAQ:EBAY,0.048174818003686566
2021-10-21,17,AR1 alpha + Enhanced + One-Step,NASDAQ:EBAY,0.051138027895579495
2021-10-22,17,AR1 alpha + Enhanced + One-Step,NASDAQ:EBAY,0.0761851966613639
2021-10-25,17,AR1 alpha + Enhanced + One-Step,NASDAQ:EBAY,0.09999761199070689
2021-10-26,17,AR1 alpha + Enhanced + One-Step,NASDAQ:EBAY,0.09999330407996178
2021-10-27,17,AR1 alpha + Enhanced + One-Step,NASDAQ:EBAY,0.08796322633736507
2021-10-28,17,AR1 alpha + Enhanced + One-Step,NASDAQ:EBAY,0.06294089333908394
2021-10-29,17,AR1 alpha + Enhanced + One-Step,NASDAQ:EBAY,0.05458566109619834
2021-11-01,17,AR1 alpha + Enhanced + One-Step,NASDAQ:EBAY,0.05458335394365136
2021-11-02,17,AR1 alpha + Enhanced + One-Step,NASDAQ:EBAY,0.04742827859448973
2021-11-03,17,AR1 alpha + Enhanced + One-Step,NASDAQ:EBAY,0.0474303237134786
2021-11-04,17,AR1 alpha + Enhanced + One-Step,NASDAQ:EBAY,0.037860324002080954
2021-11-05,17,AR1 alpha + Enhanced + One-Step,NASDAQ:EBAY,0.03785992542249542
2021-11-08,17,AR1 alpha + Enhanced + One-Step,NASDAQ:EBAY,0.037858719199458865
2021-11-09,17,AR1 alpha + Enhanced + One-Step,NASDAQ:EBAY,0.03785880437111767
2021-11-10,17,AR1 alpha + Enhanced + One-Step,NASDAQ:EBAY,0.037860094219666414
2021-11-11,17,AR1 alpha + Enhanced + One-Step,NASDAQ:EBAY,0.03786005219635744
2021-11-12,17,AR1 alpha + Enhanced + One-Step,NASDAQ:EBAY,0.03786025080696064
2021-11-15,17,AR1 alpha + Enhanced + One-Step,NASDAQ:EBAY,0.03786081372319991
2021-11-16,17,AR1 alpha + Enhanced + One-Step,NASDAQ:EBAY,0.040115638598409685
2021-11-17,17,AR1 alpha + Enhanced + One-Step,NASDAQ:EBAY,0.04011355693325785
2021-11-18,17,AR1 alpha + Enhanced + One-Step,NASDAQ:EBAY,0.040113083182986786
2021-11-19,17,AR1 alpha + Enhanced + One-Step,NASDAQ:EBAY,0.04011340159606185
2021-11-22,17,AR1 alpha + Enhanced + One-Step,NASDAQ:EBAY,0.040113668863332175
2021-11-23,17,AR1 alpha + Enhanced + One-Step,NASDAQ:EBAY,0.0401103944648734
2021-11-24,17,AR1 alpha + Enhanced + One-Step,NASDAQ:EBAY,0.04011016476966968
2021-11-26,17,AR1 alpha + Enhanced + One-Step,NASDAQ:EBAY,0.040107913344412736
2021-11-29,17,AR1 alpha + Enhanced + One-Step,NASDAQ:EBAY,0.04010788079155767
2021-11-30,17,AR1 alpha + Enhanced + One-Step,NASDAQ:EBAY,0.026300547868285427
2021-12-01,17,AR1 alpha + Enhanced + One-Step,NASDAQ:EBAY,0.014503696498411104
2021-12-02,17,AR1 alpha + Enhanced + One-Step,NASDAQ:EBAY,0.014501609863679729
2021-12-03,17,AR1 alpha + Enhanced + One-Step,NASDAQ:EBAY,0.004819217819453964
2021-12-06,17,AR1 alpha + Enhanced + One-Step,NASDAQ:EBAY,0.00481914870577514
2021-12-07,17,AR1 alpha + Enhanced + One-Step,NASDAQ:EBAY,0.004819171130216922
2021-12-08,17,AR1 alpha + Enhanced + One-Step,NASDAQ:EBAY,0.004819299987608293
2021-12-09,17,AR1 alpha + Enhanced + One-Step,NASDAQ:EBAY,0.004819003557632602
2021-12-10,17,AR1 alpha + Enhanced + One-Step,NASDAQ:EBAY,0.004818738909724764
2021-12-13,17,AR1 alpha + Enhanced + One-Step,NASDAQ:EBAY,0.00481785669504234
2021-12-14,17,AR1 alpha + Enhanced + One-Step,NASDAQ:EBAY,0.002891787645964314
2021-12-15,17,AR1 alpha + Enhanced + One-Step,NASDAQ:EBAY,0.00289221176458084
2021-12-16,17,AR1 alpha + Enhanced + One-Step,NASDAQ:EBAY,8.263093813005378e-07
2021-12-17,17,AR1 alpha + Enhanced + One-Step,NASDAQ:EBAY,4.151841009305913e-07
2021-12-20,17,AR1 alpha + Enhanced + One-Step,NASDAQ:EBAY,0.0
2021-12-21,17,AR1 alpha + Enhanced + One-Step,NASDAQ:EBAY,0.0
2021-12-22,17,AR1 alpha + Enhanced + One-Step,NASDAQ:EBAY,5.742698453210895e-08
2021-12-23,17,AR1 alpha + Enhanced + One-Step,NASDAQ:EBAY,2.4671595396956575e-07
2021-12-27,17,AR1 alpha + Enhanced + One-Step,NASDAQ:EBAY,2.6843099827150254e-07
2021-12-28,17,AR1 alpha + Enhanced + One-Step,NASDAQ:EBAY,5.330084178524457e-07
2021-12-29,17,AR1 alpha + Enhanced + One-Step,NASDAQ:EBAY,3.790116806679402e-07
2021-12-30,17,AR1 alpha + Enhanced + One-Step,NASDAQ:EBAY,4.3391743891596855e-07
2021-12-31,17,AR1 alpha + Enhanced + One-Step,NASDAQ:EBAY,3.191549960625966e-07
2022-01-03,17,AR1 alpha + Enhanced + One-Step,NASDAQ:EBAY,3.0024603421674225e-07
2022-01-04,17,AR1 alpha + Enhanced + One-Step,NASDAQ:EBAY,2.9201029621173446e-07
2022-01-05,17,AR1 alpha + Enhanced + One-Step,NASDAQ:EBAY,2.069992650802758e-07
2022-01-06,17,AR1 alpha + Enhanced + One-Step,NASDAQ:EBAY,1.8251952910948434e-07
2022-01-07,17,AR1 alpha + Enhanced + One-Step,NASDAQ:EBAY,3.517455347963316e-08
2022-01-10,17,AR1 alpha + Enhanced + One-Step,NASDAQ:EBAY,0.0
2022-01-11,17,AR1 alpha + Enhanced + One-Step,NASDAQ:EBAY,0.0
2022-01-12,17,AR1 alpha + Enhanced + One-Step,NASDAQ:EBAY,0.0
2022-01-13,17,AR1 alpha + Enhanced + One-Step,NASDAQ:EBAY,0.0
2022-01-14,17,AR1 alpha + Enhanced + One-Step,NASDAQ:EBAY,0.0
2022-01-18,17,AR1 alpha + Enhanced + One-Step,NASDAQ:EBAY,1.764229683416347e-07
2022-01-19,17,AR1 alpha + Enhanced + One-Step,NASDAQ:EBAY,0.0
2022-01-20,17,AR1 alpha + Enhanced + One-Step,NASDAQ:EBAY,4.5584208149255364e-08
2022-01-21,17,AR1 alpha + Enhanced + One-Step,NASDAQ:EBAY,0.0
2022-01-24,17,AR1 alpha + Enhanced + One-Step,NASDAQ:EBAY,0.0
2022-01-25,17,AR1 alpha + Enhanced + One-Step,NASDAQ:EBAY,2.5040832693224977e-08
2022-01-26,17,AR1 alpha + Enhanced + One-Step,NASDAQ:EBAY,1.0187296131958495e-07
2022-01-27,17,AR1 alpha + Enhanced + One-Step,NASDAQ:EBAY,0.0
2022-01-28,17,AR1 alpha + Enhanced + One-Step,NASDAQ:EBAY,0.0
2022-01-31,17,AR1 alpha + Enhanced + One-Step,NASDAQ:EBAY,2.8075615473979943e-07
2022-02-01,17,AR1 alpha + Enhanced + One-Step,NASDAQ:EBAY,1.5751041488383735e-07
2022-02-02,17,AR1 alpha + Enhanced + One-Step,NASDAQ:EBAY,4.331276364182153e-08
2022-02-03,17,AR1 alpha + Enhanced + One-Step,NASDAQ:EBAY,0.0
2022-02-04,17,AR1 alpha + Enhanced + One-Step,NASDAQ:EBAY,0.0
2022-02-07,17,AR1 alpha + Enhanced + One-Step,NASDAQ:EBAY,0.0
2022-02-08,17,AR1 alpha + Enhanced + One-Step,NASDAQ:EBAY,3.615640902768986e-08
2022-02-09,17,AR1 alpha + Enhanced + One-Step,NASDAQ:EBAY,6.212362387042595e-08
2022-02-10,17,AR1 alpha + Enhanced + One-Step,NASDAQ:EBAY,4.0435206483828314e-08
2022-02-11,17,AR1 alpha + Enhanced + One-Step,NASDAQ:EBAY,3.9707148733583955e-07
2022-02-14,17,AR1 alpha + Enhanced + One-Step,NASDAQ:EBAY,1.7502053156153365e-07
2022-02-15,17,AR1 alpha + Enhanced + One-Step,NASDAQ:EBAY,1.3159502154070727e-07
2022-02-16,17,AR1 alpha + Enhanced + One-Step,NASDAQ:EBAY,3.186419472990272e-07
2022-02-17,17,AR1 alpha + Enhanced + One-Step,NASDAQ:EBAY,3.931263629292677e-07
2022-02-18,17,AR1 alpha + Enhanced + One-Step,NASDAQ:EBAY,3.415813378120699e-07
2022-02-22,17,AR1 alpha + Enhanced + One-Step,NASDAQ:EBAY,1.909438121212093e-07
2022-02-23,17,AR1 alpha + Enhanced + One-Step,NASDAQ:EBAY,1.360262289303981e-07
2022-02-24,17,AR1 alpha + Enhanced + One-Step,NASDAQ:EBAY,3.944813654738061e-09
2022-02-25,17,AR1 alpha + Enhanced + One-Step,NASDAQ:EBAY,6.196665595289074e-08
2022-02-28,17,AR1 alpha + Enhanced + One-Step,NASDAQ:EBAY,6.257811522228212e-08
2022-03-01,17,AR1 alpha + Enhanced + One-Step,NASDAQ:EBAY,1.475233974077525e-07
2022-03-02,17,AR1 alpha + Enhanced + One-Step,NASDAQ:EBAY,2.1300328092257645e-08
2022-03-03,17,AR1 alpha + Enhanced + One-Step,NASDAQ:EBAY,3.0153332755467006e-09
2022-03-04,17,AR1 alpha + Enhanced + One-Step,NASDAQ:EBAY,0.0
2022-03-07,17,AR1 alpha + Enhanced + One-Step,NASDAQ:EBAY,8.898147306231728e-07
2022-03-08,17,AR1 alpha + Enhanced + One-Step,NASDAQ:EBAY,4.6744475887315614e-07
2022-03-09,17,AR1 alpha + Enhanced + One-Step,NASDAQ:EBAY,1.7792163143730928e-07
2022-03-10,17,AR1 alpha + Enhanced + One-Step,NASDAQ:EBAY,1.8338060444990352e-07
2022-03-11,17,AR1 alpha + Enhanced + One-Step,NASDAQ:EBAY,0.0
2022-03-14,17,AR1 alpha + Enhanced + One-Step,NASDAQ:EBAY,0.0
2022-03-15,17,AR1 alpha + Enhanced + One-Step,NASDAQ:EBAY,0.0
2022-03-16,17,AR1 alpha + Enhanced + One-Step,NASDAQ:EBAY,3.8471465217724046e-09
2022-03-17,17,AR1 alpha + Enhanced + One-Step,NASDAQ:EBAY,7.353612633761711e-08
2022-03-18,17,AR1 alpha + Enhanced + One-Step,NASDAQ:EBAY,2.093858893455845e-08
2022-03-21,17,AR1 alpha + Enhanced + One-Step,NASDAQ:EBAY,1.943166833804454e-07
2022-03-22,17,AR1 alpha + Enhanced + One-Step,NASDAQ:EBAY,1.389003642497029e-07
2022-03-23,17,AR1 alpha + Enhanced + One-Step,NASDAQ:EBAY,7.125982909406266e-08
2022-03-24,17,AR1 alpha + Enhanced + One-Step,NASDAQ:EBAY,2.1179279759767452e-07
2022-03-25,17,AR1 alpha + Enhanced + One-Step,NASDAQ:EBAY,0.0
2022-03-28,17,AR1 alpha + Enhanced + One-Step,NASDAQ:EBAY,2.0801139923965065e-07
2022-03-29,17,AR1 alpha + Enhanced + One-Step,NASDAQ:EBAY,0.0
2022-03-30,17,AR1 alpha + Enhanced + One-Step,NASDAQ:EBAY,2.085849834871121e-08
2022-03-31,17,AR1 alpha + Enhanced + One-Step,NASDAQ:EBAY,1.0359318196603796e-08
2022-04-01,17,AR1 alpha + Enhanced + One-Step,NASDAQ:EBAY,0.0
2022-04-04,17,AR1 alpha + Enhanced + One-Step,NASDAQ:EBAY,0.0
2022-04-05,17,AR1 alpha + Enhanced + One-Step,NASDAQ:EBAY,0.0
2022-04-06,17,AR1 alpha + Enhanced + One-Step,NASDAQ:EBAY,0.0
2022-04-07,17,AR1 alpha + Enhanced + One-Step,NASDAQ:EBAY,0.0
2022-04-08,17,AR1 alpha + Enhanced + One-Step,NASDAQ:EBAY,2.201982043830198e-07
2022-04-11,17,AR1 alpha + Enhanced + One-Step,NASDAQ:EBAY,0.0
2022-04-12,17,AR1 alpha + Enhanced + One-Step,NASDAQ:EBAY,0.0
2022-04-13,17,AR1 alpha + Enhanced + One-Step,NASDAQ:EBAY,3.804279404306315e-08
2022-04-14,17,AR1 alpha + Enhanced + One-Step,NASDAQ:EBAY,0.0
2022-04-18,17,AR1 alpha + Enhanced + One-Step,NASDAQ:EBAY,0.0
2022-04-19,17,AR1 alpha + Enhanced + One-Step,NASDAQ:EBAY,0.0
2022-04-20,17,AR1 alpha + Enhanced + One-Step,NASDAQ:EBAY,0.0
2022-04-21,17,AR1 alpha + Enhanced + One-Step,NASDAQ:EBAY,6.542071766877222e-08
2022-04-22,17,AR1 alpha + Enhanced + One-Step,NASDAQ:EBAY,0.0
2022-04-25,17,AR1 alpha + Enhanced + One-Step,NASDAQ:EBAY,0.0
2022-04-26,17,AR1 alpha + Enhanced + One-Step,NASDAQ:EBAY,1.0443400121122688e-07
2022-04-27,17,AR1 alpha + Enhanced + One-Step,NASDAQ:EBAY,8.761075673796608e-08
2022-04-28,17,AR1 alpha + Enhanced + One-Step,NASDAQ:EBAY,0.0
2022-04-29,17,AR1 alpha + Enhanced + One-Step,NASDAQ:EBAY,3.994313542717517e-09
2022-05-02,17,AR1 alpha + Enhanced + One-Step,NASDAQ:EBAY,0.0
2022-05-03,17,AR1 alpha + Enhanced + One-Step,NASDAQ:EBAY,0.0
2022-05-04,17,AR1 alpha + Enhanced + One-Step,NASDAQ:EBAY,1.0011820632949386e-08
2022-05-05,17,AR1 alpha + Enhanced + One-Step,NASDAQ:EBAY,0.0
2022-05-06,17,AR1 alpha + Enhanced + One-Step,NASDAQ:EBAY,0.0
2022-05-09,17,AR1 alpha + Enhanced + One-Step,NASDAQ:EBAY,0.0
2022-05-10,17,AR1 alpha + Enhanced + One-Step,NASDAQ:EBAY,0.0
2022-05-11,17,AR1 alpha + Enhanced + One-Step,NASDAQ:EBAY,1.0154809189794972e-07
2022-05-12,17,AR1 alpha + Enhanced + One-Step,NASDAQ:EBAY,0.0
2022-05-13,17,AR1 alpha + Enhanced + One-Step,NASDAQ:EBAY,0.0
2022-05-16,17,AR1 alpha + Enhanced + One-Step,NASDAQ:EBAY,3.741200548628712e-08
2022-05-17,17,AR1 alpha + Enhanced + One-Step,NASDAQ:EBAY,0.0
2022-05-18,17,AR1 alpha + Enhanced + One-Step,NASDAQ:EBAY,1.0264450807854266e-07
2022-05-19,17,AR1 alpha + Enhanced + One-Step,NASDAQ:EBAY,0.0
2022-05-20,17,AR1 alpha + Enhanced + One-Step,NASDAQ:EBAY,0.0
2022-05-23,17,AR1 alpha + Enhanced + One-Step,NASDAQ:EBAY,0.0
2022-05-24,17,AR1 alpha + Enhanced + One-Step,NASDAQ:EBAY,0.0
2022-05-25,17,AR1 alpha + Enhanced + One-Step,NASDAQ:EBAY,0.0
2022-05-26,17,AR1 alpha + Enhanced + One-Step,NASDAQ:EBAY,1.957730637540033e-09
2022-05-27,17,AR1 alpha + Enhanced + One-Step,NASDAQ:EBAY,2.1338131671301778e-07
2022-05-31,17,AR1 alpha + Enhanced + One-Step,NASDAQ:EBAY,0.0
2022-06-01,17,AR1 alpha + Enhanced + One-Step,NASDAQ:EBAY,4.3417780015026756e-07
2022-06-02,17,AR1 alpha + Enhanced + One-Step,NASDAQ:EBAY,4.808511632413887e-07
2022-06-03,17,AR1 alpha + Enhanced + One-Step,NASDAQ:EBAY,0.0
2022-06-06,17,AR1 alpha + Enhanced + One-Step,NASDAQ:EBAY,0.0
2022-06-07,17,AR1 alpha + Enhanced + One-Step,NASDAQ:EBAY,0.0
2022-06-08,17,AR1 alpha + Enhanced + One-Step,NASDAQ:EBAY,0.0
2022-06-09,17,AR1 alpha + Enhanced + One-Step,NASDAQ:EBAY,0.0
2022-06-10,17,AR1 alpha + Enhanced + One-Step,NASDAQ:EBAY,0.0
2022-06-13,17,AR1 alpha + Enhanced + One-Step,NASDAQ:EBAY,0.0
2022-06-14,17,AR1 alpha + Enhanced + One-Step,NASDAQ:EBAY,4.1743119714516504e-07
2022-06-15,17,AR1 alpha + Enhanced + One-Step,NASDAQ:EBAY,1.1698804117331163e-07
2022-06-16,17,AR1 alpha + Enhanced + One-Step,NASDAQ:EBAY,9.003235471181841e-08
2022-06-17,17,AR1 alpha + Enhanced + One-Step,NASDAQ:EBAY,0.0
2022-06-21,17,AR1 alpha + Enhanced + One-Step,NASDAQ:EBAY,0.0
2022-06-22,17,AR1 alpha + Enhanced + One-Step,NASDAQ:EBAY,0.0
2022-06-23,17,AR1 alpha + Enhanced + One-Step,NASDAQ:EBAY,0.0
2022-06-24,17,AR1 alpha + Enhanced + One-Step,NASDAQ:EBAY,0.0
2022-06-27,17,AR1 alpha + Enhanced + One-Step,NASDAQ:EBAY,1.4262446161698073e-07
2022-06-28,17,AR1 alpha + Enhanced + One-Step,NASDAQ:EBAY,6.507225344106957e-08
2022-06-29,17,AR1 alpha + Enhanced + One-Step,NASDAQ:EBAY,0.0
2022-06-30,17,AR1 alpha + Enhanced + One-Step,NASDAQ:EBAY,1.5268601363347777e-07
2022-07-01,17,AR1 alpha + Enhanced + One-Step,NASDAQ:EBAY,0.0
2022-07-05,17,AR1 alpha + Enhanced + One-Step,NASDAQ:EBAY,0.0
2022-07-06,17,AR1 alpha + Enhanced + One-Step,NASDAQ:EBAY,0.0
2022-07-07,17,AR1 alpha + Enhanced + One-Step,NASDAQ:EBAY,0.0
2022-07-08,17,AR1 alpha + Enhanced + One-Step,NASDAQ:EBAY,0.0
2022-07-11,17,AR1 alpha + Enhanced + One-Step,NASDAQ:EBAY,0.0
2022-07-12,17,AR1 alpha + Enhanced + One-Step,NASDAQ:EBAY,0.0
2022-07-13,17,AR1 alpha + Enhanced + One-Step,NASDAQ:EBAY,0.0
2022-07-14,17,AR1 alpha + Enhanced + One-Step,NASDAQ:EBAY,9.071856886250366e-09
2022-07-15,17,AR1 alpha + Enhanced + One-Step,NASDAQ:EBAY,2.9853202024403325e-08
2022-07-18,17,AR1 alpha + Enhanced + One-Step,NASDAQ:EBAY,0.0
2022-07-19,17,AR1 alpha + Enhanced + One-Step,NASDAQ:EBAY,0.0
2022-07-20,17,AR1 alpha + Enhanced + One-Step,NASDAQ:EBAY,0.0
2022-07-21,17,AR1 alpha + Enhanced + One-Step,NASDAQ:EBAY,0.0
2022-07-22,17,AR1 alpha + Enhanced + One-Step,NASDAQ:EBAY,0.0
2022-07-25,17,AR1 alpha + Enhanced + One-Step,NASDAQ:EBAY,4.530884334697024e-07
2022-07-26,17,AR1 alpha + Enhanced + One-Step,NASDAQ:EBAY,0.0
2022-07-27,17,AR1 alpha + Enhanced + One-Step,NASDAQ:EBAY,9.976838618342675e-11
2022-07-28,17,AR1 alpha + Enhanced + One-Step,NASDAQ:EBAY,2.497062697478803e-08
2022-07-29,17,AR1 alpha + Enhanced + One-Step,NASDAQ:EBAY,0.0
2022-08-01,17,AR1 alpha + Enhanced + One-Step,NASDAQ:EBAY,0.0
2022-08-02,17,AR1 alpha + Enhanced + One-Step,NASDAQ:EBAY,0.0
2022-08-03,17,AR1 alpha + Enhanced + One-Step,NASDAQ:EBAY,0.0
2022-08-04,17,AR1 alpha + Enhanced + One-Step,NASDAQ:EBAY,8.654118854964607e-08
2022-08-05,17,AR1 alpha + Enhanced + One-Step,NASDAQ:EBAY,0.0
2022-08-08,17,AR1 alpha + Enhanced + One-Step,NASDAQ:EBAY,0.0
2022-08-09,17,AR1 alpha + Enhanced + One-Step,NASDAQ:EBAY,4.1200978776007296e-07
2022-08-10,17,AR1 alpha + Enhanced + One-Step,NASDAQ:EBAY,0.0
2022-08-11,17,AR1 alpha + Enhanced + One-Step,NASDAQ:EBAY,0.0
2022-08-12,17,AR1 alpha + Enhanced + One-Step,NASDAQ:EBAY,0.0
2022-08-15,17,AR1 alpha + Enhanced + One-Step,NASDAQ:EBAY,0.0
2022-08-16,17,AR1 alpha + Enhanced + One-Step,NASDAQ:EBAY,2.2980383563275214e-08
2022-08-17,17,AR1 alpha + Enhanced + One-Step,NASDAQ:EBAY,2.120823113659393e-07
2022-08-18,17,AR1 alpha + Enhanced + One-Step,NASDAQ:EBAY,0.0
2022-08-19,17,AR1 alpha + Enhanced + One-Step,NASDAQ:EBAY,0.0
2022-08-22,17,AR1 alpha + Enhanced + One-Step,NASDAQ:EBAY,3.3729638708394865e-07
2022-08-23,17,AR1 alpha + Enhanced + One-Step,NASDAQ:EBAY,0.0
2022-08-24,17,AR1 alpha + Enhanced + One-Step,NASDAQ:EBAY,0.0
2022-08-25,17,AR1 alpha + Enhanced + One-Step,NASDAQ:EBAY,0.0
2022-08-26,17,AR1 alpha + Enhanced + One-Step,NASDAQ:EBAY,0.0
2022-08-29,17,AR1 alpha + Enhanced + One-Step,NASDAQ:EBAY,7.027863637050122e-08
2022-08-30,17,AR1 alpha + Enhanced + One-Step,NASDAQ:EBAY,0.0
2022-08-31,17,AR1 alpha + Enhanced + One-Step,NASDAQ:EBAY,0.0
2022-09-01,17,AR1 alpha + Enhanced + One-Step,NASDAQ:EBAY,1.032377994565487e-07
2022-09-02,17,AR1 alpha + Enhanced + One-Step,NASDAQ:EBAY,5.2325381876555314e-08
2022-09-06,17,AR1 alpha + Enhanced + One-Step,NASDAQ:EBAY,3.7136945069527286e-08
2022-09-07,17,AR1 alpha + Enhanced + One-Step,NASDAQ:EBAY,3.4340738790912765e-08
2022-09-08,17,AR1 alpha + Enhanced + One-Step,NASDAQ:EBAY,1.1684284399918322e-07
2022-09-09,17,AR1 alpha + Enhanced + One-Step,NASDAQ:EBAY,0.0
2022-09-12,17,AR1 alpha + Enhanced + One-Step,NASDAQ:EBAY,0.0
2022-09-13,17,AR1 alpha + Enhanced + One-Step,NASDAQ:EBAY,8.967248728964087e-09
2022-09-14,17,AR1 alpha + Enhanced + One-Step,NASDAQ:EBAY,0.0
2022-09-15,17,AR1 alpha + Enhanced + One-Step,NASDAQ:EBAY,0.0
2022-09-16,17,AR1 alpha + Enhanced + One-Step,NASDAQ:EBAY,4.128407813017388e-08
2022-09-19,17,AR1 alpha + Enhanced + One-Step,NASDAQ:EBAY,0.0
2022-09-20,17,AR1 alpha + Enhanced + One-Step,NASDAQ:EBAY,1.3166546945209633e-07
2022-09-21,17,AR1 alpha + Enhanced + One-Step,NASDAQ:EBAY,0.0
2022-09-22,17,AR1 alpha + Enhanced + One-Step,NASDAQ:EBAY,0.0
2022-09-23,17,AR1 alpha + Enhanced + One-Step,NASDAQ:EBAY,0.0
2022-09-26,17,AR1 alpha + Enhanced + One-Step,NASDAQ:EBAY,0.0
2022-09-27,17,AR1 alpha + Enhanced + One-Step,NASDAQ:EBAY,8.969858039154614e-09
2022-09-28,17,AR1 alpha + Enhanced + One-Step,NASDAQ:EBAY,0.0
2022-09-29,17,AR1 alpha + Enhanced + One-Step,NASDAQ:EBAY,3.059583893870344e-07
2022-09-30,17,AR1 alpha + Enhanced + One-Step,NASDAQ:EBAY,1.1045121567485127e-07
2022-10-03,17,AR1 alpha + Enhanced + One-Step,NASDAQ:EBAY,6.364497016527698e-08
2022-10-04,17,AR1 alpha + Enhanced + One-Step,NASDAQ:EBAY,1.3035658142368214e-07
2022-10-05,17,AR1 alpha + Enhanced + One-Step,NASDAQ:EBAY,0.0
2022-10-06,17,AR1 alpha + Enhanced + One-Step,NASDAQ:EBAY,0.0
2022-10-07,17,AR1 alpha + Enhanced + One-Step,NASDAQ:EBAY,3.440096066828443e-08
2022-10-10,17,AR1 alpha + Enhanced + One-Step,NASDAQ:EBAY,0.0
2022-10-11,17,AR1 alpha + Enhanced + One-Step,NASDAQ:EBAY,0.0
2022-10-12,17,AR1 alpha + Enhanced + One-Step,NASDAQ:EBAY,0.0
2022-10-13,17,AR1 alpha + Enhanced + One-Step,NASDAQ:EBAY,1.325968284946891e-06
2022-10-14,17,AR1 alpha + Enhanced + One-Step,NASDAQ:EBAY,6.555556535965583e-07
2022-10-17,17,AR1 alpha + Enhanced + One-Step,NASDAQ:EBAY,3.7600153999695e-07
2022-10-18,17,AR1 alpha + Enhanced + One-Step,NASDAQ:EBAY,2.5831360383904477e-07
2022-10-19,17,AR1 alpha + Enhanced + One-Step,NASDAQ:EBAY,1.7460483946165362e-07
2022-10-20,17,AR1 alpha + Enhanced + One-Step,NASDAQ:EBAY,0.0
2022-10-21,17,AR1 alpha + Enhanced + One-Step,NASDAQ:EBAY,3.17611419485915e-08
2022-10-24,17,AR1 alpha + Enhanced + One-Step,NASDAQ:EBAY,0.0
2022-10-25,17,AR1 alpha + Enhanced + One-Step,NASDAQ:EBAY,5.0483195141176926e-09
2022-10-26,17,AR1 alpha + Enhanced + One-Step,NASDAQ:EBAY,6.223228502758761e-08
2022-10-27,17,AR1 alpha + Enhanced + One-Step,NASDAQ:EBAY,0.0
2022-10-28,17,AR1 alpha + Enhanced + One-Step,NASDAQ:EBAY,0.0
2022-10-31,17,AR1 alpha + Enhanced + One-Step,NASDAQ:EBAY,0.0
2022-11-01,17,AR1 alpha + Enhanced + One-Step,NASDAQ:EBAY,0.0
2022-11-02,17,AR1 alpha + Enhanced + One-Step,NASDAQ:EBAY,2.2753243941314663e-08
2022-11-03,17,AR1 alpha + Enhanced + One-Step,NASDAQ:EBAY,1.6117898916315326e-06
2022-11-04,17,AR1 alpha + Enhanced + One-Step,NASDAQ:EBAY,7.524676653598135e-07
2022-11-07,17,AR1 alpha + Enhanced + One-Step,NASDAQ:EBAY,0.0
2022-11-08,17,AR1 alpha + Enhanced + One-Step,NASDAQ:EBAY,6.73571636731282e-08
2022-11-09,17,AR1 alpha + Enhanced + One-Step,NASDAQ:EBAY,0.0
2022-11-10,17,AR1 alpha + Enhanced + One-Step,NASDAQ:EBAY,0.0
2022-11-11,17,AR1 alpha + Enhanced + One-Step,NASDAQ:EBAY,0.0
2022-11-14,17,AR1 alpha + Enhanced + One-Step,NASDAQ:EBAY,0.0
2022-11-15,17,AR1 alpha + Enhanced + One-Step,NASDAQ:EBAY,1.608111988319469e-08
2022-11-16,17,AR1 alpha + Enhanced + One-Step,NASDAQ:EBAY,0.0
2022-11-17,17,AR1 alpha + Enhanced + One-Step,NASDAQ:EBAY,3.5854288394674986e-08
2022-11-18,17,AR1 alpha + Enhanced + One-Step,NASDAQ:EBAY,5.5764943175844584e-08
2022-11-21,17,AR1 alpha + Enhanced + One-Step,NASDAQ:EBAY,0.0
2022-11-22,17,AR1 alpha + Enhanced + One-Step,NASDAQ:EBAY,0.0
2022-11-23,17,AR1 alpha + Enhanced + One-Step,NASDAQ:EBAY,3.4150581773897845e-07
2022-11-25,17,AR1 alpha + Enhanced + One-Step,NASDAQ:EBAY,3.664131006005212e-07
2022-11-28,17,AR1 alpha + Enhanced + One-Step,NASDAQ:EBAY,2.410637905652384e-07
2022-11-29,17,AR1 alpha + Enhanced + One-Step,NASDAQ:EBAY,1.6320856266661442e-07
2022-11-30,17,AR1 alpha + Enhanced + One-Step,NASDAQ:EBAY,1.0635582826755866e-07
2022-12-01,17,AR1 alpha + Enhanced + One-Step,NASDAQ:EBAY,0.0
2022-12-02,17,AR1 alpha + Enhanced + One-Step,NASDAQ:EBAY,3.749116517819604e-08
2022-12-05,17,AR1 alpha + Enhanced + One-Step,NASDAQ:EBAY,0.0
2022-12-06,17,AR1 alpha + Enhanced + One-Step,NASDAQ:EBAY,0.0
2022-12-07,17,AR1 alpha + Enhanced + One-Step,NASDAQ:EBAY,0.0
2022-12-08,17,AR1 alpha + Enhanced + One-Step,NASDAQ:EBAY,0.0
2022-12-09,17,AR1 alpha + Enhanced + One-Step,NASDAQ:EBAY,0.0
2022-12-12,17,AR1 alpha + Enhanced + One-Step,NASDAQ:EBAY,0.0
2022-12-13,17,AR1 alpha + Enhanced + One-Step,NASDAQ:EBAY,0.0
2022-12-14,17,AR1 alpha + Enhanced + One-Step,NASDAQ:EBAY,0.0
2022-12-15,17,AR1 alpha + Enhanced + One-Step,NASDAQ:EBAY,0.0
2022-12-16,17,AR1 alpha + Enhanced + One-Step,NASDAQ:EBAY,0.0
2022-12-19,17,AR1 alpha + Enhanced + One-Step,NASDAQ:EBAY,0.0
2022-12-20,17,AR1 alpha + Enhanced + One-Step,NASDAQ:EBAY,0.0
2022-12-21,17,AR1 alpha + Enhanced + One-Step,NASDAQ:EBAY,4.986218281920438e-09
2022-12-22,17,AR1 alpha + Enhanced + One-Step,NASDAQ:EBAY,4.972322396980983e-10
2022-12-23,17,AR1 alpha + Enhanced + One-Step,NASDAQ:EBAY,2.9831801581785915e-08
2022-12-27,17,AR1 alpha + Enhanced + One-Step,NASDAQ:EBAY,2.787184532635929e-08
2022-12-28,17,AR1 alpha + Enhanced + One-Step,NASDAQ:EBAY,0.0
2022-12-29,17,AR1 alpha + Enhanced + One-Step,NASDAQ:EBAY,0.0
2022-12-30,17,AR1 alpha + Enhanced + One-Step,NASDAQ:EBAY,3.601492831944107e-09
2023-01-03,17,AR1 alpha + Enhanced + One-Step,NASDAQ:EBAY,7.601930200674768e-09
2023-01-04,17,AR1 alpha + Enhanced + One-Step,NASDAQ:EBAY,0.0
2023-01-05,17,AR1 alpha + Enhanced + One-Step,NASDAQ:EBAY,4.829268332442954e-07
2023-01-06,17,AR1 alpha + Enhanced + One-Step,NASDAQ:EBAY,2.3503009040729089e-07
2023-01-09,17,AR1 alpha + Enhanced + One-Step,NASDAQ:EBAY,0.0
2023-01-10,17,AR1 alpha + Enhanced + One-Step,NASDAQ:EBAY,6.576801251470318e-07
2023-01-11,17,AR1 alpha + Enhanced + One-Step,NASDAQ:EBAY,3.5934946072964126e-08
2023-01-12,17,AR1 alpha + Enhanced + One-Step,NASDAQ:EBAY,0.0
2023-01-13,17,AR1 alpha + Enhanced + One-Step,NASDAQ:EBAY,0.0
2023-01-17,17,AR1 alpha + Enhanced + One-Step,NASDAQ:EBAY,0.0
2023-01-18,17,AR1 alpha + Enhanced + One-Step,NASDAQ:EBAY,3.0556761295954176e-07
2023-01-19,17,AR1 alpha + Enhanced + One-Step,NASDAQ:EBAY,0.0
2023-01-20,17,AR1 alpha + Enhanced + One-Step,NASDAQ:EBAY,0.0
2023-01-23,17,AR1 alpha + Enhanced + One-Step,NASDAQ:EBAY,0.0
2023-01-24,17,AR1 alpha + Enhanced + One-Step,NASDAQ:EBAY,3.583703094204617e-08
2023-01-25,17,AR1 alpha + Enhanced + One-Step,NASDAQ:EBAY,2.7413856859125263e-08
2023-01-26,17,AR1 alpha + Enhanced + One-Step,NASDAQ:EBAY,0.0
2023-01-27,17,AR1 alpha + Enhanced + One-Step,NASDAQ:EBAY,0.0
2023-01-30,17,AR1 alpha + Enhanced + One-Step,NASDAQ:EBAY,9.549801849826006e-08
2023-01-31,17,AR1 alpha + Enhanced + One-Step,NASDAQ:EBAY,0.0
2023-02-01,17,AR1 alpha + Enhanced + One-Step,NASDAQ:EBAY,0.0
2023-02-02,17,AR1 alpha + Enhanced + One-Step,NASDAQ:EBAY,1.1492375377643558e-06
2023-02-03,17,AR1 alpha + Enhanced + One-Step,NASDAQ:EBAY,7.182187495592995e-07
2023-02-06,17,AR1 alpha + Enhanced + One-Step,NASDAQ:EBAY,7.31159900842618e-07
2023-02-07,17,AR1 alpha + Enhanced + One-Step,NASDAQ:EBAY,2.2320417198578117e-06
2023-02-08,17,AR1 alpha + Enhanced + One-Step,NASDAQ:EBAY,1.426821918590157e-06
2023-02-09,17,AR1 alpha + Enhanced + One-Step,NASDAQ:EBAY,9.024541314122221e-07
2023-02-10,17,AR1 alpha + Enhanced + One-Step,NASDAQ:EBAY,0.0
2023-02-13,17,AR1 alpha + Enhanced + One-Step,NASDAQ:EBAY,2.1364604660286997e-08
2023-02-14,17,AR1 alpha + Enhanced + One-Step,NASDAQ:EBAY,7.993172266761955e-07
2023-02-15,17,AR1 alpha + Enhanced + One-Step,NASDAQ:EBAY,4.947990787915494e-07
2023-02-16,17,AR1 alpha + Enhanced + One-Step,NASDAQ:EBAY,0.0
2023-02-17,17,AR1 alpha + Enhanced + One-Step,NASDAQ:EBAY,0.0
2023-02-21,17,AR1 alpha + Enhanced + One-Step,NASDAQ:EBAY,0.0
2023-02-22,17,AR1 alpha + Enhanced + One-Step,NASDAQ:EBAY,0.0
2023-02-23,17,AR1 alpha + Enhanced + One-Step,NASDAQ:EBAY,9.003670136144133e-08
2023-02-24,17,AR1 alpha + Enhanced + One-Step,NASDAQ:EBAY,1.1367739072555428e-06
2023-02-27,17,AR1 alpha + Enhanced + One-Step,NASDAQ:EBAY,7.979897765193342e-07
2023-02-28,17,AR1 alpha + Enhanced + One-Step,NASDAQ:EBAY,1.1640158407313639e-06
2023-03-01,17,AR1 alpha + Enhanced + One-Step,NASDAQ:EBAY,5.405239982802389e-07
2023-03-02,17,AR1 alpha + Enhanced + One-Step,NASDAQ:EBAY,2.523345462435172e-08
2023-03-03,17,AR1 alpha + Enhanced + One-Step,NASDAQ:EBAY,0.0
2023-03-06,17,AR1 alpha + Enhanced + One-Step,NASDAQ:EBAY,0.0
2023-03-07,17,AR1 alpha + Enhanced + One-Step,NASDAQ:EBAY,8.31725710262757e-08
2023-03-08,17,AR1 alpha + Enhanced + One-Step,NASDAQ:EBAY,0.0
2023-03-09,17,AR1 alpha + Enhanced + One-Step,NASDAQ:EBAY,3.363579086050246e-08
2023-03-10,17,AR1 alpha + Enhanced + One-Step,NASDAQ:EBAY,0.0
2023-03-13,17,AR1 alpha + Enhanced + One-Step,NASDAQ:EBAY,0.0
2023-03-14,17,AR1 alpha + Enhanced + One-Step,NASDAQ:EBAY,6.173268344842516e-09
2023-03-15,17,AR1 alpha + Enhanced + One-Step,NASDAQ:EBAY,0.0
2023-03-16,17,AR1 alpha + Enhanced + One-Step,NASDAQ:EBAY,5.283673811412088e-09
2023-03-17,17,AR1 alpha + Enhanced + One-Step,NASDAQ:EBAY,0.0
2023-03-20,17,AR1 alpha + Enhanced + One-Step,NASDAQ:EBAY,0.0
2023-03-21,17,AR1 alpha + Enhanced + One-Step,NASDAQ:EBAY,0.0
2023-03-22,17,AR1 alpha + Enhanced + One-Step,NASDAQ:EBAY,0.0
2023-03-23,17,AR1 alpha + Enhanced + One-Step,NASDAQ:EBAY,0.0
2023-03-24,17,AR1 alpha + Enhanced + One-Step,NASDAQ:EBAY,0.0
2023-03-27,17,AR1 alpha + Enhanced + One-Step,NASDAQ:EBAY,0.0
2023-03-28,17,AR1 alpha + Enhanced + One-Step,NASDAQ:EBAY,0.0
2023-03-29,17,AR1 alpha + Enhanced + One-Step,NASDAQ:EBAY,8.72748022459456e-09
2023-03-30,17,AR1 alpha + Enhanced + One-Step,NASDAQ:EBAY,2.162464009711603e-08
2023-03-31,17,AR1 alpha + Enhanced + One-Step,NASDAQ:EBAY,1.2610556817928786e-07
2023-04-03,17,AR1 alpha + Enhanced + One-Step,NASDAQ:EBAY,0.0
2023-04-04,17,AR1 alpha + Enhanced + One-Step,NASDAQ:EBAY,0.0
2023-04-05,17,AR1 alpha + Enhanced + One-Step,NASDAQ:EBAY,0.0
2023-04-06,17,AR1 alpha + Enhanced + One-Step,NASDAQ:EBAY,6.421062978784143e-08
2023-04-10,17,AR1 alpha + Enhanced + One-Step,NASDAQ:EBAY,7.116563937758749e-07
2023-04-11,17,AR1 alpha + Enhanced + One-Step,NASDAQ:EBAY,0.0
2023-04-12,17,AR1 alpha + Enhanced + One-Step,NASDAQ:EBAY,0.0
2023-04-13,17,AR1 alpha + Enhanced + One-Step,NASDAQ:EBAY,0.0
2023-04-14,17,AR1 alpha + Enhanced + One-Step,NASDAQ:EBAY,0.0
2023-04-17,17,AR1 alpha + Enhanced + One-Step,NASDAQ:EBAY,8.458137380198334e-08
2023-04-18,17,AR1 alpha + Enhanced + One-Step,NASDAQ:EBAY,0.0
2023-04-19,17,AR1 alpha + Enhanced + One-Step,NASDAQ:EBAY,0.0
2023-04-20,17,AR1 alpha + Enhanced + One-Step,NASDAQ:EBAY,3.774059156855497e-08
2023-04-21,17,AR1 alpha + Enhanced + One-Step,NASDAQ:EBAY,0.0
2023-04-24,17,AR1 alpha + Enhanced + One-Step,NASDAQ:EBAY,0.0
2023-04-25,17,AR1 alpha + Enhanced + One-Step,NASDAQ:EBAY,0.0
2023-04-26,17,AR1 alpha + Enhanced + One-Step,NASDAQ:EBAY,0.0
2023-04-27,17,AR1 alpha + Enhanced + One-Step,NASDAQ:EBAY,0.0
2023-04-28,17,AR1 alpha + Enhanced + One-Step,NASDAQ:EBAY,4.055822930598783e-08
2023-05-01,17,AR1 alpha + Enhanced + One-Step,NASDAQ:EBAY,1.4819175676341295e-07
2023-05-02,17,AR1 alpha + Enhanced + One-Step,NASDAQ:EBAY,2.0064604768071702e-07
2023-05-03,17,AR1 alpha + Enhanced + One-Step,NASDAQ:EBAY,0.0
2023-05-04,17,AR1 alpha + Enhanced + One-Step,NASDAQ:EBAY,0.0
2023-05-05,17,AR1 alpha + Enhanced + One-Step,NASDAQ:EBAY,0.0
2023-05-08,17,AR1 alpha + Enhanced + One-Step,NASDAQ:EBAY,7.037886169537878e-08
2023-05-09,17,AR1 alpha + Enhanced + One-Step,NASDAQ:EBAY,2.0284922355264826e-08
2023-05-10,17,AR1 alpha + Enhanced + One-Step,NASDAQ:EBAY,5.514454813730886e-07
2023-05-11,17,AR1 alpha + Enhanced + One-Step,NASDAQ:EBAY,3.092863416112769e-07
2023-05-12,17,AR1 alpha + Enhanced + One-Step,NASDAQ:EBAY,3.5650208837181406e-07
2023-05-15,17,AR1 alpha + Enhanced + One-Step,NASDAQ:EBAY,0.0
2023-05-16,17,AR1 alpha + Enhanced + One-Step,NASDAQ:EBAY,5.231803690413164e-08
2023-05-17,17,AR1 alpha + Enhanced + One-Step,NASDAQ:EBAY,0.0
2023-05-18,17,AR1 alpha + Enhanced + One-Step,NASDAQ:EBAY,1.315750204347735e-06
2023-05-19,17,AR1 alpha + Enhanced + One-Step,NASDAQ:EBAY,6.787084585764306e-07
2023-05-22,17,AR1 alpha + Enhanced + One-Step,NASDAQ:EBAY,4.323647023935796e-07
2023-05-23,17,AR1 alpha + Enhanced + One-Step,NASDAQ:EBAY,0.0
2023-05-24,17,AR1 alpha + Enhanced + One-Step,NASDAQ:EBAY,0.0
2023-05-25,17,AR1 alpha + Enhanced + One-Step,NASDAQ:EBAY,0.0
2023-05-26,17,AR1 alpha + Enhanced + One-Step,NASDAQ:EBAY,1.7523241727917968e-08
2023-05-30,17,AR1 alpha + Enhanced + One-Step,NASDAQ:EBAY,1.0670791127004034e-08
2023-05-31,17,AR1 alpha + Enhanced + One-Step,NASDAQ:EBAY,0.0
2023-06-01,17,AR1 alpha + Enhanced + One-Step,NASDAQ:EBAY,0.0
2023-06-02,17,AR1 alpha + Enhanced + One-Step,NASDAQ:EBAY,0.0
2023-06-05,17,AR1 alpha + Enhanced + One-Step,NASDAQ:EBAY,0.0
2023-06-06,17,AR1 alpha + Enhanced + One-Step,NASDAQ:EBAY,1.2715444408398743e-06
2023-06-07,17,AR1 alpha + Enhanced + One-Step,NASDAQ:EBAY,1.064861962571839e-06
2023-06-08,17,AR1 alpha + Enhanced + One-Step,NASDAQ:EBAY,5.249503549850899e-07
2023-06-09,17,AR1 alpha + Enhanced + One-Step,NASDAQ:EBAY,1.295699628153511e-07
2023-06-12,17,AR1 alpha + Enhanced + One-Step,NASDAQ:EBAY,0.0
2023-06-13,17,AR1 alpha + Enhanced + One-Step,NASDAQ:EBAY,0.0
2023-06-14,17,AR1 alpha + Enhanced + One-Step,NASDAQ:EBAY,0.0
2023-06-15,17,AR1 alpha + Enhanced + One-Step,NASDAQ:EBAY,0.0
2023-06-16,17,AR1 alpha + Enhanced + One-Step,NASDAQ:EBAY,0.0
2023-06-20,17,AR1 alpha + Enhanced + One-Step,NASDAQ:EBAY,0.0
2023-06-21,17,AR1 alpha + Enhanced + One-Step,NASDAQ:EBAY,0.0
2023-06-22,17,AR1 alpha + Enhanced + One-Step,NASDAQ:EBAY,0.0
2023-06-23,17,AR1 alpha + Enhanced + One-Step,NASDAQ:EBAY,0.0
2023-06-26,17,AR1 alpha + Enhanced + One-Step,NASDAQ:EBAY,0.0
2023-06-27,17,AR1 alpha + Enhanced + One-Step,NASDAQ:EBAY,0.0
2023-06-28,17,AR1 alpha + Enhanced + One-Step,NASDAQ:EBAY,0.0
2023-06-29,17,AR1 alpha + Enhanced + One-Step,NASDAQ:EBAY,0.0
2023-06-30,17,AR1 alpha + Enhanced + One-Step,NASDAQ:EBAY,0.0
2023-07-03,17,AR1 alpha + Enhanced + One-Step,NASDAQ:EBAY,0.0
2023-07-05,17,AR1 alpha + Enhanced + One-Step,NASDAQ:EBAY,0.0
2023-07-06,17,AR1 alpha + Enhanced + One-Step,NASDAQ:EBAY,3.97574379729654e-08
2023-07-07,17,AR1 alpha + Enhanced + One-Step,NASDAQ:EBAY,0.0
2023-07-10,17,AR1 alpha + Enhanced + One-Step,NASDAQ:EBAY,4.350788123797125e-08
2023-07-11,17,AR1 alpha + Enhanced + One-Step,NASDAQ:EBAY,0.0
2023-07-12,17,AR1 alpha + Enhanced + One-Step,NASDAQ:EBAY,1.1085032684344196e-07
2023-07-13,17,AR1 alpha + Enhanced + One-Step,NASDAQ:EBAY,0.0
2023-07-14,17,AR1 alpha + Enhanced + One-Step,NASDAQ:EBAY,0.0
2023-07-17,17,AR1 alpha + Enhanced + One-Step,NASDAQ:EBAY,0.0
2023-07-18,17,AR1 alpha + Enhanced + One-Step,NASDAQ:EBAY,3.6158549383387763e-07
2023-07-19,17,AR1 alpha + Enhanced + One-Step,NASDAQ:EBAY,0.0
2023-07-20,17,AR1 alpha + Enhanced + One-Step,NASDAQ:EBAY,0.0
2023-07-21,17,AR1 alpha + Enhanced + One-Step,NASDAQ:EBAY,0.0
2023-07-24,17,AR1 alpha + Enhanced + One-Step,NASDAQ:EBAY,0.0
2023-07-25,17,AR1 alpha + Enhanced + One-Step,NASDAQ:EBAY,0.0
2023-07-26,17,AR1 alpha + Enhanced + One-Step,NASDAQ:EBAY,0.0
2023-07-27,17,AR1 alpha + Enhanced + One-Step,NASDAQ:EBAY,0.0
2023-08-01,17,AR1 alpha + Enhanced + One-Step,NASDAQ:EBAY,0.0
2023-08-02,17,AR1 alpha + Enhanced + One-Step,NASDAQ:EBAY,0.0
2023-08-03,17,AR1 alpha + Enhanced + One-Step,NASDAQ:EBAY,8.972348122003374e-08
2023-08-04,17,AR1 alpha + Enhanced + One-Step,NASDAQ:EBAY,2.1676757962421793e-06
2023-08-07,17,AR1 alpha + Enhanced + One-Step,NASDAQ:EBAY,1.2224635575586595e-06
2023-08-08,17,AR1 alpha + Enhanced + One-Step,NASDAQ:EBAY,7.023403605556923e-07
2023-08-09,17,AR1 alpha + Enhanced + One-Step,NASDAQ:EBAY,0.0
2023-08-10,17,AR1 alpha + Enhanced + One-Step,NASDAQ:EBAY,0.0
2023-08-11,17,AR1 alpha + Enhanced + One-Step,NASDAQ:EBAY,0.0
2023-08-14,17,AR1 alpha + Enhanced + One-Step,NASDAQ:EBAY,0.0
2023-08-15,17,AR1 alpha + Enhanced + One-Step,NASDAQ:EBAY,0.0
2023-08-16,17,AR1 alpha + Enhanced + One-Step,NASDAQ:EBAY,0.0
2023-08-17,17,AR1 alpha + Enhanced + One-Step,NASDAQ:EBAY,0.0
2023-08-18,17,AR1 alpha + Enhanced + One-Step,NASDAQ:EBAY,0.0
2023-08-21,17,AR1 alpha + Enhanced + One-Step,NASDAQ:EBAY,0.0
2023-08-22,17,AR1 alpha + Enhanced + One-Step,NASDAQ:EBAY,0.0
2023-08-23,17,AR1 alpha + Enhanced + One-Step,NASDAQ:EBAY,0.0
2023-08-24,17,AR1 alpha + Enhanced + One-Step,NASDAQ:EBAY,0.0
2023-08-25,17,AR1 alpha + Enhanced + One-Step,NASDAQ:EBAY,0.0
2023-08-28,17,AR1 alpha + Enhanced + One-Step,NASDAQ:EBAY,0.0
2023-08-29,17,AR1 alpha + Enhanced + One-Step,NASDAQ:EBAY,0.0
2023-08-30,17,AR1 alpha + Enhanced + One-Step,NASDAQ:EBAY,0.0
2023-08-31,17,AR1 alpha + Enhanced + One-Step,NASDAQ:EBAY,0.0
2023-09-01,17,AR1 alpha + Enhanced + One-Step,NASDAQ:EBAY,0.0
2023-09-05,17,AR1 alpha + Enhanced + One-Step,NASDAQ:EBAY,0.0
2023-09-06,17,AR1 alpha + Enhanced + One-Step,NASDAQ:EBAY,0.0
2023-09-07,17,AR1 alpha + Enhanced + One-Step,NASDAQ:EBAY,1.9318610237696934e-08
2023-09-08,17,AR1 alpha + Enhanced + One-Step,NASDAQ:EBAY,0.0
2023-09-11,17,AR1 alpha + Enhanced + One-Step,NASDAQ:EBAY,9.865405191376329e-08
2023-09-12,17,AR1 alpha + Enhanced + One-Step,NASDAQ:EBAY,1.822144703449243e-07
2023-09-13,17,AR1 alpha + Enhanced + One-Step,NASDAQ:EBAY,0.0
2023-09-14,17,AR1 alpha + Enhanced + One-Step,NASDAQ:EBAY,6.716798722106303e-08
2023-09-15,17,AR1 alpha + Enhanced + One-Step,NASDAQ:EBAY,2.578027844215896e-07
2023-09-18,17,AR1 alpha + Enhanced + One-Step,NASDAQ:EBAY,9.099485836629034e-08
2023-09-19,17,AR1 alpha + Enhanced + One-Step,NASDAQ:EBAY,8.189897369385344e-08
2023-09-20,17,AR1 alpha + Enhanced + One-Step,NASDAQ:EBAY,6.781174419228566e-08
2023-09-21,17,AR1 alpha + Enhanced + One-Step,NASDAQ:EBAY,1.0770663246080154e-07
2023-09-22,17,AR1 alpha + Enhanced + One-Step,NASDAQ:EBAY,9.241544699287204e-08
2023-09-25,17,AR1 alpha + Enhanced + One-Step,NASDAQ:EBAY,0.0
2023-09-26,17,AR1 alpha + Enhanced + One-Step,NASDAQ:EBAY,0.0
2023-09-27,17,AR1 alpha + Enhanced + One-Step,NASDAQ:EBAY,4.7980154258131985e-09
2023-09-28,17,AR1 alpha + Enhanced + One-Step,NASDAQ:EBAY,0.0
2023-09-29,17,AR1 alpha + Enhanced + One-Step,NASDAQ:EBAY,0.0
2023-10-02,17,AR1 alpha + Enhanced + One-Step,NASDAQ:EBAY,0.0
2023-10-03,17,AR1 alpha + Enhanced + One-Step,NASDAQ:EBAY,0.0
2023-10-04,17,AR1 alpha + Enhanced + One-Step,NASDAQ:EBAY,0.0
2023-10-05,17,AR1 alpha + Enhanced + One-Step,NASDAQ:EBAY,0.0
2023-10-06,17,AR1 alpha + Enhanced + One-Step,NASDAQ:EBAY,0.0
2023-10-09,17,AR1 alpha + Enhanced + One-Step,NASDAQ:EBAY,0.0
2023-10-10,17,AR1 alpha + Enhanced + One-Step,NASDAQ:EBAY,1.6382512053166983e-07
2023-10-11,17,AR1 alpha + Enhanced + One-Step,NASDAQ:EBAY,1.4100568387312564e-07
2023-10-12,17,AR1 alpha + Enhanced + One-Step,NASDAQ:EBAY,1.0989246705405704e-07
2023-10-13,17,AR1 alpha + Enhanced + One-Step,NASDAQ:EBAY,8.935365001142611e-08
2023-10-16,17,AR1 alpha + Enhanced + One-Step,NASDAQ:EBAY,8.603153664723209e-08
2023-10-17,17,AR1 alpha + Enhanced + One-Step,NASDAQ:EBAY,0.0
2023-10-18,17,AR1 alpha + Enhanced + One-Step,NASDAQ:EBAY,1.3928224834283292e-07
2023-10-19,17,AR1 alpha + Enhanced + One-Step,NASDAQ:EBAY,6.903987040667994e-08
2023-10-20,17,AR1 alpha + Enhanced + One-Step,NASDAQ:EBAY,8.976346384375098e-08
2023-10-23,17,AR1 alpha + Enhanced + One-Step,NASDAQ:EBAY,0.0
2023-10-24,17,AR1 alpha + Enhanced + One-Step,NASDAQ:EBAY,9.71974537862021e-09
2023-10-25,17,AR1 alpha + Enhanced + One-Step,NASDAQ:EBAY,0.0
2023-10-26,17,AR1 alpha + Enhanced + One-Step,NASDAQ:EBAY,0.0
2023-10-27,17,AR1 alpha + Enhanced + One-Step,NASDAQ:EBAY,0.0
2023-10-30,17,AR1 alpha + Enhanced + One-Step,NASDAQ:EBAY,2.1627983593465852e-07
2023-10-31,17,AR1 alpha + Enhanced + One-Step,NASDAQ:EBAY,2.880520854364204e-07
2023-11-01,17,AR1 alpha + Enhanced + One-Step,NASDAQ:EBAY,7.387258523809763e-08
2023-11-02,17,AR1 alpha + Enhanced + One-Step,NASDAQ:EBAY,9.469615755299111e-07
2023-11-03,17,AR1 alpha + Enhanced + One-Step,NASDAQ:EBAY,6.883892313949777e-07
2023-11-06,17,AR1 alpha + Enhanced + One-Step,NASDAQ:EBAY,5.386743025981519e-07
2023-11-07,17,AR1 alpha + Enhanced + One-Step,NASDAQ:EBAY,0.0
2023-11-08,17,AR1 alpha + Enhanced + One-Step,NASDAQ:EBAY,0.0
2023-11-09,17,AR1 alpha + Enhanced + One-Step,NASDAQ:EBAY,0.0
2023-11-10,17,AR1 alpha + Enhanced + One-Step,NASDAQ:EBAY,0.0
2023-11-13,17,AR1 alpha + Enhanced + One-Step,NASDAQ:EBAY,0.0
2023-11-14,17,AR1 alpha + Enhanced + One-Step,NASDAQ:EBAY,4.6041791213911725e-08
2023-11-15,17,AR1 alpha + Enhanced + One-Step,NASDAQ:EBAY,0.0
2023-11-16,17,AR1 alpha + Enhanced + One-Step,NASDAQ:EBAY,0.0
2023-11-17,17,AR1 alpha + Enhanced + One-Step,NASDAQ:EBAY,0.0
2023-11-20,17,AR1 alpha + Enhanced + One-Step,NASDAQ:EBAY,8.476897979233523e-08
2023-11-21,17,AR1 alpha + Enhanced + One-Step,NASDAQ:EBAY,7.236582239340088e-08
2023-11-22,17,AR1 alpha + Enhanced + One-Step,NASDAQ:EBAY,1.1041822071461336e-08
2023-11-24,17,AR1 alpha + Enhanced + One-Step,NASDAQ:EBAY,8.416032880392808e-09
2023-11-27,17,AR1 alpha + Enhanced + One-Step,NASDAQ:EBAY,0.0
2023-11-28,17,AR1 alpha + Enhanced + One-Step,NASDAQ:EBAY,6.994354589303213e-08
2023-11-29,17,AR1 alpha + Enhanced + One-Step,NASDAQ:EBAY,0.0
2023-11-30,17,AR1 alpha + Enhanced + One-Step,NASDAQ:EBAY,0.0
2023-12-01,17,AR1 alpha + Enhanced + One-Step,NASDAQ:EBAY,0.0
2023-12-04,17,AR1 alpha + Enhanced + One-Step,NASDAQ:EBAY,0.0
2023-12-05,17,AR1 alpha + Enhanced + One-Step,NASDAQ:EBAY,0.0
2023-12-06,17,AR1 alpha + Enhanced + One-Step,NASDAQ:EBAY,2.4002900981342625e-08
2023-12-07,17,AR1 alpha + Enhanced + One-Step,NASDAQ:EBAY,1.6390230319511092e-08
2023-12-08,17,AR1 alpha + Enhanced + One-Step,NASDAQ:EBAY,4.626358676048363e-08
2023-12-11,17,AR1 alpha + Enhanced + One-Step,NASDAQ:EBAY,0.0
2023-12-12,17,AR1 alpha + Enhanced + One-Step,NASDAQ:EBAY,0.0
2023-12-13,17,AR1 alpha + Enhanced + One-Step,NASDAQ:EBAY,7.26226703339321e-07
2023-12-14,17,AR1 alpha + Enhanced + One-Step,NASDAQ:EBAY,4.128993644927947e-07
2023-12-15,17,AR1 alpha + Enhanced + One-Step,NASDAQ:EBAY,0.0
2023-12-18,17,AR1 alpha + Enhanced + One-Step,NASDAQ:EBAY,0.0
2023-12-19,17,AR1 alpha + Enhanced + One-Step,NASDAQ:EBAY,0.0
2023-12-20,17,AR1 alpha + Enhanced + One-Step,NASDAQ:EBAY,8.778562198158501e-07
2023-12-21,17,AR1 alpha + Enhanced + One-Step,NASDAQ:EBAY,6.48081534659087e-07
2023-12-22,17,AR1 alpha + Enhanced + One-Step,NASDAQ:EBAY,4.92014469155194e-07
2023-12-26,17,AR1 alpha + Enhanced + One-Step,NASDAQ:EBAY,0.0
2023-12-27,17,AR1 alpha + Enhanced + One-Step,NASDAQ:EBAY,0.0
2023-12-28,17,AR1 alpha + Enhanced + One-Step,NASDAQ:EBAY,3.0406993849852134e-08
2023-12-29,17,AR1 alpha + Enhanced + One-Step,NASDAQ:EBAY,3.0587371040603915e-07
2024-01-02,17,AR1 alpha + Enhanced + One-Step,NASDAQ:EBAY,0.0
2024-01-03,17,AR1 alpha + Enhanced + One-Step,NASDAQ:EBAY,0.0
2024-01-04,17,AR1 alpha + Enhanced + One-Step,NASDAQ:EBAY,0.0
2024-01-05,17,AR1 alpha + Enhanced + One-Step,NASDAQ:EBAY,1.0860836012123586e-07
2024-01-08,17,AR1 alpha + Enhanced + One-Step,NASDAQ:EBAY,3.961826200415338e-07
2024-01-09,17,AR1 alpha + Enhanced + One-Step,NASDAQ:EBAY,0.0
2024-01-10,17,AR1 alpha + Enhanced + One-Step,NASDAQ:EBAY,0.0
2024-01-11,17,AR1 alpha + Enhanced + One-Step,NASDAQ:EBAY,0.0
2024-01-12,17,AR1 alpha + Enhanced + One-Step,NASDAQ:EBAY,2.1293073558892218e-08
2024-01-16,17,AR1 alpha + Enhanced + One-Step,NASDAQ:EBAY,0.0
2024-01-17,17,AR1 alpha + Enhanced + One-Step,NASDAQ:EBAY,0.0
2024-01-18,17,AR1 alpha + Enhanced + One-Step,NASDAQ:EBAY,0.0
2024-01-19,17,AR1 alpha + Enhanced + One-Step,NASDAQ:EBAY,0.0
2024-01-22,17,AR1 alpha + Enhanced + One-Step,NASDAQ:EBAY,0.0
2024-01-23,17,AR1 alpha + Enhanced + One-Step,NASDAQ:EBAY,0.0
2024-01-24,17,AR1 alpha + Enhanced + One-Step,NASDAQ:EBAY,0.0
2024-01-25,17,AR1 alpha + Enhanced + One-Step,NASDAQ:EBAY,0.0
2024-01-26,17,AR1 alpha + Enhanced + One-Step,NASDAQ:EBAY,0.0
2024-01-29,17,AR1 alpha + Enhanced + One-Step,NASDAQ:EBAY,0.0
2024-01-30,17,AR1 alpha + Enhanced + One-Step,NASDAQ:EBAY,0.0
2024-01-31,17,AR1 alpha + Enhanced + One-Step,NASDAQ:EBAY,0.0
2024-02-01,17,AR1 alpha + Enhanced + One-Step,NASDAQ:EBAY,0.0
2024-02-02,17,AR1 alpha + Enhanced + One-Step,NASDAQ:EBAY,0.0
2024-02-05,17,AR1 alpha + Enhanced + One-Step,NASDAQ:EBAY,0.0
2024-02-06,17,AR1 alpha + Enhanced + One-Step,NASDAQ:EBAY,0.0
2024-02-07,17,AR1 alpha + Enhanced + One-Step,NASDAQ:EBAY,0.0
2024-02-08,17,AR1 alpha + Enhanced + One-Step,NASDAQ:EBAY,0.0
2024-02-09,17,AR1 alpha + Enhanced + One-Step,NASDAQ:EBAY,0.0
2024-02-12,17,AR1 alpha + Enhanced + One-Step,NASDAQ:EBAY,0.0
2024-02-13,17,AR1 alpha + Enhanced + One-Step,NASDAQ:EBAY,9.266620387653713e-09
2024-02-14,17,AR1 alpha + Enhanced + One-Step,NASDAQ:EBAY,2.715895711039217e-07
2024-02-15,17,AR1 alpha + Enhanced + One-Step,NASDAQ:EBAY,0.0
2024-02-16,17,AR1 alpha + Enhanced + One-Step,NASDAQ:EBAY,3.7704243392646593e-07
2024-02-20,17,AR1 alpha + Enhanced + One-Step,NASDAQ:EBAY,5.355012251827389e-07
2024-02-21,17,AR1 alpha + Enhanced + One-Step,NASDAQ:EBAY,0.0
2024-02-22,17,AR1 alpha + Enhanced + One-Step,NASDAQ:EBAY,0.0
2024-02-23,17,AR1 alpha + Enhanced + One-Step,NASDAQ:EBAY,0.0
2024-02-26,17,AR1 alpha + Enhanced + One-Step,NASDAQ:EBAY,0.0
2024-02-27,17,AR1 alpha + Enhanced + One-Step,NASDAQ:EBAY,0.0
2024-02-28,17,AR1 alpha + Enhanced + One-Step,NASDAQ:EBAY,0.0
2024-02-29,17,AR1 alpha + Enhanced + One-Step,NASDAQ:EBAY,0.0
2024-03-01,17,AR1 alpha + Enhanced + One-Step,NASDAQ:EBAY,0.0
2024-03-04,17,AR1 alpha + Enhanced + One-Step,NASDAQ:EBAY,0.0
2024-03-05,17,AR1 alpha + Enhanced + One-Step,NASDAQ:EBAY,0.0
2024-03-06,17,AR1 alpha + Enhanced + One-Step,NASDAQ:EBAY,0.0
2024-03-07,17,AR1 alpha + Enhanced + One-Step,NASDAQ:EBAY,0.0
2024-03-08,17,AR1 alpha + Enhanced + One-Step,NASDAQ:EBAY,0.0
2024-03-11,17,AR1 alpha + Enhanced + One-Step,NASDAQ:EBAY,0.0
2024-03-12,17,AR1 alpha + Enhanced + One-Step,NASDAQ:EBAY,0.0
2024-03-13,17,AR1 alpha + Enhanced + One-Step,NASDAQ:EBAY,0.0
2024-03-14,17,AR1 alpha + Enhanced + One-Step,NASDAQ:EBAY,0.0
2024-03-15,17,AR1 alpha + Enhanced + One-Step,NASDAQ:EBAY,1.299800978599752e-07
2024-03-18,17,AR1 alpha + Enhanced + One-Step,NASDAQ:EBAY,0.0
2024-03-19,17,AR1 alpha + Enhanced + One-Step,NASDAQ:EBAY,0.0
2024-03-20,17,AR1 alpha + Enhanced + One-Step,NASDAQ:EBAY,3.894898693706167e-08
2024-03-21,17,AR1 alpha + Enhanced + One-Step,NASDAQ:EBAY,6.894847270888939e-08
2024-03-22,17,AR1 alpha + Enhanced + One-Step,NASDAQ:EBAY,1.981570890391584e-08
2024-03-25,17,AR1 alpha + Enhanced + One-Step,NASDAQ:EBAY,2.9005269724371668e-08
2024-03-26,17,AR1 alpha + Enhanced + One-Step,NASDAQ:EBAY,0.0
2024-03-27,17,AR1 alpha + Enhanced + One-Step,NASDAQ:EBAY,0.0
2024-03-28,17,AR1 alpha + Enhanced + One-Step,NASDAQ:EBAY,2.862843447973822e-07
2024-04-01,17,AR1 alpha + Enhanced + One-Step,NASDAQ:EBAY,3.6320165560359016e-07
2024-04-02,17,AR1 alpha + Enhanced + One-Step,NASDAQ:EBAY,1.6382413622548368e-07
2024-04-03,17,AR1 alpha + Enhanced + One-Step,NASDAQ:EBAY,0.0
2024-04-04,17,AR1 alpha + Enhanced + One-Step,NASDAQ:EBAY,0.0
2024-04-05,17,AR1 alpha + Enhanced + One-Step,NASDAQ:EBAY,0.0
2024-04-08,17,AR1 alpha + Enhanced + One-Step,NASDAQ:EBAY,1.6510323140735666e-07
2024-04-09,17,AR1 alpha + Enhanced + One-Step,NASDAQ:EBAY,0.0
2024-04-10,17,AR1 alpha + Enhanced + One-Step,NASDAQ:EBAY,0.0
2024-04-11,17,AR1 alpha + Enhanced + One-Step,NASDAQ:EBAY,0.0
2024-04-12,17,AR1 alpha + Enhanced + One-Step,NASDAQ:EBAY,0.0
2024-04-15,17,AR1 alpha + Enhanced + One-Step,NASDAQ:EBAY,1.5068055132548344e-06
2024-04-16,17,AR1 alpha + Enhanced + One-Step,NASDAQ:EBAY,0.005672569814996717
2024-04-17,17,AR1 alpha + Enhanced + One-Step,NASDAQ:EBAY,0.017378523971001824
2024-04-18,17,AR1 alpha + Enhanced + One-Step,NASDAQ:EBAY,0.012833128719826056
2024-04-19,17,AR1 alpha + Enhanced + One-Step,NASDAQ:EBAY,0.0
2020-03-25,17,AR1 alpha + Enhanced + One-Step,NYSE:CHGG,0.020000000000007227
2020-03-26,17,AR1 alpha + Enhanced + One-Step,NYSE:CHGG,0.02000000000001305
2020-03-27,17,AR1 alpha + Enhanced + One-Step,NYSE:CHGG,0.019999982058397398
2020-03-30,17,AR1 alpha + Enhanced + One-Step,NYSE:CHGG,0.020001310760497392
2020-03-31,17,AR1 alpha + Enhanced + One-Step,NYSE:CHGG,0.020003186116528165
2020-04-01,17,AR1 alpha + Enhanced + One-Step,NYSE:CHGG,0.02000315588561913
2020-04-02,17,AR1 alpha + Enhanced + One-Step,NYSE:CHGG,0.020005675306455268
2020-04-03,17,AR1 alpha + Enhanced + One-Step,NYSE:CHGG,0.020006236522410605
2020-04-06,17,AR1 alpha + Enhanced + One-Step,NYSE:CHGG,0.020006889534444783
2020-04-07,17,AR1 alpha + Enhanced + One-Step,NYSE:CHGG,0.020007941253909225
2020-04-08,17,AR1 alpha + Enhanced + One-Step,NYSE:CHGG,0.020008030434829335
2020-04-09,17,AR1 alpha + Enhanced + One-Step,NYSE:CHGG,0.020007976325728604
2020-04-13,17,AR1 alpha + Enhanced + One-Step,NYSE:CHGG,0.020007830048344364
2020-04-14,17,AR1 alpha + Enhanced + One-Step,NYSE:CHGG,0.020008879999276592
2020-04-15,17,AR1 alpha + Enhanced + One-Step,NYSE:CHGG,0.020009420124043175
2020-04-16,17,AR1 alpha + Enhanced + One-Step,NYSE:CHGG,0.020009930869242902
2020-04-17,17,AR1 alpha + Enhanced + One-Step,NYSE:CHGG,0.02001006562589504
2020-04-20,17,AR1 alpha + Enhanced + One-Step,NYSE:CHGG,0.02000998904460659
2020-04-21,17,AR1 alpha + Enhanced + One-Step,NYSE:CHGG,0.020010214940542236
2020-04-22,17,AR1 alpha + Enhanced + One-Step,NYSE:CHGG,0.020010524309259283
2020-04-23,17,AR1 alpha + Enhanced + One-Step,NYSE:CHGG,0.02001050881994082
2020-04-24,17,AR1 alpha + Enhanced + One-Step,NYSE:CHGG,0.020010591984953946
2020-04-27,17,AR1 alpha + Enhanced + One-Step,NYSE:CHGG,0.020010589872288813
2020-04-28,17,AR1 alpha + Enhanced + One-Step,NYSE:CHGG,0.02001058649314997
2020-04-29,17,AR1 alpha + Enhanced + One-Step,NYSE:CHGG,0.020010582475646653
2020-04-30,17,AR1 alpha + Enhanced + One-Step,NYSE:CHGG,0.020010631003583537
2020-05-01,17,AR1 alpha + Enhanced + One-Step,NYSE:CHGG,0.020009709116525293
2020-05-04,17,AR1 alpha + Enhanced + One-Step,NYSE:CHGG,0.020009722559439825
2020-05-05,17,AR1 alpha + Enhanced + One-Step,NYSE:CHGG,0.04500981391368018
2020-05-06,17,AR1 alpha + Enhanced + One-Step,NYSE:CHGG,0.07000954080232179
2020-05-07,17,AR1 alpha + Enhanced + One-Step,NYSE:CHGG,0.09502083132210241
2020-05-08,17,AR1 alpha + Enhanced + One-Step,NYSE:CHGG,0.09999978728438294
2020-05-11,17,AR1 alpha + Enhanced + One-Step,NYSE:CHGG,0.09999975805346685
2020-05-12,17,AR1 alpha + Enhanced + One-Step,NYSE:CHGG,0.09999985843147997
2020-05-13,17,AR1 alpha + Enhanced + One-Step,NYSE:CHGG,0.0999999807049197
2020-05-14,17,AR1 alpha + Enhanced + One-Step,NYSE:CHGG,0.09999700494647885
2020-05-15,17,AR1 alpha + Enhanced + One-Step,NYSE:CHGG,0.09999951142450693
2020-05-18,17,AR1 alpha + Enhanced + One-Step,NYSE:CHGG,0.09999984713443927
2020-05-19,17,AR1 alpha + Enhanced + One-Step,NYSE:CHGG,0.09999976325149389
2020-05-20,17,AR1 alpha + Enhanced + One-Step,NYSE:CHGG,0.09999996256332634
2020-05-21,17,AR1 alpha + Enhanced + One-Step,NYSE:CHGG,0.0999990300496109
2020-05-22,17,AR1 alpha + Enhanced + One-Step,NYSE:CHGG,0.09999967944689368
2020-05-26,17,AR1 alpha + Enhanced + One-Step,NYSE:CHGG,0.09999989955327242
2020-05-27,17,AR1 alpha + Enhanced + One-Step,NYSE:CHGG,0.09999998894903024
2020-05-28,17,AR1 alpha + Enhanced + One-Step,NYSE:CHGG,0.09999999822467094
2020-05-29,17,AR1 alpha + Enhanced + One-Step,NYSE:CHGG,0.1000000020223468
2020-06-01,17,AR1 alpha + Enhanced + One-Step,NYSE:CHGG,0.10000001963576621
2020-06-02,17,AR1 alpha + Enhanced + One-Step,NYSE:CHGG,0.09999996626616435
2020-06-03,17,AR1 alpha + Enhanced + One-Step,NYSE:CHGG,0.1000000231392884
2020-06-04,17,AR1 alpha + Enhanced + One-Step,NYSE:CHGG,0.09682144379953636
2020-06-05,17,AR1 alpha + Enhanced + One-Step,NYSE:CHGG,0.0968201448433683
2020-06-08,17,AR1 alpha + Enhanced + One-Step,NYSE:CHGG,0.08851368405604228
2020-06-09,17,AR1 alpha + Enhanced + One-Step,NYSE:CHGG,0.08851372295163983
2020-06-10,17,AR1 alpha + Enhanced + One-Step,NYSE:CHGG,0.08851372400481439
2020-06-11,17,AR1 alpha + Enhanced + One-Step,NYSE:CHGG,0.08851524128815352
2020-06-12,17,AR1 alpha + Enhanced + One-Step,NYSE:CHGG,0.0885152491561992
2020-06-15,17,AR1 alpha + Enhanced + One-Step,NYSE:CHGG,0.09107038678699073
2020-06-16,17,AR1 alpha + Enhanced + One-Step,NYSE:CHGG,0.09417317365329854
2020-06-17,17,AR1 alpha + Enhanced + One-Step,NYSE:CHGG,0.09999994161793388
2020-06-18,17,AR1 alpha + Enhanced + One-Step,NYSE:CHGG,0.09999994631880231
2020-06-19,17,AR1 alpha + Enhanced + One-Step,NYSE:CHGG,0.0999998011846609
2020-06-22,17,AR1 alpha + Enhanced + One-Step,NYSE:CHGG,0.09999996572632767
2020-06-23,17,AR1 alpha + Enhanced + One-Step,NYSE:CHGG,0.09999997621069322
2020-06-24,17,AR1 alpha + Enhanced + One-Step,NYSE:CHGG,0.09999989465106432
2020-06-25,17,AR1 alpha + Enhanced + One-Step,NYSE:CHGG,0.0999999697041823
2020-06-26,17,AR1 alpha + Enhanced + One-Step,NYSE:CHGG,0.09999917360022434
2020-06-29,17,AR1 alpha + Enhanced + One-Step,NYSE:CHGG,0.0999983525541014
2020-06-30,17,AR1 alpha + Enhanced + One-Step,NYSE:CHGG,0.09999842751934063
2020-07-01,17,AR1 alpha + Enhanced + One-Step,NYSE:CHGG,0.09999633466706437
2020-07-02,17,AR1 alpha + Enhanced + One-Step,NYSE:CHGG,0.09999913026764516
2020-07-06,17,AR1 alpha + Enhanced + One-Step,NYSE:CHGG,0.09999992015453506
2020-07-07,17,AR1 alpha + Enhanced + One-Step,NYSE:CHGG,0.09999936716003852
2020-07-08,17,AR1 alpha + Enhanced + One-Step,NYSE:CHGG,0.09999931161229553
2020-07-09,17,AR1 alpha + Enhanced + One-Step,NYSE:CHGG,0.09999871960589105
2020-07-10,17,AR1 alpha + Enhanced + One-Step,NYSE:CHGG,0.09999928950374515
2020-07-13,17,AR1 alpha + Enhanced + One-Step,NYSE:CHGG,0.09999929264677258
2020-07-14,17,AR1 alpha + Enhanced + One-Step,NYSE:CHGG,0.09999968352177008
2020-07-15,17,AR1 alpha + Enhanced + One-Step,NYSE:CHGG,0.09999992740181274
2020-07-16,17,AR1 alpha + Enhanced + One-Step,NYSE:CHGG,0.09999997380287297
2020-07-17,17,AR1 alpha + Enhanced + One-Step,NYSE:CHGG,0.09999998264667563
2020-07-20,17,AR1 alpha + Enhanced + One-Step,NYSE:CHGG,0.09999997107391859
2020-07-21,17,AR1 alpha + Enhanced + One-Step,NYSE:CHGG,0.0999999838585631
2020-07-22,17,AR1 alpha + Enhanced + One-Step,NYSE:CHGG,0.09999998117781113
2020-07-23,17,AR1 alpha + Enhanced + One-Step,NYSE:CHGG,0.09999848957303059
2020-07-24,17,AR1 alpha + Enhanced + One-Step,NYSE:CHGG,0.09999739124048179
2020-07-27,17,AR1 alpha + Enhanced + One-Step,NYSE:CHGG,0.09999752012543493
2020-07-28,17,AR1 alpha + Enhanced + One-Step,NYSE:CHGG,0.09999898919596593
2020-07-29,17,AR1 alpha + Enhanced + One-Step,NYSE:CHGG,0.09999883906567567
2020-07-30,17,AR1 alpha + Enhanced + One-Step,NYSE:CHGG,0.09999805881486434
2020-07-31,17,AR1 alpha + Enhanced + One-Step,NYSE:CHGG,0.09999782087942372
2020-08-03,17,AR1 alpha + Enhanced + One-Step,NYSE:CHGG,0.09999884030076284
2020-08-04,17,AR1 alpha + Enhanced + One-Step,NYSE:CHGG,0.09999950208551876
2020-08-05,17,AR1 alpha + Enhanced + One-Step,NYSE:CHGG,0.09999930651714946
2020-08-06,17,AR1 alpha + Enhanced + One-Step,NYSE:CHGG,0.09999965980739509
2020-08-07,17,AR1 alpha + Enhanced + One-Step,NYSE:CHGG,0.09999982299686805
2020-08-10,17,AR1 alpha + Enhanced + One-Step,NYSE:CHGG,0.09999983883550041
2020-08-11,17,AR1 alpha + Enhanced + One-Step,NYSE:CHGG,0.09999954050446254
2020-08-12,17,AR1 alpha + Enhanced + One-Step,NYSE:CHGG,0.09999952266711212
2020-08-13,17,AR1 alpha + Enhanced + One-Step,NYSE:CHGG,0.09999980359930401
2020-08-14,17,AR1 alpha + Enhanced + One-Step,NYSE:CHGG,0.09999991951661681
2020-08-17,17,AR1 alpha + Enhanced + One-Step,NYSE:CHGG,0.09999809223532262
2020-08-18,17,AR1 alpha + Enhanced + One-Step,NYSE:CHGG,0.09999732456325489
2020-08-19,17,AR1 alpha + Enhanced + One-Step,NYSE:CHGG,0.09999595140489359
2020-08-20,17,AR1 alpha + Enhanced + One-Step,NYSE:CHGG,0.0999959187409835
2020-08-21,17,AR1 alpha + Enhanced + One-Step,NYSE:CHGG,0.09999969440039455
2020-08-24,17,AR1 alpha + Enhanced + One-Step,NYSE:CHGG,0.08406918151735283
2020-08-25,17,AR1 alpha + Enhanced + One-Step,NYSE:CHGG,0.08406928438557441
2020-08-26,17,AR1 alpha + Enhanced + One-Step,NYSE:CHGG,0.09068972366228487
2020-08-27,17,AR1 alpha + Enhanced + One-Step,NYSE:CHGG,0.08251691466765912
2020-08-28,17,AR1 alpha + Enhanced + One-Step,NYSE:CHGG,0.06807296402153515
2020-08-31,17,AR1 alpha + Enhanced + One-Step,NYSE:CHGG,0.06806924229855689
2020-09-01,17,AR1 alpha + Enhanced + One-Step,NYSE:CHGG,0.08497373042960797
2020-09-02,17,AR1 alpha + Enhanced + One-Step,NYSE:CHGG,0.10000012050305464
2020-09-03,17,AR1 alpha + Enhanced + One-Step,NYSE:CHGG,0.07499185176408418
2020-09-04,17,AR1 alpha + Enhanced + One-Step,NYSE:CHGG,0.049988268996714914
2020-09-08,17,AR1 alpha + Enhanced + One-Step,NYSE:CHGG,0.024975148356674685
2020-09-09,17,AR1 alpha + Enhanced + One-Step,NYSE:CHGG,0.023036479767854005
2020-09-10,17,AR1 alpha + Enhanced + One-Step,NYSE:CHGG,0.0003878130213976135
2020-09-11,17,AR1 alpha + Enhanced + One-Step,NYSE:CHGG,0.0
2020-09-14,17,AR1 alpha + Enhanced + One-Step,NYSE:CHGG,3.233259778622437e-07
2020-09-15,17,AR1 alpha + Enhanced + One-Step,NYSE:CHGG,9.360780373099768e-08
2020-09-16,17,AR1 alpha + Enhanced + One-Step,NYSE:CHGG,2.4902054838879283e-08
2020-09-17,17,AR1 alpha + Enhanced + One-Step,NYSE:CHGG,0.0
2020-09-18,17,AR1 alpha + Enhanced + One-Step,NYSE:CHGG,0.0
2020-09-21,17,AR1 alpha + Enhanced + One-Step,NYSE:CHGG,0.007118182397406201
2020-09-22,17,AR1 alpha + Enhanced + One-Step,NYSE:CHGG,0.01385281456693402
2020-09-23,17,AR1 alpha + Enhanced + One-Step,NYSE:CHGG,0.013852558309856973
2020-09-24,17,AR1 alpha + Enhanced + One-Step,NYSE:CHGG,0.013852556794306818
2020-09-25,17,AR1 alpha + Enhanced + One-Step,NYSE:CHGG,0.028255103920020157
2020-09-28,17,AR1 alpha + Enhanced + One-Step,NYSE:CHGG,0.04265091957862877
2020-09-29,17,AR1 alpha + Enhanced + One-Step,NYSE:CHGG,0.06005761861283392
2020-09-30,17,AR1 alpha + Enhanced + One-Step,NYSE:CHGG,0.06330999866648736
2020-10-01,17,AR1 alpha + Enhanced + One-Step,NYSE:CHGG,0.07840203692029755
2020-10-02,17,AR1 alpha + Enhanced + One-Step,NYSE:CHGG,0.07840220814158078
2020-10-05,17,AR1 alpha + Enhanced + One-Step,NYSE:CHGG,0.08716188114131851
2020-10-06,17,AR1 alpha + Enhanced + One-Step,NYSE:CHGG,0.09492680788107973
2020-10-07,17,AR1 alpha + Enhanced + One-Step,NYSE:CHGG,0.09492780850063859
2020-10-08,17,AR1 alpha + Enhanced + One-Step,NYSE:CHGG,0.09492784375071538
2020-10-09,17,AR1 alpha + Enhanced + One-Step,NYSE:CHGG,0.09783587803334774
2020-10-12,17,AR1 alpha + Enhanced + One-Step,NYSE:CHGG,0.10000000887795739
2020-10-13,17,AR1 alpha + Enhanced + One-Step,NYSE:CHGG,0.09999963801410669
2020-10-14,17,AR1 alpha + Enhanced + One-Step,NYSE:CHGG,0.09999974464344483
2020-10-15,17,AR1 alpha + Enhanced + One-Step,NYSE:CHGG,0.09999920767080464
2020-10-16,17,AR1 alpha + Enhanced + One-Step,NYSE:CHGG,0.09999956905034908
2020-10-19,17,AR1 alpha + Enhanced + One-Step,NYSE:CHGG,0.09999647013267435
2020-10-20,17,AR1 alpha + Enhanced + One-Step,NYSE:CHGG,0.09999385274242506
2020-10-21,17,AR1 alpha + Enhanced + One-Step,NYSE:CHGG,0.09999389719867895
2020-10-22,17,AR1 alpha + Enhanced + One-Step,NYSE:CHGG,0.09999363259159895
2020-10-23,17,AR1 alpha + Enhanced + One-Step,NYSE:CHGG,0.09999418750575055
2020-10-26,17,AR1 alpha + Enhanced + One-Step,NYSE:CHGG,0.09999390103932476
2020-10-27,17,AR1 alpha + Enhanced + One-Step,NYSE:CHGG,0.0749546709681232
2020-10-28,17,AR1 alpha + Enhanced + One-Step,NYSE:CHGG,0.06982750113140561
2020-10-29,17,AR1 alpha + Enhanced + One-Step,NYSE:CHGG,0.051105831207597485
2020-10-30,17,AR1 alpha + Enhanced + One-Step,NYSE:CHGG,0.044169134207351225
2020-11-02,17,AR1 alpha + Enhanced + One-Step,NYSE:CHGG,0.04255355974584413
2020-11-03,17,AR1 alpha + Enhanced + One-Step,NYSE:CHGG,0.03951884317964562
2020-11-04,17,AR1 alpha + Enhanced + One-Step,NYSE:CHGG,0.03951823027320776
2020-11-05,17,AR1 alpha + Enhanced + One-Step,NYSE:CHGG,0.04474625413250267
2020-11-06,17,AR1 alpha + Enhanced + One-Step,NYSE:CHGG,0.04474624402471051
2020-11-09,17,AR1 alpha + Enhanced + One-Step,NYSE:CHGG,0.04474624293794115
2020-11-10,17,AR1 alpha + Enhanced + One-Step,NYSE:CHGG,0.04474539243246275
2020-11-11,17,AR1 alpha + Enhanced + One-Step,NYSE:CHGG,0.04474563703063333
2020-11-12,17,AR1 alpha + Enhanced + One-Step,NYSE:CHGG,0.04474564971130679
2020-11-13,17,AR1 alpha + Enhanced + One-Step,NYSE:CHGG,0.044745642938210546
2020-11-16,17,AR1 alpha + Enhanced + One-Step,NYSE:CHGG,0.04440820978503635
2020-11-17,17,AR1 alpha + Enhanced + One-Step,NYSE:CHGG,0.04440739675325252
2020-11-18,17,AR1 alpha + Enhanced + One-Step,NYSE:CHGG,0.04440541873568888
2020-11-19,17,AR1 alpha + Enhanced + One-Step,NYSE:CHGG,0.04440463833207408
2020-11-20,17,AR1 alpha + Enhanced + One-Step,NYSE:CHGG,0.04440462654005904
2020-11-23,17,AR1 alpha + Enhanced + One-Step,NYSE:CHGG,0.04440510355367331
2020-11-24,17,AR1 alpha + Enhanced + One-Step,NYSE:CHGG,0.04061882227324207
2020-11-25,17,AR1 alpha + Enhanced + One-Step,NYSE:CHGG,0.057363679166585135
2020-11-27,17,AR1 alpha + Enhanced + One-Step,NYSE:CHGG,0.0808294278923574
2020-11-30,17,AR1 alpha + Enhanced + One-Step,NYSE:CHGG,0.09988005531613306
2020-12-01,17,AR1 alpha + Enhanced + One-Step,NYSE:CHGG,0.09999955966247356
2020-12-04,17,AR1 alpha + Enhanced + One-Step,NYSE:CHGG,0.0999997742283836
2020-12-07,17,AR1 alpha + Enhanced + One-Step,NYSE:CHGG,0.09999627923105034
2020-12-08,17,AR1 alpha + Enhanced + One-Step,NYSE:CHGG,0.09999819004845349
2020-12-09,17,AR1 alpha + Enhanced + One-Step,NYSE:CHGG,0.09999650372908905
2020-12-10,17,AR1 alpha + Enhanced + One-Step,NYSE:CHGG,0.09999843904076466
2020-12-11,17,AR1 alpha + Enhanced + One-Step,NYSE:CHGG,0.09999905973821338
2020-12-14,17,AR1 alpha + Enhanced + One-Step,NYSE:CHGG,0.09999966966073759
2020-12-15,17,AR1 alpha + Enhanced + One-Step,NYSE:CHGG,0.09999988742641676
2020-12-16,17,AR1 alpha + Enhanced + One-Step,NYSE:CHGG,0.09999885724648727
2020-12-17,17,AR1 alpha + Enhanced + One-Step,NYSE:CHGG,0.09999894231946524
2020-12-18,17,AR1 alpha + Enhanced + One-Step,NYSE:CHGG,0.10000037880679322
2020-12-21,17,AR1 alpha + Enhanced + One-Step,NYSE:CHGG,0.09999974323533298
2020-12-22,17,AR1 alpha + Enhanced + One-Step,NYSE:CHGG,0.09999998224803258
2020-12-23,17,AR1 alpha + Enhanced + One-Step,NYSE:CHGG,0.09999853892831488
2020-12-24,17,AR1 alpha + Enhanced + One-Step,NYSE:CHGG,0.0999991572909002
2020-12-28,17,AR1 alpha + Enhanced + One-Step,NYSE:CHGG,0.09999950097277334
2020-12-29,17,AR1 alpha + Enhanced + One-Step,NYSE:CHGG,0.09750770873211687
2020-12-30,17,AR1 alpha + Enhanced + One-Step,NYSE:CHGG,0.09750770623632418
2020-12-31,17,AR1 alpha + Enhanced + One-Step,NYSE:CHGG,0.09750704452276704
2021-01-04,17,AR1 alpha + Enhanced + One-Step,NYSE:CHGG,0.09624932876676298
2021-01-05,17,AR1 alpha + Enhanced + One-Step,NYSE:CHGG,0.09699978044779854
2021-01-06,17,AR1 alpha + Enhanced + One-Step,NYSE:CHGG,0.09100882302988761
2021-01-07,17,AR1 alpha + Enhanced + One-Step,NYSE:CHGG,0.09255162019940362
2021-01-08,17,AR1 alpha + Enhanced + One-Step,NYSE:CHGG,0.09999824296639082
2021-01-11,17,AR1 alpha + Enhanced + One-Step,NYSE:CHGG,0.09999740425744126
2021-01-12,17,AR1 alpha + Enhanced + One-Step,NYSE:CHGG,0.0999905419425934
2021-01-13,17,AR1 alpha + Enhanced + One-Step,NYSE:CHGG,0.09999398919213678
2021-01-14,17,AR1 alpha + Enhanced + One-Step,NYSE:CHGG,0.09999711151364578
2021-01-15,17,AR1 alpha + Enhanced + One-Step,NYSE:CHGG,0.09999528359452974
2021-01-19,17,AR1 alpha + Enhanced + One-Step,NYSE:CHGG,0.09999499850565206
2021-01-20,17,AR1 alpha + Enhanced + One-Step,NYSE:CHGG,0.09999477521398865
2021-01-21,17,AR1 alpha + Enhanced + One-Step,NYSE:CHGG,0.09999782736448123
2021-01-22,17,AR1 alpha + Enhanced + One-Step,NYSE:CHGG,0.08955310245720952
2021-01-25,17,AR1 alpha + Enhanced + One-Step,NYSE:CHGG,0.07579555188252174
2021-01-26,17,AR1 alpha + Enhanced + One-Step,NYSE:CHGG,0.07579450500993826
2021-01-27,17,AR1 alpha + Enhanced + One-Step,NYSE:CHGG,0.07579526800221353
2021-01-28,17,AR1 alpha + Enhanced + One-Step,NYSE:CHGG,0.07579822697603975
2021-01-29,17,AR1 alpha + Enhanced + One-Step,NYSE:CHGG,0.07579786204831179
2021-02-01,17,AR1 alpha + Enhanced + One-Step,NYSE:CHGG,0.07579780763564026
2021-02-02,17,AR1 alpha + Enhanced + One-Step,NYSE:CHGG,0.0757978332781925
2021-02-03,17,AR1 alpha + Enhanced + One-Step,NYSE:CHGG,0.07579401823757506
2021-02-04,17,AR1 alpha + Enhanced + One-Step,NYSE:CHGG,0.07579114667794963
2021-02-05,17,AR1 alpha + Enhanced + One-Step,NYSE:CHGG,0.0757892478389549
2021-02-08,17,AR1 alpha + Enhanced + One-Step,NYSE:CHGG,0.07578954925930943
2021-02-09,17,AR1 alpha + Enhanced + One-Step,NYSE:CHGG,0.07578954293682377
2021-02-10,17,AR1 alpha + Enhanced + One-Step,NYSE:CHGG,0.08785456559973533
2021-02-11,17,AR1 alpha + Enhanced + One-Step,NYSE:CHGG,0.09491630856638988
2021-02-12,17,AR1 alpha + Enhanced + One-Step,NYSE:CHGG,0.09999998078493423
2021-02-16,17,AR1 alpha + Enhanced + One-Step,NYSE:CHGG,0.0999999521266339
2021-02-17,17,AR1 alpha + Enhanced + One-Step,NYSE:CHGG,0.09490526127627527
2021-02-18,17,AR1 alpha + Enhanced + One-Step,NYSE:CHGG,0.0949053182789684
2021-02-19,17,AR1 alpha + Enhanced + One-Step,NYSE:CHGG,0.0949045890015941
2021-02-22,17,AR1 alpha + Enhanced + One-Step,NYSE:CHGG,0.09490581558760583
2021-02-23,17,AR1 alpha + Enhanced + One-Step,NYSE:CHGG,0.08300897992750512
2021-02-24,17,AR1 alpha + Enhanced + One-Step,NYSE:CHGG,0.07821846077365306
2021-02-25,17,AR1 alpha + Enhanced + One-Step,NYSE:CHGG,0.05844550984096474
2021-02-26,17,AR1 alpha + Enhanced + One-Step,NYSE:CHGG,0.05844515095857433
2021-03-01,17,AR1 alpha + Enhanced + One-Step,NYSE:CHGG,0.05844533356695897
2021-03-02,17,AR1 alpha + Enhanced + One-Step,NYSE:CHGG,0.0584446814359189
2021-03-03,17,AR1 alpha + Enhanced + One-Step,NYSE:CHGG,0.04048341748219964
2021-03-04,17,AR1 alpha + Enhanced + One-Step,NYSE:CHGG,0.028021300393354744
2021-03-05,17,AR1 alpha + Enhanced + One-Step,NYSE:CHGG,0.01441022986080602
2021-03-08,17,AR1 alpha + Enhanced + One-Step,NYSE:CHGG,7.587921849978874e-09
2021-03-09,17,AR1 alpha + Enhanced + One-Step,NYSE:CHGG,0.0
2021-03-10,17,AR1 alpha + Enhanced + One-Step,NYSE:CHGG,1.10456317912776e-06
2021-03-11,17,AR1 alpha + Enhanced + One-Step,NYSE:CHGG,0.01764025987000976
2021-03-12,17,AR1 alpha + Enhanced + One-Step,NYSE:CHGG,0.017640259883720835
2021-03-15,17,AR1 alpha + Enhanced + One-Step,NYSE:CHGG,0.017640956269241635
2021-03-16,17,AR1 alpha + Enhanced + One-Step,NYSE:CHGG,0.0274691876133759
2021-03-17,17,AR1 alpha + Enhanced + One-Step,NYSE:CHGG,0.052514044424272904
2021-03-18,17,AR1 alpha + Enhanced + One-Step,NYSE:CHGG,0.05251432505686408
2021-03-19,17,AR1 alpha + Enhanced + One-Step,NYSE:CHGG,0.05251335782924935
2021-03-22,17,AR1 alpha + Enhanced + One-Step,NYSE:CHGG,0.052513977691402834
2021-03-23,17,AR1 alpha + Enhanced + One-Step,NYSE:CHGG,0.052514452281576855
2021-03-24,17,AR1 alpha + Enhanced + One-Step,NYSE:CHGG,0.05251440179251399
2021-03-25,17,AR1 alpha + Enhanced + One-Step,NYSE:CHGG,0.039216452461344004
2021-03-26,17,AR1 alpha + Enhanced + One-Step,NYSE:CHGG,0.039216726569900405
2021-03-29,17,AR1 alpha + Enhanced + One-Step,NYSE:CHGG,0.014216684297275234
2021-03-30,17,AR1 alpha + Enhanced + One-Step,NYSE:CHGG,0.008710025663066999
2021-03-31,17,AR1 alpha + Enhanced + One-Step,NYSE:CHGG,0.010060362731587901
2021-04-01,17,AR1 alpha + Enhanced + One-Step,NYSE:CHGG,0.02602834807015672
2021-04-05,17,AR1 alpha + Enhanced + One-Step,NYSE:CHGG,0.027162973327068487
2021-04-06,17,AR1 alpha + Enhanced + One-Step,NYSE:CHGG,0.02997217717726464
2021-04-07,17,AR1 alpha + Enhanced + One-Step,NYSE:CHGG,0.02997106188726594
2021-04-08,17,AR1 alpha + Enhanced + One-Step,NYSE:CHGG,0.03387445899505631
2021-04-09,17,AR1 alpha + Enhanced + One-Step,NYSE:CHGG,0.035278982192607396
2021-04-12,17,AR1 alpha + Enhanced + One-Step,NYSE:CHGG,0.035278347628103356
2021-04-13,17,AR1 alpha + Enhanced + One-Step,NYSE:CHGG,0.04117322179863753
2021-04-14,17,AR1 alpha + Enhanced + One-Step,NYSE:CHGG,0.04117039642222452
2021-04-15,17,AR1 alpha + Enhanced + One-Step,NYSE:CHGG,0.05138218365389632
2021-04-16,17,AR1 alpha + Enhanced + One-Step,NYSE:CHGG,0.05942641469996154
2021-04-19,17,AR1 alpha + Enhanced + One-Step,NYSE:CHGG,0.05942641497805089
2021-04-20,17,AR1 alpha + Enhanced + One-Step,NYSE:CHGG,0.059424756825305895
2021-04-21,17,AR1 alpha + Enhanced + One-Step,NYSE:CHGG,0.06914305764210625
2021-04-22,17,AR1 alpha + Enhanced + One-Step,NYSE:CHGG,0.074843033377208
2021-04-23,17,AR1 alpha + Enhanced + One-Step,NYSE:CHGG,0.07484229393919888
2021-04-26,17,AR1 alpha + Enhanced + One-Step,NYSE:CHGG,0.09175421261611957
2021-04-27,17,AR1 alpha + Enhanced + One-Step,NYSE:CHGG,0.0917540613876843
2021-04-28,17,AR1 alpha + Enhanced + One-Step,NYSE:CHGG,0.09526925969360399
2021-04-29,17,AR1 alpha + Enhanced + One-Step,NYSE:CHGG,0.08891828955257249
2021-04-30,17,AR1 alpha + Enhanced + One-Step,NYSE:CHGG,0.07659527689787299
2021-05-03,17,AR1 alpha + Enhanced + One-Step,NYSE:CHGG,0.057339492064260124
2021-05-04,17,AR1 alpha + Enhanced + One-Step,NYSE:CHGG,0.032364471371462526
2021-05-05,17,AR1 alpha + Enhanced + One-Step,NYSE:CHGG,0.0323643531227795
2021-05-06,17,AR1 alpha + Enhanced + One-Step,NYSE:CHGG,0.032364890610019494
2021-05-07,17,AR1 alpha + Enhanced + One-Step,NYSE:CHGG,0.03236510018953448
2021-05-10,17,AR1 alpha + Enhanced + One-Step,NYSE:CHGG,0.01787694528370044
2021-05-11,17,AR1 alpha + Enhanced + One-Step,NYSE:CHGG,0.012071735302871702
2021-05-12,17,AR1 alpha + Enhanced + One-Step,NYSE:CHGG,0.007926446949373472
2021-05-13,17,AR1 alpha + Enhanced + One-Step,NYSE:CHGG,0.0
2021-05-14,17,AR1 alpha + Enhanced + One-Step,NYSE:CHGG,7.0193667871583925e-09
2021-05-17,17,AR1 alpha + Enhanced + One-Step,NYSE:CHGG,0.0
2021-05-18,17,AR1 alpha + Enhanced + One-Step,NYSE:CHGG,3.160683125413434e-07
2021-05-19,17,AR1 alpha + Enhanced + One-Step,NYSE:CHGG,7.467139310029083e-07
2021-05-20,17,AR1 alpha + Enhanced + One-Step,NYSE:CHGG,5.217070159880904e-07
2021-05-21,17,AR1 alpha + Enhanced + One-Step,NYSE:CHGG,2.576025592515477e-07
2021-05-24,17,AR1 alpha + Enhanced + One-Step,NYSE:CHGG,0.0
2021-05-25,17,AR1 alpha + Enhanced + One-Step,NYSE:CHGG,0.0
2021-05-26,17,AR1 alpha + Enhanced + One-Step,NYSE:CHGG,0.0
2021-05-27,17,AR1 alpha + Enhanced + One-Step,NYSE:CHGG,0.0
2021-05-28,17,AR1 alpha + Enhanced + One-Step,NYSE:CHGG,0.0
2021-06-01,17,AR1 alpha + Enhanced + One-Step,NYSE:CHGG,0.0
2021-06-02,17,AR1 alpha + Enhanced + One-Step,NYSE:CHGG,0.0
2021-06-03,17,AR1 alpha + Enhanced + One-Step,NYSE:CHGG,0.0
2021-06-04,17,AR1 alpha + Enhanced + One-Step,NYSE:CHGG,0.0
2021-06-07,17,AR1 alpha + Enhanced + One-Step,NYSE:CHGG,0.0
2021-06-08,17,AR1 alpha + Enhanced + One-Step,NYSE:CHGG,0.0
2021-06-09,17,AR1 alpha + Enhanced + One-Step,NYSE:CHGG,0.0
2021-06-10,17,AR1 alpha + Enhanced + One-Step,NYSE:CHGG,1.0516044498673252e-07
2021-06-11,17,AR1 alpha + Enhanced + One-Step,NYSE:CHGG,7.454981145502006e-08
2021-06-14,17,AR1 alpha + Enhanced + One-Step,NYSE:CHGG,1.0715883598833478e-07
2021-06-15,17,AR1 alpha + Enhanced + One-Step,NYSE:CHGG,0.0
2021-06-16,17,AR1 alpha + Enhanced + One-Step,NYSE:CHGG,0.0
2021-06-17,17,AR1 alpha + Enhanced + One-Step,NYSE:CHGG,0.0
2021-06-18,17,AR1 alpha + Enhanced + One-Step,NYSE:CHGG,0.0
2021-06-21,17,AR1 alpha + Enhanced + One-Step,NYSE:CHGG,3.857120160748806e-07
2021-06-22,17,AR1 alpha + Enhanced + One-Step,NYSE:CHGG,0.0
2021-06-23,17,AR1 alpha + Enhanced + One-Step,NYSE:CHGG,0.0
2021-06-24,17,AR1 alpha + Enhanced + One-Step,NYSE:CHGG,7.366995729380745e-07
2021-06-25,17,AR1 alpha + Enhanced + One-Step,NYSE:CHGG,8.127953601732148e-07
2021-06-28,17,AR1 alpha + Enhanced + One-Step,NYSE:CHGG,5.00906786338306e-07
2021-06-29,17,AR1 alpha + Enhanced + One-Step,NYSE:CHGG,2.916847631307227e-07
2021-06-30,17,AR1 alpha + Enhanced + One-Step,NYSE:CHGG,1.5283383388927973e-07
2021-07-01,17,AR1 alpha + Enhanced + One-Step,NYSE:CHGG,3.941081598731863e-08
2021-07-02,17,AR1 alpha + Enhanced + One-Step,NYSE:CHGG,0.0
2021-07-06,17,AR1 alpha + Enhanced + One-Step,NYSE:CHGG,0.0
2021-07-07,17,AR1 alpha + Enhanced + One-Step,NYSE:CHGG,5.505158046194266e-07
2021-07-08,17,AR1 alpha + Enhanced + One-Step,NYSE:CHGG,2.2235008710302194e-07
2021-07-09,17,AR1 alpha + Enhanced + One-Step,NYSE:CHGG,0.0
2021-07-12,17,AR1 alpha + Enhanced + One-Step,NYSE:CHGG,0.0
2021-07-13,17,AR1 alpha + Enhanced + One-Step,NYSE:CHGG,0.0
2021-07-14,17,AR1 alpha + Enhanced + One-Step,NYSE:CHGG,0.0
2021-07-15,17,AR1 alpha + Enhanced + One-Step,NYSE:CHGG,0.0
2021-07-16,17,AR1 alpha + Enhanced + One-Step,NYSE:CHGG,0.0
2021-07-19,17,AR1 alpha + Enhanced + One-Step,NYSE:CHGG,0.0
2021-07-20,17,AR1 alpha + Enhanced + One-Step,NYSE:CHGG,0.0
2021-07-21,17,AR1 alpha + Enhanced + One-Step,NYSE:CHGG,4.213501360578922e-07
2021-07-22,17,AR1 alpha + Enhanced + One-Step,NYSE:CHGG,0.0
2021-07-23,17,AR1 alpha + Enhanced + One-Step,NYSE:CHGG,0.0
2021-07-26,17,AR1 alpha + Enhanced + One-Step,NYSE:CHGG,0.0
2021-07-27,17,AR1 alpha + Enhanced + One-Step,NYSE:CHGG,9.16457457806235e-08
2021-07-28,17,AR1 alpha + Enhanced + One-Step,NYSE:CHGG,0.0
2021-07-29,17,AR1 alpha + Enhanced + One-Step,NYSE:CHGG,0.0
2021-07-30,17,AR1 alpha + Enhanced + One-Step,NYSE:CHGG,0.0
2021-08-02,17,AR1 alpha + Enhanced + One-Step,NYSE:CHGG,0.0
2021-08-03,17,AR1 alpha + Enhanced + One-Step,NYSE:CHGG,0.0
2021-08-04,17,AR1 alpha + Enhanced + One-Step,NYSE:CHGG,0.0
2021-08-05,17,AR1 alpha + Enhanced + One-Step,NYSE:CHGG,0.0
2021-08-06,17,AR1 alpha + Enhanced + One-Step,NYSE:CHGG,0.0
2021-08-09,17,AR1 alpha + Enhanced + One-Step,NYSE:CHGG,0.0
2021-08-10,17,AR1 alpha + Enhanced + One-Step,NYSE:CHGG,0.0
2021-08-11,17,AR1 alpha + Enhanced + One-Step,NYSE:CHGG,0.0
2021-08-12,17,AR1 alpha + Enhanced + One-Step,NYSE:CHGG,0.0
2021-08-13,17,AR1 alpha + Enhanced + One-Step,NYSE:CHGG,1.3587599133112957e-07
2021-08-16,17,AR1 alpha + Enhanced + One-Step,NYSE:CHGG,1.103366416293717e-06
2021-08-17,17,AR1 alpha + Enhanced + One-Step,NYSE:CHGG,9.649398264764549e-07
2021-08-18,17,AR1 alpha + Enhanced + One-Step,NYSE:CHGG,6.344164719616139e-07
2021-08-19,17,AR1 alpha + Enhanced + One-Step,NYSE:CHGG,1.2429031644332326e-06
2021-08-20,17,AR1 alpha + Enhanced + One-Step,NYSE:CHGG,0.0
2021-08-23,17,AR1 alpha + Enhanced + One-Step,NYSE:CHGG,0.0
2021-08-24,17,AR1 alpha + Enhanced + One-Step,NYSE:CHGG,0.0
2021-08-25,17,AR1 alpha + Enhanced + One-Step,NYSE:CHGG,1.5274163015006867e-08
2021-08-26,17,AR1 alpha + Enhanced + One-Step,NYSE:CHGG,0.0
2021-08-27,17,AR1 alpha + Enhanced + One-Step,NYSE:CHGG,0.0
2021-08-30,17,AR1 alpha + Enhanced + One-Step,NYSE:CHGG,0.0
2021-08-31,17,AR1 alpha + Enhanced + One-Step,NYSE:CHGG,2.1622939183203712e-08
2021-09-01,17,AR1 alpha + Enhanced + One-Step,NYSE:CHGG,0.0
2021-09-02,17,AR1 alpha + Enhanced + One-Step,NYSE:CHGG,8.74901829525644e-08
2021-09-03,17,AR1 alpha + Enhanced + One-Step,NYSE:CHGG,0.0
2021-09-07,17,AR1 alpha + Enhanced + One-Step,NYSE:CHGG,0.0
2021-09-08,17,AR1 alpha + Enhanced + One-Step,NYSE:CHGG,0.0
2021-09-09,17,AR1 alpha + Enhanced + One-Step,NYSE:CHGG,0.0
2021-09-10,17,AR1 alpha + Enhanced + One-Step,NYSE:CHGG,0.0
2021-09-13,17,AR1 alpha + Enhanced + One-Step,NYSE:CHGG,2.780321696104323e-07
2021-09-14,17,AR1 alpha + Enhanced + One-Step,NYSE:CHGG,7.763699762971467e-08
2021-09-15,17,AR1 alpha + Enhanced + One-Step,NYSE:CHGG,0.0
2021-09-16,17,AR1 alpha + Enhanced + One-Step,NYSE:CHGG,0.0
2021-09-17,17,AR1 alpha + Enhanced + One-Step,NYSE:CHGG,0.0
2021-09-20,17,AR1 alpha + Enhanced + One-Step,NYSE:CHGG,3.7615327343446115e-07
2021-09-21,17,AR1 alpha + Enhanced + One-Step,NYSE:CHGG,0.0
2021-09-22,17,AR1 alpha + Enhanced + One-Step,NYSE:CHGG,0.0
2021-09-23,17,AR1 alpha + Enhanced + One-Step,NYSE:CHGG,5.058938589580547e-07
2021-09-24,17,AR1 alpha + Enhanced + One-Step,NYSE:CHGG,2.0039153761512602e-07
2021-09-27,17,AR1 alpha + Enhanced + One-Step,NYSE:CHGG,1.6337012403454075e-07
2021-09-28,17,AR1 alpha + Enhanced + One-Step,NYSE:CHGG,0.0
2021-09-29,17,AR1 alpha + Enhanced + One-Step,NYSE:CHGG,3.2865856821920437e-07
2021-09-30,17,AR1 alpha + Enhanced + One-Step,NYSE:CHGG,1.7143787370477802e-07
2021-10-01,17,AR1 alpha + Enhanced + One-Step,NYSE:CHGG,5.6897901040662236e-08
2021-10-04,17,AR1 alpha + Enhanced + One-Step,NYSE:CHGG,7.751432684839422e-08
2021-10-05,17,AR1 alpha + Enhanced + One-Step,NYSE:CHGG,0.0
2021-10-06,17,AR1 alpha + Enhanced + One-Step,NYSE:CHGG,0.0
2021-10-07,17,AR1 alpha + Enhanced + One-Step,NYSE:CHGG,0.0
2021-10-08,17,AR1 alpha + Enhanced + One-Step,NYSE:CHGG,0.0
2021-10-11,17,AR1 alpha + Enhanced + One-Step,NYSE:CHGG,0.0
2021-10-12,17,AR1 alpha + Enhanced + One-Step,NYSE:CHGG,2.1718435216112078e-07
2021-10-13,17,AR1 alpha + Enhanced + One-Step,NYSE:CHGG,1.6904548819391974e-07
2021-10-14,17,AR1 alpha + Enhanced + One-Step,NYSE:CHGG,0.0
2021-10-15,17,AR1 alpha + Enhanced + One-Step,NYSE:CHGG,0.0
2021-10-18,17,AR1 alpha + Enhanced + One-Step,NYSE:CHGG,0.0
2021-10-19,17,AR1 alpha + Enhanced + One-Step,NYSE:CHGG,0.0
2021-10-20,17,AR1 alpha + Enhanced + One-Step,NYSE:CHGG,2.8963095822108747e-07
2021-10-21,17,AR1 alpha + Enhanced + One-Step,NYSE:CHGG,2.1952601114707842e-07
2021-10-22,17,AR1 alpha + Enhanced + One-Step,NYSE:CHGG,2.621291778658219e-07
2021-10-25,17,AR1 alpha + Enhanced + One-Step,NYSE:CHGG,0.0
2021-10-26,17,AR1 alpha + Enhanced + One-Step,NYSE:CHGG,0.0
2021-10-27,17,AR1 alpha + Enhanced + One-Step,NYSE:CHGG,4.0158176965657496e-09
2021-10-28,17,AR1 alpha + Enhanced + One-Step,NYSE:CHGG,6.496711932450068e-09
2021-10-29,17,AR1 alpha + Enhanced + One-Step,NYSE:CHGG,0.0
2021-11-01,17,AR1 alpha + Enhanced + One-Step,NYSE:CHGG,0.0
2021-11-02,17,AR1 alpha + Enhanced + One-Step,NYSE:CHGG,0.02498959681045378
2021-11-03,17,AR1 alpha + Enhanced + One-Step,NYSE:CHGG,0.05000982156173909
2021-11-04,17,AR1 alpha + Enhanced + One-Step,NYSE:CHGG,0.07504113285228371
2021-11-05,17,AR1 alpha + Enhanced + One-Step,NYSE:CHGG,0.09355873917591705
2021-11-08,17,AR1 alpha + Enhanced + One-Step,NYSE:CHGG,0.09355363856986915
2021-11-09,17,AR1 alpha + Enhanced + One-Step,NYSE:CHGG,0.09355373414098724
2021-11-10,17,AR1 alpha + Enhanced + One-Step,NYSE:CHGG,0.06848182698786899
2021-11-11,17,AR1 alpha + Enhanced + One-Step,NYSE:CHGG,0.0490257639421888
2021-11-12,17,AR1 alpha + Enhanced + One-Step,NYSE:CHGG,0.02401768203361065
2021-11-15,17,AR1 alpha + Enhanced + One-Step,NYSE:CHGG,1.1705532503950433e-06
2021-11-16,17,AR1 alpha + Enhanced + One-Step,NYSE:CHGG,0.0
2021-11-17,17,AR1 alpha + Enhanced + One-Step,NYSE:CHGG,0.0
2021-11-18,17,AR1 alpha + Enhanced + One-Step,NYSE:CHGG,0.0
2021-11-19,17,AR1 alpha + Enhanced + One-Step,NYSE:CHGG,1.4596691603316098e-07
2021-11-22,17,AR1 alpha + Enhanced + One-Step,NYSE:CHGG,1.889220151945902e-07
2021-11-23,17,AR1 alpha + Enhanced + One-Step,NYSE:CHGG,0.0
2021-11-24,17,AR1 alpha + Enhanced + One-Step,NYSE:CHGG,0.0
2021-11-26,17,AR1 alpha + Enhanced + One-Step,NYSE:CHGG,0.0
2021-11-29,17,AR1 alpha + Enhanced + One-Step,NYSE:CHGG,0.0
2021-11-30,17,AR1 alpha + Enhanced + One-Step,NYSE:CHGG,0.0
2021-12-01,17,AR1 alpha + Enhanced + One-Step,NYSE:CHGG,0.0
2021-12-02,17,AR1 alpha + Enhanced + One-Step,NYSE:CHGG,0.0
2021-12-03,17,AR1 alpha + Enhanced + One-Step,NYSE:CHGG,0.0
2021-12-06,17,AR1 alpha + Enhanced + One-Step,NYSE:CHGG,4.4601265794196243e-07
2021-12-07,17,AR1 alpha + Enhanced + One-Step,NYSE:CHGG,1.2884446268141968e-07
2021-12-08,17,AR1 alpha + Enhanced + One-Step,NYSE:CHGG,0.0
2021-12-09,17,AR1 alpha + Enhanced + One-Step,NYSE:CHGG,0.0
2021-12-10,17,AR1 alpha + Enhanced + One-Step,NYSE:CHGG,0.0
2021-12-13,17,AR1 alpha + Enhanced + One-Step,NYSE:CHGG,0.0
2021-12-14,17,AR1 alpha + Enhanced + One-Step,NYSE:CHGG,0.0
2021-12-15,17,AR1 alpha + Enhanced + One-Step,NYSE:CHGG,1.3244916489709922e-07
2021-12-16,17,AR1 alpha + Enhanced + One-Step,NYSE:CHGG,4.0057582538044427e-08
2021-12-17,17,AR1 alpha + Enhanced + One-Step,NYSE:CHGG,0.0
2021-12-20,17,AR1 alpha + Enhanced + One-Step,NYSE:CHGG,7.600878957399106e-07
2021-12-21,17,AR1 alpha + Enhanced + One-Step,NYSE:CHGG,4.959119871539199e-07
2021-12-22,17,AR1 alpha + Enhanced + One-Step,NYSE:CHGG,0.0
2021-12-23,17,AR1 alpha + Enhanced + One-Step,NYSE:CHGG,1.7541060911391544e-07
2021-12-27,17,AR1 alpha + Enhanced + One-Step,NYSE:CHGG,0.0
2021-12-28,17,AR1 alpha + Enhanced + One-Step,NYSE:CHGG,3.680500300390948e-08
2021-12-29,17,AR1 alpha + Enhanced + One-Step,NYSE:CHGG,7.293684656610048e-07
2021-12-30,17,AR1 alpha + Enhanced + One-Step,NYSE:CHGG,2.406066034740356e-07
2021-12-31,17,AR1 alpha + Enhanced + One-Step,NYSE:CHGG,2.8999787661403655e-08
2022-01-03,17,AR1 alpha + Enhanced + One-Step,NYSE:CHGG,3.621316389231638e-07
2022-01-04,17,AR1 alpha + Enhanced + One-Step,NYSE:CHGG,2.3308463442464914e-07
2022-01-05,17,AR1 alpha + Enhanced + One-Step,NYSE:CHGG,9.393195018837102e-08
2022-01-06,17,AR1 alpha + Enhanced + One-Step,NYSE:CHGG,9.691779547329686e-08
2022-01-07,17,AR1 alpha + Enhanced + One-Step,NYSE:CHGG,2.8722297802884306e-07
2022-01-10,17,AR1 alpha + Enhanced + One-Step,NYSE:CHGG,3.1496138931758533e-07
2022-01-11,17,AR1 alpha + Enhanced + One-Step,NYSE:CHGG,1.7329591170038818e-07
2022-01-12,17,AR1 alpha + Enhanced + One-Step,NYSE:CHGG,0.0
2022-01-13,17,AR1 alpha + Enhanced + One-Step,NYSE:CHGG,0.0
2022-01-14,17,AR1 alpha + Enhanced + One-Step,NYSE:CHGG,1.9107441214129795e-07
2022-01-18,17,AR1 alpha + Enhanced + One-Step,NYSE:CHGG,1.0433236387822121e-07
2022-01-19,17,AR1 alpha + Enhanced + One-Step,NYSE:CHGG,0.0
2022-01-20,17,AR1 alpha + Enhanced + One-Step,NYSE:CHGG,2.8424469127119996e-08
2022-01-21,17,AR1 alpha + Enhanced + One-Step,NYSE:CHGG,0.0
2022-01-24,17,AR1 alpha + Enhanced + One-Step,NYSE:CHGG,0.0
2022-01-25,17,AR1 alpha + Enhanced + One-Step,NYSE:CHGG,4.605285280720693e-08
2022-01-26,17,AR1 alpha + Enhanced + One-Step,NYSE:CHGG,6.367572617623961e-08
2022-01-27,17,AR1 alpha + Enhanced + One-Step,NYSE:CHGG,1.9544858777859875e-07
2022-01-28,17,AR1 alpha + Enhanced + One-Step,NYSE:CHGG,6.064463433404737e-08
2022-01-31,17,AR1 alpha + Enhanced + One-Step,NYSE:CHGG,3.4385386121290944e-07
2022-02-01,17,AR1 alpha + Enhanced + One-Step,NYSE:CHGG,1.5901799821061193e-07
2022-02-02,17,AR1 alpha + Enhanced + One-Step,NYSE:CHGG,6.158988684380835e-08
2022-02-03,17,AR1 alpha + Enhanced + One-Step,NYSE:CHGG,1.6320666813877632e-07
2022-02-04,17,AR1 alpha + Enhanced + One-Step,NYSE:CHGG,1.8591148971957315e-07
2022-02-07,17,AR1 alpha + Enhanced + One-Step,NYSE:CHGG,1.3815600076009601e-08
2022-02-08,17,AR1 alpha + Enhanced + One-Step,NYSE:CHGG,5.2446266227852006e-08
2022-02-09,17,AR1 alpha + Enhanced + One-Step,NYSE:CHGG,3.072371870667809e-08
2022-02-10,17,AR1 alpha + Enhanced + One-Step,NYSE:CHGG,0.0
2022-02-11,17,AR1 alpha + Enhanced + One-Step,NYSE:CHGG,4.430872940038895e-07
2022-02-14,17,AR1 alpha + Enhanced + One-Step,NYSE:CHGG,1.7911767214144794e-07
2022-02-15,17,AR1 alpha + Enhanced + One-Step,NYSE:CHGG,5.346939161314455e-08
2022-02-16,17,AR1 alpha + Enhanced + One-Step,NYSE:CHGG,0.0
2022-02-17,17,AR1 alpha + Enhanced + One-Step,NYSE:CHGG,0.0
2022-02-18,17,AR1 alpha + Enhanced + One-Step,NYSE:CHGG,0.0
2022-02-22,17,AR1 alpha + Enhanced + One-Step,NYSE:CHGG,0.0
2022-02-23,17,AR1 alpha + Enhanced + One-Step,NYSE:CHGG,0.0
2022-02-24,17,AR1 alpha + Enhanced + One-Step,NYSE:CHGG,0.0
2022-02-25,17,AR1 alpha + Enhanced + One-Step,NYSE:CHGG,1.5203742648066048e-08
2022-02-28,17,AR1 alpha + Enhanced + One-Step,NYSE:CHGG,1.1889758933719229e-08
2022-03-01,17,AR1 alpha + Enhanced + One-Step,NYSE:CHGG,5.9238749750619814e-08
2022-03-02,17,AR1 alpha + Enhanced + One-Step,NYSE:CHGG,0.0
2022-03-03,17,AR1 alpha + Enhanced + One-Step,NYSE:CHGG,0.0
2022-03-04,17,AR1 alpha + Enhanced + One-Step,NYSE:CHGG,0.0
2022-03-07,17,AR1 alpha + Enhanced + One-Step,NYSE:CHGG,1.2471452347149463e-06
2022-03-08,17,AR1 alpha + Enhanced + One-Step,NYSE:CHGG,5.389535940072743e-07
2022-03-09,17,AR1 alpha + Enhanced + One-Step,NYSE:CHGG,0.0
2022-03-10,17,AR1 alpha + Enhanced + One-Step,NYSE:CHGG,2.8210660192299304e-08
2022-03-11,17,AR1 alpha + Enhanced + One-Step,NYSE:CHGG,0.0
2022-03-14,17,AR1 alpha + Enhanced + One-Step,NYSE:CHGG,9.79728768904251e-09
2022-03-15,17,AR1 alpha + Enhanced + One-Step,NYSE:CHGG,0.0
2022-03-16,17,AR1 alpha + Enhanced + One-Step,NYSE:CHGG,0.0
2022-03-17,17,AR1 alpha + Enhanced + One-Step,NYSE:CHGG,4.559569921076642e-08
2022-03-18,17,AR1 alpha + Enhanced + One-Step,NYSE:CHGG,0.0
2022-03-21,17,AR1 alpha + Enhanced + One-Step,NYSE:CHGG,1.2532103368679515e-07
2022-03-22,17,AR1 alpha + Enhanced + One-Step,NYSE:CHGG,5.892075056658828e-08
2022-03-23,17,AR1 alpha + Enhanced + One-Step,NYSE:CHGG,4.855986618947471e-09
2022-03-24,17,AR1 alpha + Enhanced + One-Step,NYSE:CHGG,0.0
2022-03-25,17,AR1 alpha + Enhanced + One-Step,NYSE:CHGG,0.0
2022-03-28,17,AR1 alpha + Enhanced + One-Step,NYSE:CHGG,0.0
2022-03-29,17,AR1 alpha + Enhanced + One-Step,NYSE:CHGG,0.0
2022-03-30,17,AR1 alpha + Enhanced + One-Step,NYSE:CHGG,0.0
2022-03-31,17,AR1 alpha + Enhanced + One-Step,NYSE:CHGG,0.0
2022-04-01,17,AR1 alpha + Enhanced + One-Step,NYSE:CHGG,9.304158505181079e-08
2022-04-04,17,AR1 alpha + Enhanced + One-Step,NYSE:CHGG,0.0
2022-04-05,17,AR1 alpha + Enhanced + One-Step,NYSE:CHGG,0.0
2022-04-06,17,AR1 alpha + Enhanced + One-Step,NYSE:CHGG,4.945956403902095e-07
2022-04-07,17,AR1 alpha + Enhanced + One-Step,NYSE:CHGG,0.0
2022-04-08,17,AR1 alpha + Enhanced + One-Step,NYSE:CHGG,2.720043677411958e-07
2022-04-11,17,AR1 alpha + Enhanced + One-Step,NYSE:CHGG,0.0
2022-04-12,17,AR1 alpha + Enhanced + One-Step,NYSE:CHGG,0.0
2022-04-13,17,AR1 alpha + Enhanced + One-Step,NYSE:CHGG,1.518227118865721e-08
2022-04-14,17,AR1 alpha + Enhanced + One-Step,NYSE:CHGG,0.0
2022-04-18,17,AR1 alpha + Enhanced + One-Step,NYSE:CHGG,0.0
2022-04-19,17,AR1 alpha + Enhanced + One-Step,NYSE:CHGG,0.0
2022-04-20,17,AR1 alpha + Enhanced + One-Step,NYSE:CHGG,0.0
2022-04-21,17,AR1 alpha + Enhanced + One-Step,NYSE:CHGG,0.0
2022-04-22,17,AR1 alpha + Enhanced + One-Step,NYSE:CHGG,0.0
2022-04-25,17,AR1 alpha + Enhanced + One-Step,NYSE:CHGG,0.0
2022-04-26,17,AR1 alpha + Enhanced + One-Step,NYSE:CHGG,4.7976122093164953e-08
2022-04-27,17,AR1 alpha + Enhanced + One-Step,NYSE:CHGG,0.0
2022-04-28,17,AR1 alpha + Enhanced + One-Step,NYSE:CHGG,0.0
2022-04-29,17,AR1 alpha + Enhanced + One-Step,NYSE:CHGG,0.0
2022-05-02,17,AR1 alpha + Enhanced + One-Step,NYSE:CHGG,0.0
2022-05-03,17,AR1 alpha + Enhanced + One-Step,NYSE:CHGG,0.0250072993916267
2022-05-04,17,AR1 alpha + Enhanced + One-Step,NYSE:CHGG,0.0
2022-05-05,17,AR1 alpha + Enhanced + One-Step,NYSE:CHGG,0.0
2022-05-06,17,AR1 alpha + Enhanced + One-Step,NYSE:CHGG,3.961567139752332e-08
2022-05-09,17,AR1 alpha + Enhanced + One-Step,NYSE:CHGG,0.0
2022-05-10,17,AR1 alpha + Enhanced + One-Step,NYSE:CHGG,0.0
2022-05-11,17,AR1 alpha + Enhanced + One-Step,NYSE:CHGG,0.0
2022-05-12,17,AR1 alpha + Enhanced + One-Step,NYSE:CHGG,0.0
2022-05-13,17,AR1 alpha + Enhanced + One-Step,NYSE:CHGG,0.0
2022-05-16,17,AR1 alpha + Enhanced + One-Step,NYSE:CHGG,0.0
2022-05-17,17,AR1 alpha + Enhanced + One-Step,NYSE:CHGG,0.0
2022-05-18,17,AR1 alpha + Enhanced + One-Step,NYSE:CHGG,0.0
2022-05-19,17,AR1 alpha + Enhanced + One-Step,NYSE:CHGG,0.0
2022-05-20,17,AR1 alpha + Enhanced + One-Step,NYSE:CHGG,0.0
2022-05-23,17,AR1 alpha + Enhanced + One-Step,NYSE:CHGG,0.0
2022-05-24,17,AR1 alpha + Enhanced + One-Step,NYSE:CHGG,0.0
2022-05-25,17,AR1 alpha + Enhanced + One-Step,NYSE:CHGG,0.0
2022-05-26,17,AR1 alpha + Enhanced + One-Step,NYSE:CHGG,0.0
2022-05-27,17,AR1 alpha + Enhanced + One-Step,NYSE:CHGG,7.50680538306257e-07
2022-05-31,17,AR1 alpha + Enhanced + One-Step,NYSE:CHGG,2.0102887065204858e-07
2022-06-01,17,AR1 alpha + Enhanced + One-Step,NYSE:CHGG,7.904918674236679e-07
2022-06-02,17,AR1 alpha + Enhanced + One-Step,NYSE:CHGG,1.1719259495013474e-07
2022-06-03,17,AR1 alpha + Enhanced + One-Step,NYSE:CHGG,0.0
2022-06-06,17,AR1 alpha + Enhanced + One-Step,NYSE:CHGG,0.0
2022-06-07,17,AR1 alpha + Enhanced + One-Step,NYSE:CHGG,0.0
2022-06-08,17,AR1 alpha + Enhanced + One-Step,NYSE:CHGG,0.0
2022-06-09,17,AR1 alpha + Enhanced + One-Step,NYSE:CHGG,0.0
2022-06-10,17,AR1 alpha + Enhanced + One-Step,NYSE:CHGG,0.0
2022-06-13,17,AR1 alpha + Enhanced + One-Step,NYSE:CHGG,0.0
2022-06-14,17,AR1 alpha + Enhanced + One-Step,NYSE:CHGG,0.0
2022-06-15,17,AR1 alpha + Enhanced + One-Step,NYSE:CHGG,0.0
2022-06-16,17,AR1 alpha + Enhanced + One-Step,NYSE:CHGG,0.0
2022-06-17,17,AR1 alpha + Enhanced + One-Step,NYSE:CHGG,4.937593817737625e-07
2022-06-21,17,AR1 alpha + Enhanced + One-Step,NYSE:CHGG,1.359390496454284e-07
2022-06-22,17,AR1 alpha + Enhanced + One-Step,NYSE:CHGG,1.9163383947147795e-08
2022-06-23,17,AR1 alpha + Enhanced + One-Step,NYSE:CHGG,0.0
2022-06-24,17,AR1 alpha + Enhanced + One-Step,NYSE:CHGG,0.0
2022-06-27,17,AR1 alpha + Enhanced + One-Step,NYSE:CHGG,0.0
2022-06-28,17,AR1 alpha + Enhanced + One-Step,NYSE:CHGG,0.0
2022-06-29,17,AR1 alpha + Enhanced + One-Step,NYSE:CHGG,0.0
2022-06-30,17,AR1 alpha + Enhanced + One-Step,NYSE:CHGG,8.304613832738002e-08
2022-07-01,17,AR1 alpha + Enhanced + One-Step,NYSE:CHGG,5.0591661146593876e-08
2022-07-05,17,AR1 alpha + Enhanced + One-Step,NYSE:CHGG,5.764773298188054e-09
2022-07-06,17,AR1 alpha + Enhanced + One-Step,NYSE:CHGG,0.0
2022-07-07,17,AR1 alpha + Enhanced + One-Step,NYSE:CHGG,0.0
2022-07-08,17,AR1 alpha + Enhanced + One-Step,NYSE:CHGG,0.0
2022-07-11,17,AR1 alpha + Enhanced + One-Step,NYSE:CHGG,0.0
2022-07-12,17,AR1 alpha + Enhanced + One-Step,NYSE:CHGG,0.0
2022-07-13,17,AR1 alpha + Enhanced + One-Step,NYSE:CHGG,0.0
2022-07-14,17,AR1 alpha + Enhanced + One-Step,NYSE:CHGG,2.1575747683312574e-09
2022-07-15,17,AR1 alpha + Enhanced + One-Step,NYSE:CHGG,1.636515481327115e-08
2022-07-18,17,AR1 alpha + Enhanced + One-Step,NYSE:CHGG,0.0
2022-07-19,17,AR1 alpha + Enhanced + One-Step,NYSE:CHGG,0.0
2022-07-20,17,AR1 alpha + Enhanced + One-Step,NYSE:CHGG,0.0
2022-07-21,17,AR1 alpha + Enhanced + One-Step,NYSE:CHGG,0.0
2022-07-22,17,AR1 alpha + Enhanced + One-Step,NYSE:CHGG,0.0
2022-07-25,17,AR1 alpha + Enhanced + One-Step,NYSE:CHGG,3.391788661947087e-07
2022-07-26,17,AR1 alpha + Enhanced + One-Step,NYSE:CHGG,1.1816521332454514e-07
2022-07-27,17,AR1 alpha + Enhanced + One-Step,NYSE:CHGG,0.0
2022-07-28,17,AR1 alpha + Enhanced + One-Step,NYSE:CHGG,2.990520445289677e-08
2022-07-29,17,AR1 alpha + Enhanced + One-Step,NYSE:CHGG,0.0
2022-08-01,17,AR1 alpha + Enhanced + One-Step,NYSE:CHGG,0.0
2022-08-02,17,AR1 alpha + Enhanced + One-Step,NYSE:CHGG,0.0
2022-08-03,17,AR1 alpha + Enhanced + One-Step,NYSE:CHGG,0.0
2022-08-04,17,AR1 alpha + Enhanced + One-Step,NYSE:CHGG,2.4534618775542326e-07
2022-08-05,17,AR1 alpha + Enhanced + One-Step,NYSE:CHGG,3.8900208191638674e-08
2022-08-08,17,AR1 alpha + Enhanced + One-Step,NYSE:CHGG,0.0
2022-08-09,17,AR1 alpha + Enhanced + One-Step,NYSE:CHGG,1.8528852584809418e-07
2022-08-10,17,AR1 alpha + Enhanced + One-Step,NYSE:CHGG,0.0
2022-08-11,17,AR1 alpha + Enhanced + One-Step,NYSE:CHGG,0.0
2022-08-12,17,AR1 alpha + Enhanced + One-Step,NYSE:CHGG,0.0
2022-08-15,17,AR1 alpha + Enhanced + One-Step,NYSE:CHGG,0.0
2022-08-16,17,AR1 alpha + Enhanced + One-Step,NYSE:CHGG,4.254026583283689e-09
2022-08-17,17,AR1 alpha + Enhanced + One-Step,NYSE:CHGG,2.598903219759248e-07
2022-08-18,17,AR1 alpha + Enhanced + One-Step,NYSE:CHGG,0.0
2022-08-19,17,AR1 alpha + Enhanced + One-Step,NYSE:CHGG,0.0
2022-08-22,17,AR1 alpha + Enhanced + One-Step,NYSE:CHGG,1.289523801539588e-07
2022-08-23,17,AR1 alpha + Enhanced + One-Step,NYSE:CHGG,9.546099799251285e-08
2022-08-24,17,AR1 alpha + Enhanced + One-Step,NYSE:CHGG,0.0
2022-08-25,17,AR1 alpha + Enhanced + One-Step,NYSE:CHGG,0.0
2022-08-26,17,AR1 alpha + Enhanced + One-Step,NYSE:CHGG,0.0
2022-08-29,17,AR1 alpha + Enhanced + One-Step,NYSE:CHGG,2.838738300559177e-08
2022-08-30,17,AR1 alpha + Enhanced + One-Step,NYSE:CHGG,0.0
2022-08-31,17,AR1 alpha + Enhanced + One-Step,NYSE:CHGG,0.0
2022-09-01,17,AR1 alpha + Enhanced + One-Step,NYSE:CHGG,9.57659430549212e-08
2022-09-02,17,AR1 alpha + Enhanced + One-Step,NYSE:CHGG,2.5281299554573546e-08
2022-09-06,17,AR1 alpha + Enhanced + One-Step,NYSE:CHGG,0.0
2022-09-07,17,AR1 alpha + Enhanced + One-Step,NYSE:CHGG,0.0
2022-09-08,17,AR1 alpha + Enhanced + One-Step,NYSE:CHGG,4.257857758062187e-08
2022-09-09,17,AR1 alpha + Enhanced + One-Step,NYSE:CHGG,0.0
2022-09-12,17,AR1 alpha + Enhanced + One-Step,NYSE:CHGG,0.0
2022-09-13,17,AR1 alpha + Enhanced + One-Step,NYSE:CHGG,0.0
2022-09-14,17,AR1 alpha + Enhanced + One-Step,NYSE:CHGG,0.0
2022-09-15,17,AR1 alpha + Enhanced + One-Step,NYSE:CHGG,0.0
2022-09-16,17,AR1 alpha + Enhanced + One-Step,NYSE:CHGG,3.059284272841497e-08
2022-09-19,17,AR1 alpha + Enhanced + One-Step,NYSE:CHGG,0.0
2022-09-20,17,AR1 alpha + Enhanced + One-Step,NYSE:CHGG,4.1711695756425385e-08
2022-09-21,17,AR1 alpha + Enhanced + One-Step,NYSE:CHGG,0.0
2022-09-22,17,AR1 alpha + Enhanced + One-Step,NYSE:CHGG,0.0
2022-09-23,17,AR1 alpha + Enhanced + One-Step,NYSE:CHGG,3.7702841060740226e-08
2022-09-26,17,AR1 alpha + Enhanced + One-Step,NYSE:CHGG,0.0
2022-09-27,17,AR1 alpha + Enhanced + One-Step,NYSE:CHGG,2.0870503967845742e-08
2022-09-28,17,AR1 alpha + Enhanced + One-Step,NYSE:CHGG,0.0
2022-09-29,17,AR1 alpha + Enhanced + One-Step,NYSE:CHGG,1.161892776270359e-07
2022-09-30,17,AR1 alpha + Enhanced + One-Step,NYSE:CHGG,0.0
2022-10-03,17,AR1 alpha + Enhanced + One-Step,NYSE:CHGG,6.144431173288756e-10
2022-10-04,17,AR1 alpha + Enhanced + One-Step,NYSE:CHGG,1.112643330017186e-07
2022-10-05,17,AR1 alpha + Enhanced + One-Step,NYSE:CHGG,0.0
2022-10-06,17,AR1 alpha + Enhanced + One-Step,NYSE:CHGG,0.0
2022-10-07,17,AR1 alpha + Enhanced + One-Step,NYSE:CHGG,9.424034550989764e-09
2022-10-10,17,AR1 alpha + Enhanced + One-Step,NYSE:CHGG,0.0
2022-10-11,17,AR1 alpha + Enhanced + One-Step,NYSE:CHGG,0.0
2022-10-12,17,AR1 alpha + Enhanced + One-Step,NYSE:CHGG,0.0
2022-10-13,17,AR1 alpha + Enhanced + One-Step,NYSE:CHGG,5.340337270599913e-07
2022-10-14,17,AR1 alpha + Enhanced + One-Step,NYSE:CHGG,1.242466741669719e-07
2022-10-17,17,AR1 alpha + Enhanced + One-Step,NYSE:CHGG,0.0
2022-10-18,17,AR1 alpha + Enhanced + One-Step,NYSE:CHGG,0.0
2022-10-19,17,AR1 alpha + Enhanced + One-Step,NYSE:CHGG,0.0
2022-10-20,17,AR1 alpha + Enhanced + One-Step,NYSE:CHGG,0.0
2022-10-21,17,AR1 alpha + Enhanced + One-Step,NYSE:CHGG,1.3341318554601788e-08
2022-10-24,17,AR1 alpha + Enhanced + One-Step,NYSE:CHGG,0.0
2022-10-25,17,AR1 alpha + Enhanced + One-Step,NYSE:CHGG,0.0
2022-10-26,17,AR1 alpha + Enhanced + One-Step,NYSE:CHGG,3.005013159233269e-08
2022-10-27,17,AR1 alpha + Enhanced + One-Step,NYSE:CHGG,0.0
2022-10-28,17,AR1 alpha + Enhanced + One-Step,NYSE:CHGG,0.0
2022-10-31,17,AR1 alpha + Enhanced + One-Step,NYSE:CHGG,0.0
2022-11-01,17,AR1 alpha + Enhanced + One-Step,NYSE:CHGG,0.0
2022-11-02,17,AR1 alpha + Enhanced + One-Step,NYSE:CHGG,1.1696051547134866e-08
2022-11-03,17,AR1 alpha + Enhanced + One-Step,NYSE:CHGG,4.158966660658087e-07
2022-11-04,17,AR1 alpha + Enhanced + One-Step,NYSE:CHGG,3.153384196177359e-08
2022-11-07,17,AR1 alpha + Enhanced + One-Step,NYSE:CHGG,0.0
2022-11-08,17,AR1 alpha + Enhanced + One-Step,NYSE:CHGG,3.3684632633989214e-08
2022-11-09,17,AR1 alpha + Enhanced + One-Step,NYSE:CHGG,0.0
2022-11-10,17,AR1 alpha + Enhanced + One-Step,NYSE:CHGG,4.401519725485288e-09
2022-11-11,17,AR1 alpha + Enhanced + One-Step,NYSE:CHGG,0.0
2022-11-14,17,AR1 alpha + Enhanced + One-Step,NYSE:CHGG,0.0
2022-11-15,17,AR1 alpha + Enhanced + One-Step,NYSE:CHGG,7.69141833822405e-09
2022-11-16,17,AR1 alpha + Enhanced + One-Step,NYSE:CHGG,0.0
2022-11-17,17,AR1 alpha + Enhanced + One-Step,NYSE:CHGG,0.0
2022-11-18,17,AR1 alpha + Enhanced + One-Step,NYSE:CHGG,1.64366166774618e-08
2022-11-21,17,AR1 alpha + Enhanced + One-Step,NYSE:CHGG,0.0
2022-11-22,17,AR1 alpha + Enhanced + One-Step,NYSE:CHGG,0.015333128283593154
2022-11-23,17,AR1 alpha + Enhanced + One-Step,NYSE:CHGG,0.018183084849617864
2022-11-25,17,AR1 alpha + Enhanced + One-Step,NYSE:CHGG,0.028389649489571758
2022-11-28,17,AR1 alpha + Enhanced + One-Step,NYSE:CHGG,0.02974313845918142
2022-11-29,17,AR1 alpha + Enhanced + One-Step,NYSE:CHGG,0.041687681157857204
2022-11-30,17,AR1 alpha + Enhanced + One-Step,NYSE:CHGG,0.01668810672318133
2022-12-01,17,AR1 alpha + Enhanced + One-Step,NYSE:CHGG,0.0007029566798550027
2022-12-02,17,AR1 alpha + Enhanced + One-Step,NYSE:CHGG,0.000703010373296821
2022-12-05,17,AR1 alpha + Enhanced + One-Step,NYSE:CHGG,0.025645642029333417
2022-12-06,17,AR1 alpha + Enhanced + One-Step,NYSE:CHGG,0.040215513235557596
2022-12-07,17,AR1 alpha + Enhanced + One-Step,NYSE:CHGG,0.06012122234538358
2022-12-08,17,AR1 alpha + Enhanced + One-Step,NYSE:CHGG,0.05929568750170588
2022-12-09,17,AR1 alpha + Enhanced + One-Step,NYSE:CHGG,0.07267066172742963
2022-12-12,17,AR1 alpha + Enhanced + One-Step,NYSE:CHGG,0.07163600886318353
2022-12-13,17,AR1 alpha + Enhanced + One-Step,NYSE:CHGG,0.05791521796242872
2022-12-14,17,AR1 alpha + Enhanced + One-Step,NYSE:CHGG,0.033017559850135804
2022-12-15,17,AR1 alpha + Enhanced + One-Step,NYSE:CHGG,0.04159308344595316
2022-12-16,17,AR1 alpha + Enhanced + One-Step,NYSE:CHGG,0.04159048523463592
2022-12-19,17,AR1 alpha + Enhanced + One-Step,NYSE:CHGG,0.04537753972763257
2022-12-20,17,AR1 alpha + Enhanced + One-Step,NYSE:CHGG,0.065789769748705
2022-12-21,17,AR1 alpha + Enhanced + One-Step,NYSE:CHGG,0.06578986903881923
2022-12-22,17,AR1 alpha + Enhanced + One-Step,NYSE:CHGG,0.08602237413486107
2022-12-23,17,AR1 alpha + Enhanced + One-Step,NYSE:CHGG,0.0860224520088403
2022-12-27,17,AR1 alpha + Enhanced + One-Step,NYSE:CHGG,0.09824646943423707
2022-12-28,17,AR1 alpha + Enhanced + One-Step,NYSE:CHGG,0.09824644850980642
2022-12-29,17,AR1 alpha + Enhanced + One-Step,NYSE:CHGG,0.08285086081629893
2022-12-30,17,AR1 alpha + Enhanced + One-Step,NYSE:CHGG,0.07471031403889943
2023-01-03,17,AR1 alpha + Enhanced + One-Step,NYSE:CHGG,0.06441898802843762
2023-01-04,17,AR1 alpha + Enhanced + One-Step,NYSE:CHGG,0.05021715085718612
2023-01-05,17,AR1 alpha + Enhanced + One-Step,NYSE:CHGG,0.025178655078748405
2023-01-06,17,AR1 alpha + Enhanced + One-Step,NYSE:CHGG,0.025178580971726747
2023-01-09,17,AR1 alpha + Enhanced + One-Step,NYSE:CHGG,0.04310283437508417
2023-01-10,17,AR1 alpha + Enhanced + One-Step,NYSE:CHGG,0.03454247445866706
2023-01-11,17,AR1 alpha + Enhanced + One-Step,NYSE:CHGG,0.055114391172434087
2023-01-12,17,AR1 alpha + Enhanced + One-Step,NYSE:CHGG,0.06074350036774088
2023-01-13,17,AR1 alpha + Enhanced + One-Step,NYSE:CHGG,0.060740036244566274
2023-01-17,17,AR1 alpha + Enhanced + One-Step,NYSE:CHGG,0.060257622001396983
2023-01-18,17,AR1 alpha + Enhanced + One-Step,NYSE:CHGG,0.08526590741698864
2023-01-19,17,AR1 alpha + Enhanced + One-Step,NYSE:CHGG,0.09999878752689109
2023-01-20,17,AR1 alpha + Enhanced + One-Step,NYSE:CHGG,0.09999820985057561
2023-01-23,17,AR1 alpha + Enhanced + One-Step,NYSE:CHGG,0.09974372879223287
2023-01-24,17,AR1 alpha + Enhanced + One-Step,NYSE:CHGG,0.09974366441607065
2023-01-25,17,AR1 alpha + Enhanced + One-Step,NYSE:CHGG,0.1000001181709005
2023-01-26,17,AR1 alpha + Enhanced + One-Step,NYSE:CHGG,0.08374942945689205
2023-01-27,17,AR1 alpha + Enhanced + One-Step,NYSE:CHGG,0.05882287542493253
2023-01-30,17,AR1 alpha + Enhanced + One-Step,NYSE:CHGG,0.0338086755307508
2023-01-31,17,AR1 alpha + Enhanced + One-Step,NYSE:CHGG,0.02700000155704144
2023-02-01,17,AR1 alpha + Enhanced + One-Step,NYSE:CHGG,0.010902675245980214
2023-02-02,17,AR1 alpha + Enhanced + One-Step,NYSE:CHGG,0.01090458203389858
2023-02-03,17,AR1 alpha + Enhanced + One-Step,NYSE:CHGG,0.007256222508380087
2023-02-06,17,AR1 alpha + Enhanced + One-Step,NYSE:CHGG,0.007257111048085396
2023-02-07,17,AR1 alpha + Enhanced + One-Step,NYSE:CHGG,0.03225743689997115
2023-02-08,17,AR1 alpha + Enhanced + One-Step,NYSE:CHGG,0.05727392815702824
2023-02-09,17,AR1 alpha + Enhanced + One-Step,NYSE:CHGG,0.08227906970968347
2023-02-10,17,AR1 alpha + Enhanced + One-Step,NYSE:CHGG,0.08227759417834342
2023-02-13,17,AR1 alpha + Enhanced + One-Step,NYSE:CHGG,0.08227767849259011
2023-02-14,17,AR1 alpha + Enhanced + One-Step,NYSE:CHGG,0.06416123153052361
2023-02-15,17,AR1 alpha + Enhanced + One-Step,NYSE:CHGG,0.03915492251705699
2023-02-16,17,AR1 alpha + Enhanced + One-Step,NYSE:CHGG,0.03915238506202966
2023-02-17,17,AR1 alpha + Enhanced + One-Step,NYSE:CHGG,0.0391496681970139
2023-02-21,17,AR1 alpha + Enhanced + One-Step,NYSE:CHGG,0.048929833857617414
2023-02-22,17,AR1 alpha + Enhanced + One-Step,NYSE:CHGG,0.0489282274994472
2023-02-23,17,AR1 alpha + Enhanced + One-Step,NYSE:CHGG,0.036270705371366584
2023-02-24,17,AR1 alpha + Enhanced + One-Step,NYSE:CHGG,0.011174183247938502
2023-02-27,17,AR1 alpha + Enhanced + One-Step,NYSE:CHGG,0.004928555516483096
2023-02-28,17,AR1 alpha + Enhanced + One-Step,NYSE:CHGG,9.553922302251521e-07
2023-03-01,17,AR1 alpha + Enhanced + One-Step,NYSE:CHGG,6.794191668899988e-07
2023-03-02,17,AR1 alpha + Enhanced + One-Step,NYSE:CHGG,1.4791749809345017e-07
2023-03-03,17,AR1 alpha + Enhanced + One-Step,NYSE:CHGG,0.0
2023-03-06,17,AR1 alpha + Enhanced + One-Step,NYSE:CHGG,0.0
2023-03-07,17,AR1 alpha + Enhanced + One-Step,NYSE:CHGG,5.280135551916831e-08
2023-03-08,17,AR1 alpha + Enhanced + One-Step,NYSE:CHGG,0.0
2023-03-09,17,AR1 alpha + Enhanced + One-Step,NYSE:CHGG,0.0
2023-03-10,17,AR1 alpha + Enhanced + One-Step,NYSE:CHGG,0.0
2023-03-13,17,AR1 alpha + Enhanced + One-Step,NYSE:CHGG,0.0
2023-03-14,17,AR1 alpha + Enhanced + One-Step,NYSE:CHGG,0.0
2023-03-15,17,AR1 alpha + Enhanced + One-Step,NYSE:CHGG,0.0
2023-03-16,17,AR1 alpha + Enhanced + One-Step,NYSE:CHGG,3.1416093845996122e-09
2023-03-17,17,AR1 alpha + Enhanced + One-Step,NYSE:CHGG,0.0
2023-03-20,17,AR1 alpha + Enhanced + One-Step,NYSE:CHGG,0.0
2023-03-21,17,AR1 alpha + Enhanced + One-Step,NYSE:CHGG,0.0
2023-03-22,17,AR1 alpha + Enhanced + One-Step,NYSE:CHGG,0.0
2023-03-23,17,AR1 alpha + Enhanced + One-Step,NYSE:CHGG,0.0
2023-03-24,17,AR1 alpha + Enhanced + One-Step,NYSE:CHGG,0.0
2023-03-27,17,AR1 alpha + Enhanced + One-Step,NYSE:CHGG,0.0
2023-03-28,17,AR1 alpha + Enhanced + One-Step,NYSE:CHGG,0.0
2023-03-29,17,AR1 alpha + Enhanced + One-Step,NYSE:CHGG,3.99634552024075e-09
2023-03-30,17,AR1 alpha + Enhanced + One-Step,NYSE:CHGG,7.923113006921045e-09
2023-03-31,17,AR1 alpha + Enhanced + One-Step,NYSE:CHGG,6.207551519617889e-08
2023-04-03,17,AR1 alpha + Enhanced + One-Step,NYSE:CHGG,0.0
2023-04-04,17,AR1 alpha + Enhanced + One-Step,NYSE:CHGG,0.0
2023-04-05,17,AR1 alpha + Enhanced + One-Step,NYSE:CHGG,0.0
2023-04-06,17,AR1 alpha + Enhanced + One-Step,NYSE:CHGG,1.1743977119454135e-07
2023-04-10,17,AR1 alpha + Enhanced + One-Step,NYSE:CHGG,4.833872206574852e-07
2023-04-11,17,AR1 alpha + Enhanced + One-Step,NYSE:CHGG,0.0
2023-04-12,17,AR1 alpha + Enhanced + One-Step,NYSE:CHGG,0.0
2023-04-13,17,AR1 alpha + Enhanced + One-Step,NYSE:CHGG,0.0
2023-04-14,17,AR1 alpha + Enhanced + One-Step,NYSE:CHGG,0.0
2023-04-17,17,AR1 alpha + Enhanced + One-Step,NYSE:CHGG,2.6992110457376983e-08
2023-04-18,17,AR1 alpha + Enhanced + One-Step,NYSE:CHGG,0.0
2023-04-19,17,AR1 alpha + Enhanced + One-Step,NYSE:CHGG,0.0
2023-04-20,17,AR1 alpha + Enhanced + One-Step,NYSE:CHGG,0.0
2023-04-21,17,AR1 alpha + Enhanced + One-Step,NYSE:CHGG,0.0
2023-04-24,17,AR1 alpha + Enhanced + One-Step,NYSE:CHGG,0.0
2023-04-25,17,AR1 alpha + Enhanced + One-Step,NYSE:CHGG,0.0
2023-04-26,17,AR1 alpha + Enhanced + One-Step,NYSE:CHGG,0.0
2023-04-27,17,AR1 alpha + Enhanced + One-Step,NYSE:CHGG,0.0
2023-04-28,17,AR1 alpha + Enhanced + One-Step,NYSE:CHGG,0.0
2023-05-01,17,AR1 alpha + Enhanced + One-Step,NYSE:CHGG,0.0
2023-05-02,17,AR1 alpha + Enhanced + One-Step,NYSE:CHGG,0.02500393950789603
2023-05-03,17,AR1 alpha + Enhanced + One-Step,NYSE:CHGG,0.05000189791601648
2023-05-04,17,AR1 alpha + Enhanced + One-Step,NYSE:CHGG,0.07500299584154482
2023-05-05,17,AR1 alpha + Enhanced + One-Step,NYSE:CHGG,0.09999999161104713
2023-05-08,17,AR1 alpha + Enhanced + One-Step,NYSE:CHGG,0.09999949872617889
2023-05-09,17,AR1 alpha + Enhanced + One-Step,NYSE:CHGG,0.09999979413108233
2023-05-10,17,AR1 alpha + Enhanced + One-Step,NYSE:CHGG,0.0999998022581493
2023-05-11,17,AR1 alpha + Enhanced + One-Step,NYSE:CHGG,0.0999999443889091
2023-05-12,17,AR1 alpha + Enhanced + One-Step,NYSE:CHGG,0.08775239681669585
2023-05-15,17,AR1 alpha + Enhanced + One-Step,NYSE:CHGG,0.0747896398123665
2023-05-16,17,AR1 alpha + Enhanced + One-Step,NYSE:CHGG,0.07565541334999475
2023-05-17,17,AR1 alpha + Enhanced + One-Step,NYSE:CHGG,0.07565485572441426
2023-05-18,17,AR1 alpha + Enhanced + One-Step,NYSE:CHGG,0.0505683172218302
2023-05-19,17,AR1 alpha + Enhanced + One-Step,NYSE:CHGG,0.04211048568113606
2023-05-22,17,AR1 alpha + Enhanced + One-Step,NYSE:CHGG,0.017112720646938626
2023-05-23,17,AR1 alpha + Enhanced + One-Step,NYSE:CHGG,0.0012551391901660155
2023-05-24,17,AR1 alpha + Enhanced + One-Step,NYSE:CHGG,0.0
2023-05-25,17,AR1 alpha + Enhanced + One-Step,NYSE:CHGG,0.0
2023-05-26,17,AR1 alpha + Enhanced + One-Step,NYSE:CHGG,0.0
2023-05-30,17,AR1 alpha + Enhanced + One-Step,NYSE:CHGG,0.0
2023-05-31,17,AR1 alpha + Enhanced + One-Step,NYSE:CHGG,2.3301781120688306e-07
2023-06-01,17,AR1 alpha + Enhanced + One-Step,NYSE:CHGG,0.0
2023-06-02,17,AR1 alpha + Enhanced + One-Step,NYSE:CHGG,0.0
2023-06-05,17,AR1 alpha + Enhanced + One-Step,NYSE:CHGG,0.0
2023-06-06,17,AR1 alpha + Enhanced + One-Step,NYSE:CHGG,1.5240646726450036e-06
2023-06-07,17,AR1 alpha + Enhanced + One-Step,NYSE:CHGG,2.6759102841419207e-07
2023-06-08,17,AR1 alpha + Enhanced + One-Step,NYSE:CHGG,0.0
2023-06-09,17,AR1 alpha + Enhanced + One-Step,NYSE:CHGG,0.0
2023-06-12,17,AR1 alpha + Enhanced + One-Step,NYSE:CHGG,0.0
2023-06-13,17,AR1 alpha + Enhanced + One-Step,NYSE:CHGG,0.0
2023-06-14,17,AR1 alpha + Enhanced + One-Step,NYSE:CHGG,0.0
2023-06-15,17,AR1 alpha + Enhanced + One-Step,NYSE:CHGG,0.0
2023-06-16,17,AR1 alpha + Enhanced + One-Step,NYSE:CHGG,0.0001790424269233596
2023-06-20,17,AR1 alpha + Enhanced + One-Step,NYSE:CHGG,0.005529932008501019
2023-06-21,17,AR1 alpha + Enhanced + One-Step,NYSE:CHGG,0.005756638524793713
2023-06-22,17,AR1 alpha + Enhanced + One-Step,NYSE:CHGG,0.018249796049500652
2023-06-23,17,AR1 alpha + Enhanced + One-Step,NYSE:CHGG,0.03627609314199041
2023-06-26,17,AR1 alpha + Enhanced + One-Step,NYSE:CHGG,0.03627573533037601
2023-06-27,17,AR1 alpha + Enhanced + One-Step,NYSE:CHGG,0.03253979691971778
2023-06-28,17,AR1 alpha + Enhanced + One-Step,NYSE:CHGG,0.008429733476971402
2023-06-29,17,AR1 alpha + Enhanced + One-Step,NYSE:CHGG,0.0
2023-06-30,17,AR1 alpha + Enhanced + One-Step,NYSE:CHGG,0.0
2023-07-03,17,AR1 alpha + Enhanced + One-Step,NYSE:CHGG,0.0
2023-07-05,17,AR1 alpha + Enhanced + One-Step,NYSE:CHGG,0.0
2023-07-06,17,AR1 alpha + Enhanced + One-Step,NYSE:CHGG,5.217246735665641e-08
2023-07-07,17,AR1 alpha + Enhanced + One-Step,NYSE:CHGG,0.0
2023-07-10,17,AR1 alpha + Enhanced + One-Step,NYSE:CHGG,3.027077697189724e-08
2023-07-11,17,AR1 alpha + Enhanced + One-Step,NYSE:CHGG,0.0
2023-07-12,17,AR1 alpha + Enhanced + One-Step,NYSE:CHGG,2.330899909540245e-08
2023-07-13,17,AR1 alpha + Enhanced + One-Step,NYSE:CHGG,0.0
2023-07-14,17,AR1 alpha + Enhanced + One-Step,NYSE:CHGG,0.0
2023-07-17,17,AR1 alpha + Enhanced + One-Step,NYSE:CHGG,0.0
2023-07-18,17,AR1 alpha + Enhanced + One-Step,NYSE:CHGG,1.6556199993914443e-07
2023-07-19,17,AR1 alpha + Enhanced + One-Step,NYSE:CHGG,0.0
2023-07-20,17,AR1 alpha + Enhanced + One-Step,NYSE:CHGG,0.0
2023-07-21,17,AR1 alpha + Enhanced + One-Step,NYSE:CHGG,0.0
2023-07-24,17,AR1 alpha + Enhanced + One-Step,NYSE:CHGG,2.2084778883575796e-08
2023-07-25,17,AR1 alpha + Enhanced + One-Step,NYSE:CHGG,0.0
2023-07-26,17,AR1 alpha + Enhanced + One-Step,NYSE:CHGG,0.0
2023-07-27,17,AR1 alpha + Enhanced + One-Step,NYSE:CHGG,0.0
2023-08-01,17,AR1 alpha + Enhanced + One-Step,NYSE:CHGG,3.928354698357486e-07
2023-08-02,17,AR1 alpha + Enhanced + One-Step,NYSE:CHGG,1.1297141171677688e-07
2023-08-03,17,AR1 alpha + Enhanced + One-Step,NYSE:CHGG,7.273687925607558e-08
2023-08-04,17,AR1 alpha + Enhanced + One-Step,NYSE:CHGG,8.679519734027501e-07
2023-08-07,17,AR1 alpha + Enhanced + One-Step,NYSE:CHGG,7.728543451545423e-08
2023-08-08,17,AR1 alpha + Enhanced + One-Step,NYSE:CHGG,0.0
2023-08-09,17,AR1 alpha + Enhanced + One-Step,NYSE:CHGG,0.0
2023-08-10,17,AR1 alpha + Enhanced + One-Step,NYSE:CHGG,0.0
2023-08-11,17,AR1 alpha + Enhanced + One-Step,NYSE:CHGG,0.0
2023-08-14,17,AR1 alpha + Enhanced + One-Step,NYSE:CHGG,0.0
2023-08-15,17,AR1 alpha + Enhanced + One-Step,NYSE:CHGG,5.333589876637806e-08
2023-08-16,17,AR1 alpha + Enhanced + One-Step,NYSE:CHGG,6.393456095961639e-08
2023-08-17,17,AR1 alpha + Enhanced + One-Step,NYSE:CHGG,0.0
2023-08-18,17,AR1 alpha + Enhanced + One-Step,NYSE:CHGG,0.0
2023-08-21,17,AR1 alpha + Enhanced + One-Step,NYSE:CHGG,0.0
2023-08-22,17,AR1 alpha + Enhanced + One-Step,NYSE:CHGG,0.0
2023-08-23,17,AR1 alpha + Enhanced + One-Step,NYSE:CHGG,0.0
2023-08-24,17,AR1 alpha + Enhanced + One-Step,NYSE:CHGG,0.0
2023-08-25,17,AR1 alpha + Enhanced + One-Step,NYSE:CHGG,0.0
2023-08-28,17,AR1 alpha + Enhanced + One-Step,NYSE:CHGG,0.0
2023-08-29,17,AR1 alpha + Enhanced + One-Step,NYSE:CHGG,0.0
2023-08-30,17,AR1 alpha + Enhanced + One-Step,NYSE:CHGG,0.0
2023-08-31,17,AR1 alpha + Enhanced + One-Step,NYSE:CHGG,1.2780144285481944e-08
2023-09-01,17,AR1 alpha + Enhanced + One-Step,NYSE:CHGG,0.0
2023-09-05,17,AR1 alpha + Enhanced + One-Step,NYSE:CHGG,0.0
2023-09-06,17,AR1 alpha + Enhanced + One-Step,NYSE:CHGG,0.0
2023-09-07,17,AR1 alpha + Enhanced + One-Step,NYSE:CHGG,0.0
2023-09-08,17,AR1 alpha + Enhanced + One-Step,NYSE:CHGG,0.0
2023-09-11,17,AR1 alpha + Enhanced + One-Step,NYSE:CHGG,6.741042634203966e-08
2023-09-12,17,AR1 alpha + Enhanced + One-Step,NYSE:CHGG,7.399686360612496e-08
2023-09-13,17,AR1 alpha + Enhanced + One-Step,NYSE:CHGG,0.0
2023-09-14,17,AR1 alpha + Enhanced + One-Step,NYSE:CHGG,0.0
2023-09-15,17,AR1 alpha + Enhanced + One-Step,NYSE:CHGG,1.6808657317602253e-07
2023-09-18,17,AR1 alpha + Enhanced + One-Step,NYSE:CHGG,1.2551641690408831e-08
2023-09-19,17,AR1 alpha + Enhanced + One-Step,NYSE:CHGG,1.393912666260917e-08
2023-09-20,17,AR1 alpha + Enhanced + One-Step,NYSE:CHGG,7.2177575945430334e-09
2023-09-21,17,AR1 alpha + Enhanced + One-Step,NYSE:CHGG,0.007292071326115747
2023-09-22,17,AR1 alpha + Enhanced + One-Step,NYSE:CHGG,0.0
2023-09-25,17,AR1 alpha + Enhanced + One-Step,NYSE:CHGG,0.0
2023-09-26,17,AR1 alpha + Enhanced + One-Step,NYSE:CHGG,0.0
2023-09-27,17,AR1 alpha + Enhanced + One-Step,NYSE:CHGG,1.455461341941095e-11
2023-09-28,17,AR1 alpha + Enhanced + One-Step,NYSE:CHGG,0.0
2023-09-29,17,AR1 alpha + Enhanced + One-Step,NYSE:CHGG,0.0
2023-10-02,17,AR1 alpha + Enhanced + One-Step,NYSE:CHGG,0.0
2023-10-03,17,AR1 alpha + Enhanced + One-Step,NYSE:CHGG,0.0
2023-10-04,17,AR1 alpha + Enhanced + One-Step,NYSE:CHGG,0.0
2023-10-05,17,AR1 alpha + Enhanced + One-Step,NYSE:CHGG,0.0
2023-10-06,17,AR1 alpha + Enhanced + One-Step,NYSE:CHGG,0.0
2023-10-09,17,AR1 alpha + Enhanced + One-Step,NYSE:CHGG,0.0
2023-10-10,17,AR1 alpha + Enhanced + One-Step,NYSE:CHGG,0.0
2023-10-11,17,AR1 alpha + Enhanced + One-Step,NYSE:CHGG,0.0
2023-10-12,17,AR1 alpha + Enhanced + One-Step,NYSE:CHGG,5.022677707948908e-10
2023-10-13,17,AR1 alpha + Enhanced + One-Step,NYSE:CHGG,0.0
2023-10-16,17,AR1 alpha + Enhanced + One-Step,NYSE:CHGG,4.327077869526652e-09
2023-10-17,17,AR1 alpha + Enhanced + One-Step,NYSE:CHGG,0.0
2023-10-18,17,AR1 alpha + Enhanced + One-Step,NYSE:CHGG,5.3268150697135306e-08
2023-10-19,17,AR1 alpha + Enhanced + One-Step,NYSE:CHGG,6.25651011087089e-09
2023-10-20,17,AR1 alpha + Enhanced + One-Step,NYSE:CHGG,9.699418626725952e-09
2023-10-23,17,AR1 alpha + Enhanced + One-Step,NYSE:CHGG,0.0
2023-10-24,17,AR1 alpha + Enhanced + One-Step,NYSE:CHGG,2.503425252517934e-09
2023-10-25,17,AR1 alpha + Enhanced + One-Step,NYSE:CHGG,0.0
2023-10-26,17,AR1 alpha + Enhanced + One-Step,NYSE:CHGG,0.0
2023-10-27,17,AR1 alpha + Enhanced + One-Step,NYSE:CHGG,0.0
2023-10-30,17,AR1 alpha + Enhanced + One-Step,NYSE:CHGG,0.0
2023-10-31,17,AR1 alpha + Enhanced + One-Step,NYSE:CHGG,0.015267999984629176
2023-11-01,17,AR1 alpha + Enhanced + One-Step,NYSE:CHGG,0.015267721970761415
2023-11-02,17,AR1 alpha + Enhanced + One-Step,NYSE:CHGG,1.1058820345185012e-06
2023-11-03,17,AR1 alpha + Enhanced + One-Step,NYSE:CHGG,3.838213593928322e-07
2023-11-06,17,AR1 alpha + Enhanced + One-Step,NYSE:CHGG,1.629538273105626e-07
2023-11-07,17,AR1 alpha + Enhanced + One-Step,NYSE:CHGG,0.0
2023-11-08,17,AR1 alpha + Enhanced + One-Step,NYSE:CHGG,0.0
2023-11-09,17,AR1 alpha + Enhanced + One-Step,NYSE:CHGG,0.0
2023-11-10,17,AR1 alpha + Enhanced + One-Step,NYSE:CHGG,0.0
2023-11-13,17,AR1 alpha + Enhanced + One-Step,NYSE:CHGG,0.0
2023-11-14,17,AR1 alpha + Enhanced + One-Step,NYSE:CHGG,9.37401190640091e-07
2023-11-15,17,AR1 alpha + Enhanced + One-Step,NYSE:CHGG,3.6724006262925433e-07
2023-11-16,17,AR1 alpha + Enhanced + One-Step,NYSE:CHGG,1.4471196565411083e-07
2023-11-17,17,AR1 alpha + Enhanced + One-Step,NYSE:CHGG,1.0913638067764758e-08
2023-11-20,17,AR1 alpha + Enhanced + One-Step,NYSE:CHGG,8.632149343173683e-09
2023-11-21,17,AR1 alpha + Enhanced + One-Step,NYSE:CHGG,0.0
2023-11-22,17,AR1 alpha + Enhanced + One-Step,NYSE:CHGG,0.0
2023-11-24,17,AR1 alpha + Enhanced + One-Step,NYSE:CHGG,0.0
2023-11-27,17,AR1 alpha + Enhanced + One-Step,NYSE:CHGG,7.400301479049433e-08
2023-11-28,17,AR1 alpha + Enhanced + One-Step,NYSE:CHGG,2.879999265291112e-08
2023-11-29,17,AR1 alpha + Enhanced + One-Step,NYSE:CHGG,3.177800487431374e-08
2023-11-30,17,AR1 alpha + Enhanced + One-Step,NYSE:CHGG,0.0
2023-12-01,17,AR1 alpha + Enhanced + One-Step,NYSE:CHGG,0.0
2023-12-04,17,AR1 alpha + Enhanced + One-Step,NYSE:CHGG,0.0
2023-12-05,17,AR1 alpha + Enhanced + One-Step,NYSE:CHGG,0.0
2023-12-06,17,AR1 alpha + Enhanced + One-Step,NYSE:CHGG,0.0
2023-12-07,17,AR1 alpha + Enhanced + One-Step,NYSE:CHGG,0.0
2023-12-08,17,AR1 alpha + Enhanced + One-Step,NYSE:CHGG,0.0
2023-12-11,17,AR1 alpha + Enhanced + One-Step,NYSE:CHGG,5.9329633658806346e-08
2023-12-12,17,AR1 alpha + Enhanced + One-Step,NYSE:CHGG,0.0
2023-12-13,17,AR1 alpha + Enhanced + One-Step,NYSE:CHGG,5.355598645170209e-07
2023-12-14,17,AR1 alpha + Enhanced + One-Step,NYSE:CHGG,6.642302586069989e-08
2023-12-15,17,AR1 alpha + Enhanced + One-Step,NYSE:CHGG,1.995908453183379e-08
2023-12-18,17,AR1 alpha + Enhanced + One-Step,NYSE:CHGG,0.0
2023-12-19,17,AR1 alpha + Enhanced + One-Step,NYSE:CHGG,0.0
2023-12-20,17,AR1 alpha + Enhanced + One-Step,NYSE:CHGG,0.0
2023-12-21,17,AR1 alpha + Enhanced + One-Step,NYSE:CHGG,0.0
2023-12-22,17,AR1 alpha + Enhanced + One-Step,NYSE:CHGG,0.0
2023-12-26,17,AR1 alpha + Enhanced + One-Step,NYSE:CHGG,0.0
2023-12-27,17,AR1 alpha + Enhanced + One-Step,NYSE:CHGG,0.0
2023-12-28,17,AR1 alpha + Enhanced + One-Step,NYSE:CHGG,1.0508912689134194e-09
2023-12-29,17,AR1 alpha + Enhanced + One-Step,NYSE:CHGG,1.4393333978114152e-07
2024-01-02,17,AR1 alpha + Enhanced + One-Step,NYSE:CHGG,0.0
2024-01-03,17,AR1 alpha + Enhanced + One-Step,NYSE:CHGG,0.0
2024-01-04,17,AR1 alpha + Enhanced + One-Step,NYSE:CHGG,0.0
2024-01-05,17,AR1 alpha + Enhanced + One-Step,NYSE:CHGG,1.354605149557638e-07
2024-01-08,17,AR1 alpha + Enhanced + One-Step,NYSE:CHGG,2.0584665410613902e-07
2024-01-09,17,AR1 alpha + Enhanced + One-Step,NYSE:CHGG,0.0
2024-01-10,17,AR1 alpha + Enhanced + One-Step,NYSE:CHGG,0.0
2024-01-11,17,AR1 alpha + Enhanced + One-Step,NYSE:CHGG,0.0
2024-01-12,17,AR1 alpha + Enhanced + One-Step,NYSE:CHGG,0.0
2024-01-16,17,AR1 alpha + Enhanced + One-Step,NYSE:CHGG,0.0
2024-01-17,17,AR1 alpha + Enhanced + One-Step,NYSE:CHGG,0.0
2024-01-18,17,AR1 alpha + Enhanced + One-Step,NYSE:CHGG,0.0
2024-01-19,17,AR1 alpha + Enhanced + One-Step,NYSE:CHGG,0.0
2024-01-22,17,AR1 alpha + Enhanced + One-Step,NYSE:CHGG,0.0
2024-01-23,17,AR1 alpha + Enhanced + One-Step,NYSE:CHGG,0.0
2024-01-24,17,AR1 alpha + Enhanced + One-Step,NYSE:CHGG,0.0
2024-01-25,17,AR1 alpha + Enhanced + One-Step,NYSE:CHGG,0.0
2024-01-26,17,AR1 alpha + Enhanced + One-Step,NYSE:CHGG,0.0
2024-01-29,17,AR1 alpha + Enhanced + One-Step,NYSE:CHGG,0.0
2024-01-30,17,AR1 alpha + Enhanced + One-Step,NYSE:CHGG,0.0
2024-01-31,17,AR1 alpha + Enhanced + One-Step,NYSE:CHGG,0.0
2024-02-01,17,AR1 alpha + Enhanced + One-Step,NYSE:CHGG,0.0
2024-02-02,17,AR1 alpha + Enhanced + One-Step,NYSE:CHGG,0.0
2024-02-05,17,AR1 alpha + Enhanced + One-Step,NYSE:CHGG,0.0
2024-02-06,17,AR1 alpha + Enhanced + One-Step,NYSE:CHGG,0.015171752701522115
2024-02-07,17,AR1 alpha + Enhanced + One-Step,NYSE:CHGG,0.01512948146869965
2024-02-08,17,AR1 alpha + Enhanced + One-Step,NYSE:CHGG,0.0
2024-02-09,17,AR1 alpha + Enhanced + One-Step,NYSE:CHGG,0.0
2024-02-12,17,AR1 alpha + Enhanced + One-Step,NYSE:CHGG,0.0
2024-02-13,17,AR1 alpha + Enhanced + One-Step,NYSE:CHGG,1.3542687114734627e-07
2024-02-14,17,AR1 alpha + Enhanced + One-Step,NYSE:CHGG,2.1458394245915196e-07
2024-02-15,17,AR1 alpha + Enhanced + One-Step,NYSE:CHGG,0.0
2024-02-16,17,AR1 alpha + Enhanced + One-Step,NYSE:CHGG,2.232880088002258e-07
2024-02-20,17,AR1 alpha + Enhanced + One-Step,NYSE:CHGG,2.2059153046039677e-07
2024-02-21,17,AR1 alpha + Enhanced + One-Step,NYSE:CHGG,0.0
2024-02-22,17,AR1 alpha + Enhanced + One-Step,NYSE:CHGG,0.0
2024-02-23,17,AR1 alpha + Enhanced + One-Step,NYSE:CHGG,0.0
2024-02-26,17,AR1 alpha + Enhanced + One-Step,NYSE:CHGG,0.0
2024-02-27,17,AR1 alpha + Enhanced + One-Step,NYSE:CHGG,0.0
2024-02-28,17,AR1 alpha + Enhanced + One-Step,NYSE:CHGG,0.0
2024-02-29,17,AR1 alpha + Enhanced + One-Step,NYSE:CHGG,0.0
2024-03-01,17,AR1 alpha + Enhanced + One-Step,NYSE:CHGG,0.0
2024-03-04,17,AR1 alpha + Enhanced + One-Step,NYSE:CHGG,0.0
2024-03-05,17,AR1 alpha + Enhanced + One-Step,NYSE:CHGG,0.0
2024-03-06,17,AR1 alpha + Enhanced + One-Step,NYSE:CHGG,0.0
2024-03-07,17,AR1 alpha + Enhanced + One-Step,NYSE:CHGG,0.0
2024-03-08,17,AR1 alpha + Enhanced + One-Step,NYSE:CHGG,0.0
2024-03-11,17,AR1 alpha + Enhanced + One-Step,NYSE:CHGG,0.0
2024-03-12,17,AR1 alpha + Enhanced + One-Step,NYSE:CHGG,0.0
2024-03-13,17,AR1 alpha + Enhanced + One-Step,NYSE:CHGG,0.0
2024-03-14,17,AR1 alpha + Enhanced + One-Step,NYSE:CHGG,0.0
2024-03-15,17,AR1 alpha + Enhanced + One-Step,NYSE:CHGG,3.443112699704668e-08
2024-03-18,17,AR1 alpha + Enhanced + One-Step,NYSE:CHGG,0.0
2024-03-19,17,AR1 alpha + Enhanced + One-Step,NYSE:CHGG,0.0
2024-03-20,17,AR1 alpha + Enhanced + One-Step,NYSE:CHGG,0.0
2024-03-21,17,AR1 alpha + Enhanced + One-Step,NYSE:CHGG,0.0
2024-03-22,17,AR1 alpha + Enhanced + One-Step,NYSE:CHGG,0.0
2024-03-25,17,AR1 alpha + Enhanced + One-Step,NYSE:CHGG,0.0
2024-03-26,17,AR1 alpha + Enhanced + One-Step,NYSE:CHGG,0.0
2024-03-27,17,AR1 alpha + Enhanced + One-Step,NYSE:CHGG,0.0
2024-03-28,17,AR1 alpha + Enhanced + One-Step,NYSE:CHGG,4.422865097032595e-08
2024-04-01,17,AR1 alpha + Enhanced + One-Step,NYSE:CHGG,5.154029422179842e-08
2024-04-02,17,AR1 alpha + Enhanced + One-Step,NYSE:CHGG,0.0
2024-04-03,17,AR1 alpha + Enhanced + One-Step,NYSE:CHGG,0.0
2024-04-04,17,AR1 alpha + Enhanced + One-Step,NYSE:CHGG,0.0
2024-04-05,17,AR1 alpha + Enhanced + One-Step,NYSE:CHGG,0.0
2024-04-08,17,AR1 alpha + Enhanced + One-Step,NYSE:CHGG,3.3494790035854146e-08
2024-04-09,17,AR1 alpha + Enhanced + One-Step,NYSE:CHGG,0.0
2024-04-10,17,AR1 alpha + Enhanced + One-Step,NYSE:CHGG,0.0
2024-04-11,17,AR1 alpha + Enhanced + One-Step,NYSE:CHGG,0.0
2024-04-12,17,AR1 alpha + Enhanced + One-Step,NYSE:CHGG,0.0
2024-04-15,17,AR1 alpha + Enhanced + One-Step,NYSE:CHGG,0.0
2024-04-16,17,AR1 alpha + Enhanced + One-Step,NYSE:CHGG,0.0
2024-04-17,17,AR1 alpha + Enhanced + One-Step,NYSE:CHGG,2.087174816773759e-08
2024-04-18,17,AR1 alpha + Enhanced + One-Step,NYSE:CHGG,0.0
2024-04-19,17,AR1 alpha + Enhanced + One-Step,NYSE:CHGG,0.0
2020-03-25,17,AR1 alpha + Enhanced + One-Step,NASDAQ:IDXX,0.020000000000007227
2020-03-26,17,AR1 alpha + Enhanced + One-Step,NASDAQ:IDXX,0.02000000000001305
2020-03-27,17,AR1 alpha + Enhanced + One-Step,NASDAQ:IDXX,0.01999998003228387
2020-03-30,17,AR1 alpha + Enhanced + One-Step,NASDAQ:IDXX,0.020001253785592723
2020-03-31,17,AR1 alpha + Enhanced + One-Step,NASDAQ:IDXX,0.020004387245723183
2020-04-01,17,AR1 alpha + Enhanced + One-Step,NASDAQ:IDXX,0.020004377389813987
2020-04-02,17,AR1 alpha + Enhanced + One-Step,NASDAQ:IDXX,0.020000671073991453
2020-04-03,17,AR1 alpha + Enhanced + One-Step,NASDAQ:IDXX,0.020001173659274344
2020-04-06,17,AR1 alpha + Enhanced + One-Step,NASDAQ:IDXX,0.02000169379981509
2020-04-07,17,AR1 alpha + Enhanced + One-Step,NASDAQ:IDXX,0.020003492224489463
2020-04-08,17,AR1 alpha + Enhanced + One-Step,NASDAQ:IDXX,0.020003588713052748
2020-04-09,17,AR1 alpha + Enhanced + One-Step,NASDAQ:IDXX,0.020003565805743025
2020-04-13,17,AR1 alpha + Enhanced + One-Step,NASDAQ:IDXX,0.02000341107942853
2020-04-14,17,AR1 alpha + Enhanced + One-Step,NASDAQ:IDXX,0.02000371372064802
2020-04-15,17,AR1 alpha + Enhanced + One-Step,NASDAQ:IDXX,0.020004362451811857
2020-04-16,17,AR1 alpha + Enhanced + One-Step,NASDAQ:IDXX,0.020004750595615975
2020-04-17,17,AR1 alpha + Enhanced + One-Step,NASDAQ:IDXX,0.020004801161642487
2020-04-20,17,AR1 alpha + Enhanced + One-Step,NASDAQ:IDXX,0.020004639777210245
2020-04-21,17,AR1 alpha + Enhanced + One-Step,NASDAQ:IDXX,0.04500344871748295
2020-04-22,17,AR1 alpha + Enhanced + One-Step,NASDAQ:IDXX,0.04500371438832583
2020-04-23,17,AR1 alpha + Enhanced + One-Step,NASDAQ:IDXX,0.0450033755842651
2020-04-24,17,AR1 alpha + Enhanced + One-Step,NASDAQ:IDXX,0.04500344912421572
2020-04-27,17,AR1 alpha + Enhanced + One-Step,NASDAQ:IDXX,0.045003447814270486
2020-04-28,17,AR1 alpha + Enhanced + One-Step,NASDAQ:IDXX,0.058835042620694965
2020-04-29,17,AR1 alpha + Enhanced + One-Step,NASDAQ:IDXX,0.058835039507628376
2020-04-30,17,AR1 alpha + Enhanced + One-Step,NASDAQ:IDXX,0.05883511640271264
2020-05-01,17,AR1 alpha + Enhanced + One-Step,NASDAQ:IDXX,0.058833894611296525
2020-05-04,17,AR1 alpha + Enhanced + One-Step,NASDAQ:IDXX,0.058833903659972646
2020-05-05,17,AR1 alpha + Enhanced + One-Step,NASDAQ:IDXX,0.05883385875986965
2020-05-06,17,AR1 alpha + Enhanced + One-Step,NASDAQ:IDXX,0.0588338592048568
2020-05-07,17,AR1 alpha + Enhanced + One-Step,NASDAQ:IDXX,0.058833455326414416
2020-05-08,17,AR1 alpha + Enhanced + One-Step,NASDAQ:IDXX,0.0588329915748714
2020-05-11,17,AR1 alpha + Enhanced + One-Step,NASDAQ:IDXX,0.058832861022194996
2020-05-12,17,AR1 alpha + Enhanced + One-Step,NASDAQ:IDXX,0.058832779735079575
2020-05-13,17,AR1 alpha + Enhanced + One-Step,NASDAQ:IDXX,0.061307643825966214
2020-05-14,17,AR1 alpha + Enhanced + One-Step,NASDAQ:IDXX,0.06130420263096995
2020-05-15,17,AR1 alpha + Enhanced + One-Step,NASDAQ:IDXX,0.06182906240627188
2020-05-18,17,AR1 alpha + Enhanced + One-Step,NASDAQ:IDXX,0.06182919501852828
2020-05-19,17,AR1 alpha + Enhanced + One-Step,NASDAQ:IDXX,0.07836943913543089
2020-05-20,17,AR1 alpha + Enhanced + One-Step,NASDAQ:IDXX,0.07836953366298947
2020-05-21,17,AR1 alpha + Enhanced + One-Step,NASDAQ:IDXX,0.09999910536143185
2020-05-22,17,AR1 alpha + Enhanced + One-Step,NASDAQ:IDXX,0.0999995515509183
2020-05-26,17,AR1 alpha + Enhanced + One-Step,NASDAQ:IDXX,0.09999972351573783
2020-05-27,17,AR1 alpha + Enhanced + One-Step,NASDAQ:IDXX,0.09999989783952651
2020-05-28,17,AR1 alpha + Enhanced + One-Step,NASDAQ:IDXX,0.09999994178271308
2020-05-29,17,AR1 alpha + Enhanced + One-Step,NASDAQ:IDXX,0.09999996768196906
2020-06-01,17,AR1 alpha + Enhanced + One-Step,NASDAQ:IDXX,0.10000006023302262
2020-06-02,17,AR1 alpha + Enhanced + One-Step,NASDAQ:IDXX,0.09999996829412376
2020-06-03,17,AR1 alpha + Enhanced + One-Step,NASDAQ:IDXX,0.1000001824248453
2020-06-04,17,AR1 alpha + Enhanced + One-Step,NASDAQ:IDXX,0.09999925664605117
2020-06-05,17,AR1 alpha + Enhanced + One-Step,NASDAQ:IDXX,0.0999988462238522
2020-06-08,17,AR1 alpha + Enhanced + One-Step,NASDAQ:IDXX,0.09999925858300669
2020-06-09,17,AR1 alpha + Enhanced + One-Step,NASDAQ:IDXX,0.09999964155921184
2020-06-10,17,AR1 alpha + Enhanced + One-Step,NASDAQ:IDXX,0.09999983466823857
2020-06-11,17,AR1 alpha + Enhanced + One-Step,NASDAQ:IDXX,0.10000032156149637
2020-06-12,17,AR1 alpha + Enhanced + One-Step,NASDAQ:IDXX,0.1000002048330855
2020-06-15,17,AR1 alpha + Enhanced + One-Step,NASDAQ:IDXX,0.0999998966970455
2020-06-16,17,AR1 alpha + Enhanced + One-Step,NASDAQ:IDXX,0.09999995478771023
2020-06-17,17,AR1 alpha + Enhanced + One-Step,NASDAQ:IDXX,0.09999996552009248
2020-06-18,17,AR1 alpha + Enhanced + One-Step,NASDAQ:IDXX,0.09999994675820807
2020-06-19,17,AR1 alpha + Enhanced + One-Step,NASDAQ:IDXX,0.09999969854580852
2020-06-22,17,AR1 alpha + Enhanced + One-Step,NASDAQ:IDXX,0.0891104141827819
2020-06-23,17,AR1 alpha + Enhanced + One-Step,NASDAQ:IDXX,0.07611608908839546
2020-06-24,17,AR1 alpha + Enhanced + One-Step,NASDAQ:IDXX,0.10000013356453326
2020-06-25,17,AR1 alpha + Enhanced + One-Step,NASDAQ:IDXX,0.07810227377167614
2020-06-26,17,AR1 alpha + Enhanced + One-Step,NASDAQ:IDXX,0.07810197208090174
2020-06-29,17,AR1 alpha + Enhanced + One-Step,NASDAQ:IDXX,0.07810038678843366
2020-06-30,17,AR1 alpha + Enhanced + One-Step,NASDAQ:IDXX,0.08243937354889774
2020-07-01,17,AR1 alpha + Enhanced + One-Step,NASDAQ:IDXX,0.08243609847735406
2020-07-02,17,AR1 alpha + Enhanced + One-Step,NASDAQ:IDXX,0.09958062449806869
2020-07-06,17,AR1 alpha + Enhanced + One-Step,NASDAQ:IDXX,0.09476554721311918
2020-07-07,17,AR1 alpha + Enhanced + One-Step,NASDAQ:IDXX,0.09999871293065242
2020-07-08,17,AR1 alpha + Enhanced + One-Step,NASDAQ:IDXX,0.09999846098796344
2020-07-09,17,AR1 alpha + Enhanced + One-Step,NASDAQ:IDXX,0.09999815526323695
2020-07-10,17,AR1 alpha + Enhanced + One-Step,NASDAQ:IDXX,0.09999837881552273
2020-07-13,17,AR1 alpha + Enhanced + One-Step,NASDAQ:IDXX,0.0999989603556659
2020-07-14,17,AR1 alpha + Enhanced + One-Step,NASDAQ:IDXX,0.09999924505760327
2020-07-15,17,AR1 alpha + Enhanced + One-Step,NASDAQ:IDXX,0.09999990836410932
2020-07-16,17,AR1 alpha + Enhanced + One-Step,NASDAQ:IDXX,0.0999999446196689
2020-07-17,17,AR1 alpha + Enhanced + One-Step,NASDAQ:IDXX,0.09616965402207592
2020-07-20,17,AR1 alpha + Enhanced + One-Step,NASDAQ:IDXX,0.07116913545808257
2020-07-21,17,AR1 alpha + Enhanced + One-Step,NASDAQ:IDXX,0.04615312370634809
2020-07-22,17,AR1 alpha + Enhanced + One-Step,NASDAQ:IDXX,0.021149262699327365
2020-07-23,17,AR1 alpha + Enhanced + One-Step,NASDAQ:IDXX,0.021148864772845395
2020-07-24,17,AR1 alpha + Enhanced + One-Step,NASDAQ:IDXX,0.021149310187230326
2020-07-27,17,AR1 alpha + Enhanced + One-Step,NASDAQ:IDXX,0.021150122548163317
2020-07-28,17,AR1 alpha + Enhanced + One-Step,NASDAQ:IDXX,0.03333158341457022
2020-07-29,17,AR1 alpha + Enhanced + One-Step,NASDAQ:IDXX,0.03333141049942282
2020-07-30,17,AR1 alpha + Enhanced + One-Step,NASDAQ:IDXX,0.03333121500794324
2020-07-31,17,AR1 alpha + Enhanced + One-Step,NASDAQ:IDXX,0.008354840885543825
2020-08-03,17,AR1 alpha + Enhanced + One-Step,NASDAQ:IDXX,0.006067413211310839
2020-08-04,17,AR1 alpha + Enhanced + One-Step,NASDAQ:IDXX,0.0060673988671480095
2020-08-05,17,AR1 alpha + Enhanced + One-Step,NASDAQ:IDXX,0.0060674166403544795
2020-08-06,17,AR1 alpha + Enhanced + One-Step,NASDAQ:IDXX,0.031060484882257378
2020-08-07,17,AR1 alpha + Enhanced + One-Step,NASDAQ:IDXX,0.05608054485033159
2020-08-10,17,AR1 alpha + Enhanced + One-Step,NASDAQ:IDXX,0.0810942132927865
2020-08-11,17,AR1 alpha + Enhanced + One-Step,NASDAQ:IDXX,0.09999935062863433
2020-08-12,17,AR1 alpha + Enhanced + One-Step,NASDAQ:IDXX,0.09999956009267784
2020-08-13,17,AR1 alpha + Enhanced + One-Step,NASDAQ:IDXX,0.09999970746073367
2020-08-14,17,AR1 alpha + Enhanced + One-Step,NASDAQ:IDXX,0.099999806625524
2020-08-17,17,AR1 alpha + Enhanced + One-Step,NASDAQ:IDXX,0.09999795210540262
2020-08-18,17,AR1 alpha + Enhanced + One-Step,NASDAQ:IDXX,0.09999633367375238
2020-08-19,17,AR1 alpha + Enhanced + One-Step,NASDAQ:IDXX,0.09999608334696937
2020-08-20,17,AR1 alpha + Enhanced + One-Step,NASDAQ:IDXX,0.09999707765614449
2020-08-21,17,AR1 alpha + Enhanced + One-Step,NASDAQ:IDXX,0.09999818411668936
2020-08-24,17,AR1 alpha + Enhanced + One-Step,NASDAQ:IDXX,0.09999847360923406
2020-08-25,17,AR1 alpha + Enhanced + One-Step,NASDAQ:IDXX,0.09999906821282495
2020-08-26,17,AR1 alpha + Enhanced + One-Step,NASDAQ:IDXX,0.09999878070438614
2020-08-27,17,AR1 alpha + Enhanced + One-Step,NASDAQ:IDXX,0.09999914152706327
2020-08-28,17,AR1 alpha + Enhanced + One-Step,NASDAQ:IDXX,0.09999941811744034
2020-08-31,17,AR1 alpha + Enhanced + One-Step,NASDAQ:IDXX,0.09999288671760351
2020-09-01,17,AR1 alpha + Enhanced + One-Step,NASDAQ:IDXX,0.09999285749371976
2020-09-02,17,AR1 alpha + Enhanced + One-Step,NASDAQ:IDXX,0.0749896309896715
2020-09-03,17,AR1 alpha + Enhanced + One-Step,NASDAQ:IDXX,0.0999981236031109
2020-09-04,17,AR1 alpha + Enhanced + One-Step,NASDAQ:IDXX,0.09999877575574077
2020-09-08,17,AR1 alpha + Enhanced + One-Step,NASDAQ:IDXX,0.09999920267005087
2020-09-09,17,AR1 alpha + Enhanced + One-Step,NASDAQ:IDXX,0.09999945207770082
2020-09-10,17,AR1 alpha + Enhanced + One-Step,NASDAQ:IDXX,0.09999950745948467
2020-09-11,17,AR1 alpha + Enhanced + One-Step,NASDAQ:IDXX,0.09999969553965596
2020-09-14,17,AR1 alpha + Enhanced + One-Step,NASDAQ:IDXX,0.10000022834704775
2020-09-15,17,AR1 alpha + Enhanced + One-Step,NASDAQ:IDXX,0.10000006867313989
2020-09-16,17,AR1 alpha + Enhanced + One-Step,NASDAQ:IDXX,0.10000002806115815
2020-09-17,17,AR1 alpha + Enhanced + One-Step,NASDAQ:IDXX,0.09999426799465612
2020-09-18,17,AR1 alpha + Enhanced + One-Step,NASDAQ:IDXX,0.09999585390747143
2020-09-21,17,AR1 alpha + Enhanced + One-Step,NASDAQ:IDXX,0.09999689399074942
2020-09-22,17,AR1 alpha + Enhanced + One-Step,NASDAQ:IDXX,0.09999784337335929
2020-09-23,17,AR1 alpha + Enhanced + One-Step,NASDAQ:IDXX,0.0999979014297409
2020-09-24,17,AR1 alpha + Enhanced + One-Step,NASDAQ:IDXX,0.09999666653702974
2020-09-25,17,AR1 alpha + Enhanced + One-Step,NASDAQ:IDXX,0.09455892178436137
2020-09-28,17,AR1 alpha + Enhanced + One-Step,NASDAQ:IDXX,0.09338831588131442
2020-09-29,17,AR1 alpha + Enhanced + One-Step,NASDAQ:IDXX,0.09338753843774694
2020-09-30,17,AR1 alpha + Enhanced + One-Step,NASDAQ:IDXX,0.07779706914117453
2020-10-01,17,AR1 alpha + Enhanced + One-Step,NASDAQ:IDXX,0.07779756985272174
2020-10-02,17,AR1 alpha + Enhanced + One-Step,NASDAQ:IDXX,0.08981321992127649
2020-10-05,17,AR1 alpha + Enhanced + One-Step,NASDAQ:IDXX,0.08981385193094603
2020-10-06,17,AR1 alpha + Enhanced + One-Step,NASDAQ:IDXX,0.10000007038804815
2020-10-07,17,AR1 alpha + Enhanced + One-Step,NASDAQ:IDXX,0.10000084528513001
2020-10-08,17,AR1 alpha + Enhanced + One-Step,NASDAQ:IDXX,0.10000054642220546
2020-10-09,17,AR1 alpha + Enhanced + One-Step,NASDAQ:IDXX,0.100000195775224
2020-10-12,17,AR1 alpha + Enhanced + One-Step,NASDAQ:IDXX,0.07500129776263133
2020-10-13,17,AR1 alpha + Enhanced + One-Step,NASDAQ:IDXX,0.04994875451393991
2020-10-14,17,AR1 alpha + Enhanced + One-Step,NASDAQ:IDXX,0.049948715668185165
2020-10-15,17,AR1 alpha + Enhanced + One-Step,NASDAQ:IDXX,0.048252198185839534
2020-10-16,17,AR1 alpha + Enhanced + One-Step,NASDAQ:IDXX,0.04825213707251013
2020-10-19,17,AR1 alpha + Enhanced + One-Step,NASDAQ:IDXX,0.04824949772518072
2020-10-20,17,AR1 alpha + Enhanced + One-Step,NASDAQ:IDXX,0.04824611724850713
2020-10-21,17,AR1 alpha + Enhanced + One-Step,NASDAQ:IDXX,0.05353510070834448
2020-10-22,17,AR1 alpha + Enhanced + One-Step,NASDAQ:IDXX,0.05353216625237942
2020-10-23,17,AR1 alpha + Enhanced + One-Step,NASDAQ:IDXX,0.053530162514417765
2020-10-26,17,AR1 alpha + Enhanced + One-Step,NASDAQ:IDXX,0.053530033253861874
2020-10-27,17,AR1 alpha + Enhanced + One-Step,NASDAQ:IDXX,0.05353075796470577
2020-10-28,17,AR1 alpha + Enhanced + One-Step,NASDAQ:IDXX,0.05353077030636664
2020-10-29,17,AR1 alpha + Enhanced + One-Step,NASDAQ:IDXX,0.053531788501255846
2020-10-30,17,AR1 alpha + Enhanced + One-Step,NASDAQ:IDXX,0.05353169869325881
2020-11-02,17,AR1 alpha + Enhanced + One-Step,NASDAQ:IDXX,0.05840341827797624
2020-11-03,17,AR1 alpha + Enhanced + One-Step,NASDAQ:IDXX,0.05840254327134079
2020-11-04,17,AR1 alpha + Enhanced + One-Step,NASDAQ:IDXX,0.05840524428419072
2020-11-05,17,AR1 alpha + Enhanced + One-Step,NASDAQ:IDXX,0.058404937127315905
2020-11-06,17,AR1 alpha + Enhanced + One-Step,NASDAQ:IDXX,0.058404762363481764
2020-11-09,17,AR1 alpha + Enhanced + One-Step,NASDAQ:IDXX,0.058404994271633925
2020-11-10,17,AR1 alpha + Enhanced + One-Step,NASDAQ:IDXX,0.05840525749607016
2020-11-11,17,AR1 alpha + Enhanced + One-Step,NASDAQ:IDXX,0.06987439007772252
2020-11-12,17,AR1 alpha + Enhanced + One-Step,NASDAQ:IDXX,0.0948939342775977
2020-11-13,17,AR1 alpha + Enhanced + One-Step,NASDAQ:IDXX,0.10000000742004268
2020-11-16,17,AR1 alpha + Enhanced + One-Step,NASDAQ:IDXX,0.09999995073366559
2020-11-17,17,AR1 alpha + Enhanced + One-Step,NASDAQ:IDXX,0.0999984619608623
2020-11-18,17,AR1 alpha + Enhanced + One-Step,NASDAQ:IDXX,0.0999960981238494
2020-11-19,17,AR1 alpha + Enhanced + One-Step,NASDAQ:IDXX,0.09999621270290657
2020-11-20,17,AR1 alpha + Enhanced + One-Step,NASDAQ:IDXX,0.09999742807162201
2020-11-23,17,AR1 alpha + Enhanced + One-Step,NASDAQ:IDXX,0.09999839797185682
2020-11-24,17,AR1 alpha + Enhanced + One-Step,NASDAQ:IDXX,0.09999541152122564
2020-11-25,17,AR1 alpha + Enhanced + One-Step,NASDAQ:IDXX,0.09999517141638656
2020-11-27,17,AR1 alpha + Enhanced + One-Step,NASDAQ:IDXX,0.09999234379605612
2020-11-30,17,AR1 alpha + Enhanced + One-Step,NASDAQ:IDXX,0.0999899877050389
2020-12-01,17,AR1 alpha + Enhanced + One-Step,NASDAQ:IDXX,0.09999337028105326
2020-12-04,17,AR1 alpha + Enhanced + One-Step,NASDAQ:IDXX,0.09999544484714101
2020-12-07,17,AR1 alpha + Enhanced + One-Step,NASDAQ:IDXX,0.09999316784872937
2020-12-08,17,AR1 alpha + Enhanced + One-Step,NASDAQ:IDXX,0.0999967089935058
2020-12-09,17,AR1 alpha + Enhanced + One-Step,NASDAQ:IDXX,0.09999497058437977
2020-12-10,17,AR1 alpha + Enhanced + One-Step,NASDAQ:IDXX,0.0999966842240748
2020-12-11,17,AR1 alpha + Enhanced + One-Step,NASDAQ:IDXX,0.0999974805591537
2020-12-14,17,AR1 alpha + Enhanced + One-Step,NASDAQ:IDXX,0.09999865161173511
2020-12-15,17,AR1 alpha + Enhanced + One-Step,NASDAQ:IDXX,0.0999991709861527
2020-12-16,17,AR1 alpha + Enhanced + One-Step,NASDAQ:IDXX,0.09999828515507017
2020-12-17,17,AR1 alpha + Enhanced + One-Step,NASDAQ:IDXX,0.09776030899094588
2020-12-18,17,AR1 alpha + Enhanced + One-Step,NASDAQ:IDXX,0.0977635405630834
2020-12-21,17,AR1 alpha + Enhanced + One-Step,NASDAQ:IDXX,0.09167288321190353
2020-12-22,17,AR1 alpha + Enhanced + One-Step,NASDAQ:IDXX,0.07765775917979136
2020-12-23,17,AR1 alpha + Enhanced + One-Step,NASDAQ:IDXX,0.07765664151616569
2020-12-24,17,AR1 alpha + Enhanced + One-Step,NASDAQ:IDXX,0.07765652847154876
2020-12-28,17,AR1 alpha + Enhanced + One-Step,NASDAQ:IDXX,0.08425465674090372
2020-12-29,17,AR1 alpha + Enhanced + One-Step,NASDAQ:IDXX,0.09630956269295894
2020-12-30,17,AR1 alpha + Enhanced + One-Step,NASDAQ:IDXX,0.09999997239661507
2020-12-31,17,AR1 alpha + Enhanced + One-Step,NASDAQ:IDXX,0.09999929218706327
2021-01-04,17,AR1 alpha + Enhanced + One-Step,NASDAQ:IDXX,0.09999953028994361
2021-01-05,17,AR1 alpha + Enhanced + One-Step,NASDAQ:IDXX,0.09999966370323446
2021-01-06,17,AR1 alpha + Enhanced + One-Step,NASDAQ:IDXX,0.09999975204799048
2021-01-07,17,AR1 alpha + Enhanced + One-Step,NASDAQ:IDXX,0.09999469499044412
2021-01-08,17,AR1 alpha + Enhanced + One-Step,NASDAQ:IDXX,0.090909682678579
2021-01-11,17,AR1 alpha + Enhanced + One-Step,NASDAQ:IDXX,0.09090899598277216
2021-01-12,17,AR1 alpha + Enhanced + One-Step,NASDAQ:IDXX,0.09089286647744915
2021-01-13,17,AR1 alpha + Enhanced + One-Step,NASDAQ:IDXX,0.09089187281893905
2021-01-14,17,AR1 alpha + Enhanced + One-Step,NASDAQ:IDXX,0.09779338357587472
2021-01-15,17,AR1 alpha + Enhanced + One-Step,NASDAQ:IDXX,0.10000030624107659
2021-01-19,17,AR1 alpha + Enhanced + One-Step,NASDAQ:IDXX,0.0999999323056873
2021-01-20,17,AR1 alpha + Enhanced + One-Step,NASDAQ:IDXX,0.0999997863647335
2021-01-21,17,AR1 alpha + Enhanced + One-Step,NASDAQ:IDXX,0.09999876285288187
2021-01-22,17,AR1 alpha + Enhanced + One-Step,NASDAQ:IDXX,0.09999471759734398
2021-01-25,17,AR1 alpha + Enhanced + One-Step,NASDAQ:IDXX,0.09999506255969808
2021-01-26,17,AR1 alpha + Enhanced + One-Step,NASDAQ:IDXX,0.09999527295482716
2021-01-27,17,AR1 alpha + Enhanced + One-Step,NASDAQ:IDXX,0.09999680665697037
2021-01-28,17,AR1 alpha + Enhanced + One-Step,NASDAQ:IDXX,0.09999818674725924
2021-01-29,17,AR1 alpha + Enhanced + One-Step,NASDAQ:IDXX,0.09999879224916414
2021-02-01,17,AR1 alpha + Enhanced + One-Step,NASDAQ:IDXX,0.0999993102536919
2021-02-02,17,AR1 alpha + Enhanced + One-Step,NASDAQ:IDXX,0.09999964063008089
2021-02-03,17,AR1 alpha + Enhanced + One-Step,NASDAQ:IDXX,0.09999528324797757
2021-02-04,17,AR1 alpha + Enhanced + One-Step,NASDAQ:IDXX,0.09999310000364345
2021-02-05,17,AR1 alpha + Enhanced + One-Step,NASDAQ:IDXX,0.09806017212692372
2021-02-08,17,AR1 alpha + Enhanced + One-Step,NASDAQ:IDXX,0.09806080287971786
2021-02-09,17,AR1 alpha + Enhanced + One-Step,NASDAQ:IDXX,0.08529013732662977
2021-02-10,17,AR1 alpha + Enhanced + One-Step,NASDAQ:IDXX,0.0852908128320023
2021-02-11,17,AR1 alpha + Enhanced + One-Step,NASDAQ:IDXX,0.06241733495482597
2021-02-12,17,AR1 alpha + Enhanced + One-Step,NASDAQ:IDXX,0.03741837292226017
2021-02-16,17,AR1 alpha + Enhanced + One-Step,NASDAQ:IDXX,0.02092667246709195
2021-02-17,17,AR1 alpha + Enhanced + One-Step,NASDAQ:IDXX,0.02071297921122332
2021-02-18,17,AR1 alpha + Enhanced + One-Step,NASDAQ:IDXX,0.0016263022480120617
2021-02-19,17,AR1 alpha + Enhanced + One-Step,NASDAQ:IDXX,0.0016257964319148807
2021-02-22,17,AR1 alpha + Enhanced + One-Step,NASDAQ:IDXX,0.01958465883407155
2021-02-23,17,AR1 alpha + Enhanced + One-Step,NASDAQ:IDXX,0.04460418567109385
2021-02-24,17,AR1 alpha + Enhanced + One-Step,NASDAQ:IDXX,0.06635554150926005
2021-02-25,17,AR1 alpha + Enhanced + One-Step,NASDAQ:IDXX,0.0914061565722078
2021-02-26,17,AR1 alpha + Enhanced + One-Step,NASDAQ:IDXX,0.09999623120037211
2021-03-01,17,AR1 alpha + Enhanced + One-Step,NASDAQ:IDXX,0.09999754185791195
2021-03-02,17,AR1 alpha + Enhanced + One-Step,NASDAQ:IDXX,0.0999979334541921
2021-03-03,17,AR1 alpha + Enhanced + One-Step,NASDAQ:IDXX,0.09999832914452235
2021-03-04,17,AR1 alpha + Enhanced + One-Step,NASDAQ:IDXX,0.09999884495898699
2021-03-05,17,AR1 alpha + Enhanced + One-Step,NASDAQ:IDXX,0.09999770155753332
2021-03-08,17,AR1 alpha + Enhanced + One-Step,NASDAQ:IDXX,0.0999984334416139
2021-03-09,17,AR1 alpha + Enhanced + One-Step,NASDAQ:IDXX,0.09999762036175365
2021-03-10,17,AR1 alpha + Enhanced + One-Step,NASDAQ:IDXX,0.09999816113092436
2021-03-11,17,AR1 alpha + Enhanced + One-Step,NASDAQ:IDXX,0.09999794618843964
2021-03-12,17,AR1 alpha + Enhanced + One-Step,NASDAQ:IDXX,0.09999858793107419
2021-03-15,17,AR1 alpha + Enhanced + One-Step,NASDAQ:IDXX,0.0999998244408506
2021-03-16,17,AR1 alpha + Enhanced + One-Step,NASDAQ:IDXX,0.09999988281235983
2021-03-17,17,AR1 alpha + Enhanced + One-Step,NASDAQ:IDXX,0.0999995377814819
2021-03-18,17,AR1 alpha + Enhanced + One-Step,NASDAQ:IDXX,0.09999986232892623
2021-03-19,17,AR1 alpha + Enhanced + One-Step,NASDAQ:IDXX,0.0999984015159487
2021-03-22,17,AR1 alpha + Enhanced + One-Step,NASDAQ:IDXX,0.09999945336647517
2021-03-23,17,AR1 alpha + Enhanced + One-Step,NASDAQ:IDXX,0.09999954836762188
2021-03-24,17,AR1 alpha + Enhanced + One-Step,NASDAQ:IDXX,0.09999969078786591
2021-03-25,17,AR1 alpha + Enhanced + One-Step,NASDAQ:IDXX,0.09999991883764643
2021-03-26,17,AR1 alpha + Enhanced + One-Step,NASDAQ:IDXX,0.1000001545524572
2021-03-29,17,AR1 alpha + Enhanced + One-Step,NASDAQ:IDXX,0.10000027357598482
2021-03-30,17,AR1 alpha + Enhanced + One-Step,NASDAQ:IDXX,0.09999988253438201
2021-03-31,17,AR1 alpha + Enhanced + One-Step,NASDAQ:IDXX,0.09999794401437961
2021-04-01,17,AR1 alpha + Enhanced + One-Step,NASDAQ:IDXX,0.09999905375137165
2021-04-05,17,AR1 alpha + Enhanced + One-Step,NASDAQ:IDXX,0.0999994589302846
2021-04-06,17,AR1 alpha + Enhanced + One-Step,NASDAQ:IDXX,0.09999959780070275
2021-04-07,17,AR1 alpha + Enhanced + One-Step,NASDAQ:IDXX,0.09999560908965414
2021-04-08,17,AR1 alpha + Enhanced + One-Step,NASDAQ:IDXX,0.0999937024416159
2021-04-09,17,AR1 alpha + Enhanced + One-Step,NASDAQ:IDXX,0.08599565073790948
2021-04-12,17,AR1 alpha + Enhanced + One-Step,NASDAQ:IDXX,0.08032796661042117
2021-04-13,17,AR1 alpha + Enhanced + One-Step,NASDAQ:IDXX,0.05620317653357889
2021-04-14,17,AR1 alpha + Enhanced + One-Step,NASDAQ:IDXX,0.05619924893120616
2021-04-15,17,AR1 alpha + Enhanced + One-Step,NASDAQ:IDXX,0.053486849718706424
2021-04-16,17,AR1 alpha + Enhanced + One-Step,NASDAQ:IDXX,0.028482898797136846
2021-04-19,17,AR1 alpha + Enhanced + One-Step,NASDAQ:IDXX,0.022648952864398816
2021-04-20,17,AR1 alpha + Enhanced + One-Step,NASDAQ:IDXX,0.022647988667389592
2021-04-21,17,AR1 alpha + Enhanced + One-Step,NASDAQ:IDXX,0.01751938233758935
2021-04-22,17,AR1 alpha + Enhanced + One-Step,NASDAQ:IDXX,0.0
2021-04-23,17,AR1 alpha + Enhanced + One-Step,NASDAQ:IDXX,0.0
2021-04-26,17,AR1 alpha + Enhanced + One-Step,NASDAQ:IDXX,0.0
2021-04-27,17,AR1 alpha + Enhanced + One-Step,NASDAQ:IDXX,1.1767345212968274e-08
2021-04-28,17,AR1 alpha + Enhanced + One-Step,NASDAQ:IDXX,0.003783762611862653
2021-04-29,17,AR1 alpha + Enhanced + One-Step,NASDAQ:IDXX,0.0055161180293245154
2021-04-30,17,AR1 alpha + Enhanced + One-Step,NASDAQ:IDXX,0.026784640865759924
2021-05-03,17,AR1 alpha + Enhanced + One-Step,NASDAQ:IDXX,0.051743259828314944
2021-05-04,17,AR1 alpha + Enhanced + One-Step,NASDAQ:IDXX,0.07676421074489401
2021-05-05,17,AR1 alpha + Enhanced + One-Step,NASDAQ:IDXX,0.08899212239615051
2021-05-06,17,AR1 alpha + Enhanced + One-Step,NASDAQ:IDXX,0.09990587750454215
2021-05-07,17,AR1 alpha + Enhanced + One-Step,NASDAQ:IDXX,0.10000071223906952
2021-05-10,17,AR1 alpha + Enhanced + One-Step,NASDAQ:IDXX,0.10000035048355485
2021-05-11,17,AR1 alpha + Enhanced + One-Step,NASDAQ:IDXX,0.10000026631219223
2021-05-12,17,AR1 alpha + Enhanced + One-Step,NASDAQ:IDXX,0.10000002393300265
2021-05-13,17,AR1 alpha + Enhanced + One-Step,NASDAQ:IDXX,0.09999812834025168
2021-05-14,17,AR1 alpha + Enhanced + One-Step,NASDAQ:IDXX,0.09999867383878845
2021-05-17,17,AR1 alpha + Enhanced + One-Step,NASDAQ:IDXX,0.09999838582912408
2021-05-18,17,AR1 alpha + Enhanced + One-Step,NASDAQ:IDXX,0.09999919068460401
2021-05-19,17,AR1 alpha + Enhanced + One-Step,NASDAQ:IDXX,0.09999986668621026
2021-05-20,17,AR1 alpha + Enhanced + One-Step,NASDAQ:IDXX,0.10000009322081582
2021-05-21,17,AR1 alpha + Enhanced + One-Step,NASDAQ:IDXX,0.09999999508325927
2021-05-24,17,AR1 alpha + Enhanced + One-Step,NASDAQ:IDXX,0.09077300768185394
2021-05-25,17,AR1 alpha + Enhanced + One-Step,NASDAQ:IDXX,0.07588492542925418
2021-05-26,17,AR1 alpha + Enhanced + One-Step,NASDAQ:IDXX,0.075882172693171
2021-05-27,17,AR1 alpha + Enhanced + One-Step,NASDAQ:IDXX,0.07588114791640604
2021-05-28,17,AR1 alpha + Enhanced + One-Step,NASDAQ:IDXX,0.07587932599081314
2021-06-01,17,AR1 alpha + Enhanced + One-Step,NASDAQ:IDXX,0.09565806000305117
2021-06-02,17,AR1 alpha + Enhanced + One-Step,NASDAQ:IDXX,0.09999839243586607
2021-06-03,17,AR1 alpha + Enhanced + One-Step,NASDAQ:IDXX,0.09999378375065548
2021-06-04,17,AR1 alpha + Enhanced + One-Step,NASDAQ:IDXX,0.09998955970464828
2021-06-07,17,AR1 alpha + Enhanced + One-Step,NASDAQ:IDXX,0.09998778914065176
2021-06-08,17,AR1 alpha + Enhanced + One-Step,NASDAQ:IDXX,0.09998569320218172
2021-06-09,17,AR1 alpha + Enhanced + One-Step,NASDAQ:IDXX,0.08886238968410472
2021-06-10,17,AR1 alpha + Enhanced + One-Step,NASDAQ:IDXX,0.07126424209628802
2021-06-11,17,AR1 alpha + Enhanced + One-Step,NASDAQ:IDXX,0.05216853942506675
2021-06-14,17,AR1 alpha + Enhanced + One-Step,NASDAQ:IDXX,0.04155943540006211
2021-06-15,17,AR1 alpha + Enhanced + One-Step,NASDAQ:IDXX,0.04155535094411764
2021-06-16,17,AR1 alpha + Enhanced + One-Step,NASDAQ:IDXX,0.04155154574023604
2021-06-17,17,AR1 alpha + Enhanced + One-Step,NASDAQ:IDXX,0.04154959048221039
2021-06-18,17,AR1 alpha + Enhanced + One-Step,NASDAQ:IDXX,0.04154896660589086
2021-06-21,17,AR1 alpha + Enhanced + One-Step,NASDAQ:IDXX,0.041549267358142385
2021-06-22,17,AR1 alpha + Enhanced + One-Step,NASDAQ:IDXX,0.04348630241212419
2021-06-23,17,AR1 alpha + Enhanced + One-Step,NASDAQ:IDXX,0.046156058742833815
2021-06-24,17,AR1 alpha + Enhanced + One-Step,NASDAQ:IDXX,0.0596345413546948
2021-06-25,17,AR1 alpha + Enhanced + One-Step,NASDAQ:IDXX,0.06927651561578291
2021-06-28,17,AR1 alpha + Enhanced + One-Step,NASDAQ:IDXX,0.0692767686749605
2021-06-29,17,AR1 alpha + Enhanced + One-Step,NASDAQ:IDXX,0.06927673552537243
2021-06-30,17,AR1 alpha + Enhanced + One-Step,NASDAQ:IDXX,0.0692752589870945
2021-07-01,17,AR1 alpha + Enhanced + One-Step,NASDAQ:IDXX,0.06927508427558365
2021-07-02,17,AR1 alpha + Enhanced + One-Step,NASDAQ:IDXX,0.06927123916269724
2021-07-06,17,AR1 alpha + Enhanced + One-Step,NASDAQ:IDXX,0.06926844986476029
2021-07-07,17,AR1 alpha + Enhanced + One-Step,NASDAQ:IDXX,0.06926985593137523
2021-07-08,17,AR1 alpha + Enhanced + One-Step,NASDAQ:IDXX,0.06926988050351841
2021-07-09,17,AR1 alpha + Enhanced + One-Step,NASDAQ:IDXX,0.07284971540226252
2021-07-12,17,AR1 alpha + Enhanced + One-Step,NASDAQ:IDXX,0.09777509650874425
2021-07-13,17,AR1 alpha + Enhanced + One-Step,NASDAQ:IDXX,0.0999955508194474
2021-07-14,17,AR1 alpha + Enhanced + One-Step,NASDAQ:IDXX,0.09999249332939972
2021-07-15,17,AR1 alpha + Enhanced + One-Step,NASDAQ:IDXX,0.09998875450812181
2021-07-16,17,AR1 alpha + Enhanced + One-Step,NASDAQ:IDXX,0.09998828622750296
2021-07-19,17,AR1 alpha + Enhanced + One-Step,NASDAQ:IDXX,0.09998874748817839
2021-07-20,17,AR1 alpha + Enhanced + One-Step,NASDAQ:IDXX,0.09998564469142743
2021-07-21,17,AR1 alpha + Enhanced + One-Step,NASDAQ:IDXX,0.09998970248764613
2021-07-22,17,AR1 alpha + Enhanced + One-Step,NASDAQ:IDXX,0.09998465502200117
2021-07-23,17,AR1 alpha + Enhanced + One-Step,NASDAQ:IDXX,0.09998717213144727
2021-07-26,17,AR1 alpha + Enhanced + One-Step,NASDAQ:IDXX,0.09999201927828252
2021-07-27,17,AR1 alpha + Enhanced + One-Step,NASDAQ:IDXX,0.09999334463250521
2021-07-28,17,AR1 alpha + Enhanced + One-Step,NASDAQ:IDXX,0.09998555246683133
2021-07-29,17,AR1 alpha + Enhanced + One-Step,NASDAQ:IDXX,0.09999121018248847
2021-07-30,17,AR1 alpha + Enhanced + One-Step,NASDAQ:IDXX,0.09999390439932337
2021-08-02,17,AR1 alpha + Enhanced + One-Step,NASDAQ:IDXX,0.09999309939361872
2021-08-03,17,AR1 alpha + Enhanced + One-Step,NASDAQ:IDXX,0.09999423816948261
2021-08-04,17,AR1 alpha + Enhanced + One-Step,NASDAQ:IDXX,0.0999890026415057
2021-08-05,17,AR1 alpha + Enhanced + One-Step,NASDAQ:IDXX,0.09999030171601186
2021-08-06,17,AR1 alpha + Enhanced + One-Step,NASDAQ:IDXX,0.09998875238274321
2021-08-09,17,AR1 alpha + Enhanced + One-Step,NASDAQ:IDXX,0.09998877506364512
2021-08-10,17,AR1 alpha + Enhanced + One-Step,NASDAQ:IDXX,0.09999093776038515
2021-08-11,17,AR1 alpha + Enhanced + One-Step,NASDAQ:IDXX,0.0999899184656578
2021-08-12,17,AR1 alpha + Enhanced + One-Step,NASDAQ:IDXX,0.09998432126156795
2021-08-13,17,AR1 alpha + Enhanced + One-Step,NASDAQ:IDXX,0.09999128957606815
2021-08-16,17,AR1 alpha + Enhanced + One-Step,NASDAQ:IDXX,0.09999545265564357
2021-08-17,17,AR1 alpha + Enhanced + One-Step,NASDAQ:IDXX,0.09999782917859015
2021-08-18,17,AR1 alpha + Enhanced + One-Step,NASDAQ:IDXX,0.09999859070864546
2021-08-19,17,AR1 alpha + Enhanced + One-Step,NASDAQ:IDXX,0.0999995743887645
2021-08-20,17,AR1 alpha + Enhanced + One-Step,NASDAQ:IDXX,0.09999399705675237
2021-08-23,17,AR1 alpha + Enhanced + One-Step,NASDAQ:IDXX,0.09999178405702062
2021-08-24,17,AR1 alpha + Enhanced + One-Step,NASDAQ:IDXX,0.09999297000635157
2021-08-25,17,AR1 alpha + Enhanced + One-Step,NASDAQ:IDXX,0.09999594188085847
2021-08-26,17,AR1 alpha + Enhanced + One-Step,NASDAQ:IDXX,0.09998911416492143
2021-08-27,17,AR1 alpha + Enhanced + One-Step,NASDAQ:IDXX,0.09998533203495247
2021-08-30,17,AR1 alpha + Enhanced + One-Step,NASDAQ:IDXX,0.09998330621300001
2021-08-31,17,AR1 alpha + Enhanced + One-Step,NASDAQ:IDXX,0.0999913911426416
2021-09-01,17,AR1 alpha + Enhanced + One-Step,NASDAQ:IDXX,0.0999875465982423
2021-09-02,17,AR1 alpha + Enhanced + One-Step,NASDAQ:IDXX,0.09998930605831984
2021-09-03,17,AR1 alpha + Enhanced + One-Step,NASDAQ:IDXX,0.09999129094667981
2021-09-07,17,AR1 alpha + Enhanced + One-Step,NASDAQ:IDXX,0.09998898774092047
2021-09-08,17,AR1 alpha + Enhanced + One-Step,NASDAQ:IDXX,0.09998770369399933
2021-09-09,17,AR1 alpha + Enhanced + One-Step,NASDAQ:IDXX,0.0999973539212349
2021-09-10,17,AR1 alpha + Enhanced + One-Step,NASDAQ:IDXX,0.09999632880980742
2021-09-13,17,AR1 alpha + Enhanced + One-Step,NASDAQ:IDXX,0.09999768780691341
2021-09-14,17,AR1 alpha + Enhanced + One-Step,NASDAQ:IDXX,0.09999749795978267
2021-09-15,17,AR1 alpha + Enhanced + One-Step,NASDAQ:IDXX,0.09999320473800659
2021-09-16,17,AR1 alpha + Enhanced + One-Step,NASDAQ:IDXX,0.10000129229758017
2021-09-17,17,AR1 alpha + Enhanced + One-Step,NASDAQ:IDXX,0.09999820368877886
2021-09-20,17,AR1 alpha + Enhanced + One-Step,NASDAQ:IDXX,0.09999756056392056
2021-09-21,17,AR1 alpha + Enhanced + One-Step,NASDAQ:IDXX,0.09999816461742957
2021-09-22,17,AR1 alpha + Enhanced + One-Step,NASDAQ:IDXX,0.09999848839446737
2021-09-23,17,AR1 alpha + Enhanced + One-Step,NASDAQ:IDXX,0.09999975523762511
2021-09-24,17,AR1 alpha + Enhanced + One-Step,NASDAQ:IDXX,0.09999980156900025
2021-09-27,17,AR1 alpha + Enhanced + One-Step,NASDAQ:IDXX,0.09999977536457952
2021-09-28,17,AR1 alpha + Enhanced + One-Step,NASDAQ:IDXX,0.09999689203754103
2021-09-29,17,AR1 alpha + Enhanced + One-Step,NASDAQ:IDXX,0.09999799937251583
2021-09-30,17,AR1 alpha + Enhanced + One-Step,NASDAQ:IDXX,0.09999847211643108
2021-10-01,17,AR1 alpha + Enhanced + One-Step,NASDAQ:IDXX,0.09999885246724682
2021-10-04,17,AR1 alpha + Enhanced + One-Step,NASDAQ:IDXX,0.09999918694078756
2021-10-05,17,AR1 alpha + Enhanced + One-Step,NASDAQ:IDXX,0.09999620146867973
2021-10-06,17,AR1 alpha + Enhanced + One-Step,NASDAQ:IDXX,0.09999678919060548
2021-10-07,17,AR1 alpha + Enhanced + One-Step,NASDAQ:IDXX,0.09999608083018306
2021-10-08,17,AR1 alpha + Enhanced + One-Step,NASDAQ:IDXX,0.09999697905610497
2021-10-11,17,AR1 alpha + Enhanced + One-Step,NASDAQ:IDXX,0.09999735534322272
2021-10-12,17,AR1 alpha + Enhanced + One-Step,NASDAQ:IDXX,0.09999872813351735
2021-10-13,17,AR1 alpha + Enhanced + One-Step,NASDAQ:IDXX,0.09999911374410123
2021-10-14,17,AR1 alpha + Enhanced + One-Step,NASDAQ:IDXX,0.0999988509329108
2021-10-15,17,AR1 alpha + Enhanced + One-Step,NASDAQ:IDXX,0.09999843513108583
2021-10-18,17,AR1 alpha + Enhanced + One-Step,NASDAQ:IDXX,0.09999791808716328
2021-10-19,17,AR1 alpha + Enhanced + One-Step,NASDAQ:IDXX,0.09999844988223985
2021-10-20,17,AR1 alpha + Enhanced + One-Step,NASDAQ:IDXX,0.09999947893113921
2021-10-21,17,AR1 alpha + Enhanced + One-Step,NASDAQ:IDXX,0.09999968360381546
2021-10-22,17,AR1 alpha + Enhanced + One-Step,NASDAQ:IDXX,0.09999931656737397
2021-10-25,17,AR1 alpha + Enhanced + One-Step,NASDAQ:IDXX,0.09999590698138149
2021-10-26,17,AR1 alpha + Enhanced + One-Step,NASDAQ:IDXX,0.09999186403312828
2021-10-27,17,AR1 alpha + Enhanced + One-Step,NASDAQ:IDXX,0.09999379589618607
2021-10-28,17,AR1 alpha + Enhanced + One-Step,NASDAQ:IDXX,0.09999542550022576
2021-10-29,17,AR1 alpha + Enhanced + One-Step,NASDAQ:IDXX,0.09999185271784587
2021-11-01,17,AR1 alpha + Enhanced + One-Step,NASDAQ:IDXX,0.09999070590231376
2021-11-02,17,AR1 alpha + Enhanced + One-Step,NASDAQ:IDXX,0.09998927311856054
2021-11-03,17,AR1 alpha + Enhanced + One-Step,NASDAQ:IDXX,0.09999502967581923
2021-11-04,17,AR1 alpha + Enhanced + One-Step,NASDAQ:IDXX,0.09999631906597814
2021-11-05,17,AR1 alpha + Enhanced + One-Step,NASDAQ:IDXX,0.09999775055912273
2021-11-08,17,AR1 alpha + Enhanced + One-Step,NASDAQ:IDXX,0.09999633164378147
2021-11-09,17,AR1 alpha + Enhanced + One-Step,NASDAQ:IDXX,0.09999726746529196
2021-11-10,17,AR1 alpha + Enhanced + One-Step,NASDAQ:IDXX,0.09999835200550246
2021-11-11,17,AR1 alpha + Enhanced + One-Step,NASDAQ:IDXX,0.09999875871062644
2021-11-12,17,AR1 alpha + Enhanced + One-Step,NASDAQ:IDXX,0.09999937306448924
2021-11-15,17,AR1 alpha + Enhanced + One-Step,NASDAQ:IDXX,0.10000008043380368
2021-11-16,17,AR1 alpha + Enhanced + One-Step,NASDAQ:IDXX,0.09999977912758204
2021-11-17,17,AR1 alpha + Enhanced + One-Step,NASDAQ:IDXX,0.09999585703429704
2021-11-18,17,AR1 alpha + Enhanced + One-Step,NASDAQ:IDXX,0.09054563525513327
2021-11-19,17,AR1 alpha + Enhanced + One-Step,NASDAQ:IDXX,0.09054604920134005
2021-11-22,17,AR1 alpha + Enhanced + One-Step,NASDAQ:IDXX,0.0905463899917891
2021-11-23,17,AR1 alpha + Enhanced + One-Step,NASDAQ:IDXX,0.09053990654800673
2021-11-24,17,AR1 alpha + Enhanced + One-Step,NASDAQ:IDXX,0.09053938268078142
2021-11-26,17,AR1 alpha + Enhanced + One-Step,NASDAQ:IDXX,0.09053502636280195
2021-11-29,17,AR1 alpha + Enhanced + One-Step,NASDAQ:IDXX,0.0735454445155501
2021-11-30,17,AR1 alpha + Enhanced + One-Step,NASDAQ:IDXX,0.07354336594051893
2021-12-01,17,AR1 alpha + Enhanced + One-Step,NASDAQ:IDXX,0.0735418429774809
2021-12-02,17,AR1 alpha + Enhanced + One-Step,NASDAQ:IDXX,0.08412828853793365
2021-12-03,17,AR1 alpha + Enhanced + One-Step,NASDAQ:IDXX,0.08412670432075711
2021-12-06,17,AR1 alpha + Enhanced + One-Step,NASDAQ:IDXX,0.08412659575455515
2021-12-07,17,AR1 alpha + Enhanced + One-Step,NASDAQ:IDXX,0.08412659036490806
2021-12-08,17,AR1 alpha + Enhanced + One-Step,NASDAQ:IDXX,0.08412623278950793
2021-12-09,17,AR1 alpha + Enhanced + One-Step,NASDAQ:IDXX,0.0841232679098437
2021-12-10,17,AR1 alpha + Enhanced + One-Step,NASDAQ:IDXX,0.08412006249585877
2021-12-13,17,AR1 alpha + Enhanced + One-Step,NASDAQ:IDXX,0.0841149324925017
2021-12-14,17,AR1 alpha + Enhanced + One-Step,NASDAQ:IDXX,0.08411199219606567
2021-12-15,17,AR1 alpha + Enhanced + One-Step,NASDAQ:IDXX,0.08411226666762464
2021-12-16,17,AR1 alpha + Enhanced + One-Step,NASDAQ:IDXX,0.07899345042578979
2021-12-17,17,AR1 alpha + Enhanced + One-Step,NASDAQ:IDXX,0.0729844934425721
2021-12-20,17,AR1 alpha + Enhanced + One-Step,NASDAQ:IDXX,0.07005624624019027
2021-12-21,17,AR1 alpha + Enhanced + One-Step,NASDAQ:IDXX,0.04998013490100104
2021-12-22,17,AR1 alpha + Enhanced + One-Step,NASDAQ:IDXX,0.03749722441736438
2021-12-23,17,AR1 alpha + Enhanced + One-Step,NASDAQ:IDXX,0.03749749168221103
2021-12-27,17,AR1 alpha + Enhanced + One-Step,NASDAQ:IDXX,0.02974899466098094
2021-12-28,17,AR1 alpha + Enhanced + One-Step,NASDAQ:IDXX,0.029749133135084857
2021-12-29,17,AR1 alpha + Enhanced + One-Step,NASDAQ:IDXX,0.02830209759071368
2021-12-30,17,AR1 alpha + Enhanced + One-Step,NASDAQ:IDXX,0.014664152665081451
2021-12-31,17,AR1 alpha + Enhanced + One-Step,NASDAQ:IDXX,0.010519540548200373
2022-01-03,17,AR1 alpha + Enhanced + One-Step,NASDAQ:IDXX,0.010519348814428271
2022-01-04,17,AR1 alpha + Enhanced + One-Step,NASDAQ:IDXX,0.010519441356935274
2022-01-05,17,AR1 alpha + Enhanced + One-Step,NASDAQ:IDXX,0.024734521280868418
2022-01-06,17,AR1 alpha + Enhanced + One-Step,NASDAQ:IDXX,0.0409263449857012
2022-01-07,17,AR1 alpha + Enhanced + One-Step,NASDAQ:IDXX,0.040926255624840736
2022-01-10,17,AR1 alpha + Enhanced + One-Step,NASDAQ:IDXX,0.04092579963472541
2022-01-11,17,AR1 alpha + Enhanced + One-Step,NASDAQ:IDXX,0.04092558662673141
2022-01-12,17,AR1 alpha + Enhanced + One-Step,NASDAQ:IDXX,0.04092546036852267
2022-01-13,17,AR1 alpha + Enhanced + One-Step,NASDAQ:IDXX,0.040925369698979884
2022-01-14,17,AR1 alpha + Enhanced + One-Step,NASDAQ:IDXX,0.040924077608124824
2022-01-18,17,AR1 alpha + Enhanced + One-Step,NASDAQ:IDXX,0.04092427313911433
2022-01-19,17,AR1 alpha + Enhanced + One-Step,NASDAQ:IDXX,0.040923756528125965
2022-01-20,17,AR1 alpha + Enhanced + One-Step,NASDAQ:IDXX,0.040923814353725704
2022-01-21,17,AR1 alpha + Enhanced + One-Step,NASDAQ:IDXX,0.04092329528018437
2022-01-24,17,AR1 alpha + Enhanced + One-Step,NASDAQ:IDXX,0.040923088560628734
2022-01-25,17,AR1 alpha + Enhanced + One-Step,NASDAQ:IDXX,0.04092295895037472
2022-01-26,17,AR1 alpha + Enhanced + One-Step,NASDAQ:IDXX,0.040922949460275956
2022-01-27,17,AR1 alpha + Enhanced + One-Step,NASDAQ:IDXX,0.040922645562304606
2022-01-28,17,AR1 alpha + Enhanced + One-Step,NASDAQ:IDXX,0.04092264373554232
2022-01-31,17,AR1 alpha + Enhanced + One-Step,NASDAQ:IDXX,0.04092306449174243
2022-02-01,17,AR1 alpha + Enhanced + One-Step,NASDAQ:IDXX,0.04092299406226846
2022-02-02,17,AR1 alpha + Enhanced + One-Step,NASDAQ:IDXX,0.04092287046481645
2022-02-03,17,AR1 alpha + Enhanced + One-Step,NASDAQ:IDXX,0.0409220199168944
2022-02-04,17,AR1 alpha + Enhanced + One-Step,NASDAQ:IDXX,0.04092145117286564
2022-02-07,17,AR1 alpha + Enhanced + One-Step,NASDAQ:IDXX,0.0409213931318164
2022-02-08,17,AR1 alpha + Enhanced + One-Step,NASDAQ:IDXX,0.040921431875133085
2022-02-09,17,AR1 alpha + Enhanced + One-Step,NASDAQ:IDXX,0.04092138441292349
2022-02-10,17,AR1 alpha + Enhanced + One-Step,NASDAQ:IDXX,0.04092139039544473
2022-02-11,17,AR1 alpha + Enhanced + One-Step,NASDAQ:IDXX,0.04092195800552021
2022-02-14,17,AR1 alpha + Enhanced + One-Step,NASDAQ:IDXX,0.03208833482763874
2022-02-15,17,AR1 alpha + Enhanced + One-Step,NASDAQ:IDXX,0.0320883657572842
2022-02-16,17,AR1 alpha + Enhanced + One-Step,NASDAQ:IDXX,0.03191267363623077
2022-02-17,17,AR1 alpha + Enhanced + One-Step,NASDAQ:IDXX,0.011362198304864164
2022-02-18,17,AR1 alpha + Enhanced + One-Step,NASDAQ:IDXX,0.0
2022-02-22,17,AR1 alpha + Enhanced + One-Step,NASDAQ:IDXX,0.0
2022-02-23,17,AR1 alpha + Enhanced + One-Step,NASDAQ:IDXX,8.736009831789867e-09
2022-02-24,17,AR1 alpha + Enhanced + One-Step,NASDAQ:IDXX,0.0
2022-02-25,17,AR1 alpha + Enhanced + One-Step,NASDAQ:IDXX,5.729335889351106e-08
2022-02-28,17,AR1 alpha + Enhanced + One-Step,NASDAQ:IDXX,6.99207366190149e-08
2022-03-01,17,AR1 alpha + Enhanced + One-Step,NASDAQ:IDXX,1.5567420965485926e-07
2022-03-02,17,AR1 alpha + Enhanced + One-Step,NASDAQ:IDXX,4.236108565057765e-09
2022-03-03,17,AR1 alpha + Enhanced + One-Step,NASDAQ:IDXX,0.0
2022-03-04,17,AR1 alpha + Enhanced + One-Step,NASDAQ:IDXX,0.0
2022-03-07,17,AR1 alpha + Enhanced + One-Step,NASDAQ:IDXX,8.501125631649498e-07
2022-03-08,17,AR1 alpha + Enhanced + One-Step,NASDAQ:IDXX,4.4497929577803226e-07
2022-03-09,17,AR1 alpha + Enhanced + One-Step,NASDAQ:IDXX,1.925955205017958e-07
2022-03-10,17,AR1 alpha + Enhanced + One-Step,NASDAQ:IDXX,2.1011220625478074e-07
2022-03-11,17,AR1 alpha + Enhanced + One-Step,NASDAQ:IDXX,0.0
2022-03-14,17,AR1 alpha + Enhanced + One-Step,NASDAQ:IDXX,0.0
2022-03-15,17,AR1 alpha + Enhanced + One-Step,NASDAQ:IDXX,0.0
2022-03-16,17,AR1 alpha + Enhanced + One-Step,NASDAQ:IDXX,0.0
2022-03-17,17,AR1 alpha + Enhanced + One-Step,NASDAQ:IDXX,8.730972082785148e-08
2022-03-18,17,AR1 alpha + Enhanced + One-Step,NASDAQ:IDXX,0.009421616084455301
2022-03-21,17,AR1 alpha + Enhanced + One-Step,NASDAQ:IDXX,0.011538121802413493
2022-03-22,17,AR1 alpha + Enhanced + One-Step,NASDAQ:IDXX,0.027914289333845918
2022-03-23,17,AR1 alpha + Enhanced + One-Step,NASDAQ:IDXX,0.02791431284618425
2022-03-24,17,AR1 alpha + Enhanced + One-Step,NASDAQ:IDXX,0.027914363706392827
2022-03-25,17,AR1 alpha + Enhanced + One-Step,NASDAQ:IDXX,0.027913499941072777
2022-03-28,17,AR1 alpha + Enhanced + One-Step,NASDAQ:IDXX,0.027913552300567093
2022-03-29,17,AR1 alpha + Enhanced + One-Step,NASDAQ:IDXX,0.02791200743745714
2022-03-30,17,AR1 alpha + Enhanced + One-Step,NASDAQ:IDXX,0.02791205351746834
2022-03-31,17,AR1 alpha + Enhanced + One-Step,NASDAQ:IDXX,0.027912039809292518
2022-04-01,17,AR1 alpha + Enhanced + One-Step,NASDAQ:IDXX,0.027905511382795574
2022-04-04,17,AR1 alpha + Enhanced + One-Step,NASDAQ:IDXX,0.02790506626718293
2022-04-05,17,AR1 alpha + Enhanced + One-Step,NASDAQ:IDXX,0.027905006930204174
2022-04-06,17,AR1 alpha + Enhanced + One-Step,NASDAQ:IDXX,0.027903159031834445
2022-04-07,17,AR1 alpha + Enhanced + One-Step,NASDAQ:IDXX,0.027903190346056334
2022-04-08,17,AR1 alpha + Enhanced + One-Step,NASDAQ:IDXX,0.027903302716750702
2022-04-11,17,AR1 alpha + Enhanced + One-Step,NASDAQ:IDXX,0.014655882151406603
2022-04-12,17,AR1 alpha + Enhanced + One-Step,NASDAQ:IDXX,0.0
2022-04-13,17,AR1 alpha + Enhanced + One-Step,NASDAQ:IDXX,3.5434476049586656e-08
2022-04-14,17,AR1 alpha + Enhanced + One-Step,NASDAQ:IDXX,0.0
2022-04-18,17,AR1 alpha + Enhanced + One-Step,NASDAQ:IDXX,0.0
2022-04-19,17,AR1 alpha + Enhanced + One-Step,NASDAQ:IDXX,0.0
2022-04-20,17,AR1 alpha + Enhanced + One-Step,NASDAQ:IDXX,0.0
2022-04-21,17,AR1 alpha + Enhanced + One-Step,NASDAQ:IDXX,0.0
2022-04-22,17,AR1 alpha + Enhanced + One-Step,NASDAQ:IDXX,0.0
2022-04-25,17,AR1 alpha + Enhanced + One-Step,NASDAQ:IDXX,0.0
2022-04-26,17,AR1 alpha + Enhanced + One-Step,NASDAQ:IDXX,1.0946139311078373e-07
2022-04-27,17,AR1 alpha + Enhanced + One-Step,NASDAQ:IDXX,0.0
2022-04-28,17,AR1 alpha + Enhanced + One-Step,NASDAQ:IDXX,0.0
2022-04-29,17,AR1 alpha + Enhanced + One-Step,NASDAQ:IDXX,0.0
2022-05-02,17,AR1 alpha + Enhanced + One-Step,NASDAQ:IDXX,0.0
2022-05-03,17,AR1 alpha + Enhanced + One-Step,NASDAQ:IDXX,0.0
2022-05-04,17,AR1 alpha + Enhanced + One-Step,NASDAQ:IDXX,0.0
2022-05-05,17,AR1 alpha + Enhanced + One-Step,NASDAQ:IDXX,0.0
2022-05-06,17,AR1 alpha + Enhanced + One-Step,NASDAQ:IDXX,6.167238714911477e-07
2022-05-09,17,AR1 alpha + Enhanced + One-Step,NASDAQ:IDXX,0.0
2022-05-10,17,AR1 alpha + Enhanced + One-Step,NASDAQ:IDXX,0.0
2022-05-11,17,AR1 alpha + Enhanced + One-Step,NASDAQ:IDXX,0.0
2022-05-12,17,AR1 alpha + Enhanced + One-Step,NASDAQ:IDXX,0.0
2022-05-13,17,AR1 alpha + Enhanced + One-Step,NASDAQ:IDXX,0.0
2022-05-16,17,AR1 alpha + Enhanced + One-Step,NASDAQ:IDXX,0.0
2022-05-17,17,AR1 alpha + Enhanced + One-Step,NASDAQ:IDXX,0.0
2022-05-18,17,AR1 alpha + Enhanced + One-Step,NASDAQ:IDXX,0.0
2022-05-19,17,AR1 alpha + Enhanced + One-Step,NASDAQ:IDXX,0.0
2022-05-20,17,AR1 alpha + Enhanced + One-Step,NASDAQ:IDXX,2.1513075705934763e-09
2022-05-23,17,AR1 alpha + Enhanced + One-Step,NASDAQ:IDXX,0.0
2022-05-24,17,AR1 alpha + Enhanced + One-Step,NASDAQ:IDXX,0.0
2022-05-25,17,AR1 alpha + Enhanced + One-Step,NASDAQ:IDXX,0.0
2022-05-26,17,AR1 alpha + Enhanced + One-Step,NASDAQ:IDXX,0.02106995293635902
2022-05-27,17,AR1 alpha + Enhanced + One-Step,NASDAQ:IDXX,0.04610119722685819
2022-05-31,17,AR1 alpha + Enhanced + One-Step,NASDAQ:IDXX,0.04795244642276777
2022-06-01,17,AR1 alpha + Enhanced + One-Step,NASDAQ:IDXX,0.022881191861667895
2022-06-02,17,AR1 alpha + Enhanced + One-Step,NASDAQ:IDXX,0.022881626984303915
2022-06-03,17,AR1 alpha + Enhanced + One-Step,NASDAQ:IDXX,0.0
2022-06-06,17,AR1 alpha + Enhanced + One-Step,NASDAQ:IDXX,0.0
2022-06-07,17,AR1 alpha + Enhanced + One-Step,NASDAQ:IDXX,0.0
2022-06-08,17,AR1 alpha + Enhanced + One-Step,NASDAQ:IDXX,0.0
2022-06-09,17,AR1 alpha + Enhanced + One-Step,NASDAQ:IDXX,0.0
2022-06-10,17,AR1 alpha + Enhanced + One-Step,NASDAQ:IDXX,0.0
2022-06-13,17,AR1 alpha + Enhanced + One-Step,NASDAQ:IDXX,0.0
2022-06-14,17,AR1 alpha + Enhanced + One-Step,NASDAQ:IDXX,0.0
2022-06-15,17,AR1 alpha + Enhanced + One-Step,NASDAQ:IDXX,0.0
2022-06-16,17,AR1 alpha + Enhanced + One-Step,NASDAQ:IDXX,0.0
2022-06-17,17,AR1 alpha + Enhanced + One-Step,NASDAQ:IDXX,3.4637388425255564e-07
2022-06-21,17,AR1 alpha + Enhanced + One-Step,NASDAQ:IDXX,7.029145840940224e-08
2022-06-22,17,AR1 alpha + Enhanced + One-Step,NASDAQ:IDXX,1.3770816270227838e-08
2022-06-23,17,AR1 alpha + Enhanced + One-Step,NASDAQ:IDXX,0.0
2022-06-24,17,AR1 alpha + Enhanced + One-Step,NASDAQ:IDXX,0.0
2022-06-27,17,AR1 alpha + Enhanced + One-Step,NASDAQ:IDXX,2.536847420932212e-07
2022-06-28,17,AR1 alpha + Enhanced + One-Step,NASDAQ:IDXX,1.6687043317506595e-07
2022-06-29,17,AR1 alpha + Enhanced + One-Step,NASDAQ:IDXX,0.0
2022-06-30,17,AR1 alpha + Enhanced + One-Step,NASDAQ:IDXX,1.0867021345666276e-07
2022-07-01,17,AR1 alpha + Enhanced + One-Step,NASDAQ:IDXX,0.0
2022-07-05,17,AR1 alpha + Enhanced + One-Step,NASDAQ:IDXX,0.0
2022-07-06,17,AR1 alpha + Enhanced + One-Step,NASDAQ:IDXX,0.0036160381181717985
2022-07-07,17,AR1 alpha + Enhanced + One-Step,NASDAQ:IDXX,0.003831389665434034
2022-07-08,17,AR1 alpha + Enhanced + One-Step,NASDAQ:IDXX,0.0038313676189620453
2022-07-11,17,AR1 alpha + Enhanced + One-Step,NASDAQ:IDXX,0.0
2022-07-12,17,AR1 alpha + Enhanced + One-Step,NASDAQ:IDXX,0.0
2022-07-13,17,AR1 alpha + Enhanced + One-Step,NASDAQ:IDXX,0.0
2022-07-14,17,AR1 alpha + Enhanced + One-Step,NASDAQ:IDXX,1.0942054789051911e-09
2022-07-15,17,AR1 alpha + Enhanced + One-Step,NASDAQ:IDXX,1.9036763647490756e-08
2022-07-18,17,AR1 alpha + Enhanced + One-Step,NASDAQ:IDXX,0.0
2022-07-19,17,AR1 alpha + Enhanced + One-Step,NASDAQ:IDXX,0.0
2022-07-20,17,AR1 alpha + Enhanced + One-Step,NASDAQ:IDXX,0.0
2022-07-21,17,AR1 alpha + Enhanced + One-Step,NASDAQ:IDXX,0.02500009012563143
2022-07-22,17,AR1 alpha + Enhanced + One-Step,NASDAQ:IDXX,0.02358910754276861
2022-07-25,17,AR1 alpha + Enhanced + One-Step,NASDAQ:IDXX,2.6582400775579184e-06
2022-07-26,17,AR1 alpha + Enhanced + One-Step,NASDAQ:IDXX,0.0
2022-07-27,17,AR1 alpha + Enhanced + One-Step,NASDAQ:IDXX,9.36489249301649e-10
2022-07-28,17,AR1 alpha + Enhanced + One-Step,NASDAQ:IDXX,7.637555264117579e-09
2022-07-29,17,AR1 alpha + Enhanced + One-Step,NASDAQ:IDXX,0.0
2022-08-01,17,AR1 alpha + Enhanced + One-Step,NASDAQ:IDXX,1.0214297111748152e-08
2022-08-02,17,AR1 alpha + Enhanced + One-Step,NASDAQ:IDXX,9.559422906965094e-08
2022-08-03,17,AR1 alpha + Enhanced + One-Step,NASDAQ:IDXX,6.114638617825845e-08
2022-08-04,17,AR1 alpha + Enhanced + One-Step,NASDAQ:IDXX,1.1615581111495811e-07
2022-08-05,17,AR1 alpha + Enhanced + One-Step,NASDAQ:IDXX,0.0
2022-08-08,17,AR1 alpha + Enhanced + One-Step,NASDAQ:IDXX,0.0
2022-08-09,17,AR1 alpha + Enhanced + One-Step,NASDAQ:IDXX,5.429367586612256e-07
2022-08-10,17,AR1 alpha + Enhanced + One-Step,NASDAQ:IDXX,0.0
2022-08-11,17,AR1 alpha + Enhanced + One-Step,NASDAQ:IDXX,0.0
2022-08-12,17,AR1 alpha + Enhanced + One-Step,NASDAQ:IDXX,0.0
2022-08-15,17,AR1 alpha + Enhanced + One-Step,NASDAQ:IDXX,0.0
2022-08-16,17,AR1 alpha + Enhanced + One-Step,NASDAQ:IDXX,1.8328289152048863e-08
2022-08-17,17,AR1 alpha + Enhanced + One-Step,NASDAQ:IDXX,4.2260669462285834e-07
2022-08-18,17,AR1 alpha + Enhanced + One-Step,NASDAQ:IDXX,0.0
2022-08-19,17,AR1 alpha + Enhanced + One-Step,NASDAQ:IDXX,0.0
2022-08-22,17,AR1 alpha + Enhanced + One-Step,NASDAQ:IDXX,0.0
2022-08-23,17,AR1 alpha + Enhanced + One-Step,NASDAQ:IDXX,0.0
2022-08-24,17,AR1 alpha + Enhanced + One-Step,NASDAQ:IDXX,0.0
2022-08-25,17,AR1 alpha + Enhanced + One-Step,NASDAQ:IDXX,0.0
2022-08-26,17,AR1 alpha + Enhanced + One-Step,NASDAQ:IDXX,0.0
2022-08-29,17,AR1 alpha + Enhanced + One-Step,NASDAQ:IDXX,4.031751214889612e-08
2022-08-30,17,AR1 alpha + Enhanced + One-Step,NASDAQ:IDXX,0.0
2022-08-31,17,AR1 alpha + Enhanced + One-Step,NASDAQ:IDXX,0.0
2022-09-01,17,AR1 alpha + Enhanced + One-Step,NASDAQ:IDXX,1.15473670351823e-07
2022-09-02,17,AR1 alpha + Enhanced + One-Step,NASDAQ:IDXX,5.292192959886101e-08
2022-09-06,17,AR1 alpha + Enhanced + One-Step,NASDAQ:IDXX,4.104644104300576e-08
2022-09-07,17,AR1 alpha + Enhanced + One-Step,NASDAQ:IDXX,2.694691778348207e-08
2022-09-08,17,AR1 alpha + Enhanced + One-Step,NASDAQ:IDXX,1.0954868102758165e-07
2022-09-09,17,AR1 alpha + Enhanced + One-Step,NASDAQ:IDXX,1.0538120705159567e-07
2022-09-12,17,AR1 alpha + Enhanced + One-Step,NASDAQ:IDXX,0.0
2022-09-13,17,AR1 alpha + Enhanced + One-Step,NASDAQ:IDXX,0.0
2022-09-14,17,AR1 alpha + Enhanced + One-Step,NASDAQ:IDXX,0.0
2022-09-15,17,AR1 alpha + Enhanced + One-Step,NASDAQ:IDXX,0.0
2022-09-16,17,AR1 alpha + Enhanced + One-Step,NASDAQ:IDXX,4.568501055347461e-08
2022-09-19,17,AR1 alpha + Enhanced + One-Step,NASDAQ:IDXX,0.0
2022-09-20,17,AR1 alpha + Enhanced + One-Step,NASDAQ:IDXX,1.1736626050472508e-07
2022-09-21,17,AR1 alpha + Enhanced + One-Step,NASDAQ:IDXX,0.0
2022-09-22,17,AR1 alpha + Enhanced + One-Step,NASDAQ:IDXX,0.0
2022-09-23,17,AR1 alpha + Enhanced + One-Step,NASDAQ:IDXX,0.0
2022-09-26,17,AR1 alpha + Enhanced + One-Step,NASDAQ:IDXX,0.0
2022-09-27,17,AR1 alpha + Enhanced + One-Step,NASDAQ:IDXX,0.0
2022-09-28,17,AR1 alpha + Enhanced + One-Step,NASDAQ:IDXX,0.0
2022-09-29,17,AR1 alpha + Enhanced + One-Step,NASDAQ:IDXX,2.7940052546865044e-07
2022-09-30,17,AR1 alpha + Enhanced + One-Step,NASDAQ:IDXX,8.686568502309024e-08
2022-10-03,17,AR1 alpha + Enhanced + One-Step,NASDAQ:IDXX,5.75931442445315e-08
2022-10-04,17,AR1 alpha + Enhanced + One-Step,NASDAQ:IDXX,0.0
2022-10-05,17,AR1 alpha + Enhanced + One-Step,NASDAQ:IDXX,0.0
2022-10-06,17,AR1 alpha + Enhanced + One-Step,NASDAQ:IDXX,0.0
2022-10-07,17,AR1 alpha + Enhanced + One-Step,NASDAQ:IDXX,7.913181936261726e-08
2022-10-10,17,AR1 alpha + Enhanced + One-Step,NASDAQ:IDXX,0.0
2022-10-11,17,AR1 alpha + Enhanced + One-Step,NASDAQ:IDXX,0.0
2022-10-12,17,AR1 alpha + Enhanced + One-Step,NASDAQ:IDXX,0.0
2022-10-13,17,AR1 alpha + Enhanced + One-Step,NASDAQ:IDXX,1.2309586352493817e-06
2022-10-14,17,AR1 alpha + Enhanced + One-Step,NASDAQ:IDXX,5.515842941071479e-07
2022-10-17,17,AR1 alpha + Enhanced + One-Step,NASDAQ:IDXX,2.8282155060409675e-07
2022-10-18,17,AR1 alpha + Enhanced + One-Step,NASDAQ:IDXX,1.7802397008406138e-07
2022-10-19,17,AR1 alpha + Enhanced + One-Step,NASDAQ:IDXX,1.1611653775688066e-07
2022-10-20,17,AR1 alpha + Enhanced + One-Step,NASDAQ:IDXX,0.0
2022-10-21,17,AR1 alpha + Enhanced + One-Step,NASDAQ:IDXX,3.190687211958898e-08
2022-10-24,17,AR1 alpha + Enhanced + One-Step,NASDAQ:IDXX,0.0
2022-10-25,17,AR1 alpha + Enhanced + One-Step,NASDAQ:IDXX,1.666024128907974e-08
2022-10-26,17,AR1 alpha + Enhanced + One-Step,NASDAQ:IDXX,3.118815628525187e-08
2022-10-27,17,AR1 alpha + Enhanced + One-Step,NASDAQ:IDXX,0.0
2022-10-28,17,AR1 alpha + Enhanced + One-Step,NASDAQ:IDXX,0.0
2022-10-31,17,AR1 alpha + Enhanced + One-Step,NASDAQ:IDXX,0.0
2022-11-01,17,AR1 alpha + Enhanced + One-Step,NASDAQ:IDXX,0.024940058259868822
2022-11-02,17,AR1 alpha + Enhanced + One-Step,NASDAQ:IDXX,0.012312804555708969
2022-11-03,17,AR1 alpha + Enhanced + One-Step,NASDAQ:IDXX,6.309679078173168e-06
2022-11-04,17,AR1 alpha + Enhanced + One-Step,NASDAQ:IDXX,2.4605792382984085e-06
2022-11-07,17,AR1 alpha + Enhanced + One-Step,NASDAQ:IDXX,8.583208426326464e-07
2022-11-08,17,AR1 alpha + Enhanced + One-Step,NASDAQ:IDXX,5.330961073480527e-07
2022-11-09,17,AR1 alpha + Enhanced + One-Step,NASDAQ:IDXX,1.8930070299067786e-07
2022-11-10,17,AR1 alpha + Enhanced + One-Step,NASDAQ:IDXX,0.02240442026605543
2022-11-11,17,AR1 alpha + Enhanced + One-Step,NASDAQ:IDXX,0.04738256636212969
2022-11-14,17,AR1 alpha + Enhanced + One-Step,NASDAQ:IDXX,0.05410765557266426
2022-11-15,17,AR1 alpha + Enhanced + One-Step,NASDAQ:IDXX,0.05410767508629172
2022-11-16,17,AR1 alpha + Enhanced + One-Step,NASDAQ:IDXX,0.04746845725039201
2022-11-17,17,AR1 alpha + Enhanced + One-Step,NASDAQ:IDXX,0.022440251793265604
2022-11-18,17,AR1 alpha + Enhanced + One-Step,NASDAQ:IDXX,3.931494214120357e-07
2022-11-21,17,AR1 alpha + Enhanced + One-Step,NASDAQ:IDXX,0.0
2022-11-22,17,AR1 alpha + Enhanced + One-Step,NASDAQ:IDXX,0.0
2022-11-23,17,AR1 alpha + Enhanced + One-Step,NASDAQ:IDXX,3.1378581576815816e-07
2022-11-25,17,AR1 alpha + Enhanced + One-Step,NASDAQ:IDXX,3.195302668516745e-07
2022-11-28,17,AR1 alpha + Enhanced + One-Step,NASDAQ:IDXX,2.266137760979844e-07
2022-11-29,17,AR1 alpha + Enhanced + One-Step,NASDAQ:IDXX,1.4312793596911293e-07
2022-11-30,17,AR1 alpha + Enhanced + One-Step,NASDAQ:IDXX,9.15104035889914e-08
2022-12-01,17,AR1 alpha + Enhanced + One-Step,NASDAQ:IDXX,0.008881169323587772
2022-12-02,17,AR1 alpha + Enhanced + One-Step,NASDAQ:IDXX,0.008881205161719856
2022-12-05,17,AR1 alpha + Enhanced + One-Step,NASDAQ:IDXX,0.0
2022-12-06,17,AR1 alpha + Enhanced + One-Step,NASDAQ:IDXX,0.0
2022-12-07,17,AR1 alpha + Enhanced + One-Step,NASDAQ:IDXX,0.0
2022-12-08,17,AR1 alpha + Enhanced + One-Step,NASDAQ:IDXX,0.0
2022-12-09,17,AR1 alpha + Enhanced + One-Step,NASDAQ:IDXX,0.0
2022-12-12,17,AR1 alpha + Enhanced + One-Step,NASDAQ:IDXX,0.0
2022-12-13,17,AR1 alpha + Enhanced + One-Step,NASDAQ:IDXX,0.0
2022-12-14,17,AR1 alpha + Enhanced + One-Step,NASDAQ:IDXX,0.0
2022-12-15,17,AR1 alpha + Enhanced + One-Step,NASDAQ:IDXX,0.0
2022-12-16,17,AR1 alpha + Enhanced + One-Step,NASDAQ:IDXX,0.0
2022-12-19,17,AR1 alpha + Enhanced + One-Step,NASDAQ:IDXX,0.0
2022-12-20,17,AR1 alpha + Enhanced + One-Step,NASDAQ:IDXX,0.0
2022-12-21,17,AR1 alpha + Enhanced + One-Step,NASDAQ:IDXX,3.1838047611595853e-08
2022-12-22,17,AR1 alpha + Enhanced + One-Step,NASDAQ:IDXX,1.8698468674745337e-08
2022-12-23,17,AR1 alpha + Enhanced + One-Step,NASDAQ:IDXX,3.460099854616495e-08
2022-12-27,17,AR1 alpha + Enhanced + One-Step,NASDAQ:IDXX,3.25180313188676e-08
2022-12-28,17,AR1 alpha + Enhanced + One-Step,NASDAQ:IDXX,0.0
2022-12-29,17,AR1 alpha + Enhanced + One-Step,NASDAQ:IDXX,0.0
2022-12-30,17,AR1 alpha + Enhanced + One-Step,NASDAQ:IDXX,0.0
2023-01-03,17,AR1 alpha + Enhanced + One-Step,NASDAQ:IDXX,5.117503907541484e-09
2023-01-04,17,AR1 alpha + Enhanced + One-Step,NASDAQ:IDXX,3.4690337669123544e-09
2023-01-05,17,AR1 alpha + Enhanced + One-Step,NASDAQ:IDXX,3.5158364564682683e-07
2023-01-06,17,AR1 alpha + Enhanced + One-Step,NASDAQ:IDXX,0.025004569545321046
2023-01-09,17,AR1 alpha + Enhanced + One-Step,NASDAQ:IDXX,0.026351599728095875
2023-01-10,17,AR1 alpha + Enhanced + One-Step,NASDAQ:IDXX,0.051399035377738746
2023-01-11,17,AR1 alpha + Enhanced + One-Step,NASDAQ:IDXX,0.05139681338348963
2023-01-12,17,AR1 alpha + Enhanced + One-Step,NASDAQ:IDXX,0.05139473554776723
2023-01-13,17,AR1 alpha + Enhanced + One-Step,NASDAQ:IDXX,0.06876797722625778
2023-01-17,17,AR1 alpha + Enhanced + One-Step,NASDAQ:IDXX,0.06876725759815289
2023-01-18,17,AR1 alpha + Enhanced + One-Step,NASDAQ:IDXX,0.0687673009781048
2023-01-19,17,AR1 alpha + Enhanced + One-Step,NASDAQ:IDXX,0.04643997468145086
2023-01-20,17,AR1 alpha + Enhanced + One-Step,NASDAQ:IDXX,0.04643925321090243
2023-01-23,17,AR1 alpha + Enhanced + One-Step,NASDAQ:IDXX,0.06439968510979749
2023-01-24,17,AR1 alpha + Enhanced + One-Step,NASDAQ:IDXX,0.04684992209659165
2023-01-25,17,AR1 alpha + Enhanced + One-Step,NASDAQ:IDXX,0.03234412278547405
2023-01-26,17,AR1 alpha + Enhanced + One-Step,NASDAQ:IDXX,0.032344022712607286
2023-01-27,17,AR1 alpha + Enhanced + One-Step,NASDAQ:IDXX,0.03234184380215538
2023-01-30,17,AR1 alpha + Enhanced + One-Step,NASDAQ:IDXX,0.03234213068365679
2023-01-31,17,AR1 alpha + Enhanced + One-Step,NASDAQ:IDXX,0.014237449077267168
2023-02-01,17,AR1 alpha + Enhanced + One-Step,NASDAQ:IDXX,0.014236983104391055
2023-02-02,17,AR1 alpha + Enhanced + One-Step,NASDAQ:IDXX,0.014238435065037022
2023-02-03,17,AR1 alpha + Enhanced + One-Step,NASDAQ:IDXX,0.014238488503543806
2023-02-06,17,AR1 alpha + Enhanced + One-Step,NASDAQ:IDXX,0.014239380103582914
2023-02-07,17,AR1 alpha + Enhanced + One-Step,NASDAQ:IDXX,0.014242710672096183
2023-02-08,17,AR1 alpha + Enhanced + One-Step,NASDAQ:IDXX,0.014243005022379148
2023-02-09,17,AR1 alpha + Enhanced + One-Step,NASDAQ:IDXX,0.0
2023-02-10,17,AR1 alpha + Enhanced + One-Step,NASDAQ:IDXX,0.0
2023-02-13,17,AR1 alpha + Enhanced + One-Step,NASDAQ:IDXX,0.0
2023-02-14,17,AR1 alpha + Enhanced + One-Step,NASDAQ:IDXX,0.0
2023-02-15,17,AR1 alpha + Enhanced + One-Step,NASDAQ:IDXX,0.0
2023-02-16,17,AR1 alpha + Enhanced + One-Step,NASDAQ:IDXX,0.0
2023-02-17,17,AR1 alpha + Enhanced + One-Step,NASDAQ:IDXX,0.0
2023-02-21,17,AR1 alpha + Enhanced + One-Step,NASDAQ:IDXX,0.0
2023-02-22,17,AR1 alpha + Enhanced + One-Step,NASDAQ:IDXX,0.0
2023-02-23,17,AR1 alpha + Enhanced + One-Step,NASDAQ:IDXX,1.1814443472973546e-08
2023-02-24,17,AR1 alpha + Enhanced + One-Step,NASDAQ:IDXX,1.3982565611218024e-06
2023-02-27,17,AR1 alpha + Enhanced + One-Step,NASDAQ:IDXX,8.91473713470028e-07
2023-02-28,17,AR1 alpha + Enhanced + One-Step,NASDAQ:IDXX,1.0515167254129013e-06
2023-03-01,17,AR1 alpha + Enhanced + One-Step,NASDAQ:IDXX,4.100455830248102e-07
2023-03-02,17,AR1 alpha + Enhanced + One-Step,NASDAQ:IDXX,3.5530235599118775e-09
2023-03-03,17,AR1 alpha + Enhanced + One-Step,NASDAQ:IDXX,0.0
2023-03-06,17,AR1 alpha + Enhanced + One-Step,NASDAQ:IDXX,1.6618439858200778e-09
2023-03-07,17,AR1 alpha + Enhanced + One-Step,NASDAQ:IDXX,0.0
2023-03-08,17,AR1 alpha + Enhanced + One-Step,NASDAQ:IDXX,5.301892401206712e-08
2023-03-09,17,AR1 alpha + Enhanced + One-Step,NASDAQ:IDXX,0.0
2023-03-10,17,AR1 alpha + Enhanced + One-Step,NASDAQ:IDXX,0.0
2023-03-13,17,AR1 alpha + Enhanced + One-Step,NASDAQ:IDXX,0.0
2023-03-14,17,AR1 alpha + Enhanced + One-Step,NASDAQ:IDXX,3.4668069877760434e-09
2023-03-15,17,AR1 alpha + Enhanced + One-Step,NASDAQ:IDXX,0.0
2023-03-16,17,AR1 alpha + Enhanced + One-Step,NASDAQ:IDXX,7.075855690703934e-09
2023-03-17,17,AR1 alpha + Enhanced + One-Step,NASDAQ:IDXX,0.0
2023-03-20,17,AR1 alpha + Enhanced + One-Step,NASDAQ:IDXX,0.0
2023-03-21,17,AR1 alpha + Enhanced + One-Step,NASDAQ:IDXX,0.01704348793856573
2023-03-22,17,AR1 alpha + Enhanced + One-Step,NASDAQ:IDXX,0.017042657687282785
2023-03-23,17,AR1 alpha + Enhanced + One-Step,NASDAQ:IDXX,0.017041522873432496
2023-03-24,17,AR1 alpha + Enhanced + One-Step,NASDAQ:IDXX,0.017041509560161774
2023-03-27,17,AR1 alpha + Enhanced + One-Step,NASDAQ:IDXX,0.017041367884524823
2023-03-28,17,AR1 alpha + Enhanced + One-Step,NASDAQ:IDXX,0.017041273136984197
2023-03-29,17,AR1 alpha + Enhanced + One-Step,NASDAQ:IDXX,0.017041286243952212
2023-03-30,17,AR1 alpha + Enhanced + One-Step,NASDAQ:IDXX,0.01853228588456545
2023-03-31,17,AR1 alpha + Enhanced + One-Step,NASDAQ:IDXX,0.019592743478746566
2023-04-03,17,AR1 alpha + Enhanced + One-Step,NASDAQ:IDXX,0.019592453564680336
2023-04-04,17,AR1 alpha + Enhanced + One-Step,NASDAQ:IDXX,0.006168314263096147
2023-04-05,17,AR1 alpha + Enhanced + One-Step,NASDAQ:IDXX,0.0
2023-04-06,17,AR1 alpha + Enhanced + One-Step,NASDAQ:IDXX,8.930880056079276e-08
2023-04-10,17,AR1 alpha + Enhanced + One-Step,NASDAQ:IDXX,6.396568799684209e-07
2023-04-11,17,AR1 alpha + Enhanced + One-Step,NASDAQ:IDXX,2.372334819442497e-08
2023-04-12,17,AR1 alpha + Enhanced + One-Step,NASDAQ:IDXX,0.0
2023-04-13,17,AR1 alpha + Enhanced + One-Step,NASDAQ:IDXX,0.0
2023-04-14,17,AR1 alpha + Enhanced + One-Step,NASDAQ:IDXX,7.291839072174773e-08
2023-04-17,17,AR1 alpha + Enhanced + One-Step,NASDAQ:IDXX,2.2259045574555662e-07
2023-04-18,17,AR1 alpha + Enhanced + One-Step,NASDAQ:IDXX,2.7247443508700823e-07
2023-04-19,17,AR1 alpha + Enhanced + One-Step,NASDAQ:IDXX,1.9845419782025872e-07
2023-04-20,17,AR1 alpha + Enhanced + One-Step,NASDAQ:IDXX,0.005830063539052692
2023-04-21,17,AR1 alpha + Enhanced + One-Step,NASDAQ:IDXX,0.011371550786621158
2023-04-24,17,AR1 alpha + Enhanced + One-Step,NASDAQ:IDXX,0.024578602692208497
2023-04-25,17,AR1 alpha + Enhanced + One-Step,NASDAQ:IDXX,0.01571347443347372
2023-04-26,17,AR1 alpha + Enhanced + One-Step,NASDAQ:IDXX,0.01406924708395336
2023-04-27,17,AR1 alpha + Enhanced + One-Step,NASDAQ:IDXX,0.014068474304839042
2023-04-28,17,AR1 alpha + Enhanced + One-Step,NASDAQ:IDXX,0.0175193660529782
2023-05-01,17,AR1 alpha + Enhanced + One-Step,NASDAQ:IDXX,0.017519081566388116
2023-05-02,17,AR1 alpha + Enhanced + One-Step,NASDAQ:IDXX,0.017519214667624673
2023-05-03,17,AR1 alpha + Enhanced + One-Step,NASDAQ:IDXX,0.01751935548885597
2023-05-04,17,AR1 alpha + Enhanced + One-Step,NASDAQ:IDXX,0.017519335903236035
2023-05-05,17,AR1 alpha + Enhanced + One-Step,NASDAQ:IDXX,0.017519336051517263
2023-05-08,17,AR1 alpha + Enhanced + One-Step,NASDAQ:IDXX,0.017518756447753022
2023-05-09,17,AR1 alpha + Enhanced + One-Step,NASDAQ:IDXX,0.01751874763610249
2023-05-10,17,AR1 alpha + Enhanced + One-Step,NASDAQ:IDXX,0.017518787507922913
2023-05-11,17,AR1 alpha + Enhanced + One-Step,NASDAQ:IDXX,0.017518921566071696
2023-05-12,17,AR1 alpha + Enhanced + One-Step,NASDAQ:IDXX,0.01751893657219823
2023-05-15,17,AR1 alpha + Enhanced + One-Step,NASDAQ:IDXX,0.017517609002752205
2023-05-16,17,AR1 alpha + Enhanced + One-Step,NASDAQ:IDXX,0.01883862157379566
2023-05-17,17,AR1 alpha + Enhanced + One-Step,NASDAQ:IDXX,0.04143310256302875
2023-05-18,17,AR1 alpha + Enhanced + One-Step,NASDAQ:IDXX,0.05507474530065624
2023-05-19,17,AR1 alpha + Enhanced + One-Step,NASDAQ:IDXX,0.058818148229662956
2023-05-22,17,AR1 alpha + Enhanced + One-Step,NASDAQ:IDXX,0.07219205933333595
2023-05-23,17,AR1 alpha + Enhanced + One-Step,NASDAQ:IDXX,0.07219099769794733
2023-05-24,17,AR1 alpha + Enhanced + One-Step,NASDAQ:IDXX,0.07913817879660172
2023-05-25,17,AR1 alpha + Enhanced + One-Step,NASDAQ:IDXX,0.07913776161058378
2023-05-26,17,AR1 alpha + Enhanced + One-Step,NASDAQ:IDXX,0.0791375378719054
2023-05-30,17,AR1 alpha + Enhanced + One-Step,NASDAQ:IDXX,0.07913743272406938
2023-05-31,17,AR1 alpha + Enhanced + One-Step,NASDAQ:IDXX,0.07913633614855277
2023-06-01,17,AR1 alpha + Enhanced + One-Step,NASDAQ:IDXX,0.0791326152939394
2023-06-02,17,AR1 alpha + Enhanced + One-Step,NASDAQ:IDXX,0.08729497696288573
2023-06-05,17,AR1 alpha + Enhanced + One-Step,NASDAQ:IDXX,0.09282295000977867
2023-06-06,17,AR1 alpha + Enhanced + One-Step,NASDAQ:IDXX,0.09992786791211773
2023-06-07,17,AR1 alpha + Enhanced + One-Step,NASDAQ:IDXX,0.0999990339007686
2023-06-08,17,AR1 alpha + Enhanced + One-Step,NASDAQ:IDXX,0.09999914898743034
2023-06-09,17,AR1 alpha + Enhanced + One-Step,NASDAQ:IDXX,0.09999718761228599
2023-06-12,17,AR1 alpha + Enhanced + One-Step,NASDAQ:IDXX,0.09999709654119214
2023-06-13,17,AR1 alpha + Enhanced + One-Step,NASDAQ:IDXX,0.09875667194638031
2023-06-14,17,AR1 alpha + Enhanced + One-Step,NASDAQ:IDXX,0.09784771019896946
2023-06-15,17,AR1 alpha + Enhanced + One-Step,NASDAQ:IDXX,0.09636799393159377
2023-06-16,17,AR1 alpha + Enhanced + One-Step,NASDAQ:IDXX,0.09523113992940968
2023-06-20,17,AR1 alpha + Enhanced + One-Step,NASDAQ:IDXX,0.086030167352864
2023-06-21,17,AR1 alpha + Enhanced + One-Step,NASDAQ:IDXX,0.08322969618792002
2023-06-22,17,AR1 alpha + Enhanced + One-Step,NASDAQ:IDXX,0.07806291015721151
2023-06-23,17,AR1 alpha + Enhanced + One-Step,NASDAQ:IDXX,0.0674126343715107
2023-06-26,17,AR1 alpha + Enhanced + One-Step,NASDAQ:IDXX,0.06740991596673651
2023-06-27,17,AR1 alpha + Enhanced + One-Step,NASDAQ:IDXX,0.06740836223858064
2023-06-28,17,AR1 alpha + Enhanced + One-Step,NASDAQ:IDXX,0.06801422326825313
2023-06-29,17,AR1 alpha + Enhanced + One-Step,NASDAQ:IDXX,0.06801170547010416
2023-06-30,17,AR1 alpha + Enhanced + One-Step,NASDAQ:IDXX,0.06801095779529873
2023-07-03,17,AR1 alpha + Enhanced + One-Step,NASDAQ:IDXX,0.07172295151681551
2023-07-05,17,AR1 alpha + Enhanced + One-Step,NASDAQ:IDXX,0.071721248502347
2023-07-06,17,AR1 alpha + Enhanced + One-Step,NASDAQ:IDXX,0.07172120964756581
2023-07-07,17,AR1 alpha + Enhanced + One-Step,NASDAQ:IDXX,0.07172068135142186
2023-07-10,17,AR1 alpha + Enhanced + One-Step,NASDAQ:IDXX,0.07172076529959592
2023-07-11,17,AR1 alpha + Enhanced + One-Step,NASDAQ:IDXX,0.07171782489232714
2023-07-12,17,AR1 alpha + Enhanced + One-Step,NASDAQ:IDXX,0.07171795488279116
2023-07-13,17,AR1 alpha + Enhanced + One-Step,NASDAQ:IDXX,0.07171399062385093
2023-07-14,17,AR1 alpha + Enhanced + One-Step,NASDAQ:IDXX,0.07171169758820664
2023-07-17,17,AR1 alpha + Enhanced + One-Step,NASDAQ:IDXX,0.07171063013851747
2023-07-18,17,AR1 alpha + Enhanced + One-Step,NASDAQ:IDXX,0.0717112821063309
2023-07-19,17,AR1 alpha + Enhanced + One-Step,NASDAQ:IDXX,0.07249167118703925
2023-07-20,17,AR1 alpha + Enhanced + One-Step,NASDAQ:IDXX,0.07249102322961315
2023-07-21,17,AR1 alpha + Enhanced + One-Step,NASDAQ:IDXX,0.07248959138745062
2023-07-24,17,AR1 alpha + Enhanced + One-Step,NASDAQ:IDXX,0.07248278570310594
2023-07-25,17,AR1 alpha + Enhanced + One-Step,NASDAQ:IDXX,0.0724808876670623
2023-07-26,17,AR1 alpha + Enhanced + One-Step,NASDAQ:IDXX,0.0773728399274453
2023-07-27,17,AR1 alpha + Enhanced + One-Step,NASDAQ:IDXX,0.0773713969762902
2023-08-01,17,AR1 alpha + Enhanced + One-Step,NASDAQ:IDXX,0.0773697093526708
2023-08-02,17,AR1 alpha + Enhanced + One-Step,NASDAQ:IDXX,0.07736915769505229
2023-08-03,17,AR1 alpha + Enhanced + One-Step,NASDAQ:IDXX,0.09158840886658806
2023-08-04,17,AR1 alpha + Enhanced + One-Step,NASDAQ:IDXX,0.09159246959954415
2023-08-07,17,AR1 alpha + Enhanced + One-Step,NASDAQ:IDXX,0.09159228735171879
2023-08-08,17,AR1 alpha + Enhanced + One-Step,NASDAQ:IDXX,0.09159215577679536
2023-08-09,17,AR1 alpha + Enhanced + One-Step,NASDAQ:IDXX,0.09159212090201296
2023-08-10,17,AR1 alpha + Enhanced + One-Step,NASDAQ:IDXX,0.09158962067123504
2023-08-11,17,AR1 alpha + Enhanced + One-Step,NASDAQ:IDXX,0.0915864490934508
2023-08-14,17,AR1 alpha + Enhanced + One-Step,NASDAQ:IDXX,0.09158264247456278
2023-08-15,17,AR1 alpha + Enhanced + One-Step,NASDAQ:IDXX,0.09158106150142183
2023-08-16,17,AR1 alpha + Enhanced + One-Step,NASDAQ:IDXX,0.09157777995511715
2023-08-17,17,AR1 alpha + Enhanced + One-Step,NASDAQ:IDXX,0.09157521927700046
2023-08-18,17,AR1 alpha + Enhanced + One-Step,NASDAQ:IDXX,0.09157198569221112
2023-08-21,17,AR1 alpha + Enhanced + One-Step,NASDAQ:IDXX,0.0915699665495057
2023-08-22,17,AR1 alpha + Enhanced + One-Step,NASDAQ:IDXX,0.09156977659431886
2023-08-23,17,AR1 alpha + Enhanced + One-Step,NASDAQ:IDXX,0.09156709988988264
2023-08-24,17,AR1 alpha + Enhanced + One-Step,NASDAQ:IDXX,0.09156648342814926
2023-08-25,17,AR1 alpha + Enhanced + One-Step,NASDAQ:IDXX,0.09156642655130445
2023-08-28,17,AR1 alpha + Enhanced + One-Step,NASDAQ:IDXX,0.0945017891475975
2023-08-29,17,AR1 alpha + Enhanced + One-Step,NASDAQ:IDXX,0.09450014711349497
2023-08-30,17,AR1 alpha + Enhanced + One-Step,NASDAQ:IDXX,0.09449887256068555
2023-08-31,17,AR1 alpha + Enhanced + One-Step,NASDAQ:IDXX,0.09449743269680987
2023-09-01,17,AR1 alpha + Enhanced + One-Step,NASDAQ:IDXX,0.09449548621066105
2023-09-05,17,AR1 alpha + Enhanced + One-Step,NASDAQ:IDXX,0.09448776618017272
2023-09-06,17,AR1 alpha + Enhanced + One-Step,NASDAQ:IDXX,0.09448419382662347
2023-09-07,17,AR1 alpha + Enhanced + One-Step,NASDAQ:IDXX,0.09448421203928654
2023-09-08,17,AR1 alpha + Enhanced + One-Step,NASDAQ:IDXX,0.09999941138742201
2023-09-11,17,AR1 alpha + Enhanced + One-Step,NASDAQ:IDXX,0.09983333612198657
2023-09-12,17,AR1 alpha + Enhanced + One-Step,NASDAQ:IDXX,0.09983350874370042
2023-09-13,17,AR1 alpha + Enhanced + One-Step,NASDAQ:IDXX,0.09983025965951145
2023-09-14,17,AR1 alpha + Enhanced + One-Step,NASDAQ:IDXX,0.09764483271287097
2023-09-15,17,AR1 alpha + Enhanced + One-Step,NASDAQ:IDXX,0.09764492989942293
2023-09-18,17,AR1 alpha + Enhanced + One-Step,NASDAQ:IDXX,0.09839983384331827
2023-09-19,17,AR1 alpha + Enhanced + One-Step,NASDAQ:IDXX,0.09839985991134989
2023-09-20,17,AR1 alpha + Enhanced + One-Step,NASDAQ:IDXX,0.09280561333513673
2023-09-21,17,AR1 alpha + Enhanced + One-Step,NASDAQ:IDXX,0.09999899357665995
2023-09-22,17,AR1 alpha + Enhanced + One-Step,NASDAQ:IDXX,0.09999930147861483
2023-09-25,17,AR1 alpha + Enhanced + One-Step,NASDAQ:IDXX,0.09999721326792786
2023-09-26,17,AR1 alpha + Enhanced + One-Step,NASDAQ:IDXX,0.09999813387912149
2023-09-27,17,AR1 alpha + Enhanced + One-Step,NASDAQ:IDXX,0.09999862735223301
2023-09-28,17,AR1 alpha + Enhanced + One-Step,NASDAQ:IDXX,0.09030992192322806
2023-09-29,17,AR1 alpha + Enhanced + One-Step,NASDAQ:IDXX,0.06835389997730577
2023-10-02,17,AR1 alpha + Enhanced + One-Step,NASDAQ:IDXX,0.05368145019007872
2023-10-03,17,AR1 alpha + Enhanced + One-Step,NASDAQ:IDXX,0.053679442303723346
2023-10-04,17,AR1 alpha + Enhanced + One-Step,NASDAQ:IDXX,0.0536739882495145
2023-10-05,17,AR1 alpha + Enhanced + One-Step,NASDAQ:IDXX,0.03735898160652851
2023-10-06,17,AR1 alpha + Enhanced + One-Step,NASDAQ:IDXX,0.012355669892375791
2023-10-09,17,AR1 alpha + Enhanced + One-Step,NASDAQ:IDXX,0.0
2023-10-10,17,AR1 alpha + Enhanced + One-Step,NASDAQ:IDXX,2.467543120241983e-07
2023-10-11,17,AR1 alpha + Enhanced + One-Step,NASDAQ:IDXX,0.004900767616408367
2023-10-12,17,AR1 alpha + Enhanced + One-Step,NASDAQ:IDXX,0.015432287934434349
2023-10-13,17,AR1 alpha + Enhanced + One-Step,NASDAQ:IDXX,0.02995760111927144
2023-10-16,17,AR1 alpha + Enhanced + One-Step,NASDAQ:IDXX,0.03659673258245558
2023-10-17,17,AR1 alpha + Enhanced + One-Step,NASDAQ:IDXX,0.03659613440678203
2023-10-18,17,AR1 alpha + Enhanced + One-Step,NASDAQ:IDXX,0.03659633896917548
2023-10-19,17,AR1 alpha + Enhanced + One-Step,NASDAQ:IDXX,0.03280213446927331
2023-10-20,17,AR1 alpha + Enhanced + One-Step,NASDAQ:IDXX,0.02211498553282059
2023-10-23,17,AR1 alpha + Enhanced + One-Step,NASDAQ:IDXX,0.011200048957671141
2023-10-24,17,AR1 alpha + Enhanced + One-Step,NASDAQ:IDXX,0.005211635101647696
2023-10-25,17,AR1 alpha + Enhanced + One-Step,NASDAQ:IDXX,0.0052115355594794886
2023-10-26,17,AR1 alpha + Enhanced + One-Step,NASDAQ:IDXX,0.02088834606498779
2023-10-27,17,AR1 alpha + Enhanced + One-Step,NASDAQ:IDXX,0.02269895625252011
2023-10-30,17,AR1 alpha + Enhanced + One-Step,NASDAQ:IDXX,0.022698882164783385
2023-10-31,17,AR1 alpha + Enhanced + One-Step,NASDAQ:IDXX,0.022699084816864522
2023-11-01,17,AR1 alpha + Enhanced + One-Step,NASDAQ:IDXX,0.02886999114798685
2023-11-02,17,AR1 alpha + Enhanced + One-Step,NASDAQ:IDXX,0.028871743527744485
2023-11-03,17,AR1 alpha + Enhanced + One-Step,NASDAQ:IDXX,0.028871750623873503
2023-11-06,17,AR1 alpha + Enhanced + One-Step,NASDAQ:IDXX,0.028871885170139104
2023-11-07,17,AR1 alpha + Enhanced + One-Step,NASDAQ:IDXX,0.026824073596676924
2023-11-08,17,AR1 alpha + Enhanced + One-Step,NASDAQ:IDXX,0.006437173222734058
2023-11-09,17,AR1 alpha + Enhanced + One-Step,NASDAQ:IDXX,0.0
2023-11-10,17,AR1 alpha + Enhanced + One-Step,NASDAQ:IDXX,0.0
2023-11-13,17,AR1 alpha + Enhanced + One-Step,NASDAQ:IDXX,1.6436739446285168e-07
2023-11-14,17,AR1 alpha + Enhanced + One-Step,NASDAQ:IDXX,1.2518451909547347e-07
2023-11-15,17,AR1 alpha + Enhanced + One-Step,NASDAQ:IDXX,0.0
2023-11-16,17,AR1 alpha + Enhanced + One-Step,NASDAQ:IDXX,0.0
2023-11-17,17,AR1 alpha + Enhanced + One-Step,NASDAQ:IDXX,0.0
2023-11-20,17,AR1 alpha + Enhanced + One-Step,NASDAQ:IDXX,9.16589607887218e-08
2023-11-21,17,AR1 alpha + Enhanced + One-Step,NASDAQ:IDXX,1.0271409146005001e-07
2023-11-22,17,AR1 alpha + Enhanced + One-Step,NASDAQ:IDXX,3.409843369353462e-08
2023-11-24,17,AR1 alpha + Enhanced + One-Step,NASDAQ:IDXX,2.488670100787438e-08
2023-11-27,17,AR1 alpha + Enhanced + One-Step,NASDAQ:IDXX,0.0
2023-11-28,17,AR1 alpha + Enhanced + One-Step,NASDAQ:IDXX,8.077063829845844e-08
2023-11-29,17,AR1 alpha + Enhanced + One-Step,NASDAQ:IDXX,0.0
2023-11-30,17,AR1 alpha + Enhanced + One-Step,NASDAQ:IDXX,2.954638167007807e-08
2023-12-01,17,AR1 alpha + Enhanced + One-Step,NASDAQ:IDXX,2.7796129877407146e-08
2023-12-04,17,AR1 alpha + Enhanced + One-Step,NASDAQ:IDXX,0.0
2023-12-05,17,AR1 alpha + Enhanced + One-Step,NASDAQ:IDXX,0.0
2023-12-06,17,AR1 alpha + Enhanced + One-Step,NASDAQ:IDXX,4.858854956506737e-08
2023-12-07,17,AR1 alpha + Enhanced + One-Step,NASDAQ:IDXX,4.268098406886205e-08
2023-12-08,17,AR1 alpha + Enhanced + One-Step,NASDAQ:IDXX,4.933412903351248e-08
2023-12-11,17,AR1 alpha + Enhanced + One-Step,NASDAQ:IDXX,4.6221620579572304e-07
2023-12-12,17,AR1 alpha + Enhanced + One-Step,NASDAQ:IDXX,3.8552172221477127e-07
2023-12-13,17,AR1 alpha + Enhanced + One-Step,NASDAQ:IDXX,6.466868953137595e-07
2023-12-14,17,AR1 alpha + Enhanced + One-Step,NASDAQ:IDXX,3.9897968894942983e-07
2023-12-15,17,AR1 alpha + Enhanced + One-Step,NASDAQ:IDXX,6.185293538729355e-08
2023-12-18,17,AR1 alpha + Enhanced + One-Step,NASDAQ:IDXX,5.5191734299519125e-09
2023-12-19,17,AR1 alpha + Enhanced + One-Step,NASDAQ:IDXX,0.0
2023-12-20,17,AR1 alpha + Enhanced + One-Step,NASDAQ:IDXX,2.0218578441118618e-06
2023-12-21,17,AR1 alpha + Enhanced + One-Step,NASDAQ:IDXX,1.1929269971156425e-06
2023-12-22,17,AR1 alpha + Enhanced + One-Step,NASDAQ:IDXX,9.009511142421347e-07
2023-12-26,17,AR1 alpha + Enhanced + One-Step,NASDAQ:IDXX,3.6619880901693436e-07
2023-12-27,17,AR1 alpha + Enhanced + One-Step,NASDAQ:IDXX,2.732016987194012e-07
2023-12-28,17,AR1 alpha + Enhanced + One-Step,NASDAQ:IDXX,2.424462156321824e-07
2023-12-29,17,AR1 alpha + Enhanced + One-Step,NASDAQ:IDXX,4.775274486608855e-07
2024-01-02,17,AR1 alpha + Enhanced + One-Step,NASDAQ:IDXX,1.624745891205541e-07
2024-01-03,17,AR1 alpha + Enhanced + One-Step,NASDAQ:IDXX,0.0
2024-01-04,17,AR1 alpha + Enhanced + One-Step,NASDAQ:IDXX,0.0
2024-01-05,17,AR1 alpha + Enhanced + One-Step,NASDAQ:IDXX,9.260175123930774e-08
2024-01-08,17,AR1 alpha + Enhanced + One-Step,NASDAQ:IDXX,2.7576909962977726e-07
2024-01-09,17,AR1 alpha + Enhanced + One-Step,NASDAQ:IDXX,0.0
2024-01-10,17,AR1 alpha + Enhanced + One-Step,NASDAQ:IDXX,9.667929311088163e-07
2024-01-11,17,AR1 alpha + Enhanced + One-Step,NASDAQ:IDXX,5.438164739641248e-07
2024-01-12,17,AR1 alpha + Enhanced + One-Step,NASDAQ:IDXX,2.077126085693642e-07
2024-01-16,17,AR1 alpha + Enhanced + One-Step,NASDAQ:IDXX,0.0
2024-01-17,17,AR1 alpha + Enhanced + One-Step,NASDAQ:IDXX,0.0
2024-01-18,17,AR1 alpha + Enhanced + One-Step,NASDAQ:IDXX,0.0
2024-01-19,17,AR1 alpha + Enhanced + One-Step,NASDAQ:IDXX,0.0
2024-01-22,17,AR1 alpha + Enhanced + One-Step,NASDAQ:IDXX,0.0
2024-01-23,17,AR1 alpha + Enhanced + One-Step,NASDAQ:IDXX,0.0
2024-01-24,17,AR1 alpha + Enhanced + One-Step,NASDAQ:IDXX,0.0
2024-01-25,17,AR1 alpha + Enhanced + One-Step,NASDAQ:IDXX,0.0
2024-01-26,17,AR1 alpha + Enhanced + One-Step,NASDAQ:IDXX,0.0
2024-01-29,17,AR1 alpha + Enhanced + One-Step,NASDAQ:IDXX,0.0
2024-01-30,17,AR1 alpha + Enhanced + One-Step,NASDAQ:IDXX,0.0
2024-01-31,17,AR1 alpha + Enhanced + One-Step,NASDAQ:IDXX,0.0
2024-02-01,17,AR1 alpha + Enhanced + One-Step,NASDAQ:IDXX,3.881149068443344e-08
2024-02-02,17,AR1 alpha + Enhanced + One-Step,NASDAQ:IDXX,0.0
2024-02-05,17,AR1 alpha + Enhanced + One-Step,NASDAQ:IDXX,0.01563895181689154
2024-02-06,17,AR1 alpha + Enhanced + One-Step,NASDAQ:IDXX,0.01563885304851027
2024-02-07,17,AR1 alpha + Enhanced + One-Step,NASDAQ:IDXX,0.015638838032371365
2024-02-08,17,AR1 alpha + Enhanced + One-Step,NASDAQ:IDXX,0.015638816241919262
2024-02-09,17,AR1 alpha + Enhanced + One-Step,NASDAQ:IDXX,0.0156371494485935
2024-02-12,17,AR1 alpha + Enhanced + One-Step,NASDAQ:IDXX,0.015636394524999406
2024-02-13,17,AR1 alpha + Enhanced + One-Step,NASDAQ:IDXX,0.015636233742248096
2024-02-14,17,AR1 alpha + Enhanced + One-Step,NASDAQ:IDXX,0.015636675037361582
2024-02-15,17,AR1 alpha + Enhanced + One-Step,NASDAQ:IDXX,0.009727329358410638
2024-02-16,17,AR1 alpha + Enhanced + One-Step,NASDAQ:IDXX,0.009727703821792145
2024-02-20,17,AR1 alpha + Enhanced + One-Step,NASDAQ:IDXX,0.009727948082215417
2024-02-21,17,AR1 alpha + Enhanced + One-Step,NASDAQ:IDXX,0.009726748671817892
2024-02-22,17,AR1 alpha + Enhanced + One-Step,NASDAQ:IDXX,0.009724815231140643
2024-02-23,17,AR1 alpha + Enhanced + One-Step,NASDAQ:IDXX,0.009724481933864272
2024-02-26,17,AR1 alpha + Enhanced + One-Step,NASDAQ:IDXX,0.009722876154847078
2024-02-27,17,AR1 alpha + Enhanced + One-Step,NASDAQ:IDXX,0.0032747398530250625
2024-02-28,17,AR1 alpha + Enhanced + One-Step,NASDAQ:IDXX,0.00327286140732093
2024-02-29,17,AR1 alpha + Enhanced + One-Step,NASDAQ:IDXX,0.0
2024-03-01,17,AR1 alpha + Enhanced + One-Step,NASDAQ:IDXX,0.0
2024-03-04,17,AR1 alpha + Enhanced + One-Step,NASDAQ:IDXX,0.0
2024-03-05,17,AR1 alpha + Enhanced + One-Step,NASDAQ:IDXX,0.0
2024-03-06,17,AR1 alpha + Enhanced + One-Step,NASDAQ:IDXX,0.0
2024-03-07,17,AR1 alpha + Enhanced + One-Step,NASDAQ:IDXX,0.0
2024-03-08,17,AR1 alpha + Enhanced + One-Step,NASDAQ:IDXX,0.0
2024-03-11,17,AR1 alpha + Enhanced + One-Step,NASDAQ:IDXX,0.0
2024-03-12,17,AR1 alpha + Enhanced + One-Step,NASDAQ:IDXX,0.0
2024-03-13,17,AR1 alpha + Enhanced + One-Step,NASDAQ:IDXX,0.0
2024-03-14,17,AR1 alpha + Enhanced + One-Step,NASDAQ:IDXX,0.0
2024-03-15,17,AR1 alpha + Enhanced + One-Step,NASDAQ:IDXX,1.116562576883075e-07
2024-03-18,17,AR1 alpha + Enhanced + One-Step,NASDAQ:IDXX,0.0
2024-03-19,17,AR1 alpha + Enhanced + One-Step,NASDAQ:IDXX,0.0
2024-03-20,17,AR1 alpha + Enhanced + One-Step,NASDAQ:IDXX,0.0
2024-03-21,17,AR1 alpha + Enhanced + One-Step,NASDAQ:IDXX,0.0
2024-03-22,17,AR1 alpha + Enhanced + One-Step,NASDAQ:IDXX,0.0
2024-03-25,17,AR1 alpha + Enhanced + One-Step,NASDAQ:IDXX,0.0
2024-03-26,17,AR1 alpha + Enhanced + One-Step,NASDAQ:IDXX,0.0
2024-03-27,17,AR1 alpha + Enhanced + One-Step,NASDAQ:IDXX,0.0
2024-03-28,17,AR1 alpha + Enhanced + One-Step,NASDAQ:IDXX,2.617376888869011e-07
2024-04-01,17,AR1 alpha + Enhanced + One-Step,NASDAQ:IDXX,3.1814243093377006e-07
2024-04-02,17,AR1 alpha + Enhanced + One-Step,NASDAQ:IDXX,1.2361099591452595e-07
2024-04-03,17,AR1 alpha + Enhanced + One-Step,NASDAQ:IDXX,0.0
2024-04-04,17,AR1 alpha + Enhanced + One-Step,NASDAQ:IDXX,0.0
2024-04-05,17,AR1 alpha + Enhanced + One-Step,NASDAQ:IDXX,0.0
2024-04-08,17,AR1 alpha + Enhanced + One-Step,NASDAQ:IDXX,1.5348218278973193e-07
2024-04-09,17,AR1 alpha + Enhanced + One-Step,NASDAQ:IDXX,0.0
2024-04-10,17,AR1 alpha + Enhanced + One-Step,NASDAQ:IDXX,0.0
2024-04-11,17,AR1 alpha + Enhanced + One-Step,NASDAQ:IDXX,0.0
2024-04-12,17,AR1 alpha + Enhanced + One-Step,NASDAQ:IDXX,0.0
2024-04-15,17,AR1 alpha + Enhanced + One-Step,NASDAQ:IDXX,0.0
2024-04-16,17,AR1 alpha + Enhanced + One-Step,NASDAQ:IDXX,0.0
2024-04-17,17,AR1 alpha + Enhanced + One-Step,NASDAQ:IDXX,8.469472788013895e-08
2024-04-18,17,AR1 alpha + Enhanced + One-Step,NASDAQ:IDXX,0.0
2024-04-19,17,AR1 alpha + Enhanced + One-Step,NASDAQ:IDXX,0.0
2020-03-25,17,AR1 alpha + Enhanced + One-Step,NYSE:HL,0.020000000000007227
2020-03-26,17,AR1 alpha + Enhanced + One-Step,NYSE:HL,0.02000000000001305
2020-03-27,17,AR1 alpha + Enhanced + One-Step,NYSE:HL,0.019999993249609622
2020-03-30,17,AR1 alpha + Enhanced + One-Step,NYSE:HL,0.020001733434456624
2020-03-31,17,AR1 alpha + Enhanced + One-Step,NYSE:HL,0.008051454172275452
2020-04-01,17,AR1 alpha + Enhanced + One-Step,NYSE:HL,0.003052222527581791
2020-04-02,17,AR1 alpha + Enhanced + One-Step,NYSE:HL,6.170395172866048e-07
2020-04-03,17,AR1 alpha + Enhanced + One-Step,NYSE:HL,2.679051737707849e-07
2020-04-06,17,AR1 alpha + Enhanced + One-Step,NYSE:HL,2.1932104545947603e-07
2020-04-07,17,AR1 alpha + Enhanced + One-Step,NYSE:HL,2.2256118943950723e-06
2020-04-08,17,AR1 alpha + Enhanced + One-Step,NYSE:HL,6.336573226669864e-07
2020-04-09,17,AR1 alpha + Enhanced + One-Step,NYSE:HL,1.1451847296194832e-07
2020-04-13,17,AR1 alpha + Enhanced + One-Step,NYSE:HL,8.81647109055505e-08
2020-04-14,17,AR1 alpha + Enhanced + One-Step,NYSE:HL,1.2053091226741665e-07
2020-04-15,17,AR1 alpha + Enhanced + One-Step,NYSE:HL,1.788221480531768e-07
2020-04-16,17,AR1 alpha + Enhanced + One-Step,NYSE:HL,1.0418412165012012e-07
2020-04-17,17,AR1 alpha + Enhanced + One-Step,NYSE:HL,1.6203692936943892e-08
2020-04-20,17,AR1 alpha + Enhanced + One-Step,NYSE:HL,8.12401090880412e-09
2020-04-21,17,AR1 alpha + Enhanced + One-Step,NYSE:HL,6.569784190056923e-08
2020-04-22,17,AR1 alpha + Enhanced + One-Step,NYSE:HL,7.406807326044467e-08
2020-04-23,17,AR1 alpha + Enhanced + One-Step,NYSE:HL,5.008546507413469e-09
2020-04-24,17,AR1 alpha + Enhanced + One-Step,NYSE:HL,2.0938462476125134e-08
2020-04-27,17,AR1 alpha + Enhanced + One-Step,NYSE:HL,4.683404971507015e-09
2020-04-28,17,AR1 alpha + Enhanced + One-Step,NYSE:HL,6.470278023712082e-10
2020-04-29,17,AR1 alpha + Enhanced + One-Step,NYSE:HL,0.0
2020-04-30,17,AR1 alpha + Enhanced + One-Step,NYSE:HL,1.063037581790015e-08
2020-05-01,17,AR1 alpha + Enhanced + One-Step,NYSE:HL,0.0
2020-05-04,17,AR1 alpha + Enhanced + One-Step,NYSE:HL,5.026273314451762e-09
2020-05-05,17,AR1 alpha + Enhanced + One-Step,NYSE:HL,0.0
2020-05-06,17,AR1 alpha + Enhanced + One-Step,NYSE:HL,5.897207910543624e-10
2020-05-07,17,AR1 alpha + Enhanced + One-Step,NYSE:HL,0.0
2020-05-08,17,AR1 alpha + Enhanced + One-Step,NYSE:HL,0.0
2020-05-11,17,AR1 alpha + Enhanced + One-Step,NYSE:HL,0.0
2020-05-12,17,AR1 alpha + Enhanced + One-Step,NYSE:HL,0.0
2020-05-13,17,AR1 alpha + Enhanced + One-Step,NYSE:HL,2.851817000994425e-08
2020-05-14,17,AR1 alpha + Enhanced + One-Step,NYSE:HL,0.0
2020-05-15,17,AR1 alpha + Enhanced + One-Step,NYSE:HL,2.0662214061577216e-08
2020-05-18,17,AR1 alpha + Enhanced + One-Step,NYSE:HL,1.466492967510129e-08
2020-05-19,17,AR1 alpha + Enhanced + One-Step,NYSE:HL,9.483902711403272e-09
2020-05-20,17,AR1 alpha + Enhanced + One-Step,NYSE:HL,0.016874772806517665
2020-05-21,17,AR1 alpha + Enhanced + One-Step,NYSE:HL,0.016873016990733528
2020-05-22,17,AR1 alpha + Enhanced + One-Step,NYSE:HL,0.01741631697830067
2020-05-26,17,AR1 alpha + Enhanced + One-Step,NYSE:HL,0.0174163107074714
2020-05-27,17,AR1 alpha + Enhanced + One-Step,NYSE:HL,0.017416312329668816
2020-05-28,17,AR1 alpha + Enhanced + One-Step,NYSE:HL,0.017416321546801557
2020-05-29,17,AR1 alpha + Enhanced + One-Step,NYSE:HL,0.017416333687329845
2020-06-01,17,AR1 alpha + Enhanced + One-Step,NYSE:HL,0.01741667212766297
2020-06-02,17,AR1 alpha + Enhanced + One-Step,NYSE:HL,0.017416734551428455
2020-06-03,17,AR1 alpha + Enhanced + One-Step,NYSE:HL,0.019434771300791555
2020-06-04,17,AR1 alpha + Enhanced + One-Step,NYSE:HL,0.019433403393940625
2020-06-05,17,AR1 alpha + Enhanced + One-Step,NYSE:HL,0.01943245553679585
2020-06-08,17,AR1 alpha + Enhanced + One-Step,NYSE:HL,0.019432472688255497
2020-06-09,17,AR1 alpha + Enhanced + One-Step,NYSE:HL,0.01943250270331863
2020-06-10,17,AR1 alpha + Enhanced + One-Step,NYSE:HL,0.019432501415329137
2020-06-11,17,AR1 alpha + Enhanced + One-Step,NYSE:HL,0.01943364701858073
2020-06-12,17,AR1 alpha + Enhanced + One-Step,NYSE:HL,0.01943365413270456
2020-06-15,17,AR1 alpha + Enhanced + One-Step,NYSE:HL,0.02251751440077939
2020-06-16,17,AR1 alpha + Enhanced + One-Step,NYSE:HL,0.025575168850764638
2020-06-17,17,AR1 alpha + Enhanced + One-Step,NYSE:HL,0.028854180952310696
2020-06-18,17,AR1 alpha + Enhanced + One-Step,NYSE:HL,0.028854136145349946
2020-06-19,17,AR1 alpha + Enhanced + One-Step,NYSE:HL,0.02613501296512507
2020-06-22,17,AR1 alpha + Enhanced + One-Step,NYSE:HL,0.01200380542170595
2020-06-23,17,AR1 alpha + Enhanced + One-Step,NYSE:HL,0.0
2020-06-24,17,AR1 alpha + Enhanced + One-Step,NYSE:HL,0.0
2020-06-25,17,AR1 alpha + Enhanced + One-Step,NYSE:HL,3.2411208880888493e-09
2020-06-26,17,AR1 alpha + Enhanced + One-Step,NYSE:HL,3.930119532602678e-08
2020-06-29,17,AR1 alpha + Enhanced + One-Step,NYSE:HL,0.0
2020-06-30,17,AR1 alpha + Enhanced + One-Step,NYSE:HL,0.0
2020-07-01,17,AR1 alpha + Enhanced + One-Step,NYSE:HL,0.0
2020-07-02,17,AR1 alpha + Enhanced + One-Step,NYSE:HL,6.903149976353261e-09
2020-07-06,17,AR1 alpha + Enhanced + One-Step,NYSE:HL,0.0
2020-07-07,17,AR1 alpha + Enhanced + One-Step,NYSE:HL,0.0
2020-07-08,17,AR1 alpha + Enhanced + One-Step,NYSE:HL,0.0
2020-07-09,17,AR1 alpha + Enhanced + One-Step,NYSE:HL,1.808099216312427e-07
2020-07-10,17,AR1 alpha + Enhanced + One-Step,NYSE:HL,4.968244322832913e-07
2020-07-13,17,AR1 alpha + Enhanced + One-Step,NYSE:HL,1.8193023709342895e-07
2020-07-14,17,AR1 alpha + Enhanced + One-Step,NYSE:HL,2.083074489478491e-08
2020-07-15,17,AR1 alpha + Enhanced + One-Step,NYSE:HL,1.3137576095852485e-07
2020-07-16,17,AR1 alpha + Enhanced + One-Step,NYSE:HL,2.647283832599497e-08
2020-07-17,17,AR1 alpha + Enhanced + One-Step,NYSE:HL,8.094115243148406e-09
2020-07-20,17,AR1 alpha + Enhanced + One-Step,NYSE:HL,0.0
2020-07-21,17,AR1 alpha + Enhanced + One-Step,NYSE:HL,1.0261538050144863e-08
2020-07-22,17,AR1 alpha + Enhanced + One-Step,NYSE:HL,3.35065537024768e-09
2020-07-23,17,AR1 alpha + Enhanced + One-Step,NYSE:HL,0.007354053847783967
2020-07-24,17,AR1 alpha + Enhanced + One-Step,NYSE:HL,0.019187494889751973
2020-07-27,17,AR1 alpha + Enhanced + One-Step,NYSE:HL,0.04249066975418909
2020-07-28,17,AR1 alpha + Enhanced + One-Step,NYSE:HL,0.04918787126574201
2020-07-29,17,AR1 alpha + Enhanced + One-Step,NYSE:HL,0.06477596150726357
2020-07-30,17,AR1 alpha + Enhanced + One-Step,NYSE:HL,0.06956523765015048
2020-07-31,17,AR1 alpha + Enhanced + One-Step,NYSE:HL,0.06956376587544996
2020-08-03,17,AR1 alpha + Enhanced + One-Step,NYSE:HL,0.08462183679854006
2020-08-04,17,AR1 alpha + Enhanced + One-Step,NYSE:HL,0.0846218106983207
2020-08-05,17,AR1 alpha + Enhanced + One-Step,NYSE:HL,0.08526098859412237
2020-08-06,17,AR1 alpha + Enhanced + One-Step,NYSE:HL,0.08526097435354653
2020-08-07,17,AR1 alpha + Enhanced + One-Step,NYSE:HL,0.08526090823070365
2020-08-10,17,AR1 alpha + Enhanced + One-Step,NYSE:HL,0.08526105841649607
2020-08-11,17,AR1 alpha + Enhanced + One-Step,NYSE:HL,0.09136710364864105
2020-08-12,17,AR1 alpha + Enhanced + One-Step,NYSE:HL,0.09999999388052211
2020-08-13,17,AR1 alpha + Enhanced + One-Step,NYSE:HL,0.09999999876695456
2020-08-14,17,AR1 alpha + Enhanced + One-Step,NYSE:HL,0.10000000081507544
2020-08-17,17,AR1 alpha + Enhanced + One-Step,NYSE:HL,0.09999809396210241
2020-08-18,17,AR1 alpha + Enhanced + One-Step,NYSE:HL,0.09999753234105987
2020-08-19,17,AR1 alpha + Enhanced + One-Step,NYSE:HL,0.09999774597329086
2020-08-20,17,AR1 alpha + Enhanced + One-Step,NYSE:HL,0.09999895437312556
2020-08-21,17,AR1 alpha + Enhanced + One-Step,NYSE:HL,0.09999972130906726
2020-08-24,17,AR1 alpha + Enhanced + One-Step,NYSE:HL,0.09999960916435194
2020-08-25,17,AR1 alpha + Enhanced + One-Step,NYSE:HL,0.09999996046227755
2020-08-26,17,AR1 alpha + Enhanced + One-Step,NYSE:HL,0.0999995190512528
2020-08-27,17,AR1 alpha + Enhanced + One-Step,NYSE:HL,0.09999987711875336
2020-08-28,17,AR1 alpha + Enhanced + One-Step,NYSE:HL,0.09999995965777665
2020-08-31,17,AR1 alpha + Enhanced + One-Step,NYSE:HL,0.0999953825091244
2020-09-01,17,AR1 alpha + Enhanced + One-Step,NYSE:HL,0.0999961425790725
2020-09-02,17,AR1 alpha + Enhanced + One-Step,NYSE:HL,0.0999991935494533
2020-09-03,17,AR1 alpha + Enhanced + One-Step,NYSE:HL,0.09999942651240404
2020-09-04,17,AR1 alpha + Enhanced + One-Step,NYSE:HL,0.09999989625058271
2020-09-08,17,AR1 alpha + Enhanced + One-Step,NYSE:HL,0.10000003882064133
2020-09-09,17,AR1 alpha + Enhanced + One-Step,NYSE:HL,0.10000003074191766
2020-09-10,17,AR1 alpha + Enhanced + One-Step,NYSE:HL,0.10000001544059284
2020-09-11,17,AR1 alpha + Enhanced + One-Step,NYSE:HL,0.10000001846670248
2020-09-14,17,AR1 alpha + Enhanced + One-Step,NYSE:HL,0.10000019160565525
2020-09-15,17,AR1 alpha + Enhanced + One-Step,NYSE:HL,0.10000002485077986
2020-09-16,17,AR1 alpha + Enhanced + One-Step,NYSE:HL,0.09999999404202103
2020-09-17,17,AR1 alpha + Enhanced + One-Step,NYSE:HL,0.09999663853318953
2020-09-18,17,AR1 alpha + Enhanced + One-Step,NYSE:HL,0.09999854567732012
2020-09-21,17,AR1 alpha + Enhanced + One-Step,NYSE:HL,0.0999992021456469
2020-09-22,17,AR1 alpha + Enhanced + One-Step,NYSE:HL,0.09999968495976821
2020-09-23,17,AR1 alpha + Enhanced + One-Step,NYSE:HL,0.09999940097046554
2020-09-24,17,AR1 alpha + Enhanced + One-Step,NYSE:HL,0.0980721667193917
2020-09-25,17,AR1 alpha + Enhanced + One-Step,NYSE:HL,0.09807071288348382
2020-09-28,17,AR1 alpha + Enhanced + One-Step,NYSE:HL,0.09807011951535022
2020-09-29,17,AR1 alpha + Enhanced + One-Step,NYSE:HL,0.09806954915835955
2020-09-30,17,AR1 alpha + Enhanced + One-Step,NYSE:HL,0.09806813164968886
2020-10-01,17,AR1 alpha + Enhanced + One-Step,NYSE:HL,0.0980683705487322
2020-10-02,17,AR1 alpha + Enhanced + One-Step,NYSE:HL,0.09806849262473234
2020-10-05,17,AR1 alpha + Enhanced + One-Step,NYSE:HL,0.09806883429242966
2020-10-06,17,AR1 alpha + Enhanced + One-Step,NYSE:HL,0.09806877505977646
2020-10-07,17,AR1 alpha + Enhanced + One-Step,NYSE:HL,0.09806990535946537
2020-10-08,17,AR1 alpha + Enhanced + One-Step,NYSE:HL,0.09806989265745047
2020-10-09,17,AR1 alpha + Enhanced + One-Step,NYSE:HL,0.08851916918954975
2020-10-12,17,AR1 alpha + Enhanced + One-Step,NYSE:HL,0.088519177834438
2020-10-13,17,AR1 alpha + Enhanced + One-Step,NYSE:HL,0.08851903285109172
2020-10-14,17,AR1 alpha + Enhanced + One-Step,NYSE:HL,0.0885189340940648
2020-10-15,17,AR1 alpha + Enhanced + One-Step,NYSE:HL,0.09142559349068644
2020-10-16,17,AR1 alpha + Enhanced + One-Step,NYSE:HL,0.09260601536909979
2020-10-19,17,AR1 alpha + Enhanced + One-Step,NYSE:HL,0.09260263702474725
2020-10-20,17,AR1 alpha + Enhanced + One-Step,NYSE:HL,0.09259801840146224
2020-10-21,17,AR1 alpha + Enhanced + One-Step,NYSE:HL,0.09259491106205843
2020-10-22,17,AR1 alpha + Enhanced + One-Step,NYSE:HL,0.09259132491104698
2020-10-23,17,AR1 alpha + Enhanced + One-Step,NYSE:HL,0.09258841858241953
2020-10-26,17,AR1 alpha + Enhanced + One-Step,NYSE:HL,0.09258826392378677
2020-10-27,17,AR1 alpha + Enhanced + One-Step,NYSE:HL,0.0925890195927834
2020-10-28,17,AR1 alpha + Enhanced + One-Step,NYSE:HL,0.09258938529382375
2020-10-29,17,AR1 alpha + Enhanced + One-Step,NYSE:HL,0.09259009783810143
2020-10-30,17,AR1 alpha + Enhanced + One-Step,NYSE:HL,0.09259011203133724
2020-11-02,17,AR1 alpha + Enhanced + One-Step,NYSE:HL,0.09259185305604924
2020-11-03,17,AR1 alpha + Enhanced + One-Step,NYSE:HL,0.07256035530186147
2020-11-04,17,AR1 alpha + Enhanced + One-Step,NYSE:HL,0.07256041788748849
2020-11-05,17,AR1 alpha + Enhanced + One-Step,NYSE:HL,0.07256021277353782
2020-11-06,17,AR1 alpha + Enhanced + One-Step,NYSE:HL,0.07256012828669794
2020-11-09,17,AR1 alpha + Enhanced + One-Step,NYSE:HL,0.07256012948586153
2020-11-10,17,AR1 alpha + Enhanced + One-Step,NYSE:HL,0.0725602904667969
2020-11-11,17,AR1 alpha + Enhanced + One-Step,NYSE:HL,0.0725604921438944
2020-11-12,17,AR1 alpha + Enhanced + One-Step,NYSE:HL,0.07209138383181787
2020-11-13,17,AR1 alpha + Enhanced + One-Step,NYSE:HL,0.07209137506087293
2020-11-16,17,AR1 alpha + Enhanced + One-Step,NYSE:HL,0.05830721727229536
2020-11-17,17,AR1 alpha + Enhanced + One-Step,NYSE:HL,0.05830638740395311
2020-11-18,17,AR1 alpha + Enhanced + One-Step,NYSE:HL,0.06319480178645588
2020-11-19,17,AR1 alpha + Enhanced + One-Step,NYSE:HL,0.06319354287791028
2020-11-20,17,AR1 alpha + Enhanced + One-Step,NYSE:HL,0.06319353258881791
2020-11-23,17,AR1 alpha + Enhanced + One-Step,NYSE:HL,0.0684288006153751
2020-11-24,17,AR1 alpha + Enhanced + One-Step,NYSE:HL,0.07096738106386723
2020-11-25,17,AR1 alpha + Enhanced + One-Step,NYSE:HL,0.0709662150434623
2020-11-27,17,AR1 alpha + Enhanced + One-Step,NYSE:HL,0.07096281441415106
2020-11-30,17,AR1 alpha + Enhanced + One-Step,NYSE:HL,0.07095853628333935
2020-12-01,17,AR1 alpha + Enhanced + One-Step,NYSE:HL,0.05081396513336281
2020-12-04,17,AR1 alpha + Enhanced + One-Step,NYSE:HL,0.05081405528641353
2020-12-07,17,AR1 alpha + Enhanced + One-Step,NYSE:HL,0.04572176645817075
2020-12-08,17,AR1 alpha + Enhanced + One-Step,NYSE:HL,0.04572187686538921
2020-12-09,17,AR1 alpha + Enhanced + One-Step,NYSE:HL,0.04612314999189991
2020-12-10,17,AR1 alpha + Enhanced + One-Step,NYSE:HL,0.04612329508227483
2020-12-11,17,AR1 alpha + Enhanced + One-Step,NYSE:HL,0.04612293325811359
2020-12-14,17,AR1 alpha + Enhanced + One-Step,NYSE:HL,0.046122845814693204
2020-12-15,17,AR1 alpha + Enhanced + One-Step,NYSE:HL,0.03911577622148565
2020-12-16,17,AR1 alpha + Enhanced + One-Step,NYSE:HL,0.021122009183783576
2020-12-17,17,AR1 alpha + Enhanced + One-Step,NYSE:HL,0.0
2020-12-18,17,AR1 alpha + Enhanced + One-Step,NYSE:HL,1.903162503396716e-06
2020-12-21,17,AR1 alpha + Enhanced + One-Step,NYSE:HL,3.501096954495518e-07
2020-12-22,17,AR1 alpha + Enhanced + One-Step,NYSE:HL,0.0181866327342901
2020-12-23,17,AR1 alpha + Enhanced + One-Step,NYSE:HL,0.02447869237585704
2020-12-24,17,AR1 alpha + Enhanced + One-Step,NYSE:HL,0.026630201474872363
2020-12-28,17,AR1 alpha + Enhanced + One-Step,NYSE:HL,0.030658342283017576
2020-12-29,17,AR1 alpha + Enhanced + One-Step,NYSE:HL,0.03486412085590712
2020-12-30,17,AR1 alpha + Enhanced + One-Step,NYSE:HL,0.031407783720768835
2020-12-31,17,AR1 alpha + Enhanced + One-Step,NYSE:HL,0.04045041910800099
2021-01-04,17,AR1 alpha + Enhanced + One-Step,NYSE:HL,0.04045044187661703
2021-01-05,17,AR1 alpha + Enhanced + One-Step,NYSE:HL,0.03895818320342748
2021-01-06,17,AR1 alpha + Enhanced + One-Step,NYSE:HL,0.038958170113971055
2021-01-07,17,AR1 alpha + Enhanced + One-Step,NYSE:HL,0.04422561349075775
2021-01-08,17,AR1 alpha + Enhanced + One-Step,NYSE:HL,0.06182545760058717
2021-01-11,17,AR1 alpha + Enhanced + One-Step,NYSE:HL,0.07890149928183048
2021-01-12,17,AR1 alpha + Enhanced + One-Step,NYSE:HL,0.07888974486984483
2021-01-13,17,AR1 alpha + Enhanced + One-Step,NYSE:HL,0.07888865027729415
2021-01-14,17,AR1 alpha + Enhanced + One-Step,NYSE:HL,0.07888870946956666
2021-01-15,17,AR1 alpha + Enhanced + One-Step,NYSE:HL,0.07888754601122
2021-01-19,17,AR1 alpha + Enhanced + One-Step,NYSE:HL,0.07888724061922585
2021-01-20,17,AR1 alpha + Enhanced + One-Step,NYSE:HL,0.0788872570881908
2021-01-21,17,AR1 alpha + Enhanced + One-Step,NYSE:HL,0.07355390842172627
2021-01-22,17,AR1 alpha + Enhanced + One-Step,NYSE:HL,0.07355066733667913
2021-01-25,17,AR1 alpha + Enhanced + One-Step,NYSE:HL,0.07354951247007639
2021-01-26,17,AR1 alpha + Enhanced + One-Step,NYSE:HL,0.07354848910477887
2021-01-27,17,AR1 alpha + Enhanced + One-Step,NYSE:HL,0.07354885374203779
2021-01-28,17,AR1 alpha + Enhanced + One-Step,NYSE:HL,0.05225307705828986
2021-01-29,17,AR1 alpha + Enhanced + One-Step,NYSE:HL,0.046403801409695425
2021-02-01,17,AR1 alpha + Enhanced + One-Step,NYSE:HL,0.02140974998506042
2021-02-02,17,AR1 alpha + Enhanced + One-Step,NYSE:HL,0.046411475510814114
2021-02-03,17,AR1 alpha + Enhanced + One-Step,NYSE:HL,0.06764799869325958
2021-02-04,17,AR1 alpha + Enhanced + One-Step,NYSE:HL,0.07102436286972995
2021-02-05,17,AR1 alpha + Enhanced + One-Step,NYSE:HL,0.0595798882237718
2021-02-08,17,AR1 alpha + Enhanced + One-Step,NYSE:HL,0.034533116735512875
2021-02-09,17,AR1 alpha + Enhanced + One-Step,NYSE:HL,0.03303406308091862
2021-02-10,17,AR1 alpha + Enhanced + One-Step,NYSE:HL,0.04003114976394596
2021-02-11,17,AR1 alpha + Enhanced + One-Step,NYSE:HL,0.04954470754752868
2021-02-12,17,AR1 alpha + Enhanced + One-Step,NYSE:HL,0.04954466323736709
2021-02-16,17,AR1 alpha + Enhanced + One-Step,NYSE:HL,0.05278789428148694
2021-02-17,17,AR1 alpha + Enhanced + One-Step,NYSE:HL,0.0639587072998983
2021-02-18,17,AR1 alpha + Enhanced + One-Step,NYSE:HL,0.08008114075353254
2021-02-19,17,AR1 alpha + Enhanced + One-Step,NYSE:HL,0.06505286594170862
2021-02-22,17,AR1 alpha + Enhanced + One-Step,NYSE:HL,0.04000320639826413
2021-02-23,17,AR1 alpha + Enhanced + One-Step,NYSE:HL,0.03322481843455108
2021-02-24,17,AR1 alpha + Enhanced + One-Step,NYSE:HL,0.01300357709684104
2021-02-25,17,AR1 alpha + Enhanced + One-Step,NYSE:HL,0.012997066703423188
2021-02-26,17,AR1 alpha + Enhanced + One-Step,NYSE:HL,0.02943133243294219
2021-03-01,17,AR1 alpha + Enhanced + One-Step,NYSE:HL,0.054436135296880114
2021-03-02,17,AR1 alpha + Enhanced + One-Step,NYSE:HL,0.0729626014421159
2021-03-03,17,AR1 alpha + Enhanced + One-Step,NYSE:HL,0.0935814946413591
2021-03-04,17,AR1 alpha + Enhanced + One-Step,NYSE:HL,0.09671051294415325
2021-03-05,17,AR1 alpha + Enhanced + One-Step,NYSE:HL,0.09670889322821714
2021-03-08,17,AR1 alpha + Enhanced + One-Step,NYSE:HL,0.0967089048990585
2021-03-09,17,AR1 alpha + Enhanced + One-Step,NYSE:HL,0.09670706483788008
2021-03-10,17,AR1 alpha + Enhanced + One-Step,NYSE:HL,0.09671002365951588
2021-03-11,17,AR1 alpha + Enhanced + One-Step,NYSE:HL,0.09093873418237858
2021-03-12,17,AR1 alpha + Enhanced + One-Step,NYSE:HL,0.07490602598716387
2021-03-15,17,AR1 alpha + Enhanced + One-Step,NYSE:HL,0.061900076774403595
2021-03-16,17,AR1 alpha + Enhanced + One-Step,NYSE:HL,0.06190010989565682
2021-03-17,17,AR1 alpha + Enhanced + One-Step,NYSE:HL,0.05261434355643965
2021-03-18,17,AR1 alpha + Enhanced + One-Step,NYSE:HL,0.05261445294213056
2021-03-19,17,AR1 alpha + Enhanced + One-Step,NYSE:HL,0.06155941655579011
2021-03-22,17,AR1 alpha + Enhanced + One-Step,NYSE:HL,0.06155976075948971
2021-03-23,17,AR1 alpha + Enhanced + One-Step,NYSE:HL,0.06680113045471248
2021-03-24,17,AR1 alpha + Enhanced + One-Step,NYSE:HL,0.07269867257099252
2021-03-25,17,AR1 alpha + Enhanced + One-Step,NYSE:HL,0.07269884380082317
2021-03-26,17,AR1 alpha + Enhanced + One-Step,NYSE:HL,0.07269913814701512
2021-03-29,17,AR1 alpha + Enhanced + One-Step,NYSE:HL,0.07909304099724866
2021-03-30,17,AR1 alpha + Enhanced + One-Step,NYSE:HL,0.09639020845837122
2021-03-31,17,AR1 alpha + Enhanced + One-Step,NYSE:HL,0.09306602317749403
2021-04-01,17,AR1 alpha + Enhanced + One-Step,NYSE:HL,0.08731144399465648
2021-04-05,17,AR1 alpha + Enhanced + One-Step,NYSE:HL,0.08663513002419095
2021-04-06,17,AR1 alpha + Enhanced + One-Step,NYSE:HL,0.06448492124974434
2021-04-07,17,AR1 alpha + Enhanced + One-Step,NYSE:HL,0.0644826403001476
2021-04-08,17,AR1 alpha + Enhanced + One-Step,NYSE:HL,0.052359830237499703
2021-04-09,17,AR1 alpha + Enhanced + One-Step,NYSE:HL,0.0600407147221253
2021-04-12,17,AR1 alpha + Enhanced + One-Step,NYSE:HL,0.07371300913672833
2021-04-13,17,AR1 alpha + Enhanced + One-Step,NYSE:HL,0.07370806863507676
2021-04-14,17,AR1 alpha + Enhanced + One-Step,NYSE:HL,0.07370352124070612
2021-04-15,17,AR1 alpha + Enhanced + One-Step,NYSE:HL,0.05603798285834581
2021-04-16,17,AR1 alpha + Enhanced + One-Step,NYSE:HL,0.05603799037757984
2021-04-19,17,AR1 alpha + Enhanced + One-Step,NYSE:HL,0.06353560024417006
2021-04-20,17,AR1 alpha + Enhanced + One-Step,NYSE:HL,0.06353387216948866
2021-04-21,17,AR1 alpha + Enhanced + One-Step,NYSE:HL,0.05137137401812586
2021-04-22,17,AR1 alpha + Enhanced + One-Step,NYSE:HL,0.0513692089203514
2021-04-23,17,AR1 alpha + Enhanced + One-Step,NYSE:HL,0.051368689817456445
2021-04-26,17,AR1 alpha + Enhanced + One-Step,NYSE:HL,0.049834594519728485
2021-04-27,17,AR1 alpha + Enhanced + One-Step,NYSE:HL,0.06040547741917366
2021-04-28,17,AR1 alpha + Enhanced + One-Step,NYSE:HL,0.0496405483830628
2021-04-29,17,AR1 alpha + Enhanced + One-Step,NYSE:HL,0.07290813439612684
2021-04-30,17,AR1 alpha + Enhanced + One-Step,NYSE:HL,0.07658079358175403
2021-05-03,17,AR1 alpha + Enhanced + One-Step,NYSE:HL,0.07071765962934122
2021-05-04,17,AR1 alpha + Enhanced + One-Step,NYSE:HL,0.07071741197520086
2021-05-05,17,AR1 alpha + Enhanced + One-Step,NYSE:HL,0.06727409166129798
2021-05-06,17,AR1 alpha + Enhanced + One-Step,NYSE:HL,0.04225750095341355
2021-05-07,17,AR1 alpha + Enhanced + One-Step,NYSE:HL,0.017263374169267726
2021-05-10,17,AR1 alpha + Enhanced + One-Step,NYSE:HL,0.010310577206042193
2021-05-11,17,AR1 alpha + Enhanced + One-Step,NYSE:HL,0.003911525707462854
2021-05-12,17,AR1 alpha + Enhanced + One-Step,NYSE:HL,0.003911454259962107
2021-05-13,17,AR1 alpha + Enhanced + One-Step,NYSE:HL,0.014291561147199629
2021-05-14,17,AR1 alpha + Enhanced + One-Step,NYSE:HL,0.014291580553783047
2021-05-17,17,AR1 alpha + Enhanced + One-Step,NYSE:HL,9.767898268893744e-08
2021-05-18,17,AR1 alpha + Enhanced + One-Step,NYSE:HL,2.2986639454235366e-07
2021-05-19,17,AR1 alpha + Enhanced + One-Step,NYSE:HL,2.463348427561691e-07
2021-05-20,17,AR1 alpha + Enhanced + One-Step,NYSE:HL,3.4508624889667715e-07
2021-05-21,17,AR1 alpha + Enhanced + One-Step,NYSE:HL,0.0003020693086015862
2021-05-24,17,AR1 alpha + Enhanced + One-Step,NYSE:HL,0.0007681514275741467
2021-05-25,17,AR1 alpha + Enhanced + One-Step,NYSE:HL,0.01575204736366739
2021-05-26,17,AR1 alpha + Enhanced + One-Step,NYSE:HL,0.024507267308194414
2021-05-27,17,AR1 alpha + Enhanced + One-Step,NYSE:HL,0.03255406333719985
2021-05-28,17,AR1 alpha + Enhanced + One-Step,NYSE:HL,0.04236745106802188
2021-06-01,17,AR1 alpha + Enhanced + One-Step,NYSE:HL,0.04236360163221706
2021-06-02,17,AR1 alpha + Enhanced + One-Step,NYSE:HL,0.04236225276611548
2021-06-03,17,AR1 alpha + Enhanced + One-Step,NYSE:HL,0.062046903244356875
2021-06-04,17,AR1 alpha + Enhanced + One-Step,NYSE:HL,0.07400170471451151
2021-06-07,17,AR1 alpha + Enhanced + One-Step,NYSE:HL,0.07399817767435522
2021-06-08,17,AR1 alpha + Enhanced + One-Step,NYSE:HL,0.07399610413785904
2021-06-09,17,AR1 alpha + Enhanced + One-Step,NYSE:HL,0.08459365807062233
2021-06-10,17,AR1 alpha + Enhanced + One-Step,NYSE:HL,0.08042835010856711
2021-06-11,17,AR1 alpha + Enhanced + One-Step,NYSE:HL,0.08922025147295126
2021-06-14,17,AR1 alpha + Enhanced + One-Step,NYSE:HL,0.08921588898974962
2021-06-15,17,AR1 alpha + Enhanced + One-Step,NYSE:HL,0.09488214738509412
2021-06-16,17,AR1 alpha + Enhanced + One-Step,NYSE:HL,0.09731556039334562
2021-06-17,17,AR1 alpha + Enhanced + One-Step,NYSE:HL,0.09999659025839829
2021-06-18,17,AR1 alpha + Enhanced + One-Step,NYSE:HL,0.09999822616550964
2021-06-21,17,AR1 alpha + Enhanced + One-Step,NYSE:HL,0.09999931145920105
2021-06-22,17,AR1 alpha + Enhanced + One-Step,NYSE:HL,0.09999375670908558
2021-06-23,17,AR1 alpha + Enhanced + One-Step,NYSE:HL,0.09999290520200282
2021-06-24,17,AR1 alpha + Enhanced + One-Step,NYSE:HL,0.09999857900329183
2021-06-25,17,AR1 alpha + Enhanced + One-Step,NYSE:HL,0.09999959036504573
2021-06-28,17,AR1 alpha + Enhanced + One-Step,NYSE:HL,0.09999993541046434
2021-06-29,17,AR1 alpha + Enhanced + One-Step,NYSE:HL,0.09999994853297382
2021-06-30,17,AR1 alpha + Enhanced + One-Step,NYSE:HL,0.09999882242706706
2021-07-01,17,AR1 alpha + Enhanced + One-Step,NYSE:HL,0.09999863792712876
2021-07-02,17,AR1 alpha + Enhanced + One-Step,NYSE:HL,0.09370414704195881
2021-07-06,17,AR1 alpha + Enhanced + One-Step,NYSE:HL,0.09370115930424615
2021-07-07,17,AR1 alpha + Enhanced + One-Step,NYSE:HL,0.0937025388375849
2021-07-08,17,AR1 alpha + Enhanced + One-Step,NYSE:HL,0.09370255055766498
2021-07-09,17,AR1 alpha + Enhanced + One-Step,NYSE:HL,0.07957965913400168
2021-07-12,17,AR1 alpha + Enhanced + One-Step,NYSE:HL,0.07826826564855335
2021-07-13,17,AR1 alpha + Enhanced + One-Step,NYSE:HL,0.06316447095131093
2021-07-14,17,AR1 alpha + Enhanced + One-Step,NYSE:HL,0.05519134702412208
2021-07-15,17,AR1 alpha + Enhanced + One-Step,NYSE:HL,0.04366290406754285
2021-07-16,17,AR1 alpha + Enhanced + One-Step,NYSE:HL,0.046048241972300355
2021-07-19,17,AR1 alpha + Enhanced + One-Step,NYSE:HL,0.06835687767120473
2021-07-20,17,AR1 alpha + Enhanced + One-Step,NYSE:HL,0.06835270754662123
2021-07-21,17,AR1 alpha + Enhanced + One-Step,NYSE:HL,0.061070173030392194
2021-07-22,17,AR1 alpha + Enhanced + One-Step,NYSE:HL,0.04448990780765356
2021-07-23,17,AR1 alpha + Enhanced + One-Step,NYSE:HL,0.03365234483347894
2021-07-26,17,AR1 alpha + Enhanced + One-Step,NYSE:HL,0.018579846509890235
2021-07-27,17,AR1 alpha + Enhanced + One-Step,NYSE:HL,0.021002677594671053
2021-07-28,17,AR1 alpha + Enhanced + One-Step,NYSE:HL,0.0067010762063181226
2021-07-29,17,AR1 alpha + Enhanced + One-Step,NYSE:HL,0.0
2021-07-30,17,AR1 alpha + Enhanced + One-Step,NYSE:HL,0.0
2021-08-02,17,AR1 alpha + Enhanced + One-Step,NYSE:HL,5.2440176864903994e-08
2021-08-03,17,AR1 alpha + Enhanced + One-Step,NYSE:HL,0.0
2021-08-04,17,AR1 alpha + Enhanced + One-Step,NYSE:HL,0.009300758452044672
2021-08-05,17,AR1 alpha + Enhanced + One-Step,NYSE:HL,1.814440147891096e-07
2021-08-06,17,AR1 alpha + Enhanced + One-Step,NYSE:HL,0.0
2021-08-09,17,AR1 alpha + Enhanced + One-Step,NYSE:HL,0.004848779304974163
2021-08-10,17,AR1 alpha + Enhanced + One-Step,NYSE:HL,0.0
2021-08-11,17,AR1 alpha + Enhanced + One-Step,NYSE:HL,0.0
2021-08-12,17,AR1 alpha + Enhanced + One-Step,NYSE:HL,0.0
2021-08-13,17,AR1 alpha + Enhanced + One-Step,NYSE:HL,3.46117255384856e-08
2021-08-16,17,AR1 alpha + Enhanced + One-Step,NYSE:HL,2.9185279370998665e-07
2021-08-17,17,AR1 alpha + Enhanced + One-Step,NYSE:HL,7.923773491510617e-07
2021-08-18,17,AR1 alpha + Enhanced + One-Step,NYSE:HL,0.0017084467064332064
2021-08-19,17,AR1 alpha + Enhanced + One-Step,NYSE:HL,0.0017093461582513602
2021-08-20,17,AR1 alpha + Enhanced + One-Step,NYSE:HL,0.001708454390729137
2021-08-23,17,AR1 alpha + Enhanced + One-Step,NYSE:HL,0.0
2021-08-24,17,AR1 alpha + Enhanced + One-Step,NYSE:HL,4.899527594470014e-08
2021-08-25,17,AR1 alpha + Enhanced + One-Step,NYSE:HL,2.563915035624755e-08
2021-08-26,17,AR1 alpha + Enhanced + One-Step,NYSE:HL,0.0
2021-08-27,17,AR1 alpha + Enhanced + One-Step,NYSE:HL,0.0
2021-08-30,17,AR1 alpha + Enhanced + One-Step,NYSE:HL,0.0
2021-08-31,17,AR1 alpha + Enhanced + One-Step,NYSE:HL,0.0
2021-09-01,17,AR1 alpha + Enhanced + One-Step,NYSE:HL,0.0
2021-09-02,17,AR1 alpha + Enhanced + One-Step,NYSE:HL,2.1400035681298707e-07
2021-09-03,17,AR1 alpha + Enhanced + One-Step,NYSE:HL,0.0
2021-09-07,17,AR1 alpha + Enhanced + One-Step,NYSE:HL,0.0
2021-09-08,17,AR1 alpha + Enhanced + One-Step,NYSE:HL,0.0
2021-09-09,17,AR1 alpha + Enhanced + One-Step,NYSE:HL,0.0
2021-09-10,17,AR1 alpha + Enhanced + One-Step,NYSE:HL,0.0
2021-09-13,17,AR1 alpha + Enhanced + One-Step,NYSE:HL,1.8472624891561102e-07
2021-09-14,17,AR1 alpha + Enhanced + One-Step,NYSE:HL,0.0
2021-09-15,17,AR1 alpha + Enhanced + One-Step,NYSE:HL,0.0
2021-09-16,17,AR1 alpha + Enhanced + One-Step,NYSE:HL,0.009241500051466525
2021-09-17,17,AR1 alpha + Enhanced + One-Step,NYSE:HL,0.009242201026042132
2021-09-20,17,AR1 alpha + Enhanced + One-Step,NYSE:HL,0.009242436029615615
2021-09-21,17,AR1 alpha + Enhanced + One-Step,NYSE:HL,0.008975255610833332
2021-09-22,17,AR1 alpha + Enhanced + One-Step,NYSE:HL,0.008975172197509143
2021-09-23,17,AR1 alpha + Enhanced + One-Step,NYSE:HL,0.008976000058600985
2021-09-24,17,AR1 alpha + Enhanced + One-Step,NYSE:HL,0.00897605317257804
2021-09-27,17,AR1 alpha + Enhanced + One-Step,NYSE:HL,0.003369759795665485
2021-09-28,17,AR1 alpha + Enhanced + One-Step,NYSE:HL,0.0
2021-09-29,17,AR1 alpha + Enhanced + One-Step,NYSE:HL,2.1078518395008723e-07
2021-09-30,17,AR1 alpha + Enhanced + One-Step,NYSE:HL,6.422705769047808e-08
2021-10-01,17,AR1 alpha + Enhanced + One-Step,NYSE:HL,1.0104359738924873e-08
2021-10-04,17,AR1 alpha + Enhanced + One-Step,NYSE:HL,4.2651533845362324e-08
2021-10-05,17,AR1 alpha + Enhanced + One-Step,NYSE:HL,8.678721617789199e-08
2021-10-06,17,AR1 alpha + Enhanced + One-Step,NYSE:HL,0.0
2021-10-07,17,AR1 alpha + Enhanced + One-Step,NYSE:HL,0.0
2021-10-08,17,AR1 alpha + Enhanced + One-Step,NYSE:HL,0.0
2021-10-11,17,AR1 alpha + Enhanced + One-Step,NYSE:HL,0.0
2021-10-12,17,AR1 alpha + Enhanced + One-Step,NYSE:HL,0.010623244817787583
2021-10-13,17,AR1 alpha + Enhanced + One-Step,NYSE:HL,0.0
2021-10-14,17,AR1 alpha + Enhanced + One-Step,NYSE:HL,0.0
2021-10-15,17,AR1 alpha + Enhanced + One-Step,NYSE:HL,0.0
2021-10-18,17,AR1 alpha + Enhanced + One-Step,NYSE:HL,0.0
2021-10-19,17,AR1 alpha + Enhanced + One-Step,NYSE:HL,0.0
2021-10-20,17,AR1 alpha + Enhanced + One-Step,NYSE:HL,7.120496808378409e-08
2021-10-21,17,AR1 alpha + Enhanced + One-Step,NYSE:HL,3.018902894338588e-08
2021-10-22,17,AR1 alpha + Enhanced + One-Step,NYSE:HL,2.1772956215386848e-08
2021-10-25,17,AR1 alpha + Enhanced + One-Step,NYSE:HL,0.0
2021-10-26,17,AR1 alpha + Enhanced + One-Step,NYSE:HL,0.0
2021-10-27,17,AR1 alpha + Enhanced + One-Step,NYSE:HL,8.826966682599365e-09
2021-10-28,17,AR1 alpha + Enhanced + One-Step,NYSE:HL,2.529562742329104e-08
2021-10-29,17,AR1 alpha + Enhanced + One-Step,NYSE:HL,1.1406248427438247e-07
2021-11-01,17,AR1 alpha + Enhanced + One-Step,NYSE:HL,0.0
2021-11-02,17,AR1 alpha + Enhanced + One-Step,NYSE:HL,0.0
2021-11-03,17,AR1 alpha + Enhanced + One-Step,NYSE:HL,3.056817110895988e-07
2021-11-04,17,AR1 alpha + Enhanced + One-Step,NYSE:HL,0.0
2021-11-05,17,AR1 alpha + Enhanced + One-Step,NYSE:HL,0.0
2021-11-08,17,AR1 alpha + Enhanced + One-Step,NYSE:HL,8.687790605006147e-08
2021-11-09,17,AR1 alpha + Enhanced + One-Step,NYSE:HL,1.2329794387932237e-07
2021-11-10,17,AR1 alpha + Enhanced + One-Step,NYSE:HL,3.467945788569825e-07
2021-11-11,17,AR1 alpha + Enhanced + One-Step,NYSE:HL,1.1949447841083047e-07
2021-11-12,17,AR1 alpha + Enhanced + One-Step,NYSE:HL,9.50483963370722e-08
2021-11-15,17,AR1 alpha + Enhanced + One-Step,NYSE:HL,2.2135401384049333e-07
2021-11-16,17,AR1 alpha + Enhanced + One-Step,NYSE:HL,5.1296464827331167e-08
2021-11-17,17,AR1 alpha + Enhanced + One-Step,NYSE:HL,0.0
2021-11-18,17,AR1 alpha + Enhanced + One-Step,NYSE:HL,0.0
2021-11-19,17,AR1 alpha + Enhanced + One-Step,NYSE:HL,1.0378532802110914e-07
2021-11-22,17,AR1 alpha + Enhanced + One-Step,NYSE:HL,0.009048308389999647
2021-11-23,17,AR1 alpha + Enhanced + One-Step,NYSE:HL,0.0167850070070087
2021-11-24,17,AR1 alpha + Enhanced + One-Step,NYSE:HL,0.017372526528416348
2021-11-26,17,AR1 alpha + Enhanced + One-Step,NYSE:HL,0.01772046176759925
2021-11-29,17,AR1 alpha + Enhanced + One-Step,NYSE:HL,0.021585784790633496
2021-11-30,17,AR1 alpha + Enhanced + One-Step,NYSE:HL,0.02158512962684493
2021-12-01,17,AR1 alpha + Enhanced + One-Step,NYSE:HL,0.035183676422834834
2021-12-02,17,AR1 alpha + Enhanced + One-Step,NYSE:HL,0.04117947040951645
2021-12-03,17,AR1 alpha + Enhanced + One-Step,NYSE:HL,0.041178861640123327
2021-12-06,17,AR1 alpha + Enhanced + One-Step,NYSE:HL,0.0411788139395415
2021-12-07,17,AR1 alpha + Enhanced + One-Step,NYSE:HL,0.02439855420482381
2021-12-08,17,AR1 alpha + Enhanced + One-Step,NYSE:HL,0.007743109015669865
2021-12-09,17,AR1 alpha + Enhanced + One-Step,NYSE:HL,0.007742633663375971
2021-12-10,17,AR1 alpha + Enhanced + One-Step,NYSE:HL,0.007742132667453103
2021-12-13,17,AR1 alpha + Enhanced + One-Step,NYSE:HL,0.007740718461469034
2021-12-14,17,AR1 alpha + Enhanced + One-Step,NYSE:HL,0.00774098593253082
2021-12-15,17,AR1 alpha + Enhanced + One-Step,NYSE:HL,0.00894039283722628
2021-12-16,17,AR1 alpha + Enhanced + One-Step,NYSE:HL,1.8255869632126556e-07
2021-12-17,17,AR1 alpha + Enhanced + One-Step,NYSE:HL,1.3307208541286915e-08
2021-12-20,17,AR1 alpha + Enhanced + One-Step,NYSE:HL,0.0
2021-12-21,17,AR1 alpha + Enhanced + One-Step,NYSE:HL,9.62958264106275e-08
2021-12-22,17,AR1 alpha + Enhanced + One-Step,NYSE:HL,0.0
2021-12-23,17,AR1 alpha + Enhanced + One-Step,NYSE:HL,1.580092597636999e-07
2021-12-27,17,AR1 alpha + Enhanced + One-Step,NYSE:HL,1.2175474884469258e-07
2021-12-28,17,AR1 alpha + Enhanced + One-Step,NYSE:HL,6.318433887583887e-08
2021-12-29,17,AR1 alpha + Enhanced + One-Step,NYSE:HL,9.098802337532395e-08
2021-12-30,17,AR1 alpha + Enhanced + One-Step,NYSE:HL,9.713818138928834e-08
2021-12-31,17,AR1 alpha + Enhanced + One-Step,NYSE:HL,1.5427861163972734e-08
2022-01-03,17,AR1 alpha + Enhanced + One-Step,NYSE:HL,1.1349335251567743e-07
2022-01-04,17,AR1 alpha + Enhanced + One-Step,NYSE:HL,5.799077634537008e-08
2022-01-05,17,AR1 alpha + Enhanced + One-Step,NYSE:HL,1.9038496320814745e-08
2022-01-06,17,AR1 alpha + Enhanced + One-Step,NYSE:HL,2.2313481919036803e-08
2022-01-07,17,AR1 alpha + Enhanced + One-Step,NYSE:HL,0.0
2022-01-10,17,AR1 alpha + Enhanced + One-Step,NYSE:HL,0.0
2022-01-11,17,AR1 alpha + Enhanced + One-Step,NYSE:HL,0.0
2022-01-12,17,AR1 alpha + Enhanced + One-Step,NYSE:HL,0.0
2022-01-13,17,AR1 alpha + Enhanced + One-Step,NYSE:HL,0.0
2022-01-14,17,AR1 alpha + Enhanced + One-Step,NYSE:HL,0.0
2022-01-18,17,AR1 alpha + Enhanced + One-Step,NYSE:HL,9.744386248075226e-08
2022-01-19,17,AR1 alpha + Enhanced + One-Step,NYSE:HL,0.0
2022-01-20,17,AR1 alpha + Enhanced + One-Step,NYSE:HL,2.9736759669142707e-08
2022-01-21,17,AR1 alpha + Enhanced + One-Step,NYSE:HL,0.0
2022-01-24,17,AR1 alpha + Enhanced + One-Step,NYSE:HL,0.0
2022-01-25,17,AR1 alpha + Enhanced + One-Step,NYSE:HL,1.6842108801816377e-08
2022-01-26,17,AR1 alpha + Enhanced + One-Step,NYSE:HL,0.012320748568859017
2022-01-27,17,AR1 alpha + Enhanced + One-Step,NYSE:HL,0.012320014538569261
2022-01-28,17,AR1 alpha + Enhanced + One-Step,NYSE:HL,0.01232002994894293
2022-01-31,17,AR1 alpha + Enhanced + One-Step,NYSE:HL,0.012320320309331518
2022-02-01,17,AR1 alpha + Enhanced + One-Step,NYSE:HL,0.01232036414339778
2022-02-02,17,AR1 alpha + Enhanced + One-Step,NYSE:HL,0.01232037761047693
2022-02-03,17,AR1 alpha + Enhanced + One-Step,NYSE:HL,0.01232006838867287
2022-02-04,17,AR1 alpha + Enhanced + One-Step,NYSE:HL,0.011484612137486496
2022-02-07,17,AR1 alpha + Enhanced + One-Step,NYSE:HL,0.010823912416326444
2022-02-08,17,AR1 alpha + Enhanced + One-Step,NYSE:HL,0.010823875151072916
2022-02-09,17,AR1 alpha + Enhanced + One-Step,NYSE:HL,0.00575332952086196
2022-02-10,17,AR1 alpha + Enhanced + One-Step,NYSE:HL,0.0057533414356134545
2022-02-11,17,AR1 alpha + Enhanced + One-Step,NYSE:HL,0.005715967474324047
2022-02-14,17,AR1 alpha + Enhanced + One-Step,NYSE:HL,3.771194012535054e-08
2022-02-15,17,AR1 alpha + Enhanced + One-Step,NYSE:HL,2.450006413360313e-08
2022-02-16,17,AR1 alpha + Enhanced + One-Step,NYSE:HL,4.6526196094321535e-09
2022-02-17,17,AR1 alpha + Enhanced + One-Step,NYSE:HL,0.0
2022-02-18,17,AR1 alpha + Enhanced + One-Step,NYSE:HL,2.976429425265846e-08
2022-02-22,17,AR1 alpha + Enhanced + One-Step,NYSE:HL,3.473212001821296e-09
2022-02-23,17,AR1 alpha + Enhanced + One-Step,NYSE:HL,1.093897100693971e-08
2022-02-24,17,AR1 alpha + Enhanced + One-Step,NYSE:HL,0.0
2022-02-25,17,AR1 alpha + Enhanced + One-Step,NYSE:HL,3.688837470762207e-08
2022-02-28,17,AR1 alpha + Enhanced + One-Step,NYSE:HL,3.004323819534289e-08
2022-03-01,17,AR1 alpha + Enhanced + One-Step,NYSE:HL,4.650236516461768e-08
2022-03-02,17,AR1 alpha + Enhanced + One-Step,NYSE:HL,0.0
2022-03-03,17,AR1 alpha + Enhanced + One-Step,NYSE:HL,0.0
2022-03-04,17,AR1 alpha + Enhanced + One-Step,NYSE:HL,0.0
2022-03-07,17,AR1 alpha + Enhanced + One-Step,NYSE:HL,5.619048527330864e-07
2022-03-08,17,AR1 alpha + Enhanced + One-Step,NYSE:HL,2.0527653883145872e-07
2022-03-09,17,AR1 alpha + Enhanced + One-Step,NYSE:HL,2.4534554717209896e-08
2022-03-10,17,AR1 alpha + Enhanced + One-Step,NYSE:HL,0.0024069321787598573
2022-03-11,17,AR1 alpha + Enhanced + One-Step,NYSE:HL,0.0024064008613491135
2022-03-14,17,AR1 alpha + Enhanced + One-Step,NYSE:HL,0.0024051479780390957
2022-03-15,17,AR1 alpha + Enhanced + One-Step,NYSE:HL,0.003785757867815132
2022-03-16,17,AR1 alpha + Enhanced + One-Step,NYSE:HL,0.00378578204032597
2022-03-17,17,AR1 alpha + Enhanced + One-Step,NYSE:HL,0.003785907533328861
2022-03-18,17,AR1 alpha + Enhanced + One-Step,NYSE:HL,0.0037858741100741376
2022-03-21,17,AR1 alpha + Enhanced + One-Step,NYSE:HL,0.0037860027482021627
2022-03-22,17,AR1 alpha + Enhanced + One-Step,NYSE:HL,0.005535340787432532
2022-03-23,17,AR1 alpha + Enhanced + One-Step,NYSE:HL,0.005535330943865409
2022-03-24,17,AR1 alpha + Enhanced + One-Step,NYSE:HL,0.005535517662946096
2022-03-25,17,AR1 alpha + Enhanced + One-Step,NYSE:HL,0.011278926934686986
2022-03-28,17,AR1 alpha + Enhanced + One-Step,NYSE:HL,0.026825801598492304
2022-03-29,17,AR1 alpha + Enhanced + One-Step,NYSE:HL,0.027694095460660043
2022-03-30,17,AR1 alpha + Enhanced + One-Step,NYSE:HL,0.027694115381669934
2022-03-31,17,AR1 alpha + Enhanced + One-Step,NYSE:HL,0.027694099208847484
2022-04-01,17,AR1 alpha + Enhanced + One-Step,NYSE:HL,0.027688900250979222
2022-04-04,17,AR1 alpha + Enhanced + One-Step,NYSE:HL,0.027688002816342736
2022-04-05,17,AR1 alpha + Enhanced + One-Step,NYSE:HL,0.02768815656339146
2022-04-06,17,AR1 alpha + Enhanced + One-Step,NYSE:HL,0.02768584332548826
2022-04-07,17,AR1 alpha + Enhanced + One-Step,NYSE:HL,0.027685851224483606
2022-04-08,17,AR1 alpha + Enhanced + One-Step,NYSE:HL,0.027685942188712103
2022-04-11,17,AR1 alpha + Enhanced + One-Step,NYSE:HL,0.027683323088953538
2022-04-12,17,AR1 alpha + Enhanced + One-Step,NYSE:HL,0.02768185694455434
2022-04-13,17,AR1 alpha + Enhanced + One-Step,NYSE:HL,0.027681923182435047
2022-04-14,17,AR1 alpha + Enhanced + One-Step,NYSE:HL,0.027680584840483892
2022-04-18,17,AR1 alpha + Enhanced + One-Step,NYSE:HL,0.02767976925800766
2022-04-19,17,AR1 alpha + Enhanced + One-Step,NYSE:HL,0.02924504476271719
2022-04-20,17,AR1 alpha + Enhanced + One-Step,NYSE:HL,0.029244950162390256
2022-04-21,17,AR1 alpha + Enhanced + One-Step,NYSE:HL,0.029244171371540957
2022-04-22,17,AR1 alpha + Enhanced + One-Step,NYSE:HL,0.029243619261500788
2022-04-25,17,AR1 alpha + Enhanced + One-Step,NYSE:HL,0.01901800768011377
2022-04-26,17,AR1 alpha + Enhanced + One-Step,NYSE:HL,0.0007149130190248782
2022-04-27,17,AR1 alpha + Enhanced + One-Step,NYSE:HL,0.0
2022-04-28,17,AR1 alpha + Enhanced + One-Step,NYSE:HL,0.0
2022-04-29,17,AR1 alpha + Enhanced + One-Step,NYSE:HL,0.0
2022-05-02,17,AR1 alpha + Enhanced + One-Step,NYSE:HL,0.0
2022-05-03,17,AR1 alpha + Enhanced + One-Step,NYSE:HL,0.0
2022-05-04,17,AR1 alpha + Enhanced + One-Step,NYSE:HL,3.036372014717641e-09
2022-05-05,17,AR1 alpha + Enhanced + One-Step,NYSE:HL,0.0
2022-05-06,17,AR1 alpha + Enhanced + One-Step,NYSE:HL,0.0
2022-05-09,17,AR1 alpha + Enhanced + One-Step,NYSE:HL,0.0
2022-05-10,17,AR1 alpha + Enhanced + One-Step,NYSE:HL,0.0
2022-05-11,17,AR1 alpha + Enhanced + One-Step,NYSE:HL,0.0
2022-05-12,17,AR1 alpha + Enhanced + One-Step,NYSE:HL,0.0
2022-05-13,17,AR1 alpha + Enhanced + One-Step,NYSE:HL,0.0
2022-05-16,17,AR1 alpha + Enhanced + One-Step,NYSE:HL,0.0
2022-05-17,17,AR1 alpha + Enhanced + One-Step,NYSE:HL,0.0
2022-05-18,17,AR1 alpha + Enhanced + One-Step,NYSE:HL,0.0
2022-05-19,17,AR1 alpha + Enhanced + One-Step,NYSE:HL,0.0
2022-05-20,17,AR1 alpha + Enhanced + One-Step,NYSE:HL,0.0
2022-05-23,17,AR1 alpha + Enhanced + One-Step,NYSE:HL,0.0
2022-05-24,17,AR1 alpha + Enhanced + One-Step,NYSE:HL,0.0
2022-05-25,17,AR1 alpha + Enhanced + One-Step,NYSE:HL,0.0
2022-05-26,17,AR1 alpha + Enhanced + One-Step,NYSE:HL,0.0
2022-05-27,17,AR1 alpha + Enhanced + One-Step,NYSE:HL,8.848552248184111e-08
2022-05-31,17,AR1 alpha + Enhanced + One-Step,NYSE:HL,0.0
2022-06-01,17,AR1 alpha + Enhanced + One-Step,NYSE:HL,8.785268569232678e-07
2022-06-02,17,AR1 alpha + Enhanced + One-Step,NYSE:HL,3.0558819294934106e-07
2022-06-03,17,AR1 alpha + Enhanced + One-Step,NYSE:HL,0.0
2022-06-06,17,AR1 alpha + Enhanced + One-Step,NYSE:HL,0.0
2022-06-07,17,AR1 alpha + Enhanced + One-Step,NYSE:HL,0.0
2022-06-08,17,AR1 alpha + Enhanced + One-Step,NYSE:HL,0.0
2022-06-09,17,AR1 alpha + Enhanced + One-Step,NYSE:HL,0.0
2022-06-10,17,AR1 alpha + Enhanced + One-Step,NYSE:HL,0.0
2022-06-13,17,AR1 alpha + Enhanced + One-Step,NYSE:HL,0.0
2022-06-14,17,AR1 alpha + Enhanced + One-Step,NYSE:HL,0.0
2022-06-15,17,AR1 alpha + Enhanced + One-Step,NYSE:HL,0.0
2022-06-16,17,AR1 alpha + Enhanced + One-Step,NYSE:HL,0.0
2022-06-17,17,AR1 alpha + Enhanced + One-Step,NYSE:HL,1.6184704590316758e-07
2022-06-21,17,AR1 alpha + Enhanced + One-Step,NYSE:HL,0.0
2022-06-22,17,AR1 alpha + Enhanced + One-Step,NYSE:HL,0.0
2022-06-23,17,AR1 alpha + Enhanced + One-Step,NYSE:HL,0.0
2022-06-24,17,AR1 alpha + Enhanced + One-Step,NYSE:HL,0.0
2022-06-27,17,AR1 alpha + Enhanced + One-Step,NYSE:HL,6.98686050986751e-08
2022-06-28,17,AR1 alpha + Enhanced + One-Step,NYSE:HL,3.218811341432341e-08
2022-06-29,17,AR1 alpha + Enhanced + One-Step,NYSE:HL,0.0
2022-06-30,17,AR1 alpha + Enhanced + One-Step,NYSE:HL,5.931840686230078e-08
2022-07-01,17,AR1 alpha + Enhanced + One-Step,NYSE:HL,0.0
2022-07-05,17,AR1 alpha + Enhanced + One-Step,NYSE:HL,0.0
2022-07-06,17,AR1 alpha + Enhanced + One-Step,NYSE:HL,0.0
2022-07-07,17,AR1 alpha + Enhanced + One-Step,NYSE:HL,0.0
2022-07-08,17,AR1 alpha + Enhanced + One-Step,NYSE:HL,0.0
2022-07-11,17,AR1 alpha + Enhanced + One-Step,NYSE:HL,0.0
2022-07-12,17,AR1 alpha + Enhanced + One-Step,NYSE:HL,0.0
2022-07-13,17,AR1 alpha + Enhanced + One-Step,NYSE:HL,0.0
2022-07-14,17,AR1 alpha + Enhanced + One-Step,NYSE:HL,2.0298235367387428e-08
2022-07-15,17,AR1 alpha + Enhanced + One-Step,NYSE:HL,3.1882254167905656e-08
2022-07-18,17,AR1 alpha + Enhanced + One-Step,NYSE:HL,0.0
2022-07-19,17,AR1 alpha + Enhanced + One-Step,NYSE:HL,0.0
2022-07-20,17,AR1 alpha + Enhanced + One-Step,NYSE:HL,0.0
2022-07-21,17,AR1 alpha + Enhanced + One-Step,NYSE:HL,0.0
2022-07-22,17,AR1 alpha + Enhanced + One-Step,NYSE:HL,0.0
2022-07-25,17,AR1 alpha + Enhanced + One-Step,NYSE:HL,1.819428967045794e-07
2022-07-26,17,AR1 alpha + Enhanced + One-Step,NYSE:HL,8.789117328633604e-08
2022-07-27,17,AR1 alpha + Enhanced + One-Step,NYSE:HL,6.110887375191462e-09
2022-07-28,17,AR1 alpha + Enhanced + One-Step,NYSE:HL,8.952711440435351e-09
2022-07-29,17,AR1 alpha + Enhanced + One-Step,NYSE:HL,0.0
2022-08-01,17,AR1 alpha + Enhanced + One-Step,NYSE:HL,0.0
2022-08-02,17,AR1 alpha + Enhanced + One-Step,NYSE:HL,0.0
2022-08-03,17,AR1 alpha + Enhanced + One-Step,NYSE:HL,0.0
2022-08-04,17,AR1 alpha + Enhanced + One-Step,NYSE:HL,5.081045129689438e-08
2022-08-05,17,AR1 alpha + Enhanced + One-Step,NYSE:HL,0.0
2022-08-08,17,AR1 alpha + Enhanced + One-Step,NYSE:HL,0.0
2022-08-09,17,AR1 alpha + Enhanced + One-Step,NYSE:HL,3.244052443762309e-07
2022-08-10,17,AR1 alpha + Enhanced + One-Step,NYSE:HL,0.0
2022-08-11,17,AR1 alpha + Enhanced + One-Step,NYSE:HL,0.0
2022-08-12,17,AR1 alpha + Enhanced + One-Step,NYSE:HL,0.0
2022-08-15,17,AR1 alpha + Enhanced + One-Step,NYSE:HL,0.0
2022-08-16,17,AR1 alpha + Enhanced + One-Step,NYSE:HL,1.8870326871720908e-08
2022-08-17,17,AR1 alpha + Enhanced + One-Step,NYSE:HL,2.8491142437433505e-07
2022-08-18,17,AR1 alpha + Enhanced + One-Step,NYSE:HL,0.0
2022-08-19,17,AR1 alpha + Enhanced + One-Step,NYSE:HL,0.0
2022-08-22,17,AR1 alpha + Enhanced + One-Step,NYSE:HL,2.1559929030027536e-08
2022-08-23,17,AR1 alpha + Enhanced + One-Step,NYSE:HL,0.0
2022-08-24,17,AR1 alpha + Enhanced + One-Step,NYSE:HL,0.0
2022-08-25,17,AR1 alpha + Enhanced + One-Step,NYSE:HL,0.0
2022-08-26,17,AR1 alpha + Enhanced + One-Step,NYSE:HL,0.0
2022-08-29,17,AR1 alpha + Enhanced + One-Step,NYSE:HL,5.861502285877577e-08
2022-08-30,17,AR1 alpha + Enhanced + One-Step,NYSE:HL,0.0
2022-08-31,17,AR1 alpha + Enhanced + One-Step,NYSE:HL,3.555159801835309e-08
2022-09-01,17,AR1 alpha + Enhanced + One-Step,NYSE:HL,4.370952755090922e-08
2022-09-02,17,AR1 alpha + Enhanced + One-Step,NYSE:HL,1.7655265939651295e-10
2022-09-06,17,AR1 alpha + Enhanced + One-Step,NYSE:HL,0.0
2022-09-07,17,AR1 alpha + Enhanced + One-Step,NYSE:HL,0.0
2022-09-08,17,AR1 alpha + Enhanced + One-Step,NYSE:HL,7.129059821193442e-08
2022-09-09,17,AR1 alpha + Enhanced + One-Step,NYSE:HL,0.0
2022-09-12,17,AR1 alpha + Enhanced + One-Step,NYSE:HL,0.0
2022-09-13,17,AR1 alpha + Enhanced + One-Step,NYSE:HL,4.7298216362177195e-09
2022-09-14,17,AR1 alpha + Enhanced + One-Step,NYSE:HL,0.0
2022-09-15,17,AR1 alpha + Enhanced + One-Step,NYSE:HL,0.0
2022-09-16,17,AR1 alpha + Enhanced + One-Step,NYSE:HL,4.4626931009685465e-08
2022-09-19,17,AR1 alpha + Enhanced + One-Step,NYSE:HL,0.0
2022-09-20,17,AR1 alpha + Enhanced + One-Step,NYSE:HL,5.233996016295876e-08
2022-09-21,17,AR1 alpha + Enhanced + One-Step,NYSE:HL,0.0
2022-09-22,17,AR1 alpha + Enhanced + One-Step,NYSE:HL,0.0
2022-09-23,17,AR1 alpha + Enhanced + One-Step,NYSE:HL,0.0
2022-09-26,17,AR1 alpha + Enhanced + One-Step,NYSE:HL,0.0
2022-09-27,17,AR1 alpha + Enhanced + One-Step,NYSE:HL,0.0
2022-09-28,17,AR1 alpha + Enhanced + One-Step,NYSE:HL,0.0
2022-09-29,17,AR1 alpha + Enhanced + One-Step,NYSE:HL,1.7165859060330643e-07
2022-09-30,17,AR1 alpha + Enhanced + One-Step,NYSE:HL,6.345381615097048e-08
2022-10-03,17,AR1 alpha + Enhanced + One-Step,NYSE:HL,2.3726818159940946e-08
2022-10-04,17,AR1 alpha + Enhanced + One-Step,NYSE:HL,8.139263372280552e-08
2022-10-05,17,AR1 alpha + Enhanced + One-Step,NYSE:HL,0.0
2022-10-06,17,AR1 alpha + Enhanced + One-Step,NYSE:HL,0.0
2022-10-07,17,AR1 alpha + Enhanced + One-Step,NYSE:HL,1.0114406874626606e-08
2022-10-10,17,AR1 alpha + Enhanced + One-Step,NYSE:HL,0.0
2022-10-11,17,AR1 alpha + Enhanced + One-Step,NYSE:HL,0.0
2022-10-12,17,AR1 alpha + Enhanced + One-Step,NYSE:HL,0.0
2022-10-13,17,AR1 alpha + Enhanced + One-Step,NYSE:HL,7.931052639780991e-07
2022-10-14,17,AR1 alpha + Enhanced + One-Step,NYSE:HL,2.619510807242024e-07
2022-10-17,17,AR1 alpha + Enhanced + One-Step,NYSE:HL,6.734093223738208e-08
2022-10-18,17,AR1 alpha + Enhanced + One-Step,NYSE:HL,3.9512345285146234e-08
2022-10-19,17,AR1 alpha + Enhanced + One-Step,NYSE:HL,1.837407979361543e-08
2022-10-20,17,AR1 alpha + Enhanced + One-Step,NYSE:HL,0.0
2022-10-21,17,AR1 alpha + Enhanced + One-Step,NYSE:HL,2.3580878823435362e-08
2022-10-24,17,AR1 alpha + Enhanced + One-Step,NYSE:HL,0.0
2022-10-25,17,AR1 alpha + Enhanced + One-Step,NYSE:HL,6.74346442830178e-09
2022-10-26,17,AR1 alpha + Enhanced + One-Step,NYSE:HL,3.0278409292203195e-08
2022-10-27,17,AR1 alpha + Enhanced + One-Step,NYSE:HL,0.0
2022-10-28,17,AR1 alpha + Enhanced + One-Step,NYSE:HL,0.0
2022-10-31,17,AR1 alpha + Enhanced + One-Step,NYSE:HL,0.0
2022-11-01,17,AR1 alpha + Enhanced + One-Step,NYSE:HL,0.0
2022-11-02,17,AR1 alpha + Enhanced + One-Step,NYSE:HL,5.316305314825717e-09
2022-11-03,17,AR1 alpha + Enhanced + One-Step,NYSE:HL,9.36727280278001e-07
2022-11-04,17,AR1 alpha + Enhanced + One-Step,NYSE:HL,2.1454405055931233e-07
2022-11-07,17,AR1 alpha + Enhanced + One-Step,NYSE:HL,0.0
2022-11-08,17,AR1 alpha + Enhanced + One-Step,NYSE:HL,4.297751917099914e-08
2022-11-09,17,AR1 alpha + Enhanced + One-Step,NYSE:HL,0.0
2022-11-10,17,AR1 alpha + Enhanced + One-Step,NYSE:HL,5.053056468157157e-09
2022-11-11,17,AR1 alpha + Enhanced + One-Step,NYSE:HL,0.0
2022-11-14,17,AR1 alpha + Enhanced + One-Step,NYSE:HL,0.0
2022-11-15,17,AR1 alpha + Enhanced + One-Step,NYSE:HL,1.0282003832591375e-08
2022-11-16,17,AR1 alpha + Enhanced + One-Step,NYSE:HL,0.0
2022-11-17,17,AR1 alpha + Enhanced + One-Step,NYSE:HL,0.0
2022-11-18,17,AR1 alpha + Enhanced + One-Step,NYSE:HL,2.05438060191226e-08
2022-11-21,17,AR1 alpha + Enhanced + One-Step,NYSE:HL,0.0
2022-11-22,17,AR1 alpha + Enhanced + One-Step,NYSE:HL,0.0
2022-11-23,17,AR1 alpha + Enhanced + One-Step,NYSE:HL,2.0462022348179623e-07
2022-11-25,17,AR1 alpha + Enhanced + One-Step,NYSE:HL,1.6220974176871414e-07
2022-11-28,17,AR1 alpha + Enhanced + One-Step,NYSE:HL,9.109240297652664e-08
2022-11-29,17,AR1 alpha + Enhanced + One-Step,NYSE:HL,3.921969537014127e-08
2022-11-30,17,AR1 alpha + Enhanced + One-Step,NYSE:HL,1.6476556288054637e-08
2022-12-01,17,AR1 alpha + Enhanced + One-Step,NYSE:HL,0.0
2022-12-02,17,AR1 alpha + Enhanced + One-Step,NYSE:HL,3.676401994545478e-08
2022-12-05,17,AR1 alpha + Enhanced + One-Step,NYSE:HL,0.0
2022-12-06,17,AR1 alpha + Enhanced + One-Step,NYSE:HL,0.0
2022-12-07,17,AR1 alpha + Enhanced + One-Step,NYSE:HL,0.0
2022-12-08,17,AR1 alpha + Enhanced + One-Step,NYSE:HL,0.0
2022-12-09,17,AR1 alpha + Enhanced + One-Step,NYSE:HL,0.0
2022-12-12,17,AR1 alpha + Enhanced + One-Step,NYSE:HL,0.0
2022-12-13,17,AR1 alpha + Enhanced + One-Step,NYSE:HL,0.0
2022-12-14,17,AR1 alpha + Enhanced + One-Step,NYSE:HL,0.0
2022-12-15,17,AR1 alpha + Enhanced + One-Step,NYSE:HL,0.001675288263257603
2022-12-16,17,AR1 alpha + Enhanced + One-Step,NYSE:HL,0.001674731745304796
2022-12-19,17,AR1 alpha + Enhanced + One-Step,NYSE:HL,0.0016747465585195641
2022-12-20,17,AR1 alpha + Enhanced + One-Step,NYSE:HL,0.0
2022-12-21,17,AR1 alpha + Enhanced + One-Step,NYSE:HL,7.591911026269653e-10
2022-12-22,17,AR1 alpha + Enhanced + One-Step,NYSE:HL,1.261713727362016e-09
2022-12-23,17,AR1 alpha + Enhanced + One-Step,NYSE:HL,0.0
2022-12-27,17,AR1 alpha + Enhanced + One-Step,NYSE:HL,1.3287783825236239e-09
2022-12-28,17,AR1 alpha + Enhanced + One-Step,NYSE:HL,4.426541952986973e-09
2022-12-29,17,AR1 alpha + Enhanced + One-Step,NYSE:HL,0.0
2022-12-30,17,AR1 alpha + Enhanced + One-Step,NYSE:HL,0.0
2023-01-03,17,AR1 alpha + Enhanced + One-Step,NYSE:HL,8.919188867159014e-10
2023-01-04,17,AR1 alpha + Enhanced + One-Step,NYSE:HL,0.0
2023-01-05,17,AR1 alpha + Enhanced + One-Step,NYSE:HL,2.0220931362671158e-07
2023-01-06,17,AR1 alpha + Enhanced + One-Step,NYSE:HL,4.0524631158684104e-08
2023-01-09,17,AR1 alpha + Enhanced + One-Step,NYSE:HL,0.0
2023-01-10,17,AR1 alpha + Enhanced + One-Step,NYSE:HL,5.604075148022825e-08
2023-01-11,17,AR1 alpha + Enhanced + One-Step,NYSE:HL,0.0
2023-01-12,17,AR1 alpha + Enhanced + One-Step,NYSE:HL,0.0
2023-01-13,17,AR1 alpha + Enhanced + One-Step,NYSE:HL,0.0
2023-01-17,17,AR1 alpha + Enhanced + One-Step,NYSE:HL,0.0
2023-01-18,17,AR1 alpha + Enhanced + One-Step,NYSE:HL,0.0
2023-01-19,17,AR1 alpha + Enhanced + One-Step,NYSE:HL,0.0
2023-01-20,17,AR1 alpha + Enhanced + One-Step,NYSE:HL,0.0
2023-01-23,17,AR1 alpha + Enhanced + One-Step,NYSE:HL,0.0
2023-01-24,17,AR1 alpha + Enhanced + One-Step,NYSE:HL,1.1068008400865216e-08
2023-01-25,17,AR1 alpha + Enhanced + One-Step,NYSE:HL,1.808233917753457e-08
2023-01-26,17,AR1 alpha + Enhanced + One-Step,NYSE:HL,0.0
2023-01-27,17,AR1 alpha + Enhanced + One-Step,NYSE:HL,0.0
2023-01-30,17,AR1 alpha + Enhanced + One-Step,NYSE:HL,0.0
2023-01-31,17,AR1 alpha + Enhanced + One-Step,NYSE:HL,2.0704533947640261e-07
2023-02-01,17,AR1 alpha + Enhanced + One-Step,NYSE:HL,2.452336932453295e-07
2023-02-02,17,AR1 alpha + Enhanced + One-Step,NYSE:HL,2.445843176580123e-07
2023-02-03,17,AR1 alpha + Enhanced + One-Step,NYSE:HL,0.018788951938231952
2023-02-06,17,AR1 alpha + Enhanced + One-Step,NYSE:HL,0.03244840692011592
2023-02-07,17,AR1 alpha + Enhanced + One-Step,NYSE:HL,0.03245177431842978
2023-02-08,17,AR1 alpha + Enhanced + One-Step,NYSE:HL,0.03245232698590718
2023-02-09,17,AR1 alpha + Enhanced + One-Step,NYSE:HL,0.032452347793254746
2023-02-10,17,AR1 alpha + Enhanced + One-Step,NYSE:HL,0.03245102233223906
2023-02-13,17,AR1 alpha + Enhanced + One-Step,NYSE:HL,0.03245047385962563
2023-02-14,17,AR1 alpha + Enhanced + One-Step,NYSE:HL,0.02870380578710782
2023-02-15,17,AR1 alpha + Enhanced + One-Step,NYSE:HL,0.0448978093561375
2023-02-16,17,AR1 alpha + Enhanced + One-Step,NYSE:HL,0.05509424071467386
2023-02-17,17,AR1 alpha + Enhanced + One-Step,NYSE:HL,0.05509076917117952
2023-02-21,17,AR1 alpha + Enhanced + One-Step,NYSE:HL,0.055087259005454456
2023-02-22,17,AR1 alpha + Enhanced + One-Step,NYSE:HL,0.037784264238868145
2023-02-23,17,AR1 alpha + Enhanced + One-Step,NYSE:HL,0.037784251940452124
2023-02-24,17,AR1 alpha + Enhanced + One-Step,NYSE:HL,0.037786463304596986
2023-02-27,17,AR1 alpha + Enhanced + One-Step,NYSE:HL,0.02190223134918305
2023-02-28,17,AR1 alpha + Enhanced + One-Step,NYSE:HL,0.0017695091115849987
2023-03-01,17,AR1 alpha + Enhanced + One-Step,NYSE:HL,1.4368215737863026e-07
2023-03-02,17,AR1 alpha + Enhanced + One-Step,NYSE:HL,0.0
2023-03-03,17,AR1 alpha + Enhanced + One-Step,NYSE:HL,0.0
2023-03-06,17,AR1 alpha + Enhanced + One-Step,NYSE:HL,0.0
2023-03-07,17,AR1 alpha + Enhanced + One-Step,NYSE:HL,0.0
2023-03-08,17,AR1 alpha + Enhanced + One-Step,NYSE:HL,0.0
2023-03-09,17,AR1 alpha + Enhanced + One-Step,NYSE:HL,0.0
2023-03-10,17,AR1 alpha + Enhanced + One-Step,NYSE:HL,0.0
2023-03-13,17,AR1 alpha + Enhanced + One-Step,NYSE:HL,1.0632021749006874e-08
2023-03-14,17,AR1 alpha + Enhanced + One-Step,NYSE:HL,1.973740492415977e-08
2023-03-15,17,AR1 alpha + Enhanced + One-Step,NYSE:HL,0.0
2023-03-16,17,AR1 alpha + Enhanced + One-Step,NYSE:HL,4.163210861763054e-09
2023-03-17,17,AR1 alpha + Enhanced + One-Step,NYSE:HL,0.0
2023-03-20,17,AR1 alpha + Enhanced + One-Step,NYSE:HL,0.0
2023-03-21,17,AR1 alpha + Enhanced + One-Step,NYSE:HL,0.0
2023-03-22,17,AR1 alpha + Enhanced + One-Step,NYSE:HL,0.0
2023-03-23,17,AR1 alpha + Enhanced + One-Step,NYSE:HL,0.0
2023-03-24,17,AR1 alpha + Enhanced + One-Step,NYSE:HL,0.0
2023-03-27,17,AR1 alpha + Enhanced + One-Step,NYSE:HL,0.0
2023-03-28,17,AR1 alpha + Enhanced + One-Step,NYSE:HL,0.0
2023-03-29,17,AR1 alpha + Enhanced + One-Step,NYSE:HL,5.170136370644923e-09
2023-03-30,17,AR1 alpha + Enhanced + One-Step,NYSE:HL,1.2082849122740495e-08
2023-03-31,17,AR1 alpha + Enhanced + One-Step,NYSE:HL,8.175255174172497e-08
2023-04-03,17,AR1 alpha + Enhanced + One-Step,NYSE:HL,0.0
2023-04-04,17,AR1 alpha + Enhanced + One-Step,NYSE:HL,0.0
2023-04-05,17,AR1 alpha + Enhanced + One-Step,NYSE:HL,3.498158161632631e-08
2023-04-06,17,AR1 alpha + Enhanced + One-Step,NYSE:HL,7.038175840445405e-08
2023-04-10,17,AR1 alpha + Enhanced + One-Step,NYSE:HL,3.982782001890366e-07
2023-04-11,17,AR1 alpha + Enhanced + One-Step,NYSE:HL,0.0
2023-04-12,17,AR1 alpha + Enhanced + One-Step,NYSE:HL,0.0
2023-04-13,17,AR1 alpha + Enhanced + One-Step,NYSE:HL,0.0
2023-04-14,17,AR1 alpha + Enhanced + One-Step,NYSE:HL,7.923345327857596e-08
2023-04-17,17,AR1 alpha + Enhanced + One-Step,NYSE:HL,2.373790944110075e-07
2023-04-18,17,AR1 alpha + Enhanced + One-Step,NYSE:HL,5.962898525360633e-08
2023-04-19,17,AR1 alpha + Enhanced + One-Step,NYSE:HL,0.019912949593975323
2023-04-20,17,AR1 alpha + Enhanced + One-Step,NYSE:HL,0.02773490986960413
2023-04-21,17,AR1 alpha + Enhanced + One-Step,NYSE:HL,0.03640370021175475
2023-04-24,17,AR1 alpha + Enhanced + One-Step,NYSE:HL,0.03640274299892656
2023-04-25,17,AR1 alpha + Enhanced + One-Step,NYSE:HL,0.02556044586076527
2023-04-26,17,AR1 alpha + Enhanced + One-Step,NYSE:HL,0.02556013360694839
2023-04-27,17,AR1 alpha + Enhanced + One-Step,NYSE:HL,0.03772903704764929
2023-04-28,17,AR1 alpha + Enhanced + One-Step,NYSE:HL,0.05006385454042208
2023-05-01,17,AR1 alpha + Enhanced + One-Step,NYSE:HL,0.07156502069465719
2023-05-02,17,AR1 alpha + Enhanced + One-Step,NYSE:HL,0.07156511039740278
2023-05-03,17,AR1 alpha + Enhanced + One-Step,NYSE:HL,0.07156545982333647
2023-05-04,17,AR1 alpha + Enhanced + One-Step,NYSE:HL,0.06963172938692473
2023-05-05,17,AR1 alpha + Enhanced + One-Step,NYSE:HL,0.06861779009320931
2023-05-08,17,AR1 alpha + Enhanced + One-Step,NYSE:HL,0.05306677941490808
2023-05-09,17,AR1 alpha + Enhanced + One-Step,NYSE:HL,0.05306674139455709
2023-05-10,17,AR1 alpha + Enhanced + One-Step,NYSE:HL,0.05996038161406138
2023-05-11,17,AR1 alpha + Enhanced + One-Step,NYSE:HL,0.08496533529241451
2023-05-12,17,AR1 alpha + Enhanced + One-Step,NYSE:HL,0.09999921832193392
2023-05-15,17,AR1 alpha + Enhanced + One-Step,NYSE:HL,0.09999887955743254
2023-05-16,17,AR1 alpha + Enhanced + One-Step,NYSE:HL,0.09999938921932598
2023-05-17,17,AR1 alpha + Enhanced + One-Step,NYSE:HL,0.09999925748903092
2023-05-18,17,AR1 alpha + Enhanced + One-Step,NYSE:HL,0.10000017585658189
2023-05-19,17,AR1 alpha + Enhanced + One-Step,NYSE:HL,0.10000010105699636
2023-05-22,17,AR1 alpha + Enhanced + One-Step,NYSE:HL,0.10000001380833273
2023-05-23,17,AR1 alpha + Enhanced + One-Step,NYSE:HL,0.09088534207443116
2023-05-24,17,AR1 alpha + Enhanced + One-Step,NYSE:HL,0.09088529941631386
2023-05-25,17,AR1 alpha + Enhanced + One-Step,NYSE:HL,0.09088488982260426
2023-05-26,17,AR1 alpha + Enhanced + One-Step,NYSE:HL,0.08592370245526428
2023-05-30,17,AR1 alpha + Enhanced + One-Step,NYSE:HL,0.07600701916464514
2023-05-31,17,AR1 alpha + Enhanced + One-Step,NYSE:HL,0.05589218379986029
2023-06-01,17,AR1 alpha + Enhanced + One-Step,NYSE:HL,0.030970677445398154
2023-06-02,17,AR1 alpha + Enhanced + One-Step,NYSE:HL,0.03096995055595467
2023-06-05,17,AR1 alpha + Enhanced + One-Step,NYSE:HL,0.037975614249531414
2023-06-06,17,AR1 alpha + Enhanced + One-Step,NYSE:HL,0.037977416419441676
2023-06-07,17,AR1 alpha + Enhanced + One-Step,NYSE:HL,0.03797722045998828
2023-06-08,17,AR1 alpha + Enhanced + One-Step,NYSE:HL,0.03797694037283649
2023-06-09,17,AR1 alpha + Enhanced + One-Step,NYSE:HL,0.04576584801926794
2023-06-12,17,AR1 alpha + Enhanced + One-Step,NYSE:HL,0.050007908592156605
2023-06-13,17,AR1 alpha + Enhanced + One-Step,NYSE:HL,0.050721983239531324
2023-06-14,17,AR1 alpha + Enhanced + One-Step,NYSE:HL,0.050721857468815044
2023-06-15,17,AR1 alpha + Enhanced + One-Step,NYSE:HL,0.0548488065060827
2023-06-16,17,AR1 alpha + Enhanced + One-Step,NYSE:HL,0.05161519535685247
2023-06-20,17,AR1 alpha + Enhanced + One-Step,NYSE:HL,0.057161001659110595
2023-06-21,17,AR1 alpha + Enhanced + One-Step,NYSE:HL,0.05716063147995559
2023-06-22,17,AR1 alpha + Enhanced + One-Step,NYSE:HL,0.05715995058043176
2023-06-23,17,AR1 alpha + Enhanced + One-Step,NYSE:HL,0.057158643998678677
2023-06-26,17,AR1 alpha + Enhanced + One-Step,NYSE:HL,0.04200212305890239
2023-06-27,17,AR1 alpha + Enhanced + One-Step,NYSE:HL,0.042001141859219285
2023-06-28,17,AR1 alpha + Enhanced + One-Step,NYSE:HL,0.04207554729433483
2023-06-29,17,AR1 alpha + Enhanced + One-Step,NYSE:HL,0.03394790842328227
2023-06-30,17,AR1 alpha + Enhanced + One-Step,NYSE:HL,0.02417391020426238
2023-07-03,17,AR1 alpha + Enhanced + One-Step,NYSE:HL,0.001012563490453413
2023-07-05,17,AR1 alpha + Enhanced + One-Step,NYSE:HL,0.012846140390593905
2023-07-06,17,AR1 alpha + Enhanced + One-Step,NYSE:HL,0.03021256974458998
2023-07-07,17,AR1 alpha + Enhanced + One-Step,NYSE:HL,0.042268613901497866
2023-07-10,17,AR1 alpha + Enhanced + One-Step,NYSE:HL,0.03345049206371666
2023-07-11,17,AR1 alpha + Enhanced + One-Step,NYSE:HL,0.033448851541568785
2023-07-12,17,AR1 alpha + Enhanced + One-Step,NYSE:HL,0.008432701127699865
2023-07-13,17,AR1 alpha + Enhanced + One-Step,NYSE:HL,0.0
2023-07-14,17,AR1 alpha + Enhanced + One-Step,NYSE:HL,0.0
2023-07-17,17,AR1 alpha + Enhanced + One-Step,NYSE:HL,0.0
2023-07-18,17,AR1 alpha + Enhanced + One-Step,NYSE:HL,2.7884039392104126e-07
2023-07-19,17,AR1 alpha + Enhanced + One-Step,NYSE:HL,0.0
2023-07-20,17,AR1 alpha + Enhanced + One-Step,NYSE:HL,0.01826866206531329
2023-07-21,17,AR1 alpha + Enhanced + One-Step,NYSE:HL,0.031013068373431093
2023-07-24,17,AR1 alpha + Enhanced + One-Step,NYSE:HL,0.0493012818160784
2023-07-25,17,AR1 alpha + Enhanced + One-Step,NYSE:HL,0.049300041485562295
2023-07-26,17,AR1 alpha + Enhanced + One-Step,NYSE:HL,0.04929708284027921
2023-07-27,17,AR1 alpha + Enhanced + One-Step,NYSE:HL,0.0743306287063062
2023-08-01,17,AR1 alpha + Enhanced + One-Step,NYSE:HL,0.07432884099206005
2023-08-02,17,AR1 alpha + Enhanced + One-Step,NYSE:HL,0.09013800475517321
2023-08-03,17,AR1 alpha + Enhanced + One-Step,NYSE:HL,0.09838171550697883
2023-08-04,17,AR1 alpha + Enhanced + One-Step,NYSE:HL,0.0983860484781931
2023-08-07,17,AR1 alpha + Enhanced + One-Step,NYSE:HL,0.09838581418660025
2023-08-08,17,AR1 alpha + Enhanced + One-Step,NYSE:HL,0.09301974256548434
2023-08-09,17,AR1 alpha + Enhanced + One-Step,NYSE:HL,0.09301971005377309
2023-08-10,17,AR1 alpha + Enhanced + One-Step,NYSE:HL,0.09301713414400413
2023-08-11,17,AR1 alpha + Enhanced + One-Step,NYSE:HL,0.08500471023439302
2023-08-14,17,AR1 alpha + Enhanced + One-Step,NYSE:HL,0.07932400377570556
2023-08-15,17,AR1 alpha + Enhanced + One-Step,NYSE:HL,0.0732780433147946
2023-08-16,17,AR1 alpha + Enhanced + One-Step,NYSE:HL,0.06533851188805313
2023-08-17,17,AR1 alpha + Enhanced + One-Step,NYSE:HL,0.05339279871683712
2023-08-18,17,AR1 alpha + Enhanced + One-Step,NYSE:HL,0.03717939234824003
2023-08-21,17,AR1 alpha + Enhanced + One-Step,NYSE:HL,0.04148490559398773
2023-08-22,17,AR1 alpha + Enhanced + One-Step,NYSE:HL,0.04148481471107376
2023-08-23,17,AR1 alpha + Enhanced + One-Step,NYSE:HL,0.016532924263045427
2023-08-24,17,AR1 alpha + Enhanced + One-Step,NYSE:HL,0.012514233339225602
2023-08-25,17,AR1 alpha + Enhanced + One-Step,NYSE:HL,0.009605394494386264
2023-08-28,17,AR1 alpha + Enhanced + One-Step,NYSE:HL,0.0
2023-08-29,17,AR1 alpha + Enhanced + One-Step,NYSE:HL,5.238095270421582e-08
2023-08-30,17,AR1 alpha + Enhanced + One-Step,NYSE:HL,1.2872108535731227e-07
2023-08-31,17,AR1 alpha + Enhanced + One-Step,NYSE:HL,1.2626542693755052e-07
2023-09-01,17,AR1 alpha + Enhanced + One-Step,NYSE:HL,2.6765482886084025e-07
2023-09-05,17,AR1 alpha + Enhanced + One-Step,NYSE:HL,0.0
2023-09-06,17,AR1 alpha + Enhanced + One-Step,NYSE:HL,5.237696108505351e-07
2023-09-07,17,AR1 alpha + Enhanced + One-Step,NYSE:HL,3.0120976406122325e-07
2023-09-08,17,AR1 alpha + Enhanced + One-Step,NYSE:HL,1.555900124614045e-07
2023-09-11,17,AR1 alpha + Enhanced + One-Step,NYSE:HL,9.954714651038075e-08
2023-09-12,17,AR1 alpha + Enhanced + One-Step,NYSE:HL,1.294578225136995e-07
2023-09-13,17,AR1 alpha + Enhanced + One-Step,NYSE:HL,0.0
2023-09-14,17,AR1 alpha + Enhanced + One-Step,NYSE:HL,2.611988734833967e-08
2023-09-15,17,AR1 alpha + Enhanced + One-Step,NYSE:HL,1.3412652249475807e-07
2023-09-18,17,AR1 alpha + Enhanced + One-Step,NYSE:HL,5.229053339908352e-08
2023-09-19,17,AR1 alpha + Enhanced + One-Step,NYSE:HL,3.932462839808058e-08
2023-09-20,17,AR1 alpha + Enhanced + One-Step,NYSE:HL,3.7062418973976225e-08
2023-09-21,17,AR1 alpha + Enhanced + One-Step,NYSE:HL,5.8807651977755434e-08
2023-09-22,17,AR1 alpha + Enhanced + One-Step,NYSE:HL,4.00539154084632e-08
2023-09-25,17,AR1 alpha + Enhanced + One-Step,NYSE:HL,0.0
2023-09-26,17,AR1 alpha + Enhanced + One-Step,NYSE:HL,0.0
2023-09-27,17,AR1 alpha + Enhanced + One-Step,NYSE:HL,2.9770894206471133e-09
2023-09-28,17,AR1 alpha + Enhanced + One-Step,NYSE:HL,0.0
2023-09-29,17,AR1 alpha + Enhanced + One-Step,NYSE:HL,0.0
2023-10-02,17,AR1 alpha + Enhanced + One-Step,NYSE:HL,2.8118767335219764e-08
2023-10-03,17,AR1 alpha + Enhanced + One-Step,NYSE:HL,0.0
2023-10-04,17,AR1 alpha + Enhanced + One-Step,NYSE:HL,0.0
2023-10-05,17,AR1 alpha + Enhanced + One-Step,NYSE:HL,0.0
2023-10-06,17,AR1 alpha + Enhanced + One-Step,NYSE:HL,0.0
2023-10-09,17,AR1 alpha + Enhanced + One-Step,NYSE:HL,0.0
2023-10-10,17,AR1 alpha + Enhanced + One-Step,NYSE:HL,0.0
2023-10-11,17,AR1 alpha + Enhanced + One-Step,NYSE:HL,0.0
2023-10-12,17,AR1 alpha + Enhanced + One-Step,NYSE:HL,1.7071959066942749e-09
2023-10-13,17,AR1 alpha + Enhanced + One-Step,NYSE:HL,3.5862935839418104e-09
2023-10-16,17,AR1 alpha + Enhanced + One-Step,NYSE:HL,1.7048785028047852e-08
2023-10-17,17,AR1 alpha + Enhanced + One-Step,NYSE:HL,0.0
2023-10-18,17,AR1 alpha + Enhanced + One-Step,NYSE:HL,7.087846838741987e-08
2023-10-19,17,AR1 alpha + Enhanced + One-Step,NYSE:HL,1.679030982541084e-08
2023-10-20,17,AR1 alpha + Enhanced + One-Step,NYSE:HL,1.707334249991624e-08
2023-10-23,17,AR1 alpha + Enhanced + One-Step,NYSE:HL,0.0
2023-10-24,17,AR1 alpha + Enhanced + One-Step,NYSE:HL,6.376387668238585e-09
2023-10-25,17,AR1 alpha + Enhanced + One-Step,NYSE:HL,0.0
2023-10-26,17,AR1 alpha + Enhanced + One-Step,NYSE:HL,0.0
2023-10-27,17,AR1 alpha + Enhanced + One-Step,NYSE:HL,0.0
2023-10-30,17,AR1 alpha + Enhanced + One-Step,NYSE:HL,0.0
2023-10-31,17,AR1 alpha + Enhanced + One-Step,NYSE:HL,8.710609343137897e-08
2023-11-01,17,AR1 alpha + Enhanced + One-Step,NYSE:HL,0.0
2023-11-02,17,AR1 alpha + Enhanced + One-Step,NYSE:HL,6.72685876598596e-07
2023-11-03,17,AR1 alpha + Enhanced + One-Step,NYSE:HL,3.539702397241234e-07
2023-11-06,17,AR1 alpha + Enhanced + One-Step,NYSE:HL,2.3144441094777854e-07
2023-11-07,17,AR1 alpha + Enhanced + One-Step,NYSE:HL,0.0
2023-11-08,17,AR1 alpha + Enhanced + One-Step,NYSE:HL,0.0
2023-11-09,17,AR1 alpha + Enhanced + One-Step,NYSE:HL,6.702678389716935e-08
2023-11-10,17,AR1 alpha + Enhanced + One-Step,NYSE:HL,0.0
2023-11-13,17,AR1 alpha + Enhanced + One-Step,NYSE:HL,9.187556564951751e-08
2023-11-14,17,AR1 alpha + Enhanced + One-Step,NYSE:HL,2.17542573072009e-07
2023-11-15,17,AR1 alpha + Enhanced + One-Step,NYSE:HL,2.200481693862596e-08
2023-11-16,17,AR1 alpha + Enhanced + One-Step,NYSE:HL,0.0
2023-11-17,17,AR1 alpha + Enhanced + One-Step,NYSE:HL,0.0
2023-11-20,17,AR1 alpha + Enhanced + One-Step,NYSE:HL,5.0365540826805696e-08
2023-11-21,17,AR1 alpha + Enhanced + One-Step,NYSE:HL,4.1830000777807596e-08
2023-11-22,17,AR1 alpha + Enhanced + One-Step,NYSE:HL,0.0
2023-11-24,17,AR1 alpha + Enhanced + One-Step,NYSE:HL,0.0
2023-11-27,17,AR1 alpha + Enhanced + One-Step,NYSE:HL,5.9115772466472446e-09
2023-11-28,17,AR1 alpha + Enhanced + One-Step,NYSE:HL,5.311522891334903e-08
2023-11-29,17,AR1 alpha + Enhanced + One-Step,NYSE:HL,0.0
2023-11-30,17,AR1 alpha + Enhanced + One-Step,NYSE:HL,0.0
2023-12-01,17,AR1 alpha + Enhanced + One-Step,NYSE:HL,0.0
2023-12-04,17,AR1 alpha + Enhanced + One-Step,NYSE:HL,0.0
2023-12-05,17,AR1 alpha + Enhanced + One-Step,NYSE:HL,0.0
2023-12-06,17,AR1 alpha + Enhanced + One-Step,NYSE:HL,1.7719196918962483e-08
2023-12-07,17,AR1 alpha + Enhanced + One-Step,NYSE:HL,1.1150435746904324e-08
2023-12-08,17,AR1 alpha + Enhanced + One-Step,NYSE:HL,3.416656288788833e-08
2023-12-11,17,AR1 alpha + Enhanced + One-Step,NYSE:HL,0.0
2023-12-12,17,AR1 alpha + Enhanced + One-Step,NYSE:HL,0.0
2023-12-13,17,AR1 alpha + Enhanced + One-Step,NYSE:HL,5.338321682900853e-07
2023-12-14,17,AR1 alpha + Enhanced + One-Step,NYSE:HL,1.9862904540160982e-07
2023-12-15,17,AR1 alpha + Enhanced + One-Step,NYSE:HL,0.0
2023-12-18,17,AR1 alpha + Enhanced + One-Step,NYSE:HL,0.0
2023-12-19,17,AR1 alpha + Enhanced + One-Step,NYSE:HL,0.0
2023-12-20,17,AR1 alpha + Enhanced + One-Step,NYSE:HL,5.311516274794089e-07
2023-12-21,17,AR1 alpha + Enhanced + One-Step,NYSE:HL,2.1373271097348798e-07
2023-12-22,17,AR1 alpha + Enhanced + One-Step,NYSE:HL,1.306408765566725e-07
2023-12-26,17,AR1 alpha + Enhanced + One-Step,NYSE:HL,0.0
2023-12-27,17,AR1 alpha + Enhanced + One-Step,NYSE:HL,0.0
2023-12-28,17,AR1 alpha + Enhanced + One-Step,NYSE:HL,1.955710664660651e-08
2023-12-29,17,AR1 alpha + Enhanced + One-Step,NYSE:HL,1.9775941516896988e-07
2024-01-02,17,AR1 alpha + Enhanced + One-Step,NYSE:HL,0.0
2024-01-03,17,AR1 alpha + Enhanced + One-Step,NYSE:HL,0.0
2024-01-04,17,AR1 alpha + Enhanced + One-Step,NYSE:HL,0.0
2024-01-05,17,AR1 alpha + Enhanced + One-Step,NYSE:HL,8.265530025176633e-08
2024-01-08,17,AR1 alpha + Enhanced + One-Step,NYSE:HL,2.3780647905293042e-07
2024-01-09,17,AR1 alpha + Enhanced + One-Step,NYSE:HL,0.0
2024-01-10,17,AR1 alpha + Enhanced + One-Step,NYSE:HL,0.0
2024-01-11,17,AR1 alpha + Enhanced + One-Step,NYSE:HL,0.0
2024-01-12,17,AR1 alpha + Enhanced + One-Step,NYSE:HL,0.0
2024-01-16,17,AR1 alpha + Enhanced + One-Step,NYSE:HL,0.0
2024-01-17,17,AR1 alpha + Enhanced + One-Step,NYSE:HL,0.0
2024-01-18,17,AR1 alpha + Enhanced + One-Step,NYSE:HL,0.0
2024-01-19,17,AR1 alpha + Enhanced + One-Step,NYSE:HL,0.0
2024-01-22,17,AR1 alpha + Enhanced + One-Step,NYSE:HL,0.0
2024-01-23,17,AR1 alpha + Enhanced + One-Step,NYSE:HL,0.0
2024-01-24,17,AR1 alpha + Enhanced + One-Step,NYSE:HL,0.0
2024-01-25,17,AR1 alpha + Enhanced + One-Step,NYSE:HL,0.0
2024-01-26,17,AR1 alpha + Enhanced + One-Step,NYSE:HL,0.0
2024-01-29,17,AR1 alpha + Enhanced + One-Step,NYSE:HL,0.0
2024-01-30,17,AR1 alpha + Enhanced + One-Step,NYSE:HL,0.0
2024-01-31,17,AR1 alpha + Enhanced + One-Step,NYSE:HL,0.0
2024-02-01,17,AR1 alpha + Enhanced + One-Step,NYSE:HL,0.0
2024-02-02,17,AR1 alpha + Enhanced + One-Step,NYSE:HL,0.0
2024-02-05,17,AR1 alpha + Enhanced + One-Step,NYSE:HL,0.0
2024-02-06,17,AR1 alpha + Enhanced + One-Step,NYSE:HL,0.0
2024-02-07,17,AR1 alpha + Enhanced + One-Step,NYSE:HL,0.0
2024-02-08,17,AR1 alpha + Enhanced + One-Step,NYSE:HL,0.0
2024-02-09,17,AR1 alpha + Enhanced + One-Step,NYSE:HL,0.0
2024-02-12,17,AR1 alpha + Enhanced + One-Step,NYSE:HL,0.0
2024-02-13,17,AR1 alpha + Enhanced + One-Step,NYSE:HL,1.3787946019823998e-07
2024-02-14,17,AR1 alpha + Enhanced + One-Step,NYSE:HL,2.804218632322131e-07
2024-02-15,17,AR1 alpha + Enhanced + One-Step,NYSE:HL,0.0
2024-02-16,17,AR1 alpha + Enhanced + One-Step,NYSE:HL,3.317620957687319e-07
2024-02-20,17,AR1 alpha + Enhanced + One-Step,NYSE:HL,3.457469046067854e-07
2024-02-21,17,AR1 alpha + Enhanced + One-Step,NYSE:HL,0.0
2024-02-22,17,AR1 alpha + Enhanced + One-Step,NYSE:HL,0.0
2024-02-23,17,AR1 alpha + Enhanced + One-Step,NYSE:HL,0.0
2024-02-26,17,AR1 alpha + Enhanced + One-Step,NYSE:HL,0.0
2024-02-27,17,AR1 alpha + Enhanced + One-Step,NYSE:HL,0.0
2024-02-28,17,AR1 alpha + Enhanced + One-Step,NYSE:HL,0.0
2024-02-29,17,AR1 alpha + Enhanced + One-Step,NYSE:HL,0.0
2024-03-01,17,AR1 alpha + Enhanced + One-Step,NYSE:HL,0.0
2024-03-04,17,AR1 alpha + Enhanced + One-Step,NYSE:HL,0.0
2024-03-05,17,AR1 alpha + Enhanced + One-Step,NYSE:HL,0.0
2024-03-06,17,AR1 alpha + Enhanced + One-Step,NYSE:HL,0.0
2024-03-07,17,AR1 alpha + Enhanced + One-Step,NYSE:HL,0.0
2024-03-08,17,AR1 alpha + Enhanced + One-Step,NYSE:HL,0.0
2024-03-11,17,AR1 alpha + Enhanced + One-Step,NYSE:HL,0.0
2024-03-12,17,AR1 alpha + Enhanced + One-Step,NYSE:HL,0.0
2024-03-13,17,AR1 alpha + Enhanced + One-Step,NYSE:HL,0.0
2024-03-14,17,AR1 alpha + Enhanced + One-Step,NYSE:HL,0.0
2024-03-15,17,AR1 alpha + Enhanced + One-Step,NYSE:HL,5.38258677026774e-08
2024-03-18,17,AR1 alpha + Enhanced + One-Step,NYSE:HL,0.0
2024-03-19,17,AR1 alpha + Enhanced + One-Step,NYSE:HL,0.0
2024-03-20,17,AR1 alpha + Enhanced + One-Step,NYSE:HL,0.0
2024-03-21,17,AR1 alpha + Enhanced + One-Step,NYSE:HL,0.0
2024-03-22,17,AR1 alpha + Enhanced + One-Step,NYSE:HL,0.0
2024-03-25,17,AR1 alpha + Enhanced + One-Step,NYSE:HL,0.0
2024-03-26,17,AR1 alpha + Enhanced + One-Step,NYSE:HL,0.0
2024-03-27,17,AR1 alpha + Enhanced + One-Step,NYSE:HL,0.0
2024-03-28,17,AR1 alpha + Enhanced + One-Step,NYSE:HL,5.80235329930116e-08
2024-04-01,17,AR1 alpha + Enhanced + One-Step,NYSE:HL,6.971285848454344e-08
2024-04-02,17,AR1 alpha + Enhanced + One-Step,NYSE:HL,0.0
2024-04-03,17,AR1 alpha + Enhanced + One-Step,NYSE:HL,0.0
2024-04-04,17,AR1 alpha + Enhanced + One-Step,NYSE:HL,0.0
2024-04-05,17,AR1 alpha + Enhanced + One-Step,NYSE:HL,0.0
2024-04-08,17,AR1 alpha + Enhanced + One-Step,NYSE:HL,6.538421211932218e-08
2024-04-09,17,AR1 alpha + Enhanced + One-Step,NYSE:HL,0.0
2024-04-10,17,AR1 alpha + Enhanced + One-Step,NYSE:HL,0.0
2024-04-11,17,AR1 alpha + Enhanced + One-Step,NYSE:HL,0.0
2024-04-12,17,AR1 alpha + Enhanced + One-Step,NYSE:HL,0.0
2024-04-15,17,AR1 alpha + Enhanced + One-Step,NYSE:HL,0.0
2024-04-16,17,AR1 alpha + Enhanced + One-Step,NYSE:HL,0.0
2024-04-17,17,AR1 alpha + Enhanced + One-Step,NYSE:HL,5.356018472416119e-08
2024-04-18,17,AR1 alpha + Enhanced + One-Step,NYSE:HL,0.0
2024-04-19,17,AR1 alpha + Enhanced + One-Step,NYSE:HL,0.0
2020-03-25,17,AR1 alpha + Enhanced + One-Step,NYSE:CE,0.020000000000007227
2020-03-26,17,AR1 alpha + Enhanced + One-Step,NYSE:CE,0.02000000000001305
2020-03-27,17,AR1 alpha + Enhanced + One-Step,NYSE:CE,0.020000431940497113
2020-03-30,17,AR1 alpha + Enhanced + One-Step,NYSE:CE,0.020001557382932973
2020-03-31,17,AR1 alpha + Enhanced + One-Step,NYSE:CE,0.020002134833548096
2020-04-01,17,AR1 alpha + Enhanced + One-Step,NYSE:CE,0.0200020109499033
2020-04-02,17,AR1 alpha + Enhanced + One-Step,NYSE:CE,0.020002558231556875
2020-04-03,17,AR1 alpha + Enhanced + One-Step,NYSE:CE,0.020002728669428888
2020-04-06,17,AR1 alpha + Enhanced + One-Step,NYSE:CE,0.020003381962704563
2020-04-07,17,AR1 alpha + Enhanced + One-Step,NYSE:CE,0.020001788698943986
2020-04-08,17,AR1 alpha + Enhanced + One-Step,NYSE:CE,0.020001913428619462
2020-04-09,17,AR1 alpha + Enhanced + One-Step,NYSE:CE,0.020001867422093
2020-04-13,17,AR1 alpha + Enhanced + One-Step,NYSE:CE,0.020002020771342263
2020-04-14,17,AR1 alpha + Enhanced + One-Step,NYSE:CE,0.020002152076225518
2020-04-15,17,AR1 alpha + Enhanced + One-Step,NYSE:CE,0.02000386159250399
2020-04-16,17,AR1 alpha + Enhanced + One-Step,NYSE:CE,0.020004894461751282
2020-04-17,17,AR1 alpha + Enhanced + One-Step,NYSE:CE,0.020005082312157366
2020-04-20,17,AR1 alpha + Enhanced + One-Step,NYSE:CE,0.02000494877171206
2020-04-21,17,AR1 alpha + Enhanced + One-Step,NYSE:CE,0.020005105695853027
2020-04-22,17,AR1 alpha + Enhanced + One-Step,NYSE:CE,0.020005385806258033
2020-04-23,17,AR1 alpha + Enhanced + One-Step,NYSE:CE,0.020005192429930072
2020-04-24,17,AR1 alpha + Enhanced + One-Step,NYSE:CE,0.020005259560123542
2020-04-27,17,AR1 alpha + Enhanced + One-Step,NYSE:CE,0.020005255900986008
2020-04-28,17,AR1 alpha + Enhanced + One-Step,NYSE:CE,0.020005257399624526
2020-04-29,17,AR1 alpha + Enhanced + One-Step,NYSE:CE,0.020005252266512594
2020-04-30,17,AR1 alpha + Enhanced + One-Step,NYSE:CE,0.019127920509817268
2020-05-01,17,AR1 alpha + Enhanced + One-Step,NYSE:CE,0.0
2020-05-04,17,AR1 alpha + Enhanced + One-Step,NYSE:CE,7.0093932614016166e-09
2020-05-05,17,AR1 alpha + Enhanced + One-Step,NYSE:CE,0.0
2020-05-06,17,AR1 alpha + Enhanced + One-Step,NYSE:CE,0.0
2020-05-07,17,AR1 alpha + Enhanced + One-Step,NYSE:CE,0.0
2020-05-08,17,AR1 alpha + Enhanced + One-Step,NYSE:CE,0.0
2020-05-11,17,AR1 alpha + Enhanced + One-Step,NYSE:CE,0.0
2020-05-12,17,AR1 alpha + Enhanced + One-Step,NYSE:CE,0.0
2020-05-13,17,AR1 alpha + Enhanced + One-Step,NYSE:CE,4.20150614793261e-08
2020-05-14,17,AR1 alpha + Enhanced + One-Step,NYSE:CE,0.0
2020-05-15,17,AR1 alpha + Enhanced + One-Step,NYSE:CE,3.6177313363545175e-08
2020-05-18,17,AR1 alpha + Enhanced + One-Step,NYSE:CE,4.312970894514102e-08
2020-05-19,17,AR1 alpha + Enhanced + One-Step,NYSE:CE,0.0
2020-05-20,17,AR1 alpha + Enhanced + One-Step,NYSE:CE,9.17573791432422e-09
2020-05-21,17,AR1 alpha + Enhanced + One-Step,NYSE:CE,0.0
2020-05-22,17,AR1 alpha + Enhanced + One-Step,NYSE:CE,0.0
2020-05-26,17,AR1 alpha + Enhanced + One-Step,NYSE:CE,0.0
2020-05-27,17,AR1 alpha + Enhanced + One-Step,NYSE:CE,2.5531710688045588e-08
2020-05-28,17,AR1 alpha + Enhanced + One-Step,NYSE:CE,1.341999074258358e-08
2020-05-29,17,AR1 alpha + Enhanced + One-Step,NYSE:CE,6.385222363888406e-09
2020-06-01,17,AR1 alpha + Enhanced + One-Step,NYSE:CE,4.0212196082274176e-08
2020-06-02,17,AR1 alpha + Enhanced + One-Step,NYSE:CE,2.1907448758703108e-09
2020-06-03,17,AR1 alpha + Enhanced + One-Step,NYSE:CE,3.2635946533486477e-07
2020-06-04,17,AR1 alpha + Enhanced + One-Step,NYSE:CE,2.4531986807426064e-08
2020-06-05,17,AR1 alpha + Enhanced + One-Step,NYSE:CE,0.0
2020-06-08,17,AR1 alpha + Enhanced + One-Step,NYSE:CE,0.0
2020-06-09,17,AR1 alpha + Enhanced + One-Step,NYSE:CE,3.8319573565043855e-09
2020-06-10,17,AR1 alpha + Enhanced + One-Step,NYSE:CE,1.0011491440036705e-09
2020-06-11,17,AR1 alpha + Enhanced + One-Step,NYSE:CE,2.4262263944072805e-07
2020-06-12,17,AR1 alpha + Enhanced + One-Step,NYSE:CE,1.1354823651121967e-07
2020-06-15,17,AR1 alpha + Enhanced + One-Step,NYSE:CE,0.0
2020-06-16,17,AR1 alpha + Enhanced + One-Step,NYSE:CE,1.0373516700664912e-08
2020-06-17,17,AR1 alpha + Enhanced + One-Step,NYSE:CE,4.494067254973249e-09
2020-06-18,17,AR1 alpha + Enhanced + One-Step,NYSE:CE,0.0
2020-06-19,17,AR1 alpha + Enhanced + One-Step,NYSE:CE,5.222965577527662e-08
2020-06-22,17,AR1 alpha + Enhanced + One-Step,NYSE:CE,6.782693926148655e-08
2020-06-23,17,AR1 alpha + Enhanced + One-Step,NYSE:CE,0.0
2020-06-24,17,AR1 alpha + Enhanced + One-Step,NYSE:CE,0.0
2020-06-25,17,AR1 alpha + Enhanced + One-Step,NYSE:CE,2.0794005705703683e-08
2020-06-26,17,AR1 alpha + Enhanced + One-Step,NYSE:CE,0.0
2020-06-29,17,AR1 alpha + Enhanced + One-Step,NYSE:CE,0.0
2020-06-30,17,AR1 alpha + Enhanced + One-Step,NYSE:CE,0.0
2020-07-01,17,AR1 alpha + Enhanced + One-Step,NYSE:CE,0.0
2020-07-02,17,AR1 alpha + Enhanced + One-Step,NYSE:CE,1.6390523011151124e-08
2020-07-06,17,AR1 alpha + Enhanced + One-Step,NYSE:CE,0.0
2020-07-07,17,AR1 alpha + Enhanced + One-Step,NYSE:CE,0.0
2020-07-08,17,AR1 alpha + Enhanced + One-Step,NYSE:CE,0.0
2020-07-09,17,AR1 alpha + Enhanced + One-Step,NYSE:CE,0.0
2020-07-10,17,AR1 alpha + Enhanced + One-Step,NYSE:CE,0.0
2020-07-13,17,AR1 alpha + Enhanced + One-Step,NYSE:CE,0.0
2020-07-14,17,AR1 alpha + Enhanced + One-Step,NYSE:CE,0.0
2020-07-15,17,AR1 alpha + Enhanced + One-Step,NYSE:CE,3.1741744424037106e-08
2020-07-16,17,AR1 alpha + Enhanced + One-Step,NYSE:CE,1.0348858600977977e-08
2020-07-17,17,AR1 alpha + Enhanced + One-Step,NYSE:CE,2.088529002502604e-09
2020-07-20,17,AR1 alpha + Enhanced + One-Step,NYSE:CE,2.6445726735088004e-08
2020-07-21,17,AR1 alpha + Enhanced + One-Step,NYSE:CE,3.8597932994007594e-08
2020-07-22,17,AR1 alpha + Enhanced + One-Step,NYSE:CE,3.839512937057964e-08
2020-07-23,17,AR1 alpha + Enhanced + One-Step,NYSE:CE,0.0
2020-07-24,17,AR1 alpha + Enhanced + One-Step,NYSE:CE,0.0
2020-07-27,17,AR1 alpha + Enhanced + One-Step,NYSE:CE,0.0
2020-07-28,17,AR1 alpha + Enhanced + One-Step,NYSE:CE,0.0
2020-07-29,17,AR1 alpha + Enhanced + One-Step,NYSE:CE,0.0
2020-07-30,17,AR1 alpha + Enhanced + One-Step,NYSE:CE,0.0
2020-07-31,17,AR1 alpha + Enhanced + One-Step,NYSE:CE,0.0
2020-08-03,17,AR1 alpha + Enhanced + One-Step,NYSE:CE,6.310919750753883e-08
2020-08-04,17,AR1 alpha + Enhanced + One-Step,NYSE:CE,1.5881863054839043e-08
2020-08-05,17,AR1 alpha + Enhanced + One-Step,NYSE:CE,0.0
2020-08-06,17,AR1 alpha + Enhanced + One-Step,NYSE:CE,0.0
2020-08-07,17,AR1 alpha + Enhanced + One-Step,NYSE:CE,7.274750946825443e-08
2020-08-10,17,AR1 alpha + Enhanced + One-Step,NYSE:CE,2.25099019986817e-07
2020-08-11,17,AR1 alpha + Enhanced + One-Step,NYSE:CE,9.207252550583399e-09
2020-08-12,17,AR1 alpha + Enhanced + One-Step,NYSE:CE,5.299121482792014e-09
2020-08-13,17,AR1 alpha + Enhanced + One-Step,NYSE:CE,3.5711046749672797e-09
2020-08-14,17,AR1 alpha + Enhanced + One-Step,NYSE:CE,3.2476028308492178e-09
2020-08-17,17,AR1 alpha + Enhanced + One-Step,NYSE:CE,0.0
2020-08-18,17,AR1 alpha + Enhanced + One-Step,NYSE:CE,0.0
2020-08-19,17,AR1 alpha + Enhanced + One-Step,NYSE:CE,0.0
2020-08-20,17,AR1 alpha + Enhanced + One-Step,NYSE:CE,0.0
2020-08-21,17,AR1 alpha + Enhanced + One-Step,NYSE:CE,0.0
2020-08-24,17,AR1 alpha + Enhanced + One-Step,NYSE:CE,0.0
2020-08-25,17,AR1 alpha + Enhanced + One-Step,NYSE:CE,8.063926850020756e-08
2020-08-26,17,AR1 alpha + Enhanced + One-Step,NYSE:CE,0.0
2020-08-27,17,AR1 alpha + Enhanced + One-Step,NYSE:CE,0.0
2020-08-28,17,AR1 alpha + Enhanced + One-Step,NYSE:CE,3.558329982152909e-09
2020-08-31,17,AR1 alpha + Enhanced + One-Step,NYSE:CE,0.0
2020-09-01,17,AR1 alpha + Enhanced + One-Step,NYSE:CE,0.0
2020-09-02,17,AR1 alpha + Enhanced + One-Step,NYSE:CE,0.0
2020-09-03,17,AR1 alpha + Enhanced + One-Step,NYSE:CE,0.0
2020-09-04,17,AR1 alpha + Enhanced + One-Step,NYSE:CE,3.607048939651142e-08
2020-09-08,17,AR1 alpha + Enhanced + One-Step,NYSE:CE,1.4403079967437766e-07
2020-09-09,17,AR1 alpha + Enhanced + One-Step,NYSE:CE,7.132669008966715e-08
2020-09-10,17,AR1 alpha + Enhanced + One-Step,NYSE:CE,1.8446425681755e-08
2020-09-11,17,AR1 alpha + Enhanced + One-Step,NYSE:CE,5.393069697504363e-08
2020-09-14,17,AR1 alpha + Enhanced + One-Step,NYSE:CE,3.9938336047416103e-07
2020-09-15,17,AR1 alpha + Enhanced + One-Step,NYSE:CE,2.384779412805857e-07
2020-09-16,17,AR1 alpha + Enhanced + One-Step,NYSE:CE,9.398994991226409e-08
2020-09-17,17,AR1 alpha + Enhanced + One-Step,NYSE:CE,0.0
2020-09-18,17,AR1 alpha + Enhanced + One-Step,NYSE:CE,9.062936361019087e-09
2020-09-21,17,AR1 alpha + Enhanced + One-Step,NYSE:CE,0.0
2020-09-22,17,AR1 alpha + Enhanced + One-Step,NYSE:CE,1.373035583553065e-08
2020-09-23,17,AR1 alpha + Enhanced + One-Step,NYSE:CE,0.0
2020-09-24,17,AR1 alpha + Enhanced + One-Step,NYSE:CE,1.8706850887641523e-07
2020-09-25,17,AR1 alpha + Enhanced + One-Step,NYSE:CE,0.0
2020-09-28,17,AR1 alpha + Enhanced + One-Step,NYSE:CE,3.394367804823087e-09
2020-09-29,17,AR1 alpha + Enhanced + One-Step,NYSE:CE,0.0
2020-09-30,17,AR1 alpha + Enhanced + One-Step,NYSE:CE,0.0
2020-10-01,17,AR1 alpha + Enhanced + One-Step,NYSE:CE,1.5707107412917564e-07
2020-10-02,17,AR1 alpha + Enhanced + One-Step,NYSE:CE,1.626055841114479e-07
2020-10-05,17,AR1 alpha + Enhanced + One-Step,NYSE:CE,3.9670988169531855e-07
2020-10-06,17,AR1 alpha + Enhanced + One-Step,NYSE:CE,8.149541750347233e-08
2020-10-07,17,AR1 alpha + Enhanced + One-Step,NYSE:CE,6.161611268125748e-07
2020-10-08,17,AR1 alpha + Enhanced + One-Step,NYSE:CE,3.841137158020773e-07
2020-10-09,17,AR1 alpha + Enhanced + One-Step,NYSE:CE,1.133723330329424e-07
2020-10-12,17,AR1 alpha + Enhanced + One-Step,NYSE:CE,6.759269266158145e-08
2020-10-13,17,AR1 alpha + Enhanced + One-Step,NYSE:CE,2.968335340006154e-07
2020-10-14,17,AR1 alpha + Enhanced + One-Step,NYSE:CE,9.206685184950201e-08
2020-10-15,17,AR1 alpha + Enhanced + One-Step,NYSE:CE,0.0
2020-10-16,17,AR1 alpha + Enhanced + One-Step,NYSE:CE,0.0
2020-10-19,17,AR1 alpha + Enhanced + One-Step,NYSE:CE,0.0
2020-10-20,17,AR1 alpha + Enhanced + One-Step,NYSE:CE,0.0
2020-10-21,17,AR1 alpha + Enhanced + One-Step,NYSE:CE,0.0
2020-10-22,17,AR1 alpha + Enhanced + One-Step,NYSE:CE,0.0
2020-10-23,17,AR1 alpha + Enhanced + One-Step,NYSE:CE,0.0
2020-10-26,17,AR1 alpha + Enhanced + One-Step,NYSE:CE,1.0182459859572243e-08
2020-10-27,17,AR1 alpha + Enhanced + One-Step,NYSE:CE,3.6936304644116547e-07
2020-10-28,17,AR1 alpha + Enhanced + One-Step,NYSE:CE,5.531529743201649e-08
2020-10-29,17,AR1 alpha + Enhanced + One-Step,NYSE:CE,2.60187658310002e-07
2020-10-30,17,AR1 alpha + Enhanced + One-Step,NYSE:CE,3.904063368897485e-08
2020-11-02,17,AR1 alpha + Enhanced + One-Step,NYSE:CE,8.06455581793503e-07
2020-11-03,17,AR1 alpha + Enhanced + One-Step,NYSE:CE,0.0
2020-11-04,17,AR1 alpha + Enhanced + One-Step,NYSE:CE,1.3535627621835983e-06
2020-11-05,17,AR1 alpha + Enhanced + One-Step,NYSE:CE,1.2618140733534347e-06
2020-11-06,17,AR1 alpha + Enhanced + One-Step,NYSE:CE,7.17778758949495e-07
2020-11-09,17,AR1 alpha + Enhanced + One-Step,NYSE:CE,4.1261927147768465e-07
2020-11-10,17,AR1 alpha + Enhanced + One-Step,NYSE:CE,1.191401315654142e-06
2020-11-11,17,AR1 alpha + Enhanced + One-Step,NYSE:CE,8.380716384363551e-07
2020-11-12,17,AR1 alpha + Enhanced + One-Step,NYSE:CE,2.6102976677853366e-07
2020-11-13,17,AR1 alpha + Enhanced + One-Step,NYSE:CE,1.5312980225102016e-07
2020-11-16,17,AR1 alpha + Enhanced + One-Step,NYSE:CE,1.7092069248419158e-07
2020-11-17,17,AR1 alpha + Enhanced + One-Step,NYSE:CE,2.0890039269047332e-07
2020-11-18,17,AR1 alpha + Enhanced + One-Step,NYSE:CE,1.927074900018491e-07
2020-11-19,17,AR1 alpha + Enhanced + One-Step,NYSE:CE,0.0
2020-11-20,17,AR1 alpha + Enhanced + One-Step,NYSE:CE,1.6137073490801654e-09
2020-11-23,17,AR1 alpha + Enhanced + One-Step,NYSE:CE,1.240510085922773e-07
2020-11-24,17,AR1 alpha + Enhanced + One-Step,NYSE:CE,0.0
2020-11-25,17,AR1 alpha + Enhanced + One-Step,NYSE:CE,1.2465566208206984e-07
2020-11-27,17,AR1 alpha + Enhanced + One-Step,NYSE:CE,0.0
2020-11-30,17,AR1 alpha + Enhanced + One-Step,NYSE:CE,0.0
2020-12-01,17,AR1 alpha + Enhanced + One-Step,NYSE:CE,1.6121283829138942e-07
2020-12-04,17,AR1 alpha + Enhanced + One-Step,NYSE:CE,1.3422651386667684e-07
2020-12-07,17,AR1 alpha + Enhanced + One-Step,NYSE:CE,0.0
2020-12-08,17,AR1 alpha + Enhanced + One-Step,NYSE:CE,1.510295910891646e-07
2020-12-09,17,AR1 alpha + Enhanced + One-Step,NYSE:CE,0.0
2020-12-10,17,AR1 alpha + Enhanced + One-Step,NYSE:CE,1.9913153784719298e-08
2020-12-11,17,AR1 alpha + Enhanced + One-Step,NYSE:CE,0.0
2020-12-14,17,AR1 alpha + Enhanced + One-Step,NYSE:CE,0.0
2020-12-15,17,AR1 alpha + Enhanced + One-Step,NYSE:CE,6.249817472383324e-08
2020-12-16,17,AR1 alpha + Enhanced + One-Step,NYSE:CE,0.0
2020-12-17,17,AR1 alpha + Enhanced + One-Step,NYSE:CE,0.0
2020-12-18,17,AR1 alpha + Enhanced + One-Step,NYSE:CE,8.112416264139032e-07
2020-12-21,17,AR1 alpha + Enhanced + One-Step,NYSE:CE,6.701599579324264e-07
2020-12-22,17,AR1 alpha + Enhanced + One-Step,NYSE:CE,4.2737889255429737e-07
2020-12-23,17,AR1 alpha + Enhanced + One-Step,NYSE:CE,1.7727752704042987e-07
2020-12-24,17,AR1 alpha + Enhanced + One-Step,NYSE:CE,5.51435220354453e-08
2020-12-28,17,AR1 alpha + Enhanced + One-Step,NYSE:CE,0.0
2020-12-29,17,AR1 alpha + Enhanced + One-Step,NYSE:CE,0.0
2020-12-30,17,AR1 alpha + Enhanced + One-Step,NYSE:CE,0.0
2020-12-31,17,AR1 alpha + Enhanced + One-Step,NYSE:CE,0.0
2021-01-04,17,AR1 alpha + Enhanced + One-Step,NYSE:CE,1.250355605476105e-08
2021-01-05,17,AR1 alpha + Enhanced + One-Step,NYSE:CE,5.519738392810858e-09
2021-01-06,17,AR1 alpha + Enhanced + One-Step,NYSE:CE,0.0
2021-01-07,17,AR1 alpha + Enhanced + One-Step,NYSE:CE,0.0
2021-01-08,17,AR1 alpha + Enhanced + One-Step,NYSE:CE,0.0
2021-01-11,17,AR1 alpha + Enhanced + One-Step,NYSE:CE,0.0
2021-01-12,17,AR1 alpha + Enhanced + One-Step,NYSE:CE,0.0
2021-01-13,17,AR1 alpha + Enhanced + One-Step,NYSE:CE,0.0
2021-01-14,17,AR1 alpha + Enhanced + One-Step,NYSE:CE,7.506296983606475e-08
2021-01-15,17,AR1 alpha + Enhanced + One-Step,NYSE:CE,0.0
2021-01-19,17,AR1 alpha + Enhanced + One-Step,NYSE:CE,0.0
2021-01-20,17,AR1 alpha + Enhanced + One-Step,NYSE:CE,2.119351981850513e-07
2021-01-21,17,AR1 alpha + Enhanced + One-Step,NYSE:CE,0.0
2021-01-22,17,AR1 alpha + Enhanced + One-Step,NYSE:CE,0.0
2021-01-25,17,AR1 alpha + Enhanced + One-Step,NYSE:CE,0.0
2021-01-26,17,AR1 alpha + Enhanced + One-Step,NYSE:CE,0.0
2021-01-27,17,AR1 alpha + Enhanced + One-Step,NYSE:CE,3.552229109860777e-08
2021-01-28,17,AR1 alpha + Enhanced + One-Step,NYSE:CE,1.0433829593976747e-06
2021-01-29,17,AR1 alpha + Enhanced + One-Step,NYSE:CE,3.6738056525972273e-07
2021-02-01,17,AR1 alpha + Enhanced + One-Step,NYSE:CE,3.022483266646394e-07
2021-02-02,17,AR1 alpha + Enhanced + One-Step,NYSE:CE,1.9558251745072747e-07
2021-02-03,17,AR1 alpha + Enhanced + One-Step,NYSE:CE,0.0
2021-02-04,17,AR1 alpha + Enhanced + One-Step,NYSE:CE,0.0
2021-02-05,17,AR1 alpha + Enhanced + One-Step,NYSE:CE,0.0
2021-02-08,17,AR1 alpha + Enhanced + One-Step,NYSE:CE,3.0790681218477334e-07
2021-02-09,17,AR1 alpha + Enhanced + One-Step,NYSE:CE,1.558609759590003e-08
2021-02-10,17,AR1 alpha + Enhanced + One-Step,NYSE:CE,6.183078909764363e-07
2021-02-11,17,AR1 alpha + Enhanced + One-Step,NYSE:CE,4.697640803656597e-07
2021-02-12,17,AR1 alpha + Enhanced + One-Step,NYSE:CE,2.758026595262308e-07
2021-02-16,17,AR1 alpha + Enhanced + One-Step,NYSE:CE,1.1119229574166109e-07
2021-02-17,17,AR1 alpha + Enhanced + One-Step,NYSE:CE,0.0
2021-02-18,17,AR1 alpha + Enhanced + One-Step,NYSE:CE,4.6138755749499325e-08
2021-02-19,17,AR1 alpha + Enhanced + One-Step,NYSE:CE,0.0
2021-02-22,17,AR1 alpha + Enhanced + One-Step,NYSE:CE,6.284462422757061e-07
2021-02-23,17,AR1 alpha + Enhanced + One-Step,NYSE:CE,1.863367198346623e-06
2021-02-24,17,AR1 alpha + Enhanced + One-Step,NYSE:CE,1.3204895638754575e-06
2021-02-25,17,AR1 alpha + Enhanced + One-Step,NYSE:CE,0.0
2021-02-26,17,AR1 alpha + Enhanced + One-Step,NYSE:CE,1.6451964979123208e-07
2021-03-01,17,AR1 alpha + Enhanced + One-Step,NYSE:CE,2.2943049622983478e-07
2021-03-02,17,AR1 alpha + Enhanced + One-Step,NYSE:CE,1.1628409044968656e-07
2021-03-03,17,AR1 alpha + Enhanced + One-Step,NYSE:CE,0.0
2021-03-04,17,AR1 alpha + Enhanced + One-Step,NYSE:CE,1.7968025779471757e-09
2021-03-05,17,AR1 alpha + Enhanced + One-Step,NYSE:CE,0.0
2021-03-08,17,AR1 alpha + Enhanced + One-Step,NYSE:CE,5.377770996202037e-09
2021-03-09,17,AR1 alpha + Enhanced + One-Step,NYSE:CE,0.0
2021-03-10,17,AR1 alpha + Enhanced + One-Step,NYSE:CE,1.1436509315089649e-06
2021-03-11,17,AR1 alpha + Enhanced + One-Step,NYSE:CE,6.026768918710917e-08
2021-03-12,17,AR1 alpha + Enhanced + One-Step,NYSE:CE,9.291542012975914e-09
2021-03-15,17,AR1 alpha + Enhanced + One-Step,NYSE:CE,1.6798649836940526e-06
2021-03-16,17,AR1 alpha + Enhanced + One-Step,NYSE:CE,1.1808745038890015e-06
2021-03-17,17,AR1 alpha + Enhanced + One-Step,NYSE:CE,2.1624030955431206e-07
2021-03-18,17,AR1 alpha + Enhanced + One-Step,NYSE:CE,2.0224400998900695e-07
2021-03-19,17,AR1 alpha + Enhanced + One-Step,NYSE:CE,0.0
2021-03-22,17,AR1 alpha + Enhanced + One-Step,NYSE:CE,1.93502475268292e-07
2021-03-23,17,AR1 alpha + Enhanced + One-Step,NYSE:CE,9.596541754390652e-07
2021-03-24,17,AR1 alpha + Enhanced + One-Step,NYSE:CE,5.8957986199533e-07
2021-03-25,17,AR1 alpha + Enhanced + One-Step,NYSE:CE,4.163224489365039e-07
2021-03-26,17,AR1 alpha + Enhanced + One-Step,NYSE:CE,4.6275424280693893e-07
2021-03-29,17,AR1 alpha + Enhanced + One-Step,NYSE:CE,4.537765132195696e-07
2021-03-30,17,AR1 alpha + Enhanced + One-Step,NYSE:CE,2.281974686817242e-07
2021-03-31,17,AR1 alpha + Enhanced + One-Step,NYSE:CE,9.238773814372472e-08
2021-04-01,17,AR1 alpha + Enhanced + One-Step,NYSE:CE,6.768362688908317e-07
2021-04-05,17,AR1 alpha + Enhanced + One-Step,NYSE:CE,5.342285313750154e-07
2021-04-06,17,AR1 alpha + Enhanced + One-Step,NYSE:CE,3.9516492242377806e-07
2021-04-07,17,AR1 alpha + Enhanced + One-Step,NYSE:CE,0.0
2021-04-08,17,AR1 alpha + Enhanced + One-Step,NYSE:CE,0.0
2021-04-09,17,AR1 alpha + Enhanced + One-Step,NYSE:CE,0.0
2021-04-12,17,AR1 alpha + Enhanced + One-Step,NYSE:CE,0.0
2021-04-13,17,AR1 alpha + Enhanced + One-Step,NYSE:CE,0.0
2021-04-14,17,AR1 alpha + Enhanced + One-Step,NYSE:CE,0.0
2021-04-15,17,AR1 alpha + Enhanced + One-Step,NYSE:CE,5.833819908017744e-07
2021-04-16,17,AR1 alpha + Enhanced + One-Step,NYSE:CE,4.152396527870049e-07
2021-04-19,17,AR1 alpha + Enhanced + One-Step,NYSE:CE,2.453348229141907e-07
2021-04-20,17,AR1 alpha + Enhanced + One-Step,NYSE:CE,0.0
2021-04-21,17,AR1 alpha + Enhanced + One-Step,NYSE:CE,0.0
2021-04-22,17,AR1 alpha + Enhanced + One-Step,NYSE:CE,0.0
2021-04-23,17,AR1 alpha + Enhanced + One-Step,NYSE:CE,0.0
2021-04-26,17,AR1 alpha + Enhanced + One-Step,NYSE:CE,3.422318388740985e-08
2021-04-27,17,AR1 alpha + Enhanced + One-Step,NYSE:CE,5.0016308551342806e-08
2021-04-28,17,AR1 alpha + Enhanced + One-Step,NYSE:CE,0.0
2021-04-29,17,AR1 alpha + Enhanced + One-Step,NYSE:CE,0.0
2021-04-30,17,AR1 alpha + Enhanced + One-Step,NYSE:CE,0.0
2021-05-03,17,AR1 alpha + Enhanced + One-Step,NYSE:CE,3.4082285721570947e-06
2021-05-04,17,AR1 alpha + Enhanced + One-Step,NYSE:CE,2.1490986553392814e-06
2021-05-05,17,AR1 alpha + Enhanced + One-Step,NYSE:CE,1.4622821578009962e-06
2021-05-06,17,AR1 alpha + Enhanced + One-Step,NYSE:CE,2.13200120714561e-06
2021-05-07,17,AR1 alpha + Enhanced + One-Step,NYSE:CE,2.378351366403281e-06
2021-05-10,17,AR1 alpha + Enhanced + One-Step,NYSE:CE,1.8721985026097182e-06
2021-05-11,17,AR1 alpha + Enhanced + One-Step,NYSE:CE,1.3451087792614209e-06
2021-05-12,17,AR1 alpha + Enhanced + One-Step,NYSE:CE,8.843569024660922e-07
2021-05-13,17,AR1 alpha + Enhanced + One-Step,NYSE:CE,0.0
2021-05-14,17,AR1 alpha + Enhanced + One-Step,NYSE:CE,2.437509790256747e-08
2021-05-17,17,AR1 alpha + Enhanced + One-Step,NYSE:CE,0.0
2021-05-18,17,AR1 alpha + Enhanced + One-Step,NYSE:CE,4.945639285265086e-07
2021-05-19,17,AR1 alpha + Enhanced + One-Step,NYSE:CE,8.198794769484522e-07
2021-05-20,17,AR1 alpha + Enhanced + One-Step,NYSE:CE,9.642940213446004e-07
2021-05-21,17,AR1 alpha + Enhanced + One-Step,NYSE:CE,7.340444863807848e-07
2021-05-24,17,AR1 alpha + Enhanced + One-Step,NYSE:CE,5.678737031562257e-08
2021-05-25,17,AR1 alpha + Enhanced + One-Step,NYSE:CE,0.0
2021-05-26,17,AR1 alpha + Enhanced + One-Step,NYSE:CE,0.0
2021-05-27,17,AR1 alpha + Enhanced + One-Step,NYSE:CE,2.2238150665575477e-07
2021-05-28,17,AR1 alpha + Enhanced + One-Step,NYSE:CE,3.8813387646716186e-08
2021-06-01,17,AR1 alpha + Enhanced + One-Step,NYSE:CE,0.0
2021-06-02,17,AR1 alpha + Enhanced + One-Step,NYSE:CE,2.4232127183331353e-08
2021-06-03,17,AR1 alpha + Enhanced + One-Step,NYSE:CE,0.0
2021-06-04,17,AR1 alpha + Enhanced + One-Step,NYSE:CE,0.0
2021-06-07,17,AR1 alpha + Enhanced + One-Step,NYSE:CE,0.0
2021-06-08,17,AR1 alpha + Enhanced + One-Step,NYSE:CE,0.0
2021-06-09,17,AR1 alpha + Enhanced + One-Step,NYSE:CE,9.829586147941191e-08
2021-06-10,17,AR1 alpha + Enhanced + One-Step,NYSE:CE,6.491052311058161e-07
2021-06-11,17,AR1 alpha + Enhanced + One-Step,NYSE:CE,0.007130205292782131
2021-06-14,17,AR1 alpha + Enhanced + One-Step,NYSE:CE,0.018322888882243444
2021-06-15,17,AR1 alpha + Enhanced + One-Step,NYSE:CE,0.02362743720776928
2021-06-16,17,AR1 alpha + Enhanced + One-Step,NYSE:CE,0.03681916827641155
2021-06-17,17,AR1 alpha + Enhanced + One-Step,NYSE:CE,0.036817380561038254
2021-06-18,17,AR1 alpha + Enhanced + One-Step,NYSE:CE,0.036816513986101806
2021-06-21,17,AR1 alpha + Enhanced + One-Step,NYSE:CE,0.036816436119615006
2021-06-22,17,AR1 alpha + Enhanced + One-Step,NYSE:CE,0.036813653842701244
2021-06-23,17,AR1 alpha + Enhanced + One-Step,NYSE:CE,0.037563065013168966
2021-06-24,17,AR1 alpha + Enhanced + One-Step,NYSE:CE,0.03756491978472943
2021-06-25,17,AR1 alpha + Enhanced + One-Step,NYSE:CE,0.03756572230796209
2021-06-28,17,AR1 alpha + Enhanced + One-Step,NYSE:CE,0.03756588917058398
2021-06-29,17,AR1 alpha + Enhanced + One-Step,NYSE:CE,0.037565873337714266
2021-06-30,17,AR1 alpha + Enhanced + One-Step,NYSE:CE,0.029764784295292824
2021-07-01,17,AR1 alpha + Enhanced + One-Step,NYSE:CE,0.013304269121960557
2021-07-02,17,AR1 alpha + Enhanced + One-Step,NYSE:CE,0.0
2021-07-06,17,AR1 alpha + Enhanced + One-Step,NYSE:CE,0.0
2021-07-07,17,AR1 alpha + Enhanced + One-Step,NYSE:CE,8.96340246777088e-07
2021-07-08,17,AR1 alpha + Enhanced + One-Step,NYSE:CE,5.076782312680218e-07
2021-07-09,17,AR1 alpha + Enhanced + One-Step,NYSE:CE,0.0
2021-07-12,17,AR1 alpha + Enhanced + One-Step,NYSE:CE,0.0
2021-07-13,17,AR1 alpha + Enhanced + One-Step,NYSE:CE,0.0
2021-07-14,17,AR1 alpha + Enhanced + One-Step,NYSE:CE,0.0
2021-07-15,17,AR1 alpha + Enhanced + One-Step,NYSE:CE,0.0
2021-07-16,17,AR1 alpha + Enhanced + One-Step,NYSE:CE,0.0
2021-07-19,17,AR1 alpha + Enhanced + One-Step,NYSE:CE,2.7016488748929865e-08
2021-07-20,17,AR1 alpha + Enhanced + One-Step,NYSE:CE,0.0
2021-07-21,17,AR1 alpha + Enhanced + One-Step,NYSE:CE,1.6973676350943412e-07
2021-07-22,17,AR1 alpha + Enhanced + One-Step,NYSE:CE,1.9751276296469355e-06
2021-07-23,17,AR1 alpha + Enhanced + One-Step,NYSE:CE,0.0
2021-07-26,17,AR1 alpha + Enhanced + One-Step,NYSE:CE,0.0
2021-07-27,17,AR1 alpha + Enhanced + One-Step,NYSE:CE,0.0
2021-07-28,17,AR1 alpha + Enhanced + One-Step,NYSE:CE,0.0
2021-07-29,17,AR1 alpha + Enhanced + One-Step,NYSE:CE,0.0
2021-07-30,17,AR1 alpha + Enhanced + One-Step,NYSE:CE,0.0
2021-08-02,17,AR1 alpha + Enhanced + One-Step,NYSE:CE,0.0
2021-08-03,17,AR1 alpha + Enhanced + One-Step,NYSE:CE,0.0
2021-08-04,17,AR1 alpha + Enhanced + One-Step,NYSE:CE,0.0
2021-08-05,17,AR1 alpha + Enhanced + One-Step,NYSE:CE,0.0
2021-08-06,17,AR1 alpha + Enhanced + One-Step,NYSE:CE,0.0
2021-08-09,17,AR1 alpha + Enhanced + One-Step,NYSE:CE,0.0
2021-08-10,17,AR1 alpha + Enhanced + One-Step,NYSE:CE,0.0
2021-08-11,17,AR1 alpha + Enhanced + One-Step,NYSE:CE,0.0
2021-08-12,17,AR1 alpha + Enhanced + One-Step,NYSE:CE,0.0
2021-08-13,17,AR1 alpha + Enhanced + One-Step,NYSE:CE,2.499041691013078e-07
2021-08-16,17,AR1 alpha + Enhanced + One-Step,NYSE:CE,1.4784765385213538e-06
2021-08-17,17,AR1 alpha + Enhanced + One-Step,NYSE:CE,2.0640252048711213e-06
2021-08-18,17,AR1 alpha + Enhanced + One-Step,NYSE:CE,2.189875776257845e-06
2021-08-19,17,AR1 alpha + Enhanced + One-Step,NYSE:CE,3.8041251276424515e-06
2021-08-20,17,AR1 alpha + Enhanced + One-Step,NYSE:CE,2.3977794154928962e-06
2021-08-23,17,AR1 alpha + Enhanced + One-Step,NYSE:CE,1.560795196065334e-06
2021-08-24,17,AR1 alpha + Enhanced + One-Step,NYSE:CE,5.174084941818924e-07
2021-08-25,17,AR1 alpha + Enhanced + One-Step,NYSE:CE,5.502923336174262e-07
2021-08-26,17,AR1 alpha + Enhanced + One-Step,NYSE:CE,0.0
2021-08-27,17,AR1 alpha + Enhanced + One-Step,NYSE:CE,0.0
2021-08-30,17,AR1 alpha + Enhanced + One-Step,NYSE:CE,0.0
2021-08-31,17,AR1 alpha + Enhanced + One-Step,NYSE:CE,2.97397904230875e-08
2021-09-01,17,AR1 alpha + Enhanced + One-Step,NYSE:CE,0.0
2021-09-02,17,AR1 alpha + Enhanced + One-Step,NYSE:CE,0.0
2021-09-03,17,AR1 alpha + Enhanced + One-Step,NYSE:CE,1.162481262417831e-07
2021-09-07,17,AR1 alpha + Enhanced + One-Step,NYSE:CE,0.0
2021-09-08,17,AR1 alpha + Enhanced + One-Step,NYSE:CE,0.0
2021-09-09,17,AR1 alpha + Enhanced + One-Step,NYSE:CE,0.0
2021-09-10,17,AR1 alpha + Enhanced + One-Step,NYSE:CE,0.0
2021-09-13,17,AR1 alpha + Enhanced + One-Step,NYSE:CE,4.1243426384863257e-07
2021-09-14,17,AR1 alpha + Enhanced + One-Step,NYSE:CE,0.0
2021-09-15,17,AR1 alpha + Enhanced + One-Step,NYSE:CE,0.0
2021-09-16,17,AR1 alpha + Enhanced + One-Step,NYSE:CE,0.0
2021-09-17,17,AR1 alpha + Enhanced + One-Step,NYSE:CE,0.0
2021-09-20,17,AR1 alpha + Enhanced + One-Step,NYSE:CE,0.0
2021-09-21,17,AR1 alpha + Enhanced + One-Step,NYSE:CE,0.0
2021-09-22,17,AR1 alpha + Enhanced + One-Step,NYSE:CE,0.0
2021-09-23,17,AR1 alpha + Enhanced + One-Step,NYSE:CE,5.190867272601733e-07
2021-09-24,17,AR1 alpha + Enhanced + One-Step,NYSE:CE,3.2098877745870236e-07
2021-09-27,17,AR1 alpha + Enhanced + One-Step,NYSE:CE,1.563690958739093e-07
2021-09-28,17,AR1 alpha + Enhanced + One-Step,NYSE:CE,0.0
2021-09-29,17,AR1 alpha + Enhanced + One-Step,NYSE:CE,4.272545671193933e-07
2021-09-30,17,AR1 alpha + Enhanced + One-Step,NYSE:CE,2.671269883001361e-07
2021-10-01,17,AR1 alpha + Enhanced + One-Step,NYSE:CE,1.9998613795222393e-07
2021-10-04,17,AR1 alpha + Enhanced + One-Step,NYSE:CE,1.7481871209548238e-07
2021-10-05,17,AR1 alpha + Enhanced + One-Step,NYSE:CE,0.0
2021-10-06,17,AR1 alpha + Enhanced + One-Step,NYSE:CE,0.0
2021-10-07,17,AR1 alpha + Enhanced + One-Step,NYSE:CE,0.0
2021-10-08,17,AR1 alpha + Enhanced + One-Step,NYSE:CE,0.0
2021-10-11,17,AR1 alpha + Enhanced + One-Step,NYSE:CE,0.0
2021-10-12,17,AR1 alpha + Enhanced + One-Step,NYSE:CE,2.2116980771462656e-07
2021-10-13,17,AR1 alpha + Enhanced + One-Step,NYSE:CE,1.8821706755580145e-07
2021-10-14,17,AR1 alpha + Enhanced + One-Step,NYSE:CE,0.0
2021-10-15,17,AR1 alpha + Enhanced + One-Step,NYSE:CE,0.0
2021-10-18,17,AR1 alpha + Enhanced + One-Step,NYSE:CE,0.0
2021-10-19,17,AR1 alpha + Enhanced + One-Step,NYSE:CE,1.481263313897165e-10
2021-10-20,17,AR1 alpha + Enhanced + One-Step,NYSE:CE,1.843016990811082e-07
2021-10-21,17,AR1 alpha + Enhanced + One-Step,NYSE:CE,1.1787491712426622e-07
2021-10-22,17,AR1 alpha + Enhanced + One-Step,NYSE:CE,0.0
2021-10-25,17,AR1 alpha + Enhanced + One-Step,NYSE:CE,0.0
2021-10-26,17,AR1 alpha + Enhanced + One-Step,NYSE:CE,0.0
2021-10-27,17,AR1 alpha + Enhanced + One-Step,NYSE:CE,5.636479866573967e-08
2021-10-28,17,AR1 alpha + Enhanced + One-Step,NYSE:CE,1.5591203915339733e-07
2021-10-29,17,AR1 alpha + Enhanced + One-Step,NYSE:CE,0.0
2021-11-01,17,AR1 alpha + Enhanced + One-Step,NYSE:CE,0.0
2021-11-02,17,AR1 alpha + Enhanced + One-Step,NYSE:CE,0.0
2021-11-03,17,AR1 alpha + Enhanced + One-Step,NYSE:CE,4.287609633733704e-07
2021-11-04,17,AR1 alpha + Enhanced + One-Step,NYSE:CE,0.0
2021-11-05,17,AR1 alpha + Enhanced + One-Step,NYSE:CE,0.0
2021-11-08,17,AR1 alpha + Enhanced + One-Step,NYSE:CE,0.0
2021-11-09,17,AR1 alpha + Enhanced + One-Step,NYSE:CE,0.0
2021-11-10,17,AR1 alpha + Enhanced + One-Step,NYSE:CE,1.0843943280633832e-06
2021-11-11,17,AR1 alpha + Enhanced + One-Step,NYSE:CE,7.618366325109675e-07
2021-11-12,17,AR1 alpha + Enhanced + One-Step,NYSE:CE,6.652824452678839e-07
2021-11-15,17,AR1 alpha + Enhanced + One-Step,NYSE:CE,9.356762444290658e-07
2021-11-16,17,AR1 alpha + Enhanced + One-Step,NYSE:CE,5.245085242216463e-07
2021-11-17,17,AR1 alpha + Enhanced + One-Step,NYSE:CE,0.0
2021-11-18,17,AR1 alpha + Enhanced + One-Step,NYSE:CE,0.0
2021-11-19,17,AR1 alpha + Enhanced + One-Step,NYSE:CE,2.6792344761838005e-07
2021-11-22,17,AR1 alpha + Enhanced + One-Step,NYSE:CE,3.9970479548118405e-07
2021-11-23,17,AR1 alpha + Enhanced + One-Step,NYSE:CE,0.0
2021-11-24,17,AR1 alpha + Enhanced + One-Step,NYSE:CE,0.0
2021-11-26,17,AR1 alpha + Enhanced + One-Step,NYSE:CE,0.0
2021-11-29,17,AR1 alpha + Enhanced + One-Step,NYSE:CE,2.7069185837558705e-09
2021-11-30,17,AR1 alpha + Enhanced + One-Step,NYSE:CE,0.0
2021-12-01,17,AR1 alpha + Enhanced + One-Step,NYSE:CE,0.0
2021-12-02,17,AR1 alpha + Enhanced + One-Step,NYSE:CE,0.0
2021-12-03,17,AR1 alpha + Enhanced + One-Step,NYSE:CE,0.0
2021-12-06,17,AR1 alpha + Enhanced + One-Step,NYSE:CE,0.0
2021-12-07,17,AR1 alpha + Enhanced + One-Step,NYSE:CE,0.0
2021-12-08,17,AR1 alpha + Enhanced + One-Step,NYSE:CE,6.989772994799875e-08
2021-12-09,17,AR1 alpha + Enhanced + One-Step,NYSE:CE,0.0
2021-12-10,17,AR1 alpha + Enhanced + One-Step,NYSE:CE,0.0
2021-12-13,17,AR1 alpha + Enhanced + One-Step,NYSE:CE,0.0
2021-12-14,17,AR1 alpha + Enhanced + One-Step,NYSE:CE,0.0
2021-12-15,17,AR1 alpha + Enhanced + One-Step,NYSE:CE,3.3002871205338297e-07
2021-12-16,17,AR1 alpha + Enhanced + One-Step,NYSE:CE,3.1603654231746744e-07
2021-12-17,17,AR1 alpha + Enhanced + One-Step,NYSE:CE,9.864921298975255e-08
2021-12-20,17,AR1 alpha + Enhanced + One-Step,NYSE:CE,0.0
2021-12-21,17,AR1 alpha + Enhanced + One-Step,NYSE:CE,1.4134875514136261e-07
2021-12-22,17,AR1 alpha + Enhanced + One-Step,NYSE:CE,1.0875684045252272e-07
2021-12-23,17,AR1 alpha + Enhanced + One-Step,NYSE:CE,3.6492928544815314e-07
2021-12-27,17,AR1 alpha + Enhanced + One-Step,NYSE:CE,3.791653501040654e-07
2021-12-28,17,AR1 alpha + Enhanced + One-Step,NYSE:CE,2.9976374601961613e-07
2021-12-29,17,AR1 alpha + Enhanced + One-Step,NYSE:CE,2.444298896670666e-07
2021-12-30,17,AR1 alpha + Enhanced + One-Step,NYSE:CE,3.0512664057120066e-07
2021-12-31,17,AR1 alpha + Enhanced + One-Step,NYSE:CE,1.792098204199634e-07
2022-01-03,17,AR1 alpha + Enhanced + One-Step,NYSE:CE,1.7266826169760277e-07
2022-01-04,17,AR1 alpha + Enhanced + One-Step,NYSE:CE,1.4944702739106142e-07
2022-01-05,17,AR1 alpha + Enhanced + One-Step,NYSE:CE,1.0292352050339085e-07
2022-01-06,17,AR1 alpha + Enhanced + One-Step,NYSE:CE,8.119638657812575e-08
2022-01-07,17,AR1 alpha + Enhanced + One-Step,NYSE:CE,0.0
2022-01-10,17,AR1 alpha + Enhanced + One-Step,NYSE:CE,0.0
2022-01-11,17,AR1 alpha + Enhanced + One-Step,NYSE:CE,0.0
2022-01-12,17,AR1 alpha + Enhanced + One-Step,NYSE:CE,0.0
2022-01-13,17,AR1 alpha + Enhanced + One-Step,NYSE:CE,0.0
2022-01-14,17,AR1 alpha + Enhanced + One-Step,NYSE:CE,0.0
2022-01-18,17,AR1 alpha + Enhanced + One-Step,NYSE:CE,1.6249297406837126e-07
2022-01-19,17,AR1 alpha + Enhanced + One-Step,NYSE:CE,0.0
2022-01-20,17,AR1 alpha + Enhanced + One-Step,NYSE:CE,4.7702647361095284e-08
2022-01-21,17,AR1 alpha + Enhanced + One-Step,NYSE:CE,0.0
2022-01-24,17,AR1 alpha + Enhanced + One-Step,NYSE:CE,0.0
2022-01-25,17,AR1 alpha + Enhanced + One-Step,NYSE:CE,5.238188946930736e-08
2022-01-26,17,AR1 alpha + Enhanced + One-Step,NYSE:CE,9.330068971107244e-08
2022-01-27,17,AR1 alpha + Enhanced + One-Step,NYSE:CE,0.0
2022-01-28,17,AR1 alpha + Enhanced + One-Step,NYSE:CE,8.176345958933314e-09
2022-01-31,17,AR1 alpha + Enhanced + One-Step,NYSE:CE,4.4747616849536726e-07
2022-02-01,17,AR1 alpha + Enhanced + One-Step,NYSE:CE,2.8055596206784446e-07
2022-02-02,17,AR1 alpha + Enhanced + One-Step,NYSE:CE,1.5153065043176018e-07
2022-02-03,17,AR1 alpha + Enhanced + One-Step,NYSE:CE,0.0
2022-02-04,17,AR1 alpha + Enhanced + One-Step,NYSE:CE,0.0
2022-02-07,17,AR1 alpha + Enhanced + One-Step,NYSE:CE,0.0
2022-02-08,17,AR1 alpha + Enhanced + One-Step,NYSE:CE,5.038339141000932e-10
2022-02-09,17,AR1 alpha + Enhanced + One-Step,NYSE:CE,4.270327702148428e-08
2022-02-10,17,AR1 alpha + Enhanced + One-Step,NYSE:CE,3.7373140567002894e-08
2022-02-11,17,AR1 alpha + Enhanced + One-Step,NYSE:CE,4.1592755084249327e-07
2022-02-14,17,AR1 alpha + Enhanced + One-Step,NYSE:CE,2.0695467858994737e-07
2022-02-15,17,AR1 alpha + Enhanced + One-Step,NYSE:CE,1.6862491874034251e-07
2022-02-16,17,AR1 alpha + Enhanced + One-Step,NYSE:CE,2.8988457128799757e-07
2022-02-17,17,AR1 alpha + Enhanced + One-Step,NYSE:CE,2.64723757770497e-07
2022-02-18,17,AR1 alpha + Enhanced + One-Step,NYSE:CE,2.5750864619441343e-07
2022-02-22,17,AR1 alpha + Enhanced + One-Step,NYSE:CE,1.584002721008763e-07
2022-02-23,17,AR1 alpha + Enhanced + One-Step,NYSE:CE,1.1736205002273076e-07
2022-02-24,17,AR1 alpha + Enhanced + One-Step,NYSE:CE,0.0
2022-02-25,17,AR1 alpha + Enhanced + One-Step,NYSE:CE,7.177792446495246e-08
2022-02-28,17,AR1 alpha + Enhanced + One-Step,NYSE:CE,9.236159324992268e-08
2022-03-01,17,AR1 alpha + Enhanced + One-Step,NYSE:CE,1.5608580234593422e-07
2022-03-02,17,AR1 alpha + Enhanced + One-Step,NYSE:CE,4.988688961963708e-08
2022-03-03,17,AR1 alpha + Enhanced + One-Step,NYSE:CE,1.7342350813855262e-08
2022-03-04,17,AR1 alpha + Enhanced + One-Step,NYSE:CE,0.0
2022-03-07,17,AR1 alpha + Enhanced + One-Step,NYSE:CE,1.4433329422848287e-06
2022-03-08,17,AR1 alpha + Enhanced + One-Step,NYSE:CE,8.471178160908269e-07
2022-03-09,17,AR1 alpha + Enhanced + One-Step,NYSE:CE,4.7078775835417747e-07
2022-03-10,17,AR1 alpha + Enhanced + One-Step,NYSE:CE,4.3997922981718796e-07
2022-03-11,17,AR1 alpha + Enhanced + One-Step,NYSE:CE,0.0
2022-03-14,17,AR1 alpha + Enhanced + One-Step,NYSE:CE,0.0
2022-03-15,17,AR1 alpha + Enhanced + One-Step,NYSE:CE,0.0
2022-03-16,17,AR1 alpha + Enhanced + One-Step,NYSE:CE,1.6993075058044385e-08
2022-03-17,17,AR1 alpha + Enhanced + One-Step,NYSE:CE,2.7376928426329686e-08
2022-03-18,17,AR1 alpha + Enhanced + One-Step,NYSE:CE,0.0
2022-03-21,17,AR1 alpha + Enhanced + One-Step,NYSE:CE,1.8364924435806348e-07
2022-03-22,17,AR1 alpha + Enhanced + One-Step,NYSE:CE,1.326579741053002e-07
2022-03-23,17,AR1 alpha + Enhanced + One-Step,NYSE:CE,4.526455717923114e-08
2022-03-24,17,AR1 alpha + Enhanced + One-Step,NYSE:CE,0.0
2022-03-25,17,AR1 alpha + Enhanced + One-Step,NYSE:CE,0.0
2022-03-28,17,AR1 alpha + Enhanced + One-Step,NYSE:CE,1.7063015165786604e-07
2022-03-29,17,AR1 alpha + Enhanced + One-Step,NYSE:CE,0.0
2022-03-30,17,AR1 alpha + Enhanced + One-Step,NYSE:CE,0.0
2022-03-31,17,AR1 alpha + Enhanced + One-Step,NYSE:CE,0.0
2022-04-01,17,AR1 alpha + Enhanced + One-Step,NYSE:CE,0.0
2022-04-04,17,AR1 alpha + Enhanced + One-Step,NYSE:CE,0.0
2022-04-05,17,AR1 alpha + Enhanced + One-Step,NYSE:CE,9.397497959207695e-09
2022-04-06,17,AR1 alpha + Enhanced + One-Step,NYSE:CE,0.0
2022-04-07,17,AR1 alpha + Enhanced + One-Step,NYSE:CE,0.0
2022-04-08,17,AR1 alpha + Enhanced + One-Step,NYSE:CE,2.1231090106116143e-07
2022-04-11,17,AR1 alpha + Enhanced + One-Step,NYSE:CE,0.0
2022-04-12,17,AR1 alpha + Enhanced + One-Step,NYSE:CE,0.0
2022-04-13,17,AR1 alpha + Enhanced + One-Step,NYSE:CE,4.3270721532572255e-08
2022-04-14,17,AR1 alpha + Enhanced + One-Step,NYSE:CE,0.0
2022-04-18,17,AR1 alpha + Enhanced + One-Step,NYSE:CE,0.0
2022-04-19,17,AR1 alpha + Enhanced + One-Step,NYSE:CE,0.0
2022-04-20,17,AR1 alpha + Enhanced + One-Step,NYSE:CE,0.0
2022-04-21,17,AR1 alpha + Enhanced + One-Step,NYSE:CE,0.0
2022-04-22,17,AR1 alpha + Enhanced + One-Step,NYSE:CE,0.0
2022-04-25,17,AR1 alpha + Enhanced + One-Step,NYSE:CE,0.0
2022-04-26,17,AR1 alpha + Enhanced + One-Step,NYSE:CE,1.0825272007074072e-07
2022-04-27,17,AR1 alpha + Enhanced + One-Step,NYSE:CE,0.0
2022-04-28,17,AR1 alpha + Enhanced + One-Step,NYSE:CE,0.0
2022-04-29,17,AR1 alpha + Enhanced + One-Step,NYSE:CE,0.0
2022-05-02,17,AR1 alpha + Enhanced + One-Step,NYSE:CE,0.0
2022-05-03,17,AR1 alpha + Enhanced + One-Step,NYSE:CE,0.0
2022-05-04,17,AR1 alpha + Enhanced + One-Step,NYSE:CE,0.0
2022-05-05,17,AR1 alpha + Enhanced + One-Step,NYSE:CE,0.0
2022-05-06,17,AR1 alpha + Enhanced + One-Step,NYSE:CE,0.0
2022-05-09,17,AR1 alpha + Enhanced + One-Step,NYSE:CE,2.1115859085807445e-08
2022-05-10,17,AR1 alpha + Enhanced + One-Step,NYSE:CE,0.0
2022-05-11,17,AR1 alpha + Enhanced + One-Step,NYSE:CE,0.0
2022-05-12,17,AR1 alpha + Enhanced + One-Step,NYSE:CE,0.0
2022-05-13,17,AR1 alpha + Enhanced + One-Step,NYSE:CE,0.0
2022-05-16,17,AR1 alpha + Enhanced + One-Step,NYSE:CE,0.0
2022-05-17,17,AR1 alpha + Enhanced + One-Step,NYSE:CE,0.009150760472911985
2022-05-18,17,AR1 alpha + Enhanced + One-Step,NYSE:CE,0.004178609223796018
2022-05-19,17,AR1 alpha + Enhanced + One-Step,NYSE:CE,0.00417840366327015
2022-05-20,17,AR1 alpha + Enhanced + One-Step,NYSE:CE,0.004178405884880188
2022-05-23,17,AR1 alpha + Enhanced + One-Step,NYSE:CE,0.004178236617523307
2022-05-24,17,AR1 alpha + Enhanced + One-Step,NYSE:CE,0.0009909731713987934
2022-05-25,17,AR1 alpha + Enhanced + One-Step,NYSE:CE,0.0009905414419394446
2022-05-26,17,AR1 alpha + Enhanced + One-Step,NYSE:CE,0.0009905815646180575
2022-05-27,17,AR1 alpha + Enhanced + One-Step,NYSE:CE,0.000989651050972835
2022-05-31,17,AR1 alpha + Enhanced + One-Step,NYSE:CE,0.0009896386756025413
2022-06-01,17,AR1 alpha + Enhanced + One-Step,NYSE:CE,0.0009904535279135786
2022-06-02,17,AR1 alpha + Enhanced + One-Step,NYSE:CE,0.0009907539741526388
2022-06-03,17,AR1 alpha + Enhanced + One-Step,NYSE:CE,0.0009905818399365991
2022-06-06,17,AR1 alpha + Enhanced + One-Step,NYSE:CE,0.0
2022-06-07,17,AR1 alpha + Enhanced + One-Step,NYSE:CE,1.729387533688559e-07
2022-06-08,17,AR1 alpha + Enhanced + One-Step,NYSE:CE,2.5163210384258177e-08
2022-06-09,17,AR1 alpha + Enhanced + One-Step,NYSE:CE,0.0
2022-06-10,17,AR1 alpha + Enhanced + One-Step,NYSE:CE,0.0
2022-06-13,17,AR1 alpha + Enhanced + One-Step,NYSE:CE,0.0
2022-06-14,17,AR1 alpha + Enhanced + One-Step,NYSE:CE,1.6695742330292232e-08
2022-06-15,17,AR1 alpha + Enhanced + One-Step,NYSE:CE,0.0
2022-06-16,17,AR1 alpha + Enhanced + One-Step,NYSE:CE,0.0
2022-06-17,17,AR1 alpha + Enhanced + One-Step,NYSE:CE,6.075328538042271e-07
2022-06-21,17,AR1 alpha + Enhanced + One-Step,NYSE:CE,1.9609277937003105e-07
2022-06-22,17,AR1 alpha + Enhanced + One-Step,NYSE:CE,9.129236562234589e-08
2022-06-23,17,AR1 alpha + Enhanced + One-Step,NYSE:CE,4.317478089932287e-08
2022-06-24,17,AR1 alpha + Enhanced + One-Step,NYSE:CE,4.80950760455388e-09
2022-06-27,17,AR1 alpha + Enhanced + One-Step,NYSE:CE,1.6525131897678894e-07
2022-06-28,17,AR1 alpha + Enhanced + One-Step,NYSE:CE,1.1451331829426551e-07
2022-06-29,17,AR1 alpha + Enhanced + One-Step,NYSE:CE,0.0
2022-06-30,17,AR1 alpha + Enhanced + One-Step,NYSE:CE,2.044116723584769e-07
2022-07-01,17,AR1 alpha + Enhanced + One-Step,NYSE:CE,2.0893474118186232e-08
2022-07-05,17,AR1 alpha + Enhanced + One-Step,NYSE:CE,1.0260336815588196e-08
2022-07-06,17,AR1 alpha + Enhanced + One-Step,NYSE:CE,0.0
2022-07-07,17,AR1 alpha + Enhanced + One-Step,NYSE:CE,0.0
2022-07-08,17,AR1 alpha + Enhanced + One-Step,NYSE:CE,0.0
2022-07-11,17,AR1 alpha + Enhanced + One-Step,NYSE:CE,0.0
2022-07-12,17,AR1 alpha + Enhanced + One-Step,NYSE:CE,0.0
2022-07-13,17,AR1 alpha + Enhanced + One-Step,NYSE:CE,0.0
2022-07-14,17,AR1 alpha + Enhanced + One-Step,NYSE:CE,2.685954873519156e-08
2022-07-15,17,AR1 alpha + Enhanced + One-Step,NYSE:CE,4.5448357676191685e-08
2022-07-18,17,AR1 alpha + Enhanced + One-Step,NYSE:CE,0.0
2022-07-19,17,AR1 alpha + Enhanced + One-Step,NYSE:CE,0.0
2022-07-20,17,AR1 alpha + Enhanced + One-Step,NYSE:CE,0.0
2022-07-21,17,AR1 alpha + Enhanced + One-Step,NYSE:CE,0.0
2022-07-22,17,AR1 alpha + Enhanced + One-Step,NYSE:CE,0.0
2022-07-25,17,AR1 alpha + Enhanced + One-Step,NYSE:CE,3.78585813023983e-07
2022-07-26,17,AR1 alpha + Enhanced + One-Step,NYSE:CE,0.0
2022-07-27,17,AR1 alpha + Enhanced + One-Step,NYSE:CE,5.485674233205354e-10
2022-07-28,17,AR1 alpha + Enhanced + One-Step,NYSE:CE,2.451550171763042e-09
2022-07-29,17,AR1 alpha + Enhanced + One-Step,NYSE:CE,0.0
2022-08-01,17,AR1 alpha + Enhanced + One-Step,NYSE:CE,0.0
2022-08-02,17,AR1 alpha + Enhanced + One-Step,NYSE:CE,0.0
2022-08-03,17,AR1 alpha + Enhanced + One-Step,NYSE:CE,0.0
2022-08-04,17,AR1 alpha + Enhanced + One-Step,NYSE:CE,1.0746770267167133e-07
2022-08-05,17,AR1 alpha + Enhanced + One-Step,NYSE:CE,0.0
2022-08-08,17,AR1 alpha + Enhanced + One-Step,NYSE:CE,0.0
2022-08-09,17,AR1 alpha + Enhanced + One-Step,NYSE:CE,4.994492051630648e-07
2022-08-10,17,AR1 alpha + Enhanced + One-Step,NYSE:CE,0.0
2022-08-11,17,AR1 alpha + Enhanced + One-Step,NYSE:CE,0.0
2022-08-12,17,AR1 alpha + Enhanced + One-Step,NYSE:CE,1.267256384960139e-08
2022-08-15,17,AR1 alpha + Enhanced + One-Step,NYSE:CE,0.0
2022-08-16,17,AR1 alpha + Enhanced + One-Step,NYSE:CE,3.6523758451452135e-08
2022-08-17,17,AR1 alpha + Enhanced + One-Step,NYSE:CE,1.2468997350137261e-07
2022-08-18,17,AR1 alpha + Enhanced + One-Step,NYSE:CE,0.0
2022-08-19,17,AR1 alpha + Enhanced + One-Step,NYSE:CE,0.0
2022-08-22,17,AR1 alpha + Enhanced + One-Step,NYSE:CE,0.0
2022-08-23,17,AR1 alpha + Enhanced + One-Step,NYSE:CE,0.0
2022-08-24,17,AR1 alpha + Enhanced + One-Step,NYSE:CE,0.0
2022-08-25,17,AR1 alpha + Enhanced + One-Step,NYSE:CE,0.0
2022-08-26,17,AR1 alpha + Enhanced + One-Step,NYSE:CE,0.0
2022-08-29,17,AR1 alpha + Enhanced + One-Step,NYSE:CE,3.882340776124854e-08
2022-08-30,17,AR1 alpha + Enhanced + One-Step,NYSE:CE,0.0
2022-08-31,17,AR1 alpha + Enhanced + One-Step,NYSE:CE,0.0
2022-09-01,17,AR1 alpha + Enhanced + One-Step,NYSE:CE,8.516349624193007e-08
2022-09-02,17,AR1 alpha + Enhanced + One-Step,NYSE:CE,3.189901960913147e-08
2022-09-06,17,AR1 alpha + Enhanced + One-Step,NYSE:CE,1.1363135667550354e-08
2022-09-07,17,AR1 alpha + Enhanced + One-Step,NYSE:CE,2.35465714777557e-08
2022-09-08,17,AR1 alpha + Enhanced + One-Step,NYSE:CE,1.1282718663830551e-07
2022-09-09,17,AR1 alpha + Enhanced + One-Step,NYSE:CE,0.0
2022-09-12,17,AR1 alpha + Enhanced + One-Step,NYSE:CE,0.0
2022-09-13,17,AR1 alpha + Enhanced + One-Step,NYSE:CE,1.799866258112502e-09
2022-09-14,17,AR1 alpha + Enhanced + One-Step,NYSE:CE,0.0
2022-09-15,17,AR1 alpha + Enhanced + One-Step,NYSE:CE,0.0
2022-09-16,17,AR1 alpha + Enhanced + One-Step,NYSE:CE,3.402217560765172e-08
2022-09-19,17,AR1 alpha + Enhanced + One-Step,NYSE:CE,0.0
2022-09-20,17,AR1 alpha + Enhanced + One-Step,NYSE:CE,1.055206410918199e-07
2022-09-21,17,AR1 alpha + Enhanced + One-Step,NYSE:CE,0.0
2022-09-22,17,AR1 alpha + Enhanced + One-Step,NYSE:CE,0.0
2022-09-23,17,AR1 alpha + Enhanced + One-Step,NYSE:CE,0.0
2022-09-26,17,AR1 alpha + Enhanced + One-Step,NYSE:CE,0.0
2022-09-27,17,AR1 alpha + Enhanced + One-Step,NYSE:CE,0.0
2022-09-28,17,AR1 alpha + Enhanced + One-Step,NYSE:CE,0.0
2022-09-29,17,AR1 alpha + Enhanced + One-Step,NYSE:CE,2.9755907344188687e-07
2022-09-30,17,AR1 alpha + Enhanced + One-Step,NYSE:CE,1.3692001771901106e-07
2022-10-03,17,AR1 alpha + Enhanced + One-Step,NYSE:CE,1.0111442462311206e-07
2022-10-04,17,AR1 alpha + Enhanced + One-Step,NYSE:CE,8.488169200464354e-08
2022-10-05,17,AR1 alpha + Enhanced + One-Step,NYSE:CE,0.0
2022-10-06,17,AR1 alpha + Enhanced + One-Step,NYSE:CE,0.0
2022-10-07,17,AR1 alpha + Enhanced + One-Step,NYSE:CE,8.104972988394856e-10
2022-10-10,17,AR1 alpha + Enhanced + One-Step,NYSE:CE,0.0
2022-10-11,17,AR1 alpha + Enhanced + One-Step,NYSE:CE,0.0
2022-10-12,17,AR1 alpha + Enhanced + One-Step,NYSE:CE,0.0
2022-10-13,17,AR1 alpha + Enhanced + One-Step,NYSE:CE,1.3042649405981605e-06
2022-10-14,17,AR1 alpha + Enhanced + One-Step,NYSE:CE,6.037229693347805e-07
2022-10-17,17,AR1 alpha + Enhanced + One-Step,NYSE:CE,3.359257549248754e-07
2022-10-18,17,AR1 alpha + Enhanced + One-Step,NYSE:CE,2.3557961383329198e-07
2022-10-19,17,AR1 alpha + Enhanced + One-Step,NYSE:CE,1.6014066918369637e-07
2022-10-20,17,AR1 alpha + Enhanced + One-Step,NYSE:CE,0.0
2022-10-21,17,AR1 alpha + Enhanced + One-Step,NYSE:CE,3.234121705026475e-08
2022-10-24,17,AR1 alpha + Enhanced + One-Step,NYSE:CE,0.0
2022-10-25,17,AR1 alpha + Enhanced + One-Step,NYSE:CE,7.957526263684611e-09
2022-10-26,17,AR1 alpha + Enhanced + One-Step,NYSE:CE,4.0938355542856054e-08
2022-10-27,17,AR1 alpha + Enhanced + One-Step,NYSE:CE,0.0
2022-10-28,17,AR1 alpha + Enhanced + One-Step,NYSE:CE,0.0
2022-10-31,17,AR1 alpha + Enhanced + One-Step,NYSE:CE,0.0
2022-11-01,17,AR1 alpha + Enhanced + One-Step,NYSE:CE,0.0
2022-11-02,17,AR1 alpha + Enhanced + One-Step,NYSE:CE,1.7833702766095118e-08
2022-11-03,17,AR1 alpha + Enhanced + One-Step,NYSE:CE,1.4598686510079425e-06
2022-11-04,17,AR1 alpha + Enhanced + One-Step,NYSE:CE,6.162611162362991e-07
2022-11-07,17,AR1 alpha + Enhanced + One-Step,NYSE:CE,0.0
2022-11-08,17,AR1 alpha + Enhanced + One-Step,NYSE:CE,7.142147567559718e-08
2022-11-09,17,AR1 alpha + Enhanced + One-Step,NYSE:CE,0.0
2022-11-10,17,AR1 alpha + Enhanced + One-Step,NYSE:CE,0.0
2022-11-11,17,AR1 alpha + Enhanced + One-Step,NYSE:CE,2.5718857214447445e-08
2022-11-14,17,AR1 alpha + Enhanced + One-Step,NYSE:CE,0.0
2022-11-15,17,AR1 alpha + Enhanced + One-Step,NYSE:CE,1.8576264827866992e-08
2022-11-16,17,AR1 alpha + Enhanced + One-Step,NYSE:CE,4.224169812057269e-09
2022-11-17,17,AR1 alpha + Enhanced + One-Step,NYSE:CE,1.914628819268703e-08
2022-11-18,17,AR1 alpha + Enhanced + One-Step,NYSE:CE,4.0635872903889504e-08
2022-11-21,17,AR1 alpha + Enhanced + One-Step,NYSE:CE,0.0
2022-11-22,17,AR1 alpha + Enhanced + One-Step,NYSE:CE,0.0
2022-11-23,17,AR1 alpha + Enhanced + One-Step,NYSE:CE,3.086507756516514e-07
2022-11-25,17,AR1 alpha + Enhanced + One-Step,NYSE:CE,3.3412683672533363e-07
2022-11-28,17,AR1 alpha + Enhanced + One-Step,NYSE:CE,1.989148832929886e-07
2022-11-29,17,AR1 alpha + Enhanced + One-Step,NYSE:CE,1.2948649927392866e-07
2022-11-30,17,AR1 alpha + Enhanced + One-Step,NYSE:CE,8.283109617700217e-08
2022-12-01,17,AR1 alpha + Enhanced + One-Step,NYSE:CE,0.0
2022-12-02,17,AR1 alpha + Enhanced + One-Step,NYSE:CE,5.467845904029364e-08
2022-12-05,17,AR1 alpha + Enhanced + One-Step,NYSE:CE,0.0
2022-12-06,17,AR1 alpha + Enhanced + One-Step,NYSE:CE,0.0
2022-12-07,17,AR1 alpha + Enhanced + One-Step,NYSE:CE,0.0
2022-12-08,17,AR1 alpha + Enhanced + One-Step,NYSE:CE,0.0
2022-12-09,17,AR1 alpha + Enhanced + One-Step,NYSE:CE,0.0
2022-12-12,17,AR1 alpha + Enhanced + One-Step,NYSE:CE,0.0
2022-12-13,17,AR1 alpha + Enhanced + One-Step,NYSE:CE,0.0
2022-12-14,17,AR1 alpha + Enhanced + One-Step,NYSE:CE,0.0
2022-12-15,17,AR1 alpha + Enhanced + One-Step,NYSE:CE,0.0
2022-12-16,17,AR1 alpha + Enhanced + One-Step,NYSE:CE,0.0
2022-12-19,17,AR1 alpha + Enhanced + One-Step,NYSE:CE,0.0
2022-12-20,17,AR1 alpha + Enhanced + One-Step,NYSE:CE,0.0
2022-12-21,17,AR1 alpha + Enhanced + One-Step,NYSE:CE,0.0
2022-12-22,17,AR1 alpha + Enhanced + One-Step,NYSE:CE,0.0
2022-12-23,17,AR1 alpha + Enhanced + One-Step,NYSE:CE,1.1190539697273627e-08
2022-12-27,17,AR1 alpha + Enhanced + One-Step,NYSE:CE,1.5738066402829113e-08
2022-12-28,17,AR1 alpha + Enhanced + One-Step,NYSE:CE,0.0
2022-12-29,17,AR1 alpha + Enhanced + One-Step,NYSE:CE,0.0
2022-12-30,17,AR1 alpha + Enhanced + One-Step,NYSE:CE,2.902580444999203e-09
2023-01-03,17,AR1 alpha + Enhanced + One-Step,NYSE:CE,7.654501136439167e-09
2023-01-04,17,AR1 alpha + Enhanced + One-Step,NYSE:CE,0.0
2023-01-05,17,AR1 alpha + Enhanced + One-Step,NYSE:CE,4.6078060032956795e-07
2023-01-06,17,AR1 alpha + Enhanced + One-Step,NYSE:CE,1.8643833515970252e-07
2023-01-09,17,AR1 alpha + Enhanced + One-Step,NYSE:CE,0.0
2023-01-10,17,AR1 alpha + Enhanced + One-Step,NYSE:CE,8.029299283833405e-08
2023-01-11,17,AR1 alpha + Enhanced + One-Step,NYSE:CE,0.0
2023-01-12,17,AR1 alpha + Enhanced + One-Step,NYSE:CE,0.0
2023-01-13,17,AR1 alpha + Enhanced + One-Step,NYSE:CE,0.0
2023-01-17,17,AR1 alpha + Enhanced + One-Step,NYSE:CE,0.0
2023-01-18,17,AR1 alpha + Enhanced + One-Step,NYSE:CE,1.9796664637110086e-07
2023-01-19,17,AR1 alpha + Enhanced + One-Step,NYSE:CE,0.0
2023-01-20,17,AR1 alpha + Enhanced + One-Step,NYSE:CE,0.0
2023-01-23,17,AR1 alpha + Enhanced + One-Step,NYSE:CE,0.0
2023-01-24,17,AR1 alpha + Enhanced + One-Step,NYSE:CE,1.732954592397872e-08
2023-01-25,17,AR1 alpha + Enhanced + One-Step,NYSE:CE,1.8988785990406535e-08
2023-01-26,17,AR1 alpha + Enhanced + One-Step,NYSE:CE,0.0
2023-01-27,17,AR1 alpha + Enhanced + One-Step,NYSE:CE,0.0
2023-01-30,17,AR1 alpha + Enhanced + One-Step,NYSE:CE,5.744748277408526e-08
2023-01-31,17,AR1 alpha + Enhanced + One-Step,NYSE:CE,0.0
2023-02-01,17,AR1 alpha + Enhanced + One-Step,NYSE:CE,0.0
2023-02-02,17,AR1 alpha + Enhanced + One-Step,NYSE:CE,8.106557489954243e-07
2023-02-03,17,AR1 alpha + Enhanced + One-Step,NYSE:CE,4.731715257757732e-07
2023-02-06,17,AR1 alpha + Enhanced + One-Step,NYSE:CE,5.029918059567136e-07
2023-02-07,17,AR1 alpha + Enhanced + One-Step,NYSE:CE,1.867085495208128e-06
2023-02-08,17,AR1 alpha + Enhanced + One-Step,NYSE:CE,8.651387469537419e-07
2023-02-09,17,AR1 alpha + Enhanced + One-Step,NYSE:CE,4.285532259997642e-07
2023-02-10,17,AR1 alpha + Enhanced + One-Step,NYSE:CE,0.0
2023-02-13,17,AR1 alpha + Enhanced + One-Step,NYSE:CE,0.0
2023-02-14,17,AR1 alpha + Enhanced + One-Step,NYSE:CE,1.0177822127344448e-06
2023-02-15,17,AR1 alpha + Enhanced + One-Step,NYSE:CE,6.326310045033273e-07
2023-02-16,17,AR1 alpha + Enhanced + One-Step,NYSE:CE,0.0
2023-02-17,17,AR1 alpha + Enhanced + One-Step,NYSE:CE,0.0
2023-02-21,17,AR1 alpha + Enhanced + One-Step,NYSE:CE,0.0
2023-02-22,17,AR1 alpha + Enhanced + One-Step,NYSE:CE,0.0
2023-02-23,17,AR1 alpha + Enhanced + One-Step,NYSE:CE,0.0
2023-02-24,17,AR1 alpha + Enhanced + One-Step,NYSE:CE,1.7489155530622373e-06
2023-02-27,17,AR1 alpha + Enhanced + One-Step,NYSE:CE,1.1569739989776037e-06
2023-02-28,17,AR1 alpha + Enhanced + One-Step,NYSE:CE,1.2608462607664638e-06
2023-03-01,17,AR1 alpha + Enhanced + One-Step,NYSE:CE,6.163471518743451e-07
2023-03-02,17,AR1 alpha + Enhanced + One-Step,NYSE:CE,0.0
2023-03-03,17,AR1 alpha + Enhanced + One-Step,NYSE:CE,0.0
2023-03-06,17,AR1 alpha + Enhanced + One-Step,NYSE:CE,0.0
2023-03-07,17,AR1 alpha + Enhanced + One-Step,NYSE:CE,0.0
2023-03-08,17,AR1 alpha + Enhanced + One-Step,NYSE:CE,0.0
2023-03-09,17,AR1 alpha + Enhanced + One-Step,NYSE:CE,0.0
2023-03-10,17,AR1 alpha + Enhanced + One-Step,NYSE:CE,0.0
2023-03-13,17,AR1 alpha + Enhanced + One-Step,NYSE:CE,0.0
2023-03-14,17,AR1 alpha + Enhanced + One-Step,NYSE:CE,5.739948002037574e-09
2023-03-15,17,AR1 alpha + Enhanced + One-Step,NYSE:CE,0.0
2023-03-16,17,AR1 alpha + Enhanced + One-Step,NYSE:CE,4.358668160173772e-09
2023-03-17,17,AR1 alpha + Enhanced + One-Step,NYSE:CE,0.0
2023-03-20,17,AR1 alpha + Enhanced + One-Step,NYSE:CE,0.0
2023-03-21,17,AR1 alpha + Enhanced + One-Step,NYSE:CE,0.0
2023-03-22,17,AR1 alpha + Enhanced + One-Step,NYSE:CE,0.0
2023-03-23,17,AR1 alpha + Enhanced + One-Step,NYSE:CE,0.0
2023-03-24,17,AR1 alpha + Enhanced + One-Step,NYSE:CE,0.0
2023-03-27,17,AR1 alpha + Enhanced + One-Step,NYSE:CE,0.0
2023-03-28,17,AR1 alpha + Enhanced + One-Step,NYSE:CE,0.0
2023-03-29,17,AR1 alpha + Enhanced + One-Step,NYSE:CE,8.003405008840378e-09
2023-03-30,17,AR1 alpha + Enhanced + One-Step,NYSE:CE,1.9842558968547995e-08
2023-03-31,17,AR1 alpha + Enhanced + One-Step,NYSE:CE,1.2040469230285774e-07
2023-04-03,17,AR1 alpha + Enhanced + One-Step,NYSE:CE,0.0
2023-04-04,17,AR1 alpha + Enhanced + One-Step,NYSE:CE,0.0
2023-04-05,17,AR1 alpha + Enhanced + One-Step,NYSE:CE,0.0
2023-04-06,17,AR1 alpha + Enhanced + One-Step,NYSE:CE,9.296162429453311e-08
2023-04-10,17,AR1 alpha + Enhanced + One-Step,NYSE:CE,6.584644795904799e-07
2023-04-11,17,AR1 alpha + Enhanced + One-Step,NYSE:CE,0.0
2023-04-12,17,AR1 alpha + Enhanced + One-Step,NYSE:CE,0.0
2023-04-13,17,AR1 alpha + Enhanced + One-Step,NYSE:CE,0.0
2023-04-14,17,AR1 alpha + Enhanced + One-Step,NYSE:CE,0.0
2023-04-17,17,AR1 alpha + Enhanced + One-Step,NYSE:CE,9.865229189755675e-08
2023-04-18,17,AR1 alpha + Enhanced + One-Step,NYSE:CE,0.0
2023-04-19,17,AR1 alpha + Enhanced + One-Step,NYSE:CE,0.0
2023-04-20,17,AR1 alpha + Enhanced + One-Step,NYSE:CE,2.8347780756164192e-08
2023-04-21,17,AR1 alpha + Enhanced + One-Step,NYSE:CE,0.0
2023-04-24,17,AR1 alpha + Enhanced + One-Step,NYSE:CE,0.0
2023-04-25,17,AR1 alpha + Enhanced + One-Step,NYSE:CE,0.0
2023-04-26,17,AR1 alpha + Enhanced + One-Step,NYSE:CE,0.0
2023-04-27,17,AR1 alpha + Enhanced + One-Step,NYSE:CE,0.0
2023-04-28,17,AR1 alpha + Enhanced + One-Step,NYSE:CE,1.9672077762556135e-08
2023-05-01,17,AR1 alpha + Enhanced + One-Step,NYSE:CE,1.4262635092252992e-07
2023-05-02,17,AR1 alpha + Enhanced + One-Step,NYSE:CE,1.7928437505359618e-07
2023-05-03,17,AR1 alpha + Enhanced + One-Step,NYSE:CE,0.0
2023-05-04,17,AR1 alpha + Enhanced + One-Step,NYSE:CE,0.0
2023-05-05,17,AR1 alpha + Enhanced + One-Step,NYSE:CE,0.0
2023-05-08,17,AR1 alpha + Enhanced + One-Step,NYSE:CE,6.165570758420538e-08
2023-05-09,17,AR1 alpha + Enhanced + One-Step,NYSE:CE,3.0711916348289593e-09
2023-05-10,17,AR1 alpha + Enhanced + One-Step,NYSE:CE,6.924135653020065e-07
2023-05-11,17,AR1 alpha + Enhanced + One-Step,NYSE:CE,3.807416417407242e-07
2023-05-12,17,AR1 alpha + Enhanced + One-Step,NYSE:CE,5.94261707168061e-07
2023-05-15,17,AR1 alpha + Enhanced + One-Step,NYSE:CE,4.39165874118455e-07
2023-05-16,17,AR1 alpha + Enhanced + One-Step,NYSE:CE,3.854673643117842e-07
2023-05-17,17,AR1 alpha + Enhanced + One-Step,NYSE:CE,1.0927116912230165e-07
2023-05-18,17,AR1 alpha + Enhanced + One-Step,NYSE:CE,1.6549615929647598e-06
2023-05-19,17,AR1 alpha + Enhanced + One-Step,NYSE:CE,6.698710147144544e-07
2023-05-22,17,AR1 alpha + Enhanced + One-Step,NYSE:CE,3.7534091672971535e-07
2023-05-23,17,AR1 alpha + Enhanced + One-Step,NYSE:CE,0.0
2023-05-24,17,AR1 alpha + Enhanced + One-Step,NYSE:CE,0.0
2023-05-25,17,AR1 alpha + Enhanced + One-Step,NYSE:CE,0.0
2023-05-26,17,AR1 alpha + Enhanced + One-Step,NYSE:CE,1.779568782932684e-07
2023-05-30,17,AR1 alpha + Enhanced + One-Step,NYSE:CE,1.5492467856040297e-07
2023-05-31,17,AR1 alpha + Enhanced + One-Step,NYSE:CE,0.0
2023-06-01,17,AR1 alpha + Enhanced + One-Step,NYSE:CE,0.0
2023-06-02,17,AR1 alpha + Enhanced + One-Step,NYSE:CE,0.0
2023-06-05,17,AR1 alpha + Enhanced + One-Step,NYSE:CE,0.0
2023-06-06,17,AR1 alpha + Enhanced + One-Step,NYSE:CE,1.5575001780012385e-06
2023-06-07,17,AR1 alpha + Enhanced + One-Step,NYSE:CE,5.473713291993452e-07
2023-06-08,17,AR1 alpha + Enhanced + One-Step,NYSE:CE,1.4925206727136836e-07
2023-06-09,17,AR1 alpha + Enhanced + One-Step,NYSE:CE,0.0
2023-06-12,17,AR1 alpha + Enhanced + One-Step,NYSE:CE,0.0
2023-06-13,17,AR1 alpha + Enhanced + One-Step,NYSE:CE,0.0
2023-06-14,17,AR1 alpha + Enhanced + One-Step,NYSE:CE,0.0
2023-06-15,17,AR1 alpha + Enhanced + One-Step,NYSE:CE,0.0
2023-06-16,17,AR1 alpha + Enhanced + One-Step,NYSE:CE,0.0
2023-06-20,17,AR1 alpha + Enhanced + One-Step,NYSE:CE,0.0
2023-06-21,17,AR1 alpha + Enhanced + One-Step,NYSE:CE,0.0
2023-06-22,17,AR1 alpha + Enhanced + One-Step,NYSE:CE,0.0
2023-06-23,17,AR1 alpha + Enhanced + One-Step,NYSE:CE,0.0
2023-06-26,17,AR1 alpha + Enhanced + One-Step,NYSE:CE,0.0
2023-06-27,17,AR1 alpha + Enhanced + One-Step,NYSE:CE,0.0
2023-06-28,17,AR1 alpha + Enhanced + One-Step,NYSE:CE,0.0
2023-06-29,17,AR1 alpha + Enhanced + One-Step,NYSE:CE,0.0
2023-06-30,17,AR1 alpha + Enhanced + One-Step,NYSE:CE,0.0
2023-07-03,17,AR1 alpha + Enhanced + One-Step,NYSE:CE,0.0
2023-07-05,17,AR1 alpha + Enhanced + One-Step,NYSE:CE,0.0
2023-07-06,17,AR1 alpha + Enhanced + One-Step,NYSE:CE,0.0
2023-07-07,17,AR1 alpha + Enhanced + One-Step,NYSE:CE,0.0
2023-07-10,17,AR1 alpha + Enhanced + One-Step,NYSE:CE,3.334235398538163e-08
2023-07-11,17,AR1 alpha + Enhanced + One-Step,NYSE:CE,0.0
2023-07-12,17,AR1 alpha + Enhanced + One-Step,NYSE:CE,8.261510047962408e-08
2023-07-13,17,AR1 alpha + Enhanced + One-Step,NYSE:CE,0.0
2023-07-14,17,AR1 alpha + Enhanced + One-Step,NYSE:CE,0.0
2023-07-17,17,AR1 alpha + Enhanced + One-Step,NYSE:CE,0.0
2023-07-18,17,AR1 alpha + Enhanced + One-Step,NYSE:CE,3.508014179862178e-07
2023-07-19,17,AR1 alpha + Enhanced + One-Step,NYSE:CE,0.0
2023-07-20,17,AR1 alpha + Enhanced + One-Step,NYSE:CE,0.0
2023-07-21,17,AR1 alpha + Enhanced + One-Step,NYSE:CE,0.0
2023-07-24,17,AR1 alpha + Enhanced + One-Step,NYSE:CE,0.0
2023-07-25,17,AR1 alpha + Enhanced + One-Step,NYSE:CE,0.0
2023-07-26,17,AR1 alpha + Enhanced + One-Step,NYSE:CE,0.0
2023-07-27,17,AR1 alpha + Enhanced + One-Step,NYSE:CE,0.0
2023-08-01,17,AR1 alpha + Enhanced + One-Step,NYSE:CE,0.0
2023-08-02,17,AR1 alpha + Enhanced + One-Step,NYSE:CE,0.0
2023-08-03,17,AR1 alpha + Enhanced + One-Step,NYSE:CE,8.04624618074814e-08
2023-08-04,17,AR1 alpha + Enhanced + One-Step,NYSE:CE,2.1006699923907368e-06
2023-08-07,17,AR1 alpha + Enhanced + One-Step,NYSE:CE,1.0810952932283665e-06
2023-08-08,17,AR1 alpha + Enhanced + One-Step,NYSE:CE,5.936319838784547e-07
2023-08-09,17,AR1 alpha + Enhanced + One-Step,NYSE:CE,0.0
2023-08-10,17,AR1 alpha + Enhanced + One-Step,NYSE:CE,0.0
2023-08-11,17,AR1 alpha + Enhanced + One-Step,NYSE:CE,0.0
2023-08-14,17,AR1 alpha + Enhanced + One-Step,NYSE:CE,0.0
2023-08-15,17,AR1 alpha + Enhanced + One-Step,NYSE:CE,0.0
2023-08-16,17,AR1 alpha + Enhanced + One-Step,NYSE:CE,0.0
2023-08-17,17,AR1 alpha + Enhanced + One-Step,NYSE:CE,0.0
2023-08-18,17,AR1 alpha + Enhanced + One-Step,NYSE:CE,0.0
2023-08-21,17,AR1 alpha + Enhanced + One-Step,NYSE:CE,0.0
2023-08-22,17,AR1 alpha + Enhanced + One-Step,NYSE:CE,0.0
2023-08-23,17,AR1 alpha + Enhanced + One-Step,NYSE:CE,0.0
2023-08-24,17,AR1 alpha + Enhanced + One-Step,NYSE:CE,0.0
2023-08-25,17,AR1 alpha + Enhanced + One-Step,NYSE:CE,0.0
2023-08-28,17,AR1 alpha + Enhanced + One-Step,NYSE:CE,0.0
2023-08-29,17,AR1 alpha + Enhanced + One-Step,NYSE:CE,1.1626107339831336e-07
2023-08-30,17,AR1 alpha + Enhanced + One-Step,NYSE:CE,2.4476212249549394e-07
2023-08-31,17,AR1 alpha + Enhanced + One-Step,NYSE:CE,2.631930405255192e-07
2023-09-01,17,AR1 alpha + Enhanced + One-Step,NYSE:CE,1.6965568700923612e-07
2023-09-05,17,AR1 alpha + Enhanced + One-Step,NYSE:CE,0.0
2023-09-06,17,AR1 alpha + Enhanced + One-Step,NYSE:CE,0.0
2023-09-07,17,AR1 alpha + Enhanced + One-Step,NYSE:CE,1.6514643184762385e-08
2023-09-08,17,AR1 alpha + Enhanced + One-Step,NYSE:CE,0.0
2023-09-11,17,AR1 alpha + Enhanced + One-Step,NYSE:CE,1.0366370592778733e-07
2023-09-12,17,AR1 alpha + Enhanced + One-Step,NYSE:CE,1.7148118810406702e-07
2023-09-13,17,AR1 alpha + Enhanced + One-Step,NYSE:CE,0.0
2023-09-14,17,AR1 alpha + Enhanced + One-Step,NYSE:CE,5.074223429089689e-08
2023-09-15,17,AR1 alpha + Enhanced + One-Step,NYSE:CE,2.1702409746807372e-07
2023-09-18,17,AR1 alpha + Enhanced + One-Step,NYSE:CE,1.176002598643488e-07
2023-09-19,17,AR1 alpha + Enhanced + One-Step,NYSE:CE,9.318109537946363e-08
2023-09-20,17,AR1 alpha + Enhanced + One-Step,NYSE:CE,7.49650503047931e-08
2023-09-21,17,AR1 alpha + Enhanced + One-Step,NYSE:CE,1.0356253918821192e-07
2023-09-22,17,AR1 alpha + Enhanced + One-Step,NYSE:CE,8.038212582178894e-08
2023-09-25,17,AR1 alpha + Enhanced + One-Step,NYSE:CE,0.0
2023-09-26,17,AR1 alpha + Enhanced + One-Step,NYSE:CE,0.0
2023-09-27,17,AR1 alpha + Enhanced + One-Step,NYSE:CE,2.3340428291158406e-09
2023-09-28,17,AR1 alpha + Enhanced + One-Step,NYSE:CE,0.0
2023-09-29,17,AR1 alpha + Enhanced + One-Step,NYSE:CE,0.0
2023-10-02,17,AR1 alpha + Enhanced + One-Step,NYSE:CE,0.0
2023-10-03,17,AR1 alpha + Enhanced + One-Step,NYSE:CE,0.0
2023-10-04,17,AR1 alpha + Enhanced + One-Step,NYSE:CE,0.0
2023-10-05,17,AR1 alpha + Enhanced + One-Step,NYSE:CE,0.0
2023-10-06,17,AR1 alpha + Enhanced + One-Step,NYSE:CE,0.0
2023-10-09,17,AR1 alpha + Enhanced + One-Step,NYSE:CE,0.0
2023-10-10,17,AR1 alpha + Enhanced + One-Step,NYSE:CE,1.969770514873176e-07
2023-10-11,17,AR1 alpha + Enhanced + One-Step,NYSE:CE,1.6760380436535445e-07
2023-10-12,17,AR1 alpha + Enhanced + One-Step,NYSE:CE,1.241617496832472e-07
2023-10-13,17,AR1 alpha + Enhanced + One-Step,NYSE:CE,1.0192819863690058e-07
2023-10-16,17,AR1 alpha + Enhanced + One-Step,NYSE:CE,9.392393738964524e-08
2023-10-17,17,AR1 alpha + Enhanced + One-Step,NYSE:CE,0.0
2023-10-18,17,AR1 alpha + Enhanced + One-Step,NYSE:CE,1.2717542894990742e-07
2023-10-19,17,AR1 alpha + Enhanced + One-Step,NYSE:CE,5.874977880958975e-08
2023-10-20,17,AR1 alpha + Enhanced + One-Step,NYSE:CE,7.51539384580201e-08
2023-10-23,17,AR1 alpha + Enhanced + One-Step,NYSE:CE,0.0
2023-10-24,17,AR1 alpha + Enhanced + One-Step,NYSE:CE,8.847719302739994e-09
2023-10-25,17,AR1 alpha + Enhanced + One-Step,NYSE:CE,0.0
2023-10-26,17,AR1 alpha + Enhanced + One-Step,NYSE:CE,0.0
2023-10-27,17,AR1 alpha + Enhanced + One-Step,NYSE:CE,0.0
2023-10-30,17,AR1 alpha + Enhanced + One-Step,NYSE:CE,2.35593601065272e-07
2023-10-31,17,AR1 alpha + Enhanced + One-Step,NYSE:CE,2.8662807258297176e-07
2023-11-01,17,AR1 alpha + Enhanced + One-Step,NYSE:CE,8.405817127273453e-08
2023-11-02,17,AR1 alpha + Enhanced + One-Step,NYSE:CE,1.6635327905591622e-06
2023-11-03,17,AR1 alpha + Enhanced + One-Step,NYSE:CE,1.1838797504231673e-06
2023-11-06,17,AR1 alpha + Enhanced + One-Step,NYSE:CE,8.716287432775283e-07
2023-11-07,17,AR1 alpha + Enhanced + One-Step,NYSE:CE,0.0
2023-11-08,17,AR1 alpha + Enhanced + One-Step,NYSE:CE,0.0
2023-11-09,17,AR1 alpha + Enhanced + One-Step,NYSE:CE,4.762224279596473e-08
2023-11-10,17,AR1 alpha + Enhanced + One-Step,NYSE:CE,0.0
2023-11-13,17,AR1 alpha + Enhanced + One-Step,NYSE:CE,1.3267804381229283e-07
2023-11-14,17,AR1 alpha + Enhanced + One-Step,NYSE:CE,0.0
2023-11-15,17,AR1 alpha + Enhanced + One-Step,NYSE:CE,0.0
2023-11-16,17,AR1 alpha + Enhanced + One-Step,NYSE:CE,0.004590748721628452
2023-11-17,17,AR1 alpha + Enhanced + One-Step,NYSE:CE,0.014007707417319116
2023-11-20,17,AR1 alpha + Enhanced + One-Step,NYSE:CE,0.018639479401852687
2023-11-21,17,AR1 alpha + Enhanced + One-Step,NYSE:CE,0.018639529825754078
2023-11-22,17,AR1 alpha + Enhanced + One-Step,NYSE:CE,0.018639471272141273
2023-11-24,17,AR1 alpha + Enhanced + One-Step,NYSE:CE,0.022358107666485452
2023-11-27,17,AR1 alpha + Enhanced + One-Step,NYSE:CE,0.022357898022907084
2023-11-28,17,AR1 alpha + Enhanced + One-Step,NYSE:CE,0.022358001190983873
2023-11-29,17,AR1 alpha + Enhanced + One-Step,NYSE:CE,0.022356877885867946
2023-11-30,17,AR1 alpha + Enhanced + One-Step,NYSE:CE,0.022356156563840202
2023-12-01,17,AR1 alpha + Enhanced + One-Step,NYSE:CE,0.02748006145704531
2023-12-04,17,AR1 alpha + Enhanced + One-Step,NYSE:CE,0.030368932482279398
2023-12-05,17,AR1 alpha + Enhanced + One-Step,NYSE:CE,0.03036811885870364
2023-12-06,17,AR1 alpha + Enhanced + One-Step,NYSE:CE,0.030368166026343096
2023-12-07,17,AR1 alpha + Enhanced + One-Step,NYSE:CE,0.030368174754206227
2023-12-08,17,AR1 alpha + Enhanced + One-Step,NYSE:CE,0.02650251693786377
2023-12-11,17,AR1 alpha + Enhanced + One-Step,NYSE:CE,0.02211574144399012
2023-12-12,17,AR1 alpha + Enhanced + One-Step,NYSE:CE,0.009965284738549171
2023-12-13,17,AR1 alpha + Enhanced + One-Step,NYSE:CE,0.009965674407509607
2023-12-14,17,AR1 alpha + Enhanced + One-Step,NYSE:CE,0.009965626656326254
2023-12-15,17,AR1 alpha + Enhanced + One-Step,NYSE:CE,0.009964969878235221
2023-12-18,17,AR1 alpha + Enhanced + One-Step,NYSE:CE,0.012508733244597427
2023-12-19,17,AR1 alpha + Enhanced + One-Step,NYSE:CE,0.01789745134692282
2023-12-20,17,AR1 alpha + Enhanced + One-Step,NYSE:CE,0.017902159664519385
2023-12-21,17,AR1 alpha + Enhanced + One-Step,NYSE:CE,0.02671095091561446
2023-12-22,17,AR1 alpha + Enhanced + One-Step,NYSE:CE,0.0359128649466235
2023-12-26,17,AR1 alpha + Enhanced + One-Step,NYSE:CE,0.037173853302283295
2023-12-27,17,AR1 alpha + Enhanced + One-Step,NYSE:CE,0.046553566480118075
2023-12-28,17,AR1 alpha + Enhanced + One-Step,NYSE:CE,0.04778976628876106
2023-12-29,17,AR1 alpha + Enhanced + One-Step,NYSE:CE,0.04186884719848295
2024-01-02,17,AR1 alpha + Enhanced + One-Step,NYSE:CE,0.03355395529541515
2024-01-03,17,AR1 alpha + Enhanced + One-Step,NYSE:CE,0.02972294661486663
2024-01-04,17,AR1 alpha + Enhanced + One-Step,NYSE:CE,0.024057286661660144
2024-01-05,17,AR1 alpha + Enhanced + One-Step,NYSE:CE,0.02405744168872444
2024-01-08,17,AR1 alpha + Enhanced + One-Step,NYSE:CE,0.024057711136464828
2024-01-09,17,AR1 alpha + Enhanced + One-Step,NYSE:CE,0.020947575046506264
2024-01-10,17,AR1 alpha + Enhanced + One-Step,NYSE:CE,0.01210594771382998
2024-01-11,17,AR1 alpha + Enhanced + One-Step,NYSE:CE,0.0
2024-01-12,17,AR1 alpha + Enhanced + One-Step,NYSE:CE,7.350887946843991e-08
2024-01-16,17,AR1 alpha + Enhanced + One-Step,NYSE:CE,0.0
2024-01-17,17,AR1 alpha + Enhanced + One-Step,NYSE:CE,0.0
2024-01-18,17,AR1 alpha + Enhanced + One-Step,NYSE:CE,0.0
2024-01-19,17,AR1 alpha + Enhanced + One-Step,NYSE:CE,0.0
2024-01-22,17,AR1 alpha + Enhanced + One-Step,NYSE:CE,0.0
2024-01-23,17,AR1 alpha + Enhanced + One-Step,NYSE:CE,0.0
2024-01-24,17,AR1 alpha + Enhanced + One-Step,NYSE:CE,0.0
2024-01-25,17,AR1 alpha + Enhanced + One-Step,NYSE:CE,1.7179737141024064e-09
2024-01-26,17,AR1 alpha + Enhanced + One-Step,NYSE:CE,0.0
2024-01-29,17,AR1 alpha + Enhanced + One-Step,NYSE:CE,5.355752815639807e-07
2024-01-30,17,AR1 alpha + Enhanced + One-Step,NYSE:CE,4.3157527240302945e-07
2024-01-31,17,AR1 alpha + Enhanced + One-Step,NYSE:CE,9.435516251788112e-08
2024-02-01,17,AR1 alpha + Enhanced + One-Step,NYSE:CE,1.9921769203185463e-07
2024-02-02,17,AR1 alpha + Enhanced + One-Step,NYSE:CE,0.0
2024-02-05,17,AR1 alpha + Enhanced + One-Step,NYSE:CE,0.0
2024-02-06,17,AR1 alpha + Enhanced + One-Step,NYSE:CE,0.0
2024-02-07,17,AR1 alpha + Enhanced + One-Step,NYSE:CE,5.577157110361503e-09
2024-02-08,17,AR1 alpha + Enhanced + One-Step,NYSE:CE,0.0
2024-02-09,17,AR1 alpha + Enhanced + One-Step,NYSE:CE,0.0
2024-02-12,17,AR1 alpha + Enhanced + One-Step,NYSE:CE,0.0
2024-02-13,17,AR1 alpha + Enhanced + One-Step,NYSE:CE,0.0
2024-02-14,17,AR1 alpha + Enhanced + One-Step,NYSE:CE,2.332524062171059e-07
2024-02-15,17,AR1 alpha + Enhanced + One-Step,NYSE:CE,3.013055075642087e-07
2024-02-16,17,AR1 alpha + Enhanced + One-Step,NYSE:CE,5.180563007136424e-07
2024-02-20,17,AR1 alpha + Enhanced + One-Step,NYSE:CE,5.158385498861175e-07
2024-02-21,17,AR1 alpha + Enhanced + One-Step,NYSE:CE,0.0
2024-02-22,17,AR1 alpha + Enhanced + One-Step,NYSE:CE,0.0
2024-02-23,17,AR1 alpha + Enhanced + One-Step,NYSE:CE,1.1076826787233215e-07
2024-02-26,17,AR1 alpha + Enhanced + One-Step,NYSE:CE,0.0
2024-02-27,17,AR1 alpha + Enhanced + One-Step,NYSE:CE,0.0
2024-02-28,17,AR1 alpha + Enhanced + One-Step,NYSE:CE,0.0
2024-02-29,17,AR1 alpha + Enhanced + One-Step,NYSE:CE,3.26208712619957e-09
2024-03-01,17,AR1 alpha + Enhanced + One-Step,NYSE:CE,7.799896732425145e-08
2024-03-04,17,AR1 alpha + Enhanced + One-Step,NYSE:CE,0.0
2024-03-05,17,AR1 alpha + Enhanced + One-Step,NYSE:CE,0.0
2024-03-06,17,AR1 alpha + Enhanced + One-Step,NYSE:CE,0.0
2024-03-07,17,AR1 alpha + Enhanced + One-Step,NYSE:CE,0.0
2024-03-08,17,AR1 alpha + Enhanced + One-Step,NYSE:CE,0.0
2024-03-11,17,AR1 alpha + Enhanced + One-Step,NYSE:CE,0.0
2024-03-12,17,AR1 alpha + Enhanced + One-Step,NYSE:CE,1.1079023503072901e-07
2024-03-13,17,AR1 alpha + Enhanced + One-Step,NYSE:CE,0.0
2024-03-14,17,AR1 alpha + Enhanced + One-Step,NYSE:CE,0.0
2024-03-15,17,AR1 alpha + Enhanced + One-Step,NYSE:CE,1.4406074576010255e-07
2024-03-18,17,AR1 alpha + Enhanced + One-Step,NYSE:CE,0.0
2024-03-19,17,AR1 alpha + Enhanced + One-Step,NYSE:CE,0.0
2024-03-20,17,AR1 alpha + Enhanced + One-Step,NYSE:CE,6.366523263850129e-08
2024-03-21,17,AR1 alpha + Enhanced + One-Step,NYSE:CE,1.1413242672035993e-07
2024-03-22,17,AR1 alpha + Enhanced + One-Step,NYSE:CE,0.00882996337208979
2024-03-25,17,AR1 alpha + Enhanced + One-Step,NYSE:CE,0.01771148454476007
2024-03-26,17,AR1 alpha + Enhanced + One-Step,NYSE:CE,0.03116202455116774
2024-03-27,17,AR1 alpha + Enhanced + One-Step,NYSE:CE,0.05191602630226529
2024-03-28,17,AR1 alpha + Enhanced + One-Step,NYSE:CE,0.0606701937387698
2024-04-01,17,AR1 alpha + Enhanced + One-Step,NYSE:CE,0.06839475840827383
2024-04-02,17,AR1 alpha + Enhanced + One-Step,NYSE:CE,0.08735334173561905
2024-04-03,17,AR1 alpha + Enhanced + One-Step,NYSE:CE,0.09999313913034623
2024-04-04,17,AR1 alpha + Enhanced + One-Step,NYSE:CE,0.09999462732433372
2024-04-05,17,AR1 alpha + Enhanced + One-Step,NYSE:CE,0.09999641340097996
2024-04-08,17,AR1 alpha + Enhanced + One-Step,NYSE:CE,0.09999812667518314
2024-04-09,17,AR1 alpha + Enhanced + One-Step,NYSE:CE,0.09999800984472908
2024-04-10,17,AR1 alpha + Enhanced + One-Step,NYSE:CE,0.0999982104603129
2024-04-11,17,AR1 alpha + Enhanced + One-Step,NYSE:CE,0.09999810018602644
2024-04-12,17,AR1 alpha + Enhanced + One-Step,NYSE:CE,0.09999855142145128
2024-04-15,17,AR1 alpha + Enhanced + One-Step,NYSE:CE,0.09999664099467302
2024-04-16,17,AR1 alpha + Enhanced + One-Step,NYSE:CE,0.09999370296016455
2024-04-17,17,AR1 alpha + Enhanced + One-Step,NYSE:CE,0.09999539066468613
2024-04-18,17,AR1 alpha + Enhanced + One-Step,NYSE:CE,0.09999655763190628
2024-04-19,17,AR1 alpha + Enhanced + One-Step,NYSE:CE,0.09999483893247686
2020-03-25,17,AR1 alpha + Enhanced + One-Step,NASDAQ:SFM,0.020000000000007227
2020-03-26,17,AR1 alpha + Enhanced + One-Step,NASDAQ:SFM,0.02000000000001305
2020-03-27,17,AR1 alpha + Enhanced + One-Step,NASDAQ:SFM,0.019999981927402773
2020-03-30,17,AR1 alpha + Enhanced + One-Step,NASDAQ:SFM,0.020001128824853987
2020-03-31,17,AR1 alpha + Enhanced + One-Step,NASDAQ:SFM,0.020003127552788068
2020-04-01,17,AR1 alpha + Enhanced + One-Step,NASDAQ:SFM,0.020003234739161158
2020-04-02,17,AR1 alpha + Enhanced + One-Step,NASDAQ:SFM,0.020001985078733537
2020-04-03,17,AR1 alpha + Enhanced + One-Step,NASDAQ:SFM,0.020003561352925817
2020-04-06,17,AR1 alpha + Enhanced + One-Step,NASDAQ:SFM,0.020004101584631243
2020-04-07,17,AR1 alpha + Enhanced + One-Step,NASDAQ:SFM,0.034909461032551936
2020-04-08,17,AR1 alpha + Enhanced + One-Step,NASDAQ:SFM,0.059912199352733675
2020-04-09,17,AR1 alpha + Enhanced + One-Step,NASDAQ:SFM,0.08491338146109643
2020-04-13,17,AR1 alpha + Enhanced + One-Step,NASDAQ:SFM,0.09999953065305454
2020-04-14,17,AR1 alpha + Enhanced + One-Step,NASDAQ:SFM,0.10000027658392044
2020-04-15,17,AR1 alpha + Enhanced + One-Step,NASDAQ:SFM,0.10000020511849797
2020-04-16,17,AR1 alpha + Enhanced + One-Step,NASDAQ:SFM,0.10000016338773228
2020-04-17,17,AR1 alpha + Enhanced + One-Step,NASDAQ:SFM,0.10000008756461409
2020-04-20,17,AR1 alpha + Enhanced + One-Step,NASDAQ:SFM,0.1000000028078132
2020-04-21,17,AR1 alpha + Enhanced + One-Step,NASDAQ:SFM,0.10000026769510278
2020-04-22,17,AR1 alpha + Enhanced + One-Step,NASDAQ:SFM,0.10000036871271929
2020-04-23,17,AR1 alpha + Enhanced + One-Step,NASDAQ:SFM,0.10000017091466419
2020-04-24,17,AR1 alpha + Enhanced + One-Step,NASDAQ:SFM,0.1000001722210376
2020-04-27,17,AR1 alpha + Enhanced + One-Step,NASDAQ:SFM,0.10000011187248149
2020-04-28,17,AR1 alpha + Enhanced + One-Step,NASDAQ:SFM,0.10000007135251947
2020-04-29,17,AR1 alpha + Enhanced + One-Step,NASDAQ:SFM,0.10000004341807325
2020-04-30,17,AR1 alpha + Enhanced + One-Step,NASDAQ:SFM,0.1000001017352728
2020-05-01,17,AR1 alpha + Enhanced + One-Step,NASDAQ:SFM,0.09999877619900568
2020-05-04,17,AR1 alpha + Enhanced + One-Step,NASDAQ:SFM,0.09999939834311822
2020-05-05,17,AR1 alpha + Enhanced + One-Step,NASDAQ:SFM,0.09999963251933558
2020-05-06,17,AR1 alpha + Enhanced + One-Step,NASDAQ:SFM,0.09999976575357251
2020-05-07,17,AR1 alpha + Enhanced + One-Step,NASDAQ:SFM,0.09999952659992195
2020-05-08,17,AR1 alpha + Enhanced + One-Step,NASDAQ:SFM,0.09999941531839326
2020-05-11,17,AR1 alpha + Enhanced + One-Step,NASDAQ:SFM,0.09999948389644164
2020-05-12,17,AR1 alpha + Enhanced + One-Step,NASDAQ:SFM,0.09999959634622523
2020-05-13,17,AR1 alpha + Enhanced + One-Step,NASDAQ:SFM,0.0999998287377617
2020-05-14,17,AR1 alpha + Enhanced + One-Step,NASDAQ:SFM,0.09999623966568857
2020-05-15,17,AR1 alpha + Enhanced + One-Step,NASDAQ:SFM,0.09999767835484427
2020-05-18,17,AR1 alpha + Enhanced + One-Step,NASDAQ:SFM,0.0999985969035052
2020-05-19,17,AR1 alpha + Enhanced + One-Step,NASDAQ:SFM,0.09999887423129773
2020-05-20,17,AR1 alpha + Enhanced + One-Step,NASDAQ:SFM,0.09999935730028851
2020-05-21,17,AR1 alpha + Enhanced + One-Step,NASDAQ:SFM,0.09999844031040662
2020-05-22,17,AR1 alpha + Enhanced + One-Step,NASDAQ:SFM,0.09999921058025452
2020-05-26,17,AR1 alpha + Enhanced + One-Step,NASDAQ:SFM,0.09999949445703954
2020-05-27,17,AR1 alpha + Enhanced + One-Step,NASDAQ:SFM,0.09999974258767738
2020-05-28,17,AR1 alpha + Enhanced + One-Step,NASDAQ:SFM,0.09999983927233017
2020-05-29,17,AR1 alpha + Enhanced + One-Step,NASDAQ:SFM,0.0999999004332464
2020-06-01,17,AR1 alpha + Enhanced + One-Step,NASDAQ:SFM,0.10000004033340897
2020-06-02,17,AR1 alpha + Enhanced + One-Step,NASDAQ:SFM,0.09999994478961652
2020-06-03,17,AR1 alpha + Enhanced + One-Step,NASDAQ:SFM,0.09999994670203917
2020-06-04,17,AR1 alpha + Enhanced + One-Step,NASDAQ:SFM,0.09999910370017552
2020-06-05,17,AR1 alpha + Enhanced + One-Step,NASDAQ:SFM,0.09999865592886574
2020-06-08,17,AR1 alpha + Enhanced + One-Step,NASDAQ:SFM,0.09999910460553527
2020-06-09,17,AR1 alpha + Enhanced + One-Step,NASDAQ:SFM,0.09999958740348901
2020-06-10,17,AR1 alpha + Enhanced + One-Step,NASDAQ:SFM,0.09999979482895018
2020-06-11,17,AR1 alpha + Enhanced + One-Step,NASDAQ:SFM,0.10000080716021932
2020-06-12,17,AR1 alpha + Enhanced + One-Step,NASDAQ:SFM,0.10000054557049774
2020-06-15,17,AR1 alpha + Enhanced + One-Step,NASDAQ:SFM,0.08640096966974428
2020-06-16,17,AR1 alpha + Enhanced + One-Step,NASDAQ:SFM,0.09801566483050247
2020-06-17,17,AR1 alpha + Enhanced + One-Step,NASDAQ:SFM,0.0892923477754089
2020-06-18,17,AR1 alpha + Enhanced + One-Step,NASDAQ:SFM,0.07553090114226142
2020-06-19,17,AR1 alpha + Enhanced + One-Step,NASDAQ:SFM,0.06612769996926741
2020-06-22,17,AR1 alpha + Enhanced + One-Step,NASDAQ:SFM,0.06665544352227819
2020-06-23,17,AR1 alpha + Enhanced + One-Step,NASDAQ:SFM,0.06665544898575626
2020-06-24,17,AR1 alpha + Enhanced + One-Step,NASDAQ:SFM,0.06665531800261904
2020-06-25,17,AR1 alpha + Enhanced + One-Step,NASDAQ:SFM,0.08801872628527457
2020-06-26,17,AR1 alpha + Enhanced + One-Step,NASDAQ:SFM,0.08801812135306292
2020-06-29,17,AR1 alpha + Enhanced + One-Step,NASDAQ:SFM,0.0999992471453698
2020-06-30,17,AR1 alpha + Enhanced + One-Step,NASDAQ:SFM,0.09999846237903023
2020-07-01,17,AR1 alpha + Enhanced + One-Step,NASDAQ:SFM,0.09999556434426203
2020-07-02,17,AR1 alpha + Enhanced + One-Step,NASDAQ:SFM,0.09999715687899968
2020-07-06,17,AR1 alpha + Enhanced + One-Step,NASDAQ:SFM,0.09999806348898206
2020-07-07,17,AR1 alpha + Enhanced + One-Step,NASDAQ:SFM,0.09999790952203638
2020-07-08,17,AR1 alpha + Enhanced + One-Step,NASDAQ:SFM,0.09999813933837852
2020-07-09,17,AR1 alpha + Enhanced + One-Step,NASDAQ:SFM,0.09213055330614103
2020-07-10,17,AR1 alpha + Enhanced + One-Step,NASDAQ:SFM,0.08082150278512194
2020-07-13,17,AR1 alpha + Enhanced + One-Step,NASDAQ:SFM,0.06989477700567331
2020-07-14,17,AR1 alpha + Enhanced + One-Step,NASDAQ:SFM,0.06989476428998018
2020-07-15,17,AR1 alpha + Enhanced + One-Step,NASDAQ:SFM,0.06989539939298933
2020-07-16,17,AR1 alpha + Enhanced + One-Step,NASDAQ:SFM,0.06989541199100026
2020-07-17,17,AR1 alpha + Enhanced + One-Step,NASDAQ:SFM,0.06989540681473143
2020-07-20,17,AR1 alpha + Enhanced + One-Step,NASDAQ:SFM,0.06989528705999458
2020-07-21,17,AR1 alpha + Enhanced + One-Step,NASDAQ:SFM,0.09458409939314903
2020-07-22,17,AR1 alpha + Enhanced + One-Step,NASDAQ:SFM,0.09603205263841665
2020-07-23,17,AR1 alpha + Enhanced + One-Step,NASDAQ:SFM,0.09603051613685153
2020-07-24,17,AR1 alpha + Enhanced + One-Step,NASDAQ:SFM,0.09602957234710306
2020-07-27,17,AR1 alpha + Enhanced + One-Step,NASDAQ:SFM,0.0960283568912662
2020-07-28,17,AR1 alpha + Enhanced + One-Step,NASDAQ:SFM,0.09602832537280405
2020-07-29,17,AR1 alpha + Enhanced + One-Step,NASDAQ:SFM,0.0960276765079819
2020-07-30,17,AR1 alpha + Enhanced + One-Step,NASDAQ:SFM,0.09602598929011945
2020-07-31,17,AR1 alpha + Enhanced + One-Step,NASDAQ:SFM,0.09602432021033842
2020-08-03,17,AR1 alpha + Enhanced + One-Step,NASDAQ:SFM,0.0960236329092392
2020-08-04,17,AR1 alpha + Enhanced + One-Step,NASDAQ:SFM,0.09602358658711956
2020-08-05,17,AR1 alpha + Enhanced + One-Step,NASDAQ:SFM,0.09602300413511812
2020-08-06,17,AR1 alpha + Enhanced + One-Step,NASDAQ:SFM,0.0960229089222402
2020-08-07,17,AR1 alpha + Enhanced + One-Step,NASDAQ:SFM,0.09602330773338706
2020-08-10,17,AR1 alpha + Enhanced + One-Step,NASDAQ:SFM,0.08023641345247685
2020-08-11,17,AR1 alpha + Enhanced + One-Step,NASDAQ:SFM,0.055235172430045144
2020-08-12,17,AR1 alpha + Enhanced + One-Step,NASDAQ:SFM,0.03023529993702424
2020-08-13,17,AR1 alpha + Enhanced + One-Step,NASDAQ:SFM,0.03023530280070493
2020-08-14,17,AR1 alpha + Enhanced + One-Step,NASDAQ:SFM,0.024548678342458167
2020-08-17,17,AR1 alpha + Enhanced + One-Step,NASDAQ:SFM,0.011846594641499045
2020-08-18,17,AR1 alpha + Enhanced + One-Step,NASDAQ:SFM,0.0
2020-08-19,17,AR1 alpha + Enhanced + One-Step,NASDAQ:SFM,6.3306938519528135e-09
2020-08-20,17,AR1 alpha + Enhanced + One-Step,NASDAQ:SFM,0.0
2020-08-21,17,AR1 alpha + Enhanced + One-Step,NASDAQ:SFM,0.0
2020-08-24,17,AR1 alpha + Enhanced + One-Step,NASDAQ:SFM,0.0
2020-08-25,17,AR1 alpha + Enhanced + One-Step,NASDAQ:SFM,1.1855277309913128e-07
2020-08-26,17,AR1 alpha + Enhanced + One-Step,NASDAQ:SFM,0.0
2020-08-27,17,AR1 alpha + Enhanced + One-Step,NASDAQ:SFM,0.0
2020-08-28,17,AR1 alpha + Enhanced + One-Step,NASDAQ:SFM,4.850255476574086e-09
2020-08-31,17,AR1 alpha + Enhanced + One-Step,NASDAQ:SFM,0.0
2020-09-01,17,AR1 alpha + Enhanced + One-Step,NASDAQ:SFM,0.0
2020-09-02,17,AR1 alpha + Enhanced + One-Step,NASDAQ:SFM,8.558934303847535e-08
2020-09-03,17,AR1 alpha + Enhanced + One-Step,NASDAQ:SFM,0.0
2020-09-04,17,AR1 alpha + Enhanced + One-Step,NASDAQ:SFM,3.21899279868927e-08
2020-09-08,17,AR1 alpha + Enhanced + One-Step,NASDAQ:SFM,2.526751618178678e-07
2020-09-09,17,AR1 alpha + Enhanced + One-Step,NASDAQ:SFM,1.0768173495862827e-07
2020-09-10,17,AR1 alpha + Enhanced + One-Step,NASDAQ:SFM,1.582889948617996e-07
2020-09-11,17,AR1 alpha + Enhanced + One-Step,NASDAQ:SFM,1.2720884401316652e-07
2020-09-14,17,AR1 alpha + Enhanced + One-Step,NASDAQ:SFM,1.0744758986855852e-06
2020-09-15,17,AR1 alpha + Enhanced + One-Step,NASDAQ:SFM,7.038100489348164e-07
2020-09-16,17,AR1 alpha + Enhanced + One-Step,NASDAQ:SFM,0.0
2020-09-17,17,AR1 alpha + Enhanced + One-Step,NASDAQ:SFM,0.0
2020-09-18,17,AR1 alpha + Enhanced + One-Step,NASDAQ:SFM,0.0
2020-09-21,17,AR1 alpha + Enhanced + One-Step,NASDAQ:SFM,0.0
2020-09-22,17,AR1 alpha + Enhanced + One-Step,NASDAQ:SFM,0.0
2020-09-23,17,AR1 alpha + Enhanced + One-Step,NASDAQ:SFM,0.0
2020-09-24,17,AR1 alpha + Enhanced + One-Step,NASDAQ:SFM,0.0
2020-09-25,17,AR1 alpha + Enhanced + One-Step,NASDAQ:SFM,1.1604025374963876e-07
2020-09-28,17,AR1 alpha + Enhanced + One-Step,NASDAQ:SFM,0.0
2020-09-29,17,AR1 alpha + Enhanced + One-Step,NASDAQ:SFM,0.0
2020-09-30,17,AR1 alpha + Enhanced + One-Step,NASDAQ:SFM,0.0
2020-10-01,17,AR1 alpha + Enhanced + One-Step,NASDAQ:SFM,2.1761756427195397e-07
2020-10-02,17,AR1 alpha + Enhanced + One-Step,NASDAQ:SFM,2.6596965229127615e-07
2020-10-05,17,AR1 alpha + Enhanced + One-Step,NASDAQ:SFM,5.995626062901839e-07
2020-10-06,17,AR1 alpha + Enhanced + One-Step,NASDAQ:SFM,2.235769078331196e-07
2020-10-07,17,AR1 alpha + Enhanced + One-Step,NASDAQ:SFM,7.859027020121003e-07
2020-10-08,17,AR1 alpha + Enhanced + One-Step,NASDAQ:SFM,5.612062586968873e-07
2020-10-09,17,AR1 alpha + Enhanced + One-Step,NASDAQ:SFM,2.0670451852078447e-07
2020-10-12,17,AR1 alpha + Enhanced + One-Step,NASDAQ:SFM,1.1433859968520479e-07
2020-10-13,17,AR1 alpha + Enhanced + One-Step,NASDAQ:SFM,0.0
2020-10-14,17,AR1 alpha + Enhanced + One-Step,NASDAQ:SFM,0.0
2020-10-15,17,AR1 alpha + Enhanced + One-Step,NASDAQ:SFM,0.0
2020-10-16,17,AR1 alpha + Enhanced + One-Step,NASDAQ:SFM,0.0
2020-10-19,17,AR1 alpha + Enhanced + One-Step,NASDAQ:SFM,0.0
2020-10-20,17,AR1 alpha + Enhanced + One-Step,NASDAQ:SFM,0.0
2020-10-21,17,AR1 alpha + Enhanced + One-Step,NASDAQ:SFM,0.0
2020-10-22,17,AR1 alpha + Enhanced + One-Step,NASDAQ:SFM,0.0
2020-10-23,17,AR1 alpha + Enhanced + One-Step,NASDAQ:SFM,0.0
2020-10-26,17,AR1 alpha + Enhanced + One-Step,NASDAQ:SFM,0.0
2020-10-27,17,AR1 alpha + Enhanced + One-Step,NASDAQ:SFM,3.9269477343391847e-07
2020-10-28,17,AR1 alpha + Enhanced + One-Step,NASDAQ:SFM,5.149390940373783e-07
2020-10-29,17,AR1 alpha + Enhanced + One-Step,NASDAQ:SFM,8.095181070276318e-07
2020-10-30,17,AR1 alpha + Enhanced + One-Step,NASDAQ:SFM,5.404236677386912e-07
2020-11-02,17,AR1 alpha + Enhanced + One-Step,NASDAQ:SFM,1.1584016779109198e-06
2020-11-03,17,AR1 alpha + Enhanced + One-Step,NASDAQ:SFM,3.038609455418109e-07
2020-11-04,17,AR1 alpha + Enhanced + One-Step,NASDAQ:SFM,1.2050572903540604e-06
2020-11-05,17,AR1 alpha + Enhanced + One-Step,NASDAQ:SFM,5.504814944055211e-07
2020-11-06,17,AR1 alpha + Enhanced + One-Step,NASDAQ:SFM,2.505813226433927e-07
2020-11-09,17,AR1 alpha + Enhanced + One-Step,NASDAQ:SFM,1.5899198337730865e-07
2020-11-10,17,AR1 alpha + Enhanced + One-Step,NASDAQ:SFM,4.4127843581396815e-07
2020-11-11,17,AR1 alpha + Enhanced + One-Step,NASDAQ:SFM,4.551438610780016e-07
2020-11-12,17,AR1 alpha + Enhanced + One-Step,NASDAQ:SFM,3.110869165593052e-07
2020-11-13,17,AR1 alpha + Enhanced + One-Step,NASDAQ:SFM,2.058766767447128e-07
2020-11-16,17,AR1 alpha + Enhanced + One-Step,NASDAQ:SFM,1.1491095948018299e-07
2020-11-17,17,AR1 alpha + Enhanced + One-Step,NASDAQ:SFM,2.481093132079053e-07
2020-11-18,17,AR1 alpha + Enhanced + One-Step,NASDAQ:SFM,0.0
2020-11-19,17,AR1 alpha + Enhanced + One-Step,NASDAQ:SFM,0.0
2020-11-20,17,AR1 alpha + Enhanced + One-Step,NASDAQ:SFM,0.0
2020-11-23,17,AR1 alpha + Enhanced + One-Step,NASDAQ:SFM,1.8000468847341003e-07
2020-11-24,17,AR1 alpha + Enhanced + One-Step,NASDAQ:SFM,0.0
2020-11-25,17,AR1 alpha + Enhanced + One-Step,NASDAQ:SFM,0.0
2020-11-27,17,AR1 alpha + Enhanced + One-Step,NASDAQ:SFM,0.0
2020-11-30,17,AR1 alpha + Enhanced + One-Step,NASDAQ:SFM,0.0
2020-12-01,17,AR1 alpha + Enhanced + One-Step,NASDAQ:SFM,2.0253620133049028e-07
2020-12-04,17,AR1 alpha + Enhanced + One-Step,NASDAQ:SFM,1.0581891778842754e-07
2020-12-07,17,AR1 alpha + Enhanced + One-Step,NASDAQ:SFM,0.0
2020-12-08,17,AR1 alpha + Enhanced + One-Step,NASDAQ:SFM,9.463821940802665e-09
2020-12-09,17,AR1 alpha + Enhanced + One-Step,NASDAQ:SFM,0.0
2020-12-10,17,AR1 alpha + Enhanced + One-Step,NASDAQ:SFM,1.8933157594557696e-07
2020-12-11,17,AR1 alpha + Enhanced + One-Step,NASDAQ:SFM,3.210858525211626e-09
2020-12-14,17,AR1 alpha + Enhanced + One-Step,NASDAQ:SFM,0.0
2020-12-15,17,AR1 alpha + Enhanced + One-Step,NASDAQ:SFM,8.477056260647625e-08
2020-12-16,17,AR1 alpha + Enhanced + One-Step,NASDAQ:SFM,0.0
2020-12-17,17,AR1 alpha + Enhanced + One-Step,NASDAQ:SFM,0.0
2020-12-18,17,AR1 alpha + Enhanced + One-Step,NASDAQ:SFM,1.6232405937373826e-06
2020-12-21,17,AR1 alpha + Enhanced + One-Step,NASDAQ:SFM,1.3284721341683378e-06
2020-12-22,17,AR1 alpha + Enhanced + One-Step,NASDAQ:SFM,8.763960031122819e-07
2020-12-23,17,AR1 alpha + Enhanced + One-Step,NASDAQ:SFM,0.0
2020-12-24,17,AR1 alpha + Enhanced + One-Step,NASDAQ:SFM,0.0
2020-12-28,17,AR1 alpha + Enhanced + One-Step,NASDAQ:SFM,0.0
2020-12-29,17,AR1 alpha + Enhanced + One-Step,NASDAQ:SFM,0.0
2020-12-30,17,AR1 alpha + Enhanced + One-Step,NASDAQ:SFM,0.0
2020-12-31,17,AR1 alpha + Enhanced + One-Step,NASDAQ:SFM,0.0
2021-01-04,17,AR1 alpha + Enhanced + One-Step,NASDAQ:SFM,6.959704550524931e-09
2021-01-05,17,AR1 alpha + Enhanced + One-Step,NASDAQ:SFM,6.316504097294192e-09
2021-01-06,17,AR1 alpha + Enhanced + One-Step,NASDAQ:SFM,0.0
2021-01-07,17,AR1 alpha + Enhanced + One-Step,NASDAQ:SFM,0.0
2021-01-08,17,AR1 alpha + Enhanced + One-Step,NASDAQ:SFM,0.0
2021-01-11,17,AR1 alpha + Enhanced + One-Step,NASDAQ:SFM,0.0
2021-01-12,17,AR1 alpha + Enhanced + One-Step,NASDAQ:SFM,0.0
2021-01-13,17,AR1 alpha + Enhanced + One-Step,NASDAQ:SFM,0.0
2021-01-14,17,AR1 alpha + Enhanced + One-Step,NASDAQ:SFM,1.484756160257011e-07
2021-01-15,17,AR1 alpha + Enhanced + One-Step,NASDAQ:SFM,0.0
2021-01-19,17,AR1 alpha + Enhanced + One-Step,NASDAQ:SFM,0.0
2021-01-20,17,AR1 alpha + Enhanced + One-Step,NASDAQ:SFM,4.77567258963266e-08
2021-01-21,17,AR1 alpha + Enhanced + One-Step,NASDAQ:SFM,0.0
2021-01-22,17,AR1 alpha + Enhanced + One-Step,NASDAQ:SFM,0.0
2021-01-25,17,AR1 alpha + Enhanced + One-Step,NASDAQ:SFM,0.0
2021-01-26,17,AR1 alpha + Enhanced + One-Step,NASDAQ:SFM,0.0
2021-01-27,17,AR1 alpha + Enhanced + One-Step,NASDAQ:SFM,3.3518027342775725e-07
2021-01-28,17,AR1 alpha + Enhanced + One-Step,NASDAQ:SFM,1.8332153671915146e-06
2021-01-29,17,AR1 alpha + Enhanced + One-Step,NASDAQ:SFM,9.911003999557636e-07
2021-02-01,17,AR1 alpha + Enhanced + One-Step,NASDAQ:SFM,9.073899640962325e-07
2021-02-02,17,AR1 alpha + Enhanced + One-Step,NASDAQ:SFM,6.269020236871086e-07
2021-02-03,17,AR1 alpha + Enhanced + One-Step,NASDAQ:SFM,0.0
2021-02-04,17,AR1 alpha + Enhanced + One-Step,NASDAQ:SFM,0.0
2021-02-05,17,AR1 alpha + Enhanced + One-Step,NASDAQ:SFM,0.0
2021-02-08,17,AR1 alpha + Enhanced + One-Step,NASDAQ:SFM,2.9946301715871623e-07
2021-02-09,17,AR1 alpha + Enhanced + One-Step,NASDAQ:SFM,1.491697673826245e-08
2021-02-10,17,AR1 alpha + Enhanced + One-Step,NASDAQ:SFM,6.804883335324163e-07
2021-02-11,17,AR1 alpha + Enhanced + One-Step,NASDAQ:SFM,4.79971302321182e-07
2021-02-12,17,AR1 alpha + Enhanced + One-Step,NASDAQ:SFM,3.0292784922898086e-07
2021-02-16,17,AR1 alpha + Enhanced + One-Step,NASDAQ:SFM,0.0
2021-02-17,17,AR1 alpha + Enhanced + One-Step,NASDAQ:SFM,0.0
2021-02-18,17,AR1 alpha + Enhanced + One-Step,NASDAQ:SFM,7.9726374337782e-08
2021-02-19,17,AR1 alpha + Enhanced + One-Step,NASDAQ:SFM,2.6032257864067994e-08
2021-02-22,17,AR1 alpha + Enhanced + One-Step,NASDAQ:SFM,8.651216600642761e-07
2021-02-23,17,AR1 alpha + Enhanced + One-Step,NASDAQ:SFM,1.810215521904742e-06
2021-02-24,17,AR1 alpha + Enhanced + One-Step,NASDAQ:SFM,1.3699498026330136e-06
2021-02-25,17,AR1 alpha + Enhanced + One-Step,NASDAQ:SFM,0.0
2021-02-26,17,AR1 alpha + Enhanced + One-Step,NASDAQ:SFM,2.1284059603274517e-07
2021-03-01,17,AR1 alpha + Enhanced + One-Step,NASDAQ:SFM,2.3500962106515188e-07
2021-03-02,17,AR1 alpha + Enhanced + One-Step,NASDAQ:SFM,0.0
2021-03-03,17,AR1 alpha + Enhanced + One-Step,NASDAQ:SFM,0.0
2021-03-04,17,AR1 alpha + Enhanced + One-Step,NASDAQ:SFM,0.0
2021-03-05,17,AR1 alpha + Enhanced + One-Step,NASDAQ:SFM,2.6466423782294963e-08
2021-03-08,17,AR1 alpha + Enhanced + One-Step,NASDAQ:SFM,2.5093705695541463e-08
2021-03-09,17,AR1 alpha + Enhanced + One-Step,NASDAQ:SFM,0.0
2021-03-10,17,AR1 alpha + Enhanced + One-Step,NASDAQ:SFM,9.489417616851662e-07
2021-03-11,17,AR1 alpha + Enhanced + One-Step,NASDAQ:SFM,7.827167128662581e-08
2021-03-12,17,AR1 alpha + Enhanced + One-Step,NASDAQ:SFM,5.3138967179379234e-08
2021-03-15,17,AR1 alpha + Enhanced + One-Step,NASDAQ:SFM,9.31228064050503e-07
2021-03-16,17,AR1 alpha + Enhanced + One-Step,NASDAQ:SFM,7.164768833993395e-07
2021-03-17,17,AR1 alpha + Enhanced + One-Step,NASDAQ:SFM,6.142248825253896e-08
2021-03-18,17,AR1 alpha + Enhanced + One-Step,NASDAQ:SFM,2.369339862229723e-07
2021-03-19,17,AR1 alpha + Enhanced + One-Step,NASDAQ:SFM,0.0
2021-03-22,17,AR1 alpha + Enhanced + One-Step,NASDAQ:SFM,2.922171284718118e-07
2021-03-23,17,AR1 alpha + Enhanced + One-Step,NASDAQ:SFM,7.196489376193986e-07
2021-03-24,17,AR1 alpha + Enhanced + One-Step,NASDAQ:SFM,4.6326227631842603e-07
2021-03-25,17,AR1 alpha + Enhanced + One-Step,NASDAQ:SFM,4.3930649915532677e-07
2021-03-26,17,AR1 alpha + Enhanced + One-Step,NASDAQ:SFM,0.02392222908787275
2021-03-29,17,AR1 alpha + Enhanced + One-Step,NASDAQ:SFM,0.03407784515492484
2021-03-30,17,AR1 alpha + Enhanced + One-Step,NASDAQ:SFM,0.041781481683426436
2021-03-31,17,AR1 alpha + Enhanced + One-Step,NASDAQ:SFM,0.0417805470500441
2021-04-01,17,AR1 alpha + Enhanced + One-Step,NASDAQ:SFM,0.041781523167242866
2021-04-05,17,AR1 alpha + Enhanced + One-Step,NASDAQ:SFM,0.04178217408641715
2021-04-06,17,AR1 alpha + Enhanced + One-Step,NASDAQ:SFM,0.041782156900789194
2021-04-07,17,AR1 alpha + Enhanced + One-Step,NASDAQ:SFM,0.020809244076465023
2021-04-08,17,AR1 alpha + Enhanced + One-Step,NASDAQ:SFM,0.007997050411116783
2021-04-09,17,AR1 alpha + Enhanced + One-Step,NASDAQ:SFM,0.0
2021-04-12,17,AR1 alpha + Enhanced + One-Step,NASDAQ:SFM,1.2345440720918116e-06
2021-04-13,17,AR1 alpha + Enhanced + One-Step,NASDAQ:SFM,8.5613161294341e-08
2021-04-14,17,AR1 alpha + Enhanced + One-Step,NASDAQ:SFM,0.0
2021-04-15,17,AR1 alpha + Enhanced + One-Step,NASDAQ:SFM,2.0129023338984005e-07
2021-04-16,17,AR1 alpha + Enhanced + One-Step,NASDAQ:SFM,1.5808068801309868e-07
2021-04-19,17,AR1 alpha + Enhanced + One-Step,NASDAQ:SFM,1.1985518203712612e-07
2021-04-20,17,AR1 alpha + Enhanced + One-Step,NASDAQ:SFM,0.0
2021-04-21,17,AR1 alpha + Enhanced + One-Step,NASDAQ:SFM,0.0
2021-04-22,17,AR1 alpha + Enhanced + One-Step,NASDAQ:SFM,0.0
2021-04-23,17,AR1 alpha + Enhanced + One-Step,NASDAQ:SFM,0.0
2021-04-26,17,AR1 alpha + Enhanced + One-Step,NASDAQ:SFM,0.0
2021-04-27,17,AR1 alpha + Enhanced + One-Step,NASDAQ:SFM,0.0
2021-04-28,17,AR1 alpha + Enhanced + One-Step,NASDAQ:SFM,0.0
2021-04-29,17,AR1 alpha + Enhanced + One-Step,NASDAQ:SFM,0.0
2021-04-30,17,AR1 alpha + Enhanced + One-Step,NASDAQ:SFM,0.0
2021-05-03,17,AR1 alpha + Enhanced + One-Step,NASDAQ:SFM,2.3999545022550287e-06
2021-05-04,17,AR1 alpha + Enhanced + One-Step,NASDAQ:SFM,1.46666653949629e-06
2021-05-05,17,AR1 alpha + Enhanced + One-Step,NASDAQ:SFM,9.372892211149728e-07
2021-05-06,17,AR1 alpha + Enhanced + One-Step,NASDAQ:SFM,1.595213792853906e-06
2021-05-07,17,AR1 alpha + Enhanced + One-Step,NASDAQ:SFM,1.093898608743587e-06
2021-05-10,17,AR1 alpha + Enhanced + One-Step,NASDAQ:SFM,6.826918237414867e-07
2021-05-11,17,AR1 alpha + Enhanced + One-Step,NASDAQ:SFM,4.94247245515867e-07
2021-05-12,17,AR1 alpha + Enhanced + One-Step,NASDAQ:SFM,2.3435949364837887e-07
2021-05-13,17,AR1 alpha + Enhanced + One-Step,NASDAQ:SFM,0.0
2021-05-14,17,AR1 alpha + Enhanced + One-Step,NASDAQ:SFM,1.635202637839679e-08
2021-05-17,17,AR1 alpha + Enhanced + One-Step,NASDAQ:SFM,0.0
2021-05-18,17,AR1 alpha + Enhanced + One-Step,NASDAQ:SFM,4.48145773208732e-07
2021-05-19,17,AR1 alpha + Enhanced + One-Step,NASDAQ:SFM,1.3321241631902665e-06
2021-05-20,17,AR1 alpha + Enhanced + One-Step,NASDAQ:SFM,1.0525441561888307e-06
2021-05-21,17,AR1 alpha + Enhanced + One-Step,NASDAQ:SFM,7.110714295156216e-07
2021-05-24,17,AR1 alpha + Enhanced + One-Step,NASDAQ:SFM,0.0
2021-05-25,17,AR1 alpha + Enhanced + One-Step,NASDAQ:SFM,0.0
2021-05-26,17,AR1 alpha + Enhanced + One-Step,NASDAQ:SFM,0.0
2021-05-27,17,AR1 alpha + Enhanced + One-Step,NASDAQ:SFM,1.5329661948077947e-07
2021-05-28,17,AR1 alpha + Enhanced + One-Step,NASDAQ:SFM,1.2656530560865246e-07
2021-06-01,17,AR1 alpha + Enhanced + One-Step,NASDAQ:SFM,0.0
2021-06-02,17,AR1 alpha + Enhanced + One-Step,NASDAQ:SFM,0.0
2021-06-03,17,AR1 alpha + Enhanced + One-Step,NASDAQ:SFM,2.261154807584485e-08
2021-06-04,17,AR1 alpha + Enhanced + One-Step,NASDAQ:SFM,0.0
2021-06-07,17,AR1 alpha + Enhanced + One-Step,NASDAQ:SFM,0.0
2021-06-08,17,AR1 alpha + Enhanced + One-Step,NASDAQ:SFM,0.0
2021-06-09,17,AR1 alpha + Enhanced + One-Step,NASDAQ:SFM,1.26254778644431e-07
2021-06-10,17,AR1 alpha + Enhanced + One-Step,NASDAQ:SFM,6.099429330607517e-08
2021-06-11,17,AR1 alpha + Enhanced + One-Step,NASDAQ:SFM,3.4329973149648916e-08
2021-06-14,17,AR1 alpha + Enhanced + One-Step,NASDAQ:SFM,0.0
2021-06-15,17,AR1 alpha + Enhanced + One-Step,NASDAQ:SFM,0.0
2021-06-16,17,AR1 alpha + Enhanced + One-Step,NASDAQ:SFM,0.0
2021-06-17,17,AR1 alpha + Enhanced + One-Step,NASDAQ:SFM,0.0
2021-06-18,17,AR1 alpha + Enhanced + One-Step,NASDAQ:SFM,0.0
2021-06-21,17,AR1 alpha + Enhanced + One-Step,NASDAQ:SFM,1.0785368027435684e-07
2021-06-22,17,AR1 alpha + Enhanced + One-Step,NASDAQ:SFM,0.0
2021-06-23,17,AR1 alpha + Enhanced + One-Step,NASDAQ:SFM,0.0
2021-06-24,17,AR1 alpha + Enhanced + One-Step,NASDAQ:SFM,2.2221471498549185e-06
2021-06-25,17,AR1 alpha + Enhanced + One-Step,NASDAQ:SFM,2.1863626792414834e-06
2021-06-28,17,AR1 alpha + Enhanced + One-Step,NASDAQ:SFM,1.3489106783449513e-06
2021-06-29,17,AR1 alpha + Enhanced + One-Step,NASDAQ:SFM,9.287406276645339e-07
2021-06-30,17,AR1 alpha + Enhanced + One-Step,NASDAQ:SFM,6.307485862790853e-09
2021-07-01,17,AR1 alpha + Enhanced + One-Step,NASDAQ:SFM,0.0
2021-07-02,17,AR1 alpha + Enhanced + One-Step,NASDAQ:SFM,0.0
2021-07-06,17,AR1 alpha + Enhanced + One-Step,NASDAQ:SFM,0.0
2021-07-07,17,AR1 alpha + Enhanced + One-Step,NASDAQ:SFM,6.68569074653655e-07
2021-07-08,17,AR1 alpha + Enhanced + One-Step,NASDAQ:SFM,3.5669715671535534e-07
2021-07-09,17,AR1 alpha + Enhanced + One-Step,NASDAQ:SFM,0.0
2021-07-12,17,AR1 alpha + Enhanced + One-Step,NASDAQ:SFM,0.0
2021-07-13,17,AR1 alpha + Enhanced + One-Step,NASDAQ:SFM,0.0
2021-07-14,17,AR1 alpha + Enhanced + One-Step,NASDAQ:SFM,0.0
2021-07-15,17,AR1 alpha + Enhanced + One-Step,NASDAQ:SFM,0.0
2021-07-16,17,AR1 alpha + Enhanced + One-Step,NASDAQ:SFM,0.0
2021-07-19,17,AR1 alpha + Enhanced + One-Step,NASDAQ:SFM,0.0
2021-07-20,17,AR1 alpha + Enhanced + One-Step,NASDAQ:SFM,0.0
2021-07-21,17,AR1 alpha + Enhanced + One-Step,NASDAQ:SFM,4.4059672221760576e-07
2021-07-22,17,AR1 alpha + Enhanced + One-Step,NASDAQ:SFM,0.0
2021-07-23,17,AR1 alpha + Enhanced + One-Step,NASDAQ:SFM,0.0
2021-07-26,17,AR1 alpha + Enhanced + One-Step,NASDAQ:SFM,0.0
2021-07-27,17,AR1 alpha + Enhanced + One-Step,NASDAQ:SFM,0.0
2021-07-28,17,AR1 alpha + Enhanced + One-Step,NASDAQ:SFM,0.0
2021-07-29,17,AR1 alpha + Enhanced + One-Step,NASDAQ:SFM,0.0
2021-07-30,17,AR1 alpha + Enhanced + One-Step,NASDAQ:SFM,0.0
2021-08-02,17,AR1 alpha + Enhanced + One-Step,NASDAQ:SFM,0.0
2021-08-03,17,AR1 alpha + Enhanced + One-Step,NASDAQ:SFM,0.0
2021-08-04,17,AR1 alpha + Enhanced + One-Step,NASDAQ:SFM,0.0
2021-08-05,17,AR1 alpha + Enhanced + One-Step,NASDAQ:SFM,0.0
2021-08-06,17,AR1 alpha + Enhanced + One-Step,NASDAQ:SFM,0.0
2021-08-09,17,AR1 alpha + Enhanced + One-Step,NASDAQ:SFM,1.4491920893596994e-07
2021-08-10,17,AR1 alpha + Enhanced + One-Step,NASDAQ:SFM,0.0
2021-08-11,17,AR1 alpha + Enhanced + One-Step,NASDAQ:SFM,0.0
2021-08-12,17,AR1 alpha + Enhanced + One-Step,NASDAQ:SFM,0.0
2021-08-13,17,AR1 alpha + Enhanced + One-Step,NASDAQ:SFM,2.752214159426672e-07
2021-08-16,17,AR1 alpha + Enhanced + One-Step,NASDAQ:SFM,1.8940931934017208e-06
2021-08-17,17,AR1 alpha + Enhanced + One-Step,NASDAQ:SFM,2.5778069413949268e-06
2021-08-18,17,AR1 alpha + Enhanced + One-Step,NASDAQ:SFM,2.0129947552956215e-06
2021-08-19,17,AR1 alpha + Enhanced + One-Step,NASDAQ:SFM,2.255851962686602e-06
2021-08-20,17,AR1 alpha + Enhanced + One-Step,NASDAQ:SFM,7.191133390215213e-07
2021-08-23,17,AR1 alpha + Enhanced + One-Step,NASDAQ:SFM,5.030794590554539e-07
2021-08-24,17,AR1 alpha + Enhanced + One-Step,NASDAQ:SFM,0.0
2021-08-25,17,AR1 alpha + Enhanced + One-Step,NASDAQ:SFM,2.7431841453144458e-08
2021-08-26,17,AR1 alpha + Enhanced + One-Step,NASDAQ:SFM,0.0
2021-08-27,17,AR1 alpha + Enhanced + One-Step,NASDAQ:SFM,0.0
2021-08-30,17,AR1 alpha + Enhanced + One-Step,NASDAQ:SFM,0.0
2021-08-31,17,AR1 alpha + Enhanced + One-Step,NASDAQ:SFM,3.126790755503924e-08
2021-09-01,17,AR1 alpha + Enhanced + One-Step,NASDAQ:SFM,9.89690768762599e-07
2021-09-02,17,AR1 alpha + Enhanced + One-Step,NASDAQ:SFM,0.0
2021-09-03,17,AR1 alpha + Enhanced + One-Step,NASDAQ:SFM,3.4534175955534317e-06
2021-09-07,17,AR1 alpha + Enhanced + One-Step,NASDAQ:SFM,2.4464394903148687e-06
2021-09-08,17,AR1 alpha + Enhanced + One-Step,NASDAQ:SFM,2.090453329945742e-06
2021-09-09,17,AR1 alpha + Enhanced + One-Step,NASDAQ:SFM,0.005547021809120631
2021-09-10,17,AR1 alpha + Enhanced + One-Step,NASDAQ:SFM,0.006117401389689762
2021-09-13,17,AR1 alpha + Enhanced + One-Step,NASDAQ:SFM,0.0061180334588539125
2021-09-14,17,AR1 alpha + Enhanced + One-Step,NASDAQ:SFM,0.006117857141607774
2021-09-15,17,AR1 alpha + Enhanced + One-Step,NASDAQ:SFM,0.014373718663847969
2021-09-16,17,AR1 alpha + Enhanced + One-Step,NASDAQ:SFM,0.016345800894502396
2021-09-17,17,AR1 alpha + Enhanced + One-Step,NASDAQ:SFM,0.016345781015636034
2021-09-20,17,AR1 alpha + Enhanced + One-Step,NASDAQ:SFM,0.016346030346320786
2021-09-21,17,AR1 alpha + Enhanced + One-Step,NASDAQ:SFM,0.01634745127131981
2021-09-22,17,AR1 alpha + Enhanced + One-Step,NASDAQ:SFM,0.01634736895929488
2021-09-23,17,AR1 alpha + Enhanced + One-Step,NASDAQ:SFM,0.01634846611695437
2021-09-24,17,AR1 alpha + Enhanced + One-Step,NASDAQ:SFM,0.01634845121588458
2021-09-27,17,AR1 alpha + Enhanced + One-Step,NASDAQ:SFM,0.016348471670264153
2021-09-28,17,AR1 alpha + Enhanced + One-Step,NASDAQ:SFM,0.016348124809728286
2021-09-29,17,AR1 alpha + Enhanced + One-Step,NASDAQ:SFM,0.016348525179400518
2021-09-30,17,AR1 alpha + Enhanced + One-Step,NASDAQ:SFM,0.01634846274592158
2021-10-01,17,AR1 alpha + Enhanced + One-Step,NASDAQ:SFM,0.01634850311788758
2021-10-04,17,AR1 alpha + Enhanced + One-Step,NASDAQ:SFM,0.015252977835247473
2021-10-05,17,AR1 alpha + Enhanced + One-Step,NASDAQ:SFM,0.015252103631380813
2021-10-06,17,AR1 alpha + Enhanced + One-Step,NASDAQ:SFM,0.01525191947838418
2021-10-07,17,AR1 alpha + Enhanced + One-Step,NASDAQ:SFM,0.015251497351547745
2021-10-08,17,AR1 alpha + Enhanced + One-Step,NASDAQ:SFM,0.015251462448313676
2021-10-11,17,AR1 alpha + Enhanced + One-Step,NASDAQ:SFM,0.011089940578524988
2021-10-12,17,AR1 alpha + Enhanced + One-Step,NASDAQ:SFM,0.010864132636438347
2021-10-13,17,AR1 alpha + Enhanced + One-Step,NASDAQ:SFM,0.011711343250188473
2021-10-14,17,AR1 alpha + Enhanced + One-Step,NASDAQ:SFM,0.01716694269760467
2021-10-15,17,AR1 alpha + Enhanced + One-Step,NASDAQ:SFM,0.020879974504578822
2021-10-18,17,AR1 alpha + Enhanced + One-Step,NASDAQ:SFM,0.020879201490522345
2021-10-19,17,AR1 alpha + Enhanced + One-Step,NASDAQ:SFM,0.025056604817415486
2021-10-20,17,AR1 alpha + Enhanced + One-Step,NASDAQ:SFM,0.025641643563831647
2021-10-21,17,AR1 alpha + Enhanced + One-Step,NASDAQ:SFM,0.025641780039733535
2021-10-22,17,AR1 alpha + Enhanced + One-Step,NASDAQ:SFM,0.025641584476014653
2021-10-25,17,AR1 alpha + Enhanced + One-Step,NASDAQ:SFM,0.02564002870027209
2021-10-26,17,AR1 alpha + Enhanced + One-Step,NASDAQ:SFM,0.025637634222498585
2021-10-27,17,AR1 alpha + Enhanced + One-Step,NASDAQ:SFM,0.025637417361366092
2021-10-28,17,AR1 alpha + Enhanced + One-Step,NASDAQ:SFM,0.02563742762859006
2021-10-29,17,AR1 alpha + Enhanced + One-Step,NASDAQ:SFM,0.02563574452476041
2021-11-01,17,AR1 alpha + Enhanced + One-Step,NASDAQ:SFM,0.02563439287514099
2021-11-02,17,AR1 alpha + Enhanced + One-Step,NASDAQ:SFM,0.025634054778061927
2021-11-03,17,AR1 alpha + Enhanced + One-Step,NASDAQ:SFM,0.023641979214958135
2021-11-04,17,AR1 alpha + Enhanced + One-Step,NASDAQ:SFM,0.020098950226420755
2021-11-05,17,AR1 alpha + Enhanced + One-Step,NASDAQ:SFM,0.020098545039939575
2021-11-08,17,AR1 alpha + Enhanced + One-Step,NASDAQ:SFM,0.01719764757127762
2021-11-09,17,AR1 alpha + Enhanced + One-Step,NASDAQ:SFM,0.01719779376732785
2021-11-10,17,AR1 alpha + Enhanced + One-Step,NASDAQ:SFM,0.017199212122124635
2021-11-11,17,AR1 alpha + Enhanced + One-Step,NASDAQ:SFM,0.017199168823403707
2021-11-12,17,AR1 alpha + Enhanced + One-Step,NASDAQ:SFM,0.01942094268904919
2021-11-15,17,AR1 alpha + Enhanced + One-Step,NASDAQ:SFM,0.019421486595304356
2021-11-16,17,AR1 alpha + Enhanced + One-Step,NASDAQ:SFM,0.01942139949598685
2021-11-17,17,AR1 alpha + Enhanced + One-Step,NASDAQ:SFM,0.019419949111966987
2021-11-18,17,AR1 alpha + Enhanced + One-Step,NASDAQ:SFM,0.019419589577153815
2021-11-19,17,AR1 alpha + Enhanced + One-Step,NASDAQ:SFM,0.019419893021424914
2021-11-22,17,AR1 alpha + Enhanced + One-Step,NASDAQ:SFM,0.021741289913146472
2021-11-23,17,AR1 alpha + Enhanced + One-Step,NASDAQ:SFM,0.03443895212782052
2021-11-24,17,AR1 alpha + Enhanced + One-Step,NASDAQ:SFM,0.050299001880940976
2021-11-26,17,AR1 alpha + Enhanced + One-Step,NASDAQ:SFM,0.05029620383716157
2021-11-29,17,AR1 alpha + Enhanced + One-Step,NASDAQ:SFM,0.05618671593187851
2021-11-30,17,AR1 alpha + Enhanced + One-Step,NASDAQ:SFM,0.056185040500027886
2021-12-01,17,AR1 alpha + Enhanced + One-Step,NASDAQ:SFM,0.05618388459454642
2021-12-02,17,AR1 alpha + Enhanced + One-Step,NASDAQ:SFM,0.06334037325925299
2021-12-03,17,AR1 alpha + Enhanced + One-Step,NASDAQ:SFM,0.06333926637250872
2021-12-06,17,AR1 alpha + Enhanced + One-Step,NASDAQ:SFM,0.06333858498192227
2021-12-07,17,AR1 alpha + Enhanced + One-Step,NASDAQ:SFM,0.08558808130507742
2021-12-08,17,AR1 alpha + Enhanced + One-Step,NASDAQ:SFM,0.1000005700090801
2021-12-09,17,AR1 alpha + Enhanced + One-Step,NASDAQ:SFM,0.09999700908424371
2021-12-10,17,AR1 alpha + Enhanced + One-Step,NASDAQ:SFM,0.09999420616860165
2021-12-13,17,AR1 alpha + Enhanced + One-Step,NASDAQ:SFM,0.09998962199003963
2021-12-14,17,AR1 alpha + Enhanced + One-Step,NASDAQ:SFM,0.09998905945589404
2021-12-15,17,AR1 alpha + Enhanced + One-Step,NASDAQ:SFM,0.09999237497905673
2021-12-16,17,AR1 alpha + Enhanced + One-Step,NASDAQ:SFM,0.09999451070310676
2021-12-17,17,AR1 alpha + Enhanced + One-Step,NASDAQ:SFM,0.0999959451277728
2021-12-20,17,AR1 alpha + Enhanced + One-Step,NASDAQ:SFM,0.09999554608872793
2021-12-21,17,AR1 alpha + Enhanced + One-Step,NASDAQ:SFM,0.09999663102047142
2021-12-22,17,AR1 alpha + Enhanced + One-Step,NASDAQ:SFM,0.09999762228558644
2021-12-23,17,AR1 alpha + Enhanced + One-Step,NASDAQ:SFM,0.09999847439714431
2021-12-27,17,AR1 alpha + Enhanced + One-Step,NASDAQ:SFM,0.09999903761581826
2021-12-28,17,AR1 alpha + Enhanced + One-Step,NASDAQ:SFM,0.09999938764232863
2021-12-29,17,AR1 alpha + Enhanced + One-Step,NASDAQ:SFM,0.09999947396180357
2021-12-30,17,AR1 alpha + Enhanced + One-Step,NASDAQ:SFM,0.09999901964588964
2021-12-31,17,AR1 alpha + Enhanced + One-Step,NASDAQ:SFM,0.09999930182481957
2022-01-03,17,AR1 alpha + Enhanced + One-Step,NASDAQ:SFM,0.0999996057787971
2022-01-04,17,AR1 alpha + Enhanced + One-Step,NASDAQ:SFM,0.09999976883265868
2022-01-05,17,AR1 alpha + Enhanced + One-Step,NASDAQ:SFM,0.09999983222781607
2022-01-06,17,AR1 alpha + Enhanced + One-Step,NASDAQ:SFM,0.09999985878676952
2022-01-07,17,AR1 alpha + Enhanced + One-Step,NASDAQ:SFM,0.0999995640535408
2022-01-10,17,AR1 alpha + Enhanced + One-Step,NASDAQ:SFM,0.0999989527736756
2022-01-11,17,AR1 alpha + Enhanced + One-Step,NASDAQ:SFM,0.09999898698130401
2022-01-12,17,AR1 alpha + Enhanced + One-Step,NASDAQ:SFM,0.09999908651118919
2022-01-13,17,AR1 alpha + Enhanced + One-Step,NASDAQ:SFM,0.09999922145539362
2022-01-14,17,AR1 alpha + Enhanced + One-Step,NASDAQ:SFM,0.09999762286633537
2022-01-18,17,AR1 alpha + Enhanced + One-Step,NASDAQ:SFM,0.09999850938682386
2022-01-19,17,AR1 alpha + Enhanced + One-Step,NASDAQ:SFM,0.09999824407977628
2022-01-20,17,AR1 alpha + Enhanced + One-Step,NASDAQ:SFM,0.09999877658625367
2022-01-21,17,AR1 alpha + Enhanced + One-Step,NASDAQ:SFM,0.09999836439213752
2022-01-24,17,AR1 alpha + Enhanced + One-Step,NASDAQ:SFM,0.09999874276799775
2022-01-25,17,AR1 alpha + Enhanced + One-Step,NASDAQ:SFM,0.09999909090804737
2022-01-26,17,AR1 alpha + Enhanced + One-Step,NASDAQ:SFM,0.09999933934787944
2022-01-27,17,AR1 alpha + Enhanced + One-Step,NASDAQ:SFM,0.09999870800689235
2022-01-28,17,AR1 alpha + Enhanced + One-Step,NASDAQ:SFM,0.09999908154957601
2022-01-31,17,AR1 alpha + Enhanced + One-Step,NASDAQ:SFM,0.09999956423677603
2022-02-01,17,AR1 alpha + Enhanced + One-Step,NASDAQ:SFM,0.09999972555715009
2022-02-02,17,AR1 alpha + Enhanced + One-Step,NASDAQ:SFM,0.09999978579615663
2022-02-03,17,AR1 alpha + Enhanced + One-Step,NASDAQ:SFM,0.09999926227558792
2022-02-04,17,AR1 alpha + Enhanced + One-Step,NASDAQ:SFM,0.09999908420214186
2022-02-07,17,AR1 alpha + Enhanced + One-Step,NASDAQ:SFM,0.09999920177132147
2022-02-08,17,AR1 alpha + Enhanced + One-Step,NASDAQ:SFM,0.09999942724685358
2022-02-09,17,AR1 alpha + Enhanced + One-Step,NASDAQ:SFM,0.0999996344850759
2022-02-10,17,AR1 alpha + Enhanced + One-Step,NASDAQ:SFM,0.09999972856768886
2022-02-11,17,AR1 alpha + Enhanced + One-Step,NASDAQ:SFM,0.10000019375280461
2022-02-14,17,AR1 alpha + Enhanced + One-Step,NASDAQ:SFM,0.09999991752928244
2022-02-15,17,AR1 alpha + Enhanced + One-Step,NASDAQ:SFM,0.09999996365433955
2022-02-16,17,AR1 alpha + Enhanced + One-Step,NASDAQ:SFM,0.09999822202330672
2022-02-17,17,AR1 alpha + Enhanced + One-Step,NASDAQ:SFM,0.0999965779443623
2022-02-18,17,AR1 alpha + Enhanced + One-Step,NASDAQ:SFM,0.09999755131149446
2022-02-22,17,AR1 alpha + Enhanced + One-Step,NASDAQ:SFM,0.09999819468335443
2022-02-23,17,AR1 alpha + Enhanced + One-Step,NASDAQ:SFM,0.09999869802585498
2022-02-24,17,AR1 alpha + Enhanced + One-Step,NASDAQ:SFM,0.09999791351255295
2022-02-25,17,AR1 alpha + Enhanced + One-Step,NASDAQ:SFM,0.09999854993113576
2022-02-28,17,AR1 alpha + Enhanced + One-Step,NASDAQ:SFM,0.09999921898255695
2022-03-01,17,AR1 alpha + Enhanced + One-Step,NASDAQ:SFM,0.09999966006937296
2022-03-02,17,AR1 alpha + Enhanced + One-Step,NASDAQ:SFM,0.09999963695750086
2022-03-03,17,AR1 alpha + Enhanced + One-Step,NASDAQ:SFM,0.08543295692781255
2022-03-04,17,AR1 alpha + Enhanced + One-Step,NASDAQ:SFM,0.07420695965923937
2022-03-07,17,AR1 alpha + Enhanced + One-Step,NASDAQ:SFM,0.07420848775106112
2022-03-08,17,AR1 alpha + Enhanced + One-Step,NASDAQ:SFM,0.07420848835563958
2022-03-09,17,AR1 alpha + Enhanced + One-Step,NASDAQ:SFM,0.08005516205361489
2022-03-10,17,AR1 alpha + Enhanced + One-Step,NASDAQ:SFM,0.09257542176544692
2022-03-11,17,AR1 alpha + Enhanced + One-Step,NASDAQ:SFM,0.09999757269804299
2022-03-14,17,AR1 alpha + Enhanced + One-Step,NASDAQ:SFM,0.09999647474391321
2022-03-15,17,AR1 alpha + Enhanced + One-Step,NASDAQ:SFM,0.09999571575945508
2022-03-16,17,AR1 alpha + Enhanced + One-Step,NASDAQ:SFM,0.09999692792007377
2022-03-17,17,AR1 alpha + Enhanced + One-Step,NASDAQ:SFM,0.09999786122370244
2022-03-18,17,AR1 alpha + Enhanced + One-Step,NASDAQ:SFM,0.09999843255833438
2022-03-21,17,AR1 alpha + Enhanced + One-Step,NASDAQ:SFM,0.09999901257279285
2022-03-22,17,AR1 alpha + Enhanced + One-Step,NASDAQ:SFM,0.09999928496699714
2022-03-23,17,AR1 alpha + Enhanced + One-Step,NASDAQ:SFM,0.09999948277728307
2022-03-24,17,AR1 alpha + Enhanced + One-Step,NASDAQ:SFM,0.09999918674968428
2022-03-25,17,AR1 alpha + Enhanced + One-Step,NASDAQ:SFM,0.09999762465926564
2022-03-28,17,AR1 alpha + Enhanced + One-Step,NASDAQ:SFM,0.09999734976646381
2022-03-29,17,AR1 alpha + Enhanced + One-Step,NASDAQ:SFM,0.099995885413103
2022-03-30,17,AR1 alpha + Enhanced + One-Step,NASDAQ:SFM,0.0999970227885885
2022-03-31,17,AR1 alpha + Enhanced + One-Step,NASDAQ:SFM,0.09999778784050783
2022-04-01,17,AR1 alpha + Enhanced + One-Step,NASDAQ:SFM,0.09999120628943613
2022-04-04,17,AR1 alpha + Enhanced + One-Step,NASDAQ:SFM,0.09999157792200326
2022-04-05,17,AR1 alpha + Enhanced + One-Step,NASDAQ:SFM,0.09999372401202641
2022-04-06,17,AR1 alpha + Enhanced + One-Step,NASDAQ:SFM,0.0999931819329557
2022-04-07,17,AR1 alpha + Enhanced + One-Step,NASDAQ:SFM,0.09999495176417533
2022-04-08,17,AR1 alpha + Enhanced + One-Step,NASDAQ:SFM,0.09999651285597412
2022-04-11,17,AR1 alpha + Enhanced + One-Step,NASDAQ:SFM,0.09999356169537793
2022-04-12,17,AR1 alpha + Enhanced + One-Step,NASDAQ:SFM,0.09999282072046184
2022-04-13,17,AR1 alpha + Enhanced + One-Step,NASDAQ:SFM,0.09999482241060947
2022-04-14,17,AR1 alpha + Enhanced + One-Step,NASDAQ:SFM,0.09999260268436731
2022-04-18,17,AR1 alpha + Enhanced + One-Step,NASDAQ:SFM,0.09999240648435564
2022-04-19,17,AR1 alpha + Enhanced + One-Step,NASDAQ:SFM,0.09997325659600423
2022-04-20,17,AR1 alpha + Enhanced + One-Step,NASDAQ:SFM,0.09998451236858824
2022-04-21,17,AR1 alpha + Enhanced + One-Step,NASDAQ:SFM,0.09998635234392829
2022-04-22,17,AR1 alpha + Enhanced + One-Step,NASDAQ:SFM,0.09998912347416813
2022-04-25,17,AR1 alpha + Enhanced + One-Step,NASDAQ:SFM,0.09999141382433573
2022-04-26,17,AR1 alpha + Enhanced + One-Step,NASDAQ:SFM,0.09999526117951735
2022-04-27,17,AR1 alpha + Enhanced + One-Step,NASDAQ:SFM,0.09999489722416079
2022-04-28,17,AR1 alpha + Enhanced + One-Step,NASDAQ:SFM,0.09999324735825012
2022-04-29,17,AR1 alpha + Enhanced + One-Step,NASDAQ:SFM,0.09999311580599053
2022-05-02,17,AR1 alpha + Enhanced + One-Step,NASDAQ:SFM,0.09999150715829067
2022-05-03,17,AR1 alpha + Enhanced + One-Step,NASDAQ:SFM,0.09999350480794819
2022-05-04,17,AR1 alpha + Enhanced + One-Step,NASDAQ:SFM,0.09999525043964985
2022-05-05,17,AR1 alpha + Enhanced + One-Step,NASDAQ:SFM,0.10000062200123862
2022-05-06,17,AR1 alpha + Enhanced + One-Step,NASDAQ:SFM,0.09999809714919732
2022-05-09,17,AR1 alpha + Enhanced + One-Step,NASDAQ:SFM,0.09999886100102959
2022-05-10,17,AR1 alpha + Enhanced + One-Step,NASDAQ:SFM,0.09999189829262504
2022-05-11,17,AR1 alpha + Enhanced + One-Step,NASDAQ:SFM,0.09999172992482497
2022-05-12,17,AR1 alpha + Enhanced + One-Step,NASDAQ:SFM,0.09998746039567995
2022-05-13,17,AR1 alpha + Enhanced + One-Step,NASDAQ:SFM,0.09998916576500189
2022-05-16,17,AR1 alpha + Enhanced + One-Step,NASDAQ:SFM,0.09999043683704682
2022-05-17,17,AR1 alpha + Enhanced + One-Step,NASDAQ:SFM,0.09999028305900139
2022-05-18,17,AR1 alpha + Enhanced + One-Step,NASDAQ:SFM,0.09999277275502366
2022-05-19,17,AR1 alpha + Enhanced + One-Step,NASDAQ:SFM,0.0999949890410099
2022-05-20,17,AR1 alpha + Enhanced + One-Step,NASDAQ:SFM,0.09999669929007243
2022-05-23,17,AR1 alpha + Enhanced + One-Step,NASDAQ:SFM,0.09999797196058124
2022-05-24,17,AR1 alpha + Enhanced + One-Step,NASDAQ:SFM,0.08564910774466819
2022-05-25,17,AR1 alpha + Enhanced + One-Step,NASDAQ:SFM,0.07337828939032479
2022-05-26,17,AR1 alpha + Enhanced + One-Step,NASDAQ:SFM,0.06528686625729223
2022-05-27,17,AR1 alpha + Enhanced + One-Step,NASDAQ:SFM,0.06528655136536878
2022-05-31,17,AR1 alpha + Enhanced + One-Step,NASDAQ:SFM,0.058726947282611554
2022-06-01,17,AR1 alpha + Enhanced + One-Step,NASDAQ:SFM,0.058727455069936534
2022-06-02,17,AR1 alpha + Enhanced + One-Step,NASDAQ:SFM,0.05872762002744912
2022-06-03,17,AR1 alpha + Enhanced + One-Step,NASDAQ:SFM,0.05663621713811908
2022-06-06,17,AR1 alpha + Enhanced + One-Step,NASDAQ:SFM,0.050929825744928915
2022-06-07,17,AR1 alpha + Enhanced + One-Step,NASDAQ:SFM,0.051153517449706185
2022-06-08,17,AR1 alpha + Enhanced + One-Step,NASDAQ:SFM,0.051153274229801676
2022-06-09,17,AR1 alpha + Enhanced + One-Step,NASDAQ:SFM,0.051152365707825845
2022-06-10,17,AR1 alpha + Enhanced + One-Step,NASDAQ:SFM,0.051150649530875385
2022-06-13,17,AR1 alpha + Enhanced + One-Step,NASDAQ:SFM,0.05115018398164157
2022-06-14,17,AR1 alpha + Enhanced + One-Step,NASDAQ:SFM,0.05115110938564703
2022-06-15,17,AR1 alpha + Enhanced + One-Step,NASDAQ:SFM,0.051149822333493224
2022-06-16,17,AR1 alpha + Enhanced + One-Step,NASDAQ:SFM,0.05114905272487144
2022-06-17,17,AR1 alpha + Enhanced + One-Step,NASDAQ:SFM,0.05114858687751116
2022-06-21,17,AR1 alpha + Enhanced + One-Step,NASDAQ:SFM,0.051148378920793075
2022-06-22,17,AR1 alpha + Enhanced + One-Step,NASDAQ:SFM,0.05114833047717362
2022-06-23,17,AR1 alpha + Enhanced + One-Step,NASDAQ:SFM,0.05114828051765121
2022-06-24,17,AR1 alpha + Enhanced + One-Step,NASDAQ:SFM,0.05114822001556693
2022-06-27,17,AR1 alpha + Enhanced + One-Step,NASDAQ:SFM,0.051148517129664346
2022-06-28,17,AR1 alpha + Enhanced + One-Step,NASDAQ:SFM,0.05114850353149172
2022-06-29,17,AR1 alpha + Enhanced + One-Step,NASDAQ:SFM,0.05114800196789075
2022-06-30,17,AR1 alpha + Enhanced + One-Step,NASDAQ:SFM,0.06316583819596466
2022-07-01,17,AR1 alpha + Enhanced + One-Step,NASDAQ:SFM,0.06316548103023199
2022-07-05,17,AR1 alpha + Enhanced + One-Step,NASDAQ:SFM,0.06927831808121811
2022-07-06,17,AR1 alpha + Enhanced + One-Step,NASDAQ:SFM,0.06927767750332368
2022-07-07,17,AR1 alpha + Enhanced + One-Step,NASDAQ:SFM,0.0692767914999867
2022-07-08,17,AR1 alpha + Enhanced + One-Step,NASDAQ:SFM,0.06927671577202535
2022-07-11,17,AR1 alpha + Enhanced + One-Step,NASDAQ:SFM,0.06927293810829172
2022-07-12,17,AR1 alpha + Enhanced + One-Step,NASDAQ:SFM,0.06927229411450837
2022-07-13,17,AR1 alpha + Enhanced + One-Step,NASDAQ:SFM,0.06927192697458581
2022-07-14,17,AR1 alpha + Enhanced + One-Step,NASDAQ:SFM,0.06927194991258638
2022-07-15,17,AR1 alpha + Enhanced + One-Step,NASDAQ:SFM,0.06927199581589163
2022-07-18,17,AR1 alpha + Enhanced + One-Step,NASDAQ:SFM,0.06927176482032844
2022-07-19,17,AR1 alpha + Enhanced + One-Step,NASDAQ:SFM,0.06976663148630437
2022-07-20,17,AR1 alpha + Enhanced + One-Step,NASDAQ:SFM,0.06976655613718093
2022-07-21,17,AR1 alpha + Enhanced + One-Step,NASDAQ:SFM,0.06976648961813962
2022-07-22,17,AR1 alpha + Enhanced + One-Step,NASDAQ:SFM,0.06976637243402402
2022-07-25,17,AR1 alpha + Enhanced + One-Step,NASDAQ:SFM,0.07257716222116763
2022-07-26,17,AR1 alpha + Enhanced + One-Step,NASDAQ:SFM,0.07257715164589859
2022-07-27,17,AR1 alpha + Enhanced + One-Step,NASDAQ:SFM,0.07424684652927534
2022-07-28,17,AR1 alpha + Enhanced + One-Step,NASDAQ:SFM,0.07424681953152061
2022-07-29,17,AR1 alpha + Enhanced + One-Step,NASDAQ:SFM,0.07424264772094444
2022-08-01,17,AR1 alpha + Enhanced + One-Step,NASDAQ:SFM,0.07424266922362863
2022-08-02,17,AR1 alpha + Enhanced + One-Step,NASDAQ:SFM,0.07424149221957363
2022-08-03,17,AR1 alpha + Enhanced + One-Step,NASDAQ:SFM,0.07424147539474213
2022-08-04,17,AR1 alpha + Enhanced + One-Step,NASDAQ:SFM,0.05769171878681306
2022-08-05,17,AR1 alpha + Enhanced + One-Step,NASDAQ:SFM,0.05768888739067576
2022-08-08,17,AR1 alpha + Enhanced + One-Step,NASDAQ:SFM,0.062184793948590465
2022-08-09,17,AR1 alpha + Enhanced + One-Step,NASDAQ:SFM,0.06232317681222905
2022-08-10,17,AR1 alpha + Enhanced + One-Step,NASDAQ:SFM,0.07642948855150605
2022-08-11,17,AR1 alpha + Enhanced + One-Step,NASDAQ:SFM,0.09999858311377512
2022-08-12,17,AR1 alpha + Enhanced + One-Step,NASDAQ:SFM,0.09999910297249863
2022-08-15,17,AR1 alpha + Enhanced + One-Step,NASDAQ:SFM,0.09999939073400593
2022-08-16,17,AR1 alpha + Enhanced + One-Step,NASDAQ:SFM,0.09999964166129048
2022-08-17,17,AR1 alpha + Enhanced + One-Step,NASDAQ:SFM,0.09999975315718924
2022-08-18,17,AR1 alpha + Enhanced + One-Step,NASDAQ:SFM,0.0999957039242852
2022-08-19,17,AR1 alpha + Enhanced + One-Step,NASDAQ:SFM,0.0999943175797428
2022-08-22,17,AR1 alpha + Enhanced + One-Step,NASDAQ:SFM,0.0986745051449593
2022-08-23,17,AR1 alpha + Enhanced + One-Step,NASDAQ:SFM,0.09867362719031052
2022-08-24,17,AR1 alpha + Enhanced + One-Step,NASDAQ:SFM,0.09999987353793931
2022-08-25,17,AR1 alpha + Enhanced + One-Step,NASDAQ:SFM,0.09999354290888489
2022-08-26,17,AR1 alpha + Enhanced + One-Step,NASDAQ:SFM,0.09999506400293351
2022-08-29,17,AR1 alpha + Enhanced + One-Step,NASDAQ:SFM,0.09999700273552639
2022-08-30,17,AR1 alpha + Enhanced + One-Step,NASDAQ:SFM,0.09999783810563083
2022-08-31,17,AR1 alpha + Enhanced + One-Step,NASDAQ:SFM,0.09999850399881494
2022-09-01,17,AR1 alpha + Enhanced + One-Step,NASDAQ:SFM,0.0999990544887683
2022-09-02,17,AR1 alpha + Enhanced + One-Step,NASDAQ:SFM,0.09999937986959448
2022-09-06,17,AR1 alpha + Enhanced + One-Step,NASDAQ:SFM,0.09999954541185113
2022-09-07,17,AR1 alpha + Enhanced + One-Step,NASDAQ:SFM,0.09999970105286511
2022-09-08,17,AR1 alpha + Enhanced + One-Step,NASDAQ:SFM,0.09999989888965666
2022-09-09,17,AR1 alpha + Enhanced + One-Step,NASDAQ:SFM,0.09999831783105324
2022-09-12,17,AR1 alpha + Enhanced + One-Step,NASDAQ:SFM,0.09999812789671109
2022-09-13,17,AR1 alpha + Enhanced + One-Step,NASDAQ:SFM,0.09999884946874145
2022-09-14,17,AR1 alpha + Enhanced + One-Step,NASDAQ:SFM,0.09999781909179864
2022-09-15,17,AR1 alpha + Enhanced + One-Step,NASDAQ:SFM,0.0999989970751366
2022-09-16,17,AR1 alpha + Enhanced + One-Step,NASDAQ:SFM,0.09999941885229305
2022-09-19,17,AR1 alpha + Enhanced + One-Step,NASDAQ:SFM,0.09999855978742767
2022-09-20,17,AR1 alpha + Enhanced + One-Step,NASDAQ:SFM,0.09999945408743015
2022-09-21,17,AR1 alpha + Enhanced + One-Step,NASDAQ:SFM,0.09999955081835622
2022-09-22,17,AR1 alpha + Enhanced + One-Step,NASDAQ:SFM,0.09999970363662951
2022-09-23,17,AR1 alpha + Enhanced + One-Step,NASDAQ:SFM,0.09999680086326239
2022-09-26,17,AR1 alpha + Enhanced + One-Step,NASDAQ:SFM,0.099997950047502
2022-09-27,17,AR1 alpha + Enhanced + One-Step,NASDAQ:SFM,0.09999868416047261
2022-09-28,17,AR1 alpha + Enhanced + One-Step,NASDAQ:SFM,0.09999882044431141
2022-09-29,17,AR1 alpha + Enhanced + One-Step,NASDAQ:SFM,0.09999954994819917
2022-09-30,17,AR1 alpha + Enhanced + One-Step,NASDAQ:SFM,0.09999964911702929
2022-10-03,17,AR1 alpha + Enhanced + One-Step,NASDAQ:SFM,0.09999979238712324
2022-10-04,17,AR1 alpha + Enhanced + One-Step,NASDAQ:SFM,0.0999997915096854
2022-10-05,17,AR1 alpha + Enhanced + One-Step,NASDAQ:SFM,0.09999514501595778
2022-10-06,17,AR1 alpha + Enhanced + One-Step,NASDAQ:SFM,0.09999481823226158
2022-10-07,17,AR1 alpha + Enhanced + One-Step,NASDAQ:SFM,0.09999685771117925
2022-10-10,17,AR1 alpha + Enhanced + One-Step,NASDAQ:SFM,0.09999638479477813
2022-10-11,17,AR1 alpha + Enhanced + One-Step,NASDAQ:SFM,0.09999334315269294
2022-10-12,17,AR1 alpha + Enhanced + One-Step,NASDAQ:SFM,0.09999496922003286
2022-10-13,17,AR1 alpha + Enhanced + One-Step,NASDAQ:SFM,0.09999742377639911
2022-10-14,17,AR1 alpha + Enhanced + One-Step,NASDAQ:SFM,0.09999846491033514
2022-10-17,17,AR1 alpha + Enhanced + One-Step,NASDAQ:SFM,0.09999899963503751
2022-10-18,17,AR1 alpha + Enhanced + One-Step,NASDAQ:SFM,0.09999939242540026
2022-10-19,17,AR1 alpha + Enhanced + One-Step,NASDAQ:SFM,0.09999962715676666
2022-10-20,17,AR1 alpha + Enhanced + One-Step,NASDAQ:SFM,0.09999887606122572
2022-10-21,17,AR1 alpha + Enhanced + One-Step,NASDAQ:SFM,0.0999993437810867
2022-10-24,17,AR1 alpha + Enhanced + One-Step,NASDAQ:SFM,0.09999742193989868
2022-10-25,17,AR1 alpha + Enhanced + One-Step,NASDAQ:SFM,0.09999844714483636
2022-10-26,17,AR1 alpha + Enhanced + One-Step,NASDAQ:SFM,0.09999845264060007
2022-10-27,17,AR1 alpha + Enhanced + One-Step,NASDAQ:SFM,0.09999574578480373
2022-10-28,17,AR1 alpha + Enhanced + One-Step,NASDAQ:SFM,0.09011437394326552
2022-10-31,17,AR1 alpha + Enhanced + One-Step,NASDAQ:SFM,0.08740018656915924
2022-11-01,17,AR1 alpha + Enhanced + One-Step,NASDAQ:SFM,0.08739804179215142
2022-11-02,17,AR1 alpha + Enhanced + One-Step,NASDAQ:SFM,0.09509559864658418
2022-11-03,17,AR1 alpha + Enhanced + One-Step,NASDAQ:SFM,0.09509786462557707
2022-11-04,17,AR1 alpha + Enhanced + One-Step,NASDAQ:SFM,0.09509727610671138
2022-11-07,17,AR1 alpha + Enhanced + One-Step,NASDAQ:SFM,0.09509311570818817
2022-11-08,17,AR1 alpha + Enhanced + One-Step,NASDAQ:SFM,0.0950932230422109
2022-11-09,17,AR1 alpha + Enhanced + One-Step,NASDAQ:SFM,0.07010286246430439
2022-11-10,17,AR1 alpha + Enhanced + One-Step,NASDAQ:SFM,0.05028631004685374
2022-11-11,17,AR1 alpha + Enhanced + One-Step,NASDAQ:SFM,0.05028599185127438
2022-11-14,17,AR1 alpha + Enhanced + One-Step,NASDAQ:SFM,0.050285763520965525
2022-11-15,17,AR1 alpha + Enhanced + One-Step,NASDAQ:SFM,0.050285785202075765
2022-11-16,17,AR1 alpha + Enhanced + One-Step,NASDAQ:SFM,0.05403316513289367
2022-11-17,17,AR1 alpha + Enhanced + One-Step,NASDAQ:SFM,0.07802119344951708
2022-11-18,17,AR1 alpha + Enhanced + One-Step,NASDAQ:SFM,0.09504594461269439
2022-11-21,17,AR1 alpha + Enhanced + One-Step,NASDAQ:SFM,0.0999990359499142
2022-11-22,17,AR1 alpha + Enhanced + One-Step,NASDAQ:SFM,0.09999693552251207
2022-11-23,17,AR1 alpha + Enhanced + One-Step,NASDAQ:SFM,0.0999989879722753
2022-11-25,17,AR1 alpha + Enhanced + One-Step,NASDAQ:SFM,0.09999973373645168
2022-11-28,17,AR1 alpha + Enhanced + One-Step,NASDAQ:SFM,0.09832165856185439
2022-11-29,17,AR1 alpha + Enhanced + One-Step,NASDAQ:SFM,0.09417652753101965
2022-11-30,17,AR1 alpha + Enhanced + One-Step,NASDAQ:SFM,0.09417652722738577
2022-12-01,17,AR1 alpha + Enhanced + One-Step,NASDAQ:SFM,0.09417602929376614
2022-12-02,17,AR1 alpha + Enhanced + One-Step,NASDAQ:SFM,0.09477049209843313
2022-12-05,17,AR1 alpha + Enhanced + One-Step,NASDAQ:SFM,0.09476675120620114
2022-12-06,17,AR1 alpha + Enhanced + One-Step,NASDAQ:SFM,0.09476288410245497
2022-12-07,17,AR1 alpha + Enhanced + One-Step,NASDAQ:SFM,0.094760142213698
2022-12-08,17,AR1 alpha + Enhanced + One-Step,NASDAQ:SFM,0.09476008024585568
2022-12-09,17,AR1 alpha + Enhanced + One-Step,NASDAQ:SFM,0.09475529712151144
2022-12-12,17,AR1 alpha + Enhanced + One-Step,NASDAQ:SFM,0.09776537843889328
2022-12-13,17,AR1 alpha + Enhanced + One-Step,NASDAQ:SFM,0.09776167358633385
2022-12-14,17,AR1 alpha + Enhanced + One-Step,NASDAQ:SFM,0.09775571522522161
2022-12-15,17,AR1 alpha + Enhanced + One-Step,NASDAQ:SFM,0.09775068000551644
2022-12-16,17,AR1 alpha + Enhanced + One-Step,NASDAQ:SFM,0.09774592224195898
2022-12-19,17,AR1 alpha + Enhanced + One-Step,NASDAQ:SFM,0.09774562081603053
2022-12-20,17,AR1 alpha + Enhanced + One-Step,NASDAQ:SFM,0.09774397948670303
2022-12-21,17,AR1 alpha + Enhanced + One-Step,NASDAQ:SFM,0.09774403125178482
2022-12-22,17,AR1 alpha + Enhanced + One-Step,NASDAQ:SFM,0.09774403179429669
2022-12-23,17,AR1 alpha + Enhanced + One-Step,NASDAQ:SFM,0.09774407477498596
2022-12-27,17,AR1 alpha + Enhanced + One-Step,NASDAQ:SFM,0.09774409983326586
2022-12-28,17,AR1 alpha + Enhanced + One-Step,NASDAQ:SFM,0.09774407576393418
2022-12-29,17,AR1 alpha + Enhanced + One-Step,NASDAQ:SFM,0.09774356876033181
2022-12-30,17,AR1 alpha + Enhanced + One-Step,NASDAQ:SFM,0.0977435679304886
2023-01-03,17,AR1 alpha + Enhanced + One-Step,NASDAQ:SFM,0.10000002193693322
2023-01-04,17,AR1 alpha + Enhanced + One-Step,NASDAQ:SFM,0.09999992079795203
2023-01-05,17,AR1 alpha + Enhanced + One-Step,NASDAQ:SFM,0.10000025671745515
2023-01-06,17,AR1 alpha + Enhanced + One-Step,NASDAQ:SFM,0.10000010110249229
2023-01-09,17,AR1 alpha + Enhanced + One-Step,NASDAQ:SFM,0.09851983082042236
2023-01-10,17,AR1 alpha + Enhanced + One-Step,NASDAQ:SFM,0.0966916548912753
2023-01-11,17,AR1 alpha + Enhanced + One-Step,NASDAQ:SFM,0.09668818692581208
2023-01-12,17,AR1 alpha + Enhanced + One-Step,NASDAQ:SFM,0.09069838015230931
2023-01-13,17,AR1 alpha + Enhanced + One-Step,NASDAQ:SFM,0.09069388007556284
2023-01-17,17,AR1 alpha + Enhanced + One-Step,NASDAQ:SFM,0.08930283851636768
2023-01-18,17,AR1 alpha + Enhanced + One-Step,NASDAQ:SFM,0.08527070028845105
2023-01-19,17,AR1 alpha + Enhanced + One-Step,NASDAQ:SFM,0.08526942608856991
2023-01-20,17,AR1 alpha + Enhanced + One-Step,NASDAQ:SFM,0.06510714080114728
2023-01-23,17,AR1 alpha + Enhanced + One-Step,NASDAQ:SFM,0.048485150100233285
2023-01-24,17,AR1 alpha + Enhanced + One-Step,NASDAQ:SFM,0.05200271375173756
2023-01-25,17,AR1 alpha + Enhanced + One-Step,NASDAQ:SFM,0.048443149906633655
2023-01-26,17,AR1 alpha + Enhanced + One-Step,NASDAQ:SFM,0.0440199793909836
2023-01-27,17,AR1 alpha + Enhanced + One-Step,NASDAQ:SFM,0.04401744141252745
2023-01-30,17,AR1 alpha + Enhanced + One-Step,NASDAQ:SFM,0.04401744400579483
2023-01-31,17,AR1 alpha + Enhanced + One-Step,NASDAQ:SFM,0.0440153344125229
2023-02-01,17,AR1 alpha + Enhanced + One-Step,NASDAQ:SFM,0.0440139231414075
2023-02-02,17,AR1 alpha + Enhanced + One-Step,NASDAQ:SFM,0.0440154879049629
2023-02-03,17,AR1 alpha + Enhanced + One-Step,NASDAQ:SFM,0.04401554105824272
2023-02-06,17,AR1 alpha + Enhanced + One-Step,NASDAQ:SFM,0.04401565716405986
2023-02-07,17,AR1 alpha + Enhanced + One-Step,NASDAQ:SFM,0.044019332300745985
2023-02-08,17,AR1 alpha + Enhanced + One-Step,NASDAQ:SFM,0.04401967831592657
2023-02-09,17,AR1 alpha + Enhanced + One-Step,NASDAQ:SFM,0.044019625480637536
2023-02-10,17,AR1 alpha + Enhanced + One-Step,NASDAQ:SFM,0.03811948257855292
2023-02-13,17,AR1 alpha + Enhanced + One-Step,NASDAQ:SFM,0.03145099781883837
2023-02-14,17,AR1 alpha + Enhanced + One-Step,NASDAQ:SFM,0.031449927519933384
2023-02-15,17,AR1 alpha + Enhanced + One-Step,NASDAQ:SFM,0.03144984932397016
2023-02-16,17,AR1 alpha + Enhanced + One-Step,NASDAQ:SFM,0.03144771538340852
2023-02-17,17,AR1 alpha + Enhanced + One-Step,NASDAQ:SFM,0.03144492775420787
2023-02-21,17,AR1 alpha + Enhanced + One-Step,NASDAQ:SFM,0.03144283266482122
2023-02-22,17,AR1 alpha + Enhanced + One-Step,NASDAQ:SFM,0.03144201637456892
2023-02-23,17,AR1 alpha + Enhanced + One-Step,NASDAQ:SFM,0.03144219452161538
2023-02-24,17,AR1 alpha + Enhanced + One-Step,NASDAQ:SFM,0.03144374457316859
2023-02-27,17,AR1 alpha + Enhanced + One-Step,NASDAQ:SFM,0.031443791619446486
2023-02-28,17,AR1 alpha + Enhanced + One-Step,NASDAQ:SFM,0.04054420651415492
2023-03-01,17,AR1 alpha + Enhanced + One-Step,NASDAQ:SFM,0.04471836096168206
2023-03-02,17,AR1 alpha + Enhanced + One-Step,NASDAQ:SFM,0.02044435031235038
2023-03-03,17,AR1 alpha + Enhanced + One-Step,NASDAQ:SFM,0.019008046834646786
2023-03-06,17,AR1 alpha + Enhanced + One-Step,NASDAQ:SFM,0.019008068770911785
2023-03-07,17,AR1 alpha + Enhanced + One-Step,NASDAQ:SFM,0.023570912832901077
2023-03-08,17,AR1 alpha + Enhanced + One-Step,NASDAQ:SFM,0.03422368748962794
2023-03-09,17,AR1 alpha + Enhanced + One-Step,NASDAQ:SFM,0.034223263465582056
2023-03-10,17,AR1 alpha + Enhanced + One-Step,NASDAQ:SFM,0.037508501636111954
2023-03-13,17,AR1 alpha + Enhanced + One-Step,NASDAQ:SFM,0.0375084796920514
2023-03-14,17,AR1 alpha + Enhanced + One-Step,NASDAQ:SFM,0.04400643671496288
2023-03-15,17,AR1 alpha + Enhanced + One-Step,NASDAQ:SFM,0.04400631226527137
2023-03-16,17,AR1 alpha + Enhanced + One-Step,NASDAQ:SFM,0.053355338145081005
2023-03-17,17,AR1 alpha + Enhanced + One-Step,NASDAQ:SFM,0.07091991548717518
2023-03-20,17,AR1 alpha + Enhanced + One-Step,NASDAQ:SFM,0.07668035399071764
2023-03-21,17,AR1 alpha + Enhanced + One-Step,NASDAQ:SFM,0.07667975265953732
2023-03-22,17,AR1 alpha + Enhanced + One-Step,NASDAQ:SFM,0.08825724465610346
2023-03-23,17,AR1 alpha + Enhanced + One-Step,NASDAQ:SFM,0.08825378534954553
2023-03-24,17,AR1 alpha + Enhanced + One-Step,NASDAQ:SFM,0.08825340700088118
2023-03-27,17,AR1 alpha + Enhanced + One-Step,NASDAQ:SFM,0.08180513654873527
2023-03-28,17,AR1 alpha + Enhanced + One-Step,NASDAQ:SFM,0.07691595329832333
2023-03-29,17,AR1 alpha + Enhanced + One-Step,NASDAQ:SFM,0.07691596678848713
2023-03-30,17,AR1 alpha + Enhanced + One-Step,NASDAQ:SFM,0.07691599268568063
2023-03-31,17,AR1 alpha + Enhanced + One-Step,NASDAQ:SFM,0.07683374154548524
2023-04-03,17,AR1 alpha + Enhanced + One-Step,NASDAQ:SFM,0.07526057321665486
2023-04-04,17,AR1 alpha + Enhanced + One-Step,NASDAQ:SFM,0.0752599337978601
2023-04-05,17,AR1 alpha + Enhanced + One-Step,NASDAQ:SFM,0.07525897691584044
2023-04-06,17,AR1 alpha + Enhanced + One-Step,NASDAQ:SFM,0.07525900778727422
2023-04-10,17,AR1 alpha + Enhanced + One-Step,NASDAQ:SFM,0.07525978651131537
2023-04-11,17,AR1 alpha + Enhanced + One-Step,NASDAQ:SFM,0.07530069239666062
2023-04-12,17,AR1 alpha + Enhanced + One-Step,NASDAQ:SFM,0.07530020319403392
2023-04-13,17,AR1 alpha + Enhanced + One-Step,NASDAQ:SFM,0.07598475940623518
2023-04-14,17,AR1 alpha + Enhanced + One-Step,NASDAQ:SFM,0.08178648152546218
2023-04-17,17,AR1 alpha + Enhanced + One-Step,NASDAQ:SFM,0.08719712968860761
2023-04-18,17,AR1 alpha + Enhanced + One-Step,NASDAQ:SFM,0.09779369006916881
2023-04-19,17,AR1 alpha + Enhanced + One-Step,NASDAQ:SFM,0.09874039605538167
2023-04-20,17,AR1 alpha + Enhanced + One-Step,NASDAQ:SFM,0.10000017866747583
2023-04-21,17,AR1 alpha + Enhanced + One-Step,NASDAQ:SFM,0.0999953349536427
2023-04-24,17,AR1 alpha + Enhanced + One-Step,NASDAQ:SFM,0.08363560263432195
2023-04-25,17,AR1 alpha + Enhanced + One-Step,NASDAQ:SFM,0.08363441195507076
2023-04-26,17,AR1 alpha + Enhanced + One-Step,NASDAQ:SFM,0.07721909744545448
2023-04-27,17,AR1 alpha + Enhanced + One-Step,NASDAQ:SFM,0.06269931762198827
2023-04-28,17,AR1 alpha + Enhanced + One-Step,NASDAQ:SFM,0.06269923784095895
2023-05-01,17,AR1 alpha + Enhanced + One-Step,NASDAQ:SFM,0.06269900613334292
2023-05-02,17,AR1 alpha + Enhanced + One-Step,NASDAQ:SFM,0.03858739379575529
2023-05-03,17,AR1 alpha + Enhanced + One-Step,NASDAQ:SFM,0.03858861150917978
2023-05-04,17,AR1 alpha + Enhanced + One-Step,NASDAQ:SFM,0.03858858833608069
2023-05-05,17,AR1 alpha + Enhanced + One-Step,NASDAQ:SFM,0.038592195111099924
2023-05-08,17,AR1 alpha + Enhanced + One-Step,NASDAQ:SFM,0.06365077067847254
2023-05-09,17,AR1 alpha + Enhanced + One-Step,NASDAQ:SFM,0.06365077491848788
2023-05-10,17,AR1 alpha + Enhanced + One-Step,NASDAQ:SFM,0.06364967324218632
2023-05-11,17,AR1 alpha + Enhanced + One-Step,NASDAQ:SFM,0.06364975327888168
2023-05-12,17,AR1 alpha + Enhanced + One-Step,NASDAQ:SFM,0.07351921333879627
2023-05-15,17,AR1 alpha + Enhanced + One-Step,NASDAQ:SFM,0.09856517090914509
2023-05-16,17,AR1 alpha + Enhanced + One-Step,NASDAQ:SFM,0.09999907995621735
2023-05-17,17,AR1 alpha + Enhanced + One-Step,NASDAQ:SFM,0.09999883447871608
2023-05-18,17,AR1 alpha + Enhanced + One-Step,NASDAQ:SFM,0.09999992111887981
2023-05-19,17,AR1 alpha + Enhanced + One-Step,NASDAQ:SFM,0.10000004172841677
2023-05-22,17,AR1 alpha + Enhanced + One-Step,NASDAQ:SFM,0.1000000316409181
2023-05-23,17,AR1 alpha + Enhanced + One-Step,NASDAQ:SFM,0.09999949102953348
2023-05-24,17,AR1 alpha + Enhanced + One-Step,NASDAQ:SFM,0.09999957735582274
2023-05-25,17,AR1 alpha + Enhanced + One-Step,NASDAQ:SFM,0.09999933277648915
2023-05-26,17,AR1 alpha + Enhanced + One-Step,NASDAQ:SFM,0.09999923235567744
2023-05-30,17,AR1 alpha + Enhanced + One-Step,NASDAQ:SFM,0.09999930821086886
2023-05-31,17,AR1 alpha + Enhanced + One-Step,NASDAQ:SFM,0.09999824754306082
2023-06-01,17,AR1 alpha + Enhanced + One-Step,NASDAQ:SFM,0.0999967722828903
2023-06-02,17,AR1 alpha + Enhanced + One-Step,NASDAQ:SFM,0.09999931668424743
2023-06-05,17,AR1 alpha + Enhanced + One-Step,NASDAQ:SFM,0.09999781959178553
2023-06-06,17,AR1 alpha + Enhanced + One-Step,NASDAQ:SFM,0.09999826693412726
2023-06-07,17,AR1 alpha + Enhanced + One-Step,NASDAQ:SFM,0.09999890861888851
2023-06-08,17,AR1 alpha + Enhanced + One-Step,NASDAQ:SFM,0.09999919681357947
2023-06-09,17,AR1 alpha + Enhanced + One-Step,NASDAQ:SFM,0.0999971246387145
2023-06-12,17,AR1 alpha + Enhanced + One-Step,NASDAQ:SFM,0.0999976442473928
2023-06-13,17,AR1 alpha + Enhanced + One-Step,NASDAQ:SFM,0.09999820505631975
2023-06-14,17,AR1 alpha + Enhanced + One-Step,NASDAQ:SFM,0.09319980968431804
2023-06-15,17,AR1 alpha + Enhanced + One-Step,NASDAQ:SFM,0.0999992342297137
2023-06-16,17,AR1 alpha + Enhanced + One-Step,NASDAQ:SFM,0.09999836889143217
2023-06-20,17,AR1 alpha + Enhanced + One-Step,NASDAQ:SFM,0.0999986006200957
2023-06-21,17,AR1 alpha + Enhanced + One-Step,NASDAQ:SFM,0.09999855168751208
2023-06-22,17,AR1 alpha + Enhanced + One-Step,NASDAQ:SFM,0.09999774044085548
2023-06-23,17,AR1 alpha + Enhanced + One-Step,NASDAQ:SFM,0.09999614146551217
2023-06-26,17,AR1 alpha + Enhanced + One-Step,NASDAQ:SFM,0.09999187462283601
2023-06-27,17,AR1 alpha + Enhanced + One-Step,NASDAQ:SFM,0.08619837139745111
2023-06-28,17,AR1 alpha + Enhanced + One-Step,NASDAQ:SFM,0.08619103954523245
2023-06-29,17,AR1 alpha + Enhanced + One-Step,NASDAQ:SFM,0.08194907646197773
2023-06-30,17,AR1 alpha + Enhanced + One-Step,NASDAQ:SFM,0.07067322590991747
2023-07-03,17,AR1 alpha + Enhanced + One-Step,NASDAQ:SFM,0.07067020905402811
2023-07-05,17,AR1 alpha + Enhanced + One-Step,NASDAQ:SFM,0.07066870983124955
2023-07-06,17,AR1 alpha + Enhanced + One-Step,NASDAQ:SFM,0.07684802814365033
2023-07-07,17,AR1 alpha + Enhanced + One-Step,NASDAQ:SFM,0.08970708971250074
2023-07-10,17,AR1 alpha + Enhanced + One-Step,NASDAQ:SFM,0.08970709520224082
2023-07-11,17,AR1 alpha + Enhanced + One-Step,NASDAQ:SFM,0.08970377127597938
2023-07-12,17,AR1 alpha + Enhanced + One-Step,NASDAQ:SFM,0.10000006332645059
2023-07-13,17,AR1 alpha + Enhanced + One-Step,NASDAQ:SFM,0.09999578125694623
2023-07-14,17,AR1 alpha + Enhanced + One-Step,NASDAQ:SFM,0.09999441847636689
2023-07-17,17,AR1 alpha + Enhanced + One-Step,NASDAQ:SFM,0.09999906584947126
2023-07-18,17,AR1 alpha + Enhanced + One-Step,NASDAQ:SFM,0.09999979551467161
2023-07-19,17,AR1 alpha + Enhanced + One-Step,NASDAQ:SFM,0.09999721846962878
2023-07-20,17,AR1 alpha + Enhanced + One-Step,NASDAQ:SFM,0.09999653548440085
2023-07-21,17,AR1 alpha + Enhanced + One-Step,NASDAQ:SFM,0.09999459778216908
2023-07-24,17,AR1 alpha + Enhanced + One-Step,NASDAQ:SFM,0.0999855656421083
2023-07-25,17,AR1 alpha + Enhanced + One-Step,NASDAQ:SFM,0.09998721849423915
2023-07-26,17,AR1 alpha + Enhanced + One-Step,NASDAQ:SFM,0.09998643794853954
2023-07-27,17,AR1 alpha + Enhanced + One-Step,NASDAQ:SFM,0.09998974344396419
2023-08-01,17,AR1 alpha + Enhanced + One-Step,NASDAQ:SFM,0.09999211796547267
2023-08-02,17,AR1 alpha + Enhanced + One-Step,NASDAQ:SFM,0.0999940776645076
2023-08-03,17,AR1 alpha + Enhanced + One-Step,NASDAQ:SFM,0.0999970307962455
2023-08-04,17,AR1 alpha + Enhanced + One-Step,NASDAQ:SFM,0.09999891748031181
2023-08-07,17,AR1 alpha + Enhanced + One-Step,NASDAQ:SFM,0.09999915377500526
2023-08-08,17,AR1 alpha + Enhanced + One-Step,NASDAQ:SFM,0.0999994989036517
2023-08-09,17,AR1 alpha + Enhanced + One-Step,NASDAQ:SFM,0.09999962456656973
2023-08-10,17,AR1 alpha + Enhanced + One-Step,NASDAQ:SFM,0.0999969769622197
2023-08-11,17,AR1 alpha + Enhanced + One-Step,NASDAQ:SFM,0.09999468008281522
2023-08-14,17,AR1 alpha + Enhanced + One-Step,NASDAQ:SFM,0.09999244073316932
2023-08-15,17,AR1 alpha + Enhanced + One-Step,NASDAQ:SFM,0.09999429025855218
2023-08-16,17,AR1 alpha + Enhanced + One-Step,NASDAQ:SFM,0.09999249793495099
2023-08-17,17,AR1 alpha + Enhanced + One-Step,NASDAQ:SFM,0.09999195951158894
2023-08-18,17,AR1 alpha + Enhanced + One-Step,NASDAQ:SFM,0.09998855619454519
2023-08-21,17,AR1 alpha + Enhanced + One-Step,NASDAQ:SFM,0.09998644466544804
2023-08-22,17,AR1 alpha + Enhanced + One-Step,NASDAQ:SFM,0.09999030533582147
2023-08-23,17,AR1 alpha + Enhanced + One-Step,NASDAQ:SFM,0.09998736909558431
2023-08-24,17,AR1 alpha + Enhanced + One-Step,NASDAQ:SFM,0.0999925015057954
2023-08-25,17,AR1 alpha + Enhanced + One-Step,NASDAQ:SFM,0.09999589143984862
2023-08-28,17,AR1 alpha + Enhanced + One-Step,NASDAQ:SFM,0.09999246072380169
2023-08-29,17,AR1 alpha + Enhanced + One-Step,NASDAQ:SFM,0.09976647077125124
2023-08-30,17,AR1 alpha + Enhanced + One-Step,NASDAQ:SFM,0.09976553134947233
2023-08-31,17,AR1 alpha + Enhanced + One-Step,NASDAQ:SFM,0.0997640253767822
2023-09-01,17,AR1 alpha + Enhanced + One-Step,NASDAQ:SFM,0.09999845922094089
2023-09-05,17,AR1 alpha + Enhanced + One-Step,NASDAQ:SFM,0.09999157323277023
2023-09-06,17,AR1 alpha + Enhanced + One-Step,NASDAQ:SFM,0.09999036273470116
2023-09-07,17,AR1 alpha + Enhanced + One-Step,NASDAQ:SFM,0.09999326847924739
2023-09-08,17,AR1 alpha + Enhanced + One-Step,NASDAQ:SFM,0.09999445698271683
2023-09-11,17,AR1 alpha + Enhanced + One-Step,NASDAQ:SFM,0.09999711887715747
2023-09-12,17,AR1 alpha + Enhanced + One-Step,NASDAQ:SFM,0.09999810064249567
2023-09-13,17,AR1 alpha + Enhanced + One-Step,NASDAQ:SFM,0.0999954916864554
2023-09-14,17,AR1 alpha + Enhanced + One-Step,NASDAQ:SFM,0.09852104147211561
2023-09-15,17,AR1 alpha + Enhanced + One-Step,NASDAQ:SFM,0.09852121602274366
2023-09-18,17,AR1 alpha + Enhanced + One-Step,NASDAQ:SFM,0.09999997135448606
2023-09-19,17,AR1 alpha + Enhanced + One-Step,NASDAQ:SFM,0.10000000829497407
2023-09-20,17,AR1 alpha + Enhanced + One-Step,NASDAQ:SFM,0.10000001608710933
2023-09-21,17,AR1 alpha + Enhanced + One-Step,NASDAQ:SFM,0.10000005905784937
2023-09-22,17,AR1 alpha + Enhanced + One-Step,NASDAQ:SFM,0.10000006198785563
2023-09-25,17,AR1 alpha + Enhanced + One-Step,NASDAQ:SFM,0.09999766852735108
2023-09-26,17,AR1 alpha + Enhanced + One-Step,NASDAQ:SFM,0.09999839943104437
2023-09-27,17,AR1 alpha + Enhanced + One-Step,NASDAQ:SFM,0.09999881980060145
2023-09-28,17,AR1 alpha + Enhanced + One-Step,NASDAQ:SFM,0.09999913780587152
2023-09-29,17,AR1 alpha + Enhanced + One-Step,NASDAQ:SFM,0.09999937992922403
2023-10-02,17,AR1 alpha + Enhanced + One-Step,NASDAQ:SFM,0.0999964850588595
2023-10-03,17,AR1 alpha + Enhanced + One-Step,NASDAQ:SFM,0.09999413191455582
2023-10-04,17,AR1 alpha + Enhanced + One-Step,NASDAQ:SFM,0.09998762201735577
2023-10-05,17,AR1 alpha + Enhanced + One-Step,NASDAQ:SFM,0.09999151732966438
2023-10-06,17,AR1 alpha + Enhanced + One-Step,NASDAQ:SFM,0.09999355435199697
2023-10-09,17,AR1 alpha + Enhanced + One-Step,NASDAQ:SFM,0.09999479214273621
2023-10-10,17,AR1 alpha + Enhanced + One-Step,NASDAQ:SFM,0.09999122194336851
2023-10-11,17,AR1 alpha + Enhanced + One-Step,NASDAQ:SFM,0.09999906259007185
2023-10-12,17,AR1 alpha + Enhanced + One-Step,NASDAQ:SFM,0.09999933709708066
2023-10-13,17,AR1 alpha + Enhanced + One-Step,NASDAQ:SFM,0.09999951917738571
2023-10-16,17,AR1 alpha + Enhanced + One-Step,NASDAQ:SFM,0.09999966397868104
2023-10-17,17,AR1 alpha + Enhanced + One-Step,NASDAQ:SFM,0.09999897690718945
2023-10-18,17,AR1 alpha + Enhanced + One-Step,NASDAQ:SFM,0.09999941484852634
2023-10-19,17,AR1 alpha + Enhanced + One-Step,NASDAQ:SFM,0.09999955518366362
2023-10-20,17,AR1 alpha + Enhanced + One-Step,NASDAQ:SFM,0.09999974225963516
2023-10-23,17,AR1 alpha + Enhanced + One-Step,NASDAQ:SFM,0.09999933564570496
2023-10-24,17,AR1 alpha + Enhanced + One-Step,NASDAQ:SFM,0.09999953255494475
2023-10-25,17,AR1 alpha + Enhanced + One-Step,NASDAQ:SFM,0.09999942476026567
2023-10-26,17,AR1 alpha + Enhanced + One-Step,NASDAQ:SFM,0.09999955981134256
2023-10-27,17,AR1 alpha + Enhanced + One-Step,NASDAQ:SFM,0.09999966913696612
2023-10-30,17,AR1 alpha + Enhanced + One-Step,NASDAQ:SFM,0.09999820057651565
2023-10-31,17,AR1 alpha + Enhanced + One-Step,NASDAQ:SFM,0.09999883904727101
2023-11-01,17,AR1 alpha + Enhanced + One-Step,NASDAQ:SFM,0.09999846941837491
2023-11-02,17,AR1 alpha + Enhanced + One-Step,NASDAQ:SFM,0.09999899035471885
2023-11-03,17,AR1 alpha + Enhanced + One-Step,NASDAQ:SFM,0.09999954838641213
2023-11-06,17,AR1 alpha + Enhanced + One-Step,NASDAQ:SFM,0.09999983715030293
2023-11-07,17,AR1 alpha + Enhanced + One-Step,NASDAQ:SFM,0.0999946258015018
2023-11-08,17,AR1 alpha + Enhanced + One-Step,NASDAQ:SFM,0.09999104325951554
2023-11-09,17,AR1 alpha + Enhanced + One-Step,NASDAQ:SFM,0.09999170546738036
2023-11-10,17,AR1 alpha + Enhanced + One-Step,NASDAQ:SFM,0.09999367515149422
2023-11-13,17,AR1 alpha + Enhanced + One-Step,NASDAQ:SFM,0.0999948353558104
2023-11-14,17,AR1 alpha + Enhanced + One-Step,NASDAQ:SFM,0.09999555557927728
2023-11-15,17,AR1 alpha + Enhanced + One-Step,NASDAQ:SFM,0.09999517708887351
2023-11-16,17,AR1 alpha + Enhanced + One-Step,NASDAQ:SFM,0.09999525515205616
2023-11-17,17,AR1 alpha + Enhanced + One-Step,NASDAQ:SFM,0.0999961520519369
2023-11-20,17,AR1 alpha + Enhanced + One-Step,NASDAQ:SFM,0.09999726589096167
2023-11-21,17,AR1 alpha + Enhanced + One-Step,NASDAQ:SFM,0.09999799421724594
2023-11-22,17,AR1 alpha + Enhanced + One-Step,NASDAQ:SFM,0.09999845224435235
2023-11-24,17,AR1 alpha + Enhanced + One-Step,NASDAQ:SFM,0.09999885556008349
2023-11-27,17,AR1 alpha + Enhanced + One-Step,NASDAQ:SFM,0.09999896667850361
2023-11-28,17,AR1 alpha + Enhanced + One-Step,NASDAQ:SFM,0.09999929029688523
2023-11-29,17,AR1 alpha + Enhanced + One-Step,NASDAQ:SFM,0.09999649573945948
2023-11-30,17,AR1 alpha + Enhanced + One-Step,NASDAQ:SFM,0.08525097917677067
2023-12-01,17,AR1 alpha + Enhanced + One-Step,NASDAQ:SFM,0.06527449784357128
2023-12-04,17,AR1 alpha + Enhanced + One-Step,NASDAQ:SFM,0.05248789912317287
2023-12-05,17,AR1 alpha + Enhanced + One-Step,NASDAQ:SFM,0.048621272702920895
2023-12-06,17,AR1 alpha + Enhanced + One-Step,NASDAQ:SFM,0.03534439044995648
2023-12-07,17,AR1 alpha + Enhanced + One-Step,NASDAQ:SFM,0.020760741907010768
2023-12-08,17,AR1 alpha + Enhanced + One-Step,NASDAQ:SFM,0.020760751698236147
2023-12-11,17,AR1 alpha + Enhanced + One-Step,NASDAQ:SFM,0.020761233354341258
2023-12-12,17,AR1 alpha + Enhanced + One-Step,NASDAQ:SFM,0.02021664080415661
2023-12-13,17,AR1 alpha + Enhanced + One-Step,NASDAQ:SFM,0.02021759496351673
2023-12-14,17,AR1 alpha + Enhanced + One-Step,NASDAQ:SFM,0.020217536653598836
2023-12-15,17,AR1 alpha + Enhanced + One-Step,NASDAQ:SFM,0.020216364474682197
2023-12-18,17,AR1 alpha + Enhanced + One-Step,NASDAQ:SFM,0.03625853490204222
2023-12-19,17,AR1 alpha + Enhanced + One-Step,NASDAQ:SFM,0.05586623000366296
2023-12-20,17,AR1 alpha + Enhanced + One-Step,NASDAQ:SFM,0.07445925854410426
2023-12-21,17,AR1 alpha + Enhanced + One-Step,NASDAQ:SFM,0.07445928044290352
2023-12-22,17,AR1 alpha + Enhanced + One-Step,NASDAQ:SFM,0.07626152499280103
2023-12-26,17,AR1 alpha + Enhanced + One-Step,NASDAQ:SFM,0.09937372360556183
2023-12-27,17,AR1 alpha + Enhanced + One-Step,NASDAQ:SFM,0.09999961261559219
2023-12-28,17,AR1 alpha + Enhanced + One-Step,NASDAQ:SFM,0.09999982042702736
2023-12-29,17,AR1 alpha + Enhanced + One-Step,NASDAQ:SFM,0.10000139368263807
2024-01-02,17,AR1 alpha + Enhanced + One-Step,NASDAQ:SFM,0.09999566934936958
2024-01-03,17,AR1 alpha + Enhanced + One-Step,NASDAQ:SFM,0.09999565468480427
2024-01-04,17,AR1 alpha + Enhanced + One-Step,NASDAQ:SFM,0.09999650079502961
2024-01-05,17,AR1 alpha + Enhanced + One-Step,NASDAQ:SFM,0.09999738921132417
2024-01-08,17,AR1 alpha + Enhanced + One-Step,NASDAQ:SFM,0.09999817948470485
2024-01-09,17,AR1 alpha + Enhanced + One-Step,NASDAQ:SFM,0.09999685964442452
2024-01-10,17,AR1 alpha + Enhanced + One-Step,NASDAQ:SFM,0.09999092043719854
2024-01-11,17,AR1 alpha + Enhanced + One-Step,NASDAQ:SFM,0.09999443041454942
2024-01-12,17,AR1 alpha + Enhanced + One-Step,NASDAQ:SFM,0.09999678405612496
2024-01-16,17,AR1 alpha + Enhanced + One-Step,NASDAQ:SFM,0.09999426943036344
2024-01-17,17,AR1 alpha + Enhanced + One-Step,NASDAQ:SFM,0.09999246079986167
2024-01-18,17,AR1 alpha + Enhanced + One-Step,NASDAQ:SFM,0.0999944920100609
2024-01-19,17,AR1 alpha + Enhanced + One-Step,NASDAQ:SFM,0.0999956702939875
2024-01-22,17,AR1 alpha + Enhanced + One-Step,NASDAQ:SFM,0.09999625923655305
2024-01-23,17,AR1 alpha + Enhanced + One-Step,NASDAQ:SFM,0.09999499426153563
2024-01-24,17,AR1 alpha + Enhanced + One-Step,NASDAQ:SFM,0.09999048555300069
2024-01-25,17,AR1 alpha + Enhanced + One-Step,NASDAQ:SFM,0.1000001753497438
2024-01-26,17,AR1 alpha + Enhanced + One-Step,NASDAQ:SFM,0.09999604053745476
2024-01-29,17,AR1 alpha + Enhanced + One-Step,NASDAQ:SFM,0.09999018169129904
2024-01-30,17,AR1 alpha + Enhanced + One-Step,NASDAQ:SFM,0.09999298458974476
2024-01-31,17,AR1 alpha + Enhanced + One-Step,NASDAQ:SFM,0.09999251684061755
2024-02-01,17,AR1 alpha + Enhanced + One-Step,NASDAQ:SFM,0.09998909037951945
2024-02-02,17,AR1 alpha + Enhanced + One-Step,NASDAQ:SFM,0.0999882147925127
2024-02-05,17,AR1 alpha + Enhanced + One-Step,NASDAQ:SFM,0.09999120222187458
2024-02-06,17,AR1 alpha + Enhanced + One-Step,NASDAQ:SFM,0.09999295479229994
2024-02-07,17,AR1 alpha + Enhanced + One-Step,NASDAQ:SFM,0.09999476385574703
2024-02-08,17,AR1 alpha + Enhanced + One-Step,NASDAQ:SFM,0.0999960133426822
2024-02-09,17,AR1 alpha + Enhanced + One-Step,NASDAQ:SFM,0.09999189135402357
2024-02-12,17,AR1 alpha + Enhanced + One-Step,NASDAQ:SFM,0.09999118594213942
2024-02-13,17,AR1 alpha + Enhanced + One-Step,NASDAQ:SFM,0.09999274556162355
2024-02-14,17,AR1 alpha + Enhanced + One-Step,NASDAQ:SFM,0.09999469441070757
2024-02-15,17,AR1 alpha + Enhanced + One-Step,NASDAQ:SFM,0.09999217275717634
2024-02-16,17,AR1 alpha + Enhanced + One-Step,NASDAQ:SFM,0.09999431190325045
2024-02-20,17,AR1 alpha + Enhanced + One-Step,NASDAQ:SFM,0.09999593820152092
2024-02-21,17,AR1 alpha + Enhanced + One-Step,NASDAQ:SFM,0.09999443037567647
2024-02-22,17,AR1 alpha + Enhanced + One-Step,NASDAQ:SFM,0.09998835043816028
2024-02-23,17,AR1 alpha + Enhanced + One-Step,NASDAQ:SFM,0.09103985366954137
2024-02-26,17,AR1 alpha + Enhanced + One-Step,NASDAQ:SFM,0.09103289650693522
2024-02-27,17,AR1 alpha + Enhanced + One-Step,NASDAQ:SFM,0.09102446080643031
2024-02-28,17,AR1 alpha + Enhanced + One-Step,NASDAQ:SFM,0.09101685556729035
2024-02-29,17,AR1 alpha + Enhanced + One-Step,NASDAQ:SFM,0.0910119688820748
2024-03-01,17,AR1 alpha + Enhanced + One-Step,NASDAQ:SFM,0.09100934913199196
2024-03-04,17,AR1 alpha + Enhanced + One-Step,NASDAQ:SFM,0.09973570015499993
2024-03-05,17,AR1 alpha + Enhanced + One-Step,NASDAQ:SFM,0.09999773253309217
2024-03-06,17,AR1 alpha + Enhanced + One-Step,NASDAQ:SFM,0.09999801213719656
2024-03-07,17,AR1 alpha + Enhanced + One-Step,NASDAQ:SFM,0.09999103272773387
2024-03-08,17,AR1 alpha + Enhanced + One-Step,NASDAQ:SFM,0.09998658817842201
2024-03-11,17,AR1 alpha + Enhanced + One-Step,NASDAQ:SFM,0.09998434458065773
2024-03-12,17,AR1 alpha + Enhanced + One-Step,NASDAQ:SFM,0.09998492064392954
2024-03-13,17,AR1 alpha + Enhanced + One-Step,NASDAQ:SFM,0.09998005873260327
2024-03-14,17,AR1 alpha + Enhanced + One-Step,NASDAQ:SFM,0.09998785139840312
2024-03-15,17,AR1 alpha + Enhanced + One-Step,NASDAQ:SFM,0.09999317579134433
2024-03-18,17,AR1 alpha + Enhanced + One-Step,NASDAQ:SFM,0.09999497488506479
2024-03-19,17,AR1 alpha + Enhanced + One-Step,NASDAQ:SFM,0.09999554944159156
2024-03-20,17,AR1 alpha + Enhanced + One-Step,NASDAQ:SFM,0.09999644544087127
2024-03-21,17,AR1 alpha + Enhanced + One-Step,NASDAQ:SFM,0.0999938474294525
2024-03-22,17,AR1 alpha + Enhanced + One-Step,NASDAQ:SFM,0.09999447076102476
2024-03-25,17,AR1 alpha + Enhanced + One-Step,NASDAQ:SFM,0.09999586112147162
2024-03-26,17,AR1 alpha + Enhanced + One-Step,NASDAQ:SFM,0.09999353429784542
2024-03-27,17,AR1 alpha + Enhanced + One-Step,NASDAQ:SFM,0.0999940310809625
2024-03-28,17,AR1 alpha + Enhanced + One-Step,NASDAQ:SFM,0.09999683573364133
2024-04-01,17,AR1 alpha + Enhanced + One-Step,NASDAQ:SFM,0.09999841776915591
2024-04-02,17,AR1 alpha + Enhanced + One-Step,NASDAQ:SFM,0.09999871105481857
2024-04-03,17,AR1 alpha + Enhanced + One-Step,NASDAQ:SFM,0.09999239251081486
2024-04-04,17,AR1 alpha + Enhanced + One-Step,NASDAQ:SFM,0.09999826716243261
2024-04-05,17,AR1 alpha + Enhanced + One-Step,NASDAQ:SFM,0.09999846135374565
2024-04-08,17,AR1 alpha + Enhanced + One-Step,NASDAQ:SFM,0.09999930390752679
2024-04-09,17,AR1 alpha + Enhanced + One-Step,NASDAQ:SFM,0.09999884387463226
2024-04-10,17,AR1 alpha + Enhanced + One-Step,NASDAQ:SFM,0.09999880378552695
2024-04-11,17,AR1 alpha + Enhanced + One-Step,NASDAQ:SFM,0.0999984480293556
2024-04-12,17,AR1 alpha + Enhanced + One-Step,NASDAQ:SFM,0.09999996587749989
2024-04-15,17,AR1 alpha + Enhanced + One-Step,NASDAQ:SFM,0.09999843593680097
2024-04-16,17,AR1 alpha + Enhanced + One-Step,NASDAQ:SFM,0.09999566435720962
2024-04-17,17,AR1 alpha + Enhanced + One-Step,NASDAQ:SFM,0.09999762618545166
2024-04-18,17,AR1 alpha + Enhanced + One-Step,NASDAQ:SFM,0.09999773514780591
2024-04-19,17,AR1 alpha + Enhanced + One-Step,NASDAQ:SFM,0.09999578136809682
2020-03-25,17,AR1 alpha + Enhanced + One-Step,NASDAQ:EVBG,0.020000000000007227
2020-03-26,17,AR1 alpha + Enhanced + One-Step,NASDAQ:EVBG,0.02000000000001305
2020-03-27,17,AR1 alpha + Enhanced + One-Step,NASDAQ:EVBG,0.0199999866521286
2020-03-30,17,AR1 alpha + Enhanced + One-Step,NASDAQ:EVBG,0.020001127144373566
2020-03-31,17,AR1 alpha + Enhanced + One-Step,NASDAQ:EVBG,0.020003256636531342
2020-04-01,17,AR1 alpha + Enhanced + One-Step,NASDAQ:EVBG,0.020003233506743663
2020-04-02,17,AR1 alpha + Enhanced + One-Step,NASDAQ:EVBG,0.02000441202889136
2020-04-03,17,AR1 alpha + Enhanced + One-Step,NASDAQ:EVBG,0.020006549968453354
2020-04-06,17,AR1 alpha + Enhanced + One-Step,NASDAQ:EVBG,0.02000714037267698
2020-04-07,17,AR1 alpha + Enhanced + One-Step,NASDAQ:EVBG,0.020007136796913173
2020-04-08,17,AR1 alpha + Enhanced + One-Step,NASDAQ:EVBG,0.02000730185226808
2020-04-09,17,AR1 alpha + Enhanced + One-Step,NASDAQ:EVBG,0.020007229123360497
2020-04-13,17,AR1 alpha + Enhanced + One-Step,NASDAQ:EVBG,0.02000669315244168
2020-04-14,17,AR1 alpha + Enhanced + One-Step,NASDAQ:EVBG,0.020009131524224937
2020-04-15,17,AR1 alpha + Enhanced + One-Step,NASDAQ:EVBG,0.018034493106098334
2020-04-16,17,AR1 alpha + Enhanced + One-Step,NASDAQ:EVBG,0.013023138807433807
2020-04-17,17,AR1 alpha + Enhanced + One-Step,NASDAQ:EVBG,0.01302302952410118
2020-04-20,17,AR1 alpha + Enhanced + One-Step,NASDAQ:EVBG,0.013023166059540339
2020-04-21,17,AR1 alpha + Enhanced + One-Step,NASDAQ:EVBG,0.013023615378562186
2020-04-22,17,AR1 alpha + Enhanced + One-Step,NASDAQ:EVBG,0.013023935125431589
2020-04-23,17,AR1 alpha + Enhanced + One-Step,NASDAQ:EVBG,0.013023981376015209
2020-04-24,17,AR1 alpha + Enhanced + One-Step,NASDAQ:EVBG,0.013024085579645
2020-04-27,17,AR1 alpha + Enhanced + One-Step,NASDAQ:EVBG,0.013024082765277166
2020-04-28,17,AR1 alpha + Enhanced + One-Step,NASDAQ:EVBG,0.013024079295601348
2020-04-29,17,AR1 alpha + Enhanced + One-Step,NASDAQ:EVBG,0.013024089339434136
2020-04-30,17,AR1 alpha + Enhanced + One-Step,NASDAQ:EVBG,0.013024177076439712
2020-05-01,17,AR1 alpha + Enhanced + One-Step,NASDAQ:EVBG,0.013023297129432723
2020-05-04,17,AR1 alpha + Enhanced + One-Step,NASDAQ:EVBG,0.013023325449072368
2020-05-05,17,AR1 alpha + Enhanced + One-Step,NASDAQ:EVBG,0.01302329231222496
2020-05-06,17,AR1 alpha + Enhanced + One-Step,NASDAQ:EVBG,0.01302326912095973
2020-05-07,17,AR1 alpha + Enhanced + One-Step,NASDAQ:EVBG,0.013023042170851736
2020-05-08,17,AR1 alpha + Enhanced + One-Step,NASDAQ:EVBG,0.013022481384415864
2020-05-11,17,AR1 alpha + Enhanced + One-Step,NASDAQ:EVBG,0.013022529248512615
2020-05-12,17,AR1 alpha + Enhanced + One-Step,NASDAQ:EVBG,0.016096189129022283
2020-05-13,17,AR1 alpha + Enhanced + One-Step,NASDAQ:EVBG,0.016096187688962028
2020-05-14,17,AR1 alpha + Enhanced + One-Step,NASDAQ:EVBG,0.020431614907625156
2020-05-15,17,AR1 alpha + Enhanced + One-Step,NASDAQ:EVBG,0.035180717981790156
2020-05-18,17,AR1 alpha + Enhanced + One-Step,NASDAQ:EVBG,0.03518084318248706
2020-05-19,17,AR1 alpha + Enhanced + One-Step,NASDAQ:EVBG,0.035180678889806874
2020-05-20,17,AR1 alpha + Enhanced + One-Step,NASDAQ:EVBG,0.03518077401773127
2020-05-21,17,AR1 alpha + Enhanced + One-Step,NASDAQ:EVBG,0.0351798375261953
2020-05-22,17,AR1 alpha + Enhanced + One-Step,NASDAQ:EVBG,0.03517979202860172
2020-05-26,17,AR1 alpha + Enhanced + One-Step,NASDAQ:EVBG,0.03517978764420174
2020-05-27,17,AR1 alpha + Enhanced + One-Step,NASDAQ:EVBG,0.03517989361133043
2020-05-28,17,AR1 alpha + Enhanced + One-Step,NASDAQ:EVBG,0.01641734882741076
2020-05-29,17,AR1 alpha + Enhanced + One-Step,NASDAQ:EVBG,0.016417349442027104
2020-06-01,17,AR1 alpha + Enhanced + One-Step,NASDAQ:EVBG,0.01641748155492297
2020-06-02,17,AR1 alpha + Enhanced + One-Step,NASDAQ:EVBG,0.016417378674850897
2020-06-03,17,AR1 alpha + Enhanced + One-Step,NASDAQ:EVBG,0.0009824495801708162
2020-06-04,17,AR1 alpha + Enhanced + One-Step,NASDAQ:EVBG,6.604180765543517e-08
2020-06-05,17,AR1 alpha + Enhanced + One-Step,NASDAQ:EVBG,0.0
2020-06-08,17,AR1 alpha + Enhanced + One-Step,NASDAQ:EVBG,0.0
2020-06-09,17,AR1 alpha + Enhanced + One-Step,NASDAQ:EVBG,1.908303072844787e-08
2020-06-10,17,AR1 alpha + Enhanced + One-Step,NASDAQ:EVBG,6.254431273148284e-09
2020-06-11,17,AR1 alpha + Enhanced + One-Step,NASDAQ:EVBG,4.1750620671174907e-07
2020-06-12,17,AR1 alpha + Enhanced + One-Step,NASDAQ:EVBG,1.5912471085572186e-07
2020-06-15,17,AR1 alpha + Enhanced + One-Step,NASDAQ:EVBG,0.0
2020-06-16,17,AR1 alpha + Enhanced + One-Step,NASDAQ:EVBG,1.838279389492374e-08
2020-06-17,17,AR1 alpha + Enhanced + One-Step,NASDAQ:EVBG,0.0
2020-06-18,17,AR1 alpha + Enhanced + One-Step,NASDAQ:EVBG,2.605581395703877e-08
2020-06-19,17,AR1 alpha + Enhanced + One-Step,NASDAQ:EVBG,0.0
2020-06-22,17,AR1 alpha + Enhanced + One-Step,NASDAQ:EVBG,4.391151036737711e-08
2020-06-23,17,AR1 alpha + Enhanced + One-Step,NASDAQ:EVBG,2.3857053907160792e-08
2020-06-24,17,AR1 alpha + Enhanced + One-Step,NASDAQ:EVBG,0.0
2020-06-25,17,AR1 alpha + Enhanced + One-Step,NASDAQ:EVBG,0.0
2020-06-26,17,AR1 alpha + Enhanced + One-Step,NASDAQ:EVBG,0.0
2020-06-29,17,AR1 alpha + Enhanced + One-Step,NASDAQ:EVBG,0.0
2020-06-30,17,AR1 alpha + Enhanced + One-Step,NASDAQ:EVBG,0.0
2020-07-01,17,AR1 alpha + Enhanced + One-Step,NASDAQ:EVBG,0.006574991020007987
2020-07-02,17,AR1 alpha + Enhanced + One-Step,NASDAQ:EVBG,0.004092879732674226
2020-07-06,17,AR1 alpha + Enhanced + One-Step,NASDAQ:EVBG,0.003926542617182679
2020-07-07,17,AR1 alpha + Enhanced + One-Step,NASDAQ:EVBG,0.0
2020-07-08,17,AR1 alpha + Enhanced + One-Step,NASDAQ:EVBG,0.0035281134147542694
2020-07-09,17,AR1 alpha + Enhanced + One-Step,NASDAQ:EVBG,0.0035287189841306664
2020-07-10,17,AR1 alpha + Enhanced + One-Step,NASDAQ:EVBG,0.0
2020-07-13,17,AR1 alpha + Enhanced + One-Step,NASDAQ:EVBG,0.0
2020-07-14,17,AR1 alpha + Enhanced + One-Step,NASDAQ:EVBG,9.208448510429573e-08
2020-07-15,17,AR1 alpha + Enhanced + One-Step,NASDAQ:EVBG,2.430127428811917e-07
2020-07-16,17,AR1 alpha + Enhanced + One-Step,NASDAQ:EVBG,6.260557391987728e-08
2020-07-17,17,AR1 alpha + Enhanced + One-Step,NASDAQ:EVBG,2.3339476930344875e-08
2020-07-20,17,AR1 alpha + Enhanced + One-Step,NASDAQ:EVBG,0.0
2020-07-21,17,AR1 alpha + Enhanced + One-Step,NASDAQ:EVBG,4.228053386176169e-08
2020-07-22,17,AR1 alpha + Enhanced + One-Step,NASDAQ:EVBG,6.861852449064746e-09
2020-07-23,17,AR1 alpha + Enhanced + One-Step,NASDAQ:EVBG,0.0
2020-07-24,17,AR1 alpha + Enhanced + One-Step,NASDAQ:EVBG,2.9680255815047966e-07
2020-07-27,17,AR1 alpha + Enhanced + One-Step,NASDAQ:EVBG,7.208707483671134e-07
2020-07-28,17,AR1 alpha + Enhanced + One-Step,NASDAQ:EVBG,2.74770232262338e-07
2020-07-29,17,AR1 alpha + Enhanced + One-Step,NASDAQ:EVBG,1.658099581888779e-07
2020-07-30,17,AR1 alpha + Enhanced + One-Step,NASDAQ:EVBG,2.2063208328011922e-07
2020-07-31,17,AR1 alpha + Enhanced + One-Step,NASDAQ:EVBG,3.5805857488449864e-09
2020-08-03,17,AR1 alpha + Enhanced + One-Step,NASDAQ:EVBG,0.0
2020-08-04,17,AR1 alpha + Enhanced + One-Step,NASDAQ:EVBG,0.0
2020-08-05,17,AR1 alpha + Enhanced + One-Step,NASDAQ:EVBG,2.3400919388578454e-09
2020-08-06,17,AR1 alpha + Enhanced + One-Step,NASDAQ:EVBG,8.81641496938013e-09
2020-08-07,17,AR1 alpha + Enhanced + One-Step,NASDAQ:EVBG,2.92121497910215e-07
2020-08-10,17,AR1 alpha + Enhanced + One-Step,NASDAQ:EVBG,1.4126916684727646e-07
2020-08-11,17,AR1 alpha + Enhanced + One-Step,NASDAQ:EVBG,4.36426263073669e-08
2020-08-12,17,AR1 alpha + Enhanced + One-Step,NASDAQ:EVBG,1.6969874442902588e-08
2020-08-13,17,AR1 alpha + Enhanced + One-Step,NASDAQ:EVBG,7.480903498480118e-09
2020-08-14,17,AR1 alpha + Enhanced + One-Step,NASDAQ:EVBG,3.8634251543552344e-09
2020-08-17,17,AR1 alpha + Enhanced + One-Step,NASDAQ:EVBG,9.350956919817485e-08
2020-08-18,17,AR1 alpha + Enhanced + One-Step,NASDAQ:EVBG,0.0
2020-08-19,17,AR1 alpha + Enhanced + One-Step,NASDAQ:EVBG,0.0
2020-08-20,17,AR1 alpha + Enhanced + One-Step,NASDAQ:EVBG,0.0
2020-08-21,17,AR1 alpha + Enhanced + One-Step,NASDAQ:EVBG,0.0
2020-08-24,17,AR1 alpha + Enhanced + One-Step,NASDAQ:EVBG,2.622378168083457e-09
2020-08-25,17,AR1 alpha + Enhanced + One-Step,NASDAQ:EVBG,6.403528608137217e-08
2020-08-26,17,AR1 alpha + Enhanced + One-Step,NASDAQ:EVBG,0.0
2020-08-27,17,AR1 alpha + Enhanced + One-Step,NASDAQ:EVBG,0.0
2020-08-28,17,AR1 alpha + Enhanced + One-Step,NASDAQ:EVBG,3.2088846308764363e-09
2020-08-31,17,AR1 alpha + Enhanced + One-Step,NASDAQ:EVBG,0.0
2020-09-01,17,AR1 alpha + Enhanced + One-Step,NASDAQ:EVBG,2.646106422402048e-07
2020-09-02,17,AR1 alpha + Enhanced + One-Step,NASDAQ:EVBG,2.007971003048874e-07
2020-09-03,17,AR1 alpha + Enhanced + One-Step,NASDAQ:EVBG,7.138922259719824e-08
2020-09-04,17,AR1 alpha + Enhanced + One-Step,NASDAQ:EVBG,3.1517926050808525e-08
2020-09-08,17,AR1 alpha + Enhanced + One-Step,NASDAQ:EVBG,3.3910129935301185e-07
2020-09-09,17,AR1 alpha + Enhanced + One-Step,NASDAQ:EVBG,5.393098169776322e-08
2020-09-10,17,AR1 alpha + Enhanced + One-Step,NASDAQ:EVBG,2.855919870455301e-07
2020-09-11,17,AR1 alpha + Enhanced + One-Step,NASDAQ:EVBG,1.1668074360259157e-07
2020-09-14,17,AR1 alpha + Enhanced + One-Step,NASDAQ:EVBG,5.886512524273356e-07
2020-09-15,17,AR1 alpha + Enhanced + One-Step,NASDAQ:EVBG,2.2494314111090868e-07
2020-09-16,17,AR1 alpha + Enhanced + One-Step,NASDAQ:EVBG,6.150904152394372e-08
2020-09-17,17,AR1 alpha + Enhanced + One-Step,NASDAQ:EVBG,0.0
2020-09-18,17,AR1 alpha + Enhanced + One-Step,NASDAQ:EVBG,0.0
2020-09-21,17,AR1 alpha + Enhanced + One-Step,NASDAQ:EVBG,4.0657919409283785e-09
2020-09-22,17,AR1 alpha + Enhanced + One-Step,NASDAQ:EVBG,0.0
2020-09-23,17,AR1 alpha + Enhanced + One-Step,NASDAQ:EVBG,0.0
2020-09-24,17,AR1 alpha + Enhanced + One-Step,NASDAQ:EVBG,5.2524757390109574e-08
2020-09-25,17,AR1 alpha + Enhanced + One-Step,NASDAQ:EVBG,9.578167516053307e-08
2020-09-28,17,AR1 alpha + Enhanced + One-Step,NASDAQ:EVBG,0.0
2020-09-29,17,AR1 alpha + Enhanced + One-Step,NASDAQ:EVBG,0.0
2020-09-30,17,AR1 alpha + Enhanced + One-Step,NASDAQ:EVBG,0.0
2020-10-01,17,AR1 alpha + Enhanced + One-Step,NASDAQ:EVBG,2.7399449299741864e-07
2020-10-02,17,AR1 alpha + Enhanced + One-Step,NASDAQ:EVBG,2.2830471545504267e-07
2020-10-05,17,AR1 alpha + Enhanced + One-Step,NASDAQ:EVBG,4.3627860323767104e-07
2020-10-06,17,AR1 alpha + Enhanced + One-Step,NASDAQ:EVBG,8.496615918915337e-08
2020-10-07,17,AR1 alpha + Enhanced + One-Step,NASDAQ:EVBG,0.0
2020-10-08,17,AR1 alpha + Enhanced + One-Step,NASDAQ:EVBG,0.0
2020-10-09,17,AR1 alpha + Enhanced + One-Step,NASDAQ:EVBG,4.766585064601955e-08
2020-10-12,17,AR1 alpha + Enhanced + One-Step,NASDAQ:EVBG,1.720168611699289e-08
2020-10-13,17,AR1 alpha + Enhanced + One-Step,NASDAQ:EVBG,0.0
2020-10-14,17,AR1 alpha + Enhanced + One-Step,NASDAQ:EVBG,4.028135471673381e-09
2020-10-15,17,AR1 alpha + Enhanced + One-Step,NASDAQ:EVBG,4.686028713871843e-09
2020-10-16,17,AR1 alpha + Enhanced + One-Step,NASDAQ:EVBG,0.0
2020-10-19,17,AR1 alpha + Enhanced + One-Step,NASDAQ:EVBG,0.0
2020-10-20,17,AR1 alpha + Enhanced + One-Step,NASDAQ:EVBG,0.0
2020-10-21,17,AR1 alpha + Enhanced + One-Step,NASDAQ:EVBG,0.0
2020-10-22,17,AR1 alpha + Enhanced + One-Step,NASDAQ:EVBG,0.0
2020-10-23,17,AR1 alpha + Enhanced + One-Step,NASDAQ:EVBG,0.0
2020-10-26,17,AR1 alpha + Enhanced + One-Step,NASDAQ:EVBG,0.0
2020-10-27,17,AR1 alpha + Enhanced + One-Step,NASDAQ:EVBG,1.6849286443963806e-07
2020-10-28,17,AR1 alpha + Enhanced + One-Step,NASDAQ:EVBG,7.642843108623271e-07
2020-10-29,17,AR1 alpha + Enhanced + One-Step,NASDAQ:EVBG,7.503512754009292e-07
2020-10-30,17,AR1 alpha + Enhanced + One-Step,NASDAQ:EVBG,4.7490852860045214e-07
2020-11-02,17,AR1 alpha + Enhanced + One-Step,NASDAQ:EVBG,6.300798896182897e-07
2020-11-03,17,AR1 alpha + Enhanced + One-Step,NASDAQ:EVBG,8.793723480743547e-07
2020-11-04,17,AR1 alpha + Enhanced + One-Step,NASDAQ:EVBG,6.768677462814508e-07
2020-11-05,17,AR1 alpha + Enhanced + One-Step,NASDAQ:EVBG,8.906938510894445e-08
2020-11-06,17,AR1 alpha + Enhanced + One-Step,NASDAQ:EVBG,0.025012987256874508
2020-11-09,17,AR1 alpha + Enhanced + One-Step,NASDAQ:EVBG,0.025013006702193436
2020-11-10,17,AR1 alpha + Enhanced + One-Step,NASDAQ:EVBG,9.008209669222976e-07
2020-11-11,17,AR1 alpha + Enhanced + One-Step,NASDAQ:EVBG,4.876864226360376e-07
2020-11-12,17,AR1 alpha + Enhanced + One-Step,NASDAQ:EVBG,2.7025877427210996e-07
2020-11-13,17,AR1 alpha + Enhanced + One-Step,NASDAQ:EVBG,6.623062427836014e-08
2020-11-16,17,AR1 alpha + Enhanced + One-Step,NASDAQ:EVBG,0.0
2020-11-17,17,AR1 alpha + Enhanced + One-Step,NASDAQ:EVBG,6.015921484845284e-08
2020-11-18,17,AR1 alpha + Enhanced + One-Step,NASDAQ:EVBG,0.0
2020-11-19,17,AR1 alpha + Enhanced + One-Step,NASDAQ:EVBG,0.0
2020-11-20,17,AR1 alpha + Enhanced + One-Step,NASDAQ:EVBG,0.0
2020-11-23,17,AR1 alpha + Enhanced + One-Step,NASDAQ:EVBG,1.3821261242319065e-07
2020-11-24,17,AR1 alpha + Enhanced + One-Step,NASDAQ:EVBG,6.432157441233899e-09
2020-11-25,17,AR1 alpha + Enhanced + One-Step,NASDAQ:EVBG,0.0
2020-11-27,17,AR1 alpha + Enhanced + One-Step,NASDAQ:EVBG,0.0
2020-11-30,17,AR1 alpha + Enhanced + One-Step,NASDAQ:EVBG,0.0
2020-12-01,17,AR1 alpha + Enhanced + One-Step,NASDAQ:EVBG,9.726357931510136e-08
2020-12-04,17,AR1 alpha + Enhanced + One-Step,NASDAQ:EVBG,1.966577855510102e-08
2020-12-07,17,AR1 alpha + Enhanced + One-Step,NASDAQ:EVBG,0.0
2020-12-08,17,AR1 alpha + Enhanced + One-Step,NASDAQ:EVBG,0.0
2020-12-09,17,AR1 alpha + Enhanced + One-Step,NASDAQ:EVBG,0.0
2020-12-10,17,AR1 alpha + Enhanced + One-Step,NASDAQ:EVBG,1.3042352304599155e-07
2020-12-11,17,AR1 alpha + Enhanced + One-Step,NASDAQ:EVBG,0.0
2020-12-14,17,AR1 alpha + Enhanced + One-Step,NASDAQ:EVBG,0.0
2020-12-15,17,AR1 alpha + Enhanced + One-Step,NASDAQ:EVBG,4.11263003882832e-08
2020-12-16,17,AR1 alpha + Enhanced + One-Step,NASDAQ:EVBG,0.0
2020-12-17,17,AR1 alpha + Enhanced + One-Step,NASDAQ:EVBG,0.0015920185853571102
2020-12-18,17,AR1 alpha + Enhanced + One-Step,NASDAQ:EVBG,0.0015946736834621868
2020-12-21,17,AR1 alpha + Enhanced + One-Step,NASDAQ:EVBG,0.0015943248526781074
2020-12-22,17,AR1 alpha + Enhanced + One-Step,NASDAQ:EVBG,0.00159435186522433
2020-12-23,17,AR1 alpha + Enhanced + One-Step,NASDAQ:EVBG,0.0005612381446600633
2020-12-24,17,AR1 alpha + Enhanced + One-Step,NASDAQ:EVBG,2.2976047500908992e-08
2020-12-28,17,AR1 alpha + Enhanced + One-Step,NASDAQ:EVBG,0.0
2020-12-29,17,AR1 alpha + Enhanced + One-Step,NASDAQ:EVBG,1.324092264404359e-08
2020-12-30,17,AR1 alpha + Enhanced + One-Step,NASDAQ:EVBG,0.0
2020-12-31,17,AR1 alpha + Enhanced + One-Step,NASDAQ:EVBG,0.0
2021-01-04,17,AR1 alpha + Enhanced + One-Step,NASDAQ:EVBG,0.0
2021-01-05,17,AR1 alpha + Enhanced + One-Step,NASDAQ:EVBG,0.0
2021-01-06,17,AR1 alpha + Enhanced + One-Step,NASDAQ:EVBG,0.0
2021-01-07,17,AR1 alpha + Enhanced + One-Step,NASDAQ:EVBG,0.0
2021-01-08,17,AR1 alpha + Enhanced + One-Step,NASDAQ:EVBG,0.0
2021-01-11,17,AR1 alpha + Enhanced + One-Step,NASDAQ:EVBG,0.0
2021-01-12,17,AR1 alpha + Enhanced + One-Step,NASDAQ:EVBG,0.0
2021-01-13,17,AR1 alpha + Enhanced + One-Step,NASDAQ:EVBG,7.054953945888841e-08
2021-01-14,17,AR1 alpha + Enhanced + One-Step,NASDAQ:EVBG,7.807875110788916e-08
2021-01-15,17,AR1 alpha + Enhanced + One-Step,NASDAQ:EVBG,5.771898642516121e-09
2021-01-19,17,AR1 alpha + Enhanced + One-Step,NASDAQ:EVBG,0.0
2021-01-20,17,AR1 alpha + Enhanced + One-Step,NASDAQ:EVBG,0.0
2021-01-21,17,AR1 alpha + Enhanced + One-Step,NASDAQ:EVBG,0.0
2021-01-22,17,AR1 alpha + Enhanced + One-Step,NASDAQ:EVBG,0.0
2021-01-25,17,AR1 alpha + Enhanced + One-Step,NASDAQ:EVBG,0.0
2021-01-26,17,AR1 alpha + Enhanced + One-Step,NASDAQ:EVBG,0.0
2021-01-27,17,AR1 alpha + Enhanced + One-Step,NASDAQ:EVBG,4.4094594029737265e-07
2021-01-28,17,AR1 alpha + Enhanced + One-Step,NASDAQ:EVBG,1.8007838244698604e-06
2021-01-29,17,AR1 alpha + Enhanced + One-Step,NASDAQ:EVBG,5.766312805860461e-07
2021-02-01,17,AR1 alpha + Enhanced + One-Step,NASDAQ:EVBG,2.2469983673560728e-07
2021-02-02,17,AR1 alpha + Enhanced + One-Step,NASDAQ:EVBG,1.0060868284712238e-07
2021-02-03,17,AR1 alpha + Enhanced + One-Step,NASDAQ:EVBG,0.0
2021-02-04,17,AR1 alpha + Enhanced + One-Step,NASDAQ:EVBG,0.0
2021-02-05,17,AR1 alpha + Enhanced + One-Step,NASDAQ:EVBG,0.0
2021-02-08,17,AR1 alpha + Enhanced + One-Step,NASDAQ:EVBG,1.2840103578235577e-07
2021-02-09,17,AR1 alpha + Enhanced + One-Step,NASDAQ:EVBG,5.469713787224289e-08
2021-02-10,17,AR1 alpha + Enhanced + One-Step,NASDAQ:EVBG,2.182769952289462e-07
2021-02-11,17,AR1 alpha + Enhanced + One-Step,NASDAQ:EVBG,7.890816226061755e-08
2021-02-12,17,AR1 alpha + Enhanced + One-Step,NASDAQ:EVBG,1.5556449233661888e-08
2021-02-16,17,AR1 alpha + Enhanced + One-Step,NASDAQ:EVBG,0.0
2021-02-17,17,AR1 alpha + Enhanced + One-Step,NASDAQ:EVBG,4.357716706235569e-08
2021-02-18,17,AR1 alpha + Enhanced + One-Step,NASDAQ:EVBG,7.296787073894903e-08
2021-02-19,17,AR1 alpha + Enhanced + One-Step,NASDAQ:EVBG,0.017569809206181893
2021-02-22,17,AR1 alpha + Enhanced + One-Step,NASDAQ:EVBG,0.01757056463552066
2021-02-23,17,AR1 alpha + Enhanced + One-Step,NASDAQ:EVBG,0.01757071898196555
2021-02-24,17,AR1 alpha + Enhanced + One-Step,NASDAQ:EVBG,0.017570739566962798
2021-02-25,17,AR1 alpha + Enhanced + One-Step,NASDAQ:EVBG,0.014247054927957484
2021-02-26,17,AR1 alpha + Enhanced + One-Step,NASDAQ:EVBG,5.982323469249427e-07
2021-03-01,17,AR1 alpha + Enhanced + One-Step,NASDAQ:EVBG,3.256920183337011e-07
2021-03-02,17,AR1 alpha + Enhanced + One-Step,NASDAQ:EVBG,9.702349357624587e-08
2021-03-03,17,AR1 alpha + Enhanced + One-Step,NASDAQ:EVBG,3.752159183380912e-10
2021-03-04,17,AR1 alpha + Enhanced + One-Step,NASDAQ:EVBG,0.0
2021-03-05,17,AR1 alpha + Enhanced + One-Step,NASDAQ:EVBG,5.192275987729239e-08
2021-03-08,17,AR1 alpha + Enhanced + One-Step,NASDAQ:EVBG,1.3034966705141376e-08
2021-03-09,17,AR1 alpha + Enhanced + One-Step,NASDAQ:EVBG,1.5436371038349627e-09
2021-03-10,17,AR1 alpha + Enhanced + One-Step,NASDAQ:EVBG,1.1462524652365324e-06
2021-03-11,17,AR1 alpha + Enhanced + One-Step,NASDAQ:EVBG,4.253314381367151e-07
2021-03-12,17,AR1 alpha + Enhanced + One-Step,NASDAQ:EVBG,1.4469932553215438e-07
2021-03-15,17,AR1 alpha + Enhanced + One-Step,NASDAQ:EVBG,6.181524341373898e-07
2021-03-16,17,AR1 alpha + Enhanced + One-Step,NASDAQ:EVBG,3.066682829319481e-07
2021-03-17,17,AR1 alpha + Enhanced + One-Step,NASDAQ:EVBG,1.248573799867046e-07
2021-03-18,17,AR1 alpha + Enhanced + One-Step,NASDAQ:EVBG,3.0117317602144976e-07
2021-03-19,17,AR1 alpha + Enhanced + One-Step,NASDAQ:EVBG,1.0483660237644143e-07
2021-03-22,17,AR1 alpha + Enhanced + One-Step,NASDAQ:EVBG,2.9528314896607746e-07
2021-03-23,17,AR1 alpha + Enhanced + One-Step,NASDAQ:EVBG,5.108119038327175e-07
2021-03-24,17,AR1 alpha + Enhanced + One-Step,NASDAQ:EVBG,1.831524607531785e-07
2021-03-25,17,AR1 alpha + Enhanced + One-Step,NASDAQ:EVBG,1.5411727905011998e-07
2021-03-26,17,AR1 alpha + Enhanced + One-Step,NASDAQ:EVBG,1.8163729882457598e-07
2021-03-29,17,AR1 alpha + Enhanced + One-Step,NASDAQ:EVBG,1.662610677530404e-07
2021-03-30,17,AR1 alpha + Enhanced + One-Step,NASDAQ:EVBG,7.402320514212574e-08
2021-03-31,17,AR1 alpha + Enhanced + One-Step,NASDAQ:EVBG,0.0
2021-04-01,17,AR1 alpha + Enhanced + One-Step,NASDAQ:EVBG,6.005421894194606e-07
2021-04-05,17,AR1 alpha + Enhanced + One-Step,NASDAQ:EVBG,1.354425190753129e-07
2021-04-06,17,AR1 alpha + Enhanced + One-Step,NASDAQ:EVBG,3.798526540338204e-08
2021-04-07,17,AR1 alpha + Enhanced + One-Step,NASDAQ:EVBG,0.0
2021-04-08,17,AR1 alpha + Enhanced + One-Step,NASDAQ:EVBG,0.0
2021-04-09,17,AR1 alpha + Enhanced + One-Step,NASDAQ:EVBG,0.0
2021-04-12,17,AR1 alpha + Enhanced + One-Step,NASDAQ:EVBG,1.1613331773231027e-07
2021-04-13,17,AR1 alpha + Enhanced + One-Step,NASDAQ:EVBG,0.0
2021-04-14,17,AR1 alpha + Enhanced + One-Step,NASDAQ:EVBG,0.0
2021-04-15,17,AR1 alpha + Enhanced + One-Step,NASDAQ:EVBG,8.493526640274083e-08
2021-04-16,17,AR1 alpha + Enhanced + One-Step,NASDAQ:EVBG,3.7612276095993405e-08
2021-04-19,17,AR1 alpha + Enhanced + One-Step,NASDAQ:EVBG,1.2956423920425612e-08
2021-04-20,17,AR1 alpha + Enhanced + One-Step,NASDAQ:EVBG,0.0
2021-04-21,17,AR1 alpha + Enhanced + One-Step,NASDAQ:EVBG,6.185994236367338e-09
2021-04-22,17,AR1 alpha + Enhanced + One-Step,NASDAQ:EVBG,0.0
2021-04-23,17,AR1 alpha + Enhanced + One-Step,NASDAQ:EVBG,0.0
2021-04-26,17,AR1 alpha + Enhanced + One-Step,NASDAQ:EVBG,0.0
2021-04-27,17,AR1 alpha + Enhanced + One-Step,NASDAQ:EVBG,0.0
2021-04-28,17,AR1 alpha + Enhanced + One-Step,NASDAQ:EVBG,0.0
2021-04-29,17,AR1 alpha + Enhanced + One-Step,NASDAQ:EVBG,0.0
2021-04-30,17,AR1 alpha + Enhanced + One-Step,NASDAQ:EVBG,0.0
2021-05-03,17,AR1 alpha + Enhanced + One-Step,NASDAQ:EVBG,9.998157369999716e-07
2021-05-04,17,AR1 alpha + Enhanced + One-Step,NASDAQ:EVBG,2.356943476688897e-07
2021-05-05,17,AR1 alpha + Enhanced + One-Step,NASDAQ:EVBG,0.0
2021-05-06,17,AR1 alpha + Enhanced + One-Step,NASDAQ:EVBG,3.489599260505453e-07
2021-05-07,17,AR1 alpha + Enhanced + One-Step,NASDAQ:EVBG,2.2732293366658512e-07
2021-05-10,17,AR1 alpha + Enhanced + One-Step,NASDAQ:EVBG,1.76968996328284e-07
2021-05-11,17,AR1 alpha + Enhanced + One-Step,NASDAQ:EVBG,7.735540195956896e-08
2021-05-12,17,AR1 alpha + Enhanced + One-Step,NASDAQ:EVBG,0.0
2021-05-13,17,AR1 alpha + Enhanced + One-Step,NASDAQ:EVBG,0.0
2021-05-14,17,AR1 alpha + Enhanced + One-Step,NASDAQ:EVBG,0.0
2021-05-17,17,AR1 alpha + Enhanced + One-Step,NASDAQ:EVBG,1.4150495444432703e-07
2021-05-18,17,AR1 alpha + Enhanced + One-Step,NASDAQ:EVBG,4.170165041701104e-07
2021-05-19,17,AR1 alpha + Enhanced + One-Step,NASDAQ:EVBG,1.1362809866288865e-06
2021-05-20,17,AR1 alpha + Enhanced + One-Step,NASDAQ:EVBG,6.585493080245764e-07
2021-05-21,17,AR1 alpha + Enhanced + One-Step,NASDAQ:EVBG,3.023585376641084e-07
2021-05-24,17,AR1 alpha + Enhanced + One-Step,NASDAQ:EVBG,2.266789229587482e-07
2021-05-25,17,AR1 alpha + Enhanced + One-Step,NASDAQ:EVBG,7.921052387382461e-08
2021-05-26,17,AR1 alpha + Enhanced + One-Step,NASDAQ:EVBG,0.0
2021-05-27,17,AR1 alpha + Enhanced + One-Step,NASDAQ:EVBG,0.0
2021-05-28,17,AR1 alpha + Enhanced + One-Step,NASDAQ:EVBG,0.0
2021-06-01,17,AR1 alpha + Enhanced + One-Step,NASDAQ:EVBG,0.0
2021-06-02,17,AR1 alpha + Enhanced + One-Step,NASDAQ:EVBG,0.0
2021-06-03,17,AR1 alpha + Enhanced + One-Step,NASDAQ:EVBG,0.0
2021-06-04,17,AR1 alpha + Enhanced + One-Step,NASDAQ:EVBG,0.0
2021-06-07,17,AR1 alpha + Enhanced + One-Step,NASDAQ:EVBG,0.0
2021-06-08,17,AR1 alpha + Enhanced + One-Step,NASDAQ:EVBG,1.1572575488305568e-07
2021-06-09,17,AR1 alpha + Enhanced + One-Step,NASDAQ:EVBG,0.0
2021-06-10,17,AR1 alpha + Enhanced + One-Step,NASDAQ:EVBG,0.0
2021-06-11,17,AR1 alpha + Enhanced + One-Step,NASDAQ:EVBG,0.0
2021-06-14,17,AR1 alpha + Enhanced + One-Step,NASDAQ:EVBG,0.0
2021-06-15,17,AR1 alpha + Enhanced + One-Step,NASDAQ:EVBG,0.0
2021-06-16,17,AR1 alpha + Enhanced + One-Step,NASDAQ:EVBG,0.0
2021-06-17,17,AR1 alpha + Enhanced + One-Step,NASDAQ:EVBG,0.0
2021-06-18,17,AR1 alpha + Enhanced + One-Step,NASDAQ:EVBG,8.620698118964869e-08
2021-06-21,17,AR1 alpha + Enhanced + One-Step,NASDAQ:EVBG,9.340210805654998e-07
2021-06-22,17,AR1 alpha + Enhanced + One-Step,NASDAQ:EVBG,0.0
2021-06-23,17,AR1 alpha + Enhanced + One-Step,NASDAQ:EVBG,0.0
2021-06-24,17,AR1 alpha + Enhanced + One-Step,NASDAQ:EVBG,7.474435717640274e-07
2021-06-25,17,AR1 alpha + Enhanced + One-Step,NASDAQ:EVBG,6.914982682686645e-07
2021-06-28,17,AR1 alpha + Enhanced + One-Step,NASDAQ:EVBG,3.291994838928305e-07
2021-06-29,17,AR1 alpha + Enhanced + One-Step,NASDAQ:EVBG,0.0
2021-06-30,17,AR1 alpha + Enhanced + One-Step,NASDAQ:EVBG,2.6943549668852283e-07
2021-07-01,17,AR1 alpha + Enhanced + One-Step,NASDAQ:EVBG,1.3636645562244465e-07
2021-07-02,17,AR1 alpha + Enhanced + One-Step,NASDAQ:EVBG,4.968710712070613e-08
2021-07-06,17,AR1 alpha + Enhanced + One-Step,NASDAQ:EVBG,0.0
2021-07-07,17,AR1 alpha + Enhanced + One-Step,NASDAQ:EVBG,4.67770893292511e-07
2021-07-08,17,AR1 alpha + Enhanced + One-Step,NASDAQ:EVBG,1.3141798440979593e-07
2021-07-09,17,AR1 alpha + Enhanced + One-Step,NASDAQ:EVBG,0.0
2021-07-12,17,AR1 alpha + Enhanced + One-Step,NASDAQ:EVBG,0.0
2021-07-13,17,AR1 alpha + Enhanced + One-Step,NASDAQ:EVBG,0.0
2021-07-14,17,AR1 alpha + Enhanced + One-Step,NASDAQ:EVBG,0.0
2021-07-15,17,AR1 alpha + Enhanced + One-Step,NASDAQ:EVBG,0.0
2021-07-16,17,AR1 alpha + Enhanced + One-Step,NASDAQ:EVBG,0.0
2021-07-19,17,AR1 alpha + Enhanced + One-Step,NASDAQ:EVBG,0.0
2021-07-20,17,AR1 alpha + Enhanced + One-Step,NASDAQ:EVBG,0.0
2021-07-21,17,AR1 alpha + Enhanced + One-Step,NASDAQ:EVBG,2.8617411716504096e-07
2021-07-22,17,AR1 alpha + Enhanced + One-Step,NASDAQ:EVBG,0.0
2021-07-23,17,AR1 alpha + Enhanced + One-Step,NASDAQ:EVBG,0.0
2021-07-26,17,AR1 alpha + Enhanced + One-Step,NASDAQ:EVBG,0.0
2021-07-27,17,AR1 alpha + Enhanced + One-Step,NASDAQ:EVBG,1.3059497416103414e-07
2021-07-28,17,AR1 alpha + Enhanced + One-Step,NASDAQ:EVBG,0.0
2021-07-29,17,AR1 alpha + Enhanced + One-Step,NASDAQ:EVBG,0.0
2021-07-30,17,AR1 alpha + Enhanced + One-Step,NASDAQ:EVBG,0.0
2021-08-02,17,AR1 alpha + Enhanced + One-Step,NASDAQ:EVBG,0.0
2021-08-03,17,AR1 alpha + Enhanced + One-Step,NASDAQ:EVBG,0.0
2021-08-04,17,AR1 alpha + Enhanced + One-Step,NASDAQ:EVBG,0.0
2021-08-05,17,AR1 alpha + Enhanced + One-Step,NASDAQ:EVBG,1.6883569883004565e-09
2021-08-06,17,AR1 alpha + Enhanced + One-Step,NASDAQ:EVBG,0.0
2021-08-09,17,AR1 alpha + Enhanced + One-Step,NASDAQ:EVBG,0.0
2021-08-10,17,AR1 alpha + Enhanced + One-Step,NASDAQ:EVBG,0.0
2021-08-11,17,AR1 alpha + Enhanced + One-Step,NASDAQ:EVBG,0.0
2021-08-12,17,AR1 alpha + Enhanced + One-Step,NASDAQ:EVBG,0.0
2021-08-13,17,AR1 alpha + Enhanced + One-Step,NASDAQ:EVBG,1.1523570363407586e-07
2021-08-16,17,AR1 alpha + Enhanced + One-Step,NASDAQ:EVBG,9.763671971849028e-07
2021-08-17,17,AR1 alpha + Enhanced + One-Step,NASDAQ:EVBG,8.055612756847818e-07
2021-08-18,17,AR1 alpha + Enhanced + One-Step,NASDAQ:EVBG,5.159428726817707e-07
2021-08-19,17,AR1 alpha + Enhanced + One-Step,NASDAQ:EVBG,1.0309998695881416e-06
2021-08-20,17,AR1 alpha + Enhanced + One-Step,NASDAQ:EVBG,0.0
2021-08-23,17,AR1 alpha + Enhanced + One-Step,NASDAQ:EVBG,0.0
2021-08-24,17,AR1 alpha + Enhanced + One-Step,NASDAQ:EVBG,0.0
2021-08-25,17,AR1 alpha + Enhanced + One-Step,NASDAQ:EVBG,1.420066104282395e-08
2021-08-26,17,AR1 alpha + Enhanced + One-Step,NASDAQ:EVBG,0.0
2021-08-27,17,AR1 alpha + Enhanced + One-Step,NASDAQ:EVBG,0.0
2021-08-30,17,AR1 alpha + Enhanced + One-Step,NASDAQ:EVBG,0.0
2021-08-31,17,AR1 alpha + Enhanced + One-Step,NASDAQ:EVBG,1.853387783915117e-08
2021-09-01,17,AR1 alpha + Enhanced + One-Step,NASDAQ:EVBG,0.0
2021-09-02,17,AR1 alpha + Enhanced + One-Step,NASDAQ:EVBG,6.614994321614093e-08
2021-09-03,17,AR1 alpha + Enhanced + One-Step,NASDAQ:EVBG,0.0
2021-09-07,17,AR1 alpha + Enhanced + One-Step,NASDAQ:EVBG,0.0
2021-09-08,17,AR1 alpha + Enhanced + One-Step,NASDAQ:EVBG,0.0
2021-09-09,17,AR1 alpha + Enhanced + One-Step,NASDAQ:EVBG,0.0
2021-09-10,17,AR1 alpha + Enhanced + One-Step,NASDAQ:EVBG,0.0
2021-09-13,17,AR1 alpha + Enhanced + One-Step,NASDAQ:EVBG,2.417436965069354e-07
2021-09-14,17,AR1 alpha + Enhanced + One-Step,NASDAQ:EVBG,3.796672803369259e-08
2021-09-15,17,AR1 alpha + Enhanced + One-Step,NASDAQ:EVBG,0.0
2021-09-16,17,AR1 alpha + Enhanced + One-Step,NASDAQ:EVBG,0.0
2021-09-17,17,AR1 alpha + Enhanced + One-Step,NASDAQ:EVBG,0.0
2021-09-20,17,AR1 alpha + Enhanced + One-Step,NASDAQ:EVBG,2.7533438060865847e-07
2021-09-21,17,AR1 alpha + Enhanced + One-Step,NASDAQ:EVBG,0.0
2021-09-22,17,AR1 alpha + Enhanced + One-Step,NASDAQ:EVBG,0.0
2021-09-23,17,AR1 alpha + Enhanced + One-Step,NASDAQ:EVBG,4.0609340827969243e-07
2021-09-24,17,AR1 alpha + Enhanced + One-Step,NASDAQ:EVBG,1.385205308143303e-07
2021-09-27,17,AR1 alpha + Enhanced + One-Step,NASDAQ:EVBG,6.267380500112362e-08
2021-09-28,17,AR1 alpha + Enhanced + One-Step,NASDAQ:EVBG,0.0
2021-09-29,17,AR1 alpha + Enhanced + One-Step,NASDAQ:EVBG,2.9995357057179337e-07
2021-09-30,17,AR1 alpha + Enhanced + One-Step,NASDAQ:EVBG,8.025670813300706e-08
2021-10-01,17,AR1 alpha + Enhanced + One-Step,NASDAQ:EVBG,5.872953564508352e-10
2021-10-04,17,AR1 alpha + Enhanced + One-Step,NASDAQ:EVBG,3.927591070353927e-08
2021-10-05,17,AR1 alpha + Enhanced + One-Step,NASDAQ:EVBG,0.0
2021-10-06,17,AR1 alpha + Enhanced + One-Step,NASDAQ:EVBG,0.0
2021-10-07,17,AR1 alpha + Enhanced + One-Step,NASDAQ:EVBG,0.0
2021-10-08,17,AR1 alpha + Enhanced + One-Step,NASDAQ:EVBG,0.0
2021-10-11,17,AR1 alpha + Enhanced + One-Step,NASDAQ:EVBG,0.0
2021-10-12,17,AR1 alpha + Enhanced + One-Step,NASDAQ:EVBG,1.8111766002364692e-07
2021-10-13,17,AR1 alpha + Enhanced + One-Step,NASDAQ:EVBG,1.433493294037458e-07
2021-10-14,17,AR1 alpha + Enhanced + One-Step,NASDAQ:EVBG,0.0
2021-10-15,17,AR1 alpha + Enhanced + One-Step,NASDAQ:EVBG,0.0
2021-10-18,17,AR1 alpha + Enhanced + One-Step,NASDAQ:EVBG,0.0
2021-10-19,17,AR1 alpha + Enhanced + One-Step,NASDAQ:EVBG,0.0
2021-10-20,17,AR1 alpha + Enhanced + One-Step,NASDAQ:EVBG,2.331819115050379e-07
2021-10-21,17,AR1 alpha + Enhanced + One-Step,NASDAQ:EVBG,1.861289939837616e-07
2021-10-22,17,AR1 alpha + Enhanced + One-Step,NASDAQ:EVBG,1.3056446545558334e-07
2021-10-25,17,AR1 alpha + Enhanced + One-Step,NASDAQ:EVBG,0.0
2021-10-26,17,AR1 alpha + Enhanced + One-Step,NASDAQ:EVBG,0.0
2021-10-27,17,AR1 alpha + Enhanced + One-Step,NASDAQ:EVBG,0.0
2021-10-28,17,AR1 alpha + Enhanced + One-Step,NASDAQ:EVBG,3.7249176597780545e-09
2021-10-29,17,AR1 alpha + Enhanced + One-Step,NASDAQ:EVBG,0.0
2021-11-01,17,AR1 alpha + Enhanced + One-Step,NASDAQ:EVBG,0.0
2021-11-02,17,AR1 alpha + Enhanced + One-Step,NASDAQ:EVBG,0.0
2021-11-03,17,AR1 alpha + Enhanced + One-Step,NASDAQ:EVBG,1.4061185596226874e-06
2021-11-04,17,AR1 alpha + Enhanced + One-Step,NASDAQ:EVBG,1.1316315135636386e-06
2021-11-05,17,AR1 alpha + Enhanced + One-Step,NASDAQ:EVBG,6.237669356422225e-07
2021-11-08,17,AR1 alpha + Enhanced + One-Step,NASDAQ:EVBG,0.0
2021-11-09,17,AR1 alpha + Enhanced + One-Step,NASDAQ:EVBG,3.341034587856086e-08
2021-11-10,17,AR1 alpha + Enhanced + One-Step,NASDAQ:EVBG,2.8349956463481935e-07
2021-11-11,17,AR1 alpha + Enhanced + One-Step,NASDAQ:EVBG,1.4820344655328771e-07
2021-11-12,17,AR1 alpha + Enhanced + One-Step,NASDAQ:EVBG,1.364041408484174e-07
2021-11-15,17,AR1 alpha + Enhanced + One-Step,NASDAQ:EVBG,4.862812675749615e-07
2021-11-16,17,AR1 alpha + Enhanced + One-Step,NASDAQ:EVBG,1.9600020122922577e-07
2021-11-17,17,AR1 alpha + Enhanced + One-Step,NASDAQ:EVBG,0.0
2021-11-18,17,AR1 alpha + Enhanced + One-Step,NASDAQ:EVBG,0.0
2021-11-19,17,AR1 alpha + Enhanced + One-Step,NASDAQ:EVBG,2.0208810289958383e-07
2021-11-22,17,AR1 alpha + Enhanced + One-Step,NASDAQ:EVBG,2.9072026459329126e-07
2021-11-23,17,AR1 alpha + Enhanced + One-Step,NASDAQ:EVBG,0.0
2021-11-24,17,AR1 alpha + Enhanced + One-Step,NASDAQ:EVBG,0.0
2021-11-26,17,AR1 alpha + Enhanced + One-Step,NASDAQ:EVBG,0.0
2021-11-29,17,AR1 alpha + Enhanced + One-Step,NASDAQ:EVBG,0.0
2021-11-30,17,AR1 alpha + Enhanced + One-Step,NASDAQ:EVBG,0.0
2021-12-01,17,AR1 alpha + Enhanced + One-Step,NASDAQ:EVBG,0.0
2021-12-02,17,AR1 alpha + Enhanced + One-Step,NASDAQ:EVBG,0.0
2021-12-03,17,AR1 alpha + Enhanced + One-Step,NASDAQ:EVBG,0.0
2021-12-06,17,AR1 alpha + Enhanced + One-Step,NASDAQ:EVBG,2.751313244990707e-07
2021-12-07,17,AR1 alpha + Enhanced + One-Step,NASDAQ:EVBG,1.3824891115184334e-07
2021-12-08,17,AR1 alpha + Enhanced + One-Step,NASDAQ:EVBG,0.0
2021-12-09,17,AR1 alpha + Enhanced + One-Step,NASDAQ:EVBG,0.0
2021-12-10,17,AR1 alpha + Enhanced + One-Step,NASDAQ:EVBG,0.0
2021-12-13,17,AR1 alpha + Enhanced + One-Step,NASDAQ:EVBG,0.0
2021-12-14,17,AR1 alpha + Enhanced + One-Step,NASDAQ:EVBG,0.0
2021-12-15,17,AR1 alpha + Enhanced + One-Step,NASDAQ:EVBG,7.253170316018195e-08
2021-12-16,17,AR1 alpha + Enhanced + One-Step,NASDAQ:EVBG,1.798827284627286e-08
2021-12-17,17,AR1 alpha + Enhanced + One-Step,NASDAQ:EVBG,0.0
2021-12-20,17,AR1 alpha + Enhanced + One-Step,NASDAQ:EVBG,5.306680574080292e-07
2021-12-21,17,AR1 alpha + Enhanced + One-Step,NASDAQ:EVBG,3.2837018184424726e-07
2021-12-22,17,AR1 alpha + Enhanced + One-Step,NASDAQ:EVBG,0.0
2021-12-23,17,AR1 alpha + Enhanced + One-Step,NASDAQ:EVBG,2.022022309659403e-07
2021-12-27,17,AR1 alpha + Enhanced + One-Step,NASDAQ:EVBG,5.162979190653926e-08
2021-12-28,17,AR1 alpha + Enhanced + One-Step,NASDAQ:EVBG,8.656587195163632e-08
2021-12-29,17,AR1 alpha + Enhanced + One-Step,NASDAQ:EVBG,6.023155575449447e-07
2021-12-30,17,AR1 alpha + Enhanced + One-Step,NASDAQ:EVBG,0.0
2021-12-31,17,AR1 alpha + Enhanced + One-Step,NASDAQ:EVBG,0.0
2022-01-03,17,AR1 alpha + Enhanced + One-Step,NASDAQ:EVBG,9.743024127349092e-08
2022-01-04,17,AR1 alpha + Enhanced + One-Step,NASDAQ:EVBG,1.115150904941787e-07
2022-01-05,17,AR1 alpha + Enhanced + One-Step,NASDAQ:EVBG,4.0462039304773106e-08
2022-01-06,17,AR1 alpha + Enhanced + One-Step,NASDAQ:EVBG,5.0979171897545136e-08
2022-01-07,17,AR1 alpha + Enhanced + One-Step,NASDAQ:EVBG,1.4561487561523428e-07
2022-01-10,17,AR1 alpha + Enhanced + One-Step,NASDAQ:EVBG,2.186256990691503e-07
2022-01-11,17,AR1 alpha + Enhanced + One-Step,NASDAQ:EVBG,1.112892958726029e-07
2022-01-12,17,AR1 alpha + Enhanced + One-Step,NASDAQ:EVBG,0.0
2022-01-13,17,AR1 alpha + Enhanced + One-Step,NASDAQ:EVBG,0.0
2022-01-14,17,AR1 alpha + Enhanced + One-Step,NASDAQ:EVBG,0.0
2022-01-18,17,AR1 alpha + Enhanced + One-Step,NASDAQ:EVBG,3.905865132857781e-08
2022-01-19,17,AR1 alpha + Enhanced + One-Step,NASDAQ:EVBG,0.0
2022-01-20,17,AR1 alpha + Enhanced + One-Step,NASDAQ:EVBG,2.141074637566068e-08
2022-01-21,17,AR1 alpha + Enhanced + One-Step,NASDAQ:EVBG,0.0
2022-01-24,17,AR1 alpha + Enhanced + One-Step,NASDAQ:EVBG,0.0
2022-01-25,17,AR1 alpha + Enhanced + One-Step,NASDAQ:EVBG,3.2273072784714844e-08
2022-01-26,17,AR1 alpha + Enhanced + One-Step,NASDAQ:EVBG,8.081840381163286e-08
2022-01-27,17,AR1 alpha + Enhanced + One-Step,NASDAQ:EVBG,2.2722204778491243e-07
2022-01-28,17,AR1 alpha + Enhanced + One-Step,NASDAQ:EVBG,7.427164510712135e-08
2022-01-31,17,AR1 alpha + Enhanced + One-Step,NASDAQ:EVBG,2.912124251805443e-07
2022-02-01,17,AR1 alpha + Enhanced + One-Step,NASDAQ:EVBG,1.5669939498223017e-07
2022-02-02,17,AR1 alpha + Enhanced + One-Step,NASDAQ:EVBG,5.8384383385215816e-08
2022-02-03,17,AR1 alpha + Enhanced + One-Step,NASDAQ:EVBG,1.2989950653386928e-07
2022-02-04,17,AR1 alpha + Enhanced + One-Step,NASDAQ:EVBG,7.291169761280623e-08
2022-02-07,17,AR1 alpha + Enhanced + One-Step,NASDAQ:EVBG,0.0
2022-02-08,17,AR1 alpha + Enhanced + One-Step,NASDAQ:EVBG,2.0046976113916005e-08
2022-02-09,17,AR1 alpha + Enhanced + One-Step,NASDAQ:EVBG,0.0
2022-02-10,17,AR1 alpha + Enhanced + One-Step,NASDAQ:EVBG,0.0
2022-02-11,17,AR1 alpha + Enhanced + One-Step,NASDAQ:EVBG,2.631885407761316e-07
2022-02-14,17,AR1 alpha + Enhanced + One-Step,NASDAQ:EVBG,0.0
2022-02-15,17,AR1 alpha + Enhanced + One-Step,NASDAQ:EVBG,2.8957922642262144e-09
2022-02-16,17,AR1 alpha + Enhanced + One-Step,NASDAQ:EVBG,0.0
2022-02-17,17,AR1 alpha + Enhanced + One-Step,NASDAQ:EVBG,0.0
2022-02-18,17,AR1 alpha + Enhanced + One-Step,NASDAQ:EVBG,1.2721658403799995e-08
2022-02-22,17,AR1 alpha + Enhanced + One-Step,NASDAQ:EVBG,0.0
2022-02-23,17,AR1 alpha + Enhanced + One-Step,NASDAQ:EVBG,0.0
2022-02-24,17,AR1 alpha + Enhanced + One-Step,NASDAQ:EVBG,0.0
2022-02-25,17,AR1 alpha + Enhanced + One-Step,NASDAQ:EVBG,0.02499693192113399
2022-02-28,17,AR1 alpha + Enhanced + One-Step,NASDAQ:EVBG,0.0
2022-03-01,17,AR1 alpha + Enhanced + One-Step,NASDAQ:EVBG,4.077665361761332e-08
2022-03-02,17,AR1 alpha + Enhanced + One-Step,NASDAQ:EVBG,0.0
2022-03-03,17,AR1 alpha + Enhanced + One-Step,NASDAQ:EVBG,0.0
2022-03-04,17,AR1 alpha + Enhanced + One-Step,NASDAQ:EVBG,0.0
2022-03-07,17,AR1 alpha + Enhanced + One-Step,NASDAQ:EVBG,8.976509721318985e-07
2022-03-08,17,AR1 alpha + Enhanced + One-Step,NASDAQ:EVBG,2.947917348610291e-07
2022-03-09,17,AR1 alpha + Enhanced + One-Step,NASDAQ:EVBG,0.0
2022-03-10,17,AR1 alpha + Enhanced + One-Step,NASDAQ:EVBG,9.05212450635649e-09
2022-03-11,17,AR1 alpha + Enhanced + One-Step,NASDAQ:EVBG,0.0
2022-03-14,17,AR1 alpha + Enhanced + One-Step,NASDAQ:EVBG,0.0
2022-03-15,17,AR1 alpha + Enhanced + One-Step,NASDAQ:EVBG,0.0
2022-03-16,17,AR1 alpha + Enhanced + One-Step,NASDAQ:EVBG,0.0
2022-03-17,17,AR1 alpha + Enhanced + One-Step,NASDAQ:EVBG,7.292572524164715e-08
2022-03-18,17,AR1 alpha + Enhanced + One-Step,NASDAQ:EVBG,0.0
2022-03-21,17,AR1 alpha + Enhanced + One-Step,NASDAQ:EVBG,1.586191403629454e-07
2022-03-22,17,AR1 alpha + Enhanced + One-Step,NASDAQ:EVBG,6.854610060237451e-08
2022-03-23,17,AR1 alpha + Enhanced + One-Step,NASDAQ:EVBG,0.0
2022-03-24,17,AR1 alpha + Enhanced + One-Step,NASDAQ:EVBG,0.0
2022-03-25,17,AR1 alpha + Enhanced + One-Step,NASDAQ:EVBG,0.0
2022-03-28,17,AR1 alpha + Enhanced + One-Step,NASDAQ:EVBG,0.0
2022-03-29,17,AR1 alpha + Enhanced + One-Step,NASDAQ:EVBG,0.0
2022-03-30,17,AR1 alpha + Enhanced + One-Step,NASDAQ:EVBG,0.0
2022-03-31,17,AR1 alpha + Enhanced + One-Step,NASDAQ:EVBG,0.0
2022-04-01,17,AR1 alpha + Enhanced + One-Step,NASDAQ:EVBG,3.916818953096343e-07
2022-04-04,17,AR1 alpha + Enhanced + One-Step,NASDAQ:EVBG,8.033213834612027e-08
2022-04-05,17,AR1 alpha + Enhanced + One-Step,NASDAQ:EVBG,0.0
2022-04-06,17,AR1 alpha + Enhanced + One-Step,NASDAQ:EVBG,9.654210875332374e-07
2022-04-07,17,AR1 alpha + Enhanced + One-Step,NASDAQ:EVBG,1.364687771036859e-07
2022-04-08,17,AR1 alpha + Enhanced + One-Step,NASDAQ:EVBG,5.583618535911465e-07
2022-04-11,17,AR1 alpha + Enhanced + One-Step,NASDAQ:EVBG,0.0
2022-04-12,17,AR1 alpha + Enhanced + One-Step,NASDAQ:EVBG,0.0
2022-04-13,17,AR1 alpha + Enhanced + One-Step,NASDAQ:EVBG,0.0
2022-04-14,17,AR1 alpha + Enhanced + One-Step,NASDAQ:EVBG,0.0
2022-04-18,17,AR1 alpha + Enhanced + One-Step,NASDAQ:EVBG,0.0
2022-04-19,17,AR1 alpha + Enhanced + One-Step,NASDAQ:EVBG,0.0
2022-04-20,17,AR1 alpha + Enhanced + One-Step,NASDAQ:EVBG,0.0
2022-04-21,17,AR1 alpha + Enhanced + One-Step,NASDAQ:EVBG,9.231632869248902e-09
2022-04-22,17,AR1 alpha + Enhanced + One-Step,NASDAQ:EVBG,0.0
2022-04-25,17,AR1 alpha + Enhanced + One-Step,NASDAQ:EVBG,0.0
2022-04-26,17,AR1 alpha + Enhanced + One-Step,NASDAQ:EVBG,3.5717430134408974e-08
2022-04-27,17,AR1 alpha + Enhanced + One-Step,NASDAQ:EVBG,3.0522290951133455e-08
2022-04-28,17,AR1 alpha + Enhanced + One-Step,NASDAQ:EVBG,0.0
2022-04-29,17,AR1 alpha + Enhanced + One-Step,NASDAQ:EVBG,3.771184523798595e-07
2022-05-02,17,AR1 alpha + Enhanced + One-Step,NASDAQ:EVBG,0.0
2022-05-03,17,AR1 alpha + Enhanced + One-Step,NASDAQ:EVBG,4.6578745780883305e-08
2022-05-04,17,AR1 alpha + Enhanced + One-Step,NASDAQ:EVBG,0.0
2022-05-05,17,AR1 alpha + Enhanced + One-Step,NASDAQ:EVBG,7.941496643609996e-08
2022-05-06,17,AR1 alpha + Enhanced + One-Step,NASDAQ:EVBG,0.025050487111247542
2022-05-09,17,AR1 alpha + Enhanced + One-Step,NASDAQ:EVBG,0.05002816028114683
2022-05-10,17,AR1 alpha + Enhanced + One-Step,NASDAQ:EVBG,0.029608722125904652
2022-05-11,17,AR1 alpha + Enhanced + One-Step,NASDAQ:EVBG,0.029607301442925123
2022-05-12,17,AR1 alpha + Enhanced + One-Step,NASDAQ:EVBG,0.0047236280635418034
2022-05-13,17,AR1 alpha + Enhanced + One-Step,NASDAQ:EVBG,3.8229809377649717e-07
2022-05-16,17,AR1 alpha + Enhanced + One-Step,NASDAQ:EVBG,8.033547753000794e-08
2022-05-17,17,AR1 alpha + Enhanced + One-Step,NASDAQ:EVBG,0.0
2022-05-18,17,AR1 alpha + Enhanced + One-Step,NASDAQ:EVBG,0.0
2022-05-19,17,AR1 alpha + Enhanced + One-Step,NASDAQ:EVBG,0.0
2022-05-20,17,AR1 alpha + Enhanced + One-Step,NASDAQ:EVBG,0.0
2022-05-23,17,AR1 alpha + Enhanced + One-Step,NASDAQ:EVBG,0.0
2022-05-24,17,AR1 alpha + Enhanced + One-Step,NASDAQ:EVBG,0.0
2022-05-25,17,AR1 alpha + Enhanced + One-Step,NASDAQ:EVBG,0.0
2022-05-26,17,AR1 alpha + Enhanced + One-Step,NASDAQ:EVBG,0.0
2022-05-27,17,AR1 alpha + Enhanced + One-Step,NASDAQ:EVBG,5.902343160604433e-07
2022-05-31,17,AR1 alpha + Enhanced + One-Step,NASDAQ:EVBG,0.0
2022-06-01,17,AR1 alpha + Enhanced + One-Step,NASDAQ:EVBG,2.1104017288378613e-07
2022-06-02,17,AR1 alpha + Enhanced + One-Step,NASDAQ:EVBG,9.637469278572515e-08
2022-06-03,17,AR1 alpha + Enhanced + One-Step,NASDAQ:EVBG,0.0
2022-06-06,17,AR1 alpha + Enhanced + One-Step,NASDAQ:EVBG,0.0
2022-06-07,17,AR1 alpha + Enhanced + One-Step,NASDAQ:EVBG,0.0
2022-06-08,17,AR1 alpha + Enhanced + One-Step,NASDAQ:EVBG,0.0
2022-06-09,17,AR1 alpha + Enhanced + One-Step,NASDAQ:EVBG,0.0
2022-06-10,17,AR1 alpha + Enhanced + One-Step,NASDAQ:EVBG,0.021406781056865852
2022-06-13,17,AR1 alpha + Enhanced + One-Step,NASDAQ:EVBG,0.04640694496829323
2022-06-14,17,AR1 alpha + Enhanced + One-Step,NASDAQ:EVBG,0.07136826421776454
2022-06-15,17,AR1 alpha + Enhanced + One-Step,NASDAQ:EVBG,0.06179177668941043
2022-06-16,17,AR1 alpha + Enhanced + One-Step,NASDAQ:EVBG,0.061790294304764896
2022-06-17,17,AR1 alpha + Enhanced + One-Step,NASDAQ:EVBG,0.061790285230367954
2022-06-21,17,AR1 alpha + Enhanced + One-Step,NASDAQ:EVBG,0.03895767958957187
2022-06-22,17,AR1 alpha + Enhanced + One-Step,NASDAQ:EVBG,0.013960344404194037
2022-06-23,17,AR1 alpha + Enhanced + One-Step,NASDAQ:EVBG,0.0
2022-06-24,17,AR1 alpha + Enhanced + One-Step,NASDAQ:EVBG,0.0
2022-06-27,17,AR1 alpha + Enhanced + One-Step,NASDAQ:EVBG,0.0
2022-06-28,17,AR1 alpha + Enhanced + One-Step,NASDAQ:EVBG,0.0
2022-06-29,17,AR1 alpha + Enhanced + One-Step,NASDAQ:EVBG,0.0
2022-06-30,17,AR1 alpha + Enhanced + One-Step,NASDAQ:EVBG,8.1366440638543e-09
2022-07-01,17,AR1 alpha + Enhanced + One-Step,NASDAQ:EVBG,2.6823958792340307e-08
2022-07-05,17,AR1 alpha + Enhanced + One-Step,NASDAQ:EVBG,0.0
2022-07-06,17,AR1 alpha + Enhanced + One-Step,NASDAQ:EVBG,0.0
2022-07-07,17,AR1 alpha + Enhanced + One-Step,NASDAQ:EVBG,0.0
2022-07-08,17,AR1 alpha + Enhanced + One-Step,NASDAQ:EVBG,0.0
2022-07-11,17,AR1 alpha + Enhanced + One-Step,NASDAQ:EVBG,0.0
2022-07-12,17,AR1 alpha + Enhanced + One-Step,NASDAQ:EVBG,0.0
2022-07-13,17,AR1 alpha + Enhanced + One-Step,NASDAQ:EVBG,0.0
2022-07-14,17,AR1 alpha + Enhanced + One-Step,NASDAQ:EVBG,0.0
2022-07-15,17,AR1 alpha + Enhanced + One-Step,NASDAQ:EVBG,2.7806438248052713e-09
2022-07-18,17,AR1 alpha + Enhanced + One-Step,NASDAQ:EVBG,0.0
2022-07-19,17,AR1 alpha + Enhanced + One-Step,NASDAQ:EVBG,0.0
2022-07-20,17,AR1 alpha + Enhanced + One-Step,NASDAQ:EVBG,0.0
2022-07-21,17,AR1 alpha + Enhanced + One-Step,NASDAQ:EVBG,0.0
2022-07-22,17,AR1 alpha + Enhanced + One-Step,NASDAQ:EVBG,4.692862656257437e-09
2022-07-25,17,AR1 alpha + Enhanced + One-Step,NASDAQ:EVBG,1.5039784243238417e-07
2022-07-26,17,AR1 alpha + Enhanced + One-Step,NASDAQ:EVBG,2.7309396525757665e-08
2022-07-27,17,AR1 alpha + Enhanced + One-Step,NASDAQ:EVBG,0.0
2022-07-28,17,AR1 alpha + Enhanced + One-Step,NASDAQ:EVBG,2.4795036275512798e-08
2022-07-29,17,AR1 alpha + Enhanced + One-Step,NASDAQ:EVBG,0.0
2022-08-01,17,AR1 alpha + Enhanced + One-Step,NASDAQ:EVBG,0.0
2022-08-02,17,AR1 alpha + Enhanced + One-Step,NASDAQ:EVBG,0.0
2022-08-03,17,AR1 alpha + Enhanced + One-Step,NASDAQ:EVBG,0.0
2022-08-04,17,AR1 alpha + Enhanced + One-Step,NASDAQ:EVBG,3.044794670285105e-07
2022-08-05,17,AR1 alpha + Enhanced + One-Step,NASDAQ:EVBG,0.0
2022-08-08,17,AR1 alpha + Enhanced + One-Step,NASDAQ:EVBG,0.0
2022-08-09,17,AR1 alpha + Enhanced + One-Step,NASDAQ:EVBG,1.926752419811978e-07
2022-08-10,17,AR1 alpha + Enhanced + One-Step,NASDAQ:EVBG,0.0
2022-08-11,17,AR1 alpha + Enhanced + One-Step,NASDAQ:EVBG,0.0
2022-08-12,17,AR1 alpha + Enhanced + One-Step,NASDAQ:EVBG,0.0
2022-08-15,17,AR1 alpha + Enhanced + One-Step,NASDAQ:EVBG,0.0
2022-08-16,17,AR1 alpha + Enhanced + One-Step,NASDAQ:EVBG,0.0
2022-08-17,17,AR1 alpha + Enhanced + One-Step,NASDAQ:EVBG,4.053507614331715e-07
2022-08-18,17,AR1 alpha + Enhanced + One-Step,NASDAQ:EVBG,0.0
2022-08-19,17,AR1 alpha + Enhanced + One-Step,NASDAQ:EVBG,0.0
2022-08-22,17,AR1 alpha + Enhanced + One-Step,NASDAQ:EVBG,0.0
2022-08-23,17,AR1 alpha + Enhanced + One-Step,NASDAQ:EVBG,0.0
2022-08-24,17,AR1 alpha + Enhanced + One-Step,NASDAQ:EVBG,0.0
2022-08-25,17,AR1 alpha + Enhanced + One-Step,NASDAQ:EVBG,0.0
2022-08-26,17,AR1 alpha + Enhanced + One-Step,NASDAQ:EVBG,0.0
2022-08-29,17,AR1 alpha + Enhanced + One-Step,NASDAQ:EVBG,0.0
2022-08-30,17,AR1 alpha + Enhanced + One-Step,NASDAQ:EVBG,0.0
2022-08-31,17,AR1 alpha + Enhanced + One-Step,NASDAQ:EVBG,0.0
2022-09-01,17,AR1 alpha + Enhanced + One-Step,NASDAQ:EVBG,9.867502389062709e-08
2022-09-02,17,AR1 alpha + Enhanced + One-Step,NASDAQ:EVBG,2.5226599565008966e-08
2022-09-06,17,AR1 alpha + Enhanced + One-Step,NASDAQ:EVBG,4.570399201543569e-09
2022-09-07,17,AR1 alpha + Enhanced + One-Step,NASDAQ:EVBG,0.0
2022-09-08,17,AR1 alpha + Enhanced + One-Step,NASDAQ:EVBG,3.4723913930546964e-08
2022-09-09,17,AR1 alpha + Enhanced + One-Step,NASDAQ:EVBG,0.0
2022-09-12,17,AR1 alpha + Enhanced + One-Step,NASDAQ:EVBG,0.0
2022-09-13,17,AR1 alpha + Enhanced + One-Step,NASDAQ:EVBG,0.0
2022-09-14,17,AR1 alpha + Enhanced + One-Step,NASDAQ:EVBG,0.0
2022-09-15,17,AR1 alpha + Enhanced + One-Step,NASDAQ:EVBG,0.0
2022-09-16,17,AR1 alpha + Enhanced + One-Step,NASDAQ:EVBG,2.5106736143580157e-08
2022-09-19,17,AR1 alpha + Enhanced + One-Step,NASDAQ:EVBG,0.0
2022-09-20,17,AR1 alpha + Enhanced + One-Step,NASDAQ:EVBG,3.219704954402049e-08
2022-09-21,17,AR1 alpha + Enhanced + One-Step,NASDAQ:EVBG,0.0
2022-09-22,17,AR1 alpha + Enhanced + One-Step,NASDAQ:EVBG,0.0
2022-09-23,17,AR1 alpha + Enhanced + One-Step,NASDAQ:EVBG,2.4698446721873843e-07
2022-09-26,17,AR1 alpha + Enhanced + One-Step,NASDAQ:EVBG,6.548854860536596e-08
2022-09-27,17,AR1 alpha + Enhanced + One-Step,NASDAQ:EVBG,0.0
2022-09-28,17,AR1 alpha + Enhanced + One-Step,NASDAQ:EVBG,0.0
2022-09-29,17,AR1 alpha + Enhanced + One-Step,NASDAQ:EVBG,7.630201763078856e-08
2022-09-30,17,AR1 alpha + Enhanced + One-Step,NASDAQ:EVBG,0.0
2022-10-03,17,AR1 alpha + Enhanced + One-Step,NASDAQ:EVBG,1.3513468496032264e-09
2022-10-04,17,AR1 alpha + Enhanced + One-Step,NASDAQ:EVBG,6.456379046162885e-08
2022-10-05,17,AR1 alpha + Enhanced + One-Step,NASDAQ:EVBG,0.0
2022-10-06,17,AR1 alpha + Enhanced + One-Step,NASDAQ:EVBG,0.0
2022-10-07,17,AR1 alpha + Enhanced + One-Step,NASDAQ:EVBG,8.770199364286537e-10
2022-10-10,17,AR1 alpha + Enhanced + One-Step,NASDAQ:EVBG,0.0
2022-10-11,17,AR1 alpha + Enhanced + One-Step,NASDAQ:EVBG,0.0
2022-10-12,17,AR1 alpha + Enhanced + One-Step,NASDAQ:EVBG,0.0
2022-10-13,17,AR1 alpha + Enhanced + One-Step,NASDAQ:EVBG,3.874691021875565e-07
2022-10-14,17,AR1 alpha + Enhanced + One-Step,NASDAQ:EVBG,4.94233548968708e-08
2022-10-17,17,AR1 alpha + Enhanced + One-Step,NASDAQ:EVBG,0.0
2022-10-18,17,AR1 alpha + Enhanced + One-Step,NASDAQ:EVBG,0.0
2022-10-19,17,AR1 alpha + Enhanced + One-Step,NASDAQ:EVBG,0.0
2022-10-20,17,AR1 alpha + Enhanced + One-Step,NASDAQ:EVBG,0.0
2022-10-21,17,AR1 alpha + Enhanced + One-Step,NASDAQ:EVBG,1.2717481825286032e-08
2022-10-24,17,AR1 alpha + Enhanced + One-Step,NASDAQ:EVBG,0.0
2022-10-25,17,AR1 alpha + Enhanced + One-Step,NASDAQ:EVBG,0.0
2022-10-26,17,AR1 alpha + Enhanced + One-Step,NASDAQ:EVBG,3.379294041810014e-08
2022-10-27,17,AR1 alpha + Enhanced + One-Step,NASDAQ:EVBG,0.0
2022-10-28,17,AR1 alpha + Enhanced + One-Step,NASDAQ:EVBG,0.0
2022-10-31,17,AR1 alpha + Enhanced + One-Step,NASDAQ:EVBG,0.0
2022-11-01,17,AR1 alpha + Enhanced + One-Step,NASDAQ:EVBG,0.0
2022-11-02,17,AR1 alpha + Enhanced + One-Step,NASDAQ:EVBG,2.8555561602354785e-08
2022-11-03,17,AR1 alpha + Enhanced + One-Step,NASDAQ:EVBG,5.024621097769357e-07
2022-11-04,17,AR1 alpha + Enhanced + One-Step,NASDAQ:EVBG,0.0
2022-11-07,17,AR1 alpha + Enhanced + One-Step,NASDAQ:EVBG,0.0
2022-11-08,17,AR1 alpha + Enhanced + One-Step,NASDAQ:EVBG,1.9903044554490836e-08
2022-11-09,17,AR1 alpha + Enhanced + One-Step,NASDAQ:EVBG,0.0
2022-11-10,17,AR1 alpha + Enhanced + One-Step,NASDAQ:EVBG,9.737641454475568e-09
2022-11-11,17,AR1 alpha + Enhanced + One-Step,NASDAQ:EVBG,0.0
2022-11-14,17,AR1 alpha + Enhanced + One-Step,NASDAQ:EVBG,0.0
2022-11-15,17,AR1 alpha + Enhanced + One-Step,NASDAQ:EVBG,2.184668372190811e-09
2022-11-16,17,AR1 alpha + Enhanced + One-Step,NASDAQ:EVBG,0.0
2022-11-17,17,AR1 alpha + Enhanced + One-Step,NASDAQ:EVBG,0.0
2022-11-18,17,AR1 alpha + Enhanced + One-Step,NASDAQ:EVBG,1.2408542457779724e-08
2022-11-21,17,AR1 alpha + Enhanced + One-Step,NASDAQ:EVBG,0.0
2022-11-22,17,AR1 alpha + Enhanced + One-Step,NASDAQ:EVBG,0.0
2022-11-23,17,AR1 alpha + Enhanced + One-Step,NASDAQ:EVBG,9.83057783755655e-08
2022-11-25,17,AR1 alpha + Enhanced + One-Step,NASDAQ:EVBG,5.486245542379399e-08
2022-11-28,17,AR1 alpha + Enhanced + One-Step,NASDAQ:EVBG,5.069539613471635e-08
2022-11-29,17,AR1 alpha + Enhanced + One-Step,NASDAQ:EVBG,1.602291181691916e-08
2022-11-30,17,AR1 alpha + Enhanced + One-Step,NASDAQ:EVBG,6.434320876949371e-10
2022-12-01,17,AR1 alpha + Enhanced + One-Step,NASDAQ:EVBG,0.0
2022-12-02,17,AR1 alpha + Enhanced + One-Step,NASDAQ:EVBG,1.2491829158556839e-08
2022-12-05,17,AR1 alpha + Enhanced + One-Step,NASDAQ:EVBG,0.0
2022-12-06,17,AR1 alpha + Enhanced + One-Step,NASDAQ:EVBG,0.0
2022-12-07,17,AR1 alpha + Enhanced + One-Step,NASDAQ:EVBG,0.0
2022-12-08,17,AR1 alpha + Enhanced + One-Step,NASDAQ:EVBG,0.0
2022-12-09,17,AR1 alpha + Enhanced + One-Step,NASDAQ:EVBG,0.0
2022-12-12,17,AR1 alpha + Enhanced + One-Step,NASDAQ:EVBG,0.0
2022-12-13,17,AR1 alpha + Enhanced + One-Step,NASDAQ:EVBG,0.0
2022-12-14,17,AR1 alpha + Enhanced + One-Step,NASDAQ:EVBG,0.0
2022-12-15,17,AR1 alpha + Enhanced + One-Step,NASDAQ:EVBG,0.0
2022-12-16,17,AR1 alpha + Enhanced + One-Step,NASDAQ:EVBG,0.0
2022-12-19,17,AR1 alpha + Enhanced + One-Step,NASDAQ:EVBG,0.0
2022-12-20,17,AR1 alpha + Enhanced + One-Step,NASDAQ:EVBG,0.0
2022-12-21,17,AR1 alpha + Enhanced + One-Step,NASDAQ:EVBG,1.0450717224195456e-08
2022-12-22,17,AR1 alpha + Enhanced + One-Step,NASDAQ:EVBG,6.760876750099206e-09
2022-12-23,17,AR1 alpha + Enhanced + One-Step,NASDAQ:EVBG,1.3901032830794985e-08
2022-12-27,17,AR1 alpha + Enhanced + One-Step,NASDAQ:EVBG,5.528435359581767e-09
2022-12-28,17,AR1 alpha + Enhanced + One-Step,NASDAQ:EVBG,3.5329030798652007e-09
2022-12-29,17,AR1 alpha + Enhanced + One-Step,NASDAQ:EVBG,0.0
2022-12-30,17,AR1 alpha + Enhanced + One-Step,NASDAQ:EVBG,0.0
2023-01-03,17,AR1 alpha + Enhanced + One-Step,NASDAQ:EVBG,0.0
2023-01-04,17,AR1 alpha + Enhanced + One-Step,NASDAQ:EVBG,1.8351513146149414e-09
2023-01-05,17,AR1 alpha + Enhanced + One-Step,NASDAQ:EVBG,5.677494960384325e-08
2023-01-06,17,AR1 alpha + Enhanced + One-Step,NASDAQ:EVBG,0.0
2023-01-09,17,AR1 alpha + Enhanced + One-Step,NASDAQ:EVBG,0.0
2023-01-10,17,AR1 alpha + Enhanced + One-Step,NASDAQ:EVBG,3.0792725492388385e-07
2023-01-11,17,AR1 alpha + Enhanced + One-Step,NASDAQ:EVBG,0.0
2023-01-12,17,AR1 alpha + Enhanced + One-Step,NASDAQ:EVBG,0.0
2023-01-13,17,AR1 alpha + Enhanced + One-Step,NASDAQ:EVBG,0.0
2023-01-17,17,AR1 alpha + Enhanced + One-Step,NASDAQ:EVBG,0.0
2023-01-18,17,AR1 alpha + Enhanced + One-Step,NASDAQ:EVBG,1.5217188540646962e-07
2023-01-19,17,AR1 alpha + Enhanced + One-Step,NASDAQ:EVBG,0.0
2023-01-20,17,AR1 alpha + Enhanced + One-Step,NASDAQ:EVBG,0.0
2023-01-23,17,AR1 alpha + Enhanced + One-Step,NASDAQ:EVBG,0.0
2023-01-24,17,AR1 alpha + Enhanced + One-Step,NASDAQ:EVBG,0.0
2023-01-25,17,AR1 alpha + Enhanced + One-Step,NASDAQ:EVBG,9.37134240851856e-09
2023-01-26,17,AR1 alpha + Enhanced + One-Step,NASDAQ:EVBG,5.1892541600545815e-09
2023-01-27,17,AR1 alpha + Enhanced + One-Step,NASDAQ:EVBG,0.0
2023-01-30,17,AR1 alpha + Enhanced + One-Step,NASDAQ:EVBG,3.9058950884172996e-08
2023-01-31,17,AR1 alpha + Enhanced + One-Step,NASDAQ:EVBG,0.0
2023-02-01,17,AR1 alpha + Enhanced + One-Step,NASDAQ:EVBG,0.0
2023-02-02,17,AR1 alpha + Enhanced + One-Step,NASDAQ:EVBG,3.571042364131738e-07
2023-02-03,17,AR1 alpha + Enhanced + One-Step,NASDAQ:EVBG,6.655459578316553e-08
2023-02-06,17,AR1 alpha + Enhanced + One-Step,NASDAQ:EVBG,2.115576108995951e-07
2023-02-07,17,AR1 alpha + Enhanced + One-Step,NASDAQ:EVBG,6.097351696474558e-07
2023-02-08,17,AR1 alpha + Enhanced + One-Step,NASDAQ:EVBG,0.0
2023-02-09,17,AR1 alpha + Enhanced + One-Step,NASDAQ:EVBG,0.0
2023-02-10,17,AR1 alpha + Enhanced + One-Step,NASDAQ:EVBG,0.0
2023-02-13,17,AR1 alpha + Enhanced + One-Step,NASDAQ:EVBG,0.0
2023-02-14,17,AR1 alpha + Enhanced + One-Step,NASDAQ:EVBG,2.3555697728129222e-07
2023-02-15,17,AR1 alpha + Enhanced + One-Step,NASDAQ:EVBG,6.258985026876295e-08
2023-02-16,17,AR1 alpha + Enhanced + One-Step,NASDAQ:EVBG,0.0
2023-02-17,17,AR1 alpha + Enhanced + One-Step,NASDAQ:EVBG,0.0
2023-02-21,17,AR1 alpha + Enhanced + One-Step,NASDAQ:EVBG,0.0
2023-02-22,17,AR1 alpha + Enhanced + One-Step,NASDAQ:EVBG,0.0
2023-02-23,17,AR1 alpha + Enhanced + One-Step,NASDAQ:EVBG,0.0
2023-02-24,17,AR1 alpha + Enhanced + One-Step,NASDAQ:EVBG,8.328008829348259e-07
2023-02-27,17,AR1 alpha + Enhanced + One-Step,NASDAQ:EVBG,0.008354825968367818
2023-02-28,17,AR1 alpha + Enhanced + One-Step,NASDAQ:EVBG,0.011034256143446783
2023-03-01,17,AR1 alpha + Enhanced + One-Step,NASDAQ:EVBG,0.012301203154369481
2023-03-02,17,AR1 alpha + Enhanced + One-Step,NASDAQ:EVBG,0.017592683620545776
2023-03-03,17,AR1 alpha + Enhanced + One-Step,NASDAQ:EVBG,0.024383358854526374
2023-03-06,17,AR1 alpha + Enhanced + One-Step,NASDAQ:EVBG,0.02438328599173166
2023-03-07,17,AR1 alpha + Enhanced + One-Step,NASDAQ:EVBG,0.021958152531984878
2023-03-08,17,AR1 alpha + Enhanced + One-Step,NASDAQ:EVBG,0.01381952877071909
2023-03-09,17,AR1 alpha + Enhanced + One-Step,NASDAQ:EVBG,0.0
2023-03-10,17,AR1 alpha + Enhanced + One-Step,NASDAQ:EVBG,0.0
2023-03-13,17,AR1 alpha + Enhanced + One-Step,NASDAQ:EVBG,0.0
2023-03-14,17,AR1 alpha + Enhanced + One-Step,NASDAQ:EVBG,2.44228547870325e-09
2023-03-15,17,AR1 alpha + Enhanced + One-Step,NASDAQ:EVBG,0.0
2023-03-16,17,AR1 alpha + Enhanced + One-Step,NASDAQ:EVBG,0.009228868550812083
2023-03-17,17,AR1 alpha + Enhanced + One-Step,NASDAQ:EVBG,0.00784049512501834
2023-03-20,17,AR1 alpha + Enhanced + One-Step,NASDAQ:EVBG,0.007840454160299803
2023-03-21,17,AR1 alpha + Enhanced + One-Step,NASDAQ:EVBG,0.00784018905081262
2023-03-22,17,AR1 alpha + Enhanced + One-Step,NASDAQ:EVBG,0.007319654928963125
2023-03-23,17,AR1 alpha + Enhanced + One-Step,NASDAQ:EVBG,0.007318930572310473
2023-03-24,17,AR1 alpha + Enhanced + One-Step,NASDAQ:EVBG,0.007318681915056053
2023-03-27,17,AR1 alpha + Enhanced + One-Step,NASDAQ:EVBG,0.007317981359728329
2023-03-28,17,AR1 alpha + Enhanced + One-Step,NASDAQ:EVBG,0.00489745529962558
2023-03-29,17,AR1 alpha + Enhanced + One-Step,NASDAQ:EVBG,0.0048974664092294815
2023-03-30,17,AR1 alpha + Enhanced + One-Step,NASDAQ:EVBG,0.004897520069116063
2023-03-31,17,AR1 alpha + Enhanced + One-Step,NASDAQ:EVBG,0.004897968505061807
2023-04-03,17,AR1 alpha + Enhanced + One-Step,NASDAQ:EVBG,0.0
2023-04-04,17,AR1 alpha + Enhanced + One-Step,NASDAQ:EVBG,0.0
2023-04-05,17,AR1 alpha + Enhanced + One-Step,NASDAQ:EVBG,0.0
2023-04-06,17,AR1 alpha + Enhanced + One-Step,NASDAQ:EVBG,9.03794142311298e-08
2023-04-10,17,AR1 alpha + Enhanced + One-Step,NASDAQ:EVBG,3.3588053492266933e-07
2023-04-11,17,AR1 alpha + Enhanced + One-Step,NASDAQ:EVBG,1.854595514056885e-08
2023-04-12,17,AR1 alpha + Enhanced + One-Step,NASDAQ:EVBG,0.0
2023-04-13,17,AR1 alpha + Enhanced + One-Step,NASDAQ:EVBG,0.0
2023-04-14,17,AR1 alpha + Enhanced + One-Step,NASDAQ:EVBG,8.407115788027011e-08
2023-04-17,17,AR1 alpha + Enhanced + One-Step,NASDAQ:EVBG,5.714306963313729e-08
2023-04-18,17,AR1 alpha + Enhanced + One-Step,NASDAQ:EVBG,2.1368091369556765e-08
2023-04-19,17,AR1 alpha + Enhanced + One-Step,NASDAQ:EVBG,0.0
2023-04-20,17,AR1 alpha + Enhanced + One-Step,NASDAQ:EVBG,6.024446255714425e-09
2023-04-21,17,AR1 alpha + Enhanced + One-Step,NASDAQ:EVBG,0.0
2023-04-24,17,AR1 alpha + Enhanced + One-Step,NASDAQ:EVBG,0.0
2023-04-25,17,AR1 alpha + Enhanced + One-Step,NASDAQ:EVBG,0.0
2023-04-26,17,AR1 alpha + Enhanced + One-Step,NASDAQ:EVBG,0.0
2023-04-27,17,AR1 alpha + Enhanced + One-Step,NASDAQ:EVBG,0.0
2023-04-28,17,AR1 alpha + Enhanced + One-Step,NASDAQ:EVBG,7.2132507556964e-08
2023-05-01,17,AR1 alpha + Enhanced + One-Step,NASDAQ:EVBG,4.9291550012427705e-08
2023-05-02,17,AR1 alpha + Enhanced + One-Step,NASDAQ:EVBG,8.779187951024858e-08
2023-05-03,17,AR1 alpha + Enhanced + One-Step,NASDAQ:EVBG,0.0
2023-05-04,17,AR1 alpha + Enhanced + One-Step,NASDAQ:EVBG,0.0
2023-05-05,17,AR1 alpha + Enhanced + One-Step,NASDAQ:EVBG,0.0
2023-05-08,17,AR1 alpha + Enhanced + One-Step,NASDAQ:EVBG,1.4164132475172364e-07
2023-05-09,17,AR1 alpha + Enhanced + One-Step,NASDAQ:EVBG,4.011249841210088e-08
2023-05-10,17,AR1 alpha + Enhanced + One-Step,NASDAQ:EVBG,2.5212952685548935e-07
2023-05-11,17,AR1 alpha + Enhanced + One-Step,NASDAQ:EVBG,9.319370066783883e-08
2023-05-12,17,AR1 alpha + Enhanced + One-Step,NASDAQ:EVBG,1.445986612207631e-07
2023-05-15,17,AR1 alpha + Enhanced + One-Step,NASDAQ:EVBG,8.561769139516302e-08
2023-05-16,17,AR1 alpha + Enhanced + One-Step,NASDAQ:EVBG,1.4078870231731827e-07
2023-05-17,17,AR1 alpha + Enhanced + One-Step,NASDAQ:EVBG,7.290208960177653e-08
2023-05-18,17,AR1 alpha + Enhanced + One-Step,NASDAQ:EVBG,7.615693056996144e-07
2023-05-19,17,AR1 alpha + Enhanced + One-Step,NASDAQ:EVBG,2.539955676280228e-07
2023-05-22,17,AR1 alpha + Enhanced + One-Step,NASDAQ:EVBG,7.828664312813194e-08
2023-05-23,17,AR1 alpha + Enhanced + One-Step,NASDAQ:EVBG,0.0
2023-05-24,17,AR1 alpha + Enhanced + One-Step,NASDAQ:EVBG,0.0
2023-05-25,17,AR1 alpha + Enhanced + One-Step,NASDAQ:EVBG,0.0
2023-05-26,17,AR1 alpha + Enhanced + One-Step,NASDAQ:EVBG,1.8555402046816317e-07
2023-05-30,17,AR1 alpha + Enhanced + One-Step,NASDAQ:EVBG,1.330143727490314e-07
2023-05-31,17,AR1 alpha + Enhanced + One-Step,NASDAQ:EVBG,0.0
2023-06-01,17,AR1 alpha + Enhanced + One-Step,NASDAQ:EVBG,0.0
2023-06-02,17,AR1 alpha + Enhanced + One-Step,NASDAQ:EVBG,0.0
2023-06-05,17,AR1 alpha + Enhanced + One-Step,NASDAQ:EVBG,0.0
2023-06-06,17,AR1 alpha + Enhanced + One-Step,NASDAQ:EVBG,1.056715300607943e-06
2023-06-07,17,AR1 alpha + Enhanced + One-Step,NASDAQ:EVBG,1.8378956448391618e-07
2023-06-08,17,AR1 alpha + Enhanced + One-Step,NASDAQ:EVBG,0.0
2023-06-09,17,AR1 alpha + Enhanced + One-Step,NASDAQ:EVBG,0.0
2023-06-12,17,AR1 alpha + Enhanced + One-Step,NASDAQ:EVBG,0.0
2023-06-13,17,AR1 alpha + Enhanced + One-Step,NASDAQ:EVBG,0.0
2023-06-14,17,AR1 alpha + Enhanced + One-Step,NASDAQ:EVBG,0.0
2023-06-15,17,AR1 alpha + Enhanced + One-Step,NASDAQ:EVBG,0.0
2023-06-16,17,AR1 alpha + Enhanced + One-Step,NASDAQ:EVBG,0.0
2023-06-20,17,AR1 alpha + Enhanced + One-Step,NASDAQ:EVBG,0.0
2023-06-21,17,AR1 alpha + Enhanced + One-Step,NASDAQ:EVBG,0.0
2023-06-22,17,AR1 alpha + Enhanced + One-Step,NASDAQ:EVBG,0.0
2023-06-23,17,AR1 alpha + Enhanced + One-Step,NASDAQ:EVBG,0.0
2023-06-26,17,AR1 alpha + Enhanced + One-Step,NASDAQ:EVBG,0.0
2023-06-27,17,AR1 alpha + Enhanced + One-Step,NASDAQ:EVBG,0.0
2023-06-28,17,AR1 alpha + Enhanced + One-Step,NASDAQ:EVBG,0.0
2023-06-29,17,AR1 alpha + Enhanced + One-Step,NASDAQ:EVBG,0.0
2023-06-30,17,AR1 alpha + Enhanced + One-Step,NASDAQ:EVBG,0.0
2023-07-03,17,AR1 alpha + Enhanced + One-Step,NASDAQ:EVBG,0.0
2023-07-05,17,AR1 alpha + Enhanced + One-Step,NASDAQ:EVBG,0.0
2023-07-06,17,AR1 alpha + Enhanced + One-Step,NASDAQ:EVBG,0.0
2023-07-07,17,AR1 alpha + Enhanced + One-Step,NASDAQ:EVBG,0.0
2023-07-10,17,AR1 alpha + Enhanced + One-Step,NASDAQ:EVBG,4.882698109428412e-08
2023-07-11,17,AR1 alpha + Enhanced + One-Step,NASDAQ:EVBG,0.0
2023-07-12,17,AR1 alpha + Enhanced + One-Step,NASDAQ:EVBG,5.1827565136205065e-08
2023-07-13,17,AR1 alpha + Enhanced + One-Step,NASDAQ:EVBG,0.0
2023-07-14,17,AR1 alpha + Enhanced + One-Step,NASDAQ:EVBG,0.0
2023-07-17,17,AR1 alpha + Enhanced + One-Step,NASDAQ:EVBG,0.0
2023-07-18,17,AR1 alpha + Enhanced + One-Step,NASDAQ:EVBG,2.0778556290020222e-07
2023-07-19,17,AR1 alpha + Enhanced + One-Step,NASDAQ:EVBG,0.0
2023-07-20,17,AR1 alpha + Enhanced + One-Step,NASDAQ:EVBG,0.0
2023-07-21,17,AR1 alpha + Enhanced + One-Step,NASDAQ:EVBG,6.312804476510066e-10
2023-07-24,17,AR1 alpha + Enhanced + One-Step,NASDAQ:EVBG,0.0
2023-07-25,17,AR1 alpha + Enhanced + One-Step,NASDAQ:EVBG,1.1542237338375073e-07
2023-07-26,17,AR1 alpha + Enhanced + One-Step,NASDAQ:EVBG,0.0
2023-07-27,17,AR1 alpha + Enhanced + One-Step,NASDAQ:EVBG,0.0
2023-08-01,17,AR1 alpha + Enhanced + One-Step,NASDAQ:EVBG,0.0
2023-08-02,17,AR1 alpha + Enhanced + One-Step,NASDAQ:EVBG,0.0
2023-08-03,17,AR1 alpha + Enhanced + One-Step,NASDAQ:EVBG,3.228402413534119e-08
2023-08-04,17,AR1 alpha + Enhanced + One-Step,NASDAQ:EVBG,1.161990598609301e-06
2023-08-07,17,AR1 alpha + Enhanced + One-Step,NASDAQ:EVBG,3.6563988274917966e-07
2023-08-08,17,AR1 alpha + Enhanced + One-Step,NASDAQ:EVBG,0.0023768169238808155
2023-08-09,17,AR1 alpha + Enhanced + One-Step,NASDAQ:EVBG,0.009027221616586183
2023-08-10,17,AR1 alpha + Enhanced + One-Step,NASDAQ:EVBG,0.009027001088240942
2023-08-11,17,AR1 alpha + Enhanced + One-Step,NASDAQ:EVBG,0.0037825679309994075
2023-08-14,17,AR1 alpha + Enhanced + One-Step,NASDAQ:EVBG,0.0
2023-08-15,17,AR1 alpha + Enhanced + One-Step,NASDAQ:EVBG,5.534151179695101e-08
2023-08-16,17,AR1 alpha + Enhanced + One-Step,NASDAQ:EVBG,0.0
2023-08-17,17,AR1 alpha + Enhanced + One-Step,NASDAQ:EVBG,6.806624779665673e-09
2023-08-18,17,AR1 alpha + Enhanced + One-Step,NASDAQ:EVBG,0.0
2023-08-21,17,AR1 alpha + Enhanced + One-Step,NASDAQ:EVBG,0.0
2023-08-22,17,AR1 alpha + Enhanced + One-Step,NASDAQ:EVBG,0.0
2023-08-23,17,AR1 alpha + Enhanced + One-Step,NASDAQ:EVBG,0.0
2023-08-24,17,AR1 alpha + Enhanced + One-Step,NASDAQ:EVBG,0.0
2023-08-25,17,AR1 alpha + Enhanced + One-Step,NASDAQ:EVBG,0.0
2023-08-28,17,AR1 alpha + Enhanced + One-Step,NASDAQ:EVBG,0.0
2023-08-29,17,AR1 alpha + Enhanced + One-Step,NASDAQ:EVBG,0.0
2023-08-30,17,AR1 alpha + Enhanced + One-Step,NASDAQ:EVBG,0.0
2023-08-31,17,AR1 alpha + Enhanced + One-Step,NASDAQ:EVBG,0.0
2023-09-01,17,AR1 alpha + Enhanced + One-Step,NASDAQ:EVBG,0.0
2023-09-05,17,AR1 alpha + Enhanced + One-Step,NASDAQ:EVBG,0.0
2023-09-06,17,AR1 alpha + Enhanced + One-Step,NASDAQ:EVBG,0.0
2023-09-07,17,AR1 alpha + Enhanced + One-Step,NASDAQ:EVBG,0.0
2023-09-08,17,AR1 alpha + Enhanced + One-Step,NASDAQ:EVBG,0.0
2023-09-11,17,AR1 alpha + Enhanced + One-Step,NASDAQ:EVBG,7.011566257995234e-08
2023-09-12,17,AR1 alpha + Enhanced + One-Step,NASDAQ:EVBG,8.453065143892569e-08
2023-09-13,17,AR1 alpha + Enhanced + One-Step,NASDAQ:EVBG,5.599931895658065e-09
2023-09-14,17,AR1 alpha + Enhanced + One-Step,NASDAQ:EVBG,2.995850618473732e-08
2023-09-15,17,AR1 alpha + Enhanced + One-Step,NASDAQ:EVBG,2.7267106021901265e-07
2023-09-18,17,AR1 alpha + Enhanced + One-Step,NASDAQ:EVBG,0.0
2023-09-19,17,AR1 alpha + Enhanced + One-Step,NASDAQ:EVBG,7.239211851986616e-10
2023-09-20,17,AR1 alpha + Enhanced + One-Step,NASDAQ:EVBG,1.817747525285693e-08
2023-09-21,17,AR1 alpha + Enhanced + One-Step,NASDAQ:EVBG,5.465735707130702e-08
2023-09-22,17,AR1 alpha + Enhanced + One-Step,NASDAQ:EVBG,3.046504019770152e-08
2023-09-25,17,AR1 alpha + Enhanced + One-Step,NASDAQ:EVBG,0.0
2023-09-26,17,AR1 alpha + Enhanced + One-Step,NASDAQ:EVBG,0.0
2023-09-27,17,AR1 alpha + Enhanced + One-Step,NASDAQ:EVBG,0.0
2023-09-28,17,AR1 alpha + Enhanced + One-Step,NASDAQ:EVBG,0.0
2023-09-29,17,AR1 alpha + Enhanced + One-Step,NASDAQ:EVBG,0.0
2023-10-02,17,AR1 alpha + Enhanced + One-Step,NASDAQ:EVBG,1.7725070746201107e-08
2023-10-03,17,AR1 alpha + Enhanced + One-Step,NASDAQ:EVBG,0.0
2023-10-04,17,AR1 alpha + Enhanced + One-Step,NASDAQ:EVBG,0.0
2023-10-05,17,AR1 alpha + Enhanced + One-Step,NASDAQ:EVBG,0.0
2023-10-06,17,AR1 alpha + Enhanced + One-Step,NASDAQ:EVBG,0.0
2023-10-09,17,AR1 alpha + Enhanced + One-Step,NASDAQ:EVBG,0.0
2023-10-10,17,AR1 alpha + Enhanced + One-Step,NASDAQ:EVBG,9.272999620841555e-08
2023-10-11,17,AR1 alpha + Enhanced + One-Step,NASDAQ:EVBG,0.0
2023-10-12,17,AR1 alpha + Enhanced + One-Step,NASDAQ:EVBG,8.844681172915076e-10
2023-10-13,17,AR1 alpha + Enhanced + One-Step,NASDAQ:EVBG,1.1806773323499323e-08
2023-10-16,17,AR1 alpha + Enhanced + One-Step,NASDAQ:EVBG,3.135724664049001e-08
2023-10-17,17,AR1 alpha + Enhanced + One-Step,NASDAQ:EVBG,0.0
2023-10-18,17,AR1 alpha + Enhanced + One-Step,NASDAQ:EVBG,7.180384416566116e-08
2023-10-19,17,AR1 alpha + Enhanced + One-Step,NASDAQ:EVBG,1.4197152947927022e-08
2023-10-20,17,AR1 alpha + Enhanced + One-Step,NASDAQ:EVBG,5.973923393115039e-10
2023-10-23,17,AR1 alpha + Enhanced + One-Step,NASDAQ:EVBG,0.0
2023-10-24,17,AR1 alpha + Enhanced + One-Step,NASDAQ:EVBG,3.952919298292099e-09
2023-10-25,17,AR1 alpha + Enhanced + One-Step,NASDAQ:EVBG,0.0
2023-10-26,17,AR1 alpha + Enhanced + One-Step,NASDAQ:EVBG,0.0
2023-10-27,17,AR1 alpha + Enhanced + One-Step,NASDAQ:EVBG,0.0
2023-10-30,17,AR1 alpha + Enhanced + One-Step,NASDAQ:EVBG,1.444284625337222e-07
2023-10-31,17,AR1 alpha + Enhanced + One-Step,NASDAQ:EVBG,1.5532756017418922e-07
2023-11-01,17,AR1 alpha + Enhanced + One-Step,NASDAQ:EVBG,3.2237244194910445e-08
2023-11-02,17,AR1 alpha + Enhanced + One-Step,NASDAQ:EVBG,8.797698460875138e-07
2023-11-03,17,AR1 alpha + Enhanced + One-Step,NASDAQ:EVBG,4.3404802463455153e-07
2023-11-06,17,AR1 alpha + Enhanced + One-Step,NASDAQ:EVBG,2.530483622697857e-07
2023-11-07,17,AR1 alpha + Enhanced + One-Step,NASDAQ:EVBG,0.0
2023-11-08,17,AR1 alpha + Enhanced + One-Step,NASDAQ:EVBG,0.0
2023-11-09,17,AR1 alpha + Enhanced + One-Step,NASDAQ:EVBG,0.0
2023-11-10,17,AR1 alpha + Enhanced + One-Step,NASDAQ:EVBG,0.0
2023-11-13,17,AR1 alpha + Enhanced + One-Step,NASDAQ:EVBG,0.0
2023-11-14,17,AR1 alpha + Enhanced + One-Step,NASDAQ:EVBG,4.832894792659579e-07
2023-11-15,17,AR1 alpha + Enhanced + One-Step,NASDAQ:EVBG,2.3474418412922764e-07
2023-11-16,17,AR1 alpha + Enhanced + One-Step,NASDAQ:EVBG,0.0
2023-11-17,17,AR1 alpha + Enhanced + One-Step,NASDAQ:EVBG,0.0
2023-11-20,17,AR1 alpha + Enhanced + One-Step,NASDAQ:EVBG,4.6567717472804126e-08
2023-11-21,17,AR1 alpha + Enhanced + One-Step,NASDAQ:EVBG,4.41172353411534e-08
2023-11-22,17,AR1 alpha + Enhanced + One-Step,NASDAQ:EVBG,0.0
2023-11-24,17,AR1 alpha + Enhanced + One-Step,NASDAQ:EVBG,0.0
2023-11-27,17,AR1 alpha + Enhanced + One-Step,NASDAQ:EVBG,0.0
2023-11-28,17,AR1 alpha + Enhanced + One-Step,NASDAQ:EVBG,3.9805013078948783e-08
2023-11-29,17,AR1 alpha + Enhanced + One-Step,NASDAQ:EVBG,0.0
2023-11-30,17,AR1 alpha + Enhanced + One-Step,NASDAQ:EVBG,0.0
2023-12-01,17,AR1 alpha + Enhanced + One-Step,NASDAQ:EVBG,0.0
2023-12-04,17,AR1 alpha + Enhanced + One-Step,NASDAQ:EVBG,0.0
2023-12-05,17,AR1 alpha + Enhanced + One-Step,NASDAQ:EVBG,0.0
2023-12-06,17,AR1 alpha + Enhanced + One-Step,NASDAQ:EVBG,0.0
2023-12-07,17,AR1 alpha + Enhanced + One-Step,NASDAQ:EVBG,0.0
2023-12-08,17,AR1 alpha + Enhanced + One-Step,NASDAQ:EVBG,1.6440161763136367e-08
2023-12-11,17,AR1 alpha + Enhanced + One-Step,NASDAQ:EVBG,0.0
2023-12-12,17,AR1 alpha + Enhanced + One-Step,NASDAQ:EVBG,0.0
2023-12-13,17,AR1 alpha + Enhanced + One-Step,NASDAQ:EVBG,6.233460411308102e-07
2023-12-14,17,AR1 alpha + Enhanced + One-Step,NASDAQ:EVBG,2.2041820518820414e-07
2023-12-15,17,AR1 alpha + Enhanced + One-Step,NASDAQ:EVBG,0.0
2023-12-18,17,AR1 alpha + Enhanced + One-Step,NASDAQ:EVBG,0.0
2023-12-19,17,AR1 alpha + Enhanced + One-Step,NASDAQ:EVBG,0.0
2023-12-20,17,AR1 alpha + Enhanced + One-Step,NASDAQ:EVBG,5.853398775303293e-07
2023-12-21,17,AR1 alpha + Enhanced + One-Step,NASDAQ:EVBG,2.645260883098456e-07
2023-12-22,17,AR1 alpha + Enhanced + One-Step,NASDAQ:EVBG,1.4961625967008336e-07
2023-12-26,17,AR1 alpha + Enhanced + One-Step,NASDAQ:EVBG,0.0
2023-12-27,17,AR1 alpha + Enhanced + One-Step,NASDAQ:EVBG,0.0
2023-12-28,17,AR1 alpha + Enhanced + One-Step,NASDAQ:EVBG,1.2065334388316075e-08
2023-12-29,17,AR1 alpha + Enhanced + One-Step,NASDAQ:EVBG,1.8665559057916285e-07
2024-01-02,17,AR1 alpha + Enhanced + One-Step,NASDAQ:EVBG,0.0
2024-01-03,17,AR1 alpha + Enhanced + One-Step,NASDAQ:EVBG,0.0
2024-01-04,17,AR1 alpha + Enhanced + One-Step,NASDAQ:EVBG,0.0
2024-01-05,17,AR1 alpha + Enhanced + One-Step,NASDAQ:EVBG,2.3245086309851539e-07
2024-01-08,17,AR1 alpha + Enhanced + One-Step,NASDAQ:EVBG,4.2045929267713796e-07
2024-01-09,17,AR1 alpha + Enhanced + One-Step,NASDAQ:EVBG,0.0
2024-01-10,17,AR1 alpha + Enhanced + One-Step,NASDAQ:EVBG,0.0
2024-01-11,17,AR1 alpha + Enhanced + One-Step,NASDAQ:EVBG,0.0
2024-01-12,17,AR1 alpha + Enhanced + One-Step,NASDAQ:EVBG,0.0
2024-01-16,17,AR1 alpha + Enhanced + One-Step,NASDAQ:EVBG,0.0
2024-01-17,17,AR1 alpha + Enhanced + One-Step,NASDAQ:EVBG,0.0
2024-01-18,17,AR1 alpha + Enhanced + One-Step,NASDAQ:EVBG,0.0
2024-01-19,17,AR1 alpha + Enhanced + One-Step,NASDAQ:EVBG,0.0
2024-01-22,17,AR1 alpha + Enhanced + One-Step,NASDAQ:EVBG,0.0
2024-01-23,17,AR1 alpha + Enhanced + One-Step,NASDAQ:EVBG,0.0
2024-01-24,17,AR1 alpha + Enhanced + One-Step,NASDAQ:EVBG,0.0
2024-01-25,17,AR1 alpha + Enhanced + One-Step,NASDAQ:EVBG,0.0
2024-01-26,17,AR1 alpha + Enhanced + One-Step,NASDAQ:EVBG,0.0
2024-01-29,17,AR1 alpha + Enhanced + One-Step,NASDAQ:EVBG,0.0
2024-01-30,17,AR1 alpha + Enhanced + One-Step,NASDAQ:EVBG,0.0
2024-01-31,17,AR1 alpha + Enhanced + One-Step,NASDAQ:EVBG,0.0
2024-02-01,17,AR1 alpha + Enhanced + One-Step,NASDAQ:EVBG,0.0
2024-02-02,17,AR1 alpha + Enhanced + One-Step,NASDAQ:EVBG,0.0
2024-02-05,17,AR1 alpha + Enhanced + One-Step,NASDAQ:EVBG,0.0
2024-02-06,17,AR1 alpha + Enhanced + One-Step,NASDAQ:EVBG,0.0
2024-02-07,17,AR1 alpha + Enhanced + One-Step,NASDAQ:EVBG,0.0
2024-02-08,17,AR1 alpha + Enhanced + One-Step,NASDAQ:EVBG,0.0
2024-02-09,17,AR1 alpha + Enhanced + One-Step,NASDAQ:EVBG,0.0
2024-02-12,17,AR1 alpha + Enhanced + One-Step,NASDAQ:EVBG,0.0
2024-02-13,17,AR1 alpha + Enhanced + One-Step,NASDAQ:EVBG,2.399954109576143e-07
2024-02-14,17,AR1 alpha + Enhanced + One-Step,NASDAQ:EVBG,3.099826286771404e-07
2024-02-15,17,AR1 alpha + Enhanced + One-Step,NASDAQ:EVBG,0.0
2024-02-16,17,AR1 alpha + Enhanced + One-Step,NASDAQ:EVBG,1.84532383785423e-07
2024-02-20,17,AR1 alpha + Enhanced + One-Step,NASDAQ:EVBG,1.8117735504985305e-07
2024-02-21,17,AR1 alpha + Enhanced + One-Step,NASDAQ:EVBG,0.0
2024-02-22,17,AR1 alpha + Enhanced + One-Step,NASDAQ:EVBG,0.0
2024-02-23,17,AR1 alpha + Enhanced + One-Step,NASDAQ:EVBG,0.0
2024-02-26,17,AR1 alpha + Enhanced + One-Step,NASDAQ:EVBG,0.0
2024-02-27,17,AR1 alpha + Enhanced + One-Step,NASDAQ:EVBG,0.0
2024-02-28,17,AR1 alpha + Enhanced + One-Step,NASDAQ:EVBG,0.0
2024-02-29,17,AR1 alpha + Enhanced + One-Step,NASDAQ:EVBG,0.0
2024-03-01,17,AR1 alpha + Enhanced + One-Step,NASDAQ:EVBG,0.0
2024-03-04,17,AR1 alpha + Enhanced + One-Step,NASDAQ:EVBG,0.0
2024-03-05,17,AR1 alpha + Enhanced + One-Step,NASDAQ:EVBG,0.0
2024-03-06,17,AR1 alpha + Enhanced + One-Step,NASDAQ:EVBG,0.0
2024-03-07,17,AR1 alpha + Enhanced + One-Step,NASDAQ:EVBG,0.0
2024-03-08,17,AR1 alpha + Enhanced + One-Step,NASDAQ:EVBG,0.0
2024-03-11,17,AR1 alpha + Enhanced + One-Step,NASDAQ:EVBG,0.0
2024-03-12,17,AR1 alpha + Enhanced + One-Step,NASDAQ:EVBG,0.0
2024-03-13,17,AR1 alpha + Enhanced + One-Step,NASDAQ:EVBG,0.0
2024-03-14,17,AR1 alpha + Enhanced + One-Step,NASDAQ:EVBG,0.0
2024-03-15,17,AR1 alpha + Enhanced + One-Step,NASDAQ:EVBG,6.635080452743626e-08
2024-03-18,17,AR1 alpha + Enhanced + One-Step,NASDAQ:EVBG,0.0
2024-03-19,17,AR1 alpha + Enhanced + One-Step,NASDAQ:EVBG,0.0
2024-03-20,17,AR1 alpha + Enhanced + One-Step,NASDAQ:EVBG,1.8670644329030105e-08
2024-03-21,17,AR1 alpha + Enhanced + One-Step,NASDAQ:EVBG,5.0222879283420715e-08
2024-03-22,17,AR1 alpha + Enhanced + One-Step,NASDAQ:EVBG,0.0
2024-03-25,17,AR1 alpha + Enhanced + One-Step,NASDAQ:EVBG,0.0
2024-03-26,17,AR1 alpha + Enhanced + One-Step,NASDAQ:EVBG,0.0
2024-03-27,17,AR1 alpha + Enhanced + One-Step,NASDAQ:EVBG,0.0
2024-03-28,17,AR1 alpha + Enhanced + One-Step,NASDAQ:EVBG,1.5066821899591464e-07
2024-04-01,17,AR1 alpha + Enhanced + One-Step,NASDAQ:EVBG,1.469973839793488e-07
2024-04-02,17,AR1 alpha + Enhanced + One-Step,NASDAQ:EVBG,1.3179641061638969e-08
2024-04-03,17,AR1 alpha + Enhanced + One-Step,NASDAQ:EVBG,0.0
2024-04-04,17,AR1 alpha + Enhanced + One-Step,NASDAQ:EVBG,0.0
2024-04-05,17,AR1 alpha + Enhanced + One-Step,NASDAQ:EVBG,0.0
2024-04-08,17,AR1 alpha + Enhanced + One-Step,NASDAQ:EVBG,8.266455881357866e-08
2024-04-09,17,AR1 alpha + Enhanced + One-Step,NASDAQ:EVBG,0.0
2024-04-10,17,AR1 alpha + Enhanced + One-Step,NASDAQ:EVBG,0.0
2024-04-11,17,AR1 alpha + Enhanced + One-Step,NASDAQ:EVBG,0.0
2024-04-12,17,AR1 alpha + Enhanced + One-Step,NASDAQ:EVBG,0.0
2024-04-15,17,AR1 alpha + Enhanced + One-Step,NASDAQ:EVBG,3.835724730238275e-08
2024-04-16,17,AR1 alpha + Enhanced + One-Step,NASDAQ:EVBG,0.0
2024-04-17,17,AR1 alpha + Enhanced + One-Step,NASDAQ:EVBG,7.034499447990572e-08
2024-04-18,17,AR1 alpha + Enhanced + One-Step,NASDAQ:EVBG,0.0
2024-04-19,17,AR1 alpha + Enhanced + One-Step,NASDAQ:EVBG,9.680687779123468e-07
2020-03-25,17,AR1 alpha + Enhanced + One-Step,NASDAQ:TRS,0.020000000000007227
2020-03-26,17,AR1 alpha + Enhanced + One-Step,NASDAQ:TRS,0.02000000000001305
2020-03-27,17,AR1 alpha + Enhanced + One-Step,NASDAQ:TRS,0.02000000728293644
2020-03-30,17,AR1 alpha + Enhanced + One-Step,NASDAQ:TRS,0.02000133342312719
2020-03-31,17,AR1 alpha + Enhanced + One-Step,NASDAQ:TRS,0.020003237729927584
2020-04-01,17,AR1 alpha + Enhanced + One-Step,NASDAQ:TRS,0.020003270482438135
2020-04-02,17,AR1 alpha + Enhanced + One-Step,NASDAQ:TRS,0.020007586779935242
2020-04-03,17,AR1 alpha + Enhanced + One-Step,NASDAQ:TRS,0.020008418361838337
2020-04-06,17,AR1 alpha + Enhanced + One-Step,NASDAQ:TRS,0.020009074990983415
2020-04-07,17,AR1 alpha + Enhanced + One-Step,NASDAQ:TRS,0.02000863019660093
2020-04-08,17,AR1 alpha + Enhanced + One-Step,NASDAQ:TRS,0.02000875067793307
2020-04-09,17,AR1 alpha + Enhanced + One-Step,NASDAQ:TRS,0.020008687640720956
2020-04-13,17,AR1 alpha + Enhanced + One-Step,NASDAQ:TRS,0.020008621268215728
2020-04-14,17,AR1 alpha + Enhanced + One-Step,NASDAQ:TRS,0.02000964734822076
2020-04-15,17,AR1 alpha + Enhanced + One-Step,NASDAQ:TRS,0.020010708720384303
2020-04-16,17,AR1 alpha + Enhanced + One-Step,NASDAQ:TRS,0.02001134851246876
2020-04-17,17,AR1 alpha + Enhanced + One-Step,NASDAQ:TRS,0.020011546379378613
2020-04-20,17,AR1 alpha + Enhanced + One-Step,NASDAQ:TRS,0.020011420798684808
2020-04-21,17,AR1 alpha + Enhanced + One-Step,NASDAQ:TRS,0.020011653998702437
2020-04-22,17,AR1 alpha + Enhanced + One-Step,NASDAQ:TRS,0.02001189394377323
2020-04-23,17,AR1 alpha + Enhanced + One-Step,NASDAQ:TRS,0.02001182262610495
2020-04-24,17,AR1 alpha + Enhanced + One-Step,NASDAQ:TRS,0.020011885324516938
2020-04-27,17,AR1 alpha + Enhanced + One-Step,NASDAQ:TRS,0.0
2020-04-28,17,AR1 alpha + Enhanced + One-Step,NASDAQ:TRS,0.0
2020-04-29,17,AR1 alpha + Enhanced + One-Step,NASDAQ:TRS,0.0
2020-04-30,17,AR1 alpha + Enhanced + One-Step,NASDAQ:TRS,6.437627612169857e-09
2020-05-01,17,AR1 alpha + Enhanced + One-Step,NASDAQ:TRS,0.0
2020-05-04,17,AR1 alpha + Enhanced + One-Step,NASDAQ:TRS,1.075213341521147e-08
2020-05-05,17,AR1 alpha + Enhanced + One-Step,NASDAQ:TRS,0.0
2020-05-06,17,AR1 alpha + Enhanced + One-Step,NASDAQ:TRS,0.0
2020-05-07,17,AR1 alpha + Enhanced + One-Step,NASDAQ:TRS,0.0
2020-05-08,17,AR1 alpha + Enhanced + One-Step,NASDAQ:TRS,0.0
2020-05-11,17,AR1 alpha + Enhanced + One-Step,NASDAQ:TRS,0.0
2020-05-12,17,AR1 alpha + Enhanced + One-Step,NASDAQ:TRS,0.0
2020-05-13,17,AR1 alpha + Enhanced + One-Step,NASDAQ:TRS,4.107404608963966e-08
2020-05-14,17,AR1 alpha + Enhanced + One-Step,NASDAQ:TRS,0.0
2020-05-15,17,AR1 alpha + Enhanced + One-Step,NASDAQ:TRS,3.1593943816076854e-08
2020-05-18,17,AR1 alpha + Enhanced + One-Step,NASDAQ:TRS,6.542576987662698e-08
2020-05-19,17,AR1 alpha + Enhanced + One-Step,NASDAQ:TRS,0.0
2020-05-20,17,AR1 alpha + Enhanced + One-Step,NASDAQ:TRS,6.9365447506191455e-09
2020-05-21,17,AR1 alpha + Enhanced + One-Step,NASDAQ:TRS,0.0
2020-05-22,17,AR1 alpha + Enhanced + One-Step,NASDAQ:TRS,6.7250244802989295e-09
2020-05-26,17,AR1 alpha + Enhanced + One-Step,NASDAQ:TRS,0.0
2020-05-27,17,AR1 alpha + Enhanced + One-Step,NASDAQ:TRS,4.5094647281857914e-08
2020-05-28,17,AR1 alpha + Enhanced + One-Step,NASDAQ:TRS,2.3180714487585234e-08
2020-05-29,17,AR1 alpha + Enhanced + One-Step,NASDAQ:TRS,1.0448687104700265e-08
2020-06-01,17,AR1 alpha + Enhanced + One-Step,NASDAQ:TRS,5.1410841953604054e-08
2020-06-02,17,AR1 alpha + Enhanced + One-Step,NASDAQ:TRS,1.706770397361808e-08
2020-06-03,17,AR1 alpha + Enhanced + One-Step,NASDAQ:TRS,4.345285444530154e-07
2020-06-04,17,AR1 alpha + Enhanced + One-Step,NASDAQ:TRS,2.3551240099204893e-07
2020-06-05,17,AR1 alpha + Enhanced + One-Step,NASDAQ:TRS,5.450168592147566e-08
2020-06-08,17,AR1 alpha + Enhanced + One-Step,NASDAQ:TRS,1.8100880574685857e-08
2020-06-09,17,AR1 alpha + Enhanced + One-Step,NASDAQ:TRS,1.3224737182220922e-08
2020-06-10,17,AR1 alpha + Enhanced + One-Step,NASDAQ:TRS,4.554625269134147e-09
2020-06-11,17,AR1 alpha + Enhanced + One-Step,NASDAQ:TRS,3.3237659031565846e-07
2020-06-12,17,AR1 alpha + Enhanced + One-Step,NASDAQ:TRS,1.6433639162462074e-07
2020-06-15,17,AR1 alpha + Enhanced + One-Step,NASDAQ:TRS,6.720086852107037e-10
2020-06-16,17,AR1 alpha + Enhanced + One-Step,NASDAQ:TRS,1.1253521030876098e-08
2020-06-17,17,AR1 alpha + Enhanced + One-Step,NASDAQ:TRS,4.883434666582745e-09
2020-06-18,17,AR1 alpha + Enhanced + One-Step,NASDAQ:TRS,0.0
2020-06-19,17,AR1 alpha + Enhanced + One-Step,NASDAQ:TRS,6.004582341200362e-08
2020-06-22,17,AR1 alpha + Enhanced + One-Step,NASDAQ:TRS,6.181891548272491e-08
2020-06-23,17,AR1 alpha + Enhanced + One-Step,NASDAQ:TRS,0.0
2020-06-24,17,AR1 alpha + Enhanced + One-Step,NASDAQ:TRS,0.0
2020-06-25,17,AR1 alpha + Enhanced + One-Step,NASDAQ:TRS,1.5770970578801958e-08
2020-06-26,17,AR1 alpha + Enhanced + One-Step,NASDAQ:TRS,0.0
2020-06-29,17,AR1 alpha + Enhanced + One-Step,NASDAQ:TRS,0.0
2020-06-30,17,AR1 alpha + Enhanced + One-Step,NASDAQ:TRS,0.0
2020-07-01,17,AR1 alpha + Enhanced + One-Step,NASDAQ:TRS,0.0
2020-07-02,17,AR1 alpha + Enhanced + One-Step,NASDAQ:TRS,7.376265513174658e-08
2020-07-06,17,AR1 alpha + Enhanced + One-Step,NASDAQ:TRS,0.0
2020-07-07,17,AR1 alpha + Enhanced + One-Step,NASDAQ:TRS,0.0
2020-07-08,17,AR1 alpha + Enhanced + One-Step,NASDAQ:TRS,0.0
2020-07-09,17,AR1 alpha + Enhanced + One-Step,NASDAQ:TRS,0.0
2020-07-10,17,AR1 alpha + Enhanced + One-Step,NASDAQ:TRS,0.0
2020-07-13,17,AR1 alpha + Enhanced + One-Step,NASDAQ:TRS,0.0
2020-07-14,17,AR1 alpha + Enhanced + One-Step,NASDAQ:TRS,0.0
2020-07-15,17,AR1 alpha + Enhanced + One-Step,NASDAQ:TRS,3.310911946861279e-08
2020-07-16,17,AR1 alpha + Enhanced + One-Step,NASDAQ:TRS,1.123996328524545e-08
2020-07-17,17,AR1 alpha + Enhanced + One-Step,NASDAQ:TRS,1.454278984859157e-09
2020-07-20,17,AR1 alpha + Enhanced + One-Step,NASDAQ:TRS,4.174124039915595e-08
2020-07-21,17,AR1 alpha + Enhanced + One-Step,NASDAQ:TRS,1.0001016890879346e-07
2020-07-22,17,AR1 alpha + Enhanced + One-Step,NASDAQ:TRS,8.80300619472756e-08
2020-07-23,17,AR1 alpha + Enhanced + One-Step,NASDAQ:TRS,0.0
2020-07-24,17,AR1 alpha + Enhanced + One-Step,NASDAQ:TRS,0.0
2020-07-27,17,AR1 alpha + Enhanced + One-Step,NASDAQ:TRS,0.0
2020-07-28,17,AR1 alpha + Enhanced + One-Step,NASDAQ:TRS,0.0
2020-07-29,17,AR1 alpha + Enhanced + One-Step,NASDAQ:TRS,0.0
2020-07-30,17,AR1 alpha + Enhanced + One-Step,NASDAQ:TRS,0.0
2020-07-31,17,AR1 alpha + Enhanced + One-Step,NASDAQ:TRS,0.0
2020-08-03,17,AR1 alpha + Enhanced + One-Step,NASDAQ:TRS,1.5094142093250113e-07
2020-08-04,17,AR1 alpha + Enhanced + One-Step,NASDAQ:TRS,5.480432365291172e-08
2020-08-05,17,AR1 alpha + Enhanced + One-Step,NASDAQ:TRS,0.0
2020-08-06,17,AR1 alpha + Enhanced + One-Step,NASDAQ:TRS,0.0
2020-08-07,17,AR1 alpha + Enhanced + One-Step,NASDAQ:TRS,2.254763378671162e-07
2020-08-10,17,AR1 alpha + Enhanced + One-Step,NASDAQ:TRS,1.760430711666317e-07
2020-08-11,17,AR1 alpha + Enhanced + One-Step,NASDAQ:TRS,0.0
2020-08-12,17,AR1 alpha + Enhanced + One-Step,NASDAQ:TRS,1.9165639503894163e-10
2020-08-13,17,AR1 alpha + Enhanced + One-Step,NASDAQ:TRS,4.474179522963314e-10
2020-08-14,17,AR1 alpha + Enhanced + One-Step,NASDAQ:TRS,1.2725202222577144e-09
2020-08-17,17,AR1 alpha + Enhanced + One-Step,NASDAQ:TRS,0.0
2020-08-18,17,AR1 alpha + Enhanced + One-Step,NASDAQ:TRS,0.0
2020-08-19,17,AR1 alpha + Enhanced + One-Step,NASDAQ:TRS,0.0
2020-08-20,17,AR1 alpha + Enhanced + One-Step,NASDAQ:TRS,0.0
2020-08-21,17,AR1 alpha + Enhanced + One-Step,NASDAQ:TRS,0.0
2020-08-24,17,AR1 alpha + Enhanced + One-Step,NASDAQ:TRS,0.0
2020-08-25,17,AR1 alpha + Enhanced + One-Step,NASDAQ:TRS,8.325057742891548e-08
2020-08-26,17,AR1 alpha + Enhanced + One-Step,NASDAQ:TRS,0.0
2020-08-27,17,AR1 alpha + Enhanced + One-Step,NASDAQ:TRS,0.0
2020-08-28,17,AR1 alpha + Enhanced + One-Step,NASDAQ:TRS,2.9140798520275937e-09
2020-08-31,17,AR1 alpha + Enhanced + One-Step,NASDAQ:TRS,0.0
2020-09-01,17,AR1 alpha + Enhanced + One-Step,NASDAQ:TRS,0.0
2020-09-02,17,AR1 alpha + Enhanced + One-Step,NASDAQ:TRS,0.0
2020-09-03,17,AR1 alpha + Enhanced + One-Step,NASDAQ:TRS,0.0
2020-09-04,17,AR1 alpha + Enhanced + One-Step,NASDAQ:TRS,2.3619128013287134e-08
2020-09-08,17,AR1 alpha + Enhanced + One-Step,NASDAQ:TRS,1.9466212478851348e-07
2020-09-09,17,AR1 alpha + Enhanced + One-Step,NASDAQ:TRS,9.325416018458402e-08
2020-09-10,17,AR1 alpha + Enhanced + One-Step,NASDAQ:TRS,5.931856268339777e-08
2020-09-11,17,AR1 alpha + Enhanced + One-Step,NASDAQ:TRS,7.78801268055903e-08
2020-09-14,17,AR1 alpha + Enhanced + One-Step,NASDAQ:TRS,7.633603454219248e-07
2020-09-15,17,AR1 alpha + Enhanced + One-Step,NASDAQ:TRS,4.705666680624323e-07
2020-09-16,17,AR1 alpha + Enhanced + One-Step,NASDAQ:TRS,0.0
2020-09-17,17,AR1 alpha + Enhanced + One-Step,NASDAQ:TRS,0.0
2020-09-18,17,AR1 alpha + Enhanced + One-Step,NASDAQ:TRS,0.0
2020-09-21,17,AR1 alpha + Enhanced + One-Step,NASDAQ:TRS,0.0
2020-09-22,17,AR1 alpha + Enhanced + One-Step,NASDAQ:TRS,1.646372839203594e-08
2020-09-23,17,AR1 alpha + Enhanced + One-Step,NASDAQ:TRS,0.0
2020-09-24,17,AR1 alpha + Enhanced + One-Step,NASDAQ:TRS,0.0
2020-09-25,17,AR1 alpha + Enhanced + One-Step,NASDAQ:TRS,0.0
2020-09-28,17,AR1 alpha + Enhanced + One-Step,NASDAQ:TRS,1.47419698669894e-07
2020-09-29,17,AR1 alpha + Enhanced + One-Step,NASDAQ:TRS,0.0
2020-09-30,17,AR1 alpha + Enhanced + One-Step,NASDAQ:TRS,0.0
2020-10-01,17,AR1 alpha + Enhanced + One-Step,NASDAQ:TRS,1.6400994911542902e-07
2020-10-02,17,AR1 alpha + Enhanced + One-Step,NASDAQ:TRS,1.4046923176994835e-07
2020-10-05,17,AR1 alpha + Enhanced + One-Step,NASDAQ:TRS,3.9493455808830013e-07
2020-10-06,17,AR1 alpha + Enhanced + One-Step,NASDAQ:TRS,9.559685058454759e-08
2020-10-07,17,AR1 alpha + Enhanced + One-Step,NASDAQ:TRS,5.613500276673763e-07
2020-10-08,17,AR1 alpha + Enhanced + One-Step,NASDAQ:TRS,3.1423569436629806e-07
2020-10-09,17,AR1 alpha + Enhanced + One-Step,NASDAQ:TRS,3.2068085162333673e-07
2020-10-12,17,AR1 alpha + Enhanced + One-Step,NASDAQ:TRS,1.8383458608276863e-07
2020-10-13,17,AR1 alpha + Enhanced + One-Step,NASDAQ:TRS,4.998895211361194e-07
2020-10-14,17,AR1 alpha + Enhanced + One-Step,NASDAQ:TRS,1.444507052321672e-08
2020-10-15,17,AR1 alpha + Enhanced + One-Step,NASDAQ:TRS,0.0
2020-10-16,17,AR1 alpha + Enhanced + One-Step,NASDAQ:TRS,0.0
2020-10-19,17,AR1 alpha + Enhanced + One-Step,NASDAQ:TRS,0.0
2020-10-20,17,AR1 alpha + Enhanced + One-Step,NASDAQ:TRS,0.0
2020-10-21,17,AR1 alpha + Enhanced + One-Step,NASDAQ:TRS,0.0
2020-10-22,17,AR1 alpha + Enhanced + One-Step,NASDAQ:TRS,0.0
2020-10-23,17,AR1 alpha + Enhanced + One-Step,NASDAQ:TRS,0.0
2020-10-26,17,AR1 alpha + Enhanced + One-Step,NASDAQ:TRS,7.2911075038442906e-09
2020-10-27,17,AR1 alpha + Enhanced + One-Step,NASDAQ:TRS,4.3399796727426845e-07
2020-10-28,17,AR1 alpha + Enhanced + One-Step,NASDAQ:TRS,2.943134615826002e-07
2020-10-29,17,AR1 alpha + Enhanced + One-Step,NASDAQ:TRS,5.795121677717622e-07
2020-10-30,17,AR1 alpha + Enhanced + One-Step,NASDAQ:TRS,3.3356524271732106e-07
2020-11-02,17,AR1 alpha + Enhanced + One-Step,NASDAQ:TRS,1.1383860977470516e-06
2020-11-03,17,AR1 alpha + Enhanced + One-Step,NASDAQ:TRS,4.654447470296936e-07
2020-11-04,17,AR1 alpha + Enhanced + One-Step,NASDAQ:TRS,2.243195821302015e-06
2020-11-05,17,AR1 alpha + Enhanced + One-Step,NASDAQ:TRS,2.2906881732337384e-06
2020-11-06,17,AR1 alpha + Enhanced + One-Step,NASDAQ:TRS,1.2836166382817336e-06
2020-11-09,17,AR1 alpha + Enhanced + One-Step,NASDAQ:TRS,6.88717311433173e-07
2020-11-10,17,AR1 alpha + Enhanced + One-Step,NASDAQ:TRS,1.0848307278659361e-06
2020-11-11,17,AR1 alpha + Enhanced + One-Step,NASDAQ:TRS,7.738498544240468e-07
2020-11-12,17,AR1 alpha + Enhanced + One-Step,NASDAQ:TRS,2.7518937644944265e-07
2020-11-13,17,AR1 alpha + Enhanced + One-Step,NASDAQ:TRS,1.5330259910251611e-07
2020-11-16,17,AR1 alpha + Enhanced + One-Step,NASDAQ:TRS,6.959975354010887e-08
2020-11-17,17,AR1 alpha + Enhanced + One-Step,NASDAQ:TRS,0.0
2020-11-18,17,AR1 alpha + Enhanced + One-Step,NASDAQ:TRS,0.0
2020-11-19,17,AR1 alpha + Enhanced + One-Step,NASDAQ:TRS,0.0
2020-11-20,17,AR1 alpha + Enhanced + One-Step,NASDAQ:TRS,0.0
2020-11-23,17,AR1 alpha + Enhanced + One-Step,NASDAQ:TRS,0.0
2020-11-24,17,AR1 alpha + Enhanced + One-Step,NASDAQ:TRS,0.0
2020-11-25,17,AR1 alpha + Enhanced + One-Step,NASDAQ:TRS,0.0
2020-11-27,17,AR1 alpha + Enhanced + One-Step,NASDAQ:TRS,0.0
2020-11-30,17,AR1 alpha + Enhanced + One-Step,NASDAQ:TRS,0.0
2020-12-01,17,AR1 alpha + Enhanced + One-Step,NASDAQ:TRS,1.7949256564810637e-07
2020-12-04,17,AR1 alpha + Enhanced + One-Step,NASDAQ:TRS,1.3892924551452244e-07
2020-12-07,17,AR1 alpha + Enhanced + One-Step,NASDAQ:TRS,0.0
2020-12-08,17,AR1 alpha + Enhanced + One-Step,NASDAQ:TRS,1.6932618052823514e-07
2020-12-09,17,AR1 alpha + Enhanced + One-Step,NASDAQ:TRS,0.0
2020-12-10,17,AR1 alpha + Enhanced + One-Step,NASDAQ:TRS,7.664281764705952e-08
2020-12-11,17,AR1 alpha + Enhanced + One-Step,NASDAQ:TRS,0.0
2020-12-14,17,AR1 alpha + Enhanced + One-Step,NASDAQ:TRS,0.0
2020-12-15,17,AR1 alpha + Enhanced + One-Step,NASDAQ:TRS,3.375151201418272e-08
2020-12-16,17,AR1 alpha + Enhanced + One-Step,NASDAQ:TRS,0.0
2020-12-17,17,AR1 alpha + Enhanced + One-Step,NASDAQ:TRS,0.0
2020-12-18,17,AR1 alpha + Enhanced + One-Step,NASDAQ:TRS,8.809502115211373e-07
2020-12-21,17,AR1 alpha + Enhanced + One-Step,NASDAQ:TRS,9.004506247916836e-07
2020-12-22,17,AR1 alpha + Enhanced + One-Step,NASDAQ:TRS,4.977279820403015e-07
2020-12-23,17,AR1 alpha + Enhanced + One-Step,NASDAQ:TRS,0.0
2020-12-24,17,AR1 alpha + Enhanced + One-Step,NASDAQ:TRS,0.0
2020-12-28,17,AR1 alpha + Enhanced + One-Step,NASDAQ:TRS,0.0
2020-12-29,17,AR1 alpha + Enhanced + One-Step,NASDAQ:TRS,0.0
2020-12-30,17,AR1 alpha + Enhanced + One-Step,NASDAQ:TRS,0.0
2020-12-31,17,AR1 alpha + Enhanced + One-Step,NASDAQ:TRS,0.0
2021-01-04,17,AR1 alpha + Enhanced + One-Step,NASDAQ:TRS,9.486161954079676e-09
2021-01-05,17,AR1 alpha + Enhanced + One-Step,NASDAQ:TRS,3.2773568267295707e-09
2021-01-06,17,AR1 alpha + Enhanced + One-Step,NASDAQ:TRS,0.0
2021-01-07,17,AR1 alpha + Enhanced + One-Step,NASDAQ:TRS,0.0
2021-01-08,17,AR1 alpha + Enhanced + One-Step,NASDAQ:TRS,0.0
2021-01-11,17,AR1 alpha + Enhanced + One-Step,NASDAQ:TRS,0.0
2021-01-12,17,AR1 alpha + Enhanced + One-Step,NASDAQ:TRS,0.0
2021-01-13,17,AR1 alpha + Enhanced + One-Step,NASDAQ:TRS,0.0
2021-01-14,17,AR1 alpha + Enhanced + One-Step,NASDAQ:TRS,1.6887592784793057e-07
2021-01-15,17,AR1 alpha + Enhanced + One-Step,NASDAQ:TRS,0.0
2021-01-19,17,AR1 alpha + Enhanced + One-Step,NASDAQ:TRS,0.0
2021-01-20,17,AR1 alpha + Enhanced + One-Step,NASDAQ:TRS,2.531413084043798e-07
2021-01-21,17,AR1 alpha + Enhanced + One-Step,NASDAQ:TRS,0.0
2021-01-22,17,AR1 alpha + Enhanced + One-Step,NASDAQ:TRS,0.0
2021-01-25,17,AR1 alpha + Enhanced + One-Step,NASDAQ:TRS,0.0
2021-01-26,17,AR1 alpha + Enhanced + One-Step,NASDAQ:TRS,0.0
2021-01-27,17,AR1 alpha + Enhanced + One-Step,NASDAQ:TRS,3.160994514851364e-08
2021-01-28,17,AR1 alpha + Enhanced + One-Step,NASDAQ:TRS,1.1406184744318958e-06
2021-01-29,17,AR1 alpha + Enhanced + One-Step,NASDAQ:TRS,4.1136383393904733e-07
2021-02-01,17,AR1 alpha + Enhanced + One-Step,NASDAQ:TRS,2.1131331431555242e-07
2021-02-02,17,AR1 alpha + Enhanced + One-Step,NASDAQ:TRS,1.356173315483423e-07
2021-02-03,17,AR1 alpha + Enhanced + One-Step,NASDAQ:TRS,0.0
2021-02-04,17,AR1 alpha + Enhanced + One-Step,NASDAQ:TRS,0.0
2021-02-05,17,AR1 alpha + Enhanced + One-Step,NASDAQ:TRS,0.0
2021-02-08,17,AR1 alpha + Enhanced + One-Step,NASDAQ:TRS,3.115246769789529e-07
2021-02-09,17,AR1 alpha + Enhanced + One-Step,NASDAQ:TRS,1.2868733903337828e-08
2021-02-10,17,AR1 alpha + Enhanced + One-Step,NASDAQ:TRS,2.842014935902409e-07
2021-02-11,17,AR1 alpha + Enhanced + One-Step,NASDAQ:TRS,2.8526165916820945e-07
2021-02-12,17,AR1 alpha + Enhanced + One-Step,NASDAQ:TRS,1.3991585096922537e-07
2021-02-16,17,AR1 alpha + Enhanced + One-Step,NASDAQ:TRS,5.5326728858812835e-08
2021-02-17,17,AR1 alpha + Enhanced + One-Step,NASDAQ:TRS,0.0
2021-02-18,17,AR1 alpha + Enhanced + One-Step,NASDAQ:TRS,7.019344333981416e-08
2021-02-19,17,AR1 alpha + Enhanced + One-Step,NASDAQ:TRS,0.0
2021-02-22,17,AR1 alpha + Enhanced + One-Step,NASDAQ:TRS,6.634151515615569e-07
2021-02-23,17,AR1 alpha + Enhanced + One-Step,NASDAQ:TRS,2.0253643368907787e-06
2021-02-24,17,AR1 alpha + Enhanced + One-Step,NASDAQ:TRS,1.4197008835618967e-06
2021-02-25,17,AR1 alpha + Enhanced + One-Step,NASDAQ:TRS,0.0
2021-02-26,17,AR1 alpha + Enhanced + One-Step,NASDAQ:TRS,1.879834610341379e-07
2021-03-01,17,AR1 alpha + Enhanced + One-Step,NASDAQ:TRS,2.938217843661069e-07
2021-03-02,17,AR1 alpha + Enhanced + One-Step,NASDAQ:TRS,1.6685259840191426e-07
2021-03-03,17,AR1 alpha + Enhanced + One-Step,NASDAQ:TRS,2.6143852952029724e-08
2021-03-04,17,AR1 alpha + Enhanced + One-Step,NASDAQ:TRS,1.814199591819768e-08
2021-03-05,17,AR1 alpha + Enhanced + One-Step,NASDAQ:TRS,0.0
2021-03-08,17,AR1 alpha + Enhanced + One-Step,NASDAQ:TRS,2.2125234254588925e-09
2021-03-09,17,AR1 alpha + Enhanced + One-Step,NASDAQ:TRS,0.0
2021-03-10,17,AR1 alpha + Enhanced + One-Step,NASDAQ:TRS,1.4443741051941834e-06
2021-03-11,17,AR1 alpha + Enhanced + One-Step,NASDAQ:TRS,2.1291932489471822e-07
2021-03-12,17,AR1 alpha + Enhanced + One-Step,NASDAQ:TRS,9.418143852200948e-08
2021-03-15,17,AR1 alpha + Enhanced + One-Step,NASDAQ:TRS,1.99180157207296e-06
2021-03-16,17,AR1 alpha + Enhanced + One-Step,NASDAQ:TRS,1.3941687793972738e-06
2021-03-17,17,AR1 alpha + Enhanced + One-Step,NASDAQ:TRS,3.742608195013257e-07
2021-03-18,17,AR1 alpha + Enhanced + One-Step,NASDAQ:TRS,3.4753524153964246e-07
2021-03-19,17,AR1 alpha + Enhanced + One-Step,NASDAQ:TRS,0.0
2021-03-22,17,AR1 alpha + Enhanced + One-Step,NASDAQ:TRS,2.143877764265703e-07
2021-03-23,17,AR1 alpha + Enhanced + One-Step,NASDAQ:TRS,1.3037518200240122e-06
2021-03-24,17,AR1 alpha + Enhanced + One-Step,NASDAQ:TRS,7.878465925049528e-07
2021-03-25,17,AR1 alpha + Enhanced + One-Step,NASDAQ:TRS,6.090045048974235e-07
2021-03-26,17,AR1 alpha + Enhanced + One-Step,NASDAQ:TRS,5.801333069618709e-07
2021-03-29,17,AR1 alpha + Enhanced + One-Step,NASDAQ:TRS,5.233473265494816e-07
2021-03-30,17,AR1 alpha + Enhanced + One-Step,NASDAQ:TRS,2.216144819338929e-08
2021-03-31,17,AR1 alpha + Enhanced + One-Step,NASDAQ:TRS,0.0
2021-04-01,17,AR1 alpha + Enhanced + One-Step,NASDAQ:TRS,7.685256502090609e-07
2021-04-05,17,AR1 alpha + Enhanced + One-Step,NASDAQ:TRS,6.109076369218204e-07
2021-04-06,17,AR1 alpha + Enhanced + One-Step,NASDAQ:TRS,4.050946770317853e-07
2021-04-07,17,AR1 alpha + Enhanced + One-Step,NASDAQ:TRS,0.0
2021-04-08,17,AR1 alpha + Enhanced + One-Step,NASDAQ:TRS,0.0
2021-04-09,17,AR1 alpha + Enhanced + One-Step,NASDAQ:TRS,0.0
2021-04-12,17,AR1 alpha + Enhanced + One-Step,NASDAQ:TRS,0.0
2021-04-13,17,AR1 alpha + Enhanced + One-Step,NASDAQ:TRS,0.0
2021-04-14,17,AR1 alpha + Enhanced + One-Step,NASDAQ:TRS,0.0
2021-04-15,17,AR1 alpha + Enhanced + One-Step,NASDAQ:TRS,8.05761644194099e-07
2021-04-16,17,AR1 alpha + Enhanced + One-Step,NASDAQ:TRS,5.419695976226172e-07
2021-04-19,17,AR1 alpha + Enhanced + One-Step,NASDAQ:TRS,1.75723134548169e-07
2021-04-20,17,AR1 alpha + Enhanced + One-Step,NASDAQ:TRS,0.0
2021-04-21,17,AR1 alpha + Enhanced + One-Step,NASDAQ:TRS,0.0
2021-04-22,17,AR1 alpha + Enhanced + One-Step,NASDAQ:TRS,0.0
2021-04-23,17,AR1 alpha + Enhanced + One-Step,NASDAQ:TRS,0.0
2021-04-26,17,AR1 alpha + Enhanced + One-Step,NASDAQ:TRS,0.0
2021-04-27,17,AR1 alpha + Enhanced + One-Step,NASDAQ:TRS,0.0
2021-04-28,17,AR1 alpha + Enhanced + One-Step,NASDAQ:TRS,0.0
2021-04-29,17,AR1 alpha + Enhanced + One-Step,NASDAQ:TRS,0.0
2021-04-30,17,AR1 alpha + Enhanced + One-Step,NASDAQ:TRS,0.0
2021-05-03,17,AR1 alpha + Enhanced + One-Step,NASDAQ:TRS,3.849715087965916e-06
2021-05-04,17,AR1 alpha + Enhanced + One-Step,NASDAQ:TRS,2.324881501099422e-06
2021-05-05,17,AR1 alpha + Enhanced + One-Step,NASDAQ:TRS,1.449794571862498e-06
2021-05-06,17,AR1 alpha + Enhanced + One-Step,NASDAQ:TRS,1.2964776227427682e-06
2021-05-07,17,AR1 alpha + Enhanced + One-Step,NASDAQ:TRS,9.290858866910531e-07
2021-05-10,17,AR1 alpha + Enhanced + One-Step,NASDAQ:TRS,8.743409028122794e-07
2021-05-11,17,AR1 alpha + Enhanced + One-Step,NASDAQ:TRS,6.277222249843102e-07
2021-05-12,17,AR1 alpha + Enhanced + One-Step,NASDAQ:TRS,3.465458811340644e-07
2021-05-13,17,AR1 alpha + Enhanced + One-Step,NASDAQ:TRS,0.0
2021-05-14,17,AR1 alpha + Enhanced + One-Step,NASDAQ:TRS,0.0
2021-05-17,17,AR1 alpha + Enhanced + One-Step,NASDAQ:TRS,0.0
2021-05-18,17,AR1 alpha + Enhanced + One-Step,NASDAQ:TRS,5.495765123184767e-07
2021-05-19,17,AR1 alpha + Enhanced + One-Step,NASDAQ:TRS,1.4260166634124887e-06
2021-05-20,17,AR1 alpha + Enhanced + One-Step,NASDAQ:TRS,1.0500925006709871e-06
2021-05-21,17,AR1 alpha + Enhanced + One-Step,NASDAQ:TRS,8.208529092048935e-07
2021-05-24,17,AR1 alpha + Enhanced + One-Step,NASDAQ:TRS,0.0
2021-05-25,17,AR1 alpha + Enhanced + One-Step,NASDAQ:TRS,0.0
2021-05-26,17,AR1 alpha + Enhanced + One-Step,NASDAQ:TRS,0.0
2021-05-27,17,AR1 alpha + Enhanced + One-Step,NASDAQ:TRS,0.0
2021-05-28,17,AR1 alpha + Enhanced + One-Step,NASDAQ:TRS,0.0
2021-06-01,17,AR1 alpha + Enhanced + One-Step,NASDAQ:TRS,0.0
2021-06-02,17,AR1 alpha + Enhanced + One-Step,NASDAQ:TRS,0.0
2021-06-03,17,AR1 alpha + Enhanced + One-Step,NASDAQ:TRS,0.0
2021-06-04,17,AR1 alpha + Enhanced + One-Step,NASDAQ:TRS,0.0
2021-06-07,17,AR1 alpha + Enhanced + One-Step,NASDAQ:TRS,0.0
2021-06-08,17,AR1 alpha + Enhanced + One-Step,NASDAQ:TRS,0.0
2021-06-09,17,AR1 alpha + Enhanced + One-Step,NASDAQ:TRS,0.0
2021-06-10,17,AR1 alpha + Enhanced + One-Step,NASDAQ:TRS,0.0
2021-06-11,17,AR1 alpha + Enhanced + One-Step,NASDAQ:TRS,0.0
2021-06-14,17,AR1 alpha + Enhanced + One-Step,NASDAQ:TRS,0.0
2021-06-15,17,AR1 alpha + Enhanced + One-Step,NASDAQ:TRS,0.0
2021-06-16,17,AR1 alpha + Enhanced + One-Step,NASDAQ:TRS,0.0
2021-06-17,17,AR1 alpha + Enhanced + One-Step,NASDAQ:TRS,0.0
2021-06-18,17,AR1 alpha + Enhanced + One-Step,NASDAQ:TRS,0.0
2021-06-21,17,AR1 alpha + Enhanced + One-Step,NASDAQ:TRS,7.930269955842996e-07
2021-06-22,17,AR1 alpha + Enhanced + One-Step,NASDAQ:TRS,0.0
2021-06-23,17,AR1 alpha + Enhanced + One-Step,NASDAQ:TRS,0.0
2021-06-24,17,AR1 alpha + Enhanced + One-Step,NASDAQ:TRS,1.6869121431706534e-06
2021-06-25,17,AR1 alpha + Enhanced + One-Step,NASDAQ:TRS,1.932404319182523e-06
2021-06-28,17,AR1 alpha + Enhanced + One-Step,NASDAQ:TRS,1.086332757930088e-06
2021-06-29,17,AR1 alpha + Enhanced + One-Step,NASDAQ:TRS,0.0
2021-06-30,17,AR1 alpha + Enhanced + One-Step,NASDAQ:TRS,0.0
2021-07-01,17,AR1 alpha + Enhanced + One-Step,NASDAQ:TRS,0.0
2021-07-02,17,AR1 alpha + Enhanced + One-Step,NASDAQ:TRS,0.0
2021-07-06,17,AR1 alpha + Enhanced + One-Step,NASDAQ:TRS,0.0
2021-07-07,17,AR1 alpha + Enhanced + One-Step,NASDAQ:TRS,1.0323836015795657e-06
2021-07-08,17,AR1 alpha + Enhanced + One-Step,NASDAQ:TRS,5.211591322788228e-07
2021-07-09,17,AR1 alpha + Enhanced + One-Step,NASDAQ:TRS,0.0
2021-07-12,17,AR1 alpha + Enhanced + One-Step,NASDAQ:TRS,0.0
2021-07-13,17,AR1 alpha + Enhanced + One-Step,NASDAQ:TRS,0.0
2021-07-14,17,AR1 alpha + Enhanced + One-Step,NASDAQ:TRS,0.0
2021-07-15,17,AR1 alpha + Enhanced + One-Step,NASDAQ:TRS,0.0
2021-07-16,17,AR1 alpha + Enhanced + One-Step,NASDAQ:TRS,0.0
2021-07-19,17,AR1 alpha + Enhanced + One-Step,NASDAQ:TRS,0.0
2021-07-20,17,AR1 alpha + Enhanced + One-Step,NASDAQ:TRS,0.0
2021-07-21,17,AR1 alpha + Enhanced + One-Step,NASDAQ:TRS,2.531914826545909e-07
2021-07-22,17,AR1 alpha + Enhanced + One-Step,NASDAQ:TRS,0.0
2021-07-23,17,AR1 alpha + Enhanced + One-Step,NASDAQ:TRS,0.0
2021-07-26,17,AR1 alpha + Enhanced + One-Step,NASDAQ:TRS,0.0
2021-07-27,17,AR1 alpha + Enhanced + One-Step,NASDAQ:TRS,0.0
2021-07-28,17,AR1 alpha + Enhanced + One-Step,NASDAQ:TRS,0.0
2021-07-29,17,AR1 alpha + Enhanced + One-Step,NASDAQ:TRS,0.0
2021-07-30,17,AR1 alpha + Enhanced + One-Step,NASDAQ:TRS,0.0
2021-08-02,17,AR1 alpha + Enhanced + One-Step,NASDAQ:TRS,0.0
2021-08-03,17,AR1 alpha + Enhanced + One-Step,NASDAQ:TRS,0.0
2021-08-04,17,AR1 alpha + Enhanced + One-Step,NASDAQ:TRS,0.0
2021-08-05,17,AR1 alpha + Enhanced + One-Step,NASDAQ:TRS,0.0
2021-08-06,17,AR1 alpha + Enhanced + One-Step,NASDAQ:TRS,0.0
2021-08-09,17,AR1 alpha + Enhanced + One-Step,NASDAQ:TRS,0.0
2021-08-10,17,AR1 alpha + Enhanced + One-Step,NASDAQ:TRS,0.0
2021-08-11,17,AR1 alpha + Enhanced + One-Step,NASDAQ:TRS,0.0
2021-08-12,17,AR1 alpha + Enhanced + One-Step,NASDAQ:TRS,0.0
2021-08-13,17,AR1 alpha + Enhanced + One-Step,NASDAQ:TRS,1.430940567903866e-07
2021-08-16,17,AR1 alpha + Enhanced + One-Step,NASDAQ:TRS,1.1239997587879583e-06
2021-08-17,17,AR1 alpha + Enhanced + One-Step,NASDAQ:TRS,1.0207381389812768e-06
2021-08-18,17,AR1 alpha + Enhanced + One-Step,NASDAQ:TRS,9.878602496167728e-07
2021-08-19,17,AR1 alpha + Enhanced + One-Step,NASDAQ:TRS,2.239373242284883e-06
2021-08-20,17,AR1 alpha + Enhanced + One-Step,NASDAQ:TRS,0.0
2021-08-23,17,AR1 alpha + Enhanced + One-Step,NASDAQ:TRS,0.0
2021-08-24,17,AR1 alpha + Enhanced + One-Step,NASDAQ:TRS,6.932321323872993e-08
2021-08-25,17,AR1 alpha + Enhanced + One-Step,NASDAQ:TRS,6.601742458469045e-08
2021-08-26,17,AR1 alpha + Enhanced + One-Step,NASDAQ:TRS,0.0
2021-08-27,17,AR1 alpha + Enhanced + One-Step,NASDAQ:TRS,0.0
2021-08-30,17,AR1 alpha + Enhanced + One-Step,NASDAQ:TRS,0.0
2021-08-31,17,AR1 alpha + Enhanced + One-Step,NASDAQ:TRS,0.0
2021-09-01,17,AR1 alpha + Enhanced + One-Step,NASDAQ:TRS,0.0
2021-09-02,17,AR1 alpha + Enhanced + One-Step,NASDAQ:TRS,0.0
2021-09-03,17,AR1 alpha + Enhanced + One-Step,NASDAQ:TRS,0.0
2021-09-07,17,AR1 alpha + Enhanced + One-Step,NASDAQ:TRS,0.0
2021-09-08,17,AR1 alpha + Enhanced + One-Step,NASDAQ:TRS,0.0
2021-09-09,17,AR1 alpha + Enhanced + One-Step,NASDAQ:TRS,0.0
2021-09-10,17,AR1 alpha + Enhanced + One-Step,NASDAQ:TRS,0.0
2021-09-13,17,AR1 alpha + Enhanced + One-Step,NASDAQ:TRS,4.305998875647365e-07
2021-09-14,17,AR1 alpha + Enhanced + One-Step,NASDAQ:TRS,0.0
2021-09-15,17,AR1 alpha + Enhanced + One-Step,NASDAQ:TRS,0.0
2021-09-16,17,AR1 alpha + Enhanced + One-Step,NASDAQ:TRS,0.0
2021-09-17,17,AR1 alpha + Enhanced + One-Step,NASDAQ:TRS,0.0
2021-09-20,17,AR1 alpha + Enhanced + One-Step,NASDAQ:TRS,0.0
2021-09-21,17,AR1 alpha + Enhanced + One-Step,NASDAQ:TRS,0.0
2021-09-22,17,AR1 alpha + Enhanced + One-Step,NASDAQ:TRS,0.0
2021-09-23,17,AR1 alpha + Enhanced + One-Step,NASDAQ:TRS,4.979590585585739e-07
2021-09-24,17,AR1 alpha + Enhanced + One-Step,NASDAQ:TRS,3.453645298897797e-08
2021-09-27,17,AR1 alpha + Enhanced + One-Step,NASDAQ:TRS,3.18221346668688e-08
2021-09-28,17,AR1 alpha + Enhanced + One-Step,NASDAQ:TRS,0.0
2021-09-29,17,AR1 alpha + Enhanced + One-Step,NASDAQ:TRS,4.243400475754938e-07
2021-09-30,17,AR1 alpha + Enhanced + One-Step,NASDAQ:TRS,2.60630152019656e-07
2021-10-01,17,AR1 alpha + Enhanced + One-Step,NASDAQ:TRS,1.909711403769448e-07
2021-10-04,17,AR1 alpha + Enhanced + One-Step,NASDAQ:TRS,1.6875132972797082e-07
2021-10-05,17,AR1 alpha + Enhanced + One-Step,NASDAQ:TRS,0.0
2021-10-06,17,AR1 alpha + Enhanced + One-Step,NASDAQ:TRS,0.0
2021-10-07,17,AR1 alpha + Enhanced + One-Step,NASDAQ:TRS,0.0
2021-10-08,17,AR1 alpha + Enhanced + One-Step,NASDAQ:TRS,0.0
2021-10-11,17,AR1 alpha + Enhanced + One-Step,NASDAQ:TRS,0.0
2021-10-12,17,AR1 alpha + Enhanced + One-Step,NASDAQ:TRS,2.1314535693252437e-07
2021-10-13,17,AR1 alpha + Enhanced + One-Step,NASDAQ:TRS,1.779385424685955e-07
2021-10-14,17,AR1 alpha + Enhanced + One-Step,NASDAQ:TRS,0.0
2021-10-15,17,AR1 alpha + Enhanced + One-Step,NASDAQ:TRS,0.0
2021-10-18,17,AR1 alpha + Enhanced + One-Step,NASDAQ:TRS,0.0
2021-10-19,17,AR1 alpha + Enhanced + One-Step,NASDAQ:TRS,0.0
2021-10-20,17,AR1 alpha + Enhanced + One-Step,NASDAQ:TRS,1.3286197305900913e-07
2021-10-21,17,AR1 alpha + Enhanced + One-Step,NASDAQ:TRS,6.489946558993354e-08
2021-10-22,17,AR1 alpha + Enhanced + One-Step,NASDAQ:TRS,0.0
2021-10-25,17,AR1 alpha + Enhanced + One-Step,NASDAQ:TRS,0.0
2021-10-26,17,AR1 alpha + Enhanced + One-Step,NASDAQ:TRS,0.0
2021-10-27,17,AR1 alpha + Enhanced + One-Step,NASDAQ:TRS,9.092655560054846e-08
2021-10-28,17,AR1 alpha + Enhanced + One-Step,NASDAQ:TRS,1.8835938647589667e-07
2021-10-29,17,AR1 alpha + Enhanced + One-Step,NASDAQ:TRS,0.0
2021-11-01,17,AR1 alpha + Enhanced + One-Step,NASDAQ:TRS,0.0
2021-11-02,17,AR1 alpha + Enhanced + One-Step,NASDAQ:TRS,0.0
2021-11-03,17,AR1 alpha + Enhanced + One-Step,NASDAQ:TRS,8.68258963478807e-07
2021-11-04,17,AR1 alpha + Enhanced + One-Step,NASDAQ:TRS,6.002059073417987e-07
2021-11-05,17,AR1 alpha + Enhanced + One-Step,NASDAQ:TRS,2.2240775790513926e-07
2021-11-08,17,AR1 alpha + Enhanced + One-Step,NASDAQ:TRS,3.749096182897435e-07
2021-11-09,17,AR1 alpha + Enhanced + One-Step,NASDAQ:TRS,3.1190689374187396e-07
2021-11-10,17,AR1 alpha + Enhanced + One-Step,NASDAQ:TRS,1.254307454573818e-06
2021-11-11,17,AR1 alpha + Enhanced + One-Step,NASDAQ:TRS,8.743767621243849e-07
2021-11-12,17,AR1 alpha + Enhanced + One-Step,NASDAQ:TRS,7.473033449163597e-07
2021-11-15,17,AR1 alpha + Enhanced + One-Step,NASDAQ:TRS,9.791733212519978e-07
2021-11-16,17,AR1 alpha + Enhanced + One-Step,NASDAQ:TRS,0.0
2021-11-17,17,AR1 alpha + Enhanced + One-Step,NASDAQ:TRS,0.0
2021-11-18,17,AR1 alpha + Enhanced + One-Step,NASDAQ:TRS,0.0
2021-11-19,17,AR1 alpha + Enhanced + One-Step,NASDAQ:TRS,2.5769834173822707e-07
2021-11-22,17,AR1 alpha + Enhanced + One-Step,NASDAQ:TRS,3.806370239654843e-07
2021-11-23,17,AR1 alpha + Enhanced + One-Step,NASDAQ:TRS,0.0
2021-11-24,17,AR1 alpha + Enhanced + One-Step,NASDAQ:TRS,0.0
2021-11-26,17,AR1 alpha + Enhanced + One-Step,NASDAQ:TRS,0.0
2021-11-29,17,AR1 alpha + Enhanced + One-Step,NASDAQ:TRS,0.0
2021-11-30,17,AR1 alpha + Enhanced + One-Step,NASDAQ:TRS,0.0
2021-12-01,17,AR1 alpha + Enhanced + One-Step,NASDAQ:TRS,0.0
2021-12-02,17,AR1 alpha + Enhanced + One-Step,NASDAQ:TRS,0.0
2021-12-03,17,AR1 alpha + Enhanced + One-Step,NASDAQ:TRS,0.0
2021-12-06,17,AR1 alpha + Enhanced + One-Step,NASDAQ:TRS,0.0
2021-12-07,17,AR1 alpha + Enhanced + One-Step,NASDAQ:TRS,0.0
2021-12-08,17,AR1 alpha + Enhanced + One-Step,NASDAQ:TRS,0.0
2021-12-09,17,AR1 alpha + Enhanced + One-Step,NASDAQ:TRS,0.0
2021-12-10,17,AR1 alpha + Enhanced + One-Step,NASDAQ:TRS,0.0
2021-12-13,17,AR1 alpha + Enhanced + One-Step,NASDAQ:TRS,0.0
2021-12-14,17,AR1 alpha + Enhanced + One-Step,NASDAQ:TRS,0.0
2021-12-15,17,AR1 alpha + Enhanced + One-Step,NASDAQ:TRS,5.083791132878889e-07
2021-12-16,17,AR1 alpha + Enhanced + One-Step,NASDAQ:TRS,4.480335072147165e-07
2021-12-17,17,AR1 alpha + Enhanced + One-Step,NASDAQ:TRS,1.6541840379943431e-07
2021-12-20,17,AR1 alpha + Enhanced + One-Step,NASDAQ:TRS,0.0
2021-12-21,17,AR1 alpha + Enhanced + One-Step,NASDAQ:TRS,1.8938904352024623e-07
2021-12-22,17,AR1 alpha + Enhanced + One-Step,NASDAQ:TRS,1.0054136404504029e-07
2021-12-23,17,AR1 alpha + Enhanced + One-Step,NASDAQ:TRS,4.019935834786575e-07
2021-12-27,17,AR1 alpha + Enhanced + One-Step,NASDAQ:TRS,4.257637894902027e-07
2021-12-28,17,AR1 alpha + Enhanced + One-Step,NASDAQ:TRS,3.3194294091353484e-07
2021-12-29,17,AR1 alpha + Enhanced + One-Step,NASDAQ:TRS,4.5051833447365535e-07
2021-12-30,17,AR1 alpha + Enhanced + One-Step,NASDAQ:TRS,4.351346577828584e-07
2021-12-31,17,AR1 alpha + Enhanced + One-Step,NASDAQ:TRS,2.4709298449661547e-07
2022-01-03,17,AR1 alpha + Enhanced + One-Step,NASDAQ:TRS,2.744248580246395e-07
2022-01-04,17,AR1 alpha + Enhanced + One-Step,NASDAQ:TRS,2.2415129814482906e-07
2022-01-05,17,AR1 alpha + Enhanced + One-Step,NASDAQ:TRS,1.5489196724926511e-07
2022-01-06,17,AR1 alpha + Enhanced + One-Step,NASDAQ:TRS,1.3105969512391472e-07
2022-01-07,17,AR1 alpha + Enhanced + One-Step,NASDAQ:TRS,6.80168676481928e-09
2022-01-10,17,AR1 alpha + Enhanced + One-Step,NASDAQ:TRS,0.0
2022-01-11,17,AR1 alpha + Enhanced + One-Step,NASDAQ:TRS,0.0
2022-01-12,17,AR1 alpha + Enhanced + One-Step,NASDAQ:TRS,0.0
2022-01-13,17,AR1 alpha + Enhanced + One-Step,NASDAQ:TRS,0.0
2022-01-14,17,AR1 alpha + Enhanced + One-Step,NASDAQ:TRS,0.0
2022-01-18,17,AR1 alpha + Enhanced + One-Step,NASDAQ:TRS,1.723859482900293e-07
2022-01-19,17,AR1 alpha + Enhanced + One-Step,NASDAQ:TRS,0.0
2022-01-20,17,AR1 alpha + Enhanced + One-Step,NASDAQ:TRS,5.293872490185282e-08
2022-01-21,17,AR1 alpha + Enhanced + One-Step,NASDAQ:TRS,0.0
2022-01-24,17,AR1 alpha + Enhanced + One-Step,NASDAQ:TRS,0.0
2022-01-25,17,AR1 alpha + Enhanced + One-Step,NASDAQ:TRS,8.647453076618029e-08
2022-01-26,17,AR1 alpha + Enhanced + One-Step,NASDAQ:TRS,1.536335929803892e-07
2022-01-27,17,AR1 alpha + Enhanced + One-Step,NASDAQ:TRS,0.0
2022-01-28,17,AR1 alpha + Enhanced + One-Step,NASDAQ:TRS,0.0
2022-01-31,17,AR1 alpha + Enhanced + One-Step,NASDAQ:TRS,4.826498720310535e-07
2022-02-01,17,AR1 alpha + Enhanced + One-Step,NASDAQ:TRS,3.5296306571207234e-07
2022-02-02,17,AR1 alpha + Enhanced + One-Step,NASDAQ:TRS,2.5991218155422644e-07
2022-02-03,17,AR1 alpha + Enhanced + One-Step,NASDAQ:TRS,0.0
2022-02-04,17,AR1 alpha + Enhanced + One-Step,NASDAQ:TRS,0.0
2022-02-07,17,AR1 alpha + Enhanced + One-Step,NASDAQ:TRS,0.0
2022-02-08,17,AR1 alpha + Enhanced + One-Step,NASDAQ:TRS,1.2022344289330862e-11
2022-02-09,17,AR1 alpha + Enhanced + One-Step,NASDAQ:TRS,5.40721200528743e-08
2022-02-10,17,AR1 alpha + Enhanced + One-Step,NASDAQ:TRS,3.2382237537747527e-08
2022-02-11,17,AR1 alpha + Enhanced + One-Step,NASDAQ:TRS,4.922766985773114e-07
2022-02-14,17,AR1 alpha + Enhanced + One-Step,NASDAQ:TRS,3.3407963289124555e-07
2022-02-15,17,AR1 alpha + Enhanced + One-Step,NASDAQ:TRS,1.9041167702720912e-07
2022-02-16,17,AR1 alpha + Enhanced + One-Step,NASDAQ:TRS,0.0
2022-02-17,17,AR1 alpha + Enhanced + One-Step,NASDAQ:TRS,0.0
2022-02-18,17,AR1 alpha + Enhanced + One-Step,NASDAQ:TRS,4.089067401576602e-08
2022-02-22,17,AR1 alpha + Enhanced + One-Step,NASDAQ:TRS,0.0
2022-02-23,17,AR1 alpha + Enhanced + One-Step,NASDAQ:TRS,0.0
2022-02-24,17,AR1 alpha + Enhanced + One-Step,NASDAQ:TRS,0.0
2022-02-25,17,AR1 alpha + Enhanced + One-Step,NASDAQ:TRS,7.072182145926145e-08
2022-02-28,17,AR1 alpha + Enhanced + One-Step,NASDAQ:TRS,6.960917077467483e-08
2022-03-01,17,AR1 alpha + Enhanced + One-Step,NASDAQ:TRS,1.388744352481152e-07
2022-03-02,17,AR1 alpha + Enhanced + One-Step,NASDAQ:TRS,4.0065349870972584e-08
2022-03-03,17,AR1 alpha + Enhanced + One-Step,NASDAQ:TRS,9.734429320160115e-09
2022-03-04,17,AR1 alpha + Enhanced + One-Step,NASDAQ:TRS,0.0
2022-03-07,17,AR1 alpha + Enhanced + One-Step,NASDAQ:TRS,1.4133739163792297e-06
2022-03-08,17,AR1 alpha + Enhanced + One-Step,NASDAQ:TRS,8.374036686541203e-07
2022-03-09,17,AR1 alpha + Enhanced + One-Step,NASDAQ:TRS,0.0
2022-03-10,17,AR1 alpha + Enhanced + One-Step,NASDAQ:TRS,1.0889688950519992e-07
2022-03-11,17,AR1 alpha + Enhanced + One-Step,NASDAQ:TRS,0.0
2022-03-14,17,AR1 alpha + Enhanced + One-Step,NASDAQ:TRS,0.0
2022-03-15,17,AR1 alpha + Enhanced + One-Step,NASDAQ:TRS,0.0
2022-03-16,17,AR1 alpha + Enhanced + One-Step,NASDAQ:TRS,2.0912621836415606e-08
2022-03-17,17,AR1 alpha + Enhanced + One-Step,NASDAQ:TRS,4.4631045415976685e-08
2022-03-18,17,AR1 alpha + Enhanced + One-Step,NASDAQ:TRS,1.0361076551285637e-08
2022-03-21,17,AR1 alpha + Enhanced + One-Step,NASDAQ:TRS,1.768938079165642e-07
2022-03-22,17,AR1 alpha + Enhanced + One-Step,NASDAQ:TRS,1.2494490675477543e-07
2022-03-23,17,AR1 alpha + Enhanced + One-Step,NASDAQ:TRS,4.003053843789671e-08
2022-03-24,17,AR1 alpha + Enhanced + One-Step,NASDAQ:TRS,0.0
2022-03-25,17,AR1 alpha + Enhanced + One-Step,NASDAQ:TRS,0.0
2022-03-28,17,AR1 alpha + Enhanced + One-Step,NASDAQ:TRS,1.3434950952614622e-07
2022-03-29,17,AR1 alpha + Enhanced + One-Step,NASDAQ:TRS,0.0
2022-03-30,17,AR1 alpha + Enhanced + One-Step,NASDAQ:TRS,0.0
2022-03-31,17,AR1 alpha + Enhanced + One-Step,NASDAQ:TRS,0.0
2022-04-01,17,AR1 alpha + Enhanced + One-Step,NASDAQ:TRS,0.0
2022-04-04,17,AR1 alpha + Enhanced + One-Step,NASDAQ:TRS,0.0
2022-04-05,17,AR1 alpha + Enhanced + One-Step,NASDAQ:TRS,2.4797589758150772e-08
2022-04-06,17,AR1 alpha + Enhanced + One-Step,NASDAQ:TRS,0.0
2022-04-07,17,AR1 alpha + Enhanced + One-Step,NASDAQ:TRS,0.0
2022-04-08,17,AR1 alpha + Enhanced + One-Step,NASDAQ:TRS,1.7355690989737049e-07
2022-04-11,17,AR1 alpha + Enhanced + One-Step,NASDAQ:TRS,0.0
2022-04-12,17,AR1 alpha + Enhanced + One-Step,NASDAQ:TRS,0.0
2022-04-13,17,AR1 alpha + Enhanced + One-Step,NASDAQ:TRS,4.8670693418609715e-08
2022-04-14,17,AR1 alpha + Enhanced + One-Step,NASDAQ:TRS,0.0
2022-04-18,17,AR1 alpha + Enhanced + One-Step,NASDAQ:TRS,0.0
2022-04-19,17,AR1 alpha + Enhanced + One-Step,NASDAQ:TRS,0.0
2022-04-20,17,AR1 alpha + Enhanced + One-Step,NASDAQ:TRS,0.0
2022-04-21,17,AR1 alpha + Enhanced + One-Step,NASDAQ:TRS,4.784223586710723e-08
2022-04-22,17,AR1 alpha + Enhanced + One-Step,NASDAQ:TRS,0.0
2022-04-25,17,AR1 alpha + Enhanced + One-Step,NASDAQ:TRS,0.0
2022-04-26,17,AR1 alpha + Enhanced + One-Step,NASDAQ:TRS,1.0874283519533093e-07
2022-04-27,17,AR1 alpha + Enhanced + One-Step,NASDAQ:TRS,0.0
2022-04-28,17,AR1 alpha + Enhanced + One-Step,NASDAQ:TRS,0.0
2022-04-29,17,AR1 alpha + Enhanced + One-Step,NASDAQ:TRS,0.0
2022-05-02,17,AR1 alpha + Enhanced + One-Step,NASDAQ:TRS,0.0
2022-05-03,17,AR1 alpha + Enhanced + One-Step,NASDAQ:TRS,0.0
2022-05-04,17,AR1 alpha + Enhanced + One-Step,NASDAQ:TRS,0.0
2022-05-05,17,AR1 alpha + Enhanced + One-Step,NASDAQ:TRS,0.0
2022-05-06,17,AR1 alpha + Enhanced + One-Step,NASDAQ:TRS,0.0
2022-05-09,17,AR1 alpha + Enhanced + One-Step,NASDAQ:TRS,0.0
2022-05-10,17,AR1 alpha + Enhanced + One-Step,NASDAQ:TRS,0.0
2022-05-11,17,AR1 alpha + Enhanced + One-Step,NASDAQ:TRS,0.0
2022-05-12,17,AR1 alpha + Enhanced + One-Step,NASDAQ:TRS,0.0
2022-05-13,17,AR1 alpha + Enhanced + One-Step,NASDAQ:TRS,0.0
2022-05-16,17,AR1 alpha + Enhanced + One-Step,NASDAQ:TRS,0.0
2022-05-17,17,AR1 alpha + Enhanced + One-Step,NASDAQ:TRS,0.0
2022-05-18,17,AR1 alpha + Enhanced + One-Step,NASDAQ:TRS,0.0
2022-05-19,17,AR1 alpha + Enhanced + One-Step,NASDAQ:TRS,0.0
2022-05-20,17,AR1 alpha + Enhanced + One-Step,NASDAQ:TRS,0.0
2022-05-23,17,AR1 alpha + Enhanced + One-Step,NASDAQ:TRS,0.0
2022-05-24,17,AR1 alpha + Enhanced + One-Step,NASDAQ:TRS,0.0
2022-05-25,17,AR1 alpha + Enhanced + One-Step,NASDAQ:TRS,0.0
2022-05-26,17,AR1 alpha + Enhanced + One-Step,NASDAQ:TRS,2.6945953743417908e-08
2022-05-27,17,AR1 alpha + Enhanced + One-Step,NASDAQ:TRS,0.0
2022-05-31,17,AR1 alpha + Enhanced + One-Step,NASDAQ:TRS,0.0
2022-06-01,17,AR1 alpha + Enhanced + One-Step,NASDAQ:TRS,5.282623256321453e-07
2022-06-02,17,AR1 alpha + Enhanced + One-Step,NASDAQ:TRS,5.662549366346158e-07
2022-06-03,17,AR1 alpha + Enhanced + One-Step,NASDAQ:TRS,2.4086396309010994e-07
2022-06-06,17,AR1 alpha + Enhanced + One-Step,NASDAQ:TRS,2.278957575435639e-07
2022-06-07,17,AR1 alpha + Enhanced + One-Step,NASDAQ:TRS,0.0
2022-06-08,17,AR1 alpha + Enhanced + One-Step,NASDAQ:TRS,0.0
2022-06-09,17,AR1 alpha + Enhanced + One-Step,NASDAQ:TRS,0.0
2022-06-10,17,AR1 alpha + Enhanced + One-Step,NASDAQ:TRS,0.0
2022-06-13,17,AR1 alpha + Enhanced + One-Step,NASDAQ:TRS,0.0
2022-06-14,17,AR1 alpha + Enhanced + One-Step,NASDAQ:TRS,1.9176325702507204e-07
2022-06-15,17,AR1 alpha + Enhanced + One-Step,NASDAQ:TRS,0.0
2022-06-16,17,AR1 alpha + Enhanced + One-Step,NASDAQ:TRS,0.0
2022-06-17,17,AR1 alpha + Enhanced + One-Step,NASDAQ:TRS,1.2239115724784972e-07
2022-06-21,17,AR1 alpha + Enhanced + One-Step,NASDAQ:TRS,0.0
2022-06-22,17,AR1 alpha + Enhanced + One-Step,NASDAQ:TRS,0.0
2022-06-23,17,AR1 alpha + Enhanced + One-Step,NASDAQ:TRS,0.0
2022-06-24,17,AR1 alpha + Enhanced + One-Step,NASDAQ:TRS,0.0
2022-06-27,17,AR1 alpha + Enhanced + One-Step,NASDAQ:TRS,2.227708843388097e-07
2022-06-28,17,AR1 alpha + Enhanced + One-Step,NASDAQ:TRS,1.1969375136505165e-07
2022-06-29,17,AR1 alpha + Enhanced + One-Step,NASDAQ:TRS,0.0
2022-06-30,17,AR1 alpha + Enhanced + One-Step,NASDAQ:TRS,1.4487576828861193e-07
2022-07-01,17,AR1 alpha + Enhanced + One-Step,NASDAQ:TRS,0.0
2022-07-05,17,AR1 alpha + Enhanced + One-Step,NASDAQ:TRS,0.0
2022-07-06,17,AR1 alpha + Enhanced + One-Step,NASDAQ:TRS,0.0
2022-07-07,17,AR1 alpha + Enhanced + One-Step,NASDAQ:TRS,0.0
2022-07-08,17,AR1 alpha + Enhanced + One-Step,NASDAQ:TRS,0.0
2022-07-11,17,AR1 alpha + Enhanced + One-Step,NASDAQ:TRS,0.0
2022-07-12,17,AR1 alpha + Enhanced + One-Step,NASDAQ:TRS,0.0
2022-07-13,17,AR1 alpha + Enhanced + One-Step,NASDAQ:TRS,0.0
2022-07-14,17,AR1 alpha + Enhanced + One-Step,NASDAQ:TRS,2.148444079065259e-08
2022-07-15,17,AR1 alpha + Enhanced + One-Step,NASDAQ:TRS,4.1150376946171386e-08
2022-07-18,17,AR1 alpha + Enhanced + One-Step,NASDAQ:TRS,0.0
2022-07-19,17,AR1 alpha + Enhanced + One-Step,NASDAQ:TRS,0.0
2022-07-20,17,AR1 alpha + Enhanced + One-Step,NASDAQ:TRS,0.0
2022-07-21,17,AR1 alpha + Enhanced + One-Step,NASDAQ:TRS,0.0
2022-07-22,17,AR1 alpha + Enhanced + One-Step,NASDAQ:TRS,0.0
2022-07-25,17,AR1 alpha + Enhanced + One-Step,NASDAQ:TRS,3.6343394575397143e-07
2022-07-26,17,AR1 alpha + Enhanced + One-Step,NASDAQ:TRS,2.6454124227087967e-07
2022-07-27,17,AR1 alpha + Enhanced + One-Step,NASDAQ:TRS,1.5142932073467672e-07
2022-07-28,17,AR1 alpha + Enhanced + One-Step,NASDAQ:TRS,1.0677869934183363e-07
2022-07-29,17,AR1 alpha + Enhanced + One-Step,NASDAQ:TRS,0.0
2022-08-01,17,AR1 alpha + Enhanced + One-Step,NASDAQ:TRS,1.732565298890902e-08
2022-08-02,17,AR1 alpha + Enhanced + One-Step,NASDAQ:TRS,0.0
2022-08-03,17,AR1 alpha + Enhanced + One-Step,NASDAQ:TRS,0.0
2022-08-04,17,AR1 alpha + Enhanced + One-Step,NASDAQ:TRS,0.0
2022-08-05,17,AR1 alpha + Enhanced + One-Step,NASDAQ:TRS,0.0
2022-08-08,17,AR1 alpha + Enhanced + One-Step,NASDAQ:TRS,0.0
2022-08-09,17,AR1 alpha + Enhanced + One-Step,NASDAQ:TRS,4.4165650945913144e-07
2022-08-10,17,AR1 alpha + Enhanced + One-Step,NASDAQ:TRS,0.0
2022-08-11,17,AR1 alpha + Enhanced + One-Step,NASDAQ:TRS,0.0
2022-08-12,17,AR1 alpha + Enhanced + One-Step,NASDAQ:TRS,1.9420964806607933e-08
2022-08-15,17,AR1 alpha + Enhanced + One-Step,NASDAQ:TRS,6.148443636273881e-09
2022-08-16,17,AR1 alpha + Enhanced + One-Step,NASDAQ:TRS,4.881250304560923e-08
2022-08-17,17,AR1 alpha + Enhanced + One-Step,NASDAQ:TRS,1.56172844221106e-07
2022-08-18,17,AR1 alpha + Enhanced + One-Step,NASDAQ:TRS,0.0
2022-08-19,17,AR1 alpha + Enhanced + One-Step,NASDAQ:TRS,0.0
2022-08-22,17,AR1 alpha + Enhanced + One-Step,NASDAQ:TRS,0.0
2022-08-23,17,AR1 alpha + Enhanced + One-Step,NASDAQ:TRS,0.0
2022-08-24,17,AR1 alpha + Enhanced + One-Step,NASDAQ:TRS,0.0
2022-08-25,17,AR1 alpha + Enhanced + One-Step,NASDAQ:TRS,0.0
2022-08-26,17,AR1 alpha + Enhanced + One-Step,NASDAQ:TRS,0.0
2022-08-29,17,AR1 alpha + Enhanced + One-Step,NASDAQ:TRS,6.57836018356165e-08
2022-08-30,17,AR1 alpha + Enhanced + One-Step,NASDAQ:TRS,0.0
2022-08-31,17,AR1 alpha + Enhanced + One-Step,NASDAQ:TRS,0.0
2022-09-01,17,AR1 alpha + Enhanced + One-Step,NASDAQ:TRS,4.6604637813816576e-08
2022-09-02,17,AR1 alpha + Enhanced + One-Step,NASDAQ:TRS,2.6054231919588963e-09
2022-09-06,17,AR1 alpha + Enhanced + One-Step,NASDAQ:TRS,0.0
2022-09-07,17,AR1 alpha + Enhanced + One-Step,NASDAQ:TRS,1.2570321072736492e-08
2022-09-08,17,AR1 alpha + Enhanced + One-Step,NASDAQ:TRS,1.1040120647861923e-07
2022-09-09,17,AR1 alpha + Enhanced + One-Step,NASDAQ:TRS,0.0
2022-09-12,17,AR1 alpha + Enhanced + One-Step,NASDAQ:TRS,0.0
2022-09-13,17,AR1 alpha + Enhanced + One-Step,NASDAQ:TRS,1.2623645406596407e-08
2022-09-14,17,AR1 alpha + Enhanced + One-Step,NASDAQ:TRS,0.0
2022-09-15,17,AR1 alpha + Enhanced + One-Step,NASDAQ:TRS,0.0
2022-09-16,17,AR1 alpha + Enhanced + One-Step,NASDAQ:TRS,3.856163359166402e-08
2022-09-19,17,AR1 alpha + Enhanced + One-Step,NASDAQ:TRS,0.0
2022-09-20,17,AR1 alpha + Enhanced + One-Step,NASDAQ:TRS,1.4114826454886114e-07
2022-09-21,17,AR1 alpha + Enhanced + One-Step,NASDAQ:TRS,0.0
2022-09-22,17,AR1 alpha + Enhanced + One-Step,NASDAQ:TRS,0.0
2022-09-23,17,AR1 alpha + Enhanced + One-Step,NASDAQ:TRS,0.0
2022-09-26,17,AR1 alpha + Enhanced + One-Step,NASDAQ:TRS,0.0
2022-09-27,17,AR1 alpha + Enhanced + One-Step,NASDAQ:TRS,0.0
2022-09-28,17,AR1 alpha + Enhanced + One-Step,NASDAQ:TRS,0.0
2022-09-29,17,AR1 alpha + Enhanced + One-Step,NASDAQ:TRS,3.484826564244151e-07
2022-09-30,17,AR1 alpha + Enhanced + One-Step,NASDAQ:TRS,1.5954082733411153e-07
2022-10-03,17,AR1 alpha + Enhanced + One-Step,NASDAQ:TRS,1.2583652245078615e-07
2022-10-04,17,AR1 alpha + Enhanced + One-Step,NASDAQ:TRS,1.1514536265905548e-08
2022-10-05,17,AR1 alpha + Enhanced + One-Step,NASDAQ:TRS,0.0
2022-10-06,17,AR1 alpha + Enhanced + One-Step,NASDAQ:TRS,0.0
2022-10-07,17,AR1 alpha + Enhanced + One-Step,NASDAQ:TRS,3.59431124934288e-08
2022-10-10,17,AR1 alpha + Enhanced + One-Step,NASDAQ:TRS,0.0
2022-10-11,17,AR1 alpha + Enhanced + One-Step,NASDAQ:TRS,0.0
2022-10-12,17,AR1 alpha + Enhanced + One-Step,NASDAQ:TRS,0.0
2022-10-13,17,AR1 alpha + Enhanced + One-Step,NASDAQ:TRS,7.455453390282269e-07
2022-10-14,17,AR1 alpha + Enhanced + One-Step,NASDAQ:TRS,4.4944813952489363e-07
2022-10-17,17,AR1 alpha + Enhanced + One-Step,NASDAQ:TRS,3.1262912425321506e-07
2022-10-18,17,AR1 alpha + Enhanced + One-Step,NASDAQ:TRS,2.580666159289373e-07
2022-10-19,17,AR1 alpha + Enhanced + One-Step,NASDAQ:TRS,1.9106152473914394e-07
2022-10-20,17,AR1 alpha + Enhanced + One-Step,NASDAQ:TRS,0.0
2022-10-21,17,AR1 alpha + Enhanced + One-Step,NASDAQ:TRS,4.0720916189302187e-08
2022-10-24,17,AR1 alpha + Enhanced + One-Step,NASDAQ:TRS,0.0
2022-10-25,17,AR1 alpha + Enhanced + One-Step,NASDAQ:TRS,2.2876440508541393e-08
2022-10-26,17,AR1 alpha + Enhanced + One-Step,NASDAQ:TRS,3.1016571410837315e-08
2022-10-27,17,AR1 alpha + Enhanced + One-Step,NASDAQ:TRS,0.0
2022-10-28,17,AR1 alpha + Enhanced + One-Step,NASDAQ:TRS,0.0
2022-10-31,17,AR1 alpha + Enhanced + One-Step,NASDAQ:TRS,0.0
2022-11-01,17,AR1 alpha + Enhanced + One-Step,NASDAQ:TRS,1.0075108473308842e-07
2022-11-02,17,AR1 alpha + Enhanced + One-Step,NASDAQ:TRS,8.608431384051929e-08
2022-11-03,17,AR1 alpha + Enhanced + One-Step,NASDAQ:TRS,1.5460748550239425e-06
2022-11-04,17,AR1 alpha + Enhanced + One-Step,NASDAQ:TRS,6.908419771186051e-07
2022-11-07,17,AR1 alpha + Enhanced + One-Step,NASDAQ:TRS,0.0
2022-11-08,17,AR1 alpha + Enhanced + One-Step,NASDAQ:TRS,6.97494061923705e-08
2022-11-09,17,AR1 alpha + Enhanced + One-Step,NASDAQ:TRS,0.0
2022-11-10,17,AR1 alpha + Enhanced + One-Step,NASDAQ:TRS,0.0
2022-11-11,17,AR1 alpha + Enhanced + One-Step,NASDAQ:TRS,1.6426842282283226e-09
2022-11-14,17,AR1 alpha + Enhanced + One-Step,NASDAQ:TRS,0.0
2022-11-15,17,AR1 alpha + Enhanced + One-Step,NASDAQ:TRS,1.9809455923251508e-08
2022-11-16,17,AR1 alpha + Enhanced + One-Step,NASDAQ:TRS,3.0527695980201526e-10
2022-11-17,17,AR1 alpha + Enhanced + One-Step,NASDAQ:TRS,2.5749708138467154e-08
2022-11-18,17,AR1 alpha + Enhanced + One-Step,NASDAQ:TRS,4.7540110730204045e-08
2022-11-21,17,AR1 alpha + Enhanced + One-Step,NASDAQ:TRS,0.0
2022-11-22,17,AR1 alpha + Enhanced + One-Step,NASDAQ:TRS,0.0
2022-11-23,17,AR1 alpha + Enhanced + One-Step,NASDAQ:TRS,3.357611157718744e-07
2022-11-25,17,AR1 alpha + Enhanced + One-Step,NASDAQ:TRS,3.694767966961915e-07
2022-11-28,17,AR1 alpha + Enhanced + One-Step,NASDAQ:TRS,2.7666283997718143e-07
2022-11-29,17,AR1 alpha + Enhanced + One-Step,NASDAQ:TRS,1.847866777834235e-07
2022-11-30,17,AR1 alpha + Enhanced + One-Step,NASDAQ:TRS,1.2320060508891087e-07
2022-12-01,17,AR1 alpha + Enhanced + One-Step,NASDAQ:TRS,0.0
2022-12-02,17,AR1 alpha + Enhanced + One-Step,NASDAQ:TRS,3.886570878490575e-08
2022-12-05,17,AR1 alpha + Enhanced + One-Step,NASDAQ:TRS,0.0
2022-12-06,17,AR1 alpha + Enhanced + One-Step,NASDAQ:TRS,0.0
2022-12-07,17,AR1 alpha + Enhanced + One-Step,NASDAQ:TRS,0.0
2022-12-08,17,AR1 alpha + Enhanced + One-Step,NASDAQ:TRS,0.0
2022-12-09,17,AR1 alpha + Enhanced + One-Step,NASDAQ:TRS,0.0
2022-12-12,17,AR1 alpha + Enhanced + One-Step,NASDAQ:TRS,0.0
2022-12-13,17,AR1 alpha + Enhanced + One-Step,NASDAQ:TRS,0.0
2022-12-14,17,AR1 alpha + Enhanced + One-Step,NASDAQ:TRS,0.0
2022-12-15,17,AR1 alpha + Enhanced + One-Step,NASDAQ:TRS,0.0
2022-12-16,17,AR1 alpha + Enhanced + One-Step,NASDAQ:TRS,0.0
2022-12-19,17,AR1 alpha + Enhanced + One-Step,NASDAQ:TRS,0.0
2022-12-20,17,AR1 alpha + Enhanced + One-Step,NASDAQ:TRS,0.0
2022-12-21,17,AR1 alpha + Enhanced + One-Step,NASDAQ:TRS,0.0
2022-12-22,17,AR1 alpha + Enhanced + One-Step,NASDAQ:TRS,0.0
2022-12-23,17,AR1 alpha + Enhanced + One-Step,NASDAQ:TRS,1.801093920225961e-08
2022-12-27,17,AR1 alpha + Enhanced + One-Step,NASDAQ:TRS,2.2039243944268873e-08
2022-12-28,17,AR1 alpha + Enhanced + One-Step,NASDAQ:TRS,0.0
2022-12-29,17,AR1 alpha + Enhanced + One-Step,NASDAQ:TRS,0.0
2022-12-30,17,AR1 alpha + Enhanced + One-Step,NASDAQ:TRS,1.1772278503384202e-08
2023-01-03,17,AR1 alpha + Enhanced + One-Step,NASDAQ:TRS,1.7040046271961415e-08
2023-01-04,17,AR1 alpha + Enhanced + One-Step,NASDAQ:TRS,0.0
2023-01-05,17,AR1 alpha + Enhanced + One-Step,NASDAQ:TRS,5.649404621105913e-07
2023-01-06,17,AR1 alpha + Enhanced + One-Step,NASDAQ:TRS,2.2801530722118018e-07
2023-01-09,17,AR1 alpha + Enhanced + One-Step,NASDAQ:TRS,0.0
2023-01-10,17,AR1 alpha + Enhanced + One-Step,NASDAQ:TRS,3.074676882160155e-07
2023-01-11,17,AR1 alpha + Enhanced + One-Step,NASDAQ:TRS,0.0
2023-01-12,17,AR1 alpha + Enhanced + One-Step,NASDAQ:TRS,0.0
2023-01-13,17,AR1 alpha + Enhanced + One-Step,NASDAQ:TRS,0.0
2023-01-17,17,AR1 alpha + Enhanced + One-Step,NASDAQ:TRS,0.0
2023-01-18,17,AR1 alpha + Enhanced + One-Step,NASDAQ:TRS,1.328487619344946e-07
2023-01-19,17,AR1 alpha + Enhanced + One-Step,NASDAQ:TRS,0.0
2023-01-20,17,AR1 alpha + Enhanced + One-Step,NASDAQ:TRS,0.0
2023-01-23,17,AR1 alpha + Enhanced + One-Step,NASDAQ:TRS,0.0
2023-01-24,17,AR1 alpha + Enhanced + One-Step,NASDAQ:TRS,3.774752887976043e-08
2023-01-25,17,AR1 alpha + Enhanced + One-Step,NASDAQ:TRS,3.132619722604745e-08
2023-01-26,17,AR1 alpha + Enhanced + One-Step,NASDAQ:TRS,0.0
2023-01-27,17,AR1 alpha + Enhanced + One-Step,NASDAQ:TRS,0.0
2023-01-30,17,AR1 alpha + Enhanced + One-Step,NASDAQ:TRS,2.508917419835239e-08
2023-01-31,17,AR1 alpha + Enhanced + One-Step,NASDAQ:TRS,0.0
2023-02-01,17,AR1 alpha + Enhanced + One-Step,NASDAQ:TRS,0.0
2023-02-02,17,AR1 alpha + Enhanced + One-Step,NASDAQ:TRS,1.0361763436958202e-06
2023-02-03,17,AR1 alpha + Enhanced + One-Step,NASDAQ:TRS,6.681034072867128e-07
2023-02-06,17,AR1 alpha + Enhanced + One-Step,NASDAQ:TRS,6.171218610970597e-07
2023-02-07,17,AR1 alpha + Enhanced + One-Step,NASDAQ:TRS,2.3408274981016847e-06
2023-02-08,17,AR1 alpha + Enhanced + One-Step,NASDAQ:TRS,1.6786079825747227e-06
2023-02-09,17,AR1 alpha + Enhanced + One-Step,NASDAQ:TRS,1.122126051346906e-06
2023-02-10,17,AR1 alpha + Enhanced + One-Step,NASDAQ:TRS,0.0
2023-02-13,17,AR1 alpha + Enhanced + One-Step,NASDAQ:TRS,0.0
2023-02-14,17,AR1 alpha + Enhanced + One-Step,NASDAQ:TRS,7.070948207128285e-07
2023-02-15,17,AR1 alpha + Enhanced + One-Step,NASDAQ:TRS,4.466019249494602e-07
2023-02-16,17,AR1 alpha + Enhanced + One-Step,NASDAQ:TRS,0.0
2023-02-17,17,AR1 alpha + Enhanced + One-Step,NASDAQ:TRS,0.0
2023-02-21,17,AR1 alpha + Enhanced + One-Step,NASDAQ:TRS,0.0
2023-02-22,17,AR1 alpha + Enhanced + One-Step,NASDAQ:TRS,0.0
2023-02-23,17,AR1 alpha + Enhanced + One-Step,NASDAQ:TRS,4.281659074256417e-08
2023-02-24,17,AR1 alpha + Enhanced + One-Step,NASDAQ:TRS,1.4269597627665479e-06
2023-02-27,17,AR1 alpha + Enhanced + One-Step,NASDAQ:TRS,1.016288480146933e-06
2023-02-28,17,AR1 alpha + Enhanced + One-Step,NASDAQ:TRS,1.2958973818504531e-06
2023-03-01,17,AR1 alpha + Enhanced + One-Step,NASDAQ:TRS,7.074343804812547e-07
2023-03-02,17,AR1 alpha + Enhanced + One-Step,NASDAQ:TRS,2.5688136651064286e-08
2023-03-03,17,AR1 alpha + Enhanced + One-Step,NASDAQ:TRS,0.0
2023-03-06,17,AR1 alpha + Enhanced + One-Step,NASDAQ:TRS,0.0
2023-03-07,17,AR1 alpha + Enhanced + One-Step,NASDAQ:TRS,0.0
2023-03-08,17,AR1 alpha + Enhanced + One-Step,NASDAQ:TRS,0.0
2023-03-09,17,AR1 alpha + Enhanced + One-Step,NASDAQ:TRS,0.0
2023-03-10,17,AR1 alpha + Enhanced + One-Step,NASDAQ:TRS,0.0
2023-03-13,17,AR1 alpha + Enhanced + One-Step,NASDAQ:TRS,0.0
2023-03-14,17,AR1 alpha + Enhanced + One-Step,NASDAQ:TRS,0.0
2023-03-15,17,AR1 alpha + Enhanced + One-Step,NASDAQ:TRS,0.007759036988862029
2023-03-16,17,AR1 alpha + Enhanced + One-Step,NASDAQ:TRS,0.007759042203108015
2023-03-17,17,AR1 alpha + Enhanced + One-Step,NASDAQ:TRS,0.011382807184751759
2023-03-20,17,AR1 alpha + Enhanced + One-Step,NASDAQ:TRS,0.014876550324002572
2023-03-21,17,AR1 alpha + Enhanced + One-Step,NASDAQ:TRS,0.014876219014911887
2023-03-22,17,AR1 alpha + Enhanced + One-Step,NASDAQ:TRS,0.014875036912566609
2023-03-23,17,AR1 alpha + Enhanced + One-Step,NASDAQ:TRS,0.014873975736042927
2023-03-24,17,AR1 alpha + Enhanced + One-Step,NASDAQ:TRS,0.008461645223982394
2023-03-27,17,AR1 alpha + Enhanced + One-Step,NASDAQ:TRS,0.0009657843293169933
2023-03-28,17,AR1 alpha + Enhanced + One-Step,NASDAQ:TRS,0.0
2023-03-29,17,AR1 alpha + Enhanced + One-Step,NASDAQ:TRS,9.357891944605235e-09
2023-03-30,17,AR1 alpha + Enhanced + One-Step,NASDAQ:TRS,2.390110120921155e-08
2023-03-31,17,AR1 alpha + Enhanced + One-Step,NASDAQ:TRS,1.43578304414755e-07
2023-04-03,17,AR1 alpha + Enhanced + One-Step,NASDAQ:TRS,1.2084289865066627e-07
2023-04-04,17,AR1 alpha + Enhanced + One-Step,NASDAQ:TRS,1.117655974269822e-07
2023-04-05,17,AR1 alpha + Enhanced + One-Step,NASDAQ:TRS,1.838382495896568e-07
2023-04-06,17,AR1 alpha + Enhanced + One-Step,NASDAQ:TRS,1.2260247291570958e-07
2023-04-10,17,AR1 alpha + Enhanced + One-Step,NASDAQ:TRS,7.045992152526392e-07
2023-04-11,17,AR1 alpha + Enhanced + One-Step,NASDAQ:TRS,0.0
2023-04-12,17,AR1 alpha + Enhanced + One-Step,NASDAQ:TRS,0.0
2023-04-13,17,AR1 alpha + Enhanced + One-Step,NASDAQ:TRS,0.0
2023-04-14,17,AR1 alpha + Enhanced + One-Step,NASDAQ:TRS,0.0
2023-04-17,17,AR1 alpha + Enhanced + One-Step,NASDAQ:TRS,1.1448740724917171e-07
2023-04-18,17,AR1 alpha + Enhanced + One-Step,NASDAQ:TRS,0.0
2023-04-19,17,AR1 alpha + Enhanced + One-Step,NASDAQ:TRS,0.0
2023-04-20,17,AR1 alpha + Enhanced + One-Step,NASDAQ:TRS,7.05643376598483e-08
2023-04-21,17,AR1 alpha + Enhanced + One-Step,NASDAQ:TRS,0.0
2023-04-24,17,AR1 alpha + Enhanced + One-Step,NASDAQ:TRS,0.0
2023-04-25,17,AR1 alpha + Enhanced + One-Step,NASDAQ:TRS,0.0
2023-04-26,17,AR1 alpha + Enhanced + One-Step,NASDAQ:TRS,0.0
2023-04-27,17,AR1 alpha + Enhanced + One-Step,NASDAQ:TRS,7.095721176346407e-07
2023-04-28,17,AR1 alpha + Enhanced + One-Step,NASDAQ:TRS,3.987325334776153e-07
2023-05-01,17,AR1 alpha + Enhanced + One-Step,NASDAQ:TRS,2.2698694205208715e-07
2023-05-02,17,AR1 alpha + Enhanced + One-Step,NASDAQ:TRS,2.525356118025659e-07
2023-05-03,17,AR1 alpha + Enhanced + One-Step,NASDAQ:TRS,5.992617225132034e-07
2023-05-04,17,AR1 alpha + Enhanced + One-Step,NASDAQ:TRS,4.097884251760031e-07
2023-05-05,17,AR1 alpha + Enhanced + One-Step,NASDAQ:TRS,2.2072876808215092e-07
2023-05-08,17,AR1 alpha + Enhanced + One-Step,NASDAQ:TRS,0.0
2023-05-09,17,AR1 alpha + Enhanced + One-Step,NASDAQ:TRS,0.0
2023-05-10,17,AR1 alpha + Enhanced + One-Step,NASDAQ:TRS,1.6261126773474337e-07
2023-05-11,17,AR1 alpha + Enhanced + One-Step,NASDAQ:TRS,8.208324832116139e-08
2023-05-12,17,AR1 alpha + Enhanced + One-Step,NASDAQ:TRS,2.1942641648222927e-07
2023-05-15,17,AR1 alpha + Enhanced + One-Step,NASDAQ:TRS,0.0
2023-05-16,17,AR1 alpha + Enhanced + One-Step,NASDAQ:TRS,3.785719375816599e-08
2023-05-17,17,AR1 alpha + Enhanced + One-Step,NASDAQ:TRS,0.0
2023-05-18,17,AR1 alpha + Enhanced + One-Step,NASDAQ:TRS,1.611181759549915e-06
2023-05-19,17,AR1 alpha + Enhanced + One-Step,NASDAQ:TRS,8.418462739310419e-07
2023-05-22,17,AR1 alpha + Enhanced + One-Step,NASDAQ:TRS,5.270505304629078e-07
2023-05-23,17,AR1 alpha + Enhanced + One-Step,NASDAQ:TRS,0.0
2023-05-24,17,AR1 alpha + Enhanced + One-Step,NASDAQ:TRS,6.15481131411256e-09
2023-05-25,17,AR1 alpha + Enhanced + One-Step,NASDAQ:TRS,0.0
2023-05-26,17,AR1 alpha + Enhanced + One-Step,NASDAQ:TRS,0.0
2023-05-30,17,AR1 alpha + Enhanced + One-Step,NASDAQ:TRS,0.0
2023-05-31,17,AR1 alpha + Enhanced + One-Step,NASDAQ:TRS,0.0
2023-06-01,17,AR1 alpha + Enhanced + One-Step,NASDAQ:TRS,0.0
2023-06-02,17,AR1 alpha + Enhanced + One-Step,NASDAQ:TRS,0.0
2023-06-05,17,AR1 alpha + Enhanced + One-Step,NASDAQ:TRS,0.0
2023-06-06,17,AR1 alpha + Enhanced + One-Step,NASDAQ:TRS,1.9512883979876087e-06
2023-06-07,17,AR1 alpha + Enhanced + One-Step,NASDAQ:TRS,8.248432883217947e-07
2023-06-08,17,AR1 alpha + Enhanced + One-Step,NASDAQ:TRS,3.483142088938753e-07
2023-06-09,17,AR1 alpha + Enhanced + One-Step,NASDAQ:TRS,0.0
2023-06-12,17,AR1 alpha + Enhanced + One-Step,NASDAQ:TRS,0.0
2023-06-13,17,AR1 alpha + Enhanced + One-Step,NASDAQ:TRS,0.0
2023-06-14,17,AR1 alpha + Enhanced + One-Step,NASDAQ:TRS,0.0
2023-06-15,17,AR1 alpha + Enhanced + One-Step,NASDAQ:TRS,0.0
2023-06-16,17,AR1 alpha + Enhanced + One-Step,NASDAQ:TRS,0.0
2023-06-20,17,AR1 alpha + Enhanced + One-Step,NASDAQ:TRS,7.63586591930538e-07
2023-06-21,17,AR1 alpha + Enhanced + One-Step,NASDAQ:TRS,0.008263669240789346
2023-06-22,17,AR1 alpha + Enhanced + One-Step,NASDAQ:TRS,0.008262888146328692
2023-06-23,17,AR1 alpha + Enhanced + One-Step,NASDAQ:TRS,0.00826277551676393
2023-06-26,17,AR1 alpha + Enhanced + One-Step,NASDAQ:TRS,0.0
2023-06-27,17,AR1 alpha + Enhanced + One-Step,NASDAQ:TRS,0.0
2023-06-28,17,AR1 alpha + Enhanced + One-Step,NASDAQ:TRS,0.0
2023-06-29,17,AR1 alpha + Enhanced + One-Step,NASDAQ:TRS,0.0
2023-06-30,17,AR1 alpha + Enhanced + One-Step,NASDAQ:TRS,0.0
2023-07-03,17,AR1 alpha + Enhanced + One-Step,NASDAQ:TRS,0.0
2023-07-05,17,AR1 alpha + Enhanced + One-Step,NASDAQ:TRS,0.0
2023-07-06,17,AR1 alpha + Enhanced + One-Step,NASDAQ:TRS,3.298137242523404e-08
2023-07-07,17,AR1 alpha + Enhanced + One-Step,NASDAQ:TRS,0.0
2023-07-10,17,AR1 alpha + Enhanced + One-Step,NASDAQ:TRS,0.0
2023-07-11,17,AR1 alpha + Enhanced + One-Step,NASDAQ:TRS,0.0
2023-07-12,17,AR1 alpha + Enhanced + One-Step,NASDAQ:TRS,1.1485740220114901e-07
2023-07-13,17,AR1 alpha + Enhanced + One-Step,NASDAQ:TRS,0.0
2023-07-14,17,AR1 alpha + Enhanced + One-Step,NASDAQ:TRS,0.0
2023-07-17,17,AR1 alpha + Enhanced + One-Step,NASDAQ:TRS,0.0
2023-07-18,17,AR1 alpha + Enhanced + One-Step,NASDAQ:TRS,3.2477001155591937e-07
2023-07-19,17,AR1 alpha + Enhanced + One-Step,NASDAQ:TRS,0.0
2023-07-20,17,AR1 alpha + Enhanced + One-Step,NASDAQ:TRS,0.0
2023-07-21,17,AR1 alpha + Enhanced + One-Step,NASDAQ:TRS,0.0
2023-07-24,17,AR1 alpha + Enhanced + One-Step,NASDAQ:TRS,0.0
2023-07-25,17,AR1 alpha + Enhanced + One-Step,NASDAQ:TRS,0.0
2023-07-26,17,AR1 alpha + Enhanced + One-Step,NASDAQ:TRS,0.0
2023-07-27,17,AR1 alpha + Enhanced + One-Step,NASDAQ:TRS,0.0
2023-08-01,17,AR1 alpha + Enhanced + One-Step,NASDAQ:TRS,0.0
2023-08-02,17,AR1 alpha + Enhanced + One-Step,NASDAQ:TRS,0.0
2023-08-03,17,AR1 alpha + Enhanced + One-Step,NASDAQ:TRS,1.1203262024185283e-07
2023-08-04,17,AR1 alpha + Enhanced + One-Step,NASDAQ:TRS,2.032474722363832e-06
2023-08-07,17,AR1 alpha + Enhanced + One-Step,NASDAQ:TRS,1.2007297685889458e-06
2023-08-08,17,AR1 alpha + Enhanced + One-Step,NASDAQ:TRS,5.407343172928914e-07
2023-08-09,17,AR1 alpha + Enhanced + One-Step,NASDAQ:TRS,0.0
2023-08-10,17,AR1 alpha + Enhanced + One-Step,NASDAQ:TRS,0.0
2023-08-11,17,AR1 alpha + Enhanced + One-Step,NASDAQ:TRS,0.0
2023-08-14,17,AR1 alpha + Enhanced + One-Step,NASDAQ:TRS,0.0
2023-08-15,17,AR1 alpha + Enhanced + One-Step,NASDAQ:TRS,0.0
2023-08-16,17,AR1 alpha + Enhanced + One-Step,NASDAQ:TRS,0.0
2023-08-17,17,AR1 alpha + Enhanced + One-Step,NASDAQ:TRS,0.0
2023-08-18,17,AR1 alpha + Enhanced + One-Step,NASDAQ:TRS,0.0
2023-08-21,17,AR1 alpha + Enhanced + One-Step,NASDAQ:TRS,0.0
2023-08-22,17,AR1 alpha + Enhanced + One-Step,NASDAQ:TRS,0.0
2023-08-23,17,AR1 alpha + Enhanced + One-Step,NASDAQ:TRS,0.0
2023-08-24,17,AR1 alpha + Enhanced + One-Step,NASDAQ:TRS,0.0
2023-08-25,17,AR1 alpha + Enhanced + One-Step,NASDAQ:TRS,0.0
2023-08-28,17,AR1 alpha + Enhanced + One-Step,NASDAQ:TRS,0.0
2023-08-29,17,AR1 alpha + Enhanced + One-Step,NASDAQ:TRS,0.0
2023-08-30,17,AR1 alpha + Enhanced + One-Step,NASDAQ:TRS,0.0
2023-08-31,17,AR1 alpha + Enhanced + One-Step,NASDAQ:TRS,0.0
2023-09-01,17,AR1 alpha + Enhanced + One-Step,NASDAQ:TRS,0.0
2023-09-05,17,AR1 alpha + Enhanced + One-Step,NASDAQ:TRS,0.0
2023-09-06,17,AR1 alpha + Enhanced + One-Step,NASDAQ:TRS,1.3543800353670344e-06
2023-09-07,17,AR1 alpha + Enhanced + One-Step,NASDAQ:TRS,0.014054395512231166
2023-09-08,17,AR1 alpha + Enhanced + One-Step,NASDAQ:TRS,0.01828108067254863
2023-09-11,17,AR1 alpha + Enhanced + One-Step,NASDAQ:TRS,0.011317638876635235
2023-09-12,17,AR1 alpha + Enhanced + One-Step,NASDAQ:TRS,0.011317814148842609
2023-09-13,17,AR1 alpha + Enhanced + One-Step,NASDAQ:TRS,0.0
2023-09-14,17,AR1 alpha + Enhanced + One-Step,NASDAQ:TRS,1.7308946036406306e-08
2023-09-15,17,AR1 alpha + Enhanced + One-Step,NASDAQ:TRS,3.3179301531640917e-07
2023-09-18,17,AR1 alpha + Enhanced + One-Step,NASDAQ:TRS,1.0863742453497539e-07
2023-09-19,17,AR1 alpha + Enhanced + One-Step,NASDAQ:TRS,9.385171683620464e-08
2023-09-20,17,AR1 alpha + Enhanced + One-Step,NASDAQ:TRS,7.58344296030881e-08
2023-09-21,17,AR1 alpha + Enhanced + One-Step,NASDAQ:TRS,1.1410664825260521e-07
2023-09-22,17,AR1 alpha + Enhanced + One-Step,NASDAQ:TRS,9.276036124349175e-08
2023-09-25,17,AR1 alpha + Enhanced + One-Step,NASDAQ:TRS,0.0
2023-09-26,17,AR1 alpha + Enhanced + One-Step,NASDAQ:TRS,0.0
2023-09-27,17,AR1 alpha + Enhanced + One-Step,NASDAQ:TRS,0.0
2023-09-28,17,AR1 alpha + Enhanced + One-Step,NASDAQ:TRS,0.0
2023-09-29,17,AR1 alpha + Enhanced + One-Step,NASDAQ:TRS,0.0
2023-10-02,17,AR1 alpha + Enhanced + One-Step,NASDAQ:TRS,0.0
2023-10-03,17,AR1 alpha + Enhanced + One-Step,NASDAQ:TRS,0.0
2023-10-04,17,AR1 alpha + Enhanced + One-Step,NASDAQ:TRS,0.0
2023-10-05,17,AR1 alpha + Enhanced + One-Step,NASDAQ:TRS,0.0
2023-10-06,17,AR1 alpha + Enhanced + One-Step,NASDAQ:TRS,0.0
2023-10-09,17,AR1 alpha + Enhanced + One-Step,NASDAQ:TRS,0.0
2023-10-10,17,AR1 alpha + Enhanced + One-Step,NASDAQ:TRS,0.0
2023-10-11,17,AR1 alpha + Enhanced + One-Step,NASDAQ:TRS,0.0
2023-10-12,17,AR1 alpha + Enhanced + One-Step,NASDAQ:TRS,0.0
2023-10-13,17,AR1 alpha + Enhanced + One-Step,NASDAQ:TRS,4.273398328082255e-09
2023-10-16,17,AR1 alpha + Enhanced + One-Step,NASDAQ:TRS,1.122174421134404e-08
2023-10-17,17,AR1 alpha + Enhanced + One-Step,NASDAQ:TRS,0.0
2023-10-18,17,AR1 alpha + Enhanced + One-Step,NASDAQ:TRS,1.3949218171720269e-07
2023-10-19,17,AR1 alpha + Enhanced + One-Step,NASDAQ:TRS,6.994040325979438e-08
2023-10-20,17,AR1 alpha + Enhanced + One-Step,NASDAQ:TRS,9.835536800943269e-08
2023-10-23,17,AR1 alpha + Enhanced + One-Step,NASDAQ:TRS,0.0
2023-10-24,17,AR1 alpha + Enhanced + One-Step,NASDAQ:TRS,1.0745866597825011e-08
2023-10-25,17,AR1 alpha + Enhanced + One-Step,NASDAQ:TRS,0.0
2023-10-26,17,AR1 alpha + Enhanced + One-Step,NASDAQ:TRS,0.0
2023-10-27,17,AR1 alpha + Enhanced + One-Step,NASDAQ:TRS,0.0
2023-10-30,17,AR1 alpha + Enhanced + One-Step,NASDAQ:TRS,0.0
2023-10-31,17,AR1 alpha + Enhanced + One-Step,NASDAQ:TRS,1.2730595422590086e-07
2023-11-01,17,AR1 alpha + Enhanced + One-Step,NASDAQ:TRS,0.0
2023-11-02,17,AR1 alpha + Enhanced + One-Step,NASDAQ:TRS,8.571824263787447e-07
2023-11-03,17,AR1 alpha + Enhanced + One-Step,NASDAQ:TRS,6.344427671347932e-07
2023-11-06,17,AR1 alpha + Enhanced + One-Step,NASDAQ:TRS,5.056649348839764e-07
2023-11-07,17,AR1 alpha + Enhanced + One-Step,NASDAQ:TRS,0.0
2023-11-08,17,AR1 alpha + Enhanced + One-Step,NASDAQ:TRS,0.0
2023-11-09,17,AR1 alpha + Enhanced + One-Step,NASDAQ:TRS,0.0
2023-11-10,17,AR1 alpha + Enhanced + One-Step,NASDAQ:TRS,0.0
2023-11-13,17,AR1 alpha + Enhanced + One-Step,NASDAQ:TRS,0.0
2023-11-14,17,AR1 alpha + Enhanced + One-Step,NASDAQ:TRS,0.0
2023-11-15,17,AR1 alpha + Enhanced + One-Step,NASDAQ:TRS,0.0
2023-11-16,17,AR1 alpha + Enhanced + One-Step,NASDAQ:TRS,0.0
2023-11-17,17,AR1 alpha + Enhanced + One-Step,NASDAQ:TRS,0.0
2023-11-20,17,AR1 alpha + Enhanced + One-Step,NASDAQ:TRS,8.759256541594496e-08
2023-11-21,17,AR1 alpha + Enhanced + One-Step,NASDAQ:TRS,7.38373890962945e-08
2023-11-22,17,AR1 alpha + Enhanced + One-Step,NASDAQ:TRS,1.6278065126313864e-08
2023-11-24,17,AR1 alpha + Enhanced + One-Step,NASDAQ:TRS,1.3186495511758131e-08
2023-11-27,17,AR1 alpha + Enhanced + One-Step,NASDAQ:TRS,0.0
2023-11-28,17,AR1 alpha + Enhanced + One-Step,NASDAQ:TRS,0.0
2023-11-29,17,AR1 alpha + Enhanced + One-Step,NASDAQ:TRS,0.0
2023-11-30,17,AR1 alpha + Enhanced + One-Step,NASDAQ:TRS,0.0
2023-12-01,17,AR1 alpha + Enhanced + One-Step,NASDAQ:TRS,0.0
2023-12-04,17,AR1 alpha + Enhanced + One-Step,NASDAQ:TRS,0.0
2023-12-05,17,AR1 alpha + Enhanced + One-Step,NASDAQ:TRS,0.0
2023-12-06,17,AR1 alpha + Enhanced + One-Step,NASDAQ:TRS,1.4762549042200845e-08
2023-12-07,17,AR1 alpha + Enhanced + One-Step,NASDAQ:TRS,1.0068494725646986e-08
2023-12-08,17,AR1 alpha + Enhanced + One-Step,NASDAQ:TRS,5.325550753617205e-08
2023-12-11,17,AR1 alpha + Enhanced + One-Step,NASDAQ:TRS,0.0
2023-12-12,17,AR1 alpha + Enhanced + One-Step,NASDAQ:TRS,0.0
2023-12-13,17,AR1 alpha + Enhanced + One-Step,NASDAQ:TRS,6.855926573702375e-07
2023-12-14,17,AR1 alpha + Enhanced + One-Step,NASDAQ:TRS,3.96225540940961e-07
2023-12-15,17,AR1 alpha + Enhanced + One-Step,NASDAQ:TRS,0.0
2023-12-18,17,AR1 alpha + Enhanced + One-Step,NASDAQ:TRS,0.0
2023-12-19,17,AR1 alpha + Enhanced + One-Step,NASDAQ:TRS,0.0
2023-12-20,17,AR1 alpha + Enhanced + One-Step,NASDAQ:TRS,7.797955353746878e-07
2023-12-21,17,AR1 alpha + Enhanced + One-Step,NASDAQ:TRS,5.759989913469802e-07
2023-12-22,17,AR1 alpha + Enhanced + One-Step,NASDAQ:TRS,4.3955515557079184e-07
2023-12-26,17,AR1 alpha + Enhanced + One-Step,NASDAQ:TRS,0.0
2023-12-27,17,AR1 alpha + Enhanced + One-Step,NASDAQ:TRS,0.0
2023-12-28,17,AR1 alpha + Enhanced + One-Step,NASDAQ:TRS,2.9736669117543603e-08
2023-12-29,17,AR1 alpha + Enhanced + One-Step,NASDAQ:TRS,2.987328228653021e-07
2024-01-02,17,AR1 alpha + Enhanced + One-Step,NASDAQ:TRS,0.0
2024-01-03,17,AR1 alpha + Enhanced + One-Step,NASDAQ:TRS,0.0
2024-01-04,17,AR1 alpha + Enhanced + One-Step,NASDAQ:TRS,0.0
2024-01-05,17,AR1 alpha + Enhanced + One-Step,NASDAQ:TRS,1.2928824041006335e-07
2024-01-08,17,AR1 alpha + Enhanced + One-Step,NASDAQ:TRS,4.2070564807980713e-07
2024-01-09,17,AR1 alpha + Enhanced + One-Step,NASDAQ:TRS,0.0
2024-01-10,17,AR1 alpha + Enhanced + One-Step,NASDAQ:TRS,0.0
2024-01-11,17,AR1 alpha + Enhanced + One-Step,NASDAQ:TRS,0.0
2024-01-12,17,AR1 alpha + Enhanced + One-Step,NASDAQ:TRS,0.0
2024-01-16,17,AR1 alpha + Enhanced + One-Step,NASDAQ:TRS,0.0
2024-01-17,17,AR1 alpha + Enhanced + One-Step,NASDAQ:TRS,0.0
2024-01-18,17,AR1 alpha + Enhanced + One-Step,NASDAQ:TRS,0.0
2024-01-19,17,AR1 alpha + Enhanced + One-Step,NASDAQ:TRS,0.0
2024-01-22,17,AR1 alpha + Enhanced + One-Step,NASDAQ:TRS,0.0
2024-01-23,17,AR1 alpha + Enhanced + One-Step,NASDAQ:TRS,0.0
2024-01-24,17,AR1 alpha + Enhanced + One-Step,NASDAQ:TRS,0.0
2024-01-25,17,AR1 alpha + Enhanced + One-Step,NASDAQ:TRS,0.0
2024-01-26,17,AR1 alpha + Enhanced + One-Step,NASDAQ:TRS,0.0
2024-01-29,17,AR1 alpha + Enhanced + One-Step,NASDAQ:TRS,0.0
2024-01-30,17,AR1 alpha + Enhanced + One-Step,NASDAQ:TRS,0.0
2024-01-31,17,AR1 alpha + Enhanced + One-Step,NASDAQ:TRS,0.0
2024-02-01,17,AR1 alpha + Enhanced + One-Step,NASDAQ:TRS,0.0
2024-02-02,17,AR1 alpha + Enhanced + One-Step,NASDAQ:TRS,0.0
2024-02-05,17,AR1 alpha + Enhanced + One-Step,NASDAQ:TRS,0.0
2024-02-06,17,AR1 alpha + Enhanced + One-Step,NASDAQ:TRS,0.0
2024-02-07,17,AR1 alpha + Enhanced + One-Step,NASDAQ:TRS,0.0
2024-02-08,17,AR1 alpha + Enhanced + One-Step,NASDAQ:TRS,0.0
2024-02-09,17,AR1 alpha + Enhanced + One-Step,NASDAQ:TRS,0.0
2024-02-12,17,AR1 alpha + Enhanced + One-Step,NASDAQ:TRS,0.0
2024-02-13,17,AR1 alpha + Enhanced + One-Step,NASDAQ:TRS,2.8932734073719876e-09
2024-02-14,17,AR1 alpha + Enhanced + One-Step,NASDAQ:TRS,2.2862319362732997e-07
2024-02-15,17,AR1 alpha + Enhanced + One-Step,NASDAQ:TRS,0.0
2024-02-16,17,AR1 alpha + Enhanced + One-Step,NASDAQ:TRS,4.5991260153491285e-07
2024-02-20,17,AR1 alpha + Enhanced + One-Step,NASDAQ:TRS,6.102999184409169e-07
2024-02-21,17,AR1 alpha + Enhanced + One-Step,NASDAQ:TRS,0.0
2024-02-22,17,AR1 alpha + Enhanced + One-Step,NASDAQ:TRS,0.0
2024-02-23,17,AR1 alpha + Enhanced + One-Step,NASDAQ:TRS,0.0
2024-02-26,17,AR1 alpha + Enhanced + One-Step,NASDAQ:TRS,0.0
2024-02-27,17,AR1 alpha + Enhanced + One-Step,NASDAQ:TRS,0.0
2024-02-28,17,AR1 alpha + Enhanced + One-Step,NASDAQ:TRS,0.0
2024-02-29,17,AR1 alpha + Enhanced + One-Step,NASDAQ:TRS,0.0
2024-03-01,17,AR1 alpha + Enhanced + One-Step,NASDAQ:TRS,0.0
2024-03-04,17,AR1 alpha + Enhanced + One-Step,NASDAQ:TRS,0.0
2024-03-05,17,AR1 alpha + Enhanced + One-Step,NASDAQ:TRS,0.0
2024-03-06,17,AR1 alpha + Enhanced + One-Step,NASDAQ:TRS,0.0
2024-03-07,17,AR1 alpha + Enhanced + One-Step,NASDAQ:TRS,0.0
2024-03-08,17,AR1 alpha + Enhanced + One-Step,NASDAQ:TRS,0.0
2024-03-11,17,AR1 alpha + Enhanced + One-Step,NASDAQ:TRS,0.0
2024-03-12,17,AR1 alpha + Enhanced + One-Step,NASDAQ:TRS,0.0
2024-03-13,17,AR1 alpha + Enhanced + One-Step,NASDAQ:TRS,0.0
2024-03-14,17,AR1 alpha + Enhanced + One-Step,NASDAQ:TRS,0.0
2024-03-15,17,AR1 alpha + Enhanced + One-Step,NASDAQ:TRS,1.1019043196865462e-07
2024-03-18,17,AR1 alpha + Enhanced + One-Step,NASDAQ:TRS,0.0
2024-03-19,17,AR1 alpha + Enhanced + One-Step,NASDAQ:TRS,0.0
2024-03-20,17,AR1 alpha + Enhanced + One-Step,NASDAQ:TRS,0.0
2024-03-21,17,AR1 alpha + Enhanced + One-Step,NASDAQ:TRS,0.0
2024-03-22,17,AR1 alpha + Enhanced + One-Step,NASDAQ:TRS,0.0
2024-03-25,17,AR1 alpha + Enhanced + One-Step,NASDAQ:TRS,0.0
2024-03-26,17,AR1 alpha + Enhanced + One-Step,NASDAQ:TRS,0.0
2024-03-27,17,AR1 alpha + Enhanced + One-Step,NASDAQ:TRS,0.0
2024-03-28,17,AR1 alpha + Enhanced + One-Step,NASDAQ:TRS,2.3316246163231752e-07
2024-04-01,17,AR1 alpha + Enhanced + One-Step,NASDAQ:TRS,3.1440290448161225e-07
2024-04-02,17,AR1 alpha + Enhanced + One-Step,NASDAQ:TRS,1.1325723503820849e-07
2024-04-03,17,AR1 alpha + Enhanced + One-Step,NASDAQ:TRS,0.0
2024-04-04,17,AR1 alpha + Enhanced + One-Step,NASDAQ:TRS,0.0
2024-04-05,17,AR1 alpha + Enhanced + One-Step,NASDAQ:TRS,0.0
2024-04-08,17,AR1 alpha + Enhanced + One-Step,NASDAQ:TRS,1.4775510186389008e-07
2024-04-09,17,AR1 alpha + Enhanced + One-Step,NASDAQ:TRS,0.0
2024-04-10,17,AR1 alpha + Enhanced + One-Step,NASDAQ:TRS,0.0
2024-04-11,17,AR1 alpha + Enhanced + One-Step,NASDAQ:TRS,0.0
2024-04-12,17,AR1 alpha + Enhanced + One-Step,NASDAQ:TRS,0.0
2024-04-15,17,AR1 alpha + Enhanced + One-Step,NASDAQ:TRS,0.0
2024-04-16,17,AR1 alpha + Enhanced + One-Step,NASDAQ:TRS,0.0
2024-04-17,17,AR1 alpha + Enhanced + One-Step,NASDAQ:TRS,9.340926949408772e-08
2024-04-18,17,AR1 alpha + Enhanced + One-Step,NASDAQ:TRS,0.0
2024-04-19,17,AR1 alpha + Enhanced + One-Step,NASDAQ:TRS,0.0
2020-03-25,17,AR1 alpha + Enhanced + One-Step,NYSE:GIL,0.020000000000007227
2020-03-26,17,AR1 alpha + Enhanced + One-Step,NYSE:GIL,0.02000000000001305
2020-03-27,17,AR1 alpha + Enhanced + One-Step,NYSE:GIL,0.019999986200837695
2020-03-30,17,AR1 alpha + Enhanced + One-Step,NYSE:GIL,0.020001387649100557
2020-03-31,17,AR1 alpha + Enhanced + One-Step,NYSE:GIL,0.020002592092864868
2020-04-01,17,AR1 alpha + Enhanced + One-Step,NYSE:GIL,0.020002595586744706
2020-04-02,17,AR1 alpha + Enhanced + One-Step,NYSE:GIL,0.02000189188245966
2020-04-03,17,AR1 alpha + Enhanced + One-Step,NYSE:GIL,0.020002650661829786
2020-04-06,17,AR1 alpha + Enhanced + One-Step,NYSE:GIL,0.020003236398289038
2020-04-07,17,AR1 alpha + Enhanced + One-Step,NYSE:GIL,0.020003602718297948
2020-04-08,17,AR1 alpha + Enhanced + One-Step,NYSE:GIL,0.02000365288568867
2020-04-09,17,AR1 alpha + Enhanced + One-Step,NYSE:GIL,0.020003661164136054
2020-04-13,17,AR1 alpha + Enhanced + One-Step,NYSE:GIL,0.029920449854424224
2020-04-14,17,AR1 alpha + Enhanced + One-Step,NYSE:GIL,0.054907254883273936
2020-04-15,17,AR1 alpha + Enhanced + One-Step,NYSE:GIL,0.054908385066424266
2020-04-16,17,AR1 alpha + Enhanced + One-Step,NYSE:GIL,0.05490905600983076
2020-04-17,17,AR1 alpha + Enhanced + One-Step,NYSE:GIL,0.05490914709128976
2020-04-20,17,AR1 alpha + Enhanced + One-Step,NYSE:GIL,0.05490890074527222
2020-04-21,17,AR1 alpha + Enhanced + One-Step,NYSE:GIL,0.0549090678651524
2020-04-22,17,AR1 alpha + Enhanced + One-Step,NYSE:GIL,0.054909314342909424
2020-04-23,17,AR1 alpha + Enhanced + One-Step,NYSE:GIL,0.054908987506156984
2020-04-24,17,AR1 alpha + Enhanced + One-Step,NYSE:GIL,0.054909047767892655
2020-04-27,17,AR1 alpha + Enhanced + One-Step,NYSE:GIL,0.05490904864126106
2020-04-28,17,AR1 alpha + Enhanced + One-Step,NYSE:GIL,0.05490904178471809
2020-04-29,17,AR1 alpha + Enhanced + One-Step,NYSE:GIL,0.054909039470969215
2020-04-30,17,AR1 alpha + Enhanced + One-Step,NYSE:GIL,0.054909058884941644
2020-05-01,17,AR1 alpha + Enhanced + One-Step,NYSE:GIL,0.0549079140926584
2020-05-04,17,AR1 alpha + Enhanced + One-Step,NYSE:GIL,0.05490793166557884
2020-05-05,17,AR1 alpha + Enhanced + One-Step,NYSE:GIL,0.05490788037725802
2020-05-06,17,AR1 alpha + Enhanced + One-Step,NYSE:GIL,0.045761166995725036
2020-05-07,17,AR1 alpha + Enhanced + One-Step,NYSE:GIL,0.04324750580545495
2020-05-08,17,AR1 alpha + Enhanced + One-Step,NYSE:GIL,0.03824635455211435
2020-05-11,17,AR1 alpha + Enhanced + One-Step,NYSE:GIL,0.031914410812417866
2020-05-12,17,AR1 alpha + Enhanced + One-Step,NYSE:GIL,0.007142611967509066
2020-05-13,17,AR1 alpha + Enhanced + One-Step,NYSE:GIL,1.6666536600348585e-07
2020-05-14,17,AR1 alpha + Enhanced + One-Step,NYSE:GIL,0.0
2020-05-15,17,AR1 alpha + Enhanced + One-Step,NYSE:GIL,3.533564515085006e-08
2020-05-18,17,AR1 alpha + Enhanced + One-Step,NYSE:GIL,4.2615624011013614e-08
2020-05-19,17,AR1 alpha + Enhanced + One-Step,NYSE:GIL,0.0
2020-05-20,17,AR1 alpha + Enhanced + One-Step,NYSE:GIL,1.3382324847634623e-08
2020-05-21,17,AR1 alpha + Enhanced + One-Step,NYSE:GIL,0.0
2020-05-22,17,AR1 alpha + Enhanced + One-Step,NYSE:GIL,0.0
2020-05-26,17,AR1 alpha + Enhanced + One-Step,NYSE:GIL,0.0
2020-05-27,17,AR1 alpha + Enhanced + One-Step,NYSE:GIL,3.2342743443031545e-08
2020-05-28,17,AR1 alpha + Enhanced + One-Step,NYSE:GIL,1.6118341260600028e-08
2020-05-29,17,AR1 alpha + Enhanced + One-Step,NYSE:GIL,7.90041383483716e-09
2020-06-01,17,AR1 alpha + Enhanced + One-Step,NYSE:GIL,3.6391816378490704e-08
2020-06-02,17,AR1 alpha + Enhanced + One-Step,NYSE:GIL,2.3978408906354015e-08
2020-06-03,17,AR1 alpha + Enhanced + One-Step,NYSE:GIL,2.9266314426493666e-07
2020-06-04,17,AR1 alpha + Enhanced + One-Step,NYSE:GIL,2.0998936895025355e-08
2020-06-05,17,AR1 alpha + Enhanced + One-Step,NYSE:GIL,0.0
2020-06-08,17,AR1 alpha + Enhanced + One-Step,NYSE:GIL,0.0
2020-06-09,17,AR1 alpha + Enhanced + One-Step,NYSE:GIL,6.168641217027048e-09
2020-06-10,17,AR1 alpha + Enhanced + One-Step,NYSE:GIL,2.8748058717196344e-09
2020-06-11,17,AR1 alpha + Enhanced + One-Step,NYSE:GIL,7.808403567602381e-07
2020-06-12,17,AR1 alpha + Enhanced + One-Step,NYSE:GIL,5.710586205751358e-08
2020-06-15,17,AR1 alpha + Enhanced + One-Step,NYSE:GIL,0.0
2020-06-16,17,AR1 alpha + Enhanced + One-Step,NYSE:GIL,8.04171424752736e-09
2020-06-17,17,AR1 alpha + Enhanced + One-Step,NYSE:GIL,0.0
2020-06-18,17,AR1 alpha + Enhanced + One-Step,NYSE:GIL,0.0
2020-06-19,17,AR1 alpha + Enhanced + One-Step,NYSE:GIL,3.592294892321329e-08
2020-06-22,17,AR1 alpha + Enhanced + One-Step,NYSE:GIL,4.618043453788757e-08
2020-06-23,17,AR1 alpha + Enhanced + One-Step,NYSE:GIL,1.4959042102491065e-08
2020-06-24,17,AR1 alpha + Enhanced + One-Step,NYSE:GIL,0.0
2020-06-25,17,AR1 alpha + Enhanced + One-Step,NYSE:GIL,1.6526350737143e-08
2020-06-26,17,AR1 alpha + Enhanced + One-Step,NYSE:GIL,1.0627908461151288e-07
2020-06-29,17,AR1 alpha + Enhanced + One-Step,NYSE:GIL,1.2454635246577983e-07
2020-06-30,17,AR1 alpha + Enhanced + One-Step,NYSE:GIL,2.1758452193959733e-08
2020-07-01,17,AR1 alpha + Enhanced + One-Step,NYSE:GIL,0.0
2020-07-02,17,AR1 alpha + Enhanced + One-Step,NYSE:GIL,4.088945668240535e-08
2020-07-06,17,AR1 alpha + Enhanced + One-Step,NYSE:GIL,7.353640499240187e-10
2020-07-07,17,AR1 alpha + Enhanced + One-Step,NYSE:GIL,0.0
2020-07-08,17,AR1 alpha + Enhanced + One-Step,NYSE:GIL,0.0
2020-07-09,17,AR1 alpha + Enhanced + One-Step,NYSE:GIL,2.8303194077893124e-08
2020-07-10,17,AR1 alpha + Enhanced + One-Step,NYSE:GIL,9.994201827617057e-08
2020-07-13,17,AR1 alpha + Enhanced + One-Step,NYSE:GIL,5.469380981318702e-08
2020-07-14,17,AR1 alpha + Enhanced + One-Step,NYSE:GIL,0.0
2020-07-15,17,AR1 alpha + Enhanced + One-Step,NYSE:GIL,1.8991692690111733e-08
2020-07-16,17,AR1 alpha + Enhanced + One-Step,NYSE:GIL,5.637470401442714e-09
2020-07-17,17,AR1 alpha + Enhanced + One-Step,NYSE:GIL,1.7151267250606365e-09
2020-07-20,17,AR1 alpha + Enhanced + One-Step,NYSE:GIL,3.0715564178707635e-08
2020-07-21,17,AR1 alpha + Enhanced + One-Step,NYSE:GIL,5.1369244384395436e-08
2020-07-22,17,AR1 alpha + Enhanced + One-Step,NYSE:GIL,4.828259060686094e-08
2020-07-23,17,AR1 alpha + Enhanced + One-Step,NYSE:GIL,0.0
2020-07-24,17,AR1 alpha + Enhanced + One-Step,NYSE:GIL,4.071349156092179e-09
2020-07-27,17,AR1 alpha + Enhanced + One-Step,NYSE:GIL,0.0
2020-07-28,17,AR1 alpha + Enhanced + One-Step,NYSE:GIL,5.782835755826047e-09
2020-07-29,17,AR1 alpha + Enhanced + One-Step,NYSE:GIL,0.0
2020-07-30,17,AR1 alpha + Enhanced + One-Step,NYSE:GIL,0.0
2020-07-31,17,AR1 alpha + Enhanced + One-Step,NYSE:GIL,0.0
2020-08-03,17,AR1 alpha + Enhanced + One-Step,NYSE:GIL,5.107544370832246e-08
2020-08-04,17,AR1 alpha + Enhanced + One-Step,NYSE:GIL,1.4802158842501734e-08
2020-08-05,17,AR1 alpha + Enhanced + One-Step,NYSE:GIL,0.0
2020-08-06,17,AR1 alpha + Enhanced + One-Step,NYSE:GIL,0.0
2020-08-07,17,AR1 alpha + Enhanced + One-Step,NYSE:GIL,4.9587568067353104e-08
2020-08-10,17,AR1 alpha + Enhanced + One-Step,NYSE:GIL,1.0478374099044387e-07
2020-08-11,17,AR1 alpha + Enhanced + One-Step,NYSE:GIL,0.0
2020-08-12,17,AR1 alpha + Enhanced + One-Step,NYSE:GIL,2.0091302170971856e-09
2020-08-13,17,AR1 alpha + Enhanced + One-Step,NYSE:GIL,1.9713600783459933e-09
2020-08-14,17,AR1 alpha + Enhanced + One-Step,NYSE:GIL,2.331712880609186e-09
2020-08-17,17,AR1 alpha + Enhanced + One-Step,NYSE:GIL,1.252800892047132e-07
2020-08-18,17,AR1 alpha + Enhanced + One-Step,NYSE:GIL,1.1510256098561966e-07
2020-08-19,17,AR1 alpha + Enhanced + One-Step,NYSE:GIL,1.6234712950241736e-07
2020-08-20,17,AR1 alpha + Enhanced + One-Step,NYSE:GIL,3.1102690847259685e-08
2020-08-21,17,AR1 alpha + Enhanced + One-Step,NYSE:GIL,0.0
2020-08-24,17,AR1 alpha + Enhanced + One-Step,NYSE:GIL,0.0
2020-08-25,17,AR1 alpha + Enhanced + One-Step,NYSE:GIL,7.40187822048279e-08
2020-08-26,17,AR1 alpha + Enhanced + One-Step,NYSE:GIL,0.0
2020-08-27,17,AR1 alpha + Enhanced + One-Step,NYSE:GIL,0.004907294940715283
2020-08-28,17,AR1 alpha + Enhanced + One-Step,NYSE:GIL,0.004907289456141552
2020-08-31,17,AR1 alpha + Enhanced + One-Step,NYSE:GIL,0.004906001451557393
2020-09-01,17,AR1 alpha + Enhanced + One-Step,NYSE:GIL,0.004905640305867365
2020-09-02,17,AR1 alpha + Enhanced + One-Step,NYSE:GIL,0.006593433235576381
2020-09-03,17,AR1 alpha + Enhanced + One-Step,NYSE:GIL,0.006593257897136954
2020-09-04,17,AR1 alpha + Enhanced + One-Step,NYSE:GIL,0.006593336552467637
2020-09-08,17,AR1 alpha + Enhanced + One-Step,NYSE:GIL,0.006593430653191573
2020-09-09,17,AR1 alpha + Enhanced + One-Step,NYSE:GIL,0.006593472907857002
2020-09-10,17,AR1 alpha + Enhanced + One-Step,NYSE:GIL,0.006593223063227669
2020-09-11,17,AR1 alpha + Enhanced + One-Step,NYSE:GIL,0.006593307051252658
2020-09-14,17,AR1 alpha + Enhanced + One-Step,NYSE:GIL,0.006594450086140976
2020-09-15,17,AR1 alpha + Enhanced + One-Step,NYSE:GIL,0.006594500221990373
2020-09-16,17,AR1 alpha + Enhanced + One-Step,NYSE:GIL,0.006594501056433741
2020-09-17,17,AR1 alpha + Enhanced + One-Step,NYSE:GIL,0.006593650300159413
2020-09-18,17,AR1 alpha + Enhanced + One-Step,NYSE:GIL,0.0036667768278419244
2020-09-21,17,AR1 alpha + Enhanced + One-Step,NYSE:GIL,0.0036666880089707165
2020-09-22,17,AR1 alpha + Enhanced + One-Step,NYSE:GIL,0.0036667004642498384
2020-09-23,17,AR1 alpha + Enhanced + One-Step,NYSE:GIL,0.0036664251380004627
2020-09-24,17,AR1 alpha + Enhanced + One-Step,NYSE:GIL,0.003667114723174305
2020-09-25,17,AR1 alpha + Enhanced + One-Step,NYSE:GIL,0.0036667414567141824
2020-09-28,17,AR1 alpha + Enhanced + One-Step,NYSE:GIL,0.0036666536009270375
2020-09-29,17,AR1 alpha + Enhanced + One-Step,NYSE:GIL,0.003665919056919565
2020-09-30,17,AR1 alpha + Enhanced + One-Step,NYSE:GIL,0.0036648311964810674
2020-10-01,17,AR1 alpha + Enhanced + One-Step,NYSE:GIL,0.0036647875783024945
2020-10-02,17,AR1 alpha + Enhanced + One-Step,NYSE:GIL,0.003664824124899051
2020-10-05,17,AR1 alpha + Enhanced + One-Step,NYSE:GIL,0.010278105121843604
2020-10-06,17,AR1 alpha + Enhanced + One-Step,NYSE:GIL,0.017327026015745636
2020-10-07,17,AR1 alpha + Enhanced + One-Step,NYSE:GIL,0.017328437144140202
2020-10-08,17,AR1 alpha + Enhanced + One-Step,NYSE:GIL,0.01732849185585212
2020-10-09,17,AR1 alpha + Enhanced + One-Step,NYSE:GIL,0.01732799794687948
2020-10-12,17,AR1 alpha + Enhanced + One-Step,NYSE:GIL,0.017328008686843258
2020-10-13,17,AR1 alpha + Enhanced + One-Step,NYSE:GIL,0.032316900918559543
2020-10-14,17,AR1 alpha + Enhanced + One-Step,NYSE:GIL,0.04078227139448098
2020-10-15,17,AR1 alpha + Enhanced + One-Step,NYSE:GIL,0.04959646629287539
2020-10-16,17,AR1 alpha + Enhanced + One-Step,NYSE:GIL,0.049596420357334796
2020-10-19,17,AR1 alpha + Enhanced + One-Step,NYSE:GIL,0.049594264029972045
2020-10-20,17,AR1 alpha + Enhanced + One-Step,NYSE:GIL,0.04959103347036631
2020-10-21,17,AR1 alpha + Enhanced + One-Step,NYSE:GIL,0.049589027659558874
2020-10-22,17,AR1 alpha + Enhanced + One-Step,NYSE:GIL,0.04958657214326849
2020-10-23,17,AR1 alpha + Enhanced + One-Step,NYSE:GIL,0.04958476722409787
2020-10-26,17,AR1 alpha + Enhanced + One-Step,NYSE:GIL,0.049584689793621954
2020-10-27,17,AR1 alpha + Enhanced + One-Step,NYSE:GIL,0.04958554484773044
2020-10-28,17,AR1 alpha + Enhanced + One-Step,NYSE:GIL,0.049585077361178995
2020-10-29,17,AR1 alpha + Enhanced + One-Step,NYSE:GIL,0.0495857741292772
2020-10-30,17,AR1 alpha + Enhanced + One-Step,NYSE:GIL,0.04958555422454311
2020-11-02,17,AR1 alpha + Enhanced + One-Step,NYSE:GIL,0.04958754716773037
2020-11-03,17,AR1 alpha + Enhanced + One-Step,NYSE:GIL,0.049586188637166274
2020-11-04,17,AR1 alpha + Enhanced + One-Step,NYSE:GIL,0.04958887180647316
2020-11-05,17,AR1 alpha + Enhanced + One-Step,NYSE:GIL,0.04958869160421866
2020-11-06,17,AR1 alpha + Enhanced + One-Step,NYSE:GIL,0.04958861086823421
2020-11-09,17,AR1 alpha + Enhanced + One-Step,NYSE:GIL,0.04958855669175925
2020-11-10,17,AR1 alpha + Enhanced + One-Step,NYSE:GIL,0.04958994053930501
2020-11-11,17,AR1 alpha + Enhanced + One-Step,NYSE:GIL,0.04959013139881141
2020-11-12,17,AR1 alpha + Enhanced + One-Step,NYSE:GIL,0.04958989543957199
2020-11-13,17,AR1 alpha + Enhanced + One-Step,NYSE:GIL,0.04958989154939736
2020-11-16,17,AR1 alpha + Enhanced + One-Step,NYSE:GIL,0.04959010559265955
2020-11-17,17,AR1 alpha + Enhanced + One-Step,NYSE:GIL,0.04808525819010833
2020-11-18,17,AR1 alpha + Enhanced + One-Step,NYSE:GIL,0.034343491929753715
2020-11-19,17,AR1 alpha + Enhanced + One-Step,NYSE:GIL,0.03434208006334606
2020-11-20,17,AR1 alpha + Enhanced + One-Step,NYSE:GIL,0.03434208095407205
2020-11-23,17,AR1 alpha + Enhanced + One-Step,NYSE:GIL,0.03434229109246187
2020-11-24,17,AR1 alpha + Enhanced + One-Step,NYSE:GIL,0.034340309179574424
2020-11-25,17,AR1 alpha + Enhanced + One-Step,NYSE:GIL,0.029048327377526696
2020-11-27,17,AR1 alpha + Enhanced + One-Step,NYSE:GIL,0.0290464708440777
2020-11-30,17,AR1 alpha + Enhanced + One-Step,NYSE:GIL,0.02904509724581177
2020-12-01,17,AR1 alpha + Enhanced + One-Step,NYSE:GIL,0.029045459028702664
2020-12-04,17,AR1 alpha + Enhanced + One-Step,NYSE:GIL,0.02904558952089208
2020-12-07,17,AR1 alpha + Enhanced + One-Step,NYSE:GIL,0.02904146897117338
2020-12-08,17,AR1 alpha + Enhanced + One-Step,NYSE:GIL,0.02904175480378855
2020-12-09,17,AR1 alpha + Enhanced + One-Step,NYSE:GIL,0.029040937032050764
2020-12-10,17,AR1 alpha + Enhanced + One-Step,NYSE:GIL,0.029040940643884017
2020-12-11,17,AR1 alpha + Enhanced + One-Step,NYSE:GIL,0.02904074768401715
2020-12-14,17,AR1 alpha + Enhanced + One-Step,NYSE:GIL,0.029040726645357076
2020-12-15,17,AR1 alpha + Enhanced + One-Step,NYSE:GIL,0.029040851283850092
2020-12-16,17,AR1 alpha + Enhanced + One-Step,NYSE:GIL,0.0306545042065668
2020-12-17,17,AR1 alpha + Enhanced + One-Step,NYSE:GIL,0.03241183233305743
2020-12-18,17,AR1 alpha + Enhanced + One-Step,NYSE:GIL,0.03241296179039983
2020-12-21,17,AR1 alpha + Enhanced + One-Step,NYSE:GIL,0.032412587368597784
2020-12-22,17,AR1 alpha + Enhanced + One-Step,NYSE:GIL,0.032412715741978626
2020-12-23,17,AR1 alpha + Enhanced + One-Step,NYSE:GIL,0.0328803865527319
2020-12-24,17,AR1 alpha + Enhanced + One-Step,NYSE:GIL,0.044535182442622896
2020-12-28,17,AR1 alpha + Enhanced + One-Step,NYSE:GIL,0.052118971172469025
2020-12-29,17,AR1 alpha + Enhanced + One-Step,NYSE:GIL,0.05211855933874807
2020-12-30,17,AR1 alpha + Enhanced + One-Step,NYSE:GIL,0.05881569372054225
2020-12-31,17,AR1 alpha + Enhanced + One-Step,NYSE:GIL,0.06544606691690065
2021-01-04,17,AR1 alpha + Enhanced + One-Step,NYSE:GIL,0.06544609329658103
2021-01-05,17,AR1 alpha + Enhanced + One-Step,NYSE:GIL,0.06865500051143385
2021-01-06,17,AR1 alpha + Enhanced + One-Step,NYSE:GIL,0.06255775297883039
2021-01-07,17,AR1 alpha + Enhanced + One-Step,NYSE:GIL,0.06255519616785184
2021-01-08,17,AR1 alpha + Enhanced + One-Step,NYSE:GIL,0.06255396606197854
2021-01-11,17,AR1 alpha + Enhanced + One-Step,NYSE:GIL,0.06234197897669802
2021-01-12,17,AR1 alpha + Enhanced + One-Step,NYSE:GIL,0.055350042327121235
2021-01-13,17,AR1 alpha + Enhanced + One-Step,NYSE:GIL,0.04129837109542537
2021-01-14,17,AR1 alpha + Enhanced + One-Step,NYSE:GIL,0.04129871465309046
2021-01-15,17,AR1 alpha + Enhanced + One-Step,NYSE:GIL,0.0412745997628513
2021-01-19,17,AR1 alpha + Enhanced + One-Step,NYSE:GIL,0.041274491096077226
2021-01-20,17,AR1 alpha + Enhanced + One-Step,NYSE:GIL,0.041274911090803404
2021-01-21,17,AR1 alpha + Enhanced + One-Step,NYSE:GIL,0.034483231403323926
2021-01-22,17,AR1 alpha + Enhanced + One-Step,NYSE:GIL,0.034481165934173594
2021-01-25,17,AR1 alpha + Enhanced + One-Step,NYSE:GIL,0.02557055593292707
2021-01-26,17,AR1 alpha + Enhanced + One-Step,NYSE:GIL,0.022089430760658484
2021-01-27,17,AR1 alpha + Enhanced + One-Step,NYSE:GIL,0.02208930740800859
2021-01-28,17,AR1 alpha + Enhanced + One-Step,NYSE:GIL,0.02208997831637168
2021-01-29,17,AR1 alpha + Enhanced + One-Step,NYSE:GIL,0.02208960446808819
2021-02-01,17,AR1 alpha + Enhanced + One-Step,NYSE:GIL,0.022089551013560624
2021-02-02,17,AR1 alpha + Enhanced + One-Step,NYSE:GIL,0.022089571939164904
2021-02-03,17,AR1 alpha + Enhanced + One-Step,NYSE:GIL,0.022087715628979498
2021-02-04,17,AR1 alpha + Enhanced + One-Step,NYSE:GIL,0.018456695714842732
2021-02-05,17,AR1 alpha + Enhanced + One-Step,NYSE:GIL,0.007804535911550341
2021-02-08,17,AR1 alpha + Enhanced + One-Step,NYSE:GIL,0.00780542807833399
2021-02-09,17,AR1 alpha + Enhanced + One-Step,NYSE:GIL,1.615652288945629e-08
2021-02-10,17,AR1 alpha + Enhanced + One-Step,NYSE:GIL,5.286237171283959e-07
2021-02-11,17,AR1 alpha + Enhanced + One-Step,NYSE:GIL,3.4453286027857603e-07
2021-02-12,17,AR1 alpha + Enhanced + One-Step,NYSE:GIL,3.1341201497720216e-07
2021-02-16,17,AR1 alpha + Enhanced + One-Step,NYSE:GIL,1.1355728950573116e-07
2021-02-17,17,AR1 alpha + Enhanced + One-Step,NYSE:GIL,1.6274536771237178e-07
2021-02-18,17,AR1 alpha + Enhanced + One-Step,NYSE:GIL,1.3178569569481834e-07
2021-02-19,17,AR1 alpha + Enhanced + One-Step,NYSE:GIL,0.0
2021-02-22,17,AR1 alpha + Enhanced + One-Step,NYSE:GIL,4.4826895993833734e-07
2021-02-23,17,AR1 alpha + Enhanced + One-Step,NYSE:GIL,1.118347992670522e-06
2021-02-24,17,AR1 alpha + Enhanced + One-Step,NYSE:GIL,7.668058813709231e-07
2021-02-25,17,AR1 alpha + Enhanced + One-Step,NYSE:GIL,0.0
2021-02-26,17,AR1 alpha + Enhanced + One-Step,NYSE:GIL,0.0
2021-03-01,17,AR1 alpha + Enhanced + One-Step,NYSE:GIL,1.8745113015544423e-07
2021-03-02,17,AR1 alpha + Enhanced + One-Step,NYSE:GIL,0.0
2021-03-03,17,AR1 alpha + Enhanced + One-Step,NYSE:GIL,0.0
2021-03-04,17,AR1 alpha + Enhanced + One-Step,NYSE:GIL,2.0555606939224895e-09
2021-03-05,17,AR1 alpha + Enhanced + One-Step,NYSE:GIL,0.010716151374429944
2021-03-08,17,AR1 alpha + Enhanced + One-Step,NYSE:GIL,0.010716175922139233
2021-03-09,17,AR1 alpha + Enhanced + One-Step,NYSE:GIL,0.02189731974399593
2021-03-10,17,AR1 alpha + Enhanced + One-Step,NYSE:GIL,0.021898553621389275
2021-03-11,17,AR1 alpha + Enhanced + One-Step,NYSE:GIL,0.021897375684830554
2021-03-12,17,AR1 alpha + Enhanced + One-Step,NYSE:GIL,0.021897344521424587
2021-03-15,17,AR1 alpha + Enhanced + One-Step,NYSE:GIL,0.021900710400058955
2021-03-16,17,AR1 alpha + Enhanced + One-Step,NYSE:GIL,0.021900879254037803
2021-03-17,17,AR1 alpha + Enhanced + One-Step,NYSE:GIL,0.021900038251819666
2021-03-18,17,AR1 alpha + Enhanced + One-Step,NYSE:GIL,0.02190010617603187
2021-03-19,17,AR1 alpha + Enhanced + One-Step,NYSE:GIL,0.021899638686160697
2021-03-22,17,AR1 alpha + Enhanced + One-Step,NYSE:GIL,0.021899854661652573
2021-03-23,17,AR1 alpha + Enhanced + One-Step,NYSE:GIL,0.0219010690314099
2021-03-24,17,AR1 alpha + Enhanced + One-Step,NYSE:GIL,0.021901047073793974
2021-03-25,17,AR1 alpha + Enhanced + One-Step,NYSE:GIL,0.021901214081316282
2021-03-26,17,AR1 alpha + Enhanced + One-Step,NYSE:GIL,0.021901500028448675
2021-03-29,17,AR1 alpha + Enhanced + One-Step,NYSE:GIL,0.021901738582067565
2021-03-30,17,AR1 alpha + Enhanced + One-Step,NYSE:GIL,0.02190174111988768
2021-03-31,17,AR1 alpha + Enhanced + One-Step,NYSE:GIL,0.021901322973517885
2021-04-01,17,AR1 alpha + Enhanced + One-Step,NYSE:GIL,0.021902106901460095
2021-04-05,17,AR1 alpha + Enhanced + One-Step,NYSE:GIL,0.021902632554357298
2021-04-06,17,AR1 alpha + Enhanced + One-Step,NYSE:GIL,0.02190267942493699
2021-04-07,17,AR1 alpha + Enhanced + One-Step,NYSE:GIL,0.021901545389615546
2021-04-08,17,AR1 alpha + Enhanced + One-Step,NYSE:GIL,0.021900156551285948
2021-04-09,17,AR1 alpha + Enhanced + One-Step,NYSE:GIL,0.020592786346683514
2021-04-12,17,AR1 alpha + Enhanced + One-Step,NYSE:GIL,0.02059182830761789
2021-04-13,17,AR1 alpha + Enhanced + One-Step,NYSE:GIL,0.02058900837498034
2021-04-14,17,AR1 alpha + Enhanced + One-Step,NYSE:GIL,0.020586985169573052
2021-04-15,17,AR1 alpha + Enhanced + One-Step,NYSE:GIL,0.02058795906390026
2021-04-16,17,AR1 alpha + Enhanced + One-Step,NYSE:GIL,0.020587992827945416
2021-04-19,17,AR1 alpha + Enhanced + One-Step,NYSE:GIL,0.02058802310149679
2021-04-20,17,AR1 alpha + Enhanced + One-Step,NYSE:GIL,0.02058720281484825
2021-04-21,17,AR1 alpha + Enhanced + One-Step,NYSE:GIL,0.020586441389182888
2021-04-22,17,AR1 alpha + Enhanced + One-Step,NYSE:GIL,0.02058517822987088
2021-04-23,17,AR1 alpha + Enhanced + One-Step,NYSE:GIL,0.013207168222746526
2021-04-26,17,AR1 alpha + Enhanced + One-Step,NYSE:GIL,0.0008726752964313231
2021-04-27,17,AR1 alpha + Enhanced + One-Step,NYSE:GIL,3.152443732322342e-07
2021-04-28,17,AR1 alpha + Enhanced + One-Step,NYSE:GIL,1.5197040120831312e-07
2021-04-29,17,AR1 alpha + Enhanced + One-Step,NYSE:GIL,6.01206452398265e-08
2021-04-30,17,AR1 alpha + Enhanced + One-Step,NYSE:GIL,0.0
2021-05-03,17,AR1 alpha + Enhanced + One-Step,NYSE:GIL,2.5046176137501577e-06
2021-05-04,17,AR1 alpha + Enhanced + One-Step,NYSE:GIL,1.3633858074053449e-06
2021-05-05,17,AR1 alpha + Enhanced + One-Step,NYSE:GIL,8.800829562401551e-07
2021-05-06,17,AR1 alpha + Enhanced + One-Step,NYSE:GIL,1.4126053943223008e-06
2021-05-07,17,AR1 alpha + Enhanced + One-Step,NYSE:GIL,1.6421161996539487e-06
2021-05-10,17,AR1 alpha + Enhanced + One-Step,NYSE:GIL,9.19416568945636e-07
2021-05-11,17,AR1 alpha + Enhanced + One-Step,NYSE:GIL,0.012182742745912448
2021-05-12,17,AR1 alpha + Enhanced + One-Step,NYSE:GIL,0.012182671964479861
2021-05-13,17,AR1 alpha + Enhanced + One-Step,NYSE:GIL,0.024199980466372572
2021-05-14,17,AR1 alpha + Enhanced + One-Step,NYSE:GIL,0.024200014646302004
2021-05-17,17,AR1 alpha + Enhanced + One-Step,NYSE:GIL,0.024199384102820198
2021-05-18,17,AR1 alpha + Enhanced + One-Step,NYSE:GIL,0.03347447546781921
2021-05-19,17,AR1 alpha + Enhanced + One-Step,NYSE:GIL,0.054731572460649004
2021-05-20,17,AR1 alpha + Enhanced + One-Step,NYSE:GIL,0.05473165134652836
2021-05-21,17,AR1 alpha + Enhanced + One-Step,NYSE:GIL,0.07283217589437797
2021-05-24,17,AR1 alpha + Enhanced + One-Step,NYSE:GIL,0.07741923371072332
2021-05-25,17,AR1 alpha + Enhanced + One-Step,NYSE:GIL,0.08427759344155751
2021-05-26,17,AR1 alpha + Enhanced + One-Step,NYSE:GIL,0.08427449473964946
2021-05-27,17,AR1 alpha + Enhanced + One-Step,NYSE:GIL,0.08427342296625721
2021-05-28,17,AR1 alpha + Enhanced + One-Step,NYSE:GIL,0.08427147800867174
2021-06-01,17,AR1 alpha + Enhanced + One-Step,NYSE:GIL,0.08433725570325869
2021-06-02,17,AR1 alpha + Enhanced + One-Step,NYSE:GIL,0.0843345458783324
2021-06-03,17,AR1 alpha + Enhanced + One-Step,NYSE:GIL,0.08433123686638799
2021-06-04,17,AR1 alpha + Enhanced + One-Step,NYSE:GIL,0.08432569803290105
2021-06-07,17,AR1 alpha + Enhanced + One-Step,NYSE:GIL,0.09999607430557801
2021-06-08,17,AR1 alpha + Enhanced + One-Step,NYSE:GIL,0.09999637780984381
2021-06-09,17,AR1 alpha + Enhanced + One-Step,NYSE:GIL,0.09999439566989154
2021-06-10,17,AR1 alpha + Enhanced + One-Step,NYSE:GIL,0.09999062697772894
2021-06-11,17,AR1 alpha + Enhanced + One-Step,NYSE:GIL,0.09999371648881655
2021-06-14,17,AR1 alpha + Enhanced + One-Step,NYSE:GIL,0.09999115524179175
2021-06-15,17,AR1 alpha + Enhanced + One-Step,NYSE:GIL,0.09998753318231819
2021-06-16,17,AR1 alpha + Enhanced + One-Step,NYSE:GIL,0.09998408376836533
2021-06-17,17,AR1 alpha + Enhanced + One-Step,NYSE:GIL,0.09998562765003753
2021-06-18,17,AR1 alpha + Enhanced + One-Step,NYSE:GIL,0.0999897442424743
2021-06-21,17,AR1 alpha + Enhanced + One-Step,NYSE:GIL,0.09999302804450637
2021-06-22,17,AR1 alpha + Enhanced + One-Step,NYSE:GIL,0.09998925319046444
2021-06-23,17,AR1 alpha + Enhanced + One-Step,NYSE:GIL,0.0999870551546163
2021-06-24,17,AR1 alpha + Enhanced + One-Step,NYSE:GIL,0.09999449181662978
2021-06-25,17,AR1 alpha + Enhanced + One-Step,NYSE:GIL,0.09999683876706798
2021-06-28,17,AR1 alpha + Enhanced + One-Step,NYSE:GIL,0.09999798680676314
2021-06-29,17,AR1 alpha + Enhanced + One-Step,NYSE:GIL,0.09027454141982609
2021-06-30,17,AR1 alpha + Enhanced + One-Step,NYSE:GIL,0.09027296010461103
2021-07-01,17,AR1 alpha + Enhanced + One-Step,NYSE:GIL,0.09027274859441264
2021-07-02,17,AR1 alpha + Enhanced + One-Step,NYSE:GIL,0.0902675849565675
2021-07-06,17,AR1 alpha + Enhanced + One-Step,NYSE:GIL,0.09026439919298297
2021-07-07,17,AR1 alpha + Enhanced + One-Step,NYSE:GIL,0.09026548910995483
2021-07-08,17,AR1 alpha + Enhanced + One-Step,NYSE:GIL,0.09026552194756755
2021-07-09,17,AR1 alpha + Enhanced + One-Step,NYSE:GIL,0.09025827371821349
2021-07-12,17,AR1 alpha + Enhanced + One-Step,NYSE:GIL,0.09025414775185488
2021-07-13,17,AR1 alpha + Enhanced + One-Step,NYSE:GIL,0.09999500141171795
2021-07-14,17,AR1 alpha + Enhanced + One-Step,NYSE:GIL,0.0999923873551389
2021-07-15,17,AR1 alpha + Enhanced + One-Step,NYSE:GIL,0.09998899931232423
2021-07-16,17,AR1 alpha + Enhanced + One-Step,NYSE:GIL,0.09998913383995024
2021-07-19,17,AR1 alpha + Enhanced + One-Step,NYSE:GIL,0.09998990342678253
2021-07-20,17,AR1 alpha + Enhanced + One-Step,NYSE:GIL,0.09998704435165416
2021-07-21,17,AR1 alpha + Enhanced + One-Step,NYSE:GIL,0.09999369241202419
2021-07-22,17,AR1 alpha + Enhanced + One-Step,NYSE:GIL,0.09998823195627525
2021-07-23,17,AR1 alpha + Enhanced + One-Step,NYSE:GIL,0.08819069034360778
2021-07-26,17,AR1 alpha + Enhanced + One-Step,NYSE:GIL,0.08730179653837418
2021-07-27,17,AR1 alpha + Enhanced + One-Step,NYSE:GIL,0.09718401282977111
2021-07-28,17,AR1 alpha + Enhanced + One-Step,NYSE:GIL,0.09735700735914947
2021-07-29,17,AR1 alpha + Enhanced + One-Step,NYSE:GIL,0.08691787580301207
2021-07-30,17,AR1 alpha + Enhanced + One-Step,NYSE:GIL,0.08009793096151836
2021-08-02,17,AR1 alpha + Enhanced + One-Step,NYSE:GIL,0.07739001935499532
2021-08-03,17,AR1 alpha + Enhanced + One-Step,NYSE:GIL,0.060089339029154004
2021-08-04,17,AR1 alpha + Enhanced + One-Step,NYSE:GIL,0.06008459526807894
2021-08-05,17,AR1 alpha + Enhanced + One-Step,NYSE:GIL,0.05189147056753898
2021-08-06,17,AR1 alpha + Enhanced + One-Step,NYSE:GIL,0.027463366297898313
2021-08-09,17,AR1 alpha + Enhanced + One-Step,NYSE:GIL,0.017984094204561325
2021-08-10,17,AR1 alpha + Enhanced + One-Step,NYSE:GIL,0.0
2021-08-11,17,AR1 alpha + Enhanced + One-Step,NYSE:GIL,4.426848945510534e-08
2021-08-12,17,AR1 alpha + Enhanced + One-Step,NYSE:GIL,0.0
2021-08-13,17,AR1 alpha + Enhanced + One-Step,NYSE:GIL,0.0018029395178203215
2021-08-16,17,AR1 alpha + Enhanced + One-Step,NYSE:GIL,0.0018036905472485032
2021-08-17,17,AR1 alpha + Enhanced + One-Step,NYSE:GIL,0.018459579557110535
2021-08-18,17,AR1 alpha + Enhanced + One-Step,NYSE:GIL,0.029827735324757725
2021-08-19,17,AR1 alpha + Enhanced + One-Step,NYSE:GIL,0.0548590235553243
2021-08-20,17,AR1 alpha + Enhanced + One-Step,NYSE:GIL,0.06759423242187243
2021-08-23,17,AR1 alpha + Enhanced + One-Step,NYSE:GIL,0.06759126156120264
2021-08-24,17,AR1 alpha + Enhanced + One-Step,NYSE:GIL,0.06759069873366325
2021-08-25,17,AR1 alpha + Enhanced + One-Step,NYSE:GIL,0.0675907289195331
2021-08-26,17,AR1 alpha + Enhanced + One-Step,NYSE:GIL,0.07179213939726627
2021-08-27,17,AR1 alpha + Enhanced + One-Step,NYSE:GIL,0.08016187739038448
2021-08-30,17,AR1 alpha + Enhanced + One-Step,NYSE:GIL,0.0826282097776058
2021-08-31,17,AR1 alpha + Enhanced + One-Step,NYSE:GIL,0.09217438508999555
2021-09-01,17,AR1 alpha + Enhanced + One-Step,NYSE:GIL,0.08950972705483866
2021-09-02,17,AR1 alpha + Enhanced + One-Step,NYSE:GIL,0.07507309150538657
2021-09-03,17,AR1 alpha + Enhanced + One-Step,NYSE:GIL,0.07175670533296484
2021-09-07,17,AR1 alpha + Enhanced + One-Step,NYSE:GIL,0.09013250065233454
2021-09-08,17,AR1 alpha + Enhanced + One-Step,NYSE:GIL,0.09839197169354402
2021-09-09,17,AR1 alpha + Enhanced + One-Step,NYSE:GIL,0.09999725729258066
2021-09-10,17,AR1 alpha + Enhanced + One-Step,NYSE:GIL,0.09999640265654428
2021-09-13,17,AR1 alpha + Enhanced + One-Step,NYSE:GIL,0.09999789593744399
2021-09-14,17,AR1 alpha + Enhanced + One-Step,NYSE:GIL,0.09999774849076218
2021-09-15,17,AR1 alpha + Enhanced + One-Step,NYSE:GIL,0.09999284581085473
2021-09-16,17,AR1 alpha + Enhanced + One-Step,NYSE:GIL,0.09999498134121027
2021-09-17,17,AR1 alpha + Enhanced + One-Step,NYSE:GIL,0.09999474538978827
2021-09-20,17,AR1 alpha + Enhanced + One-Step,NYSE:GIL,0.09999421463409164
2021-09-21,17,AR1 alpha + Enhanced + One-Step,NYSE:GIL,0.0999962588375311
2021-09-22,17,AR1 alpha + Enhanced + One-Step,NYSE:GIL,0.0999960515736082
2021-09-23,17,AR1 alpha + Enhanced + One-Step,NYSE:GIL,0.09999837666295973
2021-09-24,17,AR1 alpha + Enhanced + One-Step,NYSE:GIL,0.09999835015605768
2021-09-27,17,AR1 alpha + Enhanced + One-Step,NYSE:GIL,0.09999835323889819
2021-09-28,17,AR1 alpha + Enhanced + One-Step,NYSE:GIL,0.09999595912112644
2021-09-29,17,AR1 alpha + Enhanced + One-Step,NYSE:GIL,0.09999749645938502
2021-09-30,17,AR1 alpha + Enhanced + One-Step,NYSE:GIL,0.09999821092580494
2021-10-01,17,AR1 alpha + Enhanced + One-Step,NYSE:GIL,0.09999873851528393
2021-10-04,17,AR1 alpha + Enhanced + One-Step,NYSE:GIL,0.09516749543108528
2021-10-05,17,AR1 alpha + Enhanced + One-Step,NYSE:GIL,0.09169350276650721
2021-10-06,17,AR1 alpha + Enhanced + One-Step,NYSE:GIL,0.09264478870170369
2021-10-07,17,AR1 alpha + Enhanced + One-Step,NYSE:GIL,0.08491069044667196
2021-10-08,17,AR1 alpha + Enhanced + One-Step,NYSE:GIL,0.08020925180651137
2021-10-11,17,AR1 alpha + Enhanced + One-Step,NYSE:GIL,0.06974320765961851
2021-10-12,17,AR1 alpha + Enhanced + One-Step,NYSE:GIL,0.06656135759702773
2021-10-13,17,AR1 alpha + Enhanced + One-Step,NYSE:GIL,0.05472412943065008
2021-10-14,17,AR1 alpha + Enhanced + One-Step,NYSE:GIL,0.030886003198461826
2021-10-15,17,AR1 alpha + Enhanced + One-Step,NYSE:GIL,0.014408514573950513
2021-10-18,17,AR1 alpha + Enhanced + One-Step,NYSE:GIL,0.0012799557655678723
2021-10-19,17,AR1 alpha + Enhanced + One-Step,NYSE:GIL,1.9198095651405918e-08
2021-10-20,17,AR1 alpha + Enhanced + One-Step,NYSE:GIL,3.532429484060322e-07
2021-10-21,17,AR1 alpha + Enhanced + One-Step,NYSE:GIL,0.00624921914464346
2021-10-22,17,AR1 alpha + Enhanced + One-Step,NYSE:GIL,0.006248567403320757
2021-10-25,17,AR1 alpha + Enhanced + One-Step,NYSE:GIL,0.006247832034017368
2021-10-26,17,AR1 alpha + Enhanced + One-Step,NYSE:GIL,0.006246535683199177
2021-10-27,17,AR1 alpha + Enhanced + One-Step,NYSE:GIL,0.006246503778044021
2021-10-28,17,AR1 alpha + Enhanced + One-Step,NYSE:GIL,0.006246634435270119
2021-10-29,17,AR1 alpha + Enhanced + One-Step,NYSE:GIL,0.006245493449938284
2021-11-01,17,AR1 alpha + Enhanced + One-Step,NYSE:GIL,0.006244937265635349
2021-11-02,17,AR1 alpha + Enhanced + One-Step,NYSE:GIL,0.0
2021-11-03,17,AR1 alpha + Enhanced + One-Step,NYSE:GIL,5.035266404718331e-07
2021-11-04,17,AR1 alpha + Enhanced + One-Step,NYSE:GIL,4.5464020960016384e-07
2021-11-05,17,AR1 alpha + Enhanced + One-Step,NYSE:GIL,1.8176022000754837e-07
2021-11-08,17,AR1 alpha + Enhanced + One-Step,NYSE:GIL,2.86446942545918e-07
2021-11-09,17,AR1 alpha + Enhanced + One-Step,NYSE:GIL,2.7422702369297453e-07
2021-11-10,17,AR1 alpha + Enhanced + One-Step,NYSE:GIL,1.0755913089220345e-06
2021-11-11,17,AR1 alpha + Enhanced + One-Step,NYSE:GIL,7.227349512756525e-07
2021-11-12,17,AR1 alpha + Enhanced + One-Step,NYSE:GIL,9.66641152320294e-07
2021-11-15,17,AR1 alpha + Enhanced + One-Step,NYSE:GIL,1.112621670009079e-06
2021-11-16,17,AR1 alpha + Enhanced + One-Step,NYSE:GIL,6.268941826927425e-07
2021-11-17,17,AR1 alpha + Enhanced + One-Step,NYSE:GIL,6.355171735271282e-07
2021-11-18,17,AR1 alpha + Enhanced + One-Step,NYSE:GIL,0.00547832563273132
2021-11-19,17,AR1 alpha + Enhanced + One-Step,NYSE:GIL,0.020895202891574198
2021-11-22,17,AR1 alpha + Enhanced + One-Step,NYSE:GIL,0.03454042451552081
2021-11-23,17,AR1 alpha + Enhanced + One-Step,NYSE:GIL,0.03804769599952101
2021-11-24,17,AR1 alpha + Enhanced + One-Step,NYSE:GIL,0.03804748433414523
2021-11-26,17,AR1 alpha + Enhanced + One-Step,NYSE:GIL,0.03804551726671167
2021-11-29,17,AR1 alpha + Enhanced + One-Step,NYSE:GIL,0.04113664283427541
2021-11-30,17,AR1 alpha + Enhanced + One-Step,NYSE:GIL,0.05295601937407429
2021-12-01,17,AR1 alpha + Enhanced + One-Step,NYSE:GIL,0.06432124022226589
2021-12-02,17,AR1 alpha + Enhanced + One-Step,NYSE:GIL,0.06431650293363564
2021-12-03,17,AR1 alpha + Enhanced + One-Step,NYSE:GIL,0.06431541352271351
2021-12-06,17,AR1 alpha + Enhanced + One-Step,NYSE:GIL,0.06431515765699092
2021-12-07,17,AR1 alpha + Enhanced + One-Step,NYSE:GIL,0.06431514388283438
2021-12-08,17,AR1 alpha + Enhanced + One-Step,NYSE:GIL,0.0643149056262665
2021-12-09,17,AR1 alpha + Enhanced + One-Step,NYSE:GIL,0.06431273624500693
2021-12-10,17,AR1 alpha + Enhanced + One-Step,NYSE:GIL,0.06431040703345342
2021-12-13,17,AR1 alpha + Enhanced + One-Step,NYSE:GIL,0.06430581205111947
2021-12-14,17,AR1 alpha + Enhanced + One-Step,NYSE:GIL,0.06430388050111328
2021-12-15,17,AR1 alpha + Enhanced + One-Step,NYSE:GIL,0.06430428853918967
2021-12-16,17,AR1 alpha + Enhanced + One-Step,NYSE:GIL,0.06430437804445163
2021-12-17,17,AR1 alpha + Enhanced + One-Step,NYSE:GIL,0.06430427815018865
2021-12-20,17,AR1 alpha + Enhanced + One-Step,NYSE:GIL,0.06430195333111653
2021-12-21,17,AR1 alpha + Enhanced + One-Step,NYSE:GIL,0.06430187961557568
2021-12-22,17,AR1 alpha + Enhanced + One-Step,NYSE:GIL,0.06430194394629023
2021-12-23,17,AR1 alpha + Enhanced + One-Step,NYSE:GIL,0.06430220490147391
2021-12-27,17,AR1 alpha + Enhanced + One-Step,NYSE:GIL,0.06430230565851244
2021-12-28,17,AR1 alpha + Enhanced + One-Step,NYSE:GIL,0.06430237804128225
2021-12-29,17,AR1 alpha + Enhanced + One-Step,NYSE:GIL,0.06430249943850726
2021-12-30,17,AR1 alpha + Enhanced + One-Step,NYSE:GIL,0.06430219413559521
2021-12-31,17,AR1 alpha + Enhanced + One-Step,NYSE:GIL,0.06430218952291822
2022-01-03,17,AR1 alpha + Enhanced + One-Step,NYSE:GIL,0.06430218159248127
2022-01-04,17,AR1 alpha + Enhanced + One-Step,NYSE:GIL,0.0643022274127739
2022-01-05,17,AR1 alpha + Enhanced + One-Step,NYSE:GIL,0.06430222579341519
2022-01-06,17,AR1 alpha + Enhanced + One-Step,NYSE:GIL,0.07311998675279753
2022-01-07,17,AR1 alpha + Enhanced + One-Step,NYSE:GIL,0.07311956834684187
2022-01-10,17,AR1 alpha + Enhanced + One-Step,NYSE:GIL,0.07311876413406303
2022-01-11,17,AR1 alpha + Enhanced + One-Step,NYSE:GIL,0.09813480394719255
2022-01-12,17,AR1 alpha + Enhanced + One-Step,NYSE:GIL,0.10000059060484487
2022-01-13,17,AR1 alpha + Enhanced + One-Step,NYSE:GIL,0.10000029418273972
2022-01-14,17,AR1 alpha + Enhanced + One-Step,NYSE:GIL,0.09999828396088863
2022-01-18,17,AR1 alpha + Enhanced + One-Step,NYSE:GIL,0.09999894249633608
2022-01-19,17,AR1 alpha + Enhanced + One-Step,NYSE:GIL,0.09999845198679773
2022-01-20,17,AR1 alpha + Enhanced + One-Step,NYSE:GIL,0.0999989087442543
2022-01-21,17,AR1 alpha + Enhanced + One-Step,NYSE:GIL,0.09999844186572635
2022-01-24,17,AR1 alpha + Enhanced + One-Step,NYSE:GIL,0.09999877355095269
2022-01-25,17,AR1 alpha + Enhanced + One-Step,NYSE:GIL,0.09999907711033335
2022-01-26,17,AR1 alpha + Enhanced + One-Step,NYSE:GIL,0.09999933254102589
2022-01-27,17,AR1 alpha + Enhanced + One-Step,NYSE:GIL,0.09999876964618411
2022-01-28,17,AR1 alpha + Enhanced + One-Step,NYSE:GIL,0.09999911656879314
2022-01-31,17,AR1 alpha + Enhanced + One-Step,NYSE:GIL,0.09999961582283574
2022-02-01,17,AR1 alpha + Enhanced + One-Step,NYSE:GIL,0.09999972347290385
2022-02-02,17,AR1 alpha + Enhanced + One-Step,NYSE:GIL,0.09999976460009172
2022-02-03,17,AR1 alpha + Enhanced + One-Step,NYSE:GIL,0.09999902515406744
2022-02-04,17,AR1 alpha + Enhanced + One-Step,NYSE:GIL,0.0999988106128855
2022-02-07,17,AR1 alpha + Enhanced + One-Step,NYSE:GIL,0.0999990223439267
2022-02-08,17,AR1 alpha + Enhanced + One-Step,NYSE:GIL,0.09999925001998096
2022-02-09,17,AR1 alpha + Enhanced + One-Step,NYSE:GIL,0.09999945375564563
2022-02-10,17,AR1 alpha + Enhanced + One-Step,NYSE:GIL,0.09999960280544584
2022-02-11,17,AR1 alpha + Enhanced + One-Step,NYSE:GIL,0.10000004735545315
2022-02-14,17,AR1 alpha + Enhanced + One-Step,NYSE:GIL,0.09999986043645007
2022-02-15,17,AR1 alpha + Enhanced + One-Step,NYSE:GIL,0.09999992311644412
2022-02-16,17,AR1 alpha + Enhanced + One-Step,NYSE:GIL,0.09999817872108195
2022-02-17,17,AR1 alpha + Enhanced + One-Step,NYSE:GIL,0.09999656599957406
2022-02-18,17,AR1 alpha + Enhanced + One-Step,NYSE:GIL,0.09999754207259538
2022-02-22,17,AR1 alpha + Enhanced + One-Step,NYSE:GIL,0.099998177399163
2022-02-23,17,AR1 alpha + Enhanced + One-Step,NYSE:GIL,0.0999986580678418
2022-02-24,17,AR1 alpha + Enhanced + One-Step,NYSE:GIL,0.09999784488535791
2022-02-25,17,AR1 alpha + Enhanced + One-Step,NYSE:GIL,0.09999794002361635
2022-02-28,17,AR1 alpha + Enhanced + One-Step,NYSE:GIL,0.09999883930336333
2022-03-01,17,AR1 alpha + Enhanced + One-Step,NYSE:GIL,0.09999920455282874
2022-03-02,17,AR1 alpha + Enhanced + One-Step,NYSE:GIL,0.09999928935276192
2022-03-03,17,AR1 alpha + Enhanced + One-Step,NYSE:GIL,0.09999945096117842
2022-03-04,17,AR1 alpha + Enhanced + One-Step,NYSE:GIL,0.09999767058394086
2022-03-07,17,AR1 alpha + Enhanced + One-Step,NYSE:GIL,0.09999897681319177
2022-03-08,17,AR1 alpha + Enhanced + One-Step,NYSE:GIL,0.09999924900416067
2022-03-09,17,AR1 alpha + Enhanced + One-Step,NYSE:GIL,0.09999807641730056
2022-03-10,17,AR1 alpha + Enhanced + One-Step,NYSE:GIL,0.09999868660309992
2022-03-11,17,AR1 alpha + Enhanced + One-Step,NYSE:GIL,0.09999822818031258
2022-03-14,17,AR1 alpha + Enhanced + One-Step,NYSE:GIL,0.09999697435835504
2022-03-15,17,AR1 alpha + Enhanced + One-Step,NYSE:GIL,0.09999603342405074
2022-03-16,17,AR1 alpha + Enhanced + One-Step,NYSE:GIL,0.099997061712126
2022-03-17,17,AR1 alpha + Enhanced + One-Step,NYSE:GIL,0.09999786707334266
2022-03-18,17,AR1 alpha + Enhanced + One-Step,NYSE:GIL,0.09999837582588393
2022-03-21,17,AR1 alpha + Enhanced + One-Step,NYSE:GIL,0.09999861864426772
2022-03-22,17,AR1 alpha + Enhanced + One-Step,NYSE:GIL,0.09999897459663142
2022-03-23,17,AR1 alpha + Enhanced + One-Step,NYSE:GIL,0.09999896958549469
2022-03-24,17,AR1 alpha + Enhanced + One-Step,NYSE:GIL,0.09999873577702367
2022-03-25,17,AR1 alpha + Enhanced + One-Step,NYSE:GIL,0.0999964785799335
2022-03-28,17,AR1 alpha + Enhanced + One-Step,NYSE:GIL,0.09975352751673042
2022-03-29,17,AR1 alpha + Enhanced + One-Step,NYSE:GIL,0.09975087295921631
2022-03-30,17,AR1 alpha + Enhanced + One-Step,NYSE:GIL,0.0912967683777248
2022-03-31,17,AR1 alpha + Enhanced + One-Step,NYSE:GIL,0.09129673487589711
2022-04-01,17,AR1 alpha + Enhanced + One-Step,NYSE:GIL,0.09128828015475174
2022-04-04,17,AR1 alpha + Enhanced + One-Step,NYSE:GIL,0.0912862635753581
2022-04-05,17,AR1 alpha + Enhanced + One-Step,NYSE:GIL,0.09128629461593729
2022-04-06,17,AR1 alpha + Enhanced + One-Step,NYSE:GIL,0.09128372565100311
2022-04-07,17,AR1 alpha + Enhanced + One-Step,NYSE:GIL,0.09128361714048683
2022-04-08,17,AR1 alpha + Enhanced + One-Step,NYSE:GIL,0.0912837851400471
2022-04-11,17,AR1 alpha + Enhanced + One-Step,NYSE:GIL,0.0912787216633175
2022-04-12,17,AR1 alpha + Enhanced + One-Step,NYSE:GIL,0.09127568365847101
2022-04-13,17,AR1 alpha + Enhanced + One-Step,NYSE:GIL,0.08378699209632211
2022-04-14,17,AR1 alpha + Enhanced + One-Step,NYSE:GIL,0.07461997460897332
2022-04-18,17,AR1 alpha + Enhanced + One-Step,NYSE:GIL,0.07229859170683547
2022-04-19,17,AR1 alpha + Enhanced + One-Step,NYSE:GIL,0.07227599037971047
2022-04-20,17,AR1 alpha + Enhanced + One-Step,NYSE:GIL,0.07227581855597238
2022-04-21,17,AR1 alpha + Enhanced + One-Step,NYSE:GIL,0.0656861858282046
2022-04-22,17,AR1 alpha + Enhanced + One-Step,NYSE:GIL,0.06568491916246465
2022-04-25,17,AR1 alpha + Enhanced + One-Step,NYSE:GIL,0.06568411272246492
2022-04-26,17,AR1 alpha + Enhanced + One-Step,NYSE:GIL,0.06568426223082639
2022-04-27,17,AR1 alpha + Enhanced + One-Step,NYSE:GIL,0.05832667708258439
2022-04-28,17,AR1 alpha + Enhanced + One-Step,NYSE:GIL,0.05832424593820302
2022-04-29,17,AR1 alpha + Enhanced + One-Step,NYSE:GIL,0.04543339058112178
2022-05-02,17,AR1 alpha + Enhanced + One-Step,NYSE:GIL,0.03576570577535856
2022-05-03,17,AR1 alpha + Enhanced + One-Step,NYSE:GIL,0.02656109126609773
2022-05-04,17,AR1 alpha + Enhanced + One-Step,NYSE:GIL,0.02656108087324211
2022-05-05,17,AR1 alpha + Enhanced + One-Step,NYSE:GIL,0.026560781052886027
2022-05-06,17,AR1 alpha + Enhanced + One-Step,NYSE:GIL,0.026559430261890594
2022-05-09,17,AR1 alpha + Enhanced + One-Step,NYSE:GIL,0.0044478402622972705
2022-05-10,17,AR1 alpha + Enhanced + One-Step,NYSE:GIL,0.0
2022-05-11,17,AR1 alpha + Enhanced + One-Step,NYSE:GIL,0.0
2022-05-12,17,AR1 alpha + Enhanced + One-Step,NYSE:GIL,0.0
2022-05-13,17,AR1 alpha + Enhanced + One-Step,NYSE:GIL,0.0
2022-05-16,17,AR1 alpha + Enhanced + One-Step,NYSE:GIL,0.0
2022-05-17,17,AR1 alpha + Enhanced + One-Step,NYSE:GIL,0.0
2022-05-18,17,AR1 alpha + Enhanced + One-Step,NYSE:GIL,0.0
2022-05-19,17,AR1 alpha + Enhanced + One-Step,NYSE:GIL,0.0
2022-05-20,17,AR1 alpha + Enhanced + One-Step,NYSE:GIL,0.0
2022-05-23,17,AR1 alpha + Enhanced + One-Step,NYSE:GIL,0.0
2022-05-24,17,AR1 alpha + Enhanced + One-Step,NYSE:GIL,0.0
2022-05-25,17,AR1 alpha + Enhanced + One-Step,NYSE:GIL,0.0
2022-05-26,17,AR1 alpha + Enhanced + One-Step,NYSE:GIL,3.2132046317197715e-09
2022-05-27,17,AR1 alpha + Enhanced + One-Step,NYSE:GIL,0.0
2022-05-31,17,AR1 alpha + Enhanced + One-Step,NYSE:GIL,9.703190174893805e-09
2022-06-01,17,AR1 alpha + Enhanced + One-Step,NYSE:GIL,4.92876964359482e-07
2022-06-02,17,AR1 alpha + Enhanced + One-Step,NYSE:GIL,6.066126202976341e-07
2022-06-03,17,AR1 alpha + Enhanced + One-Step,NYSE:GIL,0.0
2022-06-06,17,AR1 alpha + Enhanced + One-Step,NYSE:GIL,0.0
2022-06-07,17,AR1 alpha + Enhanced + One-Step,NYSE:GIL,0.0
2022-06-08,17,AR1 alpha + Enhanced + One-Step,NYSE:GIL,0.0
2022-06-09,17,AR1 alpha + Enhanced + One-Step,NYSE:GIL,0.0
2022-06-10,17,AR1 alpha + Enhanced + One-Step,NYSE:GIL,0.0
2022-06-13,17,AR1 alpha + Enhanced + One-Step,NYSE:GIL,0.0
2022-06-14,17,AR1 alpha + Enhanced + One-Step,NYSE:GIL,3.0645796642979986e-07
2022-06-15,17,AR1 alpha + Enhanced + One-Step,NYSE:GIL,0.0
2022-06-16,17,AR1 alpha + Enhanced + One-Step,NYSE:GIL,0.0
2022-06-17,17,AR1 alpha + Enhanced + One-Step,NYSE:GIL,1.8059260623941433e-08
2022-06-21,17,AR1 alpha + Enhanced + One-Step,NYSE:GIL,0.0
2022-06-22,17,AR1 alpha + Enhanced + One-Step,NYSE:GIL,0.0
2022-06-23,17,AR1 alpha + Enhanced + One-Step,NYSE:GIL,0.0
2022-06-24,17,AR1 alpha + Enhanced + One-Step,NYSE:GIL,0.0
2022-06-27,17,AR1 alpha + Enhanced + One-Step,NYSE:GIL,1.6948847285909642e-07
2022-06-28,17,AR1 alpha + Enhanced + One-Step,NYSE:GIL,1.1301227795196697e-07
2022-06-29,17,AR1 alpha + Enhanced + One-Step,NYSE:GIL,0.0
2022-06-30,17,AR1 alpha + Enhanced + One-Step,NYSE:GIL,1.340451843338605e-07
2022-07-01,17,AR1 alpha + Enhanced + One-Step,NYSE:GIL,2.6945646410258014e-09
2022-07-05,17,AR1 alpha + Enhanced + One-Step,NYSE:GIL,0.0
2022-07-06,17,AR1 alpha + Enhanced + One-Step,NYSE:GIL,0.0
2022-07-07,17,AR1 alpha + Enhanced + One-Step,NYSE:GIL,0.0
2022-07-08,17,AR1 alpha + Enhanced + One-Step,NYSE:GIL,0.0
2022-07-11,17,AR1 alpha + Enhanced + One-Step,NYSE:GIL,0.0
2022-07-12,17,AR1 alpha + Enhanced + One-Step,NYSE:GIL,0.0
2022-07-13,17,AR1 alpha + Enhanced + One-Step,NYSE:GIL,0.0
2022-07-14,17,AR1 alpha + Enhanced + One-Step,NYSE:GIL,5.110102401494781e-09
2022-07-15,17,AR1 alpha + Enhanced + One-Step,NYSE:GIL,1.8772701159459454e-08
2022-07-18,17,AR1 alpha + Enhanced + One-Step,NYSE:GIL,0.0
2022-07-19,17,AR1 alpha + Enhanced + One-Step,NYSE:GIL,0.0
2022-07-20,17,AR1 alpha + Enhanced + One-Step,NYSE:GIL,0.0
2022-07-21,17,AR1 alpha + Enhanced + One-Step,NYSE:GIL,0.0
2022-07-22,17,AR1 alpha + Enhanced + One-Step,NYSE:GIL,0.0
2022-07-25,17,AR1 alpha + Enhanced + One-Step,NYSE:GIL,3.5108499503862725e-07
2022-07-26,17,AR1 alpha + Enhanced + One-Step,NYSE:GIL,0.0
2022-07-27,17,AR1 alpha + Enhanced + One-Step,NYSE:GIL,0.0
2022-07-28,17,AR1 alpha + Enhanced + One-Step,NYSE:GIL,1.7327511011406213e-08
2022-07-29,17,AR1 alpha + Enhanced + One-Step,NYSE:GIL,0.0
2022-08-01,17,AR1 alpha + Enhanced + One-Step,NYSE:GIL,9.065686012074409e-09
2022-08-02,17,AR1 alpha + Enhanced + One-Step,NYSE:GIL,0.0
2022-08-03,17,AR1 alpha + Enhanced + One-Step,NYSE:GIL,0.0
2022-08-04,17,AR1 alpha + Enhanced + One-Step,NYSE:GIL,8.475097599529388e-09
2022-08-05,17,AR1 alpha + Enhanced + One-Step,NYSE:GIL,0.0
2022-08-08,17,AR1 alpha + Enhanced + One-Step,NYSE:GIL,0.0
2022-08-09,17,AR1 alpha + Enhanced + One-Step,NYSE:GIL,5.043948262333547e-07
2022-08-10,17,AR1 alpha + Enhanced + One-Step,NYSE:GIL,0.0
2022-08-11,17,AR1 alpha + Enhanced + One-Step,NYSE:GIL,0.0
2022-08-12,17,AR1 alpha + Enhanced + One-Step,NYSE:GIL,1.0178473863836698e-08
2022-08-15,17,AR1 alpha + Enhanced + One-Step,NYSE:GIL,0.0
2022-08-16,17,AR1 alpha + Enhanced + One-Step,NYSE:GIL,4.596941919609315e-08
2022-08-17,17,AR1 alpha + Enhanced + One-Step,NYSE:GIL,3.8028837486891414e-07
2022-08-18,17,AR1 alpha + Enhanced + One-Step,NYSE:GIL,0.0
2022-08-19,17,AR1 alpha + Enhanced + One-Step,NYSE:GIL,0.0
2022-08-22,17,AR1 alpha + Enhanced + One-Step,NYSE:GIL,0.0
2022-08-23,17,AR1 alpha + Enhanced + One-Step,NYSE:GIL,0.0
2022-08-24,17,AR1 alpha + Enhanced + One-Step,NYSE:GIL,0.0
2022-08-25,17,AR1 alpha + Enhanced + One-Step,NYSE:GIL,0.0
2022-08-26,17,AR1 alpha + Enhanced + One-Step,NYSE:GIL,0.0
2022-08-29,17,AR1 alpha + Enhanced + One-Step,NYSE:GIL,3.964815831640626e-08
2022-08-30,17,AR1 alpha + Enhanced + One-Step,NYSE:GIL,0.0
2022-08-31,17,AR1 alpha + Enhanced + One-Step,NYSE:GIL,0.0
2022-09-01,17,AR1 alpha + Enhanced + One-Step,NYSE:GIL,1.5020014563515107e-07
2022-09-02,17,AR1 alpha + Enhanced + One-Step,NYSE:GIL,9.328763885397968e-08
2022-09-06,17,AR1 alpha + Enhanced + One-Step,NYSE:GIL,5.896570973752694e-08
2022-09-07,17,AR1 alpha + Enhanced + One-Step,NYSE:GIL,4.9503176113511103e-08
2022-09-08,17,AR1 alpha + Enhanced + One-Step,NYSE:GIL,1.2331730321940097e-07
2022-09-09,17,AR1 alpha + Enhanced + One-Step,NYSE:GIL,0.0
2022-09-12,17,AR1 alpha + Enhanced + One-Step,NYSE:GIL,0.0
2022-09-13,17,AR1 alpha + Enhanced + One-Step,NYSE:GIL,3.9314676396854035e-09
2022-09-14,17,AR1 alpha + Enhanced + One-Step,NYSE:GIL,0.0
2022-09-15,17,AR1 alpha + Enhanced + One-Step,NYSE:GIL,0.0
2022-09-16,17,AR1 alpha + Enhanced + One-Step,NYSE:GIL,7.513554377449798e-08
2022-09-19,17,AR1 alpha + Enhanced + One-Step,NYSE:GIL,0.0
2022-09-20,17,AR1 alpha + Enhanced + One-Step,NYSE:GIL,1.358411834249902e-07
2022-09-21,17,AR1 alpha + Enhanced + One-Step,NYSE:GIL,0.0
2022-09-22,17,AR1 alpha + Enhanced + One-Step,NYSE:GIL,0.0
2022-09-23,17,AR1 alpha + Enhanced + One-Step,NYSE:GIL,0.0
2022-09-26,17,AR1 alpha + Enhanced + One-Step,NYSE:GIL,0.0
2022-09-27,17,AR1 alpha + Enhanced + One-Step,NYSE:GIL,0.0
2022-09-28,17,AR1 alpha + Enhanced + One-Step,NYSE:GIL,0.0
2022-09-29,17,AR1 alpha + Enhanced + One-Step,NYSE:GIL,2.954670434277588e-07
2022-09-30,17,AR1 alpha + Enhanced + One-Step,NYSE:GIL,1.1636211064364045e-07
2022-10-03,17,AR1 alpha + Enhanced + One-Step,NYSE:GIL,8.872755422007575e-08
2022-10-04,17,AR1 alpha + Enhanced + One-Step,NYSE:GIL,0.0
2022-10-05,17,AR1 alpha + Enhanced + One-Step,NYSE:GIL,0.0
2022-10-06,17,AR1 alpha + Enhanced + One-Step,NYSE:GIL,0.0
2022-10-07,17,AR1 alpha + Enhanced + One-Step,NYSE:GIL,3.362089825293218e-08
2022-10-10,17,AR1 alpha + Enhanced + One-Step,NYSE:GIL,0.0
2022-10-11,17,AR1 alpha + Enhanced + One-Step,NYSE:GIL,0.0
2022-10-12,17,AR1 alpha + Enhanced + One-Step,NYSE:GIL,0.0
2022-10-13,17,AR1 alpha + Enhanced + One-Step,NYSE:GIL,7.671418630390044e-07
2022-10-14,17,AR1 alpha + Enhanced + One-Step,NYSE:GIL,5.388164589540391e-07
2022-10-17,17,AR1 alpha + Enhanced + One-Step,NYSE:GIL,2.7144343187430424e-07
2022-10-18,17,AR1 alpha + Enhanced + One-Step,NYSE:GIL,1.903465727888551e-07
2022-10-19,17,AR1 alpha + Enhanced + One-Step,NYSE:GIL,1.3144029081375272e-07
2022-10-20,17,AR1 alpha + Enhanced + One-Step,NYSE:GIL,0.0
2022-10-21,17,AR1 alpha + Enhanced + One-Step,NYSE:GIL,3.451281860748847e-08
2022-10-24,17,AR1 alpha + Enhanced + One-Step,NYSE:GIL,0.0
2022-10-25,17,AR1 alpha + Enhanced + One-Step,NYSE:GIL,1.8696764580225496e-08
2022-10-26,17,AR1 alpha + Enhanced + One-Step,NYSE:GIL,2.6197392566167945e-08
2022-10-27,17,AR1 alpha + Enhanced + One-Step,NYSE:GIL,0.0
2022-10-28,17,AR1 alpha + Enhanced + One-Step,NYSE:GIL,0.0
2022-10-31,17,AR1 alpha + Enhanced + One-Step,NYSE:GIL,0.0
2022-11-01,17,AR1 alpha + Enhanced + One-Step,NYSE:GIL,0.0
2022-11-02,17,AR1 alpha + Enhanced + One-Step,NYSE:GIL,1.6811250959421386e-08
2022-11-03,17,AR1 alpha + Enhanced + One-Step,NYSE:GIL,1.4513120952818603e-06
2022-11-04,17,AR1 alpha + Enhanced + One-Step,NYSE:GIL,5.975225014539954e-07
2022-11-07,17,AR1 alpha + Enhanced + One-Step,NYSE:GIL,0.0
2022-11-08,17,AR1 alpha + Enhanced + One-Step,NYSE:GIL,7.248929094404722e-08
2022-11-09,17,AR1 alpha + Enhanced + One-Step,NYSE:GIL,0.0
2022-11-10,17,AR1 alpha + Enhanced + One-Step,NYSE:GIL,2.640823067117996e-09
2022-11-11,17,AR1 alpha + Enhanced + One-Step,NYSE:GIL,0.0
2022-11-14,17,AR1 alpha + Enhanced + One-Step,NYSE:GIL,0.0
2022-11-15,17,AR1 alpha + Enhanced + One-Step,NYSE:GIL,1.914683460490938e-08
2022-11-16,17,AR1 alpha + Enhanced + One-Step,NYSE:GIL,0.0
2022-11-17,17,AR1 alpha + Enhanced + One-Step,NYSE:GIL,0.0
2022-11-18,17,AR1 alpha + Enhanced + One-Step,NYSE:GIL,3.0643879959577915e-08
2022-11-21,17,AR1 alpha + Enhanced + One-Step,NYSE:GIL,0.0
2022-11-22,17,AR1 alpha + Enhanced + One-Step,NYSE:GIL,0.0
2022-11-23,17,AR1 alpha + Enhanced + One-Step,NYSE:GIL,3.529439515021346e-07
2022-11-25,17,AR1 alpha + Enhanced + One-Step,NYSE:GIL,3.8110936406132013e-07
2022-11-28,17,AR1 alpha + Enhanced + One-Step,NYSE:GIL,2.5964609783595815e-07
2022-11-29,17,AR1 alpha + Enhanced + One-Step,NYSE:GIL,1.752770115839726e-07
2022-11-30,17,AR1 alpha + Enhanced + One-Step,NYSE:GIL,1.1712915009113883e-07
2022-12-01,17,AR1 alpha + Enhanced + One-Step,NYSE:GIL,0.0
2022-12-02,17,AR1 alpha + Enhanced + One-Step,NYSE:GIL,6.159952238005914e-08
2022-12-05,17,AR1 alpha + Enhanced + One-Step,NYSE:GIL,0.0
2022-12-06,17,AR1 alpha + Enhanced + One-Step,NYSE:GIL,0.0
2022-12-07,17,AR1 alpha + Enhanced + One-Step,NYSE:GIL,0.0
2022-12-08,17,AR1 alpha + Enhanced + One-Step,NYSE:GIL,0.0
2022-12-09,17,AR1 alpha + Enhanced + One-Step,NYSE:GIL,0.0
2022-12-12,17,AR1 alpha + Enhanced + One-Step,NYSE:GIL,0.0
2022-12-13,17,AR1 alpha + Enhanced + One-Step,NYSE:GIL,0.0
2022-12-14,17,AR1 alpha + Enhanced + One-Step,NYSE:GIL,0.0
2022-12-15,17,AR1 alpha + Enhanced + One-Step,NYSE:GIL,0.0
2022-12-16,17,AR1 alpha + Enhanced + One-Step,NYSE:GIL,0.0
2022-12-19,17,AR1 alpha + Enhanced + One-Step,NYSE:GIL,0.0
2022-12-20,17,AR1 alpha + Enhanced + One-Step,NYSE:GIL,0.0
2022-12-21,17,AR1 alpha + Enhanced + One-Step,NYSE:GIL,0.0
2022-12-22,17,AR1 alpha + Enhanced + One-Step,NYSE:GIL,0.0
2022-12-23,17,AR1 alpha + Enhanced + One-Step,NYSE:GIL,1.538327866471098e-08
2022-12-27,17,AR1 alpha + Enhanced + One-Step,NYSE:GIL,2.245248352226836e-08
2022-12-28,17,AR1 alpha + Enhanced + One-Step,NYSE:GIL,0.0
2022-12-29,17,AR1 alpha + Enhanced + One-Step,NYSE:GIL,0.0
2022-12-30,17,AR1 alpha + Enhanced + One-Step,NYSE:GIL,0.0
2023-01-03,17,AR1 alpha + Enhanced + One-Step,NYSE:GIL,6.745568867933383e-09
2023-01-04,17,AR1 alpha + Enhanced + One-Step,NYSE:GIL,0.0
2023-01-05,17,AR1 alpha + Enhanced + One-Step,NYSE:GIL,4.797295152390314e-07
2023-01-06,17,AR1 alpha + Enhanced + One-Step,NYSE:GIL,1.9846691634044974e-07
2023-01-09,17,AR1 alpha + Enhanced + One-Step,NYSE:GIL,0.0
2023-01-10,17,AR1 alpha + Enhanced + One-Step,NYSE:GIL,1.3101681395921804e-07
2023-01-11,17,AR1 alpha + Enhanced + One-Step,NYSE:GIL,0.0
2023-01-12,17,AR1 alpha + Enhanced + One-Step,NYSE:GIL,0.0
2023-01-13,17,AR1 alpha + Enhanced + One-Step,NYSE:GIL,0.0
2023-01-17,17,AR1 alpha + Enhanced + One-Step,NYSE:GIL,0.0
2023-01-18,17,AR1 alpha + Enhanced + One-Step,NYSE:GIL,1.5333702119779266e-07
2023-01-19,17,AR1 alpha + Enhanced + One-Step,NYSE:GIL,0.0
2023-01-20,17,AR1 alpha + Enhanced + One-Step,NYSE:GIL,0.0
2023-01-23,17,AR1 alpha + Enhanced + One-Step,NYSE:GIL,0.0
2023-01-24,17,AR1 alpha + Enhanced + One-Step,NYSE:GIL,3.034434025676915e-08
2023-01-25,17,AR1 alpha + Enhanced + One-Step,NYSE:GIL,3.848254030968192e-08
2023-01-26,17,AR1 alpha + Enhanced + One-Step,NYSE:GIL,7.984188665442884e-10
2023-01-27,17,AR1 alpha + Enhanced + One-Step,NYSE:GIL,0.0
2023-01-30,17,AR1 alpha + Enhanced + One-Step,NYSE:GIL,6.079767022664552e-08
2023-01-31,17,AR1 alpha + Enhanced + One-Step,NYSE:GIL,0.0
2023-02-01,17,AR1 alpha + Enhanced + One-Step,NYSE:GIL,0.0
2023-02-02,17,AR1 alpha + Enhanced + One-Step,NYSE:GIL,9.946544916838088e-07
2023-02-03,17,AR1 alpha + Enhanced + One-Step,NYSE:GIL,6.294780231030487e-07
2023-02-06,17,AR1 alpha + Enhanced + One-Step,NYSE:GIL,7.25408448108416e-07
2023-02-07,17,AR1 alpha + Enhanced + One-Step,NYSE:GIL,2.2330785611363015e-06
2023-02-08,17,AR1 alpha + Enhanced + One-Step,NYSE:GIL,1.1158805628774454e-06
2023-02-09,17,AR1 alpha + Enhanced + One-Step,NYSE:GIL,6.008794712343326e-07
2023-02-10,17,AR1 alpha + Enhanced + One-Step,NYSE:GIL,0.0
2023-02-13,17,AR1 alpha + Enhanced + One-Step,NYSE:GIL,4.032843683463612e-09
2023-02-14,17,AR1 alpha + Enhanced + One-Step,NYSE:GIL,9.569520226179833e-07
2023-02-15,17,AR1 alpha + Enhanced + One-Step,NYSE:GIL,6.250843232480722e-07
2023-02-16,17,AR1 alpha + Enhanced + One-Step,NYSE:GIL,0.0
2023-02-17,17,AR1 alpha + Enhanced + One-Step,NYSE:GIL,0.0
2023-02-21,17,AR1 alpha + Enhanced + One-Step,NYSE:GIL,0.0
2023-02-22,17,AR1 alpha + Enhanced + One-Step,NYSE:GIL,0.0
2023-02-23,17,AR1 alpha + Enhanced + One-Step,NYSE:GIL,4.253474965530687e-09
2023-02-24,17,AR1 alpha + Enhanced + One-Step,NYSE:GIL,1.6222602719879927e-06
2023-02-27,17,AR1 alpha + Enhanced + One-Step,NYSE:GIL,1.1216657940251603e-06
2023-02-28,17,AR1 alpha + Enhanced + One-Step,NYSE:GIL,1.3181313903347947e-06
2023-03-01,17,AR1 alpha + Enhanced + One-Step,NYSE:GIL,7.052546899168721e-07
2023-03-02,17,AR1 alpha + Enhanced + One-Step,NYSE:GIL,7.640571864041766e-08
2023-03-03,17,AR1 alpha + Enhanced + One-Step,NYSE:GIL,0.0
2023-03-06,17,AR1 alpha + Enhanced + One-Step,NYSE:GIL,0.0
2023-03-07,17,AR1 alpha + Enhanced + One-Step,NYSE:GIL,0.0
2023-03-08,17,AR1 alpha + Enhanced + One-Step,NYSE:GIL,0.0
2023-03-09,17,AR1 alpha + Enhanced + One-Step,NYSE:GIL,0.0
2023-03-10,17,AR1 alpha + Enhanced + One-Step,NYSE:GIL,0.0
2023-03-13,17,AR1 alpha + Enhanced + One-Step,NYSE:GIL,0.0
2023-03-14,17,AR1 alpha + Enhanced + One-Step,NYSE:GIL,3.873428215806374e-09
2023-03-15,17,AR1 alpha + Enhanced + One-Step,NYSE:GIL,0.0
2023-03-16,17,AR1 alpha + Enhanced + One-Step,NYSE:GIL,6.815799256610479e-09
2023-03-17,17,AR1 alpha + Enhanced + One-Step,NYSE:GIL,0.0
2023-03-20,17,AR1 alpha + Enhanced + One-Step,NYSE:GIL,0.0
2023-03-21,17,AR1 alpha + Enhanced + One-Step,NYSE:GIL,0.0
2023-03-22,17,AR1 alpha + Enhanced + One-Step,NYSE:GIL,0.0
2023-03-23,17,AR1 alpha + Enhanced + One-Step,NYSE:GIL,0.0
2023-03-24,17,AR1 alpha + Enhanced + One-Step,NYSE:GIL,9.083824766815948e-09
2023-03-27,17,AR1 alpha + Enhanced + One-Step,NYSE:GIL,0.0
2023-03-28,17,AR1 alpha + Enhanced + One-Step,NYSE:GIL,0.0
2023-03-29,17,AR1 alpha + Enhanced + One-Step,NYSE:GIL,8.819360540364854e-09
2023-03-30,17,AR1 alpha + Enhanced + One-Step,NYSE:GIL,2.2772753440938286e-08
2023-03-31,17,AR1 alpha + Enhanced + One-Step,NYSE:GIL,1.4047090566575984e-07
2023-04-03,17,AR1 alpha + Enhanced + One-Step,NYSE:GIL,7.97664523512264e-08
2023-04-04,17,AR1 alpha + Enhanced + One-Step,NYSE:GIL,2.6154779097040297e-08
2023-04-05,17,AR1 alpha + Enhanced + One-Step,NYSE:GIL,0.0
2023-04-06,17,AR1 alpha + Enhanced + One-Step,NYSE:GIL,1.0400925782049712e-07
2023-04-10,17,AR1 alpha + Enhanced + One-Step,NYSE:GIL,7.055383297531874e-07
2023-04-11,17,AR1 alpha + Enhanced + One-Step,NYSE:GIL,0.0
2023-04-12,17,AR1 alpha + Enhanced + One-Step,NYSE:GIL,0.0
2023-04-13,17,AR1 alpha + Enhanced + One-Step,NYSE:GIL,0.0
2023-04-14,17,AR1 alpha + Enhanced + One-Step,NYSE:GIL,0.0
2023-04-17,17,AR1 alpha + Enhanced + One-Step,NYSE:GIL,9.919205587653066e-08
2023-04-18,17,AR1 alpha + Enhanced + One-Step,NYSE:GIL,0.0
2023-04-19,17,AR1 alpha + Enhanced + One-Step,NYSE:GIL,0.0
2023-04-20,17,AR1 alpha + Enhanced + One-Step,NYSE:GIL,4.387453854708771e-08
2023-04-21,17,AR1 alpha + Enhanced + One-Step,NYSE:GIL,0.0
2023-04-24,17,AR1 alpha + Enhanced + One-Step,NYSE:GIL,0.0
2023-04-25,17,AR1 alpha + Enhanced + One-Step,NYSE:GIL,0.0
2023-04-26,17,AR1 alpha + Enhanced + One-Step,NYSE:GIL,0.0
2023-04-27,17,AR1 alpha + Enhanced + One-Step,NYSE:GIL,0.0
2023-04-28,17,AR1 alpha + Enhanced + One-Step,NYSE:GIL,1.4751858978733373e-08
2023-05-01,17,AR1 alpha + Enhanced + One-Step,NYSE:GIL,0.0
2023-05-02,17,AR1 alpha + Enhanced + One-Step,NYSE:GIL,9.245646912171871e-08
2023-05-03,17,AR1 alpha + Enhanced + One-Step,NYSE:GIL,1.6268251564242646e-07
2023-05-04,17,AR1 alpha + Enhanced + One-Step,NYSE:GIL,9.853991514377297e-08
2023-05-05,17,AR1 alpha + Enhanced + One-Step,NYSE:GIL,6.168576180355254e-08
2023-05-08,17,AR1 alpha + Enhanced + One-Step,NYSE:GIL,1.1067335362316592e-07
2023-05-09,17,AR1 alpha + Enhanced + One-Step,NYSE:GIL,2.9618093530272987e-08
2023-05-10,17,AR1 alpha + Enhanced + One-Step,NYSE:GIL,1.7445005571594186e-07
2023-05-11,17,AR1 alpha + Enhanced + One-Step,NYSE:GIL,7.845834811313629e-08
2023-05-12,17,AR1 alpha + Enhanced + One-Step,NYSE:GIL,1.5160562226880304e-07
2023-05-15,17,AR1 alpha + Enhanced + One-Step,NYSE:GIL,0.0
2023-05-16,17,AR1 alpha + Enhanced + One-Step,NYSE:GIL,5.5851795289981756e-08
2023-05-17,17,AR1 alpha + Enhanced + One-Step,NYSE:GIL,0.0
2023-05-18,17,AR1 alpha + Enhanced + One-Step,NYSE:GIL,1.4543907045444986e-06
2023-05-19,17,AR1 alpha + Enhanced + One-Step,NYSE:GIL,7.252460089080793e-07
2023-05-22,17,AR1 alpha + Enhanced + One-Step,NYSE:GIL,4.64569651265495e-07
2023-05-23,17,AR1 alpha + Enhanced + One-Step,NYSE:GIL,0.0
2023-05-24,17,AR1 alpha + Enhanced + One-Step,NYSE:GIL,0.0
2023-05-25,17,AR1 alpha + Enhanced + One-Step,NYSE:GIL,0.0
2023-05-26,17,AR1 alpha + Enhanced + One-Step,NYSE:GIL,2.5246377157644416e-08
2023-05-30,17,AR1 alpha + Enhanced + One-Step,NYSE:GIL,2.772992429551961e-08
2023-05-31,17,AR1 alpha + Enhanced + One-Step,NYSE:GIL,0.0
2023-06-01,17,AR1 alpha + Enhanced + One-Step,NYSE:GIL,0.0
2023-06-02,17,AR1 alpha + Enhanced + One-Step,NYSE:GIL,0.0
2023-06-05,17,AR1 alpha + Enhanced + One-Step,NYSE:GIL,3.8089317165840335e-07
2023-06-06,17,AR1 alpha + Enhanced + One-Step,NYSE:GIL,0.007129238122756278
2023-06-07,17,AR1 alpha + Enhanced + One-Step,NYSE:GIL,0.02061071555706856
2023-06-08,17,AR1 alpha + Enhanced + One-Step,NYSE:GIL,0.02061040228925708
2023-06-09,17,AR1 alpha + Enhanced + One-Step,NYSE:GIL,0.020609542307630135
2023-06-12,17,AR1 alpha + Enhanced + One-Step,NYSE:GIL,0.012036272979498207
2023-06-13,17,AR1 alpha + Enhanced + One-Step,NYSE:GIL,0.0
2023-06-14,17,AR1 alpha + Enhanced + One-Step,NYSE:GIL,3.104131275179863e-07
2023-06-15,17,AR1 alpha + Enhanced + One-Step,NYSE:GIL,9.230391720699138e-08
2023-06-16,17,AR1 alpha + Enhanced + One-Step,NYSE:GIL,0.0
2023-06-20,17,AR1 alpha + Enhanced + One-Step,NYSE:GIL,0.0
2023-06-21,17,AR1 alpha + Enhanced + One-Step,NYSE:GIL,0.0
2023-06-22,17,AR1 alpha + Enhanced + One-Step,NYSE:GIL,0.0
2023-06-23,17,AR1 alpha + Enhanced + One-Step,NYSE:GIL,0.0
2023-06-26,17,AR1 alpha + Enhanced + One-Step,NYSE:GIL,0.0
2023-06-27,17,AR1 alpha + Enhanced + One-Step,NYSE:GIL,1.7410753177486988e-07
2023-06-28,17,AR1 alpha + Enhanced + One-Step,NYSE:GIL,0.005106319950850302
2023-06-29,17,AR1 alpha + Enhanced + One-Step,NYSE:GIL,0.00510580028163107
2023-06-30,17,AR1 alpha + Enhanced + One-Step,NYSE:GIL,0.011082518599194803
2023-07-03,17,AR1 alpha + Enhanced + One-Step,NYSE:GIL,0.02085785798715428
2023-07-05,17,AR1 alpha + Enhanced + One-Step,NYSE:GIL,0.020857602931271216
2023-07-06,17,AR1 alpha + Enhanced + One-Step,NYSE:GIL,0.017378619007689364
2023-07-07,17,AR1 alpha + Enhanced + One-Step,NYSE:GIL,0.006600605759675397
2023-07-10,17,AR1 alpha + Enhanced + One-Step,NYSE:GIL,0.006600679876044756
2023-07-11,17,AR1 alpha + Enhanced + One-Step,NYSE:GIL,0.012014860106581387
2023-07-12,17,AR1 alpha + Enhanced + One-Step,NYSE:GIL,0.012015002509805072
2023-07-13,17,AR1 alpha + Enhanced + One-Step,NYSE:GIL,0.012013023217445334
2023-07-14,17,AR1 alpha + Enhanced + One-Step,NYSE:GIL,0.0
2023-07-17,17,AR1 alpha + Enhanced + One-Step,NYSE:GIL,0.0
2023-07-18,17,AR1 alpha + Enhanced + One-Step,NYSE:GIL,3.7026910085165564e-07
2023-07-19,17,AR1 alpha + Enhanced + One-Step,NYSE:GIL,0.0
2023-07-20,17,AR1 alpha + Enhanced + One-Step,NYSE:GIL,0.0
2023-07-21,17,AR1 alpha + Enhanced + One-Step,NYSE:GIL,0.0
2023-07-24,17,AR1 alpha + Enhanced + One-Step,NYSE:GIL,0.0
2023-07-25,17,AR1 alpha + Enhanced + One-Step,NYSE:GIL,0.0
2023-07-26,17,AR1 alpha + Enhanced + One-Step,NYSE:GIL,0.0
2023-07-27,17,AR1 alpha + Enhanced + One-Step,NYSE:GIL,0.0
2023-08-01,17,AR1 alpha + Enhanced + One-Step,NYSE:GIL,0.0
2023-08-02,17,AR1 alpha + Enhanced + One-Step,NYSE:GIL,0.0
2023-08-03,17,AR1 alpha + Enhanced + One-Step,NYSE:GIL,8.482655036688098e-08
2023-08-04,17,AR1 alpha + Enhanced + One-Step,NYSE:GIL,2.2999650024281204e-06
2023-08-07,17,AR1 alpha + Enhanced + One-Step,NYSE:GIL,1.344901279946194e-06
2023-08-08,17,AR1 alpha + Enhanced + One-Step,NYSE:GIL,1.0037667310837156e-06
2023-08-09,17,AR1 alpha + Enhanced + One-Step,NYSE:GIL,0.0
2023-08-10,17,AR1 alpha + Enhanced + One-Step,NYSE:GIL,0.0
2023-08-11,17,AR1 alpha + Enhanced + One-Step,NYSE:GIL,0.0
2023-08-14,17,AR1 alpha + Enhanced + One-Step,NYSE:GIL,0.0
2023-08-15,17,AR1 alpha + Enhanced + One-Step,NYSE:GIL,0.0
2023-08-16,17,AR1 alpha + Enhanced + One-Step,NYSE:GIL,0.0
2023-08-17,17,AR1 alpha + Enhanced + One-Step,NYSE:GIL,0.0
2023-08-18,17,AR1 alpha + Enhanced + One-Step,NYSE:GIL,0.0
2023-08-21,17,AR1 alpha + Enhanced + One-Step,NYSE:GIL,0.0
2023-08-22,17,AR1 alpha + Enhanced + One-Step,NYSE:GIL,0.0
2023-08-23,17,AR1 alpha + Enhanced + One-Step,NYSE:GIL,0.0
2023-08-24,17,AR1 alpha + Enhanced + One-Step,NYSE:GIL,0.0
2023-08-25,17,AR1 alpha + Enhanced + One-Step,NYSE:GIL,0.0
2023-08-28,17,AR1 alpha + Enhanced + One-Step,NYSE:GIL,0.0
2023-08-29,17,AR1 alpha + Enhanced + One-Step,NYSE:GIL,1.517523600360133e-07
2023-08-30,17,AR1 alpha + Enhanced + One-Step,NYSE:GIL,3.0979012236935246e-07
2023-08-31,17,AR1 alpha + Enhanced + One-Step,NYSE:GIL,0.0
2023-09-01,17,AR1 alpha + Enhanced + One-Step,NYSE:GIL,0.0
2023-09-05,17,AR1 alpha + Enhanced + One-Step,NYSE:GIL,0.0
2023-09-06,17,AR1 alpha + Enhanced + One-Step,NYSE:GIL,0.0
2023-09-07,17,AR1 alpha + Enhanced + One-Step,NYSE:GIL,0.0
2023-09-08,17,AR1 alpha + Enhanced + One-Step,NYSE:GIL,0.0
2023-09-11,17,AR1 alpha + Enhanced + One-Step,NYSE:GIL,7.602019268507081e-08
2023-09-12,17,AR1 alpha + Enhanced + One-Step,NYSE:GIL,1.6556194886358551e-07
2023-09-13,17,AR1 alpha + Enhanced + One-Step,NYSE:GIL,0.0
2023-09-14,17,AR1 alpha + Enhanced + One-Step,NYSE:GIL,3.714931094102158e-08
2023-09-15,17,AR1 alpha + Enhanced + One-Step,NYSE:GIL,3.0560831668103013e-07
2023-09-18,17,AR1 alpha + Enhanced + One-Step,NYSE:GIL,6.526874281767364e-08
2023-09-19,17,AR1 alpha + Enhanced + One-Step,NYSE:GIL,5.592913387153707e-08
2023-09-20,17,AR1 alpha + Enhanced + One-Step,NYSE:GIL,5.161104293777664e-08
2023-09-21,17,AR1 alpha + Enhanced + One-Step,NYSE:GIL,1.0416234812019537e-07
2023-09-22,17,AR1 alpha + Enhanced + One-Step,NYSE:GIL,8.603356493611362e-08
2023-09-25,17,AR1 alpha + Enhanced + One-Step,NYSE:GIL,0.0
2023-09-26,17,AR1 alpha + Enhanced + One-Step,NYSE:GIL,0.0
2023-09-27,17,AR1 alpha + Enhanced + One-Step,NYSE:GIL,0.0
2023-09-28,17,AR1 alpha + Enhanced + One-Step,NYSE:GIL,0.0
2023-09-29,17,AR1 alpha + Enhanced + One-Step,NYSE:GIL,0.0
2023-10-02,17,AR1 alpha + Enhanced + One-Step,NYSE:GIL,0.0
2023-10-03,17,AR1 alpha + Enhanced + One-Step,NYSE:GIL,0.0
2023-10-04,17,AR1 alpha + Enhanced + One-Step,NYSE:GIL,0.0
2023-10-05,17,AR1 alpha + Enhanced + One-Step,NYSE:GIL,0.0
2023-10-06,17,AR1 alpha + Enhanced + One-Step,NYSE:GIL,0.0
2023-10-09,17,AR1 alpha + Enhanced + One-Step,NYSE:GIL,0.0
2023-10-10,17,AR1 alpha + Enhanced + One-Step,NYSE:GIL,0.0
2023-10-11,17,AR1 alpha + Enhanced + One-Step,NYSE:GIL,0.0
2023-10-12,17,AR1 alpha + Enhanced + One-Step,NYSE:GIL,3.586484966663706e-09
2023-10-13,17,AR1 alpha + Enhanced + One-Step,NYSE:GIL,1.0784472677198218e-08
2023-10-16,17,AR1 alpha + Enhanced + One-Step,NYSE:GIL,1.8503695429923173e-08
2023-10-17,17,AR1 alpha + Enhanced + One-Step,NYSE:GIL,0.0
2023-10-18,17,AR1 alpha + Enhanced + One-Step,NYSE:GIL,1.3911896578241635e-07
2023-10-19,17,AR1 alpha + Enhanced + One-Step,NYSE:GIL,6.960495344955836e-08
2023-10-20,17,AR1 alpha + Enhanced + One-Step,NYSE:GIL,1.0318874512525631e-07
2023-10-23,17,AR1 alpha + Enhanced + One-Step,NYSE:GIL,0.0
2023-10-24,17,AR1 alpha + Enhanced + One-Step,NYSE:GIL,8.79735185482481e-09
2023-10-25,17,AR1 alpha + Enhanced + One-Step,NYSE:GIL,0.0
2023-10-26,17,AR1 alpha + Enhanced + One-Step,NYSE:GIL,0.0
2023-10-27,17,AR1 alpha + Enhanced + One-Step,NYSE:GIL,0.0
2023-10-30,17,AR1 alpha + Enhanced + One-Step,NYSE:GIL,0.0
2023-10-31,17,AR1 alpha + Enhanced + One-Step,NYSE:GIL,1.3833257873666355e-07
2023-11-01,17,AR1 alpha + Enhanced + One-Step,NYSE:GIL,0.0
2023-11-02,17,AR1 alpha + Enhanced + One-Step,NYSE:GIL,1.4303917146614966e-06
2023-11-03,17,AR1 alpha + Enhanced + One-Step,NYSE:GIL,1.068016013425642e-06
2023-11-06,17,AR1 alpha + Enhanced + One-Step,NYSE:GIL,8.266115823006347e-07
2023-11-07,17,AR1 alpha + Enhanced + One-Step,NYSE:GIL,0.0
2023-11-08,17,AR1 alpha + Enhanced + One-Step,NYSE:GIL,0.0
2023-11-09,17,AR1 alpha + Enhanced + One-Step,NYSE:GIL,1.276513983927382e-07
2023-11-10,17,AR1 alpha + Enhanced + One-Step,NYSE:GIL,0.0
2023-11-13,17,AR1 alpha + Enhanced + One-Step,NYSE:GIL,1.8322370833649797e-07
2023-11-14,17,AR1 alpha + Enhanced + One-Step,NYSE:GIL,0.0
2023-11-15,17,AR1 alpha + Enhanced + One-Step,NYSE:GIL,0.0
2023-11-16,17,AR1 alpha + Enhanced + One-Step,NYSE:GIL,5.005007016141582e-07
2023-11-17,17,AR1 alpha + Enhanced + One-Step,NYSE:GIL,3.0191147207044257e-07
2023-11-20,17,AR1 alpha + Enhanced + One-Step,NYSE:GIL,0.0020174255012772005
2023-11-21,17,AR1 alpha + Enhanced + One-Step,NYSE:GIL,0.0015698764410521989
2023-11-22,17,AR1 alpha + Enhanced + One-Step,NYSE:GIL,6.255252795854143e-07
2023-11-24,17,AR1 alpha + Enhanced + One-Step,NYSE:GIL,4.628823238152062e-07
2023-11-27,17,AR1 alpha + Enhanced + One-Step,NYSE:GIL,1.0178886649546563e-07
2023-11-28,17,AR1 alpha + Enhanced + One-Step,NYSE:GIL,1.6143686171607296e-07
2023-11-29,17,AR1 alpha + Enhanced + One-Step,NYSE:GIL,0.0
2023-11-30,17,AR1 alpha + Enhanced + One-Step,NYSE:GIL,4.31474173980667e-08
2023-12-01,17,AR1 alpha + Enhanced + One-Step,NYSE:GIL,0.006840965537344655
2023-12-04,17,AR1 alpha + Enhanced + One-Step,NYSE:GIL,0.012414852799608567
2023-12-05,17,AR1 alpha + Enhanced + One-Step,NYSE:GIL,0.012414386919825266
2023-12-06,17,AR1 alpha + Enhanced + One-Step,NYSE:GIL,0.012414444665647398
2023-12-07,17,AR1 alpha + Enhanced + One-Step,NYSE:GIL,0.012414457788788935
2023-12-08,17,AR1 alpha + Enhanced + One-Step,NYSE:GIL,6.822473542902044e-08
2023-12-11,17,AR1 alpha + Enhanced + One-Step,NYSE:GIL,0.0
2023-12-12,17,AR1 alpha + Enhanced + One-Step,NYSE:GIL,0.0
2023-12-13,17,AR1 alpha + Enhanced + One-Step,NYSE:GIL,7.442464207532087e-07
2023-12-14,17,AR1 alpha + Enhanced + One-Step,NYSE:GIL,4.1000796270814095e-07
2023-12-15,17,AR1 alpha + Enhanced + One-Step,NYSE:GIL,0.0
2023-12-18,17,AR1 alpha + Enhanced + One-Step,NYSE:GIL,0.0
2023-12-19,17,AR1 alpha + Enhanced + One-Step,NYSE:GIL,0.0
2023-12-20,17,AR1 alpha + Enhanced + One-Step,NYSE:GIL,1.5932129710865782e-06
2023-12-21,17,AR1 alpha + Enhanced + One-Step,NYSE:GIL,8.831938421079482e-07
2023-12-22,17,AR1 alpha + Enhanced + One-Step,NYSE:GIL,6.543108814107691e-07
2023-12-26,17,AR1 alpha + Enhanced + One-Step,NYSE:GIL,0.0
2023-12-27,17,AR1 alpha + Enhanced + One-Step,NYSE:GIL,0.0
2023-12-28,17,AR1 alpha + Enhanced + One-Step,NYSE:GIL,3.0935362078473945e-08
2023-12-29,17,AR1 alpha + Enhanced + One-Step,NYSE:GIL,2.868023256715354e-07
2024-01-02,17,AR1 alpha + Enhanced + One-Step,NYSE:GIL,0.0
2024-01-03,17,AR1 alpha + Enhanced + One-Step,NYSE:GIL,0.0
2024-01-04,17,AR1 alpha + Enhanced + One-Step,NYSE:GIL,0.0
2024-01-05,17,AR1 alpha + Enhanced + One-Step,NYSE:GIL,6.447734951791132e-08
2024-01-08,17,AR1 alpha + Enhanced + One-Step,NYSE:GIL,2.2505834606852707e-07
2024-01-09,17,AR1 alpha + Enhanced + One-Step,NYSE:GIL,0.0
2024-01-10,17,AR1 alpha + Enhanced + One-Step,NYSE:GIL,0.0
2024-01-11,17,AR1 alpha + Enhanced + One-Step,NYSE:GIL,0.0
2024-01-12,17,AR1 alpha + Enhanced + One-Step,NYSE:GIL,5.033707989914468e-08
2024-01-16,17,AR1 alpha + Enhanced + One-Step,NYSE:GIL,0.0
2024-01-17,17,AR1 alpha + Enhanced + One-Step,NYSE:GIL,0.0
2024-01-18,17,AR1 alpha + Enhanced + One-Step,NYSE:GIL,0.0
2024-01-19,17,AR1 alpha + Enhanced + One-Step,NYSE:GIL,0.0
2024-01-22,17,AR1 alpha + Enhanced + One-Step,NYSE:GIL,0.0
2024-01-23,17,AR1 alpha + Enhanced + One-Step,NYSE:GIL,0.0
2024-01-24,17,AR1 alpha + Enhanced + One-Step,NYSE:GIL,0.0
2024-01-25,17,AR1 alpha + Enhanced + One-Step,NYSE:GIL,0.0
2024-01-26,17,AR1 alpha + Enhanced + One-Step,NYSE:GIL,0.0
2024-01-29,17,AR1 alpha + Enhanced + One-Step,NYSE:GIL,0.0
2024-01-30,17,AR1 alpha + Enhanced + One-Step,NYSE:GIL,0.0
2024-01-31,17,AR1 alpha + Enhanced + One-Step,NYSE:GIL,0.0
2024-02-01,17,AR1 alpha + Enhanced + One-Step,NYSE:GIL,6.050666953171956e-08
2024-02-02,17,AR1 alpha + Enhanced + One-Step,NYSE:GIL,0.0
2024-02-05,17,AR1 alpha + Enhanced + One-Step,NYSE:GIL,0.0
2024-02-06,17,AR1 alpha + Enhanced + One-Step,NYSE:GIL,0.0
2024-02-07,17,AR1 alpha + Enhanced + One-Step,NYSE:GIL,0.0
2024-02-08,17,AR1 alpha + Enhanced + One-Step,NYSE:GIL,0.0
2024-02-09,17,AR1 alpha + Enhanced + One-Step,NYSE:GIL,0.0
2024-02-12,17,AR1 alpha + Enhanced + One-Step,NYSE:GIL,0.0
2024-02-13,17,AR1 alpha + Enhanced + One-Step,NYSE:GIL,0.0
2024-02-14,17,AR1 alpha + Enhanced + One-Step,NYSE:GIL,2.48929081776581e-07
2024-02-15,17,AR1 alpha + Enhanced + One-Step,NYSE:GIL,2.398100296168912e-07
2024-02-16,17,AR1 alpha + Enhanced + One-Step,NYSE:GIL,4.181722768355478e-07
2024-02-20,17,AR1 alpha + Enhanced + One-Step,NYSE:GIL,4.531177503665004e-07
2024-02-21,17,AR1 alpha + Enhanced + One-Step,NYSE:GIL,0.0
2024-02-22,17,AR1 alpha + Enhanced + One-Step,NYSE:GIL,0.0
2024-02-23,17,AR1 alpha + Enhanced + One-Step,NYSE:GIL,1.4737228860640475e-07
2024-02-26,17,AR1 alpha + Enhanced + One-Step,NYSE:GIL,0.0
2024-02-27,17,AR1 alpha + Enhanced + One-Step,NYSE:GIL,0.0
2024-02-28,17,AR1 alpha + Enhanced + One-Step,NYSE:GIL,0.0
2024-02-29,17,AR1 alpha + Enhanced + One-Step,NYSE:GIL,0.0
2024-03-01,17,AR1 alpha + Enhanced + One-Step,NYSE:GIL,0.0
2024-03-04,17,AR1 alpha + Enhanced + One-Step,NYSE:GIL,0.0
2024-03-05,17,AR1 alpha + Enhanced + One-Step,NYSE:GIL,0.0
2024-03-06,17,AR1 alpha + Enhanced + One-Step,NYSE:GIL,0.0
2024-03-07,17,AR1 alpha + Enhanced + One-Step,NYSE:GIL,0.0
2024-03-08,17,AR1 alpha + Enhanced + One-Step,NYSE:GIL,0.0
2024-03-11,17,AR1 alpha + Enhanced + One-Step,NYSE:GIL,0.0
2024-03-12,17,AR1 alpha + Enhanced + One-Step,NYSE:GIL,0.0
2024-03-13,17,AR1 alpha + Enhanced + One-Step,NYSE:GIL,0.0
2024-03-14,17,AR1 alpha + Enhanced + One-Step,NYSE:GIL,0.0
2024-03-15,17,AR1 alpha + Enhanced + One-Step,NYSE:GIL,1.1752849094726708e-07
2024-03-18,17,AR1 alpha + Enhanced + One-Step,NYSE:GIL,0.0
2024-03-19,17,AR1 alpha + Enhanced + One-Step,NYSE:GIL,0.0
2024-03-20,17,AR1 alpha + Enhanced + One-Step,NYSE:GIL,0.0
2024-03-21,17,AR1 alpha + Enhanced + One-Step,NYSE:GIL,0.0
2024-03-22,17,AR1 alpha + Enhanced + One-Step,NYSE:GIL,0.0
2024-03-25,17,AR1 alpha + Enhanced + One-Step,NYSE:GIL,0.0
2024-03-26,17,AR1 alpha + Enhanced + One-Step,NYSE:GIL,0.0
2024-03-27,17,AR1 alpha + Enhanced + One-Step,NYSE:GIL,0.0
2024-03-28,17,AR1 alpha + Enhanced + One-Step,NYSE:GIL,2.2365118731470158e-07
2024-04-01,17,AR1 alpha + Enhanced + One-Step,NYSE:GIL,2.9662544348824167e-07
2024-04-02,17,AR1 alpha + Enhanced + One-Step,NYSE:GIL,1.0679015390236215e-07
2024-04-03,17,AR1 alpha + Enhanced + One-Step,NYSE:GIL,0.0
2024-04-04,17,AR1 alpha + Enhanced + One-Step,NYSE:GIL,0.0
2024-04-05,17,AR1 alpha + Enhanced + One-Step,NYSE:GIL,0.0
2024-04-08,17,AR1 alpha + Enhanced + One-Step,NYSE:GIL,1.4925900913592974e-07
2024-04-09,17,AR1 alpha + Enhanced + One-Step,NYSE:GIL,0.0
2024-04-10,17,AR1 alpha + Enhanced + One-Step,NYSE:GIL,0.0
2024-04-11,17,AR1 alpha + Enhanced + One-Step,NYSE:GIL,0.0
2024-04-12,17,AR1 alpha + Enhanced + One-Step,NYSE:GIL,0.0
2024-04-15,17,AR1 alpha + Enhanced + One-Step,NYSE:GIL,0.0
2024-04-16,17,AR1 alpha + Enhanced + One-Step,NYSE:GIL,0.0
2024-04-17,17,AR1 alpha + Enhanced + One-Step,NYSE:GIL,1.0941184210133878e-07
2024-04-18,17,AR1 alpha + Enhanced + One-Step,NYSE:GIL,0.0
2024-04-19,17,AR1 alpha + Enhanced + One-Step,NYSE:GIL,0.0
2020-03-25,17,AR1 alpha + Enhanced + One-Step,NASDAQ:BOKF,0.020000000000007227
2020-03-26,17,AR1 alpha + Enhanced + One-Step,NASDAQ:BOKF,0.02000000000001305
2020-03-27,17,AR1 alpha + Enhanced + One-Step,NASDAQ:BOKF,0.019999987740154216
2020-03-30,17,AR1 alpha + Enhanced + One-Step,NASDAQ:BOKF,0.020001143159057152
2020-03-31,17,AR1 alpha + Enhanced + One-Step,NASDAQ:BOKF,0.020002014456681455
2020-04-01,17,AR1 alpha + Enhanced + One-Step,NASDAQ:BOKF,0.02000200395668463
2020-04-02,17,AR1 alpha + Enhanced + One-Step,NASDAQ:BOKF,0.02000020383531081
2020-04-03,17,AR1 alpha + Enhanced + One-Step,NASDAQ:BOKF,0.02000088034378132
2020-04-06,17,AR1 alpha + Enhanced + One-Step,NASDAQ:BOKF,0.020001607942983553
2020-04-07,17,AR1 alpha + Enhanced + One-Step,NASDAQ:BOKF,0.020001120329182772
2020-04-08,17,AR1 alpha + Enhanced + One-Step,NASDAQ:BOKF,0.02000127410187389
2020-04-09,17,AR1 alpha + Enhanced + One-Step,NASDAQ:BOKF,0.020001230589572882
2020-04-13,17,AR1 alpha + Enhanced + One-Step,NASDAQ:BOKF,0.020001440844575495
2020-04-14,17,AR1 alpha + Enhanced + One-Step,NASDAQ:BOKF,0.020001867685031646
2020-04-15,17,AR1 alpha + Enhanced + One-Step,NASDAQ:BOKF,0.020003398592184533
2020-04-16,17,AR1 alpha + Enhanced + One-Step,NASDAQ:BOKF,0.02000436887708021
2020-04-17,17,AR1 alpha + Enhanced + One-Step,NASDAQ:BOKF,0.02000473626696935
2020-04-20,17,AR1 alpha + Enhanced + One-Step,NASDAQ:BOKF,0.020004425916401017
2020-04-21,17,AR1 alpha + Enhanced + One-Step,NASDAQ:BOKF,0.02000461974282662
2020-04-22,17,AR1 alpha + Enhanced + One-Step,NASDAQ:BOKF,0.02000484222180393
2020-04-23,17,AR1 alpha + Enhanced + One-Step,NASDAQ:BOKF,0.020004570021200502
2020-04-24,17,AR1 alpha + Enhanced + One-Step,NASDAQ:BOKF,0.02000462439470204
2020-04-27,17,AR1 alpha + Enhanced + One-Step,NASDAQ:BOKF,0.0200046404399228
2020-04-28,17,AR1 alpha + Enhanced + One-Step,NASDAQ:BOKF,0.020004633497053493
2020-04-29,17,AR1 alpha + Enhanced + One-Step,NASDAQ:BOKF,0.020004644306629637
2020-04-30,17,AR1 alpha + Enhanced + One-Step,NASDAQ:BOKF,0.02000464675566253
2020-05-01,17,AR1 alpha + Enhanced + One-Step,NASDAQ:BOKF,0.020003756649934732
2020-05-04,17,AR1 alpha + Enhanced + One-Step,NASDAQ:BOKF,0.020003772936023626
2020-05-05,17,AR1 alpha + Enhanced + One-Step,NASDAQ:BOKF,0.020003733010444523
2020-05-06,17,AR1 alpha + Enhanced + One-Step,NASDAQ:BOKF,0.020003742694640395
2020-05-07,17,AR1 alpha + Enhanced + One-Step,NASDAQ:BOKF,0.02000335421183387
2020-05-08,17,AR1 alpha + Enhanced + One-Step,NASDAQ:BOKF,0.017563213317266523
2020-05-11,17,AR1 alpha + Enhanced + One-Step,NASDAQ:BOKF,0.0
2020-05-12,17,AR1 alpha + Enhanced + One-Step,NASDAQ:BOKF,0.0
2020-05-13,17,AR1 alpha + Enhanced + One-Step,NASDAQ:BOKF,3.108014033527532e-08
2020-05-14,17,AR1 alpha + Enhanced + One-Step,NASDAQ:BOKF,0.0
2020-05-15,17,AR1 alpha + Enhanced + One-Step,NASDAQ:BOKF,2.842065689804475e-08
2020-05-18,17,AR1 alpha + Enhanced + One-Step,NASDAQ:BOKF,1.979282290940002e-08
2020-05-19,17,AR1 alpha + Enhanced + One-Step,NASDAQ:BOKF,0.0
2020-05-20,17,AR1 alpha + Enhanced + One-Step,NASDAQ:BOKF,6.732035384838446e-09
2020-05-21,17,AR1 alpha + Enhanced + One-Step,NASDAQ:BOKF,0.0
2020-05-22,17,AR1 alpha + Enhanced + One-Step,NASDAQ:BOKF,3.3871547901680486e-09
2020-05-26,17,AR1 alpha + Enhanced + One-Step,NASDAQ:BOKF,0.0
2020-05-27,17,AR1 alpha + Enhanced + One-Step,NASDAQ:BOKF,2.342823300285566e-08
2020-05-28,17,AR1 alpha + Enhanced + One-Step,NASDAQ:BOKF,9.898701511322565e-09
2020-05-29,17,AR1 alpha + Enhanced + One-Step,NASDAQ:BOKF,3.840922517383686e-09
2020-06-01,17,AR1 alpha + Enhanced + One-Step,NASDAQ:BOKF,3.3902479124077355e-08
2020-06-02,17,AR1 alpha + Enhanced + One-Step,NASDAQ:BOKF,7.95999252328958e-09
2020-06-03,17,AR1 alpha + Enhanced + One-Step,NASDAQ:BOKF,3.230406459281345e-07
2020-06-04,17,AR1 alpha + Enhanced + One-Step,NASDAQ:BOKF,1.160103180557973e-07
2020-06-05,17,AR1 alpha + Enhanced + One-Step,NASDAQ:BOKF,2.5563549303909196e-08
2020-06-08,17,AR1 alpha + Enhanced + One-Step,NASDAQ:BOKF,7.694718074559046e-09
2020-06-09,17,AR1 alpha + Enhanced + One-Step,NASDAQ:BOKF,1.1440678139452035e-09
2020-06-10,17,AR1 alpha + Enhanced + One-Step,NASDAQ:BOKF,1.4855812653706889e-09
2020-06-11,17,AR1 alpha + Enhanced + One-Step,NASDAQ:BOKF,9.164786322022268e-08
2020-06-12,17,AR1 alpha + Enhanced + One-Step,NASDAQ:BOKF,3.4967540005459794e-08
2020-06-15,17,AR1 alpha + Enhanced + One-Step,NASDAQ:BOKF,0.0
2020-06-16,17,AR1 alpha + Enhanced + One-Step,NASDAQ:BOKF,4.744092640872996e-09
2020-06-17,17,AR1 alpha + Enhanced + One-Step,NASDAQ:BOKF,3.6736121469882478e-09
2020-06-18,17,AR1 alpha + Enhanced + One-Step,NASDAQ:BOKF,0.0
2020-06-19,17,AR1 alpha + Enhanced + One-Step,NASDAQ:BOKF,9.817939394381279e-08
2020-06-22,17,AR1 alpha + Enhanced + One-Step,NASDAQ:BOKF,3.2748669927847846e-08
2020-06-23,17,AR1 alpha + Enhanced + One-Step,NASDAQ:BOKF,9.071565935215028e-09
2020-06-24,17,AR1 alpha + Enhanced + One-Step,NASDAQ:BOKF,0.0
2020-06-25,17,AR1 alpha + Enhanced + One-Step,NASDAQ:BOKF,1.6240149476854813e-08
2020-06-26,17,AR1 alpha + Enhanced + One-Step,NASDAQ:BOKF,1.13867257195376e-07
2020-06-29,17,AR1 alpha + Enhanced + One-Step,NASDAQ:BOKF,1.6570749115458968e-07
2020-06-30,17,AR1 alpha + Enhanced + One-Step,NASDAQ:BOKF,6.785601073853608e-08
2020-07-01,17,AR1 alpha + Enhanced + One-Step,NASDAQ:BOKF,0.0
2020-07-02,17,AR1 alpha + Enhanced + One-Step,NASDAQ:BOKF,4.072680566321004e-08
2020-07-06,17,AR1 alpha + Enhanced + One-Step,NASDAQ:BOKF,1.49913256866636e-08
2020-07-07,17,AR1 alpha + Enhanced + One-Step,NASDAQ:BOKF,1.7133243763230392e-06
2020-07-08,17,AR1 alpha + Enhanced + One-Step,NASDAQ:BOKF,5.376168462207411e-07
2020-07-09,17,AR1 alpha + Enhanced + One-Step,NASDAQ:BOKF,1.018147556700744e-07
2020-07-10,17,AR1 alpha + Enhanced + One-Step,NASDAQ:BOKF,9.210791469010673e-08
2020-07-13,17,AR1 alpha + Enhanced + One-Step,NASDAQ:BOKF,4.008719096537482e-08
2020-07-14,17,AR1 alpha + Enhanced + One-Step,NASDAQ:BOKF,0.0
2020-07-15,17,AR1 alpha + Enhanced + One-Step,NASDAQ:BOKF,0.0
2020-07-16,17,AR1 alpha + Enhanced + One-Step,NASDAQ:BOKF,0.0
2020-07-17,17,AR1 alpha + Enhanced + One-Step,NASDAQ:BOKF,0.0
2020-07-20,17,AR1 alpha + Enhanced + One-Step,NASDAQ:BOKF,4.345862028246156e-08
2020-07-21,17,AR1 alpha + Enhanced + One-Step,NASDAQ:BOKF,5.134001915919888e-08
2020-07-22,17,AR1 alpha + Enhanced + One-Step,NASDAQ:BOKF,4.843853898372714e-08
2020-07-23,17,AR1 alpha + Enhanced + One-Step,NASDAQ:BOKF,0.0
2020-07-24,17,AR1 alpha + Enhanced + One-Step,NASDAQ:BOKF,0.0
2020-07-27,17,AR1 alpha + Enhanced + One-Step,NASDAQ:BOKF,0.0
2020-07-28,17,AR1 alpha + Enhanced + One-Step,NASDAQ:BOKF,1.0726517859260838e-08
2020-07-29,17,AR1 alpha + Enhanced + One-Step,NASDAQ:BOKF,0.0
2020-07-30,17,AR1 alpha + Enhanced + One-Step,NASDAQ:BOKF,0.0
2020-07-31,17,AR1 alpha + Enhanced + One-Step,NASDAQ:BOKF,0.0
2020-08-03,17,AR1 alpha + Enhanced + One-Step,NASDAQ:BOKF,1.1363006930151679e-07
2020-08-04,17,AR1 alpha + Enhanced + One-Step,NASDAQ:BOKF,3.3079979356457324e-08
2020-08-05,17,AR1 alpha + Enhanced + One-Step,NASDAQ:BOKF,0.0
2020-08-06,17,AR1 alpha + Enhanced + One-Step,NASDAQ:BOKF,0.0
2020-08-07,17,AR1 alpha + Enhanced + One-Step,NASDAQ:BOKF,1.915984962032806e-08
2020-08-10,17,AR1 alpha + Enhanced + One-Step,NASDAQ:BOKF,1.2665962982883167e-07
2020-08-11,17,AR1 alpha + Enhanced + One-Step,NASDAQ:BOKF,0.0
2020-08-12,17,AR1 alpha + Enhanced + One-Step,NASDAQ:BOKF,7.249639040523565e-10
2020-08-13,17,AR1 alpha + Enhanced + One-Step,NASDAQ:BOKF,9.184174603670237e-10
2020-08-14,17,AR1 alpha + Enhanced + One-Step,NASDAQ:BOKF,1.449323303311121e-09
2020-08-17,17,AR1 alpha + Enhanced + One-Step,NASDAQ:BOKF,6.952848506547175e-08
2020-08-18,17,AR1 alpha + Enhanced + One-Step,NASDAQ:BOKF,1.1269070994663812e-07
2020-08-19,17,AR1 alpha + Enhanced + One-Step,NASDAQ:BOKF,1.5255241754082662e-07
2020-08-20,17,AR1 alpha + Enhanced + One-Step,NASDAQ:BOKF,2.274813353400392e-08
2020-08-21,17,AR1 alpha + Enhanced + One-Step,NASDAQ:BOKF,0.0
2020-08-24,17,AR1 alpha + Enhanced + One-Step,NASDAQ:BOKF,0.0
2020-08-25,17,AR1 alpha + Enhanced + One-Step,NASDAQ:BOKF,5.7168106432732775e-08
2020-08-26,17,AR1 alpha + Enhanced + One-Step,NASDAQ:BOKF,0.0
2020-08-27,17,AR1 alpha + Enhanced + One-Step,NASDAQ:BOKF,0.0
2020-08-28,17,AR1 alpha + Enhanced + One-Step,NASDAQ:BOKF,2.3315392663622738e-09
2020-08-31,17,AR1 alpha + Enhanced + One-Step,NASDAQ:BOKF,0.0
2020-09-01,17,AR1 alpha + Enhanced + One-Step,NASDAQ:BOKF,0.0
2020-09-02,17,AR1 alpha + Enhanced + One-Step,NASDAQ:BOKF,0.0
2020-09-03,17,AR1 alpha + Enhanced + One-Step,NASDAQ:BOKF,0.0
2020-09-04,17,AR1 alpha + Enhanced + One-Step,NASDAQ:BOKF,2.0206061670232775e-08
2020-09-08,17,AR1 alpha + Enhanced + One-Step,NASDAQ:BOKF,9.136127212838856e-08
2020-09-09,17,AR1 alpha + Enhanced + One-Step,NASDAQ:BOKF,5.0632247272367966e-08
2020-09-10,17,AR1 alpha + Enhanced + One-Step,NASDAQ:BOKF,0.0
2020-09-11,17,AR1 alpha + Enhanced + One-Step,NASDAQ:BOKF,4.405989846048785e-08
2020-09-14,17,AR1 alpha + Enhanced + One-Step,NASDAQ:BOKF,2.6501613944341994e-07
2020-09-15,17,AR1 alpha + Enhanced + One-Step,NASDAQ:BOKF,1.283655713008578e-07
2020-09-16,17,AR1 alpha + Enhanced + One-Step,NASDAQ:BOKF,3.485149563252679e-08
2020-09-17,17,AR1 alpha + Enhanced + One-Step,NASDAQ:BOKF,0.0
2020-09-18,17,AR1 alpha + Enhanced + One-Step,NASDAQ:BOKF,1.0220383974471082e-08
2020-09-21,17,AR1 alpha + Enhanced + One-Step,NASDAQ:BOKF,0.0
2020-09-22,17,AR1 alpha + Enhanced + One-Step,NASDAQ:BOKF,1.59243730804886e-08
2020-09-23,17,AR1 alpha + Enhanced + One-Step,NASDAQ:BOKF,0.0
2020-09-24,17,AR1 alpha + Enhanced + One-Step,NASDAQ:BOKF,1.459987391555394e-07
2020-09-25,17,AR1 alpha + Enhanced + One-Step,NASDAQ:BOKF,0.0
2020-09-28,17,AR1 alpha + Enhanced + One-Step,NASDAQ:BOKF,9.329960047801939e-08
2020-09-29,17,AR1 alpha + Enhanced + One-Step,NASDAQ:BOKF,0.0
2020-09-30,17,AR1 alpha + Enhanced + One-Step,NASDAQ:BOKF,0.0
2020-10-01,17,AR1 alpha + Enhanced + One-Step,NASDAQ:BOKF,4.5068014741204315e-08
2020-10-02,17,AR1 alpha + Enhanced + One-Step,NASDAQ:BOKF,3.7691787537333435e-08
2020-10-05,17,AR1 alpha + Enhanced + One-Step,NASDAQ:BOKF,1.8603175954497058e-07
2020-10-06,17,AR1 alpha + Enhanced + One-Step,NASDAQ:BOKF,3.613037770187342e-08
2020-10-07,17,AR1 alpha + Enhanced + One-Step,NASDAQ:BOKF,5.213809125403435e-07
2020-10-08,17,AR1 alpha + Enhanced + One-Step,NASDAQ:BOKF,2.5306520694161196e-07
2020-10-09,17,AR1 alpha + Enhanced + One-Step,NASDAQ:BOKF,6.088074047629537e-08
2020-10-12,17,AR1 alpha + Enhanced + One-Step,NASDAQ:BOKF,2.6179222340783408e-08
2020-10-13,17,AR1 alpha + Enhanced + One-Step,NASDAQ:BOKF,3.7124338148339187e-07
2020-10-14,17,AR1 alpha + Enhanced + One-Step,NASDAQ:BOKF,1.0824596710638175e-07
2020-10-15,17,AR1 alpha + Enhanced + One-Step,NASDAQ:BOKF,0.0
2020-10-16,17,AR1 alpha + Enhanced + One-Step,NASDAQ:BOKF,0.0
2020-10-19,17,AR1 alpha + Enhanced + One-Step,NASDAQ:BOKF,0.0
2020-10-20,17,AR1 alpha + Enhanced + One-Step,NASDAQ:BOKF,0.0
2020-10-21,17,AR1 alpha + Enhanced + One-Step,NASDAQ:BOKF,0.0
2020-10-22,17,AR1 alpha + Enhanced + One-Step,NASDAQ:BOKF,0.0
2020-10-23,17,AR1 alpha + Enhanced + One-Step,NASDAQ:BOKF,0.0
2020-10-26,17,AR1 alpha + Enhanced + One-Step,NASDAQ:BOKF,1.5419581853334148e-08
2020-10-27,17,AR1 alpha + Enhanced + One-Step,NASDAQ:BOKF,2.9842336330593847e-07
2020-10-28,17,AR1 alpha + Enhanced + One-Step,NASDAQ:BOKF,0.0
2020-10-29,17,AR1 alpha + Enhanced + One-Step,NASDAQ:BOKF,1.5124170719310326e-07
2020-10-30,17,AR1 alpha + Enhanced + One-Step,NASDAQ:BOKF,0.0
2020-11-02,17,AR1 alpha + Enhanced + One-Step,NASDAQ:BOKF,5.286258625873582e-07
2020-11-03,17,AR1 alpha + Enhanced + One-Step,NASDAQ:BOKF,0.0
2020-11-04,17,AR1 alpha + Enhanced + One-Step,NASDAQ:BOKF,1.3562958036143032e-06
2020-11-05,17,AR1 alpha + Enhanced + One-Step,NASDAQ:BOKF,1.3561736301014291e-06
2020-11-06,17,AR1 alpha + Enhanced + One-Step,NASDAQ:BOKF,5.858712917806656e-07
2020-11-09,17,AR1 alpha + Enhanced + One-Step,NASDAQ:BOKF,2.314611649249852e-07
2020-11-10,17,AR1 alpha + Enhanced + One-Step,NASDAQ:BOKF,9.414280494312542e-07
2020-11-11,17,AR1 alpha + Enhanced + One-Step,NASDAQ:BOKF,5.08857092225509e-07
2020-11-12,17,AR1 alpha + Enhanced + One-Step,NASDAQ:BOKF,5.929834567286883e-08
2020-11-13,17,AR1 alpha + Enhanced + One-Step,NASDAQ:BOKF,2.345593954916281e-08
2020-11-16,17,AR1 alpha + Enhanced + One-Step,NASDAQ:BOKF,1.2993837397938953e-07
2020-11-17,17,AR1 alpha + Enhanced + One-Step,NASDAQ:BOKF,1.5662870918999616e-07
2020-11-18,17,AR1 alpha + Enhanced + One-Step,NASDAQ:BOKF,2.0740250753732663e-07
2020-11-19,17,AR1 alpha + Enhanced + One-Step,NASDAQ:BOKF,0.0
2020-11-20,17,AR1 alpha + Enhanced + One-Step,NASDAQ:BOKF,2.970973394048671e-09
2020-11-23,17,AR1 alpha + Enhanced + One-Step,NASDAQ:BOKF,4.425379100694718e-08
2020-11-24,17,AR1 alpha + Enhanced + One-Step,NASDAQ:BOKF,0.0
2020-11-25,17,AR1 alpha + Enhanced + One-Step,NASDAQ:BOKF,8.646049579044288e-08
2020-11-27,17,AR1 alpha + Enhanced + One-Step,NASDAQ:BOKF,0.0
2020-11-30,17,AR1 alpha + Enhanced + One-Step,NASDAQ:BOKF,0.0
2020-12-01,17,AR1 alpha + Enhanced + One-Step,NASDAQ:BOKF,1.429569107757316e-07
2020-12-04,17,AR1 alpha + Enhanced + One-Step,NASDAQ:BOKF,1.0973801371123838e-07
2020-12-07,17,AR1 alpha + Enhanced + One-Step,NASDAQ:BOKF,0.0
2020-12-08,17,AR1 alpha + Enhanced + One-Step,NASDAQ:BOKF,1.695893229686914e-07
2020-12-09,17,AR1 alpha + Enhanced + One-Step,NASDAQ:BOKF,0.0
2020-12-10,17,AR1 alpha + Enhanced + One-Step,NASDAQ:BOKF,1.08061283093749e-09
2020-12-11,17,AR1 alpha + Enhanced + One-Step,NASDAQ:BOKF,0.0
2020-12-14,17,AR1 alpha + Enhanced + One-Step,NASDAQ:BOKF,0.0
2020-12-15,17,AR1 alpha + Enhanced + One-Step,NASDAQ:BOKF,3.520962558416462e-08
2020-12-16,17,AR1 alpha + Enhanced + One-Step,NASDAQ:BOKF,0.0
2020-12-17,17,AR1 alpha + Enhanced + One-Step,NASDAQ:BOKF,0.0
2020-12-18,17,AR1 alpha + Enhanced + One-Step,NASDAQ:BOKF,3.3203401710944693e-07
2020-12-21,17,AR1 alpha + Enhanced + One-Step,NASDAQ:BOKF,3.327414556226951e-07
2020-12-22,17,AR1 alpha + Enhanced + One-Step,NASDAQ:BOKF,1.584241239919131e-07
2020-12-23,17,AR1 alpha + Enhanced + One-Step,NASDAQ:BOKF,0.0
2020-12-24,17,AR1 alpha + Enhanced + One-Step,NASDAQ:BOKF,0.0
2020-12-28,17,AR1 alpha + Enhanced + One-Step,NASDAQ:BOKF,0.0
2020-12-29,17,AR1 alpha + Enhanced + One-Step,NASDAQ:BOKF,0.0
2020-12-30,17,AR1 alpha + Enhanced + One-Step,NASDAQ:BOKF,0.0
2020-12-31,17,AR1 alpha + Enhanced + One-Step,NASDAQ:BOKF,0.0
2021-01-04,17,AR1 alpha + Enhanced + One-Step,NASDAQ:BOKF,1.0724939216317344e-08
2021-01-05,17,AR1 alpha + Enhanced + One-Step,NASDAQ:BOKF,7.881666985518973e-09
2021-01-06,17,AR1 alpha + Enhanced + One-Step,NASDAQ:BOKF,0.0
2021-01-07,17,AR1 alpha + Enhanced + One-Step,NASDAQ:BOKF,0.0
2021-01-08,17,AR1 alpha + Enhanced + One-Step,NASDAQ:BOKF,0.0
2021-01-11,17,AR1 alpha + Enhanced + One-Step,NASDAQ:BOKF,1.724836445564173e-07
2021-01-12,17,AR1 alpha + Enhanced + One-Step,NASDAQ:BOKF,0.0
2021-01-13,17,AR1 alpha + Enhanced + One-Step,NASDAQ:BOKF,0.0
2021-01-14,17,AR1 alpha + Enhanced + One-Step,NASDAQ:BOKF,7.593304021079197e-08
2021-01-15,17,AR1 alpha + Enhanced + One-Step,NASDAQ:BOKF,7.898973583750405e-08
2021-01-19,17,AR1 alpha + Enhanced + One-Step,NASDAQ:BOKF,2.7540428178487733e-08
2021-01-20,17,AR1 alpha + Enhanced + One-Step,NASDAQ:BOKF,2.1129408023835638e-07
2021-01-21,17,AR1 alpha + Enhanced + One-Step,NASDAQ:BOKF,6.334614097451757e-07
2021-01-22,17,AR1 alpha + Enhanced + One-Step,NASDAQ:BOKF,0.0
2021-01-25,17,AR1 alpha + Enhanced + One-Step,NASDAQ:BOKF,0.0
2021-01-26,17,AR1 alpha + Enhanced + One-Step,NASDAQ:BOKF,0.0
2021-01-27,17,AR1 alpha + Enhanced + One-Step,NASDAQ:BOKF,0.0
2021-01-28,17,AR1 alpha + Enhanced + One-Step,NASDAQ:BOKF,3.184003213560443e-07
2021-01-29,17,AR1 alpha + Enhanced + One-Step,NASDAQ:BOKF,0.0
2021-02-01,17,AR1 alpha + Enhanced + One-Step,NASDAQ:BOKF,0.0
2021-02-02,17,AR1 alpha + Enhanced + One-Step,NASDAQ:BOKF,7.176090639709129e-09
2021-02-03,17,AR1 alpha + Enhanced + One-Step,NASDAQ:BOKF,0.0
2021-02-04,17,AR1 alpha + Enhanced + One-Step,NASDAQ:BOKF,0.0
2021-02-05,17,AR1 alpha + Enhanced + One-Step,NASDAQ:BOKF,0.0
2021-02-08,17,AR1 alpha + Enhanced + One-Step,NASDAQ:BOKF,2.221827184977576e-07
2021-02-09,17,AR1 alpha + Enhanced + One-Step,NASDAQ:BOKF,7.601512000337704e-08
2021-02-10,17,AR1 alpha + Enhanced + One-Step,NASDAQ:BOKF,4.929979317911227e-07
2021-02-11,17,AR1 alpha + Enhanced + One-Step,NASDAQ:BOKF,3.336850999743987e-07
2021-02-12,17,AR1 alpha + Enhanced + One-Step,NASDAQ:BOKF,1.4902224616087185e-07
2021-02-16,17,AR1 alpha + Enhanced + One-Step,NASDAQ:BOKF,4.1897175577879726e-08
2021-02-17,17,AR1 alpha + Enhanced + One-Step,NASDAQ:BOKF,6.6169407324358e-08
2021-02-18,17,AR1 alpha + Enhanced + One-Step,NASDAQ:BOKF,8.117698801933609e-08
2021-02-19,17,AR1 alpha + Enhanced + One-Step,NASDAQ:BOKF,0.0
2021-02-22,17,AR1 alpha + Enhanced + One-Step,NASDAQ:BOKF,3.685348278840194e-07
2021-02-23,17,AR1 alpha + Enhanced + One-Step,NASDAQ:BOKF,1.1322468407470793e-06
2021-02-24,17,AR1 alpha + Enhanced + One-Step,NASDAQ:BOKF,6.932281403724531e-07
2021-02-25,17,AR1 alpha + Enhanced + One-Step,NASDAQ:BOKF,0.0
2021-02-26,17,AR1 alpha + Enhanced + One-Step,NASDAQ:BOKF,8.094577409696565e-08
2021-03-01,17,AR1 alpha + Enhanced + One-Step,NASDAQ:BOKF,2.155842108606854e-07
2021-03-02,17,AR1 alpha + Enhanced + One-Step,NASDAQ:BOKF,9.823048385807556e-08
2021-03-03,17,AR1 alpha + Enhanced + One-Step,NASDAQ:BOKF,0.0
2021-03-04,17,AR1 alpha + Enhanced + One-Step,NASDAQ:BOKF,2.5627154820805343e-09
2021-03-05,17,AR1 alpha + Enhanced + One-Step,NASDAQ:BOKF,0.0
2021-03-08,17,AR1 alpha + Enhanced + One-Step,NASDAQ:BOKF,5.574074301115016e-09
2021-03-09,17,AR1 alpha + Enhanced + One-Step,NASDAQ:BOKF,0.0
2021-03-10,17,AR1 alpha + Enhanced + One-Step,NASDAQ:BOKF,7.600671457609965e-07
2021-03-11,17,AR1 alpha + Enhanced + One-Step,NASDAQ:BOKF,0.0
2021-03-12,17,AR1 alpha + Enhanced + One-Step,NASDAQ:BOKF,0.0
2021-03-15,17,AR1 alpha + Enhanced + One-Step,NASDAQ:BOKF,1.2104889331064118e-06
2021-03-16,17,AR1 alpha + Enhanced + One-Step,NASDAQ:BOKF,7.282777513453862e-07
2021-03-17,17,AR1 alpha + Enhanced + One-Step,NASDAQ:BOKF,0.0
2021-03-18,17,AR1 alpha + Enhanced + One-Step,NASDAQ:BOKF,2.023162695951093e-08
2021-03-19,17,AR1 alpha + Enhanced + One-Step,NASDAQ:BOKF,0.0
2021-03-22,17,AR1 alpha + Enhanced + One-Step,NASDAQ:BOKF,5.461138512314602e-08
2021-03-23,17,AR1 alpha + Enhanced + One-Step,NASDAQ:BOKF,7.038947441225086e-07
2021-03-24,17,AR1 alpha + Enhanced + One-Step,NASDAQ:BOKF,3.419686429254886e-07
2021-03-25,17,AR1 alpha + Enhanced + One-Step,NASDAQ:BOKF,2.176011981350548e-07
2021-03-26,17,AR1 alpha + Enhanced + One-Step,NASDAQ:BOKF,2.60793726353539e-07
2021-03-29,17,AR1 alpha + Enhanced + One-Step,NASDAQ:BOKF,2.545662284940603e-07
2021-03-30,17,AR1 alpha + Enhanced + One-Step,NASDAQ:BOKF,9.583184875013857e-08
2021-03-31,17,AR1 alpha + Enhanced + One-Step,NASDAQ:BOKF,4.710721757652037e-08
2021-04-01,17,AR1 alpha + Enhanced + One-Step,NASDAQ:BOKF,4.7343083096945183e-07
2021-04-05,17,AR1 alpha + Enhanced + One-Step,NASDAQ:BOKF,3.6934445715290275e-07
2021-04-06,17,AR1 alpha + Enhanced + One-Step,NASDAQ:BOKF,2.360552077187418e-07
2021-04-07,17,AR1 alpha + Enhanced + One-Step,NASDAQ:BOKF,0.0
2021-04-08,17,AR1 alpha + Enhanced + One-Step,NASDAQ:BOKF,0.0
2021-04-09,17,AR1 alpha + Enhanced + One-Step,NASDAQ:BOKF,0.0
2021-04-12,17,AR1 alpha + Enhanced + One-Step,NASDAQ:BOKF,0.0
2021-04-13,17,AR1 alpha + Enhanced + One-Step,NASDAQ:BOKF,0.0
2021-04-14,17,AR1 alpha + Enhanced + One-Step,NASDAQ:BOKF,0.0
2021-04-15,17,AR1 alpha + Enhanced + One-Step,NASDAQ:BOKF,5.464710869461854e-07
2021-04-16,17,AR1 alpha + Enhanced + One-Step,NASDAQ:BOKF,3.1213501935432084e-07
2021-04-19,17,AR1 alpha + Enhanced + One-Step,NASDAQ:BOKF,1.1429385679727912e-07
2021-04-20,17,AR1 alpha + Enhanced + One-Step,NASDAQ:BOKF,0.0
2021-04-21,17,AR1 alpha + Enhanced + One-Step,NASDAQ:BOKF,0.0
2021-04-22,17,AR1 alpha + Enhanced + One-Step,NASDAQ:BOKF,0.0
2021-04-23,17,AR1 alpha + Enhanced + One-Step,NASDAQ:BOKF,0.0
2021-04-26,17,AR1 alpha + Enhanced + One-Step,NASDAQ:BOKF,7.698699012403695e-08
2021-04-27,17,AR1 alpha + Enhanced + One-Step,NASDAQ:BOKF,5.912724028997232e-08
2021-04-28,17,AR1 alpha + Enhanced + One-Step,NASDAQ:BOKF,0.0
2021-04-29,17,AR1 alpha + Enhanced + One-Step,NASDAQ:BOKF,0.0
2021-04-30,17,AR1 alpha + Enhanced + One-Step,NASDAQ:BOKF,0.0
2021-05-03,17,AR1 alpha + Enhanced + One-Step,NASDAQ:BOKF,3.0112329285456392e-06
2021-05-04,17,AR1 alpha + Enhanced + One-Step,NASDAQ:BOKF,1.4903048498737145e-06
2021-05-05,17,AR1 alpha + Enhanced + One-Step,NASDAQ:BOKF,7.76888457488291e-07
2021-05-06,17,AR1 alpha + Enhanced + One-Step,NASDAQ:BOKF,1.554512752846384e-06
2021-05-07,17,AR1 alpha + Enhanced + One-Step,NASDAQ:BOKF,7.901070683888205e-07
2021-05-10,17,AR1 alpha + Enhanced + One-Step,NASDAQ:BOKF,6.750476305269959e-07
2021-05-11,17,AR1 alpha + Enhanced + One-Step,NASDAQ:BOKF,4.0621627239339653e-07
2021-05-12,17,AR1 alpha + Enhanced + One-Step,NASDAQ:BOKF,1.9068604651804344e-07
2021-05-13,17,AR1 alpha + Enhanced + One-Step,NASDAQ:BOKF,0.0
2021-05-14,17,AR1 alpha + Enhanced + One-Step,NASDAQ:BOKF,2.2754693474799653e-09
2021-05-17,17,AR1 alpha + Enhanced + One-Step,NASDAQ:BOKF,0.0
2021-05-18,17,AR1 alpha + Enhanced + One-Step,NASDAQ:BOKF,4.2478485055850397e-07
2021-05-19,17,AR1 alpha + Enhanced + One-Step,NASDAQ:BOKF,7.603966495063143e-07
2021-05-20,17,AR1 alpha + Enhanced + One-Step,NASDAQ:BOKF,4.398463337141052e-07
2021-05-21,17,AR1 alpha + Enhanced + One-Step,NASDAQ:BOKF,3.4330887309372045e-07
2021-05-24,17,AR1 alpha + Enhanced + One-Step,NASDAQ:BOKF,0.0
2021-05-25,17,AR1 alpha + Enhanced + One-Step,NASDAQ:BOKF,0.0
2021-05-26,17,AR1 alpha + Enhanced + One-Step,NASDAQ:BOKF,0.0
2021-05-27,17,AR1 alpha + Enhanced + One-Step,NASDAQ:BOKF,1.7070826803297898e-07
2021-05-28,17,AR1 alpha + Enhanced + One-Step,NASDAQ:BOKF,0.0
2021-06-01,17,AR1 alpha + Enhanced + One-Step,NASDAQ:BOKF,0.0
2021-06-02,17,AR1 alpha + Enhanced + One-Step,NASDAQ:BOKF,0.0
2021-06-03,17,AR1 alpha + Enhanced + One-Step,NASDAQ:BOKF,1.373092217430592e-09
2021-06-04,17,AR1 alpha + Enhanced + One-Step,NASDAQ:BOKF,0.0
2021-06-07,17,AR1 alpha + Enhanced + One-Step,NASDAQ:BOKF,0.0
2021-06-08,17,AR1 alpha + Enhanced + One-Step,NASDAQ:BOKF,0.0
2021-06-09,17,AR1 alpha + Enhanced + One-Step,NASDAQ:BOKF,0.0
2021-06-10,17,AR1 alpha + Enhanced + One-Step,NASDAQ:BOKF,0.0
2021-06-11,17,AR1 alpha + Enhanced + One-Step,NASDAQ:BOKF,0.0
2021-06-14,17,AR1 alpha + Enhanced + One-Step,NASDAQ:BOKF,0.0
2021-06-15,17,AR1 alpha + Enhanced + One-Step,NASDAQ:BOKF,0.0
2021-06-16,17,AR1 alpha + Enhanced + One-Step,NASDAQ:BOKF,0.0
2021-06-17,17,AR1 alpha + Enhanced + One-Step,NASDAQ:BOKF,0.0
2021-06-18,17,AR1 alpha + Enhanced + One-Step,NASDAQ:BOKF,0.0
2021-06-21,17,AR1 alpha + Enhanced + One-Step,NASDAQ:BOKF,2.955727941341243e-07
2021-06-22,17,AR1 alpha + Enhanced + One-Step,NASDAQ:BOKF,0.0
2021-06-23,17,AR1 alpha + Enhanced + One-Step,NASDAQ:BOKF,0.0
2021-06-24,17,AR1 alpha + Enhanced + One-Step,NASDAQ:BOKF,1.3348149200434014e-06
2021-06-25,17,AR1 alpha + Enhanced + One-Step,NASDAQ:BOKF,1.4795550690124797e-06
2021-06-28,17,AR1 alpha + Enhanced + One-Step,NASDAQ:BOKF,7.453135995686679e-07
2021-06-29,17,AR1 alpha + Enhanced + One-Step,NASDAQ:BOKF,1.518373598138576e-08
2021-06-30,17,AR1 alpha + Enhanced + One-Step,NASDAQ:BOKF,0.0
2021-07-01,17,AR1 alpha + Enhanced + One-Step,NASDAQ:BOKF,0.0
2021-07-02,17,AR1 alpha + Enhanced + One-Step,NASDAQ:BOKF,0.0
2021-07-06,17,AR1 alpha + Enhanced + One-Step,NASDAQ:BOKF,0.0
2021-07-07,17,AR1 alpha + Enhanced + One-Step,NASDAQ:BOKF,7.621750310821093e-07
2021-07-08,17,AR1 alpha + Enhanced + One-Step,NASDAQ:BOKF,3.6588201064743517e-07
2021-07-09,17,AR1 alpha + Enhanced + One-Step,NASDAQ:BOKF,0.0
2021-07-12,17,AR1 alpha + Enhanced + One-Step,NASDAQ:BOKF,0.0
2021-07-13,17,AR1 alpha + Enhanced + One-Step,NASDAQ:BOKF,0.0
2021-07-14,17,AR1 alpha + Enhanced + One-Step,NASDAQ:BOKF,0.0
2021-07-15,17,AR1 alpha + Enhanced + One-Step,NASDAQ:BOKF,0.0
2021-07-16,17,AR1 alpha + Enhanced + One-Step,NASDAQ:BOKF,0.0
2021-07-19,17,AR1 alpha + Enhanced + One-Step,NASDAQ:BOKF,0.0
2021-07-20,17,AR1 alpha + Enhanced + One-Step,NASDAQ:BOKF,0.0
2021-07-21,17,AR1 alpha + Enhanced + One-Step,NASDAQ:BOKF,2.341188112878174e-07
2021-07-22,17,AR1 alpha + Enhanced + One-Step,NASDAQ:BOKF,0.0
2021-07-23,17,AR1 alpha + Enhanced + One-Step,NASDAQ:BOKF,0.0
2021-07-26,17,AR1 alpha + Enhanced + One-Step,NASDAQ:BOKF,0.0
2021-07-27,17,AR1 alpha + Enhanced + One-Step,NASDAQ:BOKF,0.0
2021-07-28,17,AR1 alpha + Enhanced + One-Step,NASDAQ:BOKF,0.0
2021-07-29,17,AR1 alpha + Enhanced + One-Step,NASDAQ:BOKF,0.0
2021-07-30,17,AR1 alpha + Enhanced + One-Step,NASDAQ:BOKF,0.0
2021-08-02,17,AR1 alpha + Enhanced + One-Step,NASDAQ:BOKF,0.0
2021-08-03,17,AR1 alpha + Enhanced + One-Step,NASDAQ:BOKF,0.0
2021-08-04,17,AR1 alpha + Enhanced + One-Step,NASDAQ:BOKF,0.0
2021-08-05,17,AR1 alpha + Enhanced + One-Step,NASDAQ:BOKF,0.0
2021-08-06,17,AR1 alpha + Enhanced + One-Step,NASDAQ:BOKF,0.0
2021-08-09,17,AR1 alpha + Enhanced + One-Step,NASDAQ:BOKF,0.0
2021-08-10,17,AR1 alpha + Enhanced + One-Step,NASDAQ:BOKF,0.0
2021-08-11,17,AR1 alpha + Enhanced + One-Step,NASDAQ:BOKF,0.0
2021-08-12,17,AR1 alpha + Enhanced + One-Step,NASDAQ:BOKF,0.0
2021-08-13,17,AR1 alpha + Enhanced + One-Step,NASDAQ:BOKF,8.617584800261794e-08
2021-08-16,17,AR1 alpha + Enhanced + One-Step,NASDAQ:BOKF,7.133437919815311e-07
2021-08-17,17,AR1 alpha + Enhanced + One-Step,NASDAQ:BOKF,1.1348466317544306e-06
2021-08-18,17,AR1 alpha + Enhanced + One-Step,NASDAQ:BOKF,1.3784419832800002e-06
2021-08-19,17,AR1 alpha + Enhanced + One-Step,NASDAQ:BOKF,3.529660998276412e-06
2021-08-20,17,AR1 alpha + Enhanced + One-Step,NASDAQ:BOKF,0.0
2021-08-23,17,AR1 alpha + Enhanced + One-Step,NASDAQ:BOKF,0.0
2021-08-24,17,AR1 alpha + Enhanced + One-Step,NASDAQ:BOKF,1.909863457927357e-08
2021-08-25,17,AR1 alpha + Enhanced + One-Step,NASDAQ:BOKF,2.832736944538066e-08
2021-08-26,17,AR1 alpha + Enhanced + One-Step,NASDAQ:BOKF,0.0
2021-08-27,17,AR1 alpha + Enhanced + One-Step,NASDAQ:BOKF,0.0
2021-08-30,17,AR1 alpha + Enhanced + One-Step,NASDAQ:BOKF,0.0
2021-08-31,17,AR1 alpha + Enhanced + One-Step,NASDAQ:BOKF,0.0
2021-09-01,17,AR1 alpha + Enhanced + One-Step,NASDAQ:BOKF,0.0
2021-09-02,17,AR1 alpha + Enhanced + One-Step,NASDAQ:BOKF,0.0
2021-09-03,17,AR1 alpha + Enhanced + One-Step,NASDAQ:BOKF,0.0
2021-09-07,17,AR1 alpha + Enhanced + One-Step,NASDAQ:BOKF,0.0
2021-09-08,17,AR1 alpha + Enhanced + One-Step,NASDAQ:BOKF,0.0
2021-09-09,17,AR1 alpha + Enhanced + One-Step,NASDAQ:BOKF,0.0
2021-09-10,17,AR1 alpha + Enhanced + One-Step,NASDAQ:BOKF,0.0
2021-09-13,17,AR1 alpha + Enhanced + One-Step,NASDAQ:BOKF,3.872359661874964e-07
2021-09-14,17,AR1 alpha + Enhanced + One-Step,NASDAQ:BOKF,1.2807398846893313e-07
2021-09-15,17,AR1 alpha + Enhanced + One-Step,NASDAQ:BOKF,0.0
2021-09-16,17,AR1 alpha + Enhanced + One-Step,NASDAQ:BOKF,0.0
2021-09-17,17,AR1 alpha + Enhanced + One-Step,NASDAQ:BOKF,0.0
2021-09-20,17,AR1 alpha + Enhanced + One-Step,NASDAQ:BOKF,0.0
2021-09-21,17,AR1 alpha + Enhanced + One-Step,NASDAQ:BOKF,0.0
2021-09-22,17,AR1 alpha + Enhanced + One-Step,NASDAQ:BOKF,0.0
2021-09-23,17,AR1 alpha + Enhanced + One-Step,NASDAQ:BOKF,4.0324391698905064e-07
2021-09-24,17,AR1 alpha + Enhanced + One-Step,NASDAQ:BOKF,5.608478834915073e-08
2021-09-27,17,AR1 alpha + Enhanced + One-Step,NASDAQ:BOKF,3.909499722953686e-08
2021-09-28,17,AR1 alpha + Enhanced + One-Step,NASDAQ:BOKF,0.0
2021-09-29,17,AR1 alpha + Enhanced + One-Step,NASDAQ:BOKF,3.818143422388579e-07
2021-09-30,17,AR1 alpha + Enhanced + One-Step,NASDAQ:BOKF,2.2324048533680337e-07
2021-10-01,17,AR1 alpha + Enhanced + One-Step,NASDAQ:BOKF,1.437477153764854e-07
2021-10-04,17,AR1 alpha + Enhanced + One-Step,NASDAQ:BOKF,1.3082233026268438e-07
2021-10-05,17,AR1 alpha + Enhanced + One-Step,NASDAQ:BOKF,0.0
2021-10-06,17,AR1 alpha + Enhanced + One-Step,NASDAQ:BOKF,0.0
2021-10-07,17,AR1 alpha + Enhanced + One-Step,NASDAQ:BOKF,0.0
2021-10-08,17,AR1 alpha + Enhanced + One-Step,NASDAQ:BOKF,0.0
2021-10-11,17,AR1 alpha + Enhanced + One-Step,NASDAQ:BOKF,0.0
2021-10-12,17,AR1 alpha + Enhanced + One-Step,NASDAQ:BOKF,2.3440087536368077e-07
2021-10-13,17,AR1 alpha + Enhanced + One-Step,NASDAQ:BOKF,1.772307359536813e-07
2021-10-14,17,AR1 alpha + Enhanced + One-Step,NASDAQ:BOKF,0.0
2021-10-15,17,AR1 alpha + Enhanced + One-Step,NASDAQ:BOKF,0.0
2021-10-18,17,AR1 alpha + Enhanced + One-Step,NASDAQ:BOKF,0.0
2021-10-19,17,AR1 alpha + Enhanced + One-Step,NASDAQ:BOKF,6.395789221554312e-10
2021-10-20,17,AR1 alpha + Enhanced + One-Step,NASDAQ:BOKF,7.116316914862735e-08
2021-10-21,17,AR1 alpha + Enhanced + One-Step,NASDAQ:BOKF,4.784248938358451e-09
2021-10-22,17,AR1 alpha + Enhanced + One-Step,NASDAQ:BOKF,0.0
2021-10-25,17,AR1 alpha + Enhanced + One-Step,NASDAQ:BOKF,0.0
2021-10-26,17,AR1 alpha + Enhanced + One-Step,NASDAQ:BOKF,0.0
2021-10-27,17,AR1 alpha + Enhanced + One-Step,NASDAQ:BOKF,3.830694368183459e-08
2021-10-28,17,AR1 alpha + Enhanced + One-Step,NASDAQ:BOKF,1.6388330203837032e-07
2021-10-29,17,AR1 alpha + Enhanced + One-Step,NASDAQ:BOKF,0.0
2021-11-01,17,AR1 alpha + Enhanced + One-Step,NASDAQ:BOKF,0.0
2021-11-02,17,AR1 alpha + Enhanced + One-Step,NASDAQ:BOKF,0.0
2021-11-03,17,AR1 alpha + Enhanced + One-Step,NASDAQ:BOKF,9.012707068482708e-07
2021-11-04,17,AR1 alpha + Enhanced + One-Step,NASDAQ:BOKF,5.508822051067166e-07
2021-11-05,17,AR1 alpha + Enhanced + One-Step,NASDAQ:BOKF,2.0418523479125215e-07
2021-11-08,17,AR1 alpha + Enhanced + One-Step,NASDAQ:BOKF,4.1416407260388457e-07
2021-11-09,17,AR1 alpha + Enhanced + One-Step,NASDAQ:BOKF,3.0887906353594367e-07
2021-11-10,17,AR1 alpha + Enhanced + One-Step,NASDAQ:BOKF,1.201847141756525e-06
2021-11-11,17,AR1 alpha + Enhanced + One-Step,NASDAQ:BOKF,8.253034024219659e-07
2021-11-12,17,AR1 alpha + Enhanced + One-Step,NASDAQ:BOKF,1.069050786620334e-06
2021-11-15,17,AR1 alpha + Enhanced + One-Step,NASDAQ:BOKF,1.1574754645015003e-06
2021-11-16,17,AR1 alpha + Enhanced + One-Step,NASDAQ:BOKF,6.546396377276759e-07
2021-11-17,17,AR1 alpha + Enhanced + One-Step,NASDAQ:BOKF,0.0
2021-11-18,17,AR1 alpha + Enhanced + One-Step,NASDAQ:BOKF,0.0
2021-11-19,17,AR1 alpha + Enhanced + One-Step,NASDAQ:BOKF,2.473543040281219e-07
2021-11-22,17,AR1 alpha + Enhanced + One-Step,NASDAQ:BOKF,3.581400716400984e-07
2021-11-23,17,AR1 alpha + Enhanced + One-Step,NASDAQ:BOKF,6.574126455062632e-08
2021-11-24,17,AR1 alpha + Enhanced + One-Step,NASDAQ:BOKF,5.7078548702259875e-08
2021-11-26,17,AR1 alpha + Enhanced + One-Step,NASDAQ:BOKF,0.0
2021-11-29,17,AR1 alpha + Enhanced + One-Step,NASDAQ:BOKF,2.016858550534683e-08
2021-11-30,17,AR1 alpha + Enhanced + One-Step,NASDAQ:BOKF,0.0
2021-12-01,17,AR1 alpha + Enhanced + One-Step,NASDAQ:BOKF,0.0
2021-12-02,17,AR1 alpha + Enhanced + One-Step,NASDAQ:BOKF,3.344572606862806e-08
2021-12-03,17,AR1 alpha + Enhanced + One-Step,NASDAQ:BOKF,1.3250664034340076e-07
2021-12-06,17,AR1 alpha + Enhanced + One-Step,NASDAQ:BOKF,0.0
2021-12-07,17,AR1 alpha + Enhanced + One-Step,NASDAQ:BOKF,1.946202705312581e-08
2021-12-08,17,AR1 alpha + Enhanced + One-Step,NASDAQ:BOKF,1.1263398153184652e-07
2021-12-09,17,AR1 alpha + Enhanced + One-Step,NASDAQ:BOKF,4.109715425242506e-08
2021-12-10,17,AR1 alpha + Enhanced + One-Step,NASDAQ:BOKF,2.5646833553555686e-08
2021-12-13,17,AR1 alpha + Enhanced + One-Step,NASDAQ:BOKF,0.0
2021-12-14,17,AR1 alpha + Enhanced + One-Step,NASDAQ:BOKF,4.051271777026172e-07
2021-12-15,17,AR1 alpha + Enhanced + One-Step,NASDAQ:BOKF,6.228818250824516e-07
2021-12-16,17,AR1 alpha + Enhanced + One-Step,NASDAQ:BOKF,5.519877463149993e-07
2021-12-17,17,AR1 alpha + Enhanced + One-Step,NASDAQ:BOKF,2.6347676013415866e-07
2021-12-20,17,AR1 alpha + Enhanced + One-Step,NASDAQ:BOKF,0.0
2021-12-21,17,AR1 alpha + Enhanced + One-Step,NASDAQ:BOKF,1.4795644587578122e-07
2021-12-22,17,AR1 alpha + Enhanced + One-Step,NASDAQ:BOKF,0.018121277864533082
2021-12-23,17,AR1 alpha + Enhanced + One-Step,NASDAQ:BOKF,0.02787264850641802
2021-12-27,17,AR1 alpha + Enhanced + One-Step,NASDAQ:BOKF,0.027872828894040233
2021-12-28,17,AR1 alpha + Enhanced + One-Step,NASDAQ:BOKF,0.027872809024415614
2021-12-29,17,AR1 alpha + Enhanced + One-Step,NASDAQ:BOKF,0.02787259621055145
2021-12-30,17,AR1 alpha + Enhanced + One-Step,NASDAQ:BOKF,0.043899103123193416
2021-12-31,17,AR1 alpha + Enhanced + One-Step,NASDAQ:BOKF,0.052606720444108815
2022-01-03,17,AR1 alpha + Enhanced + One-Step,NASDAQ:BOKF,0.05260673462551295
2022-01-04,17,AR1 alpha + Enhanced + One-Step,NASDAQ:BOKF,0.052606711560278435
2022-01-05,17,AR1 alpha + Enhanced + One-Step,NASDAQ:BOKF,0.052606703612770485
2022-01-06,17,AR1 alpha + Enhanced + One-Step,NASDAQ:BOKF,0.04393183701692844
2022-01-07,17,AR1 alpha + Enhanced + One-Step,NASDAQ:BOKF,0.03916835690525334
2022-01-10,17,AR1 alpha + Enhanced + One-Step,NASDAQ:BOKF,0.0391677238647956
2022-01-11,17,AR1 alpha + Enhanced + One-Step,NASDAQ:BOKF,0.03916753487684476
2022-01-12,17,AR1 alpha + Enhanced + One-Step,NASDAQ:BOKF,0.03916740500831197
2022-01-13,17,AR1 alpha + Enhanced + One-Step,NASDAQ:BOKF,0.039167318538818344
2022-01-14,17,AR1 alpha + Enhanced + One-Step,NASDAQ:BOKF,0.03385515486992176
2022-01-18,17,AR1 alpha + Enhanced + One-Step,NASDAQ:BOKF,0.03385541884127189
2022-01-19,17,AR1 alpha + Enhanced + One-Step,NASDAQ:BOKF,0.03385489584143896
2022-01-20,17,AR1 alpha + Enhanced + One-Step,NASDAQ:BOKF,0.03385495590593668
2022-01-21,17,AR1 alpha + Enhanced + One-Step,NASDAQ:BOKF,0.03385444573616583
2022-01-24,17,AR1 alpha + Enhanced + One-Step,NASDAQ:BOKF,0.05032771441922132
2022-01-25,17,AR1 alpha + Enhanced + One-Step,NASDAQ:BOKF,0.06487050180809271
2022-01-26,17,AR1 alpha + Enhanced + One-Step,NASDAQ:BOKF,0.07237442713326532
2022-01-27,17,AR1 alpha + Enhanced + One-Step,NASDAQ:BOKF,0.07237328507206946
2022-01-28,17,AR1 alpha + Enhanced + One-Step,NASDAQ:BOKF,0.07237329355631554
2022-01-31,17,AR1 alpha + Enhanced + One-Step,NASDAQ:BOKF,0.07237408852714805
2022-02-01,17,AR1 alpha + Enhanced + One-Step,NASDAQ:BOKF,0.07237410444090565
2022-02-02,17,AR1 alpha + Enhanced + One-Step,NASDAQ:BOKF,0.07237407136107227
2022-02-03,17,AR1 alpha + Enhanced + One-Step,NASDAQ:BOKF,0.07237318331622147
2022-02-04,17,AR1 alpha + Enhanced + One-Step,NASDAQ:BOKF,0.07237261662998067
2022-02-07,17,AR1 alpha + Enhanced + One-Step,NASDAQ:BOKF,0.07237249813684447
2022-02-08,17,AR1 alpha + Enhanced + One-Step,NASDAQ:BOKF,0.07237235131395947
2022-02-09,17,AR1 alpha + Enhanced + One-Step,NASDAQ:BOKF,0.07237238908680732
2022-02-10,17,AR1 alpha + Enhanced + One-Step,NASDAQ:BOKF,0.07237239420025533
2022-02-11,17,AR1 alpha + Enhanced + One-Step,NASDAQ:BOKF,0.07237299274246344
2022-02-14,17,AR1 alpha + Enhanced + One-Step,NASDAQ:BOKF,0.07237285774817173
2022-02-15,17,AR1 alpha + Enhanced + One-Step,NASDAQ:BOKF,0.07237287410571105
2022-02-16,17,AR1 alpha + Enhanced + One-Step,NASDAQ:BOKF,0.07237160844652933
2022-02-17,17,AR1 alpha + Enhanced + One-Step,NASDAQ:BOKF,0.07236978934522613
2022-02-18,17,AR1 alpha + Enhanced + One-Step,NASDAQ:BOKF,0.0699197659372539
2022-02-22,17,AR1 alpha + Enhanced + One-Step,NASDAQ:BOKF,0.050756638606507205
2022-02-23,17,AR1 alpha + Enhanced + One-Step,NASDAQ:BOKF,0.050756645351691755
2022-02-24,17,AR1 alpha + Enhanced + One-Step,NASDAQ:BOKF,0.05075581568371925
2022-02-25,17,AR1 alpha + Enhanced + One-Step,NASDAQ:BOKF,0.038419984747083816
2022-02-28,17,AR1 alpha + Enhanced + One-Step,NASDAQ:BOKF,0.03842001042346278
2022-03-01,17,AR1 alpha + Enhanced + One-Step,NASDAQ:BOKF,0.038420168549024164
2022-03-02,17,AR1 alpha + Enhanced + One-Step,NASDAQ:BOKF,0.03644699684194079
2022-03-03,17,AR1 alpha + Enhanced + One-Step,NASDAQ:BOKF,0.026014169092168752
2022-03-04,17,AR1 alpha + Enhanced + One-Step,NASDAQ:BOKF,0.02601359349455914
2022-03-07,17,AR1 alpha + Enhanced + One-Step,NASDAQ:BOKF,0.026015262287222573
2022-03-08,17,AR1 alpha + Enhanced + One-Step,NASDAQ:BOKF,0.01965397581679166
2022-03-09,17,AR1 alpha + Enhanced + One-Step,NASDAQ:BOKF,0.0
2022-03-10,17,AR1 alpha + Enhanced + One-Step,NASDAQ:BOKF,1.184851378789268e-07
2022-03-11,17,AR1 alpha + Enhanced + One-Step,NASDAQ:BOKF,0.0
2022-03-14,17,AR1 alpha + Enhanced + One-Step,NASDAQ:BOKF,0.0
2022-03-15,17,AR1 alpha + Enhanced + One-Step,NASDAQ:BOKF,2.141556561691065e-08
2022-03-16,17,AR1 alpha + Enhanced + One-Step,NASDAQ:BOKF,4.0557452698492765e-08
2022-03-17,17,AR1 alpha + Enhanced + One-Step,NASDAQ:BOKF,7.433493784492005e-09
2022-03-18,17,AR1 alpha + Enhanced + One-Step,NASDAQ:BOKF,0.0
2022-03-21,17,AR1 alpha + Enhanced + One-Step,NASDAQ:BOKF,1.7640401567057039e-07
2022-03-22,17,AR1 alpha + Enhanced + One-Step,NASDAQ:BOKF,1.2258218723550835e-07
2022-03-23,17,AR1 alpha + Enhanced + One-Step,NASDAQ:BOKF,7.091366230124961e-08
2022-03-24,17,AR1 alpha + Enhanced + One-Step,NASDAQ:BOKF,1.6141008112623021e-07
2022-03-25,17,AR1 alpha + Enhanced + One-Step,NASDAQ:BOKF,0.0
2022-03-28,17,AR1 alpha + Enhanced + One-Step,NASDAQ:BOKF,1.593727454821652e-07
2022-03-29,17,AR1 alpha + Enhanced + One-Step,NASDAQ:BOKF,0.0
2022-03-30,17,AR1 alpha + Enhanced + One-Step,NASDAQ:BOKF,0.0
2022-03-31,17,AR1 alpha + Enhanced + One-Step,NASDAQ:BOKF,4.365643705422335e-09
2022-04-01,17,AR1 alpha + Enhanced + One-Step,NASDAQ:BOKF,0.0
2022-04-04,17,AR1 alpha + Enhanced + One-Step,NASDAQ:BOKF,0.0
2022-04-05,17,AR1 alpha + Enhanced + One-Step,NASDAQ:BOKF,7.409151035056728e-08
2022-04-06,17,AR1 alpha + Enhanced + One-Step,NASDAQ:BOKF,0.0
2022-04-07,17,AR1 alpha + Enhanced + One-Step,NASDAQ:BOKF,3.996598115829912e-08
2022-04-08,17,AR1 alpha + Enhanced + One-Step,NASDAQ:BOKF,1.137259332415677e-07
2022-04-11,17,AR1 alpha + Enhanced + One-Step,NASDAQ:BOKF,0.0
2022-04-12,17,AR1 alpha + Enhanced + One-Step,NASDAQ:BOKF,0.0
2022-04-13,17,AR1 alpha + Enhanced + One-Step,NASDAQ:BOKF,5.354981513457273e-08
2022-04-14,17,AR1 alpha + Enhanced + One-Step,NASDAQ:BOKF,0.0
2022-04-18,17,AR1 alpha + Enhanced + One-Step,NASDAQ:BOKF,0.0
2022-04-19,17,AR1 alpha + Enhanced + One-Step,NASDAQ:BOKF,0.0
2022-04-20,17,AR1 alpha + Enhanced + One-Step,NASDAQ:BOKF,0.0
2022-04-21,17,AR1 alpha + Enhanced + One-Step,NASDAQ:BOKF,4.2224536517726244e-08
2022-04-22,17,AR1 alpha + Enhanced + One-Step,NASDAQ:BOKF,0.0
2022-04-25,17,AR1 alpha + Enhanced + One-Step,NASDAQ:BOKF,0.0
2022-04-26,17,AR1 alpha + Enhanced + One-Step,NASDAQ:BOKF,1.0836095872108512e-07
2022-04-27,17,AR1 alpha + Enhanced + One-Step,NASDAQ:BOKF,1.7448222468065586e-07
2022-04-28,17,AR1 alpha + Enhanced + One-Step,NASDAQ:BOKF,0.0
2022-04-29,17,AR1 alpha + Enhanced + One-Step,NASDAQ:BOKF,1.8094119162963559e-06
2022-05-02,17,AR1 alpha + Enhanced + One-Step,NASDAQ:BOKF,6.361488276442539e-07
2022-05-03,17,AR1 alpha + Enhanced + One-Step,NASDAQ:BOKF,2.0742785351964285e-07
2022-05-04,17,AR1 alpha + Enhanced + One-Step,NASDAQ:BOKF,1.2725549379342804e-07
2022-05-05,17,AR1 alpha + Enhanced + One-Step,NASDAQ:BOKF,0.0
2022-05-06,17,AR1 alpha + Enhanced + One-Step,NASDAQ:BOKF,0.0
2022-05-09,17,AR1 alpha + Enhanced + One-Step,NASDAQ:BOKF,1.0997351793108441e-07
2022-05-10,17,AR1 alpha + Enhanced + One-Step,NASDAQ:BOKF,0.0
2022-05-11,17,AR1 alpha + Enhanced + One-Step,NASDAQ:BOKF,2.5925510396180795e-07
2022-05-12,17,AR1 alpha + Enhanced + One-Step,NASDAQ:BOKF,0.0
2022-05-13,17,AR1 alpha + Enhanced + One-Step,NASDAQ:BOKF,0.0
2022-05-16,17,AR1 alpha + Enhanced + One-Step,NASDAQ:BOKF,5.507064201845603e-08
2022-05-17,17,AR1 alpha + Enhanced + One-Step,NASDAQ:BOKF,0.0
2022-05-18,17,AR1 alpha + Enhanced + One-Step,NASDAQ:BOKF,5.164035330720841e-08
2022-05-19,17,AR1 alpha + Enhanced + One-Step,NASDAQ:BOKF,0.0
2022-05-20,17,AR1 alpha + Enhanced + One-Step,NASDAQ:BOKF,4.860124206912036e-09
2022-05-23,17,AR1 alpha + Enhanced + One-Step,NASDAQ:BOKF,0.0
2022-05-24,17,AR1 alpha + Enhanced + One-Step,NASDAQ:BOKF,0.0
2022-05-25,17,AR1 alpha + Enhanced + One-Step,NASDAQ:BOKF,0.0
2022-05-26,17,AR1 alpha + Enhanced + One-Step,NASDAQ:BOKF,1.2294221144438072e-08
2022-05-27,17,AR1 alpha + Enhanced + One-Step,NASDAQ:BOKF,0.0
2022-05-31,17,AR1 alpha + Enhanced + One-Step,NASDAQ:BOKF,0.0
2022-06-01,17,AR1 alpha + Enhanced + One-Step,NASDAQ:BOKF,1.2657047724765466e-06
2022-06-02,17,AR1 alpha + Enhanced + One-Step,NASDAQ:BOKF,9.672256844359884e-07
2022-06-03,17,AR1 alpha + Enhanced + One-Step,NASDAQ:BOKF,0.0
2022-06-06,17,AR1 alpha + Enhanced + One-Step,NASDAQ:BOKF,0.0
2022-06-07,17,AR1 alpha + Enhanced + One-Step,NASDAQ:BOKF,0.0
2022-06-08,17,AR1 alpha + Enhanced + One-Step,NASDAQ:BOKF,0.0
2022-06-09,17,AR1 alpha + Enhanced + One-Step,NASDAQ:BOKF,0.0
2022-06-10,17,AR1 alpha + Enhanced + One-Step,NASDAQ:BOKF,0.0
2022-06-13,17,AR1 alpha + Enhanced + One-Step,NASDAQ:BOKF,0.0
2022-06-14,17,AR1 alpha + Enhanced + One-Step,NASDAQ:BOKF,1.0451298939480684e-06
2022-06-15,17,AR1 alpha + Enhanced + One-Step,NASDAQ:BOKF,4.234314504364466e-07
2022-06-16,17,AR1 alpha + Enhanced + One-Step,NASDAQ:BOKF,4.3328557737735983e-07
2022-06-17,17,AR1 alpha + Enhanced + One-Step,NASDAQ:BOKF,1.8807288658813648e-07
2022-06-21,17,AR1 alpha + Enhanced + One-Step,NASDAQ:BOKF,0.0
2022-06-22,17,AR1 alpha + Enhanced + One-Step,NASDAQ:BOKF,0.0
2022-06-23,17,AR1 alpha + Enhanced + One-Step,NASDAQ:BOKF,0.0
2022-06-24,17,AR1 alpha + Enhanced + One-Step,NASDAQ:BOKF,0.0
2022-06-27,17,AR1 alpha + Enhanced + One-Step,NASDAQ:BOKF,1.6201035158816656e-07
2022-06-28,17,AR1 alpha + Enhanced + One-Step,NASDAQ:BOKF,1.1330778225428633e-07
2022-06-29,17,AR1 alpha + Enhanced + One-Step,NASDAQ:BOKF,4.029381805381905e-08
2022-06-30,17,AR1 alpha + Enhanced + One-Step,NASDAQ:BOKF,1.9053114397663856e-07
2022-07-01,17,AR1 alpha + Enhanced + One-Step,NASDAQ:BOKF,0.0
2022-07-05,17,AR1 alpha + Enhanced + One-Step,NASDAQ:BOKF,0.0
2022-07-06,17,AR1 alpha + Enhanced + One-Step,NASDAQ:BOKF,0.0
2022-07-07,17,AR1 alpha + Enhanced + One-Step,NASDAQ:BOKF,0.0
2022-07-08,17,AR1 alpha + Enhanced + One-Step,NASDAQ:BOKF,0.0
2022-07-11,17,AR1 alpha + Enhanced + One-Step,NASDAQ:BOKF,0.0
2022-07-12,17,AR1 alpha + Enhanced + One-Step,NASDAQ:BOKF,0.0
2022-07-13,17,AR1 alpha + Enhanced + One-Step,NASDAQ:BOKF,0.0
2022-07-14,17,AR1 alpha + Enhanced + One-Step,NASDAQ:BOKF,1.7589564415908236e-08
2022-07-15,17,AR1 alpha + Enhanced + One-Step,NASDAQ:BOKF,3.954664195703411e-08
2022-07-18,17,AR1 alpha + Enhanced + One-Step,NASDAQ:BOKF,0.0
2022-07-19,17,AR1 alpha + Enhanced + One-Step,NASDAQ:BOKF,0.0
2022-07-20,17,AR1 alpha + Enhanced + One-Step,NASDAQ:BOKF,0.0
2022-07-21,17,AR1 alpha + Enhanced + One-Step,NASDAQ:BOKF,0.0
2022-07-22,17,AR1 alpha + Enhanced + One-Step,NASDAQ:BOKF,0.0
2022-07-25,17,AR1 alpha + Enhanced + One-Step,NASDAQ:BOKF,3.994045064263839e-07
2022-07-26,17,AR1 alpha + Enhanced + One-Step,NASDAQ:BOKF,8.726796107777796e-09
2022-07-27,17,AR1 alpha + Enhanced + One-Step,NASDAQ:BOKF,6.744346191715742e-09
2022-07-28,17,AR1 alpha + Enhanced + One-Step,NASDAQ:BOKF,1.7263180820348317e-08
2022-07-29,17,AR1 alpha + Enhanced + One-Step,NASDAQ:BOKF,0.0
2022-08-01,17,AR1 alpha + Enhanced + One-Step,NASDAQ:BOKF,9.822866784768192e-09
2022-08-02,17,AR1 alpha + Enhanced + One-Step,NASDAQ:BOKF,0.0
2022-08-03,17,AR1 alpha + Enhanced + One-Step,NASDAQ:BOKF,0.0
2022-08-04,17,AR1 alpha + Enhanced + One-Step,NASDAQ:BOKF,4.745729524727102e-09
2022-08-05,17,AR1 alpha + Enhanced + One-Step,NASDAQ:BOKF,0.0
2022-08-08,17,AR1 alpha + Enhanced + One-Step,NASDAQ:BOKF,0.0
2022-08-09,17,AR1 alpha + Enhanced + One-Step,NASDAQ:BOKF,3.652413131057366e-07
2022-08-10,17,AR1 alpha + Enhanced + One-Step,NASDAQ:BOKF,0.0
2022-08-11,17,AR1 alpha + Enhanced + One-Step,NASDAQ:BOKF,0.0
2022-08-12,17,AR1 alpha + Enhanced + One-Step,NASDAQ:BOKF,2.287829946372313e-08
2022-08-15,17,AR1 alpha + Enhanced + One-Step,NASDAQ:BOKF,1.4191062897061326e-08
2022-08-16,17,AR1 alpha + Enhanced + One-Step,NASDAQ:BOKF,5.208334270788085e-08
2022-08-17,17,AR1 alpha + Enhanced + One-Step,NASDAQ:BOKF,6.463144837541723e-08
2022-08-18,17,AR1 alpha + Enhanced + One-Step,NASDAQ:BOKF,0.0
2022-08-19,17,AR1 alpha + Enhanced + One-Step,NASDAQ:BOKF,0.0
2022-08-22,17,AR1 alpha + Enhanced + One-Step,NASDAQ:BOKF,3.4739014353099874e-07
2022-08-23,17,AR1 alpha + Enhanced + One-Step,NASDAQ:BOKF,4.1512026139261853e-07
2022-08-24,17,AR1 alpha + Enhanced + One-Step,NASDAQ:BOKF,2.3290113849233163e-07
2022-08-25,17,AR1 alpha + Enhanced + One-Step,NASDAQ:BOKF,0.0
2022-08-26,17,AR1 alpha + Enhanced + One-Step,NASDAQ:BOKF,5.596341453498703e-10
2022-08-29,17,AR1 alpha + Enhanced + One-Step,NASDAQ:BOKF,6.294817179826099e-08
2022-08-30,17,AR1 alpha + Enhanced + One-Step,NASDAQ:BOKF,4.730076745569779e-08
2022-08-31,17,AR1 alpha + Enhanced + One-Step,NASDAQ:BOKF,0.0
2022-09-01,17,AR1 alpha + Enhanced + One-Step,NASDAQ:BOKF,7.976707212743826e-08
2022-09-02,17,AR1 alpha + Enhanced + One-Step,NASDAQ:BOKF,4.359900233584805e-08
2022-09-06,17,AR1 alpha + Enhanced + One-Step,NASDAQ:BOKF,2.3671160433041993e-08
2022-09-07,17,AR1 alpha + Enhanced + One-Step,NASDAQ:BOKF,4.973907923613862e-08
2022-09-08,17,AR1 alpha + Enhanced + One-Step,NASDAQ:BOKF,1.260478906109518e-07
2022-09-09,17,AR1 alpha + Enhanced + One-Step,NASDAQ:BOKF,0.0
2022-09-12,17,AR1 alpha + Enhanced + One-Step,NASDAQ:BOKF,0.0
2022-09-13,17,AR1 alpha + Enhanced + One-Step,NASDAQ:BOKF,1.4530578782753166e-08
2022-09-14,17,AR1 alpha + Enhanced + One-Step,NASDAQ:BOKF,8.411135409689363e-08
2022-09-15,17,AR1 alpha + Enhanced + One-Step,NASDAQ:BOKF,4.7231907861701575e-08
2022-09-16,17,AR1 alpha + Enhanced + One-Step,NASDAQ:BOKF,7.975285931235234e-08
2022-09-19,17,AR1 alpha + Enhanced + One-Step,NASDAQ:BOKF,6.96714470615959e-08
2022-09-20,17,AR1 alpha + Enhanced + One-Step,NASDAQ:BOKF,1.9329841133016087e-07
2022-09-21,17,AR1 alpha + Enhanced + One-Step,NASDAQ:BOKF,3.248921610090235e-09
2022-09-22,17,AR1 alpha + Enhanced + One-Step,NASDAQ:BOKF,0.0
2022-09-23,17,AR1 alpha + Enhanced + One-Step,NASDAQ:BOKF,0.0
2022-09-26,17,AR1 alpha + Enhanced + One-Step,NASDAQ:BOKF,0.0
2022-09-27,17,AR1 alpha + Enhanced + One-Step,NASDAQ:BOKF,0.0
2022-09-28,17,AR1 alpha + Enhanced + One-Step,NASDAQ:BOKF,0.0
2022-09-29,17,AR1 alpha + Enhanced + One-Step,NASDAQ:BOKF,3.537462646286915e-07
2022-09-30,17,AR1 alpha + Enhanced + One-Step,NASDAQ:BOKF,1.5500028924944788e-07
2022-10-03,17,AR1 alpha + Enhanced + One-Step,NASDAQ:BOKF,1.226453797811644e-07
2022-10-04,17,AR1 alpha + Enhanced + One-Step,NASDAQ:BOKF,0.0
2022-10-05,17,AR1 alpha + Enhanced + One-Step,NASDAQ:BOKF,0.006198793916071166
2022-10-06,17,AR1 alpha + Enhanced + One-Step,NASDAQ:BOKF,0.010588180734614696
2022-10-07,17,AR1 alpha + Enhanced + One-Step,NASDAQ:BOKF,0.010588216790018631
2022-10-10,17,AR1 alpha + Enhanced + One-Step,NASDAQ:BOKF,0.010587612902812949
2022-10-11,17,AR1 alpha + Enhanced + One-Step,NASDAQ:BOKF,0.010587148601217157
2022-10-12,17,AR1 alpha + Enhanced + One-Step,NASDAQ:BOKF,0.010587032897494816
2022-10-13,17,AR1 alpha + Enhanced + One-Step,NASDAQ:BOKF,0.011547903625262538
2022-10-14,17,AR1 alpha + Enhanced + One-Step,NASDAQ:BOKF,0.020762855103198977
2022-10-17,17,AR1 alpha + Enhanced + One-Step,NASDAQ:BOKF,0.027193921149017076
2022-10-18,17,AR1 alpha + Enhanced + One-Step,NASDAQ:BOKF,0.04050369809467573
2022-10-19,17,AR1 alpha + Enhanced + One-Step,NASDAQ:BOKF,0.04521124268979488
2022-10-20,17,AR1 alpha + Enhanced + One-Step,NASDAQ:BOKF,0.04521085075488571
2022-10-21,17,AR1 alpha + Enhanced + One-Step,NASDAQ:BOKF,0.04521090494306621
2022-10-24,17,AR1 alpha + Enhanced + One-Step,NASDAQ:BOKF,0.04520949184839459
2022-10-25,17,AR1 alpha + Enhanced + One-Step,NASDAQ:BOKF,0.054363559186560134
2022-10-26,17,AR1 alpha + Enhanced + One-Step,NASDAQ:BOKF,0.06700098178128201
2022-10-27,17,AR1 alpha + Enhanced + One-Step,NASDAQ:BOKF,0.07274038907109069
2022-10-28,17,AR1 alpha + Enhanced + One-Step,NASDAQ:BOKF,0.09726893906858251
2022-10-31,17,AR1 alpha + Enhanced + One-Step,NASDAQ:BOKF,0.09999931314837007
2022-11-01,17,AR1 alpha + Enhanced + One-Step,NASDAQ:BOKF,0.09999621398100114
2022-11-02,17,AR1 alpha + Enhanced + One-Step,NASDAQ:BOKF,0.09486951394812267
2022-11-03,17,AR1 alpha + Enhanced + One-Step,NASDAQ:BOKF,0.09487216288190406
2022-11-04,17,AR1 alpha + Enhanced + One-Step,NASDAQ:BOKF,0.09487148744607485
2022-11-07,17,AR1 alpha + Enhanced + One-Step,NASDAQ:BOKF,0.09486738319665433
2022-11-08,17,AR1 alpha + Enhanced + One-Step,NASDAQ:BOKF,0.07460829929756889
2022-11-09,17,AR1 alpha + Enhanced + One-Step,NASDAQ:BOKF,0.07460772256428709
2022-11-10,17,AR1 alpha + Enhanced + One-Step,NASDAQ:BOKF,0.07460772271105165
2022-11-11,17,AR1 alpha + Enhanced + One-Step,NASDAQ:BOKF,0.0578498237932889
2022-11-14,17,AR1 alpha + Enhanced + One-Step,NASDAQ:BOKF,0.04691118195498326
2022-11-15,17,AR1 alpha + Enhanced + One-Step,NASDAQ:BOKF,0.03625205383856329
2022-11-16,17,AR1 alpha + Enhanced + One-Step,NASDAQ:BOKF,0.017891924680390053
2022-11-17,17,AR1 alpha + Enhanced + One-Step,NASDAQ:BOKF,0.01789167440144125
2022-11-18,17,AR1 alpha + Enhanced + One-Step,NASDAQ:BOKF,0.01531896639725786
2022-11-21,17,AR1 alpha + Enhanced + One-Step,NASDAQ:BOKF,0.0
2022-11-22,17,AR1 alpha + Enhanced + One-Step,NASDAQ:BOKF,1.1750054042287771e-06
2022-11-23,17,AR1 alpha + Enhanced + One-Step,NASDAQ:BOKF,1.1596913022718134e-06
2022-11-25,17,AR1 alpha + Enhanced + One-Step,NASDAQ:BOKF,9.361129482231085e-07
2022-11-28,17,AR1 alpha + Enhanced + One-Step,NASDAQ:BOKF,5.856158916537293e-07
2022-11-29,17,AR1 alpha + Enhanced + One-Step,NASDAQ:BOKF,4.36953304157914e-07
2022-11-30,17,AR1 alpha + Enhanced + One-Step,NASDAQ:BOKF,3.238997005634243e-07
2022-12-01,17,AR1 alpha + Enhanced + One-Step,NASDAQ:BOKF,1.6815792574889477e-07
2022-12-02,17,AR1 alpha + Enhanced + One-Step,NASDAQ:BOKF,1.7211824429629093e-07
2022-12-05,17,AR1 alpha + Enhanced + One-Step,NASDAQ:BOKF,0.0
2022-12-06,17,AR1 alpha + Enhanced + One-Step,NASDAQ:BOKF,0.0
2022-12-07,17,AR1 alpha + Enhanced + One-Step,NASDAQ:BOKF,0.0
2022-12-08,17,AR1 alpha + Enhanced + One-Step,NASDAQ:BOKF,0.0
2022-12-09,17,AR1 alpha + Enhanced + One-Step,NASDAQ:BOKF,0.0
2022-12-12,17,AR1 alpha + Enhanced + One-Step,NASDAQ:BOKF,0.0
2022-12-13,17,AR1 alpha + Enhanced + One-Step,NASDAQ:BOKF,0.0
2022-12-14,17,AR1 alpha + Enhanced + One-Step,NASDAQ:BOKF,0.0
2022-12-15,17,AR1 alpha + Enhanced + One-Step,NASDAQ:BOKF,0.0
2022-12-16,17,AR1 alpha + Enhanced + One-Step,NASDAQ:BOKF,0.0
2022-12-19,17,AR1 alpha + Enhanced + One-Step,NASDAQ:BOKF,0.0
2022-12-20,17,AR1 alpha + Enhanced + One-Step,NASDAQ:BOKF,2.1019658322035042e-07
2022-12-21,17,AR1 alpha + Enhanced + One-Step,NASDAQ:BOKF,2.295675075097058e-07
2022-12-22,17,AR1 alpha + Enhanced + One-Step,NASDAQ:BOKF,1.774472217472952e-07
2022-12-23,17,AR1 alpha + Enhanced + One-Step,NASDAQ:BOKF,1.653432201331385e-07
2022-12-27,17,AR1 alpha + Enhanced + One-Step,NASDAQ:BOKF,1.3505049800985953e-07
2022-12-28,17,AR1 alpha + Enhanced + One-Step,NASDAQ:BOKF,9.94302601576277e-08
2022-12-29,17,AR1 alpha + Enhanced + One-Step,NASDAQ:BOKF,0.0
2022-12-30,17,AR1 alpha + Enhanced + One-Step,NASDAQ:BOKF,1.8718986999175208e-08
2023-01-03,17,AR1 alpha + Enhanced + One-Step,NASDAQ:BOKF,2.510815040661633e-08
2023-01-04,17,AR1 alpha + Enhanced + One-Step,NASDAQ:BOKF,0.0
2023-01-05,17,AR1 alpha + Enhanced + One-Step,NASDAQ:BOKF,5.58465024458089e-07
2023-01-06,17,AR1 alpha + Enhanced + One-Step,NASDAQ:BOKF,3.262731899544056e-07
2023-01-09,17,AR1 alpha + Enhanced + One-Step,NASDAQ:BOKF,3.6200847281530937e-08
2023-01-10,17,AR1 alpha + Enhanced + One-Step,NASDAQ:BOKF,0.0
2023-01-11,17,AR1 alpha + Enhanced + One-Step,NASDAQ:BOKF,0.0
2023-01-12,17,AR1 alpha + Enhanced + One-Step,NASDAQ:BOKF,0.0
2023-01-13,17,AR1 alpha + Enhanced + One-Step,NASDAQ:BOKF,0.0
2023-01-17,17,AR1 alpha + Enhanced + One-Step,NASDAQ:BOKF,0.0
2023-01-18,17,AR1 alpha + Enhanced + One-Step,NASDAQ:BOKF,2.1333471712274805e-07
2023-01-19,17,AR1 alpha + Enhanced + One-Step,NASDAQ:BOKF,0.0
2023-01-20,17,AR1 alpha + Enhanced + One-Step,NASDAQ:BOKF,0.0
2023-01-23,17,AR1 alpha + Enhanced + One-Step,NASDAQ:BOKF,0.0
2023-01-24,17,AR1 alpha + Enhanced + One-Step,NASDAQ:BOKF,3.5284849202823015e-08
2023-01-25,17,AR1 alpha + Enhanced + One-Step,NASDAQ:BOKF,3.429725091284661e-08
2023-01-26,17,AR1 alpha + Enhanced + One-Step,NASDAQ:BOKF,0.0
2023-01-27,17,AR1 alpha + Enhanced + One-Step,NASDAQ:BOKF,0.0
2023-01-30,17,AR1 alpha + Enhanced + One-Step,NASDAQ:BOKF,0.0
2023-01-31,17,AR1 alpha + Enhanced + One-Step,NASDAQ:BOKF,0.0
2023-02-01,17,AR1 alpha + Enhanced + One-Step,NASDAQ:BOKF,0.0
2023-02-02,17,AR1 alpha + Enhanced + One-Step,NASDAQ:BOKF,1.0515207247060507e-06
2023-02-03,17,AR1 alpha + Enhanced + One-Step,NASDAQ:BOKF,8.258986184190561e-07
2023-02-06,17,AR1 alpha + Enhanced + One-Step,NASDAQ:BOKF,6.79081389519953e-07
2023-02-07,17,AR1 alpha + Enhanced + One-Step,NASDAQ:BOKF,2.5187835410574532e-06
2023-02-08,17,AR1 alpha + Enhanced + One-Step,NASDAQ:BOKF,2.015541018228302e-06
2023-02-09,17,AR1 alpha + Enhanced + One-Step,NASDAQ:BOKF,1.4480404104631618e-06
2023-02-10,17,AR1 alpha + Enhanced + One-Step,NASDAQ:BOKF,2.4967721408822764e-07
2023-02-13,17,AR1 alpha + Enhanced + One-Step,NASDAQ:BOKF,1.6346503615982412e-07
2023-02-14,17,AR1 alpha + Enhanced + One-Step,NASDAQ:BOKF,2.816668177166139e-07
2023-02-15,17,AR1 alpha + Enhanced + One-Step,NASDAQ:BOKF,1.2233673437173196e-07
2023-02-16,17,AR1 alpha + Enhanced + One-Step,NASDAQ:BOKF,0.0
2023-02-17,17,AR1 alpha + Enhanced + One-Step,NASDAQ:BOKF,0.0
2023-02-21,17,AR1 alpha + Enhanced + One-Step,NASDAQ:BOKF,0.0
2023-02-22,17,AR1 alpha + Enhanced + One-Step,NASDAQ:BOKF,4.2879006362040554e-08
2023-02-23,17,AR1 alpha + Enhanced + One-Step,NASDAQ:BOKF,7.944409812848553e-08
2023-02-24,17,AR1 alpha + Enhanced + One-Step,NASDAQ:BOKF,1.5850992774017294e-06
2023-02-27,17,AR1 alpha + Enhanced + One-Step,NASDAQ:BOKF,1.2448270001546695e-06
2023-02-28,17,AR1 alpha + Enhanced + One-Step,NASDAQ:BOKF,1.7038661139205314e-06
2023-03-01,17,AR1 alpha + Enhanced + One-Step,NASDAQ:BOKF,1.2898379119102448e-06
2023-03-02,17,AR1 alpha + Enhanced + One-Step,NASDAQ:BOKF,3.013033340440433e-07
2023-03-03,17,AR1 alpha + Enhanced + One-Step,NASDAQ:BOKF,0.0
2023-03-06,17,AR1 alpha + Enhanced + One-Step,NASDAQ:BOKF,2.899062308073603e-10
2023-03-07,17,AR1 alpha + Enhanced + One-Step,NASDAQ:BOKF,0.0
2023-03-08,17,AR1 alpha + Enhanced + One-Step,NASDAQ:BOKF,0.0
2023-03-09,17,AR1 alpha + Enhanced + One-Step,NASDAQ:BOKF,0.0
2023-03-10,17,AR1 alpha + Enhanced + One-Step,NASDAQ:BOKF,0.0
2023-03-13,17,AR1 alpha + Enhanced + One-Step,NASDAQ:BOKF,0.0
2023-03-14,17,AR1 alpha + Enhanced + One-Step,NASDAQ:BOKF,0.0
2023-03-15,17,AR1 alpha + Enhanced + One-Step,NASDAQ:BOKF,0.0
2023-03-16,17,AR1 alpha + Enhanced + One-Step,NASDAQ:BOKF,3.1677882757551515e-09
2023-03-17,17,AR1 alpha + Enhanced + One-Step,NASDAQ:BOKF,0.0
2023-03-20,17,AR1 alpha + Enhanced + One-Step,NASDAQ:BOKF,0.0
2023-03-21,17,AR1 alpha + Enhanced + One-Step,NASDAQ:BOKF,0.0
2023-03-22,17,AR1 alpha + Enhanced + One-Step,NASDAQ:BOKF,0.0
2023-03-23,17,AR1 alpha + Enhanced + One-Step,NASDAQ:BOKF,0.0
2023-03-24,17,AR1 alpha + Enhanced + One-Step,NASDAQ:BOKF,0.0
2023-03-27,17,AR1 alpha + Enhanced + One-Step,NASDAQ:BOKF,0.0
2023-03-28,17,AR1 alpha + Enhanced + One-Step,NASDAQ:BOKF,0.0
2023-03-29,17,AR1 alpha + Enhanced + One-Step,NASDAQ:BOKF,1.0498141399733545e-08
2023-03-30,17,AR1 alpha + Enhanced + One-Step,NASDAQ:BOKF,2.5431330855820134e-08
2023-03-31,17,AR1 alpha + Enhanced + One-Step,NASDAQ:BOKF,1.5889819846438574e-07
2023-04-03,17,AR1 alpha + Enhanced + One-Step,NASDAQ:BOKF,1.5124615943966005e-07
2023-04-04,17,AR1 alpha + Enhanced + One-Step,NASDAQ:BOKF,0.0
2023-04-05,17,AR1 alpha + Enhanced + One-Step,NASDAQ:BOKF,0.0
2023-04-06,17,AR1 alpha + Enhanced + One-Step,NASDAQ:BOKF,0.0
2023-04-10,17,AR1 alpha + Enhanced + One-Step,NASDAQ:BOKF,6.79157725389928e-07
2023-04-11,17,AR1 alpha + Enhanced + One-Step,NASDAQ:BOKF,0.0
2023-04-12,17,AR1 alpha + Enhanced + One-Step,NASDAQ:BOKF,5.943732236552324e-08
2023-04-13,17,AR1 alpha + Enhanced + One-Step,NASDAQ:BOKF,1.6945883318631938e-08
2023-04-14,17,AR1 alpha + Enhanced + One-Step,NASDAQ:BOKF,3.5302967886193307e-08
2023-04-17,17,AR1 alpha + Enhanced + One-Step,NASDAQ:BOKF,2.6362254467898573e-07
2023-04-18,17,AR1 alpha + Enhanced + One-Step,NASDAQ:BOKF,5.65952472689185e-08
2023-04-19,17,AR1 alpha + Enhanced + One-Step,NASDAQ:BOKF,0.0
2023-04-20,17,AR1 alpha + Enhanced + One-Step,NASDAQ:BOKF,8.122527875262883e-08
2023-04-21,17,AR1 alpha + Enhanced + One-Step,NASDAQ:BOKF,0.0
2023-04-24,17,AR1 alpha + Enhanced + One-Step,NASDAQ:BOKF,0.0
2023-04-25,17,AR1 alpha + Enhanced + One-Step,NASDAQ:BOKF,0.0
2023-04-26,17,AR1 alpha + Enhanced + One-Step,NASDAQ:BOKF,0.0
2023-04-27,17,AR1 alpha + Enhanced + One-Step,NASDAQ:BOKF,0.0
2023-04-28,17,AR1 alpha + Enhanced + One-Step,NASDAQ:BOKF,0.0
2023-05-01,17,AR1 alpha + Enhanced + One-Step,NASDAQ:BOKF,0.0
2023-05-02,17,AR1 alpha + Enhanced + One-Step,NASDAQ:BOKF,1.0966107702224353e-07
2023-05-03,17,AR1 alpha + Enhanced + One-Step,NASDAQ:BOKF,3.594186125311739e-07
2023-05-04,17,AR1 alpha + Enhanced + One-Step,NASDAQ:BOKF,2.503546867632178e-07
2023-05-05,17,AR1 alpha + Enhanced + One-Step,NASDAQ:BOKF,1.4586259490678736e-07
2023-05-08,17,AR1 alpha + Enhanced + One-Step,NASDAQ:BOKF,0.0
2023-05-09,17,AR1 alpha + Enhanced + One-Step,NASDAQ:BOKF,0.0
2023-05-10,17,AR1 alpha + Enhanced + One-Step,NASDAQ:BOKF,3.630915178242733e-08
2023-05-11,17,AR1 alpha + Enhanced + One-Step,NASDAQ:BOKF,4.223054673792992e-09
2023-05-12,17,AR1 alpha + Enhanced + One-Step,NASDAQ:BOKF,1.2122349497729382e-07
2023-05-15,17,AR1 alpha + Enhanced + One-Step,NASDAQ:BOKF,0.0
2023-05-16,17,AR1 alpha + Enhanced + One-Step,NASDAQ:BOKF,9.45305589168825e-08
2023-05-17,17,AR1 alpha + Enhanced + One-Step,NASDAQ:BOKF,0.0
2023-05-18,17,AR1 alpha + Enhanced + One-Step,NASDAQ:BOKF,1.4226011608615347e-06
2023-05-19,17,AR1 alpha + Enhanced + One-Step,NASDAQ:BOKF,8.342767155345581e-07
2023-05-22,17,AR1 alpha + Enhanced + One-Step,NASDAQ:BOKF,5.761849856326095e-07
2023-05-23,17,AR1 alpha + Enhanced + One-Step,NASDAQ:BOKF,2.79950946011844e-08
2023-05-24,17,AR1 alpha + Enhanced + One-Step,NASDAQ:BOKF,0.0
2023-05-25,17,AR1 alpha + Enhanced + One-Step,NASDAQ:BOKF,0.0
2023-05-26,17,AR1 alpha + Enhanced + One-Step,NASDAQ:BOKF,0.0
2023-05-30,17,AR1 alpha + Enhanced + One-Step,NASDAQ:BOKF,0.0
2023-05-31,17,AR1 alpha + Enhanced + One-Step,NASDAQ:BOKF,1.8461445829220398e-07
2023-06-01,17,AR1 alpha + Enhanced + One-Step,NASDAQ:BOKF,0.0
2023-06-02,17,AR1 alpha + Enhanced + One-Step,NASDAQ:BOKF,0.0
2023-06-05,17,AR1 alpha + Enhanced + One-Step,NASDAQ:BOKF,0.0008469993088509419
2023-06-06,17,AR1 alpha + Enhanced + One-Step,NASDAQ:BOKF,0.001111767802318684
2023-06-07,17,AR1 alpha + Enhanced + One-Step,NASDAQ:BOKF,0.003990338201752001
2023-06-08,17,AR1 alpha + Enhanced + One-Step,NASDAQ:BOKF,0.02191346450318678
2023-06-09,17,AR1 alpha + Enhanced + One-Step,NASDAQ:BOKF,0.030613240620207424
2023-06-12,17,AR1 alpha + Enhanced + One-Step,NASDAQ:BOKF,0.03816019164176565
2023-06-13,17,AR1 alpha + Enhanced + One-Step,NASDAQ:BOKF,0.04619291955695367
2023-06-14,17,AR1 alpha + Enhanced + One-Step,NASDAQ:BOKF,0.04619316919966447
2023-06-15,17,AR1 alpha + Enhanced + One-Step,NASDAQ:BOKF,0.04619250674633131
2023-06-16,17,AR1 alpha + Enhanced + One-Step,NASDAQ:BOKF,0.05191473502769072
2023-06-20,17,AR1 alpha + Enhanced + One-Step,NASDAQ:BOKF,0.05191317090720843
2023-06-21,17,AR1 alpha + Enhanced + One-Step,NASDAQ:BOKF,0.05552452589143701
2023-06-22,17,AR1 alpha + Enhanced + One-Step,NASDAQ:BOKF,0.05552390434827322
2023-06-23,17,AR1 alpha + Enhanced + One-Step,NASDAQ:BOKF,0.055522615268007024
2023-06-26,17,AR1 alpha + Enhanced + One-Step,NASDAQ:BOKF,0.05551987976914217
2023-06-27,17,AR1 alpha + Enhanced + One-Step,NASDAQ:BOKF,0.05551853682291809
2023-06-28,17,AR1 alpha + Enhanced + One-Step,NASDAQ:BOKF,0.05551326865040177
2023-06-29,17,AR1 alpha + Enhanced + One-Step,NASDAQ:BOKF,0.055510886650788016
2023-06-30,17,AR1 alpha + Enhanced + One-Step,NASDAQ:BOKF,0.055510192276523415
2023-07-03,17,AR1 alpha + Enhanced + One-Step,NASDAQ:BOKF,0.05396946072018073
2023-07-05,17,AR1 alpha + Enhanced + One-Step,NASDAQ:BOKF,0.05276357841742901
2023-07-06,17,AR1 alpha + Enhanced + One-Step,NASDAQ:BOKF,0.052763698875439996
2023-07-07,17,AR1 alpha + Enhanced + One-Step,NASDAQ:BOKF,0.04866508901495066
2023-07-10,17,AR1 alpha + Enhanced + One-Step,NASDAQ:BOKF,0.04866514979018273
2023-07-11,17,AR1 alpha + Enhanced + One-Step,NASDAQ:BOKF,0.04866283307090409
2023-07-12,17,AR1 alpha + Enhanced + One-Step,NASDAQ:BOKF,0.04866298699550141
2023-07-13,17,AR1 alpha + Enhanced + One-Step,NASDAQ:BOKF,0.04865975828906214
2023-07-14,17,AR1 alpha + Enhanced + One-Step,NASDAQ:BOKF,0.04865783676861122
2023-07-17,17,AR1 alpha + Enhanced + One-Step,NASDAQ:BOKF,0.05341746028860955
2023-07-18,17,AR1 alpha + Enhanced + One-Step,NASDAQ:BOKF,0.05341805559243004
2023-07-19,17,AR1 alpha + Enhanced + One-Step,NASDAQ:BOKF,0.05341611895092401
2023-07-20,17,AR1 alpha + Enhanced + One-Step,NASDAQ:BOKF,0.05341556930927976
2023-07-21,17,AR1 alpha + Enhanced + One-Step,NASDAQ:BOKF,0.053414555763433465
2023-07-24,17,AR1 alpha + Enhanced + One-Step,NASDAQ:BOKF,0.05340936709553888
2023-07-25,17,AR1 alpha + Enhanced + One-Step,NASDAQ:BOKF,0.053407846526266976
2023-07-26,17,AR1 alpha + Enhanced + One-Step,NASDAQ:BOKF,0.05340435543012403
2023-07-27,17,AR1 alpha + Enhanced + One-Step,NASDAQ:BOKF,0.05340305833526594
2023-08-01,17,AR1 alpha + Enhanced + One-Step,NASDAQ:BOKF,0.053402418825783046
2023-08-02,17,AR1 alpha + Enhanced + One-Step,NASDAQ:BOKF,0.05340191389736534
2023-08-03,17,AR1 alpha + Enhanced + One-Step,NASDAQ:BOKF,0.05340210685236052
2023-08-04,17,AR1 alpha + Enhanced + One-Step,NASDAQ:BOKF,0.0531052708631911
2023-08-07,17,AR1 alpha + Enhanced + One-Step,NASDAQ:BOKF,0.05310489506295397
2023-08-08,17,AR1 alpha + Enhanced + One-Step,NASDAQ:BOKF,0.040601511388066586
2023-08-09,17,AR1 alpha + Enhanced + One-Step,NASDAQ:BOKF,0.03636951732902991
2023-08-10,17,AR1 alpha + Enhanced + One-Step,NASDAQ:BOKF,0.03558913091802719
2023-08-11,17,AR1 alpha + Enhanced + One-Step,NASDAQ:BOKF,0.035587962493598226
2023-08-14,17,AR1 alpha + Enhanced + One-Step,NASDAQ:BOKF,0.035586169596346195
2023-08-15,17,AR1 alpha + Enhanced + One-Step,NASDAQ:BOKF,0.029044918642177644
2023-08-16,17,AR1 alpha + Enhanced + One-Step,NASDAQ:BOKF,0.0201529491826722
2023-08-17,17,AR1 alpha + Enhanced + One-Step,NASDAQ:BOKF,0.011055060986481593
2023-08-18,17,AR1 alpha + Enhanced + One-Step,NASDAQ:BOKF,0.0026522126845043735
2023-08-21,17,AR1 alpha + Enhanced + One-Step,NASDAQ:BOKF,0.0
2023-08-22,17,AR1 alpha + Enhanced + One-Step,NASDAQ:BOKF,0.0
2023-08-23,17,AR1 alpha + Enhanced + One-Step,NASDAQ:BOKF,0.0
2023-08-24,17,AR1 alpha + Enhanced + One-Step,NASDAQ:BOKF,0.0
2023-08-25,17,AR1 alpha + Enhanced + One-Step,NASDAQ:BOKF,0.0
2023-08-28,17,AR1 alpha + Enhanced + One-Step,NASDAQ:BOKF,0.0
2023-08-29,17,AR1 alpha + Enhanced + One-Step,NASDAQ:BOKF,0.0
2023-08-30,17,AR1 alpha + Enhanced + One-Step,NASDAQ:BOKF,0.0
2023-08-31,17,AR1 alpha + Enhanced + One-Step,NASDAQ:BOKF,0.0
2023-09-01,17,AR1 alpha + Enhanced + One-Step,NASDAQ:BOKF,0.0
2023-09-05,17,AR1 alpha + Enhanced + One-Step,NASDAQ:BOKF,0.0
2023-09-06,17,AR1 alpha + Enhanced + One-Step,NASDAQ:BOKF,0.0
2023-09-07,17,AR1 alpha + Enhanced + One-Step,NASDAQ:BOKF,5.656710549842275e-08
2023-09-08,17,AR1 alpha + Enhanced + One-Step,NASDAQ:BOKF,0.0
2023-09-11,17,AR1 alpha + Enhanced + One-Step,NASDAQ:BOKF,1.5257526617543515e-07
2023-09-12,17,AR1 alpha + Enhanced + One-Step,NASDAQ:BOKF,2.406276913095007e-07
2023-09-13,17,AR1 alpha + Enhanced + One-Step,NASDAQ:BOKF,0.0
2023-09-14,17,AR1 alpha + Enhanced + One-Step,NASDAQ:BOKF,4.5314236657919455e-08
2023-09-15,17,AR1 alpha + Enhanced + One-Step,NASDAQ:BOKF,3.473329113127291e-07
2023-09-18,17,AR1 alpha + Enhanced + One-Step,NASDAQ:BOKF,1.1564214031492673e-07
2023-09-19,17,AR1 alpha + Enhanced + One-Step,NASDAQ:BOKF,1.0666956306772665e-07
2023-09-20,17,AR1 alpha + Enhanced + One-Step,NASDAQ:BOKF,8.526536910162319e-08
2023-09-21,17,AR1 alpha + Enhanced + One-Step,NASDAQ:BOKF,1.2282789100050692e-07
2023-09-22,17,AR1 alpha + Enhanced + One-Step,NASDAQ:BOKF,1.034192090329079e-07
2023-09-25,17,AR1 alpha + Enhanced + One-Step,NASDAQ:BOKF,0.0
2023-09-26,17,AR1 alpha + Enhanced + One-Step,NASDAQ:BOKF,0.0
2023-09-27,17,AR1 alpha + Enhanced + One-Step,NASDAQ:BOKF,0.0
2023-09-28,17,AR1 alpha + Enhanced + One-Step,NASDAQ:BOKF,1.2066564222478962e-08
2023-09-29,17,AR1 alpha + Enhanced + One-Step,NASDAQ:BOKF,4.9664496708580646e-09
2023-10-02,17,AR1 alpha + Enhanced + One-Step,NASDAQ:BOKF,0.0
2023-10-03,17,AR1 alpha + Enhanced + One-Step,NASDAQ:BOKF,0.0
2023-10-04,17,AR1 alpha + Enhanced + One-Step,NASDAQ:BOKF,0.0
2023-10-05,17,AR1 alpha + Enhanced + One-Step,NASDAQ:BOKF,0.0
2023-10-06,17,AR1 alpha + Enhanced + One-Step,NASDAQ:BOKF,0.0
2023-10-09,17,AR1 alpha + Enhanced + One-Step,NASDAQ:BOKF,0.0
2023-10-10,17,AR1 alpha + Enhanced + One-Step,NASDAQ:BOKF,0.0
2023-10-11,17,AR1 alpha + Enhanced + One-Step,NASDAQ:BOKF,0.0
2023-10-12,17,AR1 alpha + Enhanced + One-Step,NASDAQ:BOKF,6.405148931236321e-09
2023-10-13,17,AR1 alpha + Enhanced + One-Step,NASDAQ:BOKF,0.0
2023-10-16,17,AR1 alpha + Enhanced + One-Step,NASDAQ:BOKF,4.07144762997158e-09
2023-10-17,17,AR1 alpha + Enhanced + One-Step,NASDAQ:BOKF,0.0
2023-10-18,17,AR1 alpha + Enhanced + One-Step,NASDAQ:BOKF,1.3393395879313e-07
2023-10-19,17,AR1 alpha + Enhanced + One-Step,NASDAQ:BOKF,6.523404397788925e-08
2023-10-20,17,AR1 alpha + Enhanced + One-Step,NASDAQ:BOKF,1.2213759201349835e-07
2023-10-23,17,AR1 alpha + Enhanced + One-Step,NASDAQ:BOKF,0.0
2023-10-24,17,AR1 alpha + Enhanced + One-Step,NASDAQ:BOKF,7.854953673462208e-09
2023-10-25,17,AR1 alpha + Enhanced + One-Step,NASDAQ:BOKF,0.0
2023-10-26,17,AR1 alpha + Enhanced + One-Step,NASDAQ:BOKF,0.0
2023-10-27,17,AR1 alpha + Enhanced + One-Step,NASDAQ:BOKF,0.0
2023-10-30,17,AR1 alpha + Enhanced + One-Step,NASDAQ:BOKF,0.0
2023-10-31,17,AR1 alpha + Enhanced + One-Step,NASDAQ:BOKF,1.2496208309846045e-07
2023-11-01,17,AR1 alpha + Enhanced + One-Step,NASDAQ:BOKF,0.0
2023-11-02,17,AR1 alpha + Enhanced + One-Step,NASDAQ:BOKF,1.5827079950316422e-06
2023-11-03,17,AR1 alpha + Enhanced + One-Step,NASDAQ:BOKF,1.0874391565425628e-06
2023-11-06,17,AR1 alpha + Enhanced + One-Step,NASDAQ:BOKF,8.187825794889362e-07
2023-11-07,17,AR1 alpha + Enhanced + One-Step,NASDAQ:BOKF,0.0
2023-11-08,17,AR1 alpha + Enhanced + One-Step,NASDAQ:BOKF,0.0
2023-11-09,17,AR1 alpha + Enhanced + One-Step,NASDAQ:BOKF,0.0
2023-11-10,17,AR1 alpha + Enhanced + One-Step,NASDAQ:BOKF,0.0
2023-11-13,17,AR1 alpha + Enhanced + One-Step,NASDAQ:BOKF,0.0
2023-11-14,17,AR1 alpha + Enhanced + One-Step,NASDAQ:BOKF,1.11132146565433e-06
2023-11-15,17,AR1 alpha + Enhanced + One-Step,NASDAQ:BOKF,7.552882060244028e-07
2023-11-16,17,AR1 alpha + Enhanced + One-Step,NASDAQ:BOKF,0.0
2023-11-17,17,AR1 alpha + Enhanced + One-Step,NASDAQ:BOKF,0.0
2023-11-20,17,AR1 alpha + Enhanced + One-Step,NASDAQ:BOKF,6.394967268654159e-08
2023-11-21,17,AR1 alpha + Enhanced + One-Step,NASDAQ:BOKF,3.858386637750046e-08
2023-11-22,17,AR1 alpha + Enhanced + One-Step,NASDAQ:BOKF,1.3345486540473543e-09
2023-11-24,17,AR1 alpha + Enhanced + One-Step,NASDAQ:BOKF,1.1775092564473761e-09
2023-11-27,17,AR1 alpha + Enhanced + One-Step,NASDAQ:BOKF,0.0
2023-11-28,17,AR1 alpha + Enhanced + One-Step,NASDAQ:BOKF,5.950202328134624e-08
2023-11-29,17,AR1 alpha + Enhanced + One-Step,NASDAQ:BOKF,0.0
2023-11-30,17,AR1 alpha + Enhanced + One-Step,NASDAQ:BOKF,0.0
2023-12-01,17,AR1 alpha + Enhanced + One-Step,NASDAQ:BOKF,0.0
2023-12-04,17,AR1 alpha + Enhanced + One-Step,NASDAQ:BOKF,0.0
2023-12-05,17,AR1 alpha + Enhanced + One-Step,NASDAQ:BOKF,0.0
2023-12-06,17,AR1 alpha + Enhanced + One-Step,NASDAQ:BOKF,0.0
2023-12-07,17,AR1 alpha + Enhanced + One-Step,NASDAQ:BOKF,0.0
2023-12-08,17,AR1 alpha + Enhanced + One-Step,NASDAQ:BOKF,3.313267516167732e-08
2023-12-11,17,AR1 alpha + Enhanced + One-Step,NASDAQ:BOKF,0.0
2023-12-12,17,AR1 alpha + Enhanced + One-Step,NASDAQ:BOKF,0.0
2023-12-13,17,AR1 alpha + Enhanced + One-Step,NASDAQ:BOKF,1.0747150904571265e-06
2023-12-14,17,AR1 alpha + Enhanced + One-Step,NASDAQ:BOKF,5.651712505124555e-07
2023-12-15,17,AR1 alpha + Enhanced + One-Step,NASDAQ:BOKF,0.0
2023-12-18,17,AR1 alpha + Enhanced + One-Step,NASDAQ:BOKF,0.0
2023-12-19,17,AR1 alpha + Enhanced + One-Step,NASDAQ:BOKF,0.0
2023-12-20,17,AR1 alpha + Enhanced + One-Step,NASDAQ:BOKF,5.448018377687583e-07
2023-12-21,17,AR1 alpha + Enhanced + One-Step,NASDAQ:BOKF,3.791477550172002e-07
2023-12-22,17,AR1 alpha + Enhanced + One-Step,NASDAQ:BOKF,2.7991128677494057e-07
2023-12-26,17,AR1 alpha + Enhanced + One-Step,NASDAQ:BOKF,0.0
2023-12-27,17,AR1 alpha + Enhanced + One-Step,NASDAQ:BOKF,0.0
2023-12-28,17,AR1 alpha + Enhanced + One-Step,NASDAQ:BOKF,2.3031601578809854e-09
2023-12-29,17,AR1 alpha + Enhanced + One-Step,NASDAQ:BOKF,2.861581969046524e-07
2024-01-02,17,AR1 alpha + Enhanced + One-Step,NASDAQ:BOKF,0.0
2024-01-03,17,AR1 alpha + Enhanced + One-Step,NASDAQ:BOKF,0.0
2024-01-04,17,AR1 alpha + Enhanced + One-Step,NASDAQ:BOKF,0.0
2024-01-05,17,AR1 alpha + Enhanced + One-Step,NASDAQ:BOKF,3.426976766066079e-07
2024-01-08,17,AR1 alpha + Enhanced + One-Step,NASDAQ:BOKF,6.509020393235168e-07
2024-01-09,17,AR1 alpha + Enhanced + One-Step,NASDAQ:BOKF,0.0
2024-01-10,17,AR1 alpha + Enhanced + One-Step,NASDAQ:BOKF,0.0
2024-01-11,17,AR1 alpha + Enhanced + One-Step,NASDAQ:BOKF,0.0
2024-01-12,17,AR1 alpha + Enhanced + One-Step,NASDAQ:BOKF,0.0
2024-01-16,17,AR1 alpha + Enhanced + One-Step,NASDAQ:BOKF,0.0
2024-01-17,17,AR1 alpha + Enhanced + One-Step,NASDAQ:BOKF,0.0
2024-01-18,17,AR1 alpha + Enhanced + One-Step,NASDAQ:BOKF,0.0
2024-01-19,17,AR1 alpha + Enhanced + One-Step,NASDAQ:BOKF,0.0
2024-01-22,17,AR1 alpha + Enhanced + One-Step,NASDAQ:BOKF,0.0
2024-01-23,17,AR1 alpha + Enhanced + One-Step,NASDAQ:BOKF,0.0
2024-01-24,17,AR1 alpha + Enhanced + One-Step,NASDAQ:BOKF,0.0
2024-01-25,17,AR1 alpha + Enhanced + One-Step,NASDAQ:BOKF,0.0
2024-01-26,17,AR1 alpha + Enhanced + One-Step,NASDAQ:BOKF,0.0
2024-01-29,17,AR1 alpha + Enhanced + One-Step,NASDAQ:BOKF,0.0
2024-01-30,17,AR1 alpha + Enhanced + One-Step,NASDAQ:BOKF,0.0
2024-01-31,17,AR1 alpha + Enhanced + One-Step,NASDAQ:BOKF,0.0
2024-02-01,17,AR1 alpha + Enhanced + One-Step,NASDAQ:BOKF,0.0
2024-02-02,17,AR1 alpha + Enhanced + One-Step,NASDAQ:BOKF,0.0
2024-02-05,17,AR1 alpha + Enhanced + One-Step,NASDAQ:BOKF,0.0
2024-02-06,17,AR1 alpha + Enhanced + One-Step,NASDAQ:BOKF,0.0
2024-02-07,17,AR1 alpha + Enhanced + One-Step,NASDAQ:BOKF,0.0
2024-02-08,17,AR1 alpha + Enhanced + One-Step,NASDAQ:BOKF,0.0
2024-02-09,17,AR1 alpha + Enhanced + One-Step,NASDAQ:BOKF,0.0
2024-02-12,17,AR1 alpha + Enhanced + One-Step,NASDAQ:BOKF,0.0
2024-02-13,17,AR1 alpha + Enhanced + One-Step,NASDAQ:BOKF,1.3542557568997568e-07
2024-02-14,17,AR1 alpha + Enhanced + One-Step,NASDAQ:BOKF,3.932236925316148e-07
2024-02-15,17,AR1 alpha + Enhanced + One-Step,NASDAQ:BOKF,0.0
2024-02-16,17,AR1 alpha + Enhanced + One-Step,NASDAQ:BOKF,4.922147216570023e-07
2024-02-20,17,AR1 alpha + Enhanced + One-Step,NASDAQ:BOKF,5.694833616997154e-07
2024-02-21,17,AR1 alpha + Enhanced + One-Step,NASDAQ:BOKF,0.0
2024-02-22,17,AR1 alpha + Enhanced + One-Step,NASDAQ:BOKF,0.0
2024-02-23,17,AR1 alpha + Enhanced + One-Step,NASDAQ:BOKF,0.0
2024-02-26,17,AR1 alpha + Enhanced + One-Step,NASDAQ:BOKF,0.0
2024-02-27,17,AR1 alpha + Enhanced + One-Step,NASDAQ:BOKF,0.0
2024-02-28,17,AR1 alpha + Enhanced + One-Step,NASDAQ:BOKF,0.0
2024-02-29,17,AR1 alpha + Enhanced + One-Step,NASDAQ:BOKF,0.0
2024-03-01,17,AR1 alpha + Enhanced + One-Step,NASDAQ:BOKF,0.0
2024-03-04,17,AR1 alpha + Enhanced + One-Step,NASDAQ:BOKF,0.0
2024-03-05,17,AR1 alpha + Enhanced + One-Step,NASDAQ:BOKF,0.0
2024-03-06,17,AR1 alpha + Enhanced + One-Step,NASDAQ:BOKF,0.0
2024-03-07,17,AR1 alpha + Enhanced + One-Step,NASDAQ:BOKF,0.0
2024-03-08,17,AR1 alpha + Enhanced + One-Step,NASDAQ:BOKF,0.0
2024-03-11,17,AR1 alpha + Enhanced + One-Step,NASDAQ:BOKF,0.0
2024-03-12,17,AR1 alpha + Enhanced + One-Step,NASDAQ:BOKF,0.0
2024-03-13,17,AR1 alpha + Enhanced + One-Step,NASDAQ:BOKF,0.0
2024-03-14,17,AR1 alpha + Enhanced + One-Step,NASDAQ:BOKF,0.0
2024-03-15,17,AR1 alpha + Enhanced + One-Step,NASDAQ:BOKF,1.033840912705424e-07
2024-03-18,17,AR1 alpha + Enhanced + One-Step,NASDAQ:BOKF,0.0
2024-03-19,17,AR1 alpha + Enhanced + One-Step,NASDAQ:BOKF,0.0
2024-03-20,17,AR1 alpha + Enhanced + One-Step,NASDAQ:BOKF,0.0
2024-03-21,17,AR1 alpha + Enhanced + One-Step,NASDAQ:BOKF,0.0
2024-03-22,17,AR1 alpha + Enhanced + One-Step,NASDAQ:BOKF,0.0
2024-03-25,17,AR1 alpha + Enhanced + One-Step,NASDAQ:BOKF,0.0
2024-03-26,17,AR1 alpha + Enhanced + One-Step,NASDAQ:BOKF,0.0
2024-03-27,17,AR1 alpha + Enhanced + One-Step,NASDAQ:BOKF,0.0
2024-03-28,17,AR1 alpha + Enhanced + One-Step,NASDAQ:BOKF,2.3930688216530474e-07
2024-04-01,17,AR1 alpha + Enhanced + One-Step,NASDAQ:BOKF,3.1762336119932773e-07
2024-04-02,17,AR1 alpha + Enhanced + One-Step,NASDAQ:BOKF,1.2190998549848568e-07
2024-04-03,17,AR1 alpha + Enhanced + One-Step,NASDAQ:BOKF,0.0
2024-04-04,17,AR1 alpha + Enhanced + One-Step,NASDAQ:BOKF,0.0
2024-04-05,17,AR1 alpha + Enhanced + One-Step,NASDAQ:BOKF,0.0
2024-04-08,17,AR1 alpha + Enhanced + One-Step,NASDAQ:BOKF,1.5367583264425718e-07
2024-04-09,17,AR1 alpha + Enhanced + One-Step,NASDAQ:BOKF,0.0
2024-04-10,17,AR1 alpha + Enhanced + One-Step,NASDAQ:BOKF,0.0
2024-04-11,17,AR1 alpha + Enhanced + One-Step,NASDAQ:BOKF,0.0
2024-04-12,17,AR1 alpha + Enhanced + One-Step,NASDAQ:BOKF,0.0
2024-04-15,17,AR1 alpha + Enhanced + One-Step,NASDAQ:BOKF,0.0
2024-04-16,17,AR1 alpha + Enhanced + One-Step,NASDAQ:BOKF,0.0
2024-04-17,17,AR1 alpha + Enhanced + One-Step,NASDAQ:BOKF,1.0169258893028325e-07
2024-04-18,17,AR1 alpha + Enhanced + One-Step,NASDAQ:BOKF,0.0
2024-04-19,17,AR1 alpha + Enhanced + One-Step,NASDAQ:BOKF,0.0
2020-03-25,17,AR1 alpha + Enhanced + One-Step,NYSE:SRE,0.020000000000007227
2020-03-26,17,AR1 alpha + Enhanced + One-Step,NYSE:SRE,0.02000000000001305
2020-03-27,17,AR1 alpha + Enhanced + One-Step,NYSE:SRE,0.019999984514787534
2020-03-30,17,AR1 alpha + Enhanced + One-Step,NYSE:SRE,0.02000138932728992
2020-03-31,17,AR1 alpha + Enhanced + One-Step,NYSE:SRE,0.020002298139790892
2020-04-01,17,AR1 alpha + Enhanced + One-Step,NYSE:SRE,0.020002247994499556
2020-04-02,17,AR1 alpha + Enhanced + One-Step,NYSE:SRE,0.020001944763674052
2020-04-03,17,AR1 alpha + Enhanced + One-Step,NYSE:SRE,0.020001929051753766
2020-04-06,17,AR1 alpha + Enhanced + One-Step,NYSE:SRE,0.020002620427185095
2020-04-07,17,AR1 alpha + Enhanced + One-Step,NYSE:SRE,0.020005023058908552
2020-04-08,17,AR1 alpha + Enhanced + One-Step,NYSE:SRE,0.02000517833554581
2020-04-09,17,AR1 alpha + Enhanced + One-Step,NYSE:SRE,0.020005123637788454
2020-04-13,17,AR1 alpha + Enhanced + One-Step,NYSE:SRE,0.020005764814308147
2020-04-14,17,AR1 alpha + Enhanced + One-Step,NYSE:SRE,0.020006016961595544
2020-04-15,17,AR1 alpha + Enhanced + One-Step,NYSE:SRE,0.020007829148346153
2020-04-16,17,AR1 alpha + Enhanced + One-Step,NYSE:SRE,0.020008868242366026
2020-04-17,17,AR1 alpha + Enhanced + One-Step,NYSE:SRE,0.020009001829294885
2020-04-20,17,AR1 alpha + Enhanced + One-Step,NYSE:SRE,0.020008974090139485
2020-04-21,17,AR1 alpha + Enhanced + One-Step,NYSE:SRE,0.02000926862825107
2020-04-22,17,AR1 alpha + Enhanced + One-Step,NYSE:SRE,0.0060782250851153545
2020-04-23,17,AR1 alpha + Enhanced + One-Step,NYSE:SRE,0.004837393409064132
2020-04-24,17,AR1 alpha + Enhanced + One-Step,NYSE:SRE,0.004837464640838665
2020-04-27,17,AR1 alpha + Enhanced + One-Step,NYSE:SRE,0.004837467351232532
2020-04-28,17,AR1 alpha + Enhanced + One-Step,NYSE:SRE,0.0019330084155850136
2020-04-29,17,AR1 alpha + Enhanced + One-Step,NYSE:SRE,0.0
2020-04-30,17,AR1 alpha + Enhanced + One-Step,NYSE:SRE,0.0
2020-05-01,17,AR1 alpha + Enhanced + One-Step,NYSE:SRE,0.0
2020-05-04,17,AR1 alpha + Enhanced + One-Step,NYSE:SRE,1.0958470222685613e-08
2020-05-05,17,AR1 alpha + Enhanced + One-Step,NYSE:SRE,0.0
2020-05-06,17,AR1 alpha + Enhanced + One-Step,NYSE:SRE,0.0
2020-05-07,17,AR1 alpha + Enhanced + One-Step,NYSE:SRE,9.591605548337896e-09
2020-05-08,17,AR1 alpha + Enhanced + One-Step,NYSE:SRE,0.0
2020-05-11,17,AR1 alpha + Enhanced + One-Step,NYSE:SRE,0.0
2020-05-12,17,AR1 alpha + Enhanced + One-Step,NYSE:SRE,0.0
2020-05-13,17,AR1 alpha + Enhanced + One-Step,NYSE:SRE,5.267731369376276e-08
2020-05-14,17,AR1 alpha + Enhanced + One-Step,NYSE:SRE,0.0
2020-05-15,17,AR1 alpha + Enhanced + One-Step,NYSE:SRE,3.8832337631346123e-08
2020-05-18,17,AR1 alpha + Enhanced + One-Step,NYSE:SRE,1.9522153607561295e-08
2020-05-19,17,AR1 alpha + Enhanced + One-Step,NYSE:SRE,0.0
2020-05-20,17,AR1 alpha + Enhanced + One-Step,NYSE:SRE,4.878753963700018e-09
2020-05-21,17,AR1 alpha + Enhanced + One-Step,NYSE:SRE,0.0
2020-05-22,17,AR1 alpha + Enhanced + One-Step,NYSE:SRE,2.353587177929507e-09
2020-05-26,17,AR1 alpha + Enhanced + One-Step,NYSE:SRE,0.0
2020-05-27,17,AR1 alpha + Enhanced + One-Step,NYSE:SRE,4.041613554976934e-08
2020-05-28,17,AR1 alpha + Enhanced + One-Step,NYSE:SRE,2.084588121888907e-08
2020-05-29,17,AR1 alpha + Enhanced + One-Step,NYSE:SRE,9.688768181390108e-09
2020-06-01,17,AR1 alpha + Enhanced + One-Step,NYSE:SRE,4.2857194624198246e-08
2020-06-02,17,AR1 alpha + Enhanced + One-Step,NYSE:SRE,0.0
2020-06-03,17,AR1 alpha + Enhanced + One-Step,NYSE:SRE,3.8580852473830815e-07
2020-06-04,17,AR1 alpha + Enhanced + One-Step,NYSE:SRE,2.235268726607665e-07
2020-06-05,17,AR1 alpha + Enhanced + One-Step,NYSE:SRE,4.077145818405703e-08
2020-06-08,17,AR1 alpha + Enhanced + One-Step,NYSE:SRE,7.3892196802920296e-09
2020-06-09,17,AR1 alpha + Enhanced + One-Step,NYSE:SRE,7.817745843810348e-09
2020-06-10,17,AR1 alpha + Enhanced + One-Step,NYSE:SRE,1.8724195743257054e-09
2020-06-11,17,AR1 alpha + Enhanced + One-Step,NYSE:SRE,4.193977925761793e-07
2020-06-12,17,AR1 alpha + Enhanced + One-Step,NYSE:SRE,2.2530912364141797e-07
2020-06-15,17,AR1 alpha + Enhanced + One-Step,NYSE:SRE,1.0836912048007318e-08
2020-06-16,17,AR1 alpha + Enhanced + One-Step,NYSE:SRE,1.8626606413324767e-08
2020-06-17,17,AR1 alpha + Enhanced + One-Step,NYSE:SRE,8.916542807253933e-09
2020-06-18,17,AR1 alpha + Enhanced + One-Step,NYSE:SRE,0.0
2020-06-19,17,AR1 alpha + Enhanced + One-Step,NYSE:SRE,0.0
2020-06-22,17,AR1 alpha + Enhanced + One-Step,NYSE:SRE,6.829489352499054e-08
2020-06-23,17,AR1 alpha + Enhanced + One-Step,NYSE:SRE,1.5868165542913106e-08
2020-06-24,17,AR1 alpha + Enhanced + One-Step,NYSE:SRE,0.0
2020-06-25,17,AR1 alpha + Enhanced + One-Step,NYSE:SRE,1.490385698094274e-08
2020-06-26,17,AR1 alpha + Enhanced + One-Step,NYSE:SRE,8.275605054360916e-08
2020-06-29,17,AR1 alpha + Enhanced + One-Step,NYSE:SRE,0.0
2020-06-30,17,AR1 alpha + Enhanced + One-Step,NYSE:SRE,0.0
2020-07-01,17,AR1 alpha + Enhanced + One-Step,NYSE:SRE,0.0
2020-07-02,17,AR1 alpha + Enhanced + One-Step,NYSE:SRE,0.0
2020-07-06,17,AR1 alpha + Enhanced + One-Step,NYSE:SRE,0.0
2020-07-07,17,AR1 alpha + Enhanced + One-Step,NYSE:SRE,0.0
2020-07-08,17,AR1 alpha + Enhanced + One-Step,NYSE:SRE,0.0
2020-07-09,17,AR1 alpha + Enhanced + One-Step,NYSE:SRE,9.465037984726484e-08
2020-07-10,17,AR1 alpha + Enhanced + One-Step,NYSE:SRE,0.0
2020-07-13,17,AR1 alpha + Enhanced + One-Step,NYSE:SRE,0.0
2020-07-14,17,AR1 alpha + Enhanced + One-Step,NYSE:SRE,6.294919807035545e-08
2020-07-15,17,AR1 alpha + Enhanced + One-Step,NYSE:SRE,2.1525213873575807e-07
2020-07-16,17,AR1 alpha + Enhanced + One-Step,NYSE:SRE,1.1088133931657177e-07
2020-07-17,17,AR1 alpha + Enhanced + One-Step,NYSE:SRE,5.86388167132326e-08
2020-07-20,17,AR1 alpha + Enhanced + One-Step,NYSE:SRE,2.3970290979860828e-08
2020-07-21,17,AR1 alpha + Enhanced + One-Step,NYSE:SRE,6.366670923773181e-08
2020-07-22,17,AR1 alpha + Enhanced + One-Step,NYSE:SRE,4.4268666214469805e-08
2020-07-23,17,AR1 alpha + Enhanced + One-Step,NYSE:SRE,0.0
2020-07-24,17,AR1 alpha + Enhanced + One-Step,NYSE:SRE,1.2817537410285865e-07
2020-07-27,17,AR1 alpha + Enhanced + One-Step,NYSE:SRE,7.675910694894747e-08
2020-07-28,17,AR1 alpha + Enhanced + One-Step,NYSE:SRE,1.8703459077042877e-08
2020-07-29,17,AR1 alpha + Enhanced + One-Step,NYSE:SRE,0.0
2020-07-30,17,AR1 alpha + Enhanced + One-Step,NYSE:SRE,0.0
2020-07-31,17,AR1 alpha + Enhanced + One-Step,NYSE:SRE,0.0
2020-08-03,17,AR1 alpha + Enhanced + One-Step,NYSE:SRE,4.7516111388145634e-08
2020-08-04,17,AR1 alpha + Enhanced + One-Step,NYSE:SRE,0.0
2020-08-05,17,AR1 alpha + Enhanced + One-Step,NYSE:SRE,0.0
2020-08-06,17,AR1 alpha + Enhanced + One-Step,NYSE:SRE,0.0
2020-08-07,17,AR1 alpha + Enhanced + One-Step,NYSE:SRE,3.0350335531455715e-07
2020-08-10,17,AR1 alpha + Enhanced + One-Step,NYSE:SRE,4.7445523796491787e-07
2020-08-11,17,AR1 alpha + Enhanced + One-Step,NYSE:SRE,8.689982775825626e-08
2020-08-12,17,AR1 alpha + Enhanced + One-Step,NYSE:SRE,1.678750552623266e-08
2020-08-13,17,AR1 alpha + Enhanced + One-Step,NYSE:SRE,1.0254151033340494e-08
2020-08-14,17,AR1 alpha + Enhanced + One-Step,NYSE:SRE,7.104969059749482e-09
2020-08-17,17,AR1 alpha + Enhanced + One-Step,NYSE:SRE,0.0
2020-08-18,17,AR1 alpha + Enhanced + One-Step,NYSE:SRE,0.0
2020-08-19,17,AR1 alpha + Enhanced + One-Step,NYSE:SRE,0.0
2020-08-20,17,AR1 alpha + Enhanced + One-Step,NYSE:SRE,0.0
2020-08-21,17,AR1 alpha + Enhanced + One-Step,NYSE:SRE,0.0
2020-08-24,17,AR1 alpha + Enhanced + One-Step,NYSE:SRE,0.0
2020-08-25,17,AR1 alpha + Enhanced + One-Step,NYSE:SRE,8.680357207155124e-08
2020-08-26,17,AR1 alpha + Enhanced + One-Step,NYSE:SRE,0.0
2020-08-27,17,AR1 alpha + Enhanced + One-Step,NYSE:SRE,0.0
2020-08-28,17,AR1 alpha + Enhanced + One-Step,NYSE:SRE,2.541719329220144e-09
2020-08-31,17,AR1 alpha + Enhanced + One-Step,NYSE:SRE,0.0
2020-09-01,17,AR1 alpha + Enhanced + One-Step,NYSE:SRE,0.0
2020-09-02,17,AR1 alpha + Enhanced + One-Step,NYSE:SRE,2.7835835911664323e-08
2020-09-03,17,AR1 alpha + Enhanced + One-Step,NYSE:SRE,0.0
2020-09-04,17,AR1 alpha + Enhanced + One-Step,NYSE:SRE,2.9610766345951494e-08
2020-09-08,17,AR1 alpha + Enhanced + One-Step,NYSE:SRE,2.6044858007650197e-07
2020-09-09,17,AR1 alpha + Enhanced + One-Step,NYSE:SRE,1.5089381357540394e-07
2020-09-10,17,AR1 alpha + Enhanced + One-Step,NYSE:SRE,1.5776905231634057e-07
2020-09-11,17,AR1 alpha + Enhanced + One-Step,NYSE:SRE,1.311360117414443e-07
2020-09-14,17,AR1 alpha + Enhanced + One-Step,NYSE:SRE,8.61309514564461e-07
2020-09-15,17,AR1 alpha + Enhanced + One-Step,NYSE:SRE,5.508045072274278e-07
2020-09-16,17,AR1 alpha + Enhanced + One-Step,NYSE:SRE,5.649240936270817e-08
2020-09-17,17,AR1 alpha + Enhanced + One-Step,NYSE:SRE,0.0
2020-09-18,17,AR1 alpha + Enhanced + One-Step,NYSE:SRE,0.0
2020-09-21,17,AR1 alpha + Enhanced + One-Step,NYSE:SRE,0.0
2020-09-22,17,AR1 alpha + Enhanced + One-Step,NYSE:SRE,2.5013380950660615e-08
2020-09-23,17,AR1 alpha + Enhanced + One-Step,NYSE:SRE,0.0
2020-09-24,17,AR1 alpha + Enhanced + One-Step,NYSE:SRE,0.0
2020-09-25,17,AR1 alpha + Enhanced + One-Step,NYSE:SRE,0.0
2020-09-28,17,AR1 alpha + Enhanced + One-Step,NYSE:SRE,2.449517659763407e-08
2020-09-29,17,AR1 alpha + Enhanced + One-Step,NYSE:SRE,1.0410671316577454e-07
2020-09-30,17,AR1 alpha + Enhanced + One-Step,NYSE:SRE,3.331980832421059e-08
2020-10-01,17,AR1 alpha + Enhanced + One-Step,NYSE:SRE,4.7132981412332047e-07
2020-10-02,17,AR1 alpha + Enhanced + One-Step,NYSE:SRE,4.4615578249490205e-07
2020-10-05,17,AR1 alpha + Enhanced + One-Step,NYSE:SRE,8.637812743902925e-07
2020-10-06,17,AR1 alpha + Enhanced + One-Step,NYSE:SRE,3.223894229000589e-07
2020-10-07,17,AR1 alpha + Enhanced + One-Step,NYSE:SRE,3.904966503369445e-07
2020-10-08,17,AR1 alpha + Enhanced + One-Step,NYSE:SRE,1.9817562866918257e-07
2020-10-09,17,AR1 alpha + Enhanced + One-Step,NYSE:SRE,3.3561497818034367e-07
2020-10-12,17,AR1 alpha + Enhanced + One-Step,NYSE:SRE,2.0000037717466167e-07
2020-10-13,17,AR1 alpha + Enhanced + One-Step,NYSE:SRE,4.493708739602111e-07
2020-10-14,17,AR1 alpha + Enhanced + One-Step,NYSE:SRE,0.0
2020-10-15,17,AR1 alpha + Enhanced + One-Step,NYSE:SRE,0.0
2020-10-16,17,AR1 alpha + Enhanced + One-Step,NYSE:SRE,0.0
2020-10-19,17,AR1 alpha + Enhanced + One-Step,NYSE:SRE,0.0
2020-10-20,17,AR1 alpha + Enhanced + One-Step,NYSE:SRE,0.0
2020-10-21,17,AR1 alpha + Enhanced + One-Step,NYSE:SRE,0.0
2020-10-22,17,AR1 alpha + Enhanced + One-Step,NYSE:SRE,0.0
2020-10-23,17,AR1 alpha + Enhanced + One-Step,NYSE:SRE,0.0
2020-10-26,17,AR1 alpha + Enhanced + One-Step,NYSE:SRE,0.0
2020-10-27,17,AR1 alpha + Enhanced + One-Step,NYSE:SRE,4.5789710000416857e-07
2020-10-28,17,AR1 alpha + Enhanced + One-Step,NYSE:SRE,4.23156470445937e-07
2020-10-29,17,AR1 alpha + Enhanced + One-Step,NYSE:SRE,7.900909315157028e-07
2020-10-30,17,AR1 alpha + Enhanced + One-Step,NYSE:SRE,4.947983720801197e-07
2020-11-02,17,AR1 alpha + Enhanced + One-Step,NYSE:SRE,1.3416750931922006e-06
2020-11-03,17,AR1 alpha + Enhanced + One-Step,NYSE:SRE,9.782676112684647e-07
2020-11-04,17,AR1 alpha + Enhanced + One-Step,NYSE:SRE,2.7416725237245193e-06
2020-11-05,17,AR1 alpha + Enhanced + One-Step,NYSE:SRE,1.7559763094709837e-06
2020-11-06,17,AR1 alpha + Enhanced + One-Step,NYSE:SRE,9.989379432746347e-07
2020-11-09,17,AR1 alpha + Enhanced + One-Step,NYSE:SRE,5.737314221248547e-07
2020-11-10,17,AR1 alpha + Enhanced + One-Step,NYSE:SRE,9.416025363500995e-07
2020-11-11,17,AR1 alpha + Enhanced + One-Step,NYSE:SRE,6.953051601170154e-07
2020-11-12,17,AR1 alpha + Enhanced + One-Step,NYSE:SRE,4.852972506716626e-07
2020-11-13,17,AR1 alpha + Enhanced + One-Step,NYSE:SRE,3.0090241774394367e-07
2020-11-16,17,AR1 alpha + Enhanced + One-Step,NYSE:SRE,9.502459791519407e-08
2020-11-17,17,AR1 alpha + Enhanced + One-Step,NYSE:SRE,0.0
2020-11-18,17,AR1 alpha + Enhanced + One-Step,NYSE:SRE,0.0
2020-11-19,17,AR1 alpha + Enhanced + One-Step,NYSE:SRE,0.0
2020-11-20,17,AR1 alpha + Enhanced + One-Step,NYSE:SRE,0.0
2020-11-23,17,AR1 alpha + Enhanced + One-Step,NYSE:SRE,0.0
2020-11-24,17,AR1 alpha + Enhanced + One-Step,NYSE:SRE,0.0
2020-11-25,17,AR1 alpha + Enhanced + One-Step,NYSE:SRE,0.0
2020-11-27,17,AR1 alpha + Enhanced + One-Step,NYSE:SRE,0.0
2020-11-30,17,AR1 alpha + Enhanced + One-Step,NYSE:SRE,0.0
2020-12-01,17,AR1 alpha + Enhanced + One-Step,NYSE:SRE,1.4025916075570454e-07
2020-12-04,17,AR1 alpha + Enhanced + One-Step,NYSE:SRE,1.4040718327913592e-07
2020-12-07,17,AR1 alpha + Enhanced + One-Step,NYSE:SRE,0.0
2020-12-08,17,AR1 alpha + Enhanced + One-Step,NYSE:SRE,1.1079607490218236e-07
2020-12-09,17,AR1 alpha + Enhanced + One-Step,NYSE:SRE,0.0
2020-12-10,17,AR1 alpha + Enhanced + One-Step,NYSE:SRE,7.722863724409944e-08
2020-12-11,17,AR1 alpha + Enhanced + One-Step,NYSE:SRE,0.0
2020-12-14,17,AR1 alpha + Enhanced + One-Step,NYSE:SRE,4.798812089754825e-09
2020-12-15,17,AR1 alpha + Enhanced + One-Step,NYSE:SRE,0.0
2020-12-16,17,AR1 alpha + Enhanced + One-Step,NYSE:SRE,0.0
2020-12-17,17,AR1 alpha + Enhanced + One-Step,NYSE:SRE,0.0
2020-12-18,17,AR1 alpha + Enhanced + One-Step,NYSE:SRE,1.6009492564615321e-06
2020-12-21,17,AR1 alpha + Enhanced + One-Step,NYSE:SRE,1.6181907506124342e-06
2020-12-22,17,AR1 alpha + Enhanced + One-Step,NYSE:SRE,1.0203738806922014e-06
2020-12-23,17,AR1 alpha + Enhanced + One-Step,NYSE:SRE,0.0
2020-12-24,17,AR1 alpha + Enhanced + One-Step,NYSE:SRE,0.0
2020-12-28,17,AR1 alpha + Enhanced + One-Step,NYSE:SRE,0.0
2020-12-29,17,AR1 alpha + Enhanced + One-Step,NYSE:SRE,0.0
2020-12-30,17,AR1 alpha + Enhanced + One-Step,NYSE:SRE,0.0
2020-12-31,17,AR1 alpha + Enhanced + One-Step,NYSE:SRE,0.0
2021-01-04,17,AR1 alpha + Enhanced + One-Step,NYSE:SRE,3.222696318863032e-09
2021-01-05,17,AR1 alpha + Enhanced + One-Step,NYSE:SRE,1.8482341122395916e-09
2021-01-06,17,AR1 alpha + Enhanced + One-Step,NYSE:SRE,0.0
2021-01-07,17,AR1 alpha + Enhanced + One-Step,NYSE:SRE,0.0
2021-01-08,17,AR1 alpha + Enhanced + One-Step,NYSE:SRE,3.5582814380556414e-08
2021-01-11,17,AR1 alpha + Enhanced + One-Step,NYSE:SRE,0.0
2021-01-12,17,AR1 alpha + Enhanced + One-Step,NYSE:SRE,0.0
2021-01-13,17,AR1 alpha + Enhanced + One-Step,NYSE:SRE,0.0
2021-01-14,17,AR1 alpha + Enhanced + One-Step,NYSE:SRE,2.193993037871742e-07
2021-01-15,17,AR1 alpha + Enhanced + One-Step,NYSE:SRE,1.685068100982341e-07
2021-01-19,17,AR1 alpha + Enhanced + One-Step,NYSE:SRE,9.891585170406379e-08
2021-01-20,17,AR1 alpha + Enhanced + One-Step,NYSE:SRE,4.1911427400891035e-07
2021-01-21,17,AR1 alpha + Enhanced + One-Step,NYSE:SRE,0.0
2021-01-22,17,AR1 alpha + Enhanced + One-Step,NYSE:SRE,0.0
2021-01-25,17,AR1 alpha + Enhanced + One-Step,NYSE:SRE,0.0
2021-01-26,17,AR1 alpha + Enhanced + One-Step,NYSE:SRE,0.0
2021-01-27,17,AR1 alpha + Enhanced + One-Step,NYSE:SRE,2.835483635574382e-07
2021-01-28,17,AR1 alpha + Enhanced + One-Step,NYSE:SRE,2.5961025144227876e-06
2021-01-29,17,AR1 alpha + Enhanced + One-Step,NYSE:SRE,1.2551258278572554e-06
2021-02-01,17,AR1 alpha + Enhanced + One-Step,NYSE:SRE,7.799652430292452e-07
2021-02-02,17,AR1 alpha + Enhanced + One-Step,NYSE:SRE,5.215555068610691e-07
2021-02-03,17,AR1 alpha + Enhanced + One-Step,NYSE:SRE,0.0
2021-02-04,17,AR1 alpha + Enhanced + One-Step,NYSE:SRE,0.0
2021-02-05,17,AR1 alpha + Enhanced + One-Step,NYSE:SRE,5.841858103092476e-08
2021-02-08,17,AR1 alpha + Enhanced + One-Step,NYSE:SRE,6.489704451010098e-07
2021-02-09,17,AR1 alpha + Enhanced + One-Step,NYSE:SRE,0.0
2021-02-10,17,AR1 alpha + Enhanced + One-Step,NYSE:SRE,4.744476879736764e-07
2021-02-11,17,AR1 alpha + Enhanced + One-Step,NYSE:SRE,3.58496649464782e-07
2021-02-12,17,AR1 alpha + Enhanced + One-Step,NYSE:SRE,2.1028006388474396e-07
2021-02-16,17,AR1 alpha + Enhanced + One-Step,NYSE:SRE,0.0
2021-02-17,17,AR1 alpha + Enhanced + One-Step,NYSE:SRE,0.0
2021-02-18,17,AR1 alpha + Enhanced + One-Step,NYSE:SRE,9.340722887361275e-08
2021-02-19,17,AR1 alpha + Enhanced + One-Step,NYSE:SRE,3.200756397367382e-08
2021-02-22,17,AR1 alpha + Enhanced + One-Step,NYSE:SRE,1.0239372348438964e-06
2021-02-23,17,AR1 alpha + Enhanced + One-Step,NYSE:SRE,2.61446164470913e-06
2021-02-24,17,AR1 alpha + Enhanced + One-Step,NYSE:SRE,1.9793197479190638e-06
2021-02-25,17,AR1 alpha + Enhanced + One-Step,NYSE:SRE,0.0
2021-02-26,17,AR1 alpha + Enhanced + One-Step,NYSE:SRE,7.852690327767329e-07
2021-03-01,17,AR1 alpha + Enhanced + One-Step,NYSE:SRE,5.109527995030576e-07
2021-03-02,17,AR1 alpha + Enhanced + One-Step,NYSE:SRE,4.0760083426659243e-07
2021-03-03,17,AR1 alpha + Enhanced + One-Step,NYSE:SRE,1.9861871699288682e-07
2021-03-04,17,AR1 alpha + Enhanced + One-Step,NYSE:SRE,1.3880122111911452e-07
2021-03-05,17,AR1 alpha + Enhanced + One-Step,NYSE:SRE,0.0
2021-03-08,17,AR1 alpha + Enhanced + One-Step,NYSE:SRE,0.0
2021-03-09,17,AR1 alpha + Enhanced + One-Step,NYSE:SRE,5.620886726154209e-08
2021-03-10,17,AR1 alpha + Enhanced + One-Step,NYSE:SRE,2.634428014392975e-06
2021-03-11,17,AR1 alpha + Enhanced + One-Step,NYSE:SRE,1.0031131655601289e-06
2021-03-12,17,AR1 alpha + Enhanced + One-Step,NYSE:SRE,6.223407493265425e-07
2021-03-15,17,AR1 alpha + Enhanced + One-Step,NYSE:SRE,3.2586365986625835e-06
2021-03-16,17,AR1 alpha + Enhanced + One-Step,NYSE:SRE,2.4394025012039837e-06
2021-03-17,17,AR1 alpha + Enhanced + One-Step,NYSE:SRE,1.6081118166673658e-06
2021-03-18,17,AR1 alpha + Enhanced + One-Step,NYSE:SRE,1.2502067021028784e-06
2021-03-19,17,AR1 alpha + Enhanced + One-Step,NYSE:SRE,0.0
2021-03-22,17,AR1 alpha + Enhanced + One-Step,NYSE:SRE,3.521498829763737e-07
2021-03-23,17,AR1 alpha + Enhanced + One-Step,NYSE:SRE,1.5917195108032189e-06
2021-03-24,17,AR1 alpha + Enhanced + One-Step,NYSE:SRE,1.0528426696459003e-06
2021-03-25,17,AR1 alpha + Enhanced + One-Step,NYSE:SRE,8.591739351585948e-07
2021-03-26,17,AR1 alpha + Enhanced + One-Step,NYSE:SRE,8.220715800985699e-07
2021-03-29,17,AR1 alpha + Enhanced + One-Step,NYSE:SRE,7.469818434186826e-07
2021-03-30,17,AR1 alpha + Enhanced + One-Step,NYSE:SRE,0.0
2021-03-31,17,AR1 alpha + Enhanced + One-Step,NYSE:SRE,0.0
2021-04-01,17,AR1 alpha + Enhanced + One-Step,NYSE:SRE,1.4920722441376714e-06
2021-04-05,17,AR1 alpha + Enhanced + One-Step,NYSE:SRE,9.918555316682628e-07
2021-04-06,17,AR1 alpha + Enhanced + One-Step,NYSE:SRE,6.460623194200498e-07
2021-04-07,17,AR1 alpha + Enhanced + One-Step,NYSE:SRE,0.0
2021-04-08,17,AR1 alpha + Enhanced + One-Step,NYSE:SRE,0.0
2021-04-09,17,AR1 alpha + Enhanced + One-Step,NYSE:SRE,0.0
2021-04-12,17,AR1 alpha + Enhanced + One-Step,NYSE:SRE,0.0
2021-04-13,17,AR1 alpha + Enhanced + One-Step,NYSE:SRE,0.0
2021-04-14,17,AR1 alpha + Enhanced + One-Step,NYSE:SRE,0.0
2021-04-15,17,AR1 alpha + Enhanced + One-Step,NYSE:SRE,8.764405230313277e-07
2021-04-16,17,AR1 alpha + Enhanced + One-Step,NYSE:SRE,6.220316333937568e-07
2021-04-19,17,AR1 alpha + Enhanced + One-Step,NYSE:SRE,2.0767922234370593e-07
2021-04-20,17,AR1 alpha + Enhanced + One-Step,NYSE:SRE,0.0
2021-04-21,17,AR1 alpha + Enhanced + One-Step,NYSE:SRE,0.0
2021-04-22,17,AR1 alpha + Enhanced + One-Step,NYSE:SRE,0.0
2021-04-23,17,AR1 alpha + Enhanced + One-Step,NYSE:SRE,0.0
2021-04-26,17,AR1 alpha + Enhanced + One-Step,NYSE:SRE,0.0
2021-04-27,17,AR1 alpha + Enhanced + One-Step,NYSE:SRE,0.0
2021-04-28,17,AR1 alpha + Enhanced + One-Step,NYSE:SRE,0.0
2021-04-29,17,AR1 alpha + Enhanced + One-Step,NYSE:SRE,0.0
2021-04-30,17,AR1 alpha + Enhanced + One-Step,NYSE:SRE,0.0
2021-05-03,17,AR1 alpha + Enhanced + One-Step,NYSE:SRE,4.195470770455523e-06
2021-05-04,17,AR1 alpha + Enhanced + One-Step,NYSE:SRE,2.7399786958813555e-06
2021-05-05,17,AR1 alpha + Enhanced + One-Step,NYSE:SRE,1.8264774404715641e-06
2021-05-06,17,AR1 alpha + Enhanced + One-Step,NYSE:SRE,1.7027543601642616e-06
2021-05-07,17,AR1 alpha + Enhanced + One-Step,NYSE:SRE,1.2898817098268318e-06
2021-05-10,17,AR1 alpha + Enhanced + One-Step,NYSE:SRE,1.1538110281403655e-06
2021-05-11,17,AR1 alpha + Enhanced + One-Step,NYSE:SRE,8.854378495805476e-07
2021-05-12,17,AR1 alpha + Enhanced + One-Step,NYSE:SRE,5.45765437544819e-07
2021-05-13,17,AR1 alpha + Enhanced + One-Step,NYSE:SRE,0.0
2021-05-14,17,AR1 alpha + Enhanced + One-Step,NYSE:SRE,0.0
2021-05-17,17,AR1 alpha + Enhanced + One-Step,NYSE:SRE,0.0
2021-05-18,17,AR1 alpha + Enhanced + One-Step,NYSE:SRE,5.952516815954483e-07
2021-05-19,17,AR1 alpha + Enhanced + One-Step,NYSE:SRE,1.9426006659795703e-06
2021-05-20,17,AR1 alpha + Enhanced + One-Step,NYSE:SRE,1.5579138333039843e-06
2021-05-21,17,AR1 alpha + Enhanced + One-Step,NYSE:SRE,1.231739961078154e-06
2021-05-24,17,AR1 alpha + Enhanced + One-Step,NYSE:SRE,0.0
2021-05-25,17,AR1 alpha + Enhanced + One-Step,NYSE:SRE,0.0
2021-05-26,17,AR1 alpha + Enhanced + One-Step,NYSE:SRE,0.0
2021-05-27,17,AR1 alpha + Enhanced + One-Step,NYSE:SRE,0.0
2021-05-28,17,AR1 alpha + Enhanced + One-Step,NYSE:SRE,0.0
2021-06-01,17,AR1 alpha + Enhanced + One-Step,NYSE:SRE,0.0
2021-06-02,17,AR1 alpha + Enhanced + One-Step,NYSE:SRE,0.0
2021-06-03,17,AR1 alpha + Enhanced + One-Step,NYSE:SRE,0.0
2021-06-04,17,AR1 alpha + Enhanced + One-Step,NYSE:SRE,0.0
2021-06-07,17,AR1 alpha + Enhanced + One-Step,NYSE:SRE,0.0
2021-06-08,17,AR1 alpha + Enhanced + One-Step,NYSE:SRE,0.0
2021-06-09,17,AR1 alpha + Enhanced + One-Step,NYSE:SRE,0.0
2021-06-10,17,AR1 alpha + Enhanced + One-Step,NYSE:SRE,0.0
2021-06-11,17,AR1 alpha + Enhanced + One-Step,NYSE:SRE,0.0
2021-06-14,17,AR1 alpha + Enhanced + One-Step,NYSE:SRE,0.0
2021-06-15,17,AR1 alpha + Enhanced + One-Step,NYSE:SRE,0.0
2021-06-16,17,AR1 alpha + Enhanced + One-Step,NYSE:SRE,0.0
2021-06-17,17,AR1 alpha + Enhanced + One-Step,NYSE:SRE,0.0
2021-06-18,17,AR1 alpha + Enhanced + One-Step,NYSE:SRE,0.0
2021-06-21,17,AR1 alpha + Enhanced + One-Step,NYSE:SRE,5.13547837327649e-07
2021-06-22,17,AR1 alpha + Enhanced + One-Step,NYSE:SRE,0.0
2021-06-23,17,AR1 alpha + Enhanced + One-Step,NYSE:SRE,0.0
2021-06-24,17,AR1 alpha + Enhanced + One-Step,NYSE:SRE,1.8233398474214453e-06
2021-06-25,17,AR1 alpha + Enhanced + One-Step,NYSE:SRE,2.189012049828979e-06
2021-06-28,17,AR1 alpha + Enhanced + One-Step,NYSE:SRE,1.3164023847562134e-06
2021-06-29,17,AR1 alpha + Enhanced + One-Step,NYSE:SRE,2.499537203738603e-08
2021-06-30,17,AR1 alpha + Enhanced + One-Step,NYSE:SRE,0.0
2021-07-01,17,AR1 alpha + Enhanced + One-Step,NYSE:SRE,0.0
2021-07-02,17,AR1 alpha + Enhanced + One-Step,NYSE:SRE,0.0
2021-07-06,17,AR1 alpha + Enhanced + One-Step,NYSE:SRE,0.0
2021-07-07,17,AR1 alpha + Enhanced + One-Step,NYSE:SRE,1.0104425261072433e-06
2021-07-08,17,AR1 alpha + Enhanced + One-Step,NYSE:SRE,5.541862486126334e-07
2021-07-09,17,AR1 alpha + Enhanced + One-Step,NYSE:SRE,0.0
2021-07-12,17,AR1 alpha + Enhanced + One-Step,NYSE:SRE,0.0
2021-07-13,17,AR1 alpha + Enhanced + One-Step,NYSE:SRE,0.0
2021-07-14,17,AR1 alpha + Enhanced + One-Step,NYSE:SRE,0.0
2021-07-15,17,AR1 alpha + Enhanced + One-Step,NYSE:SRE,0.0
2021-07-16,17,AR1 alpha + Enhanced + One-Step,NYSE:SRE,0.0
2021-07-19,17,AR1 alpha + Enhanced + One-Step,NYSE:SRE,0.0
2021-07-20,17,AR1 alpha + Enhanced + One-Step,NYSE:SRE,0.0
2021-07-21,17,AR1 alpha + Enhanced + One-Step,NYSE:SRE,4.4101689320590055e-07
2021-07-22,17,AR1 alpha + Enhanced + One-Step,NYSE:SRE,0.0
2021-07-23,17,AR1 alpha + Enhanced + One-Step,NYSE:SRE,0.0
2021-07-26,17,AR1 alpha + Enhanced + One-Step,NYSE:SRE,0.0
2021-07-27,17,AR1 alpha + Enhanced + One-Step,NYSE:SRE,0.0
2021-07-28,17,AR1 alpha + Enhanced + One-Step,NYSE:SRE,0.0
2021-07-29,17,AR1 alpha + Enhanced + One-Step,NYSE:SRE,0.0
2021-07-30,17,AR1 alpha + Enhanced + One-Step,NYSE:SRE,0.0
2021-08-02,17,AR1 alpha + Enhanced + One-Step,NYSE:SRE,0.0
2021-08-03,17,AR1 alpha + Enhanced + One-Step,NYSE:SRE,0.0
2021-08-04,17,AR1 alpha + Enhanced + One-Step,NYSE:SRE,0.0
2021-08-05,17,AR1 alpha + Enhanced + One-Step,NYSE:SRE,0.0
2021-08-06,17,AR1 alpha + Enhanced + One-Step,NYSE:SRE,0.0
2021-08-09,17,AR1 alpha + Enhanced + One-Step,NYSE:SRE,0.0
2021-08-10,17,AR1 alpha + Enhanced + One-Step,NYSE:SRE,0.0
2021-08-11,17,AR1 alpha + Enhanced + One-Step,NYSE:SRE,0.0
2021-08-12,17,AR1 alpha + Enhanced + One-Step,NYSE:SRE,0.0
2021-08-13,17,AR1 alpha + Enhanced + One-Step,NYSE:SRE,1.9286657352475945e-07
2021-08-16,17,AR1 alpha + Enhanced + One-Step,NYSE:SRE,1.5832995892333381e-06
2021-08-17,17,AR1 alpha + Enhanced + One-Step,NYSE:SRE,1.449473698533758e-06
2021-08-18,17,AR1 alpha + Enhanced + One-Step,NYSE:SRE,1.2962800927920681e-06
2021-08-19,17,AR1 alpha + Enhanced + One-Step,NYSE:SRE,2.5225029604498886e-06
2021-08-20,17,AR1 alpha + Enhanced + One-Step,NYSE:SRE,0.0
2021-08-23,17,AR1 alpha + Enhanced + One-Step,NYSE:SRE,0.0
2021-08-24,17,AR1 alpha + Enhanced + One-Step,NYSE:SRE,0.0
2021-08-25,17,AR1 alpha + Enhanced + One-Step,NYSE:SRE,1.9560206109451e-08
2021-08-26,17,AR1 alpha + Enhanced + One-Step,NYSE:SRE,0.0
2021-08-27,17,AR1 alpha + Enhanced + One-Step,NYSE:SRE,0.0
2021-08-30,17,AR1 alpha + Enhanced + One-Step,NYSE:SRE,0.0
2021-08-31,17,AR1 alpha + Enhanced + One-Step,NYSE:SRE,1.3894213412880645e-08
2021-09-01,17,AR1 alpha + Enhanced + One-Step,NYSE:SRE,0.0
2021-09-02,17,AR1 alpha + Enhanced + One-Step,NYSE:SRE,0.0
2021-09-03,17,AR1 alpha + Enhanced + One-Step,NYSE:SRE,0.0
2021-09-07,17,AR1 alpha + Enhanced + One-Step,NYSE:SRE,0.0
2021-09-08,17,AR1 alpha + Enhanced + One-Step,NYSE:SRE,0.0
2021-09-09,17,AR1 alpha + Enhanced + One-Step,NYSE:SRE,0.0
2021-09-10,17,AR1 alpha + Enhanced + One-Step,NYSE:SRE,0.0
2021-09-13,17,AR1 alpha + Enhanced + One-Step,NYSE:SRE,4.727755439449399e-07
2021-09-14,17,AR1 alpha + Enhanced + One-Step,NYSE:SRE,0.0
2021-09-15,17,AR1 alpha + Enhanced + One-Step,NYSE:SRE,0.0
2021-09-16,17,AR1 alpha + Enhanced + One-Step,NYSE:SRE,0.0
2021-09-17,17,AR1 alpha + Enhanced + One-Step,NYSE:SRE,0.0
2021-09-20,17,AR1 alpha + Enhanced + One-Step,NYSE:SRE,0.0
2021-09-21,17,AR1 alpha + Enhanced + One-Step,NYSE:SRE,0.0
2021-09-22,17,AR1 alpha + Enhanced + One-Step,NYSE:SRE,0.0
2021-09-23,17,AR1 alpha + Enhanced + One-Step,NYSE:SRE,6.003223980035073e-07
2021-09-24,17,AR1 alpha + Enhanced + One-Step,NYSE:SRE,0.0
2021-09-27,17,AR1 alpha + Enhanced + One-Step,NYSE:SRE,2.7582400070807233e-08
2021-09-28,17,AR1 alpha + Enhanced + One-Step,NYSE:SRE,0.0
2021-09-29,17,AR1 alpha + Enhanced + One-Step,NYSE:SRE,4.293243535949263e-07
2021-09-30,17,AR1 alpha + Enhanced + One-Step,NYSE:SRE,2.6805485742820513e-07
2021-10-01,17,AR1 alpha + Enhanced + One-Step,NYSE:SRE,2.0755027863850368e-07
2021-10-04,17,AR1 alpha + Enhanced + One-Step,NYSE:SRE,1.3361950738559982e-07
2021-10-05,17,AR1 alpha + Enhanced + One-Step,NYSE:SRE,0.0
2021-10-06,17,AR1 alpha + Enhanced + One-Step,NYSE:SRE,0.0
2021-10-07,17,AR1 alpha + Enhanced + One-Step,NYSE:SRE,0.0
2021-10-08,17,AR1 alpha + Enhanced + One-Step,NYSE:SRE,0.0
2021-10-11,17,AR1 alpha + Enhanced + One-Step,NYSE:SRE,0.0
2021-10-12,17,AR1 alpha + Enhanced + One-Step,NYSE:SRE,2.0207311031722126e-07
2021-10-13,17,AR1 alpha + Enhanced + One-Step,NYSE:SRE,1.7367800312056321e-07
2021-10-14,17,AR1 alpha + Enhanced + One-Step,NYSE:SRE,0.0
2021-10-15,17,AR1 alpha + Enhanced + One-Step,NYSE:SRE,0.0
2021-10-18,17,AR1 alpha + Enhanced + One-Step,NYSE:SRE,0.0
2021-10-19,17,AR1 alpha + Enhanced + One-Step,NYSE:SRE,0.0
2021-10-20,17,AR1 alpha + Enhanced + One-Step,NYSE:SRE,2.620761474620056e-07
2021-10-21,17,AR1 alpha + Enhanced + One-Step,NYSE:SRE,2.121076148948462e-07
2021-10-22,17,AR1 alpha + Enhanced + One-Step,NYSE:SRE,2.2772370010947698e-08
2021-10-25,17,AR1 alpha + Enhanced + One-Step,NYSE:SRE,0.0
2021-10-26,17,AR1 alpha + Enhanced + One-Step,NYSE:SRE,0.0
2021-10-27,17,AR1 alpha + Enhanced + One-Step,NYSE:SRE,2.4538020635968064e-08
2021-10-28,17,AR1 alpha + Enhanced + One-Step,NYSE:SRE,9.222599867510813e-08
2021-10-29,17,AR1 alpha + Enhanced + One-Step,NYSE:SRE,0.0
2021-11-01,17,AR1 alpha + Enhanced + One-Step,NYSE:SRE,0.0
2021-11-02,17,AR1 alpha + Enhanced + One-Step,NYSE:SRE,0.0
2021-11-03,17,AR1 alpha + Enhanced + One-Step,NYSE:SRE,1.3742874125486643e-06
2021-11-04,17,AR1 alpha + Enhanced + One-Step,NYSE:SRE,1.1562407932011685e-06
2021-11-05,17,AR1 alpha + Enhanced + One-Step,NYSE:SRE,6.091418973059058e-07
2021-11-08,17,AR1 alpha + Enhanced + One-Step,NYSE:SRE,3.948746371430957e-07
2021-11-09,17,AR1 alpha + Enhanced + One-Step,NYSE:SRE,3.543322980282471e-07
2021-11-10,17,AR1 alpha + Enhanced + One-Step,NYSE:SRE,1.239836578701032e-06
2021-11-11,17,AR1 alpha + Enhanced + One-Step,NYSE:SRE,8.761036959994258e-07
2021-11-12,17,AR1 alpha + Enhanced + One-Step,NYSE:SRE,7.461106185489284e-07
2021-11-15,17,AR1 alpha + Enhanced + One-Step,NYSE:SRE,1.0883622929978699e-06
2021-11-16,17,AR1 alpha + Enhanced + One-Step,NYSE:SRE,0.0
2021-11-17,17,AR1 alpha + Enhanced + One-Step,NYSE:SRE,0.0
2021-11-18,17,AR1 alpha + Enhanced + One-Step,NYSE:SRE,0.0
2021-11-19,17,AR1 alpha + Enhanced + One-Step,NYSE:SRE,2.8629760579054084e-07
2021-11-22,17,AR1 alpha + Enhanced + One-Step,NYSE:SRE,4.445753797482823e-07
2021-11-23,17,AR1 alpha + Enhanced + One-Step,NYSE:SRE,0.0
2021-11-24,17,AR1 alpha + Enhanced + One-Step,NYSE:SRE,0.0
2021-11-26,17,AR1 alpha + Enhanced + One-Step,NYSE:SRE,0.0
2021-11-29,17,AR1 alpha + Enhanced + One-Step,NYSE:SRE,0.0
2021-11-30,17,AR1 alpha + Enhanced + One-Step,NYSE:SRE,0.0
2021-12-01,17,AR1 alpha + Enhanced + One-Step,NYSE:SRE,0.0
2021-12-02,17,AR1 alpha + Enhanced + One-Step,NYSE:SRE,0.0
2021-12-03,17,AR1 alpha + Enhanced + One-Step,NYSE:SRE,0.0
2021-12-06,17,AR1 alpha + Enhanced + One-Step,NYSE:SRE,2.68074960436061e-08
2021-12-07,17,AR1 alpha + Enhanced + One-Step,NYSE:SRE,0.0
2021-12-08,17,AR1 alpha + Enhanced + One-Step,NYSE:SRE,0.0
2021-12-09,17,AR1 alpha + Enhanced + One-Step,NYSE:SRE,0.0
2021-12-10,17,AR1 alpha + Enhanced + One-Step,NYSE:SRE,0.0
2021-12-13,17,AR1 alpha + Enhanced + One-Step,NYSE:SRE,0.0
2021-12-14,17,AR1 alpha + Enhanced + One-Step,NYSE:SRE,0.0
2021-12-15,17,AR1 alpha + Enhanced + One-Step,NYSE:SRE,5.537116821499316e-07
2021-12-16,17,AR1 alpha + Enhanced + One-Step,NYSE:SRE,4.483580357814702e-07
2021-12-17,17,AR1 alpha + Enhanced + One-Step,NYSE:SRE,1.7461341986169801e-07
2021-12-20,17,AR1 alpha + Enhanced + One-Step,NYSE:SRE,0.0
2021-12-21,17,AR1 alpha + Enhanced + One-Step,NYSE:SRE,3.503210618626547e-08
2021-12-22,17,AR1 alpha + Enhanced + One-Step,NYSE:SRE,0.0
2021-12-23,17,AR1 alpha + Enhanced + One-Step,NYSE:SRE,3.322682422259053e-07
2021-12-27,17,AR1 alpha + Enhanced + One-Step,NYSE:SRE,3.232469716508293e-07
2021-12-28,17,AR1 alpha + Enhanced + One-Step,NYSE:SRE,2.889830375239692e-07
2021-12-29,17,AR1 alpha + Enhanced + One-Step,NYSE:SRE,5.249204874029233e-07
2021-12-30,17,AR1 alpha + Enhanced + One-Step,NYSE:SRE,4.195953964713753e-07
2021-12-31,17,AR1 alpha + Enhanced + One-Step,NYSE:SRE,1.9585499302602827e-07
2022-01-03,17,AR1 alpha + Enhanced + One-Step,NYSE:SRE,2.890093499332893e-07
2022-01-04,17,AR1 alpha + Enhanced + One-Step,NYSE:SRE,3.010411053227807e-07
2022-01-05,17,AR1 alpha + Enhanced + One-Step,NYSE:SRE,2.1023748675783002e-07
2022-01-06,17,AR1 alpha + Enhanced + One-Step,NYSE:SRE,1.851011757161346e-07
2022-01-07,17,AR1 alpha + Enhanced + One-Step,NYSE:SRE,1.937223845303297e-07
2022-01-10,17,AR1 alpha + Enhanced + One-Step,NYSE:SRE,1.4401679244391335e-08
2022-01-11,17,AR1 alpha + Enhanced + One-Step,NYSE:SRE,0.0
2022-01-12,17,AR1 alpha + Enhanced + One-Step,NYSE:SRE,0.0
2022-01-13,17,AR1 alpha + Enhanced + One-Step,NYSE:SRE,0.0
2022-01-14,17,AR1 alpha + Enhanced + One-Step,NYSE:SRE,0.0
2022-01-18,17,AR1 alpha + Enhanced + One-Step,NYSE:SRE,1.4755727356752066e-07
2022-01-19,17,AR1 alpha + Enhanced + One-Step,NYSE:SRE,0.0
2022-01-20,17,AR1 alpha + Enhanced + One-Step,NYSE:SRE,4.834406922499359e-08
2022-01-21,17,AR1 alpha + Enhanced + One-Step,NYSE:SRE,0.0
2022-01-24,17,AR1 alpha + Enhanced + One-Step,NYSE:SRE,0.0
2022-01-25,17,AR1 alpha + Enhanced + One-Step,NYSE:SRE,5.721982990354333e-08
2022-01-26,17,AR1 alpha + Enhanced + One-Step,NYSE:SRE,1.469546231576335e-07
2022-01-27,17,AR1 alpha + Enhanced + One-Step,NYSE:SRE,0.0
2022-01-28,17,AR1 alpha + Enhanced + One-Step,NYSE:SRE,3.530857983379057e-09
2022-01-31,17,AR1 alpha + Enhanced + One-Step,NYSE:SRE,2.9807601790925094e-07
2022-02-01,17,AR1 alpha + Enhanced + One-Step,NYSE:SRE,2.653602907047937e-07
2022-02-02,17,AR1 alpha + Enhanced + One-Step,NYSE:SRE,1.558043928726433e-07
2022-02-03,17,AR1 alpha + Enhanced + One-Step,NYSE:SRE,0.0
2022-02-04,17,AR1 alpha + Enhanced + One-Step,NYSE:SRE,0.0
2022-02-07,17,AR1 alpha + Enhanced + One-Step,NYSE:SRE,0.0
2022-02-08,17,AR1 alpha + Enhanced + One-Step,NYSE:SRE,3.592326392719609e-08
2022-02-09,17,AR1 alpha + Enhanced + One-Step,NYSE:SRE,7.747547845593604e-08
2022-02-10,17,AR1 alpha + Enhanced + One-Step,NYSE:SRE,6.348675606576653e-08
2022-02-11,17,AR1 alpha + Enhanced + One-Step,NYSE:SRE,4.462104416496587e-07
2022-02-14,17,AR1 alpha + Enhanced + One-Step,NYSE:SRE,2.1058790714919266e-07
2022-02-15,17,AR1 alpha + Enhanced + One-Step,NYSE:SRE,1.7817795598387593e-07
2022-02-16,17,AR1 alpha + Enhanced + One-Step,NYSE:SRE,3.5632559717109163e-07
2022-02-17,17,AR1 alpha + Enhanced + One-Step,NYSE:SRE,4.637824560465894e-07
2022-02-18,17,AR1 alpha + Enhanced + One-Step,NYSE:SRE,4.150168093946654e-07
2022-02-22,17,AR1 alpha + Enhanced + One-Step,NYSE:SRE,2.611399459310092e-07
2022-02-23,17,AR1 alpha + Enhanced + One-Step,NYSE:SRE,2.385954650301228e-07
2022-02-24,17,AR1 alpha + Enhanced + One-Step,NYSE:SRE,7.399214536335284e-08
2022-02-25,17,AR1 alpha + Enhanced + One-Step,NYSE:SRE,1.2403970169703288e-07
2022-02-28,17,AR1 alpha + Enhanced + One-Step,NYSE:SRE,1.4912517701469876e-07
2022-03-01,17,AR1 alpha + Enhanced + One-Step,NYSE:SRE,1.974869805068756e-07
2022-03-02,17,AR1 alpha + Enhanced + One-Step,NYSE:SRE,6.835605997669795e-08
2022-03-03,17,AR1 alpha + Enhanced + One-Step,NYSE:SRE,3.2956709177602856e-08
2022-03-04,17,AR1 alpha + Enhanced + One-Step,NYSE:SRE,0.0
2022-03-07,17,AR1 alpha + Enhanced + One-Step,NYSE:SRE,9.51279562681202e-07
2022-03-08,17,AR1 alpha + Enhanced + One-Step,NYSE:SRE,5.339504717363881e-07
2022-03-09,17,AR1 alpha + Enhanced + One-Step,NYSE:SRE,2.4788990819800196e-07
2022-03-10,17,AR1 alpha + Enhanced + One-Step,NYSE:SRE,2.1801311037089634e-07
2022-03-11,17,AR1 alpha + Enhanced + One-Step,NYSE:SRE,0.0
2022-03-14,17,AR1 alpha + Enhanced + One-Step,NYSE:SRE,0.0
2022-03-15,17,AR1 alpha + Enhanced + One-Step,NYSE:SRE,0.019359879507312803
2022-03-16,17,AR1 alpha + Enhanced + One-Step,NYSE:SRE,0.020764791079678196
2022-03-17,17,AR1 alpha + Enhanced + One-Step,NYSE:SRE,0.02638225061049759
2022-03-18,17,AR1 alpha + Enhanced + One-Step,NYSE:SRE,0.02638221360119894
2022-03-21,17,AR1 alpha + Enhanced + One-Step,NYSE:SRE,0.026382400939071623
2022-03-22,17,AR1 alpha + Enhanced + One-Step,NYSE:SRE,0.02638239238754646
2022-03-23,17,AR1 alpha + Enhanced + One-Step,NYSE:SRE,0.026382385557182267
2022-03-24,17,AR1 alpha + Enhanced + One-Step,NYSE:SRE,0.026382458123648336
2022-03-25,17,AR1 alpha + Enhanced + One-Step,NYSE:SRE,0.02638175514346776
2022-03-28,17,AR1 alpha + Enhanced + One-Step,NYSE:SRE,0.026381765125623693
2022-03-29,17,AR1 alpha + Enhanced + One-Step,NYSE:SRE,0.02638050938828217
2022-03-30,17,AR1 alpha + Enhanced + One-Step,NYSE:SRE,0.02638052376862167
2022-03-31,17,AR1 alpha + Enhanced + One-Step,NYSE:SRE,0.026380511900835152
2022-04-01,17,AR1 alpha + Enhanced + One-Step,NYSE:SRE,0.026374986776363636
2022-04-04,17,AR1 alpha + Enhanced + One-Step,NYSE:SRE,0.02637413809493715
2022-04-05,17,AR1 alpha + Enhanced + One-Step,NYSE:SRE,0.026373987944383226
2022-04-06,17,AR1 alpha + Enhanced + One-Step,NYSE:SRE,0.026370761475882666
2022-04-07,17,AR1 alpha + Enhanced + One-Step,NYSE:SRE,0.03298270921718873
2022-04-08,17,AR1 alpha + Enhanced + One-Step,NYSE:SRE,0.03345950355253384
2022-04-11,17,AR1 alpha + Enhanced + One-Step,NYSE:SRE,0.045487186937785154
2022-04-12,17,AR1 alpha + Enhanced + One-Step,NYSE:SRE,0.04548534748794876
2022-04-13,17,AR1 alpha + Enhanced + One-Step,NYSE:SRE,0.06460303115918109
2022-04-14,17,AR1 alpha + Enhanced + One-Step,NYSE:SRE,0.06808740582242108
2022-04-18,17,AR1 alpha + Enhanced + One-Step,NYSE:SRE,0.08923861268408473
2022-04-19,17,AR1 alpha + Enhanced + One-Step,NYSE:SRE,0.09996498109033207
2022-04-20,17,AR1 alpha + Enhanced + One-Step,NYSE:SRE,0.09999140171911439
2022-04-21,17,AR1 alpha + Enhanced + One-Step,NYSE:SRE,0.09999123267324585
2022-04-22,17,AR1 alpha + Enhanced + One-Step,NYSE:SRE,0.09999256718165529
2022-04-25,17,AR1 alpha + Enhanced + One-Step,NYSE:SRE,0.09999382659109432
2022-04-26,17,AR1 alpha + Enhanced + One-Step,NYSE:SRE,0.09999655921262478
2022-04-27,17,AR1 alpha + Enhanced + One-Step,NYSE:SRE,0.099995773611892
2022-04-28,17,AR1 alpha + Enhanced + One-Step,NYSE:SRE,0.09999381258463931
2022-04-29,17,AR1 alpha + Enhanced + One-Step,NYSE:SRE,0.09999149869051066
2022-05-02,17,AR1 alpha + Enhanced + One-Step,NYSE:SRE,0.0999904713263881
2022-05-03,17,AR1 alpha + Enhanced + One-Step,NYSE:SRE,0.09999263649030195
2022-05-04,17,AR1 alpha + Enhanced + One-Step,NYSE:SRE,0.099994540285779
2022-05-05,17,AR1 alpha + Enhanced + One-Step,NYSE:SRE,0.09999843720522701
2022-05-06,17,AR1 alpha + Enhanced + One-Step,NYSE:SRE,0.09999596757147454
2022-05-09,17,AR1 alpha + Enhanced + One-Step,NYSE:SRE,0.09999703095275846
2022-05-10,17,AR1 alpha + Enhanced + One-Step,NYSE:SRE,0.0999914690366444
2022-05-11,17,AR1 alpha + Enhanced + One-Step,NYSE:SRE,0.09999075532683163
2022-05-12,17,AR1 alpha + Enhanced + One-Step,NYSE:SRE,0.09998593607979665
2022-05-13,17,AR1 alpha + Enhanced + One-Step,NYSE:SRE,0.09998676858702493
2022-05-16,17,AR1 alpha + Enhanced + One-Step,NYSE:SRE,0.0999877748198212
2022-05-17,17,AR1 alpha + Enhanced + One-Step,NYSE:SRE,0.09998745356547892
2022-05-18,17,AR1 alpha + Enhanced + One-Step,NYSE:SRE,0.09998985236876722
2022-05-19,17,AR1 alpha + Enhanced + One-Step,NYSE:SRE,0.09999218741329399
2022-05-20,17,AR1 alpha + Enhanced + One-Step,NYSE:SRE,0.0999942046746938
2022-05-23,17,AR1 alpha + Enhanced + One-Step,NYSE:SRE,0.09999612084090105
2022-05-24,17,AR1 alpha + Enhanced + One-Step,NYSE:SRE,0.09999442987887454
2022-05-25,17,AR1 alpha + Enhanced + One-Step,NYSE:SRE,0.0999931016932305
2022-05-26,17,AR1 alpha + Enhanced + One-Step,NYSE:SRE,0.09999480568103346
2022-05-27,17,AR1 alpha + Enhanced + One-Step,NYSE:SRE,0.09999537376062365
2022-05-31,17,AR1 alpha + Enhanced + One-Step,NYSE:SRE,0.09999569002593585
2022-06-01,17,AR1 alpha + Enhanced + One-Step,NYSE:SRE,0.09999661887433878
2022-06-02,17,AR1 alpha + Enhanced + One-Step,NYSE:SRE,0.09999772784232072
2022-06-03,17,AR1 alpha + Enhanced + One-Step,NYSE:SRE,0.09999737172975807
2022-06-06,17,AR1 alpha + Enhanced + One-Step,NYSE:SRE,0.09999651179481875
2022-06-07,17,AR1 alpha + Enhanced + One-Step,NYSE:SRE,0.09999572585836297
2022-06-08,17,AR1 alpha + Enhanced + One-Step,NYSE:SRE,0.09999651934924042
2022-06-09,17,AR1 alpha + Enhanced + One-Step,NYSE:SRE,0.09999585996622479
2022-06-10,17,AR1 alpha + Enhanced + One-Step,NYSE:SRE,0.09999495387885232
2022-06-13,17,AR1 alpha + Enhanced + One-Step,NYSE:SRE,0.09999576618603767
2022-06-14,17,AR1 alpha + Enhanced + One-Step,NYSE:SRE,0.09999792572685813
2022-06-15,17,AR1 alpha + Enhanced + One-Step,NYSE:SRE,0.09999639235607384
2022-06-16,17,AR1 alpha + Enhanced + One-Step,NYSE:SRE,0.09999563464698033
2022-06-17,17,AR1 alpha + Enhanced + One-Step,NYSE:SRE,0.09999614256671915
2022-06-21,17,AR1 alpha + Enhanced + One-Step,NYSE:SRE,0.09999747415086657
2022-06-22,17,AR1 alpha + Enhanced + One-Step,NYSE:SRE,0.09999847719659911
2022-06-23,17,AR1 alpha + Enhanced + One-Step,NYSE:SRE,0.09999879976599119
2022-06-24,17,AR1 alpha + Enhanced + One-Step,NYSE:SRE,0.09999901037852879
2022-06-27,17,AR1 alpha + Enhanced + One-Step,NYSE:SRE,0.09999950978931942
2022-06-28,17,AR1 alpha + Enhanced + One-Step,NYSE:SRE,0.09999962858882719
2022-06-29,17,AR1 alpha + Enhanced + One-Step,NYSE:SRE,0.09999928287535331
2022-06-30,17,AR1 alpha + Enhanced + One-Step,NYSE:SRE,0.0999995858932211
2022-07-01,17,AR1 alpha + Enhanced + One-Step,NYSE:SRE,0.09999947405468955
2022-07-05,17,AR1 alpha + Enhanced + One-Step,NYSE:SRE,0.09999957445368819
2022-07-06,17,AR1 alpha + Enhanced + One-Step,NYSE:SRE,0.09999887241905767
2022-07-07,17,AR1 alpha + Enhanced + One-Step,NYSE:SRE,0.09999814430393222
2022-07-08,17,AR1 alpha + Enhanced + One-Step,NYSE:SRE,0.0999985420014658
2022-07-11,17,AR1 alpha + Enhanced + One-Step,NYSE:SRE,0.09999431508557059
2022-07-12,17,AR1 alpha + Enhanced + One-Step,NYSE:SRE,0.09999493797105623
2022-07-13,17,AR1 alpha + Enhanced + One-Step,NYSE:SRE,0.09999586504372358
2022-07-14,17,AR1 alpha + Enhanced + One-Step,NYSE:SRE,0.09999695149711704
2022-07-15,17,AR1 alpha + Enhanced + One-Step,NYSE:SRE,0.09999777222550418
2022-07-18,17,AR1 alpha + Enhanced + One-Step,NYSE:SRE,0.09999807821899419
2022-07-19,17,AR1 alpha + Enhanced + One-Step,NYSE:SRE,0.09999835097233976
2022-07-20,17,AR1 alpha + Enhanced + One-Step,NYSE:SRE,0.0999986924590221
2022-07-21,17,AR1 alpha + Enhanced + One-Step,NYSE:SRE,0.09999896691086341
2022-07-22,17,AR1 alpha + Enhanced + One-Step,NYSE:SRE,0.09999908415741465
2022-07-25,17,AR1 alpha + Enhanced + One-Step,NYSE:SRE,0.09999968051370627
2022-07-26,17,AR1 alpha + Enhanced + One-Step,NYSE:SRE,0.09999975005376702
2022-07-27,17,AR1 alpha + Enhanced + One-Step,NYSE:SRE,0.09999981584721206
2022-07-28,17,AR1 alpha + Enhanced + One-Step,NYSE:SRE,0.0999998703910653
2022-07-29,17,AR1 alpha + Enhanced + One-Step,NYSE:SRE,0.0999949345418599
2022-08-01,17,AR1 alpha + Enhanced + One-Step,NYSE:SRE,0.09999626732198749
2022-08-02,17,AR1 alpha + Enhanced + One-Step,NYSE:SRE,0.09999552035965235
2022-08-03,17,AR1 alpha + Enhanced + One-Step,NYSE:SRE,0.09999549884267685
2022-08-04,17,AR1 alpha + Enhanced + One-Step,NYSE:SRE,0.099996522491885
2022-08-05,17,AR1 alpha + Enhanced + One-Step,NYSE:SRE,0.09999269173085025
2022-08-08,17,AR1 alpha + Enhanced + One-Step,NYSE:SRE,0.09999042269337817
2022-08-09,17,AR1 alpha + Enhanced + One-Step,NYSE:SRE,0.09999473175451586
2022-08-10,17,AR1 alpha + Enhanced + One-Step,NYSE:SRE,0.09999098772207159
2022-08-11,17,AR1 alpha + Enhanced + One-Step,NYSE:SRE,0.09999260074433447
2022-08-12,17,AR1 alpha + Enhanced + One-Step,NYSE:SRE,0.09999453853977315
2022-08-15,17,AR1 alpha + Enhanced + One-Step,NYSE:SRE,0.09999592587457341
2022-08-16,17,AR1 alpha + Enhanced + One-Step,NYSE:SRE,0.09999703937915244
2022-08-17,17,AR1 alpha + Enhanced + One-Step,NYSE:SRE,0.09999781154482516
2022-08-18,17,AR1 alpha + Enhanced + One-Step,NYSE:SRE,0.09999442100218664
2022-08-19,17,AR1 alpha + Enhanced + One-Step,NYSE:SRE,0.09999292515658084
2022-08-22,17,AR1 alpha + Enhanced + One-Step,NYSE:SRE,0.0999959847112848
2022-08-23,17,AR1 alpha + Enhanced + One-Step,NYSE:SRE,0.09999566719593961
2022-08-24,17,AR1 alpha + Enhanced + One-Step,NYSE:SRE,0.09999664273580197
2022-08-25,17,AR1 alpha + Enhanced + One-Step,NYSE:SRE,0.09999126524220271
2022-08-26,17,AR1 alpha + Enhanced + One-Step,NYSE:SRE,0.09999266707338964
2022-08-29,17,AR1 alpha + Enhanced + One-Step,NYSE:SRE,0.09999473149202155
2022-08-30,17,AR1 alpha + Enhanced + One-Step,NYSE:SRE,0.09999581531130806
2022-08-31,17,AR1 alpha + Enhanced + One-Step,NYSE:SRE,0.0999967382830887
2022-09-01,17,AR1 alpha + Enhanced + One-Step,NYSE:SRE,0.0999975762448761
2022-09-02,17,AR1 alpha + Enhanced + One-Step,NYSE:SRE,0.09999816710804442
2022-09-06,17,AR1 alpha + Enhanced + One-Step,NYSE:SRE,0.09999857401073348
2022-09-07,17,AR1 alpha + Enhanced + One-Step,NYSE:SRE,0.0999989414983413
2022-09-08,17,AR1 alpha + Enhanced + One-Step,NYSE:SRE,0.09999932698828916
2022-09-09,17,AR1 alpha + Enhanced + One-Step,NYSE:SRE,0.0999980064974196
2022-09-12,17,AR1 alpha + Enhanced + One-Step,NYSE:SRE,0.09999770050904723
2022-09-13,17,AR1 alpha + Enhanced + One-Step,NYSE:SRE,0.09999832102801459
2022-09-14,17,AR1 alpha + Enhanced + One-Step,NYSE:SRE,0.09999729686222336
2022-09-15,17,AR1 alpha + Enhanced + One-Step,NYSE:SRE,0.09999839717222501
2022-09-16,17,AR1 alpha + Enhanced + One-Step,NYSE:SRE,0.09999887058475629
2022-09-19,17,AR1 alpha + Enhanced + One-Step,NYSE:SRE,0.09999809162150793
2022-09-20,17,AR1 alpha + Enhanced + One-Step,NYSE:SRE,0.09999902775061885
2022-09-21,17,AR1 alpha + Enhanced + One-Step,NYSE:SRE,0.09999919326084365
2022-09-22,17,AR1 alpha + Enhanced + One-Step,NYSE:SRE,0.09999938691420619
2022-09-23,17,AR1 alpha + Enhanced + One-Step,NYSE:SRE,0.09999722682182338
2022-09-26,17,AR1 alpha + Enhanced + One-Step,NYSE:SRE,0.09999788641695874
2022-09-27,17,AR1 alpha + Enhanced + One-Step,NYSE:SRE,0.09999835466839593
2022-09-28,17,AR1 alpha + Enhanced + One-Step,NYSE:SRE,0.09999841410714867
2022-09-29,17,AR1 alpha + Enhanced + One-Step,NYSE:SRE,0.09999918695804827
2022-09-30,17,AR1 alpha + Enhanced + One-Step,NYSE:SRE,0.09999932322124891
2022-10-03,17,AR1 alpha + Enhanced + One-Step,NYSE:SRE,0.09999951188346715
2022-10-04,17,AR1 alpha + Enhanced + One-Step,NYSE:SRE,0.09999951041636768
2022-10-05,17,AR1 alpha + Enhanced + One-Step,NYSE:SRE,0.09999473164462369
2022-10-06,17,AR1 alpha + Enhanced + One-Step,NYSE:SRE,0.09999390762370793
2022-10-07,17,AR1 alpha + Enhanced + One-Step,NYSE:SRE,0.0999955524746799
2022-10-10,17,AR1 alpha + Enhanced + One-Step,NYSE:SRE,0.09999505916047122
2022-10-11,17,AR1 alpha + Enhanced + One-Step,NYSE:SRE,0.09999206600154156
2022-10-12,17,AR1 alpha + Enhanced + One-Step,NYSE:SRE,0.09999323049575702
2022-10-13,17,AR1 alpha + Enhanced + One-Step,NYSE:SRE,0.09999558033750187
2022-10-14,17,AR1 alpha + Enhanced + One-Step,NYSE:SRE,0.09999679326401836
2022-10-17,17,AR1 alpha + Enhanced + One-Step,NYSE:SRE,0.0999975904912684
2022-10-18,17,AR1 alpha + Enhanced + One-Step,NYSE:SRE,0.09999824501837985
2022-10-19,17,AR1 alpha + Enhanced + One-Step,NYSE:SRE,0.09999870162868743
2022-10-20,17,AR1 alpha + Enhanced + One-Step,NYSE:SRE,0.09999816140397455
2022-10-21,17,AR1 alpha + Enhanced + One-Step,NYSE:SRE,0.09999868174094208
2022-10-24,17,AR1 alpha + Enhanced + One-Step,NYSE:SRE,0.09999680755957852
2022-10-25,17,AR1 alpha + Enhanced + One-Step,NYSE:SRE,0.09999766047112318
2022-10-26,17,AR1 alpha + Enhanced + One-Step,NYSE:SRE,0.09999826252618278
2022-10-27,17,AR1 alpha + Enhanced + One-Step,NYSE:SRE,0.09999542843963825
2022-10-28,17,AR1 alpha + Enhanced + One-Step,NYSE:SRE,0.09999643526540043
2022-10-31,17,AR1 alpha + Enhanced + One-Step,NYSE:SRE,0.09999624823865372
2022-11-01,17,AR1 alpha + Enhanced + One-Step,NYSE:SRE,0.09999550544531326
2022-11-02,17,AR1 alpha + Enhanced + One-Step,NYSE:SRE,0.09999669788151408
2022-11-03,17,AR1 alpha + Enhanced + One-Step,NYSE:SRE,0.09999959332858913
2022-11-04,17,AR1 alpha + Enhanced + One-Step,NYSE:SRE,0.09999918477088902
2022-11-07,17,AR1 alpha + Enhanced + One-Step,NYSE:SRE,0.0999955985446923
2022-11-08,17,AR1 alpha + Enhanced + One-Step,NYSE:SRE,0.09999684144437661
2022-11-09,17,AR1 alpha + Enhanced + One-Step,NYSE:SRE,0.09999708461498603
2022-11-10,17,AR1 alpha + Enhanced + One-Step,NYSE:SRE,0.09999783828365078
2022-11-11,17,AR1 alpha + Enhanced + One-Step,NYSE:SRE,0.09999777649550147
2022-11-14,17,AR1 alpha + Enhanced + One-Step,NYSE:SRE,0.09999802046905042
2022-11-15,17,AR1 alpha + Enhanced + One-Step,NYSE:SRE,0.09999855838090443
2022-11-16,17,AR1 alpha + Enhanced + One-Step,NYSE:SRE,0.09999893598271553
2022-11-17,17,AR1 alpha + Enhanced + One-Step,NYSE:SRE,0.09999890433284585
2022-11-18,17,AR1 alpha + Enhanced + One-Step,NYSE:SRE,0.09999922546225277
2022-11-21,17,AR1 alpha + Enhanced + One-Step,NYSE:SRE,0.09999865888959458
2022-11-22,17,AR1 alpha + Enhanced + One-Step,NYSE:SRE,0.09999585427493571
2022-11-23,17,AR1 alpha + Enhanced + One-Step,NYSE:SRE,0.09999805595916494
2022-11-25,17,AR1 alpha + Enhanced + One-Step,NYSE:SRE,0.09999912632274097
2022-11-28,17,AR1 alpha + Enhanced + One-Step,NYSE:SRE,0.09999938034091241
2022-11-29,17,AR1 alpha + Enhanced + One-Step,NYSE:SRE,0.09999953822260438
2022-11-30,17,AR1 alpha + Enhanced + One-Step,NYSE:SRE,0.09999966117741219
2022-12-01,17,AR1 alpha + Enhanced + One-Step,NYSE:SRE,0.09999924572247838
2022-12-02,17,AR1 alpha + Enhanced + One-Step,NYSE:SRE,0.09999948549996582
2022-12-05,17,AR1 alpha + Enhanced + One-Step,NYSE:SRE,0.09999599855833963
2022-12-06,17,AR1 alpha + Enhanced + One-Step,NYSE:SRE,0.09999342517674152
2022-12-07,17,AR1 alpha + Enhanced + One-Step,NYSE:SRE,0.09999350043818046
2022-12-08,17,AR1 alpha + Enhanced + One-Step,NYSE:SRE,0.09999514098011009
2022-12-09,17,AR1 alpha + Enhanced + One-Step,NYSE:SRE,0.09999180181290766
2022-12-12,17,AR1 alpha + Enhanced + One-Step,NYSE:SRE,0.09999119046312265
2022-12-13,17,AR1 alpha + Enhanced + One-Step,NYSE:SRE,0.09998989586065743
2022-12-14,17,AR1 alpha + Enhanced + One-Step,NYSE:SRE,0.09998726058799699
2022-12-15,17,AR1 alpha + Enhanced + One-Step,NYSE:SRE,0.09998586493651801
2022-12-16,17,AR1 alpha + Enhanced + One-Step,NYSE:SRE,0.09998504121344445
2022-12-19,17,AR1 alpha + Enhanced + One-Step,NYSE:SRE,0.09999093885488933
2022-12-20,17,AR1 alpha + Enhanced + One-Step,NYSE:SRE,0.09999154689801786
2022-12-21,17,AR1 alpha + Enhanced + One-Step,NYSE:SRE,0.09999380510606136
2022-12-22,17,AR1 alpha + Enhanced + One-Step,NYSE:SRE,0.09999541851770145
2022-12-23,17,AR1 alpha + Enhanced + One-Step,NYSE:SRE,0.09999664070838962
2022-12-27,17,AR1 alpha + Enhanced + One-Step,NYSE:SRE,0.09999752922508823
2022-12-28,17,AR1 alpha + Enhanced + One-Step,NYSE:SRE,0.09999852014851152
2022-12-29,17,AR1 alpha + Enhanced + One-Step,NYSE:SRE,0.0999983753728416
2022-12-30,17,AR1 alpha + Enhanced + One-Step,NYSE:SRE,0.09999880921664964
2023-01-03,17,AR1 alpha + Enhanced + One-Step,NYSE:SRE,0.09999913238473035
2023-01-04,17,AR1 alpha + Enhanced + One-Step,NYSE:SRE,0.09999925933875649
2023-01-05,17,AR1 alpha + Enhanced + One-Step,NYSE:SRE,0.10000009185037079
2023-01-06,17,AR1 alpha + Enhanced + One-Step,NYSE:SRE,0.10000007555698581
2023-01-09,17,AR1 alpha + Enhanced + One-Step,NYSE:SRE,0.0999959407070541
2023-01-10,17,AR1 alpha + Enhanced + One-Step,NYSE:SRE,0.09999632941268576
2023-01-11,17,AR1 alpha + Enhanced + One-Step,NYSE:SRE,0.09999388578451093
2023-01-12,17,AR1 alpha + Enhanced + One-Step,NYSE:SRE,0.09999201531846043
2023-01-13,17,AR1 alpha + Enhanced + One-Step,NYSE:SRE,0.09998956572880244
2023-01-17,17,AR1 alpha + Enhanced + One-Step,NYSE:SRE,0.09999143655035973
2023-01-18,17,AR1 alpha + Enhanced + One-Step,NYSE:SRE,0.09999121215200547
2023-01-19,17,AR1 alpha + Enhanced + One-Step,NYSE:SRE,0.09999218529195533
2023-01-20,17,AR1 alpha + Enhanced + One-Step,NYSE:SRE,0.09999290607921173
2023-01-23,17,AR1 alpha + Enhanced + One-Step,NYSE:SRE,0.09999326684946128
2023-01-24,17,AR1 alpha + Enhanced + One-Step,NYSE:SRE,0.09999610779784052
2023-01-25,17,AR1 alpha + Enhanced + One-Step,NYSE:SRE,0.09999712113074298
2023-01-26,17,AR1 alpha + Enhanced + One-Step,NYSE:SRE,0.0999977927785461
2023-01-27,17,AR1 alpha + Enhanced + One-Step,NYSE:SRE,0.09999495511224475
2023-01-30,17,AR1 alpha + Enhanced + One-Step,NYSE:SRE,0.09999620775106746
2023-01-31,17,AR1 alpha + Enhanced + One-Step,NYSE:SRE,0.09999349517148151
2023-02-01,17,AR1 alpha + Enhanced + One-Step,NYSE:SRE,0.09999249767305564
2023-02-02,17,AR1 alpha + Enhanced + One-Step,NYSE:SRE,0.09999640608690075
2023-02-03,17,AR1 alpha + Enhanced + One-Step,NYSE:SRE,0.0999980404388732
2023-02-06,17,AR1 alpha + Enhanced + One-Step,NYSE:SRE,0.09999856128215699
2023-02-07,17,AR1 alpha + Enhanced + One-Step,NYSE:SRE,0.10000150808016081
2023-02-08,17,AR1 alpha + Enhanced + One-Step,NYSE:SRE,0.10000152704820017
2023-02-09,17,AR1 alpha + Enhanced + One-Step,NYSE:SRE,0.10000108263014154
2023-02-10,17,AR1 alpha + Enhanced + One-Step,NYSE:SRE,0.09999836715655952
2023-02-13,17,AR1 alpha + Enhanced + One-Step,NYSE:SRE,0.09999869016716909
2023-02-14,17,AR1 alpha + Enhanced + One-Step,NYSE:SRE,0.09999828204984788
2023-02-15,17,AR1 alpha + Enhanced + One-Step,NYSE:SRE,0.09999887144694522
2023-02-16,17,AR1 alpha + Enhanced + One-Step,NYSE:SRE,0.09999391423778707
2023-02-17,17,AR1 alpha + Enhanced + One-Step,NYSE:SRE,0.09998921807637633
2023-02-21,17,AR1 alpha + Enhanced + One-Step,NYSE:SRE,0.09998447223522104
2023-02-22,17,AR1 alpha + Enhanced + One-Step,NYSE:SRE,0.09998171525697871
2023-02-23,17,AR1 alpha + Enhanced + One-Step,NYSE:SRE,0.09998170290856975
2023-02-24,17,AR1 alpha + Enhanced + One-Step,NYSE:SRE,0.0999906629933932
2023-02-27,17,AR1 alpha + Enhanced + One-Step,NYSE:SRE,0.09999316355168787
2023-02-28,17,AR1 alpha + Enhanced + One-Step,NYSE:SRE,0.09999676800652182
2023-03-01,17,AR1 alpha + Enhanced + One-Step,NYSE:SRE,0.09999752816955572
2023-03-02,17,AR1 alpha + Enhanced + One-Step,NYSE:SRE,0.09999561273557368
2023-03-03,17,AR1 alpha + Enhanced + One-Step,NYSE:SRE,0.09999165665382134
2023-03-06,17,AR1 alpha + Enhanced + One-Step,NYSE:SRE,0.09720731728110926
2023-03-07,17,AR1 alpha + Enhanced + One-Step,NYSE:SRE,0.09720424985116859
2023-03-08,17,AR1 alpha + Enhanced + One-Step,NYSE:SRE,0.0922599713361817
2023-03-09,17,AR1 alpha + Enhanced + One-Step,NYSE:SRE,0.08934291866814069
2023-03-10,17,AR1 alpha + Enhanced + One-Step,NYSE:SRE,0.0875949138880114
2023-03-13,17,AR1 alpha + Enhanced + One-Step,NYSE:SRE,0.08421423643312043
2023-03-14,17,AR1 alpha + Enhanced + One-Step,NYSE:SRE,0.07374937861369564
2023-03-15,17,AR1 alpha + Enhanced + One-Step,NYSE:SRE,0.06433189746507303
2023-03-16,17,AR1 alpha + Enhanced + One-Step,NYSE:SRE,0.059648795263574916
2023-03-17,17,AR1 alpha + Enhanced + One-Step,NYSE:SRE,0.04845514367996031
2023-03-20,17,AR1 alpha + Enhanced + One-Step,NYSE:SRE,0.04845429607762095
2023-03-21,17,AR1 alpha + Enhanced + One-Step,NYSE:SRE,0.04845379651862452
2023-03-22,17,AR1 alpha + Enhanced + One-Step,NYSE:SRE,0.052460709008826614
2023-03-23,17,AR1 alpha + Enhanced + One-Step,NYSE:SRE,0.05245830966176055
2023-03-24,17,AR1 alpha + Enhanced + One-Step,NYSE:SRE,0.05245807621509297
2023-03-27,17,AR1 alpha + Enhanced + One-Step,NYSE:SRE,0.052457958444773134
2023-03-28,17,AR1 alpha + Enhanced + One-Step,NYSE:SRE,0.052457799716974444
2023-03-29,17,AR1 alpha + Enhanced + One-Step,NYSE:SRE,0.05245781483295646
2023-03-30,17,AR1 alpha + Enhanced + One-Step,NYSE:SRE,0.045265389853914546
2023-03-31,17,AR1 alpha + Enhanced + One-Step,NYSE:SRE,0.039928804937659164
2023-04-03,17,AR1 alpha + Enhanced + One-Step,NYSE:SRE,0.039928522426526246
2023-04-04,17,AR1 alpha + Enhanced + One-Step,NYSE:SRE,0.029880795600872274
2023-04-05,17,AR1 alpha + Enhanced + One-Step,NYSE:SRE,0.026113817185603124
2023-04-06,17,AR1 alpha + Enhanced + One-Step,NYSE:SRE,0.026113740718478634
2023-04-10,17,AR1 alpha + Enhanced + One-Step,NYSE:SRE,0.026114645003845655
2023-04-11,17,AR1 alpha + Enhanced + One-Step,NYSE:SRE,0.02611301389042392
2023-04-12,17,AR1 alpha + Enhanced + One-Step,NYSE:SRE,0.026112544501212913
2023-04-13,17,AR1 alpha + Enhanced + One-Step,NYSE:SRE,0.026112447578005273
2023-04-14,17,AR1 alpha + Enhanced + One-Step,NYSE:SRE,0.026112012846201696
2023-04-17,17,AR1 alpha + Enhanced + One-Step,NYSE:SRE,0.026112238689312218
2023-04-18,17,AR1 alpha + Enhanced + One-Step,NYSE:SRE,0.023768489865002046
2023-04-19,17,AR1 alpha + Enhanced + One-Step,NYSE:SRE,0.0060647055015668125
2023-04-20,17,AR1 alpha + Enhanced + One-Step,NYSE:SRE,4.6055905627928683e-07
2023-04-21,17,AR1 alpha + Enhanced + One-Step,NYSE:SRE,2.0064137273393875e-07
2023-04-24,17,AR1 alpha + Enhanced + One-Step,NYSE:SRE,3.430316982387765e-08
2023-04-25,17,AR1 alpha + Enhanced + One-Step,NYSE:SRE,1.0439036278669344e-07
2023-04-26,17,AR1 alpha + Enhanced + One-Step,NYSE:SRE,3.9097663608244194e-08
2023-04-27,17,AR1 alpha + Enhanced + One-Step,NYSE:SRE,8.713591426369015e-07
2023-04-28,17,AR1 alpha + Enhanced + One-Step,NYSE:SRE,5.334969341554865e-07
2023-05-01,17,AR1 alpha + Enhanced + One-Step,NYSE:SRE,3.152238325560892e-07
2023-05-02,17,AR1 alpha + Enhanced + One-Step,NYSE:SRE,3.346960216737785e-07
2023-05-03,17,AR1 alpha + Enhanced + One-Step,NYSE:SRE,9.494187275499185e-07
2023-05-04,17,AR1 alpha + Enhanced + One-Step,NYSE:SRE,6.869016715386962e-07
2023-05-05,17,AR1 alpha + Enhanced + One-Step,NYSE:SRE,4.041556780060303e-07
2023-05-08,17,AR1 alpha + Enhanced + One-Step,NYSE:SRE,0.0
2023-05-09,17,AR1 alpha + Enhanced + One-Step,NYSE:SRE,0.0
2023-05-10,17,AR1 alpha + Enhanced + One-Step,NYSE:SRE,0.0
2023-05-11,17,AR1 alpha + Enhanced + One-Step,NYSE:SRE,0.0
2023-05-12,17,AR1 alpha + Enhanced + One-Step,NYSE:SRE,5.962313165718012e-08
2023-05-15,17,AR1 alpha + Enhanced + One-Step,NYSE:SRE,0.0
2023-05-16,17,AR1 alpha + Enhanced + One-Step,NYSE:SRE,3.173114742307655e-08
2023-05-17,17,AR1 alpha + Enhanced + One-Step,NYSE:SRE,0.0
2023-05-18,17,AR1 alpha + Enhanced + One-Step,NYSE:SRE,1.3078425359412787e-06
2023-05-19,17,AR1 alpha + Enhanced + One-Step,NYSE:SRE,8.009828033741569e-07
2023-05-22,17,AR1 alpha + Enhanced + One-Step,NYSE:SRE,5.556655728434006e-07
2023-05-23,17,AR1 alpha + Enhanced + One-Step,NYSE:SRE,1.246536854550498e-07
2023-05-24,17,AR1 alpha + Enhanced + One-Step,NYSE:SRE,1.5710025430837496e-07
2023-05-25,17,AR1 alpha + Enhanced + One-Step,NYSE:SRE,1.9069552202401455e-08
2023-05-26,17,AR1 alpha + Enhanced + One-Step,NYSE:SRE,0.0
2023-05-30,17,AR1 alpha + Enhanced + One-Step,NYSE:SRE,0.0
2023-05-31,17,AR1 alpha + Enhanced + One-Step,NYSE:SRE,2.2850809469806573e-07
2023-06-01,17,AR1 alpha + Enhanced + One-Step,NYSE:SRE,0.0
2023-06-02,17,AR1 alpha + Enhanced + One-Step,NYSE:SRE,0.0
2023-06-05,17,AR1 alpha + Enhanced + One-Step,NYSE:SRE,0.0
2023-06-06,17,AR1 alpha + Enhanced + One-Step,NYSE:SRE,1.5515534706124864e-06
2023-06-07,17,AR1 alpha + Enhanced + One-Step,NYSE:SRE,1.330531336668332e-06
2023-06-08,17,AR1 alpha + Enhanced + One-Step,NYSE:SRE,1.0297371744915097e-06
2023-06-09,17,AR1 alpha + Enhanced + One-Step,NYSE:SRE,2.552602246234737e-07
2023-06-12,17,AR1 alpha + Enhanced + One-Step,NYSE:SRE,3.004576314480653e-08
2023-06-13,17,AR1 alpha + Enhanced + One-Step,NYSE:SRE,0.0
2023-06-14,17,AR1 alpha + Enhanced + One-Step,NYSE:SRE,4.491558255431171e-07
2023-06-15,17,AR1 alpha + Enhanced + One-Step,NYSE:SRE,3.875999530439949e-07
2023-06-16,17,AR1 alpha + Enhanced + One-Step,NYSE:SRE,1.8210238469248862e-07
2023-06-20,17,AR1 alpha + Enhanced + One-Step,NYSE:SRE,2.0654372381371157e-07
2023-06-21,17,AR1 alpha + Enhanced + One-Step,NYSE:SRE,1.1322624189828075e-08
2023-06-22,17,AR1 alpha + Enhanced + One-Step,NYSE:SRE,1.4902015538141264e-07
2023-06-23,17,AR1 alpha + Enhanced + One-Step,NYSE:SRE,1.5144603783874912e-07
2023-06-26,17,AR1 alpha + Enhanced + One-Step,NYSE:SRE,0.0
2023-06-27,17,AR1 alpha + Enhanced + One-Step,NYSE:SRE,0.0
2023-06-28,17,AR1 alpha + Enhanced + One-Step,NYSE:SRE,0.0
2023-06-29,17,AR1 alpha + Enhanced + One-Step,NYSE:SRE,0.0
2023-06-30,17,AR1 alpha + Enhanced + One-Step,NYSE:SRE,0.0
2023-07-03,17,AR1 alpha + Enhanced + One-Step,NYSE:SRE,0.0
2023-07-05,17,AR1 alpha + Enhanced + One-Step,NYSE:SRE,3.5641808406721656e-07
2023-07-06,17,AR1 alpha + Enhanced + One-Step,NYSE:SRE,4.43157870356092e-07
2023-07-07,17,AR1 alpha + Enhanced + One-Step,NYSE:SRE,5.323275154614487e-07
2023-07-10,17,AR1 alpha + Enhanced + One-Step,NYSE:SRE,3.0506785003924907e-07
2023-07-11,17,AR1 alpha + Enhanced + One-Step,NYSE:SRE,0.0
2023-07-12,17,AR1 alpha + Enhanced + One-Step,NYSE:SRE,1.2143412886203452e-07
2023-07-13,17,AR1 alpha + Enhanced + One-Step,NYSE:SRE,0.0
2023-07-14,17,AR1 alpha + Enhanced + One-Step,NYSE:SRE,0.0
2023-07-17,17,AR1 alpha + Enhanced + One-Step,NYSE:SRE,0.001540519428345602
2023-07-18,17,AR1 alpha + Enhanced + One-Step,NYSE:SRE,0.0015411665213316927
2023-07-19,17,AR1 alpha + Enhanced + One-Step,NYSE:SRE,0.0015403732056775863
2023-07-20,17,AR1 alpha + Enhanced + One-Step,NYSE:SRE,0.0015400369850733105
2023-07-21,17,AR1 alpha + Enhanced + One-Step,NYSE:SRE,0.0
2023-07-24,17,AR1 alpha + Enhanced + One-Step,NYSE:SRE,0.0
2023-07-25,17,AR1 alpha + Enhanced + One-Step,NYSE:SRE,0.0
2023-07-26,17,AR1 alpha + Enhanced + One-Step,NYSE:SRE,0.0
2023-07-27,17,AR1 alpha + Enhanced + One-Step,NYSE:SRE,0.0
2023-08-01,17,AR1 alpha + Enhanced + One-Step,NYSE:SRE,0.0
2023-08-02,17,AR1 alpha + Enhanced + One-Step,NYSE:SRE,0.0
2023-08-03,17,AR1 alpha + Enhanced + One-Step,NYSE:SRE,1.1410970602256301e-07
2023-08-04,17,AR1 alpha + Enhanced + One-Step,NYSE:SRE,2.0727788458708372e-06
2023-08-07,17,AR1 alpha + Enhanced + One-Step,NYSE:SRE,1.2561172020030822e-06
2023-08-08,17,AR1 alpha + Enhanced + One-Step,NYSE:SRE,4.3675381147476514e-07
2023-08-09,17,AR1 alpha + Enhanced + One-Step,NYSE:SRE,0.0
2023-08-10,17,AR1 alpha + Enhanced + One-Step,NYSE:SRE,0.0
2023-08-11,17,AR1 alpha + Enhanced + One-Step,NYSE:SRE,0.0
2023-08-14,17,AR1 alpha + Enhanced + One-Step,NYSE:SRE,0.0
2023-08-15,17,AR1 alpha + Enhanced + One-Step,NYSE:SRE,0.0
2023-08-16,17,AR1 alpha + Enhanced + One-Step,NYSE:SRE,0.0
2023-08-17,17,AR1 alpha + Enhanced + One-Step,NYSE:SRE,0.0
2023-08-18,17,AR1 alpha + Enhanced + One-Step,NYSE:SRE,0.0
2023-08-21,17,AR1 alpha + Enhanced + One-Step,NYSE:SRE,0.0
2023-08-22,17,AR1 alpha + Enhanced + One-Step,NYSE:SRE,0.0
2023-08-23,17,AR1 alpha + Enhanced + One-Step,NYSE:SRE,0.0
2023-08-24,17,AR1 alpha + Enhanced + One-Step,NYSE:SRE,0.0
2023-08-25,17,AR1 alpha + Enhanced + One-Step,NYSE:SRE,0.0
2023-08-28,17,AR1 alpha + Enhanced + One-Step,NYSE:SRE,0.0
2023-08-29,17,AR1 alpha + Enhanced + One-Step,NYSE:SRE,0.0
2023-08-30,17,AR1 alpha + Enhanced + One-Step,NYSE:SRE,0.0
2023-08-31,17,AR1 alpha + Enhanced + One-Step,NYSE:SRE,0.0
2023-09-01,17,AR1 alpha + Enhanced + One-Step,NYSE:SRE,0.0
2023-09-05,17,AR1 alpha + Enhanced + One-Step,NYSE:SRE,0.0
2023-09-06,17,AR1 alpha + Enhanced + One-Step,NYSE:SRE,0.0
2023-09-07,17,AR1 alpha + Enhanced + One-Step,NYSE:SRE,1.7694613213802038e-08
2023-09-08,17,AR1 alpha + Enhanced + One-Step,NYSE:SRE,0.0
2023-09-11,17,AR1 alpha + Enhanced + One-Step,NYSE:SRE,9.8027157773161e-08
2023-09-12,17,AR1 alpha + Enhanced + One-Step,NYSE:SRE,1.937231436795705e-07
2023-09-13,17,AR1 alpha + Enhanced + One-Step,NYSE:SRE,0.0
2023-09-14,17,AR1 alpha + Enhanced + One-Step,NYSE:SRE,5.489213783829176e-08
2023-09-15,17,AR1 alpha + Enhanced + One-Step,NYSE:SRE,3.5806991430704164e-07
2023-09-18,17,AR1 alpha + Enhanced + One-Step,NYSE:SRE,9.696319065218805e-08
2023-09-19,17,AR1 alpha + Enhanced + One-Step,NYSE:SRE,9.05884629734214e-08
2023-09-20,17,AR1 alpha + Enhanced + One-Step,NYSE:SRE,6.765717532333398e-08
2023-09-21,17,AR1 alpha + Enhanced + One-Step,NYSE:SRE,1.0412130926368758e-07
2023-09-22,17,AR1 alpha + Enhanced + One-Step,NYSE:SRE,8.160182203381123e-08
2023-09-25,17,AR1 alpha + Enhanced + One-Step,NYSE:SRE,0.0
2023-09-26,17,AR1 alpha + Enhanced + One-Step,NYSE:SRE,0.0
2023-09-27,17,AR1 alpha + Enhanced + One-Step,NYSE:SRE,0.0
2023-09-28,17,AR1 alpha + Enhanced + One-Step,NYSE:SRE,0.0
2023-09-29,17,AR1 alpha + Enhanced + One-Step,NYSE:SRE,0.0
2023-10-02,17,AR1 alpha + Enhanced + One-Step,NYSE:SRE,0.0
2023-10-03,17,AR1 alpha + Enhanced + One-Step,NYSE:SRE,0.0
2023-10-04,17,AR1 alpha + Enhanced + One-Step,NYSE:SRE,0.0
2023-10-05,17,AR1 alpha + Enhanced + One-Step,NYSE:SRE,0.0
2023-10-06,17,AR1 alpha + Enhanced + One-Step,NYSE:SRE,0.0
2023-10-09,17,AR1 alpha + Enhanced + One-Step,NYSE:SRE,0.0
2023-10-10,17,AR1 alpha + Enhanced + One-Step,NYSE:SRE,0.0
2023-10-11,17,AR1 alpha + Enhanced + One-Step,NYSE:SRE,0.0
2023-10-12,17,AR1 alpha + Enhanced + One-Step,NYSE:SRE,1.1227723293888737e-09
2023-10-13,17,AR1 alpha + Enhanced + One-Step,NYSE:SRE,0.0
2023-10-16,17,AR1 alpha + Enhanced + One-Step,NYSE:SRE,6.667256444267054e-09
2023-10-17,17,AR1 alpha + Enhanced + One-Step,NYSE:SRE,0.0
2023-10-18,17,AR1 alpha + Enhanced + One-Step,NYSE:SRE,1.3587870632040457e-07
2023-10-19,17,AR1 alpha + Enhanced + One-Step,NYSE:SRE,6.809837484872049e-08
2023-10-20,17,AR1 alpha + Enhanced + One-Step,NYSE:SRE,9.804158556193965e-08
2023-10-23,17,AR1 alpha + Enhanced + One-Step,NYSE:SRE,0.0
2023-10-24,17,AR1 alpha + Enhanced + One-Step,NYSE:SRE,9.946403551088943e-09
2023-10-25,17,AR1 alpha + Enhanced + One-Step,NYSE:SRE,0.0
2023-10-26,17,AR1 alpha + Enhanced + One-Step,NYSE:SRE,0.0
2023-10-27,17,AR1 alpha + Enhanced + One-Step,NYSE:SRE,0.0
2023-10-30,17,AR1 alpha + Enhanced + One-Step,NYSE:SRE,2.683233951541958e-07
2023-10-31,17,AR1 alpha + Enhanced + One-Step,NYSE:SRE,3.27913749274206e-07
2023-11-01,17,AR1 alpha + Enhanced + One-Step,NYSE:SRE,6.278191231507051e-08
2023-11-02,17,AR1 alpha + Enhanced + One-Step,NYSE:SRE,1.6719003455500474e-06
2023-11-03,17,AR1 alpha + Enhanced + One-Step,NYSE:SRE,1.241485170710831e-06
2023-11-06,17,AR1 alpha + Enhanced + One-Step,NYSE:SRE,9.597511695310872e-07
2023-11-07,17,AR1 alpha + Enhanced + One-Step,NYSE:SRE,0.0
2023-11-08,17,AR1 alpha + Enhanced + One-Step,NYSE:SRE,0.0
2023-11-09,17,AR1 alpha + Enhanced + One-Step,NYSE:SRE,1.1868722875278166e-07
2023-11-10,17,AR1 alpha + Enhanced + One-Step,NYSE:SRE,0.0
2023-11-13,17,AR1 alpha + Enhanced + One-Step,NYSE:SRE,0.0
2023-11-14,17,AR1 alpha + Enhanced + One-Step,NYSE:SRE,0.0
2023-11-15,17,AR1 alpha + Enhanced + One-Step,NYSE:SRE,0.0
2023-11-16,17,AR1 alpha + Enhanced + One-Step,NYSE:SRE,0.0
2023-11-17,17,AR1 alpha + Enhanced + One-Step,NYSE:SRE,0.0
2023-11-20,17,AR1 alpha + Enhanced + One-Step,NYSE:SRE,8.797077878938927e-08
2023-11-21,17,AR1 alpha + Enhanced + One-Step,NYSE:SRE,7.021943922022683e-08
2023-11-22,17,AR1 alpha + Enhanced + One-Step,NYSE:SRE,1.04587049066491e-08
2023-11-24,17,AR1 alpha + Enhanced + One-Step,NYSE:SRE,9.609651011010311e-09
2023-11-27,17,AR1 alpha + Enhanced + One-Step,NYSE:SRE,0.0
2023-11-28,17,AR1 alpha + Enhanced + One-Step,NYSE:SRE,9.734819304578912e-08
2023-11-29,17,AR1 alpha + Enhanced + One-Step,NYSE:SRE,0.0
2023-11-30,17,AR1 alpha + Enhanced + One-Step,NYSE:SRE,0.0
2023-12-01,17,AR1 alpha + Enhanced + One-Step,NYSE:SRE,0.0
2023-12-04,17,AR1 alpha + Enhanced + One-Step,NYSE:SRE,0.0
2023-12-05,17,AR1 alpha + Enhanced + One-Step,NYSE:SRE,0.0
2023-12-06,17,AR1 alpha + Enhanced + One-Step,NYSE:SRE,2.705881970371208e-08
2023-12-07,17,AR1 alpha + Enhanced + One-Step,NYSE:SRE,2.006455408707792e-08
2023-12-08,17,AR1 alpha + Enhanced + One-Step,NYSE:SRE,5.321383159780611e-08
2023-12-11,17,AR1 alpha + Enhanced + One-Step,NYSE:SRE,0.0
2023-12-12,17,AR1 alpha + Enhanced + One-Step,NYSE:SRE,0.0
2023-12-13,17,AR1 alpha + Enhanced + One-Step,NYSE:SRE,7.148569089615264e-07
2023-12-14,17,AR1 alpha + Enhanced + One-Step,NYSE:SRE,4.0888039179381994e-07
2023-12-15,17,AR1 alpha + Enhanced + One-Step,NYSE:SRE,0.0
2023-12-18,17,AR1 alpha + Enhanced + One-Step,NYSE:SRE,0.0
2023-12-19,17,AR1 alpha + Enhanced + One-Step,NYSE:SRE,0.0
2023-12-20,17,AR1 alpha + Enhanced + One-Step,NYSE:SRE,7.169840243846228e-07
2023-12-21,17,AR1 alpha + Enhanced + One-Step,NYSE:SRE,5.264953568043897e-07
2023-12-22,17,AR1 alpha + Enhanced + One-Step,NYSE:SRE,3.9993493475499267e-07
2023-12-26,17,AR1 alpha + Enhanced + One-Step,NYSE:SRE,0.0
2023-12-27,17,AR1 alpha + Enhanced + One-Step,NYSE:SRE,0.0
2023-12-28,17,AR1 alpha + Enhanced + One-Step,NYSE:SRE,3.496041171696428e-08
2023-12-29,17,AR1 alpha + Enhanced + One-Step,NYSE:SRE,2.991011040899774e-07
2024-01-02,17,AR1 alpha + Enhanced + One-Step,NYSE:SRE,0.0
2024-01-03,17,AR1 alpha + Enhanced + One-Step,NYSE:SRE,0.0
2024-01-04,17,AR1 alpha + Enhanced + One-Step,NYSE:SRE,0.0
2024-01-05,17,AR1 alpha + Enhanced + One-Step,NYSE:SRE,8.522974131238878e-08
2024-01-08,17,AR1 alpha + Enhanced + One-Step,NYSE:SRE,3.5591775676473145e-07
2024-01-09,17,AR1 alpha + Enhanced + One-Step,NYSE:SRE,0.0
2024-01-10,17,AR1 alpha + Enhanced + One-Step,NYSE:SRE,0.0
2024-01-11,17,AR1 alpha + Enhanced + One-Step,NYSE:SRE,0.0
2024-01-12,17,AR1 alpha + Enhanced + One-Step,NYSE:SRE,4.722386509801292e-08
2024-01-16,17,AR1 alpha + Enhanced + One-Step,NYSE:SRE,0.0
2024-01-17,17,AR1 alpha + Enhanced + One-Step,NYSE:SRE,0.0
2024-01-18,17,AR1 alpha + Enhanced + One-Step,NYSE:SRE,0.0
2024-01-19,17,AR1 alpha + Enhanced + One-Step,NYSE:SRE,0.0
2024-01-22,17,AR1 alpha + Enhanced + One-Step,NYSE:SRE,0.0
2024-01-23,17,AR1 alpha + Enhanced + One-Step,NYSE:SRE,0.0
2024-01-24,17,AR1 alpha + Enhanced + One-Step,NYSE:SRE,0.0
2024-01-25,17,AR1 alpha + Enhanced + One-Step,NYSE:SRE,0.0
2024-01-26,17,AR1 alpha + Enhanced + One-Step,NYSE:SRE,0.0
2024-01-29,17,AR1 alpha + Enhanced + One-Step,NYSE:SRE,0.0
2024-01-30,17,AR1 alpha + Enhanced + One-Step,NYSE:SRE,0.0
2024-01-31,17,AR1 alpha + Enhanced + One-Step,NYSE:SRE,0.0
2024-02-01,17,AR1 alpha + Enhanced + One-Step,NYSE:SRE,0.0
2024-02-02,17,AR1 alpha + Enhanced + One-Step,NYSE:SRE,0.0
2024-02-05,17,AR1 alpha + Enhanced + One-Step,NYSE:SRE,0.0
2024-02-06,17,AR1 alpha + Enhanced + One-Step,NYSE:SRE,0.0
2024-02-07,17,AR1 alpha + Enhanced + One-Step,NYSE:SRE,0.0
2024-02-08,17,AR1 alpha + Enhanced + One-Step,NYSE:SRE,0.0
2024-02-09,17,AR1 alpha + Enhanced + One-Step,NYSE:SRE,0.0
2024-02-12,17,AR1 alpha + Enhanced + One-Step,NYSE:SRE,0.0
2024-02-13,17,AR1 alpha + Enhanced + One-Step,NYSE:SRE,0.0
2024-02-14,17,AR1 alpha + Enhanced + One-Step,NYSE:SRE,1.8005577542173698e-07
2024-02-15,17,AR1 alpha + Enhanced + One-Step,NYSE:SRE,1.6846603790821397e-07
2024-02-16,17,AR1 alpha + Enhanced + One-Step,NYSE:SRE,4.3815911281701506e-07
2024-02-20,17,AR1 alpha + Enhanced + One-Step,NYSE:SRE,6.062460220241341e-07
2024-02-21,17,AR1 alpha + Enhanced + One-Step,NYSE:SRE,0.0
2024-02-22,17,AR1 alpha + Enhanced + One-Step,NYSE:SRE,0.0
2024-02-23,17,AR1 alpha + Enhanced + One-Step,NYSE:SRE,8.464820118613397e-09
2024-02-26,17,AR1 alpha + Enhanced + One-Step,NYSE:SRE,0.0
2024-02-27,17,AR1 alpha + Enhanced + One-Step,NYSE:SRE,0.0
2024-02-28,17,AR1 alpha + Enhanced + One-Step,NYSE:SRE,0.0
2024-02-29,17,AR1 alpha + Enhanced + One-Step,NYSE:SRE,0.0
2024-03-01,17,AR1 alpha + Enhanced + One-Step,NYSE:SRE,0.0
2024-03-04,17,AR1 alpha + Enhanced + One-Step,NYSE:SRE,0.0
2024-03-05,17,AR1 alpha + Enhanced + One-Step,NYSE:SRE,0.0
2024-03-06,17,AR1 alpha + Enhanced + One-Step,NYSE:SRE,0.0
2024-03-07,17,AR1 alpha + Enhanced + One-Step,NYSE:SRE,0.0
2024-03-08,17,AR1 alpha + Enhanced + One-Step,NYSE:SRE,0.0
2024-03-11,17,AR1 alpha + Enhanced + One-Step,NYSE:SRE,0.0
2024-03-12,17,AR1 alpha + Enhanced + One-Step,NYSE:SRE,0.0
2024-03-13,17,AR1 alpha + Enhanced + One-Step,NYSE:SRE,0.0
2024-03-14,17,AR1 alpha + Enhanced + One-Step,NYSE:SRE,0.0
2024-03-15,17,AR1 alpha + Enhanced + One-Step,NYSE:SRE,1.1896426717779425e-07
2024-03-18,17,AR1 alpha + Enhanced + One-Step,NYSE:SRE,0.0
2024-03-19,17,AR1 alpha + Enhanced + One-Step,NYSE:SRE,0.0
2024-03-20,17,AR1 alpha + Enhanced + One-Step,NYSE:SRE,0.0
2024-03-21,17,AR1 alpha + Enhanced + One-Step,NYSE:SRE,0.0
2024-03-22,17,AR1 alpha + Enhanced + One-Step,NYSE:SRE,0.0
2024-03-25,17,AR1 alpha + Enhanced + One-Step,NYSE:SRE,0.0
2024-03-26,17,AR1 alpha + Enhanced + One-Step,NYSE:SRE,0.0
2024-03-27,17,AR1 alpha + Enhanced + One-Step,NYSE:SRE,0.0
2024-03-28,17,AR1 alpha + Enhanced + One-Step,NYSE:SRE,1.9963694197173012e-07
2024-04-01,17,AR1 alpha + Enhanced + One-Step,NYSE:SRE,2.8841925959825725e-07
2024-04-02,17,AR1 alpha + Enhanced + One-Step,NYSE:SRE,9.78946906781119e-08
2024-04-03,17,AR1 alpha + Enhanced + One-Step,NYSE:SRE,0.0
2024-04-04,17,AR1 alpha + Enhanced + One-Step,NYSE:SRE,0.0
2024-04-05,17,AR1 alpha + Enhanced + One-Step,NYSE:SRE,0.0
2024-04-08,17,AR1 alpha + Enhanced + One-Step,NYSE:SRE,1.5360448664120843e-07
2024-04-09,17,AR1 alpha + Enhanced + One-Step,NYSE:SRE,0.0
2024-04-10,17,AR1 alpha + Enhanced + One-Step,NYSE:SRE,0.0
2024-04-11,17,AR1 alpha + Enhanced + One-Step,NYSE:SRE,0.0
2024-04-12,17,AR1 alpha + Enhanced + One-Step,NYSE:SRE,0.0
2024-04-15,17,AR1 alpha + Enhanced + One-Step,NYSE:SRE,0.0
2024-04-16,17,AR1 alpha + Enhanced + One-Step,NYSE:SRE,0.0
2024-04-17,17,AR1 alpha + Enhanced + One-Step,NYSE:SRE,1.0215847626089077e-07
2024-04-18,17,AR1 alpha + Enhanced + One-Step,NYSE:SRE,0.0
2024-04-19,17,AR1 alpha + Enhanced + One-Step,NYSE:SRE,0.0
2020-03-25,17,AR1 alpha + Enhanced + One-Step,NYSE:MTDR,0.020000000000007227
2020-03-26,17,AR1 alpha + Enhanced + One-Step,NYSE:MTDR,0.02000000000001305
2020-03-27,17,AR1 alpha + Enhanced + One-Step,NYSE:MTDR,0.019999853542706836
2020-03-30,17,AR1 alpha + Enhanced + One-Step,NYSE:MTDR,0.020001204639631336
2020-03-31,17,AR1 alpha + Enhanced + One-Step,NYSE:MTDR,0.020000649412793274
2020-04-01,17,AR1 alpha + Enhanced + One-Step,NYSE:MTDR,0.020000713534716743
2020-04-02,17,AR1 alpha + Enhanced + One-Step,NYSE:MTDR,0.0
2020-04-03,17,AR1 alpha + Enhanced + One-Step,NYSE:MTDR,1.0469394803874402e-07
2020-04-06,17,AR1 alpha + Enhanced + One-Step,NYSE:MTDR,6.445209060535139e-08
2020-04-07,17,AR1 alpha + Enhanced + One-Step,NYSE:MTDR,0.0
2020-04-08,17,AR1 alpha + Enhanced + One-Step,NYSE:MTDR,2.0277229910436864e-08
2020-04-09,17,AR1 alpha + Enhanced + One-Step,NYSE:MTDR,0.0
2020-04-13,17,AR1 alpha + Enhanced + One-Step,NYSE:MTDR,0.0
2020-04-14,17,AR1 alpha + Enhanced + One-Step,NYSE:MTDR,6.856504996413484e-07
2020-04-15,17,AR1 alpha + Enhanced + One-Step,NYSE:MTDR,1.473346019958718e-07
2020-04-16,17,AR1 alpha + Enhanced + One-Step,NYSE:MTDR,5.3578257244127393e-08
2020-04-17,17,AR1 alpha + Enhanced + One-Step,NYSE:MTDR,2.4008705945621956e-08
2020-04-20,17,AR1 alpha + Enhanced + One-Step,NYSE:MTDR,0.0
2020-04-21,17,AR1 alpha + Enhanced + One-Step,NYSE:MTDR,1.3023799107808357e-08
2020-04-22,17,AR1 alpha + Enhanced + One-Step,NYSE:MTDR,2.1951318411484656e-08
2020-04-23,17,AR1 alpha + Enhanced + One-Step,NYSE:MTDR,0.0
2020-04-24,17,AR1 alpha + Enhanced + One-Step,NYSE:MTDR,0.02011761846651092
2020-04-27,17,AR1 alpha + Enhanced + One-Step,NYSE:MTDR,0.04511782031943758
2020-04-28,17,AR1 alpha + Enhanced + One-Step,NYSE:MTDR,0.05628643119436847
2020-04-29,17,AR1 alpha + Enhanced + One-Step,NYSE:MTDR,0.06734549281527093
2020-04-30,17,AR1 alpha + Enhanced + One-Step,NYSE:MTDR,0.09234381404626024
2020-05-01,17,AR1 alpha + Enhanced + One-Step,NYSE:MTDR,0.09999919850448141
2020-05-04,17,AR1 alpha + Enhanced + One-Step,NYSE:MTDR,0.09999994809591521
2020-05-05,17,AR1 alpha + Enhanced + One-Step,NYSE:MTDR,0.09999996270369642
2020-05-06,17,AR1 alpha + Enhanced + One-Step,NYSE:MTDR,0.09999999491154883
2020-05-07,17,AR1 alpha + Enhanced + One-Step,NYSE:MTDR,0.09999979631996686
2020-05-08,17,AR1 alpha + Enhanced + One-Step,NYSE:MTDR,0.09999983100403237
2020-05-11,17,AR1 alpha + Enhanced + One-Step,NYSE:MTDR,0.09999977817578923
2020-05-12,17,AR1 alpha + Enhanced + One-Step,NYSE:MTDR,0.0999998933198464
2020-05-13,17,AR1 alpha + Enhanced + One-Step,NYSE:MTDR,0.09999997921789547
2020-05-14,17,AR1 alpha + Enhanced + One-Step,NYSE:MTDR,0.09999729059422494
2020-05-15,17,AR1 alpha + Enhanced + One-Step,NYSE:MTDR,0.09999963729348406
2020-05-18,17,AR1 alpha + Enhanced + One-Step,NYSE:MTDR,0.09999999842363624
2020-05-19,17,AR1 alpha + Enhanced + One-Step,NYSE:MTDR,0.09999983435908379
2020-05-20,17,AR1 alpha + Enhanced + One-Step,NYSE:MTDR,0.09999999086057751
2020-05-21,17,AR1 alpha + Enhanced + One-Step,NYSE:MTDR,0.09999914883718923
2020-05-22,17,AR1 alpha + Enhanced + One-Step,NYSE:MTDR,0.09999991829303591
2020-05-26,17,AR1 alpha + Enhanced + One-Step,NYSE:MTDR,0.09999998353594432
2020-05-27,17,AR1 alpha + Enhanced + One-Step,NYSE:MTDR,0.10000000947048712
2020-05-28,17,AR1 alpha + Enhanced + One-Step,NYSE:MTDR,0.10000000420294482
2020-05-29,17,AR1 alpha + Enhanced + One-Step,NYSE:MTDR,0.10000000551396225
2020-06-01,17,AR1 alpha + Enhanced + One-Step,NYSE:MTDR,0.10000000795307255
2020-06-02,17,AR1 alpha + Enhanced + One-Step,NYSE:MTDR,0.10000000077817309
2020-06-03,17,AR1 alpha + Enhanced + One-Step,NYSE:MTDR,0.10000008558547797
2020-06-04,17,AR1 alpha + Enhanced + One-Step,NYSE:MTDR,0.09999966797040255
2020-06-05,17,AR1 alpha + Enhanced + One-Step,NYSE:MTDR,0.09999958530636599
2020-06-08,17,AR1 alpha + Enhanced + One-Step,NYSE:MTDR,0.09999993648567933
2020-06-09,17,AR1 alpha + Enhanced + One-Step,NYSE:MTDR,0.10000000882454306
2020-06-10,17,AR1 alpha + Enhanced + One-Step,NYSE:MTDR,0.10000000095315525
2020-06-11,17,AR1 alpha + Enhanced + One-Step,NYSE:MTDR,0.10000002029463108
2020-06-12,17,AR1 alpha + Enhanced + One-Step,NYSE:MTDR,0.10000000500915472
2020-06-15,17,AR1 alpha + Enhanced + One-Step,NYSE:MTDR,0.0999999256921875
2020-06-16,17,AR1 alpha + Enhanced + One-Step,NYSE:MTDR,0.09999999807820642
2020-06-17,17,AR1 alpha + Enhanced + One-Step,NYSE:MTDR,0.10000000054132155
2020-06-18,17,AR1 alpha + Enhanced + One-Step,NYSE:MTDR,0.099999948864588
2020-06-19,17,AR1 alpha + Enhanced + One-Step,NYSE:MTDR,0.09999990639981356
2020-06-22,17,AR1 alpha + Enhanced + One-Step,NYSE:MTDR,0.09999997450599074
2020-06-23,17,AR1 alpha + Enhanced + One-Step,NYSE:MTDR,0.09999997662734353
2020-06-24,17,AR1 alpha + Enhanced + One-Step,NYSE:MTDR,0.09999991065230507
2020-06-25,17,AR1 alpha + Enhanced + One-Step,NYSE:MTDR,0.09999999524566068
2020-06-26,17,AR1 alpha + Enhanced + One-Step,NYSE:MTDR,0.09999918280812418
2020-06-29,17,AR1 alpha + Enhanced + One-Step,NYSE:MTDR,0.09999868239978216
2020-06-30,17,AR1 alpha + Enhanced + One-Step,NYSE:MTDR,0.09999891454454374
2020-07-01,17,AR1 alpha + Enhanced + One-Step,NYSE:MTDR,0.09999695953964073
2020-07-02,17,AR1 alpha + Enhanced + One-Step,NYSE:MTDR,0.09999953372531843
2020-07-06,17,AR1 alpha + Enhanced + One-Step,NYSE:MTDR,0.09999986491081324
2020-07-07,17,AR1 alpha + Enhanced + One-Step,NYSE:MTDR,0.09999923327025889
2020-07-08,17,AR1 alpha + Enhanced + One-Step,NYSE:MTDR,0.0999994374060957
2020-07-09,17,AR1 alpha + Enhanced + One-Step,NYSE:MTDR,0.09999884657944472
2020-07-10,17,AR1 alpha + Enhanced + One-Step,NYSE:MTDR,0.09999920239485383
2020-07-13,17,AR1 alpha + Enhanced + One-Step,NYSE:MTDR,0.0999998377996612
2020-07-14,17,AR1 alpha + Enhanced + One-Step,NYSE:MTDR,0.09999985842227645
2020-07-15,17,AR1 alpha + Enhanced + One-Step,NYSE:MTDR,0.0999999413444218
2020-07-16,17,AR1 alpha + Enhanced + One-Step,NYSE:MTDR,0.09999999493213016
2020-07-17,17,AR1 alpha + Enhanced + One-Step,NYSE:MTDR,0.0999999939558044
2020-07-20,17,AR1 alpha + Enhanced + One-Step,NYSE:MTDR,0.10000000884489847
2020-07-21,17,AR1 alpha + Enhanced + One-Step,NYSE:MTDR,0.10000000588302461
2020-07-22,17,AR1 alpha + Enhanced + One-Step,NYSE:MTDR,0.10000001608093038
2020-07-23,17,AR1 alpha + Enhanced + One-Step,NYSE:MTDR,0.09999850781569158
2020-07-24,17,AR1 alpha + Enhanced + One-Step,NYSE:MTDR,0.09999837721832765
2020-07-27,17,AR1 alpha + Enhanced + One-Step,NYSE:MTDR,0.0999979809872366
2020-07-28,17,AR1 alpha + Enhanced + One-Step,NYSE:MTDR,0.09999964112479848
2020-07-29,17,AR1 alpha + Enhanced + One-Step,NYSE:MTDR,0.09999911520629187
2020-07-30,17,AR1 alpha + Enhanced + One-Step,NYSE:MTDR,0.09999784352296757
2020-07-31,17,AR1 alpha + Enhanced + One-Step,NYSE:MTDR,0.09999826664988844
2020-08-03,17,AR1 alpha + Enhanced + One-Step,NYSE:MTDR,0.09999968883609223
2020-08-04,17,AR1 alpha + Enhanced + One-Step,NYSE:MTDR,0.09999991601782501
2020-08-05,17,AR1 alpha + Enhanced + One-Step,NYSE:MTDR,0.09999944448577441
2020-08-06,17,AR1 alpha + Enhanced + One-Step,NYSE:MTDR,0.09999988826271336
2020-08-07,17,AR1 alpha + Enhanced + One-Step,NYSE:MTDR,0.09999992653147848
2020-08-10,17,AR1 alpha + Enhanced + One-Step,NYSE:MTDR,0.09999998941568415
2020-08-11,17,AR1 alpha + Enhanced + One-Step,NYSE:MTDR,0.09999987574501647
2020-08-12,17,AR1 alpha + Enhanced + One-Step,NYSE:MTDR,0.09999997084733432
2020-08-13,17,AR1 alpha + Enhanced + One-Step,NYSE:MTDR,0.09999999511611848
2020-08-14,17,AR1 alpha + Enhanced + One-Step,NYSE:MTDR,0.09999999985907647
2020-08-17,17,AR1 alpha + Enhanced + One-Step,NYSE:MTDR,0.09999798724209079
2020-08-18,17,AR1 alpha + Enhanced + One-Step,NYSE:MTDR,0.09999783916417286
2020-08-19,17,AR1 alpha + Enhanced + One-Step,NYSE:MTDR,0.09999820132013847
2020-08-20,17,AR1 alpha + Enhanced + One-Step,NYSE:MTDR,0.09999938775935427
2020-08-21,17,AR1 alpha + Enhanced + One-Step,NYSE:MTDR,0.09999969072745364
2020-08-24,17,AR1 alpha + Enhanced + One-Step,NYSE:MTDR,0.09999963698195007
2020-08-25,17,AR1 alpha + Enhanced + One-Step,NYSE:MTDR,0.09999993646827585
2020-08-26,17,AR1 alpha + Enhanced + One-Step,NYSE:MTDR,0.09999957807037271
2020-08-27,17,AR1 alpha + Enhanced + One-Step,NYSE:MTDR,0.0999998906461417
2020-08-28,17,AR1 alpha + Enhanced + One-Step,NYSE:MTDR,0.09999997910297632
2020-08-31,17,AR1 alpha + Enhanced + One-Step,NYSE:MTDR,0.09999528954710543
2020-09-01,17,AR1 alpha + Enhanced + One-Step,NYSE:MTDR,0.09999679967414153
2020-09-02,17,AR1 alpha + Enhanced + One-Step,NYSE:MTDR,0.09999930414199568
2020-09-03,17,AR1 alpha + Enhanced + One-Step,NYSE:MTDR,0.09999959015341778
2020-09-04,17,AR1 alpha + Enhanced + One-Step,NYSE:MTDR,0.09999995902325916
2020-09-08,17,AR1 alpha + Enhanced + One-Step,NYSE:MTDR,0.10000000272034108
2020-09-09,17,AR1 alpha + Enhanced + One-Step,NYSE:MTDR,0.10000003854657159
2020-09-10,17,AR1 alpha + Enhanced + One-Step,NYSE:MTDR,0.09999935837520753
2020-09-11,17,AR1 alpha + Enhanced + One-Step,NYSE:MTDR,0.0984050036715352
2020-09-14,17,AR1 alpha + Enhanced + One-Step,NYSE:MTDR,0.09840566929389215
2020-09-15,17,AR1 alpha + Enhanced + One-Step,NYSE:MTDR,0.09999996804023106
2020-09-16,17,AR1 alpha + Enhanced + One-Step,NYSE:MTDR,0.09999998326230512
2020-09-17,17,AR1 alpha + Enhanced + One-Step,NYSE:MTDR,0.0999966866398433
2020-09-18,17,AR1 alpha + Enhanced + One-Step,NYSE:MTDR,0.09999907955746777
2020-09-21,17,AR1 alpha + Enhanced + One-Step,NYSE:MTDR,0.0999995163706664
2020-09-22,17,AR1 alpha + Enhanced + One-Step,NYSE:MTDR,0.09999988937968735
2020-09-23,17,AR1 alpha + Enhanced + One-Step,NYSE:MTDR,0.09255470078920391
2020-09-24,17,AR1 alpha + Enhanced + One-Step,NYSE:MTDR,0.09255340100656106
2020-09-25,17,AR1 alpha + Enhanced + One-Step,NYSE:MTDR,0.09255071628605606
2020-09-28,17,AR1 alpha + Enhanced + One-Step,NYSE:MTDR,0.09715580612470767
2020-09-29,17,AR1 alpha + Enhanced + One-Step,NYSE:MTDR,0.0971551871136165
2020-09-30,17,AR1 alpha + Enhanced + One-Step,NYSE:MTDR,0.09715376952629895
2020-10-01,17,AR1 alpha + Enhanced + One-Step,NYSE:MTDR,0.09715373240525492
2020-10-02,17,AR1 alpha + Enhanced + One-Step,NYSE:MTDR,0.09715372573977551
2020-10-05,17,AR1 alpha + Enhanced + One-Step,NYSE:MTDR,0.09999989033071324
2020-10-06,17,AR1 alpha + Enhanced + One-Step,NYSE:MTDR,0.09999994684378034
2020-10-07,17,AR1 alpha + Enhanced + One-Step,NYSE:MTDR,0.10000031581100491
2020-10-08,17,AR1 alpha + Enhanced + One-Step,NYSE:MTDR,0.09999997780604845
2020-10-09,17,AR1 alpha + Enhanced + One-Step,NYSE:MTDR,0.09999988558549706
2020-10-12,17,AR1 alpha + Enhanced + One-Step,NYSE:MTDR,0.09999998827037454
2020-10-13,17,AR1 alpha + Enhanced + One-Step,NYSE:MTDR,0.10000009360738168
2020-10-14,17,AR1 alpha + Enhanced + One-Step,NYSE:MTDR,0.09999992007982668
2020-10-15,17,AR1 alpha + Enhanced + One-Step,NYSE:MTDR,0.09999928003781747
2020-10-16,17,AR1 alpha + Enhanced + One-Step,NYSE:MTDR,0.09726329538993671
2020-10-19,17,AR1 alpha + Enhanced + One-Step,NYSE:MTDR,0.0868182196232679
2020-10-20,17,AR1 alpha + Enhanced + One-Step,NYSE:MTDR,0.08681373327575385
2020-10-21,17,AR1 alpha + Enhanced + One-Step,NYSE:MTDR,0.08681111238074685
2020-10-22,17,AR1 alpha + Enhanced + One-Step,NYSE:MTDR,0.08680795737086747
2020-10-23,17,AR1 alpha + Enhanced + One-Step,NYSE:MTDR,0.08758493916552021
2020-10-26,17,AR1 alpha + Enhanced + One-Step,NYSE:MTDR,0.08349808216893072
2020-10-27,17,AR1 alpha + Enhanced + One-Step,NYSE:MTDR,0.08349899215439553
2020-10-28,17,AR1 alpha + Enhanced + One-Step,NYSE:MTDR,0.07182409040884832
2020-10-29,17,AR1 alpha + Enhanced + One-Step,NYSE:MTDR,0.06549854920771084
2020-10-30,17,AR1 alpha + Enhanced + One-Step,NYSE:MTDR,0.0654983938613589
2020-11-02,17,AR1 alpha + Enhanced + One-Step,NYSE:MTDR,0.06550058789723072
2020-11-03,17,AR1 alpha + Enhanced + One-Step,NYSE:MTDR,0.06549918942326997
2020-11-04,17,AR1 alpha + Enhanced + One-Step,NYSE:MTDR,0.06550359317085692
2020-11-05,17,AR1 alpha + Enhanced + One-Step,NYSE:MTDR,0.06550356966310568
2020-11-06,17,AR1 alpha + Enhanced + One-Step,NYSE:MTDR,0.06550361588098376
2020-11-09,17,AR1 alpha + Enhanced + One-Step,NYSE:MTDR,0.06550346026314834
2020-11-10,17,AR1 alpha + Enhanced + One-Step,NYSE:MTDR,0.06550272209604971
2020-11-11,17,AR1 alpha + Enhanced + One-Step,NYSE:MTDR,0.06550303606031208
2020-11-12,17,AR1 alpha + Enhanced + One-Step,NYSE:MTDR,0.06550246291647775
2020-11-13,17,AR1 alpha + Enhanced + One-Step,NYSE:MTDR,0.06550245664358016
2020-11-16,17,AR1 alpha + Enhanced + One-Step,NYSE:MTDR,0.06550405003145746
2020-11-17,17,AR1 alpha + Enhanced + One-Step,NYSE:MTDR,0.06491039424163128
2020-11-18,17,AR1 alpha + Enhanced + One-Step,NYSE:MTDR,0.06366201806802409
2020-11-19,17,AR1 alpha + Enhanced + One-Step,NYSE:MTDR,0.06365976280497194
2020-11-20,17,AR1 alpha + Enhanced + One-Step,NYSE:MTDR,0.06365976451989215
2020-11-23,17,AR1 alpha + Enhanced + One-Step,NYSE:MTDR,0.06365978998744264
2020-11-24,17,AR1 alpha + Enhanced + One-Step,NYSE:MTDR,0.06365663745492824
2020-11-25,17,AR1 alpha + Enhanced + One-Step,NYSE:MTDR,0.07184912009910074
2020-11-27,17,AR1 alpha + Enhanced + One-Step,NYSE:MTDR,0.07331429228354597
2020-11-30,17,AR1 alpha + Enhanced + One-Step,NYSE:MTDR,0.07331093399054298
2020-12-01,17,AR1 alpha + Enhanced + One-Step,NYSE:MTDR,0.07621624202267063
2020-12-04,17,AR1 alpha + Enhanced + One-Step,NYSE:MTDR,0.07674260105776795
2020-12-07,17,AR1 alpha + Enhanced + One-Step,NYSE:MTDR,0.07673464431465617
2020-12-08,17,AR1 alpha + Enhanced + One-Step,NYSE:MTDR,0.08132303310456868
2020-12-09,17,AR1 alpha + Enhanced + One-Step,NYSE:MTDR,0.08300888973846712
2020-12-10,17,AR1 alpha + Enhanced + One-Step,NYSE:MTDR,0.08643483989975514
2020-12-11,17,AR1 alpha + Enhanced + One-Step,NYSE:MTDR,0.08833598445672423
2020-12-14,17,AR1 alpha + Enhanced + One-Step,NYSE:MTDR,0.08833568373648445
2020-12-15,17,AR1 alpha + Enhanced + One-Step,NYSE:MTDR,0.09601237039669883
2020-12-16,17,AR1 alpha + Enhanced + One-Step,NYSE:MTDR,0.09999907315232294
2020-12-17,17,AR1 alpha + Enhanced + One-Step,NYSE:MTDR,0.0999992655727962
2020-12-18,17,AR1 alpha + Enhanced + One-Step,NYSE:MTDR,0.09999985558975834
2020-12-21,17,AR1 alpha + Enhanced + One-Step,NYSE:MTDR,0.09999996393220856
2020-12-22,17,AR1 alpha + Enhanced + One-Step,NYSE:MTDR,0.10000000312189034
2020-12-23,17,AR1 alpha + Enhanced + One-Step,NYSE:MTDR,0.09999833716261308
2020-12-24,17,AR1 alpha + Enhanced + One-Step,NYSE:MTDR,0.09999946190452715
2020-12-28,17,AR1 alpha + Enhanced + One-Step,NYSE:MTDR,0.09999972942961965
2020-12-29,17,AR1 alpha + Enhanced + One-Step,NYSE:MTDR,0.09999980058610904
2020-12-30,17,AR1 alpha + Enhanced + One-Step,NYSE:MTDR,0.09999994907208597
2020-12-31,17,AR1 alpha + Enhanced + One-Step,NYSE:MTDR,0.09999937390232479
2021-01-04,17,AR1 alpha + Enhanced + One-Step,NYSE:MTDR,0.09999986063061908
2021-01-05,17,AR1 alpha + Enhanced + One-Step,NYSE:MTDR,0.0999999593716204
2021-01-06,17,AR1 alpha + Enhanced + One-Step,NYSE:MTDR,0.09999992421192375
2021-01-07,17,AR1 alpha + Enhanced + One-Step,NYSE:MTDR,0.09999675217315737
2021-01-08,17,AR1 alpha + Enhanced + One-Step,NYSE:MTDR,0.09999617195873517
2021-01-11,17,AR1 alpha + Enhanced + One-Step,NYSE:MTDR,0.0999945265300321
2021-01-12,17,AR1 alpha + Enhanced + One-Step,NYSE:MTDR,0.0999879505957219
2021-01-13,17,AR1 alpha + Enhanced + One-Step,NYSE:MTDR,0.0999861708101641
2021-01-14,17,AR1 alpha + Enhanced + One-Step,NYSE:MTDR,0.09999814703909353
2021-01-15,17,AR1 alpha + Enhanced + One-Step,NYSE:MTDR,0.0999965357662213
2021-01-19,17,AR1 alpha + Enhanced + One-Step,NYSE:MTDR,0.09999623582763151
2021-01-20,17,AR1 alpha + Enhanced + One-Step,NYSE:MTDR,0.09999914535188727
2021-01-21,17,AR1 alpha + Enhanced + One-Step,NYSE:MTDR,0.09999941201043096
2021-01-22,17,AR1 alpha + Enhanced + One-Step,NYSE:MTDR,0.09999633929433197
2021-01-25,17,AR1 alpha + Enhanced + One-Step,NYSE:MTDR,0.09999777837554731
2021-01-26,17,AR1 alpha + Enhanced + One-Step,NYSE:MTDR,0.09999626209115015
2021-01-27,17,AR1 alpha + Enhanced + One-Step,NYSE:MTDR,0.09999568074187588
2021-01-28,17,AR1 alpha + Enhanced + One-Step,NYSE:MTDR,0.09999884644610813
2021-01-29,17,AR1 alpha + Enhanced + One-Step,NYSE:MTDR,0.09999955724801105
2021-02-01,17,AR1 alpha + Enhanced + One-Step,NYSE:MTDR,0.09999993449477085
2021-02-02,17,AR1 alpha + Enhanced + One-Step,NYSE:MTDR,0.09999999124171799
2021-02-03,17,AR1 alpha + Enhanced + One-Step,NYSE:MTDR,0.09999589509476368
2021-02-04,17,AR1 alpha + Enhanced + One-Step,NYSE:MTDR,0.09999550830491927
2021-02-05,17,AR1 alpha + Enhanced + One-Step,NYSE:MTDR,0.09999826567662065
2021-02-08,17,AR1 alpha + Enhanced + One-Step,NYSE:MTDR,0.09999963886416162
2021-02-09,17,AR1 alpha + Enhanced + One-Step,NYSE:MTDR,0.09999990578132158
2021-02-10,17,AR1 alpha + Enhanced + One-Step,NYSE:MTDR,0.10000002446626072
2021-02-11,17,AR1 alpha + Enhanced + One-Step,NYSE:MTDR,0.10000006102133137
2021-02-12,17,AR1 alpha + Enhanced + One-Step,NYSE:MTDR,0.10000000770028794
2021-02-16,17,AR1 alpha + Enhanced + One-Step,NYSE:MTDR,0.09999996415931182
2021-02-17,17,AR1 alpha + Enhanced + One-Step,NYSE:MTDR,0.09999962187648877
2021-02-18,17,AR1 alpha + Enhanced + One-Step,NYSE:MTDR,0.09999993710866345
2021-02-19,17,AR1 alpha + Enhanced + One-Step,NYSE:MTDR,0.09999953843721933
2021-02-22,17,AR1 alpha + Enhanced + One-Step,NYSE:MTDR,0.09999998002369173
2021-02-23,17,AR1 alpha + Enhanced + One-Step,NYSE:MTDR,0.10000034758186682
2021-02-24,17,AR1 alpha + Enhanced + One-Step,NYSE:MTDR,0.10000011588411802
2021-02-25,17,AR1 alpha + Enhanced + One-Step,NYSE:MTDR,0.09999054434505007
2021-02-26,17,AR1 alpha + Enhanced + One-Step,NYSE:MTDR,0.09999742962752936
2021-03-01,17,AR1 alpha + Enhanced + One-Step,NYSE:MTDR,0.09999949118736835
2021-03-02,17,AR1 alpha + Enhanced + One-Step,NYSE:MTDR,0.09999974827590162
2021-03-03,17,AR1 alpha + Enhanced + One-Step,NYSE:MTDR,0.09999977677065038
2021-03-04,17,AR1 alpha + Enhanced + One-Step,NYSE:MTDR,0.09999994377045071
2021-03-05,17,AR1 alpha + Enhanced + One-Step,NYSE:MTDR,0.09999835379382728
2021-03-08,17,AR1 alpha + Enhanced + One-Step,NYSE:MTDR,0.09999957703650957
2021-03-09,17,AR1 alpha + Enhanced + One-Step,NYSE:MTDR,0.09999907503346757
2021-03-10,17,AR1 alpha + Enhanced + One-Step,NYSE:MTDR,0.09999977944351435
2021-03-11,17,AR1 alpha + Enhanced + One-Step,NYSE:MTDR,0.09999932453083382
2021-03-12,17,AR1 alpha + Enhanced + One-Step,NYSE:MTDR,0.09999981675980006
2021-03-15,17,AR1 alpha + Enhanced + One-Step,NYSE:MTDR,0.10000021287061403
2021-03-16,17,AR1 alpha + Enhanced + One-Step,NYSE:MTDR,0.10000008733428518
2021-03-17,17,AR1 alpha + Enhanced + One-Step,NYSE:MTDR,0.0999998004760362
2021-03-18,17,AR1 alpha + Enhanced + One-Step,NYSE:MTDR,0.09999992285134414
2021-03-19,17,AR1 alpha + Enhanced + One-Step,NYSE:MTDR,0.0999985650347971
2021-03-22,17,AR1 alpha + Enhanced + One-Step,NYSE:MTDR,0.09999962015009511
2021-03-23,17,AR1 alpha + Enhanced + One-Step,NYSE:MTDR,0.1000000475666013
2021-03-24,17,AR1 alpha + Enhanced + One-Step,NYSE:MTDR,0.10000001269506746
2021-03-25,17,AR1 alpha + Enhanced + One-Step,NYSE:MTDR,0.10000004058125343
2021-03-26,17,AR1 alpha + Enhanced + One-Step,NYSE:MTDR,0.10000008193987679
2021-03-29,17,AR1 alpha + Enhanced + One-Step,NYSE:MTDR,0.10000007994180289
2021-03-30,17,AR1 alpha + Enhanced + One-Step,NYSE:MTDR,0.09999997961628501
2021-03-31,17,AR1 alpha + Enhanced + One-Step,NYSE:MTDR,0.09999877845157472
2021-04-01,17,AR1 alpha + Enhanced + One-Step,NYSE:MTDR,0.09999978162938228
2021-04-05,17,AR1 alpha + Enhanced + One-Step,NYSE:MTDR,0.10000019530620925
2021-04-06,17,AR1 alpha + Enhanced + One-Step,NYSE:MTDR,0.10000004607374154
2021-04-07,17,AR1 alpha + Enhanced + One-Step,NYSE:MTDR,0.09999714714204708
2021-04-08,17,AR1 alpha + Enhanced + One-Step,NYSE:MTDR,0.09999610135429708
2021-04-09,17,AR1 alpha + Enhanced + One-Step,NYSE:MTDR,0.09999890644088626
2021-04-12,17,AR1 alpha + Enhanced + One-Step,NYSE:MTDR,0.09999707743696115
2021-04-13,17,AR1 alpha + Enhanced + One-Step,NYSE:MTDR,0.09999399805804687
2021-04-14,17,AR1 alpha + Enhanced + One-Step,NYSE:MTDR,0.09999416253922586
2021-04-15,17,AR1 alpha + Enhanced + One-Step,NYSE:MTDR,0.09999852940534387
2021-04-16,17,AR1 alpha + Enhanced + One-Step,NYSE:MTDR,0.0999996128073489
2021-04-19,17,AR1 alpha + Enhanced + One-Step,NYSE:MTDR,0.09999990837032177
2021-04-20,17,AR1 alpha + Enhanced + One-Step,NYSE:MTDR,0.09999740610859707
2021-04-21,17,AR1 alpha + Enhanced + One-Step,NYSE:MTDR,0.09999738537069583
2021-04-22,17,AR1 alpha + Enhanced + One-Step,NYSE:MTDR,0.0999959040631267
2021-04-23,17,AR1 alpha + Enhanced + One-Step,NYSE:MTDR,0.09999790042974498
2021-04-26,17,AR1 alpha + Enhanced + One-Step,NYSE:MTDR,0.09999748410525792
2021-04-27,17,AR1 alpha + Enhanced + One-Step,NYSE:MTDR,0.09595534899819043
2021-04-28,17,AR1 alpha + Enhanced + One-Step,NYSE:MTDR,0.09595517277264654
2021-04-29,17,AR1 alpha + Enhanced + One-Step,NYSE:MTDR,0.09595506498627895
2021-04-30,17,AR1 alpha + Enhanced + One-Step,NYSE:MTDR,0.09594753400464448
2021-05-03,17,AR1 alpha + Enhanced + One-Step,NYSE:MTDR,0.09595520933654231
2021-05-04,17,AR1 alpha + Enhanced + One-Step,NYSE:MTDR,0.09595487729648382
2021-05-05,17,AR1 alpha + Enhanced + One-Step,NYSE:MTDR,0.09574213177124659
2021-05-06,17,AR1 alpha + Enhanced + One-Step,NYSE:MTDR,0.09574270115134759
2021-05-07,17,AR1 alpha + Enhanced + One-Step,NYSE:MTDR,0.09574289241514594
2021-05-10,17,AR1 alpha + Enhanced + One-Step,NYSE:MTDR,0.09574324246324295
2021-05-11,17,AR1 alpha + Enhanced + One-Step,NYSE:MTDR,0.09267331123652185
2021-05-12,17,AR1 alpha + Enhanced + One-Step,NYSE:MTDR,0.09267317081193817
2021-05-13,17,AR1 alpha + Enhanced + One-Step,NYSE:MTDR,0.09243693845474431
2021-05-14,17,AR1 alpha + Enhanced + One-Step,NYSE:MTDR,0.07594171830526429
2021-05-17,17,AR1 alpha + Enhanced + One-Step,NYSE:MTDR,0.06590080612107889
2021-05-18,17,AR1 alpha + Enhanced + One-Step,NYSE:MTDR,0.0659020282272402
2021-05-19,17,AR1 alpha + Enhanced + One-Step,NYSE:MTDR,0.06590214953276022
2021-05-20,17,AR1 alpha + Enhanced + One-Step,NYSE:MTDR,0.06590182286133281
2021-05-21,17,AR1 alpha + Enhanced + One-Step,NYSE:MTDR,0.06590175460558202
2021-05-24,17,AR1 alpha + Enhanced + One-Step,NYSE:MTDR,0.06589863763905507
2021-05-25,17,AR1 alpha + Enhanced + One-Step,NYSE:MTDR,0.06589268712937661
2021-05-26,17,AR1 alpha + Enhanced + One-Step,NYSE:MTDR,0.06589024333901493
2021-05-27,17,AR1 alpha + Enhanced + One-Step,NYSE:MTDR,0.06440082277860862
2021-05-28,17,AR1 alpha + Enhanced + One-Step,NYSE:MTDR,0.06023101821456259
2021-06-01,17,AR1 alpha + Enhanced + One-Step,NYSE:MTDR,0.05605308745246477
2021-06-02,17,AR1 alpha + Enhanced + One-Step,NYSE:MTDR,0.05478364681944386
2021-06-03,17,AR1 alpha + Enhanced + One-Step,NYSE:MTDR,0.05128609851260662
2021-06-04,17,AR1 alpha + Enhanced + One-Step,NYSE:MTDR,0.05128227574812713
2021-06-07,17,AR1 alpha + Enhanced + One-Step,NYSE:MTDR,0.05366503173109362
2021-06-08,17,AR1 alpha + Enhanced + One-Step,NYSE:MTDR,0.04672639722648868
2021-06-09,17,AR1 alpha + Enhanced + One-Step,NYSE:MTDR,0.04212101858855302
2021-06-10,17,AR1 alpha + Enhanced + One-Step,NYSE:MTDR,0.04510546471432491
2021-06-11,17,AR1 alpha + Enhanced + One-Step,NYSE:MTDR,0.045105325894778274
2021-06-14,17,AR1 alpha + Enhanced + One-Step,NYSE:MTDR,0.052158456975296016
2021-06-15,17,AR1 alpha + Enhanced + One-Step,NYSE:MTDR,0.05117764871529732
2021-06-16,17,AR1 alpha + Enhanced + One-Step,NYSE:MTDR,0.05546464542633032
2021-06-17,17,AR1 alpha + Enhanced + One-Step,NYSE:MTDR,0.062208637634652286
2021-06-18,17,AR1 alpha + Enhanced + One-Step,NYSE:MTDR,0.06220765060973793
2021-06-21,17,AR1 alpha + Enhanced + One-Step,NYSE:MTDR,0.06116626295787731
2021-06-22,17,AR1 alpha + Enhanced + One-Step,NYSE:MTDR,0.048738861835128135
2021-06-23,17,AR1 alpha + Enhanced + One-Step,NYSE:MTDR,0.02633676310322859
2021-06-24,17,AR1 alpha + Enhanced + One-Step,NYSE:MTDR,0.026337979178380357
2021-06-25,17,AR1 alpha + Enhanced + One-Step,NYSE:MTDR,0.026338504074109734
2021-06-28,17,AR1 alpha + Enhanced + One-Step,NYSE:MTDR,0.05135735872966272
2021-06-29,17,AR1 alpha + Enhanced + One-Step,NYSE:MTDR,0.06371319045871013
2021-06-30,17,AR1 alpha + Enhanced + One-Step,NYSE:MTDR,0.06371181232667908
2021-07-01,17,AR1 alpha + Enhanced + One-Step,NYSE:MTDR,0.06371164813008724
2021-07-02,17,AR1 alpha + Enhanced + One-Step,NYSE:MTDR,0.07400331404174056
2021-07-06,17,AR1 alpha + Enhanced + One-Step,NYSE:MTDR,0.09472920615243512
2021-07-07,17,AR1 alpha + Enhanced + One-Step,NYSE:MTDR,0.09999974249116417
2021-07-08,17,AR1 alpha + Enhanced + One-Step,NYSE:MTDR,0.09999991649181898
2021-07-09,17,AR1 alpha + Enhanced + One-Step,NYSE:MTDR,0.09999276406769819
2021-07-12,17,AR1 alpha + Enhanced + One-Step,NYSE:MTDR,0.09999386836431787
2021-07-13,17,AR1 alpha + Enhanced + One-Step,NYSE:MTDR,0.09999265102303545
2021-07-14,17,AR1 alpha + Enhanced + One-Step,NYSE:MTDR,0.099994083367823
2021-07-15,17,AR1 alpha + Enhanced + One-Step,NYSE:MTDR,0.09999187725305948
2021-07-16,17,AR1 alpha + Enhanced + One-Step,NYSE:MTDR,0.09999273703987213
2021-07-19,17,AR1 alpha + Enhanced + One-Step,NYSE:MTDR,0.09999437658461918
2021-07-20,17,AR1 alpha + Enhanced + One-Step,NYSE:MTDR,0.09999190862050959
2021-07-21,17,AR1 alpha + Enhanced + One-Step,NYSE:MTDR,0.09999821802279443
2021-07-22,17,AR1 alpha + Enhanced + One-Step,NYSE:MTDR,0.099992100331932
2021-07-23,17,AR1 alpha + Enhanced + One-Step,NYSE:MTDR,0.09999409113206474
2021-07-26,17,AR1 alpha + Enhanced + One-Step,NYSE:MTDR,0.09999807845594212
2021-07-27,17,AR1 alpha + Enhanced + One-Step,NYSE:MTDR,0.09999734925083242
2021-07-28,17,AR1 alpha + Enhanced + One-Step,NYSE:MTDR,0.09998982345411121
2021-07-29,17,AR1 alpha + Enhanced + One-Step,NYSE:MTDR,0.09999723605437758
2021-07-30,17,AR1 alpha + Enhanced + One-Step,NYSE:MTDR,0.09999833441905073
2021-08-02,17,AR1 alpha + Enhanced + One-Step,NYSE:MTDR,0.09999699930407706
2021-08-03,17,AR1 alpha + Enhanced + One-Step,NYSE:MTDR,0.09999818329873585
2021-08-04,17,AR1 alpha + Enhanced + One-Step,NYSE:MTDR,0.09999304802758381
2021-08-05,17,AR1 alpha + Enhanced + One-Step,NYSE:MTDR,0.09999611476001012
2021-08-06,17,AR1 alpha + Enhanced + One-Step,NYSE:MTDR,0.09999408529467249
2021-08-09,17,AR1 alpha + Enhanced + One-Step,NYSE:MTDR,0.09999241362253261
2021-08-10,17,AR1 alpha + Enhanced + One-Step,NYSE:MTDR,0.09823494217411236
2021-08-11,17,AR1 alpha + Enhanced + One-Step,NYSE:MTDR,0.09823118771834301
2021-08-12,17,AR1 alpha + Enhanced + One-Step,NYSE:MTDR,0.09999286756383863
2021-08-13,17,AR1 alpha + Enhanced + One-Step,NYSE:MTDR,0.09999725566114101
2021-08-16,17,AR1 alpha + Enhanced + One-Step,NYSE:MTDR,0.09999865468238799
2021-08-17,17,AR1 alpha + Enhanced + One-Step,NYSE:MTDR,0.09999948289970839
2021-08-18,17,AR1 alpha + Enhanced + One-Step,NYSE:MTDR,0.10000054989513175
2021-08-19,17,AR1 alpha + Enhanced + One-Step,NYSE:MTDR,0.10000005757022623
2021-08-20,17,AR1 alpha + Enhanced + One-Step,NYSE:MTDR,0.09999449340948728
2021-08-23,17,AR1 alpha + Enhanced + One-Step,NYSE:MTDR,0.09765692870069681
2021-08-24,17,AR1 alpha + Enhanced + One-Step,NYSE:MTDR,0.0792812686183756
2021-08-25,17,AR1 alpha + Enhanced + One-Step,NYSE:MTDR,0.07928128950106475
2021-08-26,17,AR1 alpha + Enhanced + One-Step,NYSE:MTDR,0.08914069346733318
2021-08-27,17,AR1 alpha + Enhanced + One-Step,NYSE:MTDR,0.06830586803414186
2021-08-30,17,AR1 alpha + Enhanced + One-Step,NYSE:MTDR,0.06814811225886439
2021-08-31,17,AR1 alpha + Enhanced + One-Step,NYSE:MTDR,0.06264390597835806
2021-09-01,17,AR1 alpha + Enhanced + One-Step,NYSE:MTDR,0.0626394842744417
2021-09-02,17,AR1 alpha + Enhanced + One-Step,NYSE:MTDR,0.06263805890604007
2021-09-03,17,AR1 alpha + Enhanced + One-Step,NYSE:MTDR,0.07321131296018611
2021-09-07,17,AR1 alpha + Enhanced + One-Step,NYSE:MTDR,0.0769437291791782
2021-09-08,17,AR1 alpha + Enhanced + One-Step,NYSE:MTDR,0.08140286998846034
2021-09-09,17,AR1 alpha + Enhanced + One-Step,NYSE:MTDR,0.08139983843081139
2021-09-10,17,AR1 alpha + Enhanced + One-Step,NYSE:MTDR,0.08139825067922953
2021-09-13,17,AR1 alpha + Enhanced + One-Step,NYSE:MTDR,0.08139860463587562
2021-09-14,17,AR1 alpha + Enhanced + One-Step,NYSE:MTDR,0.09083399542659813
2021-09-15,17,AR1 alpha + Enhanced + One-Step,NYSE:MTDR,0.07095868166617202
2021-09-16,17,AR1 alpha + Enhanced + One-Step,NYSE:MTDR,0.06618901547816965
2021-09-17,17,AR1 alpha + Enhanced + One-Step,NYSE:MTDR,0.06618732794352304
2021-09-20,17,AR1 alpha + Enhanced + One-Step,NYSE:MTDR,0.08625487496367497
2021-09-21,17,AR1 alpha + Enhanced + One-Step,NYSE:MTDR,0.08625498084142644
2021-09-22,17,AR1 alpha + Enhanced + One-Step,NYSE:MTDR,0.06515706595711154
2021-09-23,17,AR1 alpha + Enhanced + One-Step,NYSE:MTDR,0.05512691498493288
2021-09-24,17,AR1 alpha + Enhanced + One-Step,NYSE:MTDR,0.05512696042999172
2021-09-27,17,AR1 alpha + Enhanced + One-Step,NYSE:MTDR,0.0385415100638179
2021-09-28,17,AR1 alpha + Enhanced + One-Step,NYSE:MTDR,0.03692434743646006
2021-09-29,17,AR1 alpha + Enhanced + One-Step,NYSE:MTDR,0.03692476590659041
2021-09-30,17,AR1 alpha + Enhanced + One-Step,NYSE:MTDR,0.053625872491497556
2021-10-01,17,AR1 alpha + Enhanced + One-Step,NYSE:MTDR,0.054890187919773
2021-10-04,17,AR1 alpha + Enhanced + One-Step,NYSE:MTDR,0.06353346224845838
2021-10-05,17,AR1 alpha + Enhanced + One-Step,NYSE:MTDR,0.0759609306250564
2021-10-06,17,AR1 alpha + Enhanced + One-Step,NYSE:MTDR,0.09999968729764286
2021-10-07,17,AR1 alpha + Enhanced + One-Step,NYSE:MTDR,0.09999840732737426
2021-10-08,17,AR1 alpha + Enhanced + One-Step,NYSE:MTDR,0.09999922305968419
2021-10-11,17,AR1 alpha + Enhanced + One-Step,NYSE:MTDR,0.09999926490402887
2021-10-12,17,AR1 alpha + Enhanced + One-Step,NYSE:MTDR,0.09999990553619274
2021-10-13,17,AR1 alpha + Enhanced + One-Step,NYSE:MTDR,0.09999996538304513
2021-10-14,17,AR1 alpha + Enhanced + One-Step,NYSE:MTDR,0.09999947212876309
2021-10-15,17,AR1 alpha + Enhanced + One-Step,NYSE:MTDR,0.09999902606191424
2021-10-18,17,AR1 alpha + Enhanced + One-Step,NYSE:MTDR,0.09999902804336967
2021-10-19,17,AR1 alpha + Enhanced + One-Step,NYSE:MTDR,0.09999959808080576
2021-10-20,17,AR1 alpha + Enhanced + One-Step,NYSE:MTDR,0.09999982447959307
2021-10-21,17,AR1 alpha + Enhanced + One-Step,NYSE:MTDR,0.09999989864339921
2021-10-22,17,AR1 alpha + Enhanced + One-Step,NYSE:MTDR,0.09999927145698011
2021-10-25,17,AR1 alpha + Enhanced + One-Step,NYSE:MTDR,0.09999624609243495
2021-10-26,17,AR1 alpha + Enhanced + One-Step,NYSE:MTDR,0.09999381165751138
2021-10-27,17,AR1 alpha + Enhanced + One-Step,NYSE:MTDR,0.09999741826678982
2021-10-28,17,AR1 alpha + Enhanced + One-Step,NYSE:MTDR,0.09999902492502288
2021-10-29,17,AR1 alpha + Enhanced + One-Step,NYSE:MTDR,0.09999489316265281
2021-11-01,17,AR1 alpha + Enhanced + One-Step,NYSE:MTDR,0.09999497500699826
2021-11-02,17,AR1 alpha + Enhanced + One-Step,NYSE:MTDR,0.09999807327326128
2021-11-03,17,AR1 alpha + Enhanced + One-Step,NYSE:MTDR,0.099998330604969
2021-11-04,17,AR1 alpha + Enhanced + One-Step,NYSE:MTDR,0.0999983783347237
2021-11-05,17,AR1 alpha + Enhanced + One-Step,NYSE:MTDR,0.09999958381677007
2021-11-08,17,AR1 alpha + Enhanced + One-Step,NYSE:MTDR,0.09999837929021872
2021-11-09,17,AR1 alpha + Enhanced + One-Step,NYSE:MTDR,0.09999929178751867
2021-11-10,17,AR1 alpha + Enhanced + One-Step,NYSE:MTDR,0.09999993458141858
2021-11-11,17,AR1 alpha + Enhanced + One-Step,NYSE:MTDR,0.09999996964449615
2021-11-12,17,AR1 alpha + Enhanced + One-Step,NYSE:MTDR,0.10000000003694505
2021-11-15,17,AR1 alpha + Enhanced + One-Step,NYSE:MTDR,0.10000005290486447
2021-11-16,17,AR1 alpha + Enhanced + One-Step,NYSE:MTDR,0.09999977036308544
2021-11-17,17,AR1 alpha + Enhanced + One-Step,NYSE:MTDR,0.09999636451878963
2021-11-18,17,AR1 alpha + Enhanced + One-Step,NYSE:MTDR,0.09999716922364063
2021-11-19,17,AR1 alpha + Enhanced + One-Step,NYSE:MTDR,0.09999875469398269
2021-11-22,17,AR1 alpha + Enhanced + One-Step,NYSE:MTDR,0.09999947066573452
2021-11-23,17,AR1 alpha + Enhanced + One-Step,NYSE:MTDR,0.09999406427763834
2021-11-24,17,AR1 alpha + Enhanced + One-Step,NYSE:MTDR,0.09999670602765613
2021-11-26,17,AR1 alpha + Enhanced + One-Step,NYSE:MTDR,0.09999400110005156
2021-11-29,17,AR1 alpha + Enhanced + One-Step,NYSE:MTDR,0.09999719990790465
2021-11-30,17,AR1 alpha + Enhanced + One-Step,NYSE:MTDR,0.099996122426876
2021-12-01,17,AR1 alpha + Enhanced + One-Step,NYSE:MTDR,0.0999962634270701
2021-12-02,17,AR1 alpha + Enhanced + One-Step,NYSE:MTDR,0.09999145492163163
2021-12-03,17,AR1 alpha + Enhanced + One-Step,NYSE:MTDR,0.09999508415845762
2021-12-06,17,AR1 alpha + Enhanced + One-Step,NYSE:MTDR,0.0999975089475608
2021-12-07,17,AR1 alpha + Enhanced + One-Step,NYSE:MTDR,0.09999885537066523
2021-12-08,17,AR1 alpha + Enhanced + One-Step,NYSE:MTDR,0.09999896655039252
2021-12-09,17,AR1 alpha + Enhanced + One-Step,NYSE:MTDR,0.09999621188457368
2021-12-10,17,AR1 alpha + Enhanced + One-Step,NYSE:MTDR,0.09999461476361834
2021-12-13,17,AR1 alpha + Enhanced + One-Step,NYSE:MTDR,0.09999135990142671
2021-12-14,17,AR1 alpha + Enhanced + One-Step,NYSE:MTDR,0.09999283831214953
2021-12-15,17,AR1 alpha + Enhanced + One-Step,NYSE:MTDR,0.09999675241317736
2021-12-16,17,AR1 alpha + Enhanced + One-Step,NYSE:MTDR,0.09999853067447938
2021-12-17,17,AR1 alpha + Enhanced + One-Step,NYSE:MTDR,0.09999928507222997
2021-12-20,17,AR1 alpha + Enhanced + One-Step,NYSE:MTDR,0.09999778195678605
2021-12-21,17,AR1 alpha + Enhanced + One-Step,NYSE:MTDR,0.0999989576897307
2021-12-22,17,AR1 alpha + Enhanced + One-Step,NYSE:MTDR,0.09999956310875142
2021-12-23,17,AR1 alpha + Enhanced + One-Step,NYSE:MTDR,0.09999987284009329
2021-12-27,17,AR1 alpha + Enhanced + One-Step,NYSE:MTDR,0.10000000896501057
2021-12-28,17,AR1 alpha + Enhanced + One-Step,NYSE:MTDR,0.09999999461996091
2021-12-29,17,AR1 alpha + Enhanced + One-Step,NYSE:MTDR,0.09999955456508637
2021-12-30,17,AR1 alpha + Enhanced + One-Step,NYSE:MTDR,0.09999925188106322
2021-12-31,17,AR1 alpha + Enhanced + One-Step,NYSE:MTDR,0.09999964758861543
2022-01-03,17,AR1 alpha + Enhanced + One-Step,NYSE:MTDR,0.09999972910651402
2022-01-04,17,AR1 alpha + Enhanced + One-Step,NYSE:MTDR,0.08476693988928065
2022-01-05,17,AR1 alpha + Enhanced + One-Step,NYSE:MTDR,0.09327210177283667
2022-01-06,17,AR1 alpha + Enhanced + One-Step,NYSE:MTDR,0.09327202528431001
2022-01-07,17,AR1 alpha + Enhanced + One-Step,NYSE:MTDR,0.0999991963798341
2022-01-10,17,AR1 alpha + Enhanced + One-Step,NYSE:MTDR,0.09999901768349276
2022-01-11,17,AR1 alpha + Enhanced + One-Step,NYSE:MTDR,0.09999935509318235
2022-01-12,17,AR1 alpha + Enhanced + One-Step,NYSE:MTDR,0.09999951158656052
2022-01-13,17,AR1 alpha + Enhanced + One-Step,NYSE:MTDR,0.09999964644359303
2022-01-14,17,AR1 alpha + Enhanced + One-Step,NYSE:MTDR,0.09867163642820564
2022-01-18,17,AR1 alpha + Enhanced + One-Step,NYSE:MTDR,0.09867201496346012
2022-01-19,17,AR1 alpha + Enhanced + One-Step,NYSE:MTDR,0.0986710620277431
2022-01-20,17,AR1 alpha + Enhanced + One-Step,NYSE:MTDR,0.0986711131465528
2022-01-21,17,AR1 alpha + Enhanced + One-Step,NYSE:MTDR,0.09867039801268097
2022-01-24,17,AR1 alpha + Enhanced + One-Step,NYSE:MTDR,0.09999983472278733
2022-01-25,17,AR1 alpha + Enhanced + One-Step,NYSE:MTDR,0.0999999726465065
2022-01-26,17,AR1 alpha + Enhanced + One-Step,NYSE:MTDR,0.10000002530668767
2022-01-27,17,AR1 alpha + Enhanced + One-Step,NYSE:MTDR,0.09999954957454293
2022-01-28,17,AR1 alpha + Enhanced + One-Step,NYSE:MTDR,0.09999978601889288
2022-01-31,17,AR1 alpha + Enhanced + One-Step,NYSE:MTDR,0.10000002927419684
2022-02-01,17,AR1 alpha + Enhanced + One-Step,NYSE:MTDR,0.0999999407566597
2022-02-02,17,AR1 alpha + Enhanced + One-Step,NYSE:MTDR,0.09999994520873896
2022-02-03,17,AR1 alpha + Enhanced + One-Step,NYSE:MTDR,0.09999929774912865
2022-02-04,17,AR1 alpha + Enhanced + One-Step,NYSE:MTDR,0.09999920826846907
2022-02-07,17,AR1 alpha + Enhanced + One-Step,NYSE:MTDR,0.09999952518348046
2022-02-08,17,AR1 alpha + Enhanced + One-Step,NYSE:MTDR,0.09999968474895499
2022-02-09,17,AR1 alpha + Enhanced + One-Step,NYSE:MTDR,0.09999980655872721
2022-02-10,17,AR1 alpha + Enhanced + One-Step,NYSE:MTDR,0.09999991528863625
2022-02-11,17,AR1 alpha + Enhanced + One-Step,NYSE:MTDR,0.10000011773568665
2022-02-14,17,AR1 alpha + Enhanced + One-Step,NYSE:MTDR,0.09999989194753693
2022-02-15,17,AR1 alpha + Enhanced + One-Step,NYSE:MTDR,0.09999996041748982
2022-02-16,17,AR1 alpha + Enhanced + One-Step,NYSE:MTDR,0.09999809168490376
2022-02-17,17,AR1 alpha + Enhanced + One-Step,NYSE:MTDR,0.09999665729399823
2022-02-18,17,AR1 alpha + Enhanced + One-Step,NYSE:MTDR,0.09999837050119001
2022-02-22,17,AR1 alpha + Enhanced + One-Step,NYSE:MTDR,0.09999917970090491
2022-02-23,17,AR1 alpha + Enhanced + One-Step,NYSE:MTDR,0.09999957913027674
2022-02-24,17,AR1 alpha + Enhanced + One-Step,NYSE:MTDR,0.09722975674221099
2022-02-25,17,AR1 alpha + Enhanced + One-Step,NYSE:MTDR,0.09722984744401401
2022-02-28,17,AR1 alpha + Enhanced + One-Step,NYSE:MTDR,0.0972257221144175
2022-03-01,17,AR1 alpha + Enhanced + One-Step,NYSE:MTDR,0.07221931908888386
2022-03-02,17,AR1 alpha + Enhanced + One-Step,NYSE:MTDR,0.06591178168529804
2022-03-03,17,AR1 alpha + Enhanced + One-Step,NYSE:MTDR,0.06591174673568141
2022-03-04,17,AR1 alpha + Enhanced + One-Step,NYSE:MTDR,0.05214973343752741
2022-03-07,17,AR1 alpha + Enhanced + One-Step,NYSE:MTDR,0.05215115029673355
2022-03-08,17,AR1 alpha + Enhanced + One-Step,NYSE:MTDR,0.05987873186277547
2022-03-09,17,AR1 alpha + Enhanced + One-Step,NYSE:MTDR,0.06912851876718513
2022-03-10,17,AR1 alpha + Enhanced + One-Step,NYSE:MTDR,0.06912867729120904
2022-03-11,17,AR1 alpha + Enhanced + One-Step,NYSE:MTDR,0.08673154818199798
2022-03-14,17,AR1 alpha + Enhanced + One-Step,NYSE:MTDR,0.09999722454812761
2022-03-15,17,AR1 alpha + Enhanced + One-Step,NYSE:MTDR,0.099996960444323
2022-03-16,17,AR1 alpha + Enhanced + One-Step,NYSE:MTDR,0.09999849415154832
2022-03-17,17,AR1 alpha + Enhanced + One-Step,NYSE:MTDR,0.09999926014063937
2022-03-18,17,AR1 alpha + Enhanced + One-Step,NYSE:MTDR,0.0999995987341778
2022-03-21,17,AR1 alpha + Enhanced + One-Step,NYSE:MTDR,0.09999988581181685
2022-03-22,17,AR1 alpha + Enhanced + One-Step,NYSE:MTDR,0.09999993310797939
2022-03-23,17,AR1 alpha + Enhanced + One-Step,NYSE:MTDR,0.09999996142153034
2022-03-24,17,AR1 alpha + Enhanced + One-Step,NYSE:MTDR,0.09999937218257368
2022-03-25,17,AR1 alpha + Enhanced + One-Step,NYSE:MTDR,0.09999776599150902
2022-03-28,17,AR1 alpha + Enhanced + One-Step,NYSE:MTDR,0.09999774804227701
2022-03-29,17,AR1 alpha + Enhanced + One-Step,NYSE:MTDR,0.09999679371563246
2022-03-30,17,AR1 alpha + Enhanced + One-Step,NYSE:MTDR,0.09999833884945558
2022-03-31,17,AR1 alpha + Enhanced + One-Step,NYSE:MTDR,0.09999910585162751
2022-04-01,17,AR1 alpha + Enhanced + One-Step,NYSE:MTDR,0.09999364821793519
2022-04-04,17,AR1 alpha + Enhanced + One-Step,NYSE:MTDR,0.09999472037046893
2022-04-05,17,AR1 alpha + Enhanced + One-Step,NYSE:MTDR,0.09999734261577613
2022-04-06,17,AR1 alpha + Enhanced + One-Step,NYSE:MTDR,0.0999964694162523
2022-04-07,17,AR1 alpha + Enhanced + One-Step,NYSE:MTDR,0.09999814553211983
2022-04-08,17,AR1 alpha + Enhanced + One-Step,NYSE:MTDR,0.09999894352006478
2022-04-11,17,AR1 alpha + Enhanced + One-Step,NYSE:MTDR,0.09999564908696454
2022-04-12,17,AR1 alpha + Enhanced + One-Step,NYSE:MTDR,0.09999537379907532
2022-04-13,17,AR1 alpha + Enhanced + One-Step,NYSE:MTDR,0.09999759168663576
2022-04-14,17,AR1 alpha + Enhanced + One-Step,NYSE:MTDR,0.09999528085147946
2022-04-18,17,AR1 alpha + Enhanced + One-Step,NYSE:MTDR,0.09999535127266546
2022-04-19,17,AR1 alpha + Enhanced + One-Step,NYSE:MTDR,0.09998027762002516
2022-04-20,17,AR1 alpha + Enhanced + One-Step,NYSE:MTDR,0.09999265187722962
2022-04-21,17,AR1 alpha + Enhanced + One-Step,NYSE:MTDR,0.09999380512314689
2022-04-22,17,AR1 alpha + Enhanced + One-Step,NYSE:MTDR,0.09999574208815289
2022-04-25,17,AR1 alpha + Enhanced + One-Step,NYSE:MTDR,0.09999707894272881
2022-04-26,17,AR1 alpha + Enhanced + One-Step,NYSE:MTDR,0.09999903443692802
2022-04-27,17,AR1 alpha + Enhanced + One-Step,NYSE:MTDR,0.09999785332411752
2022-04-28,17,AR1 alpha + Enhanced + One-Step,NYSE:MTDR,0.09999605418013595
2022-04-29,17,AR1 alpha + Enhanced + One-Step,NYSE:MTDR,0.0999939184593532
2022-05-02,17,AR1 alpha + Enhanced + One-Step,NYSE:MTDR,0.09999190703826093
2022-05-03,17,AR1 alpha + Enhanced + One-Step,NYSE:MTDR,0.09999541158338439
2022-05-04,17,AR1 alpha + Enhanced + One-Step,NYSE:MTDR,0.09999752269001053
2022-05-05,17,AR1 alpha + Enhanced + One-Step,NYSE:MTDR,0.09999778597494748
2022-05-06,17,AR1 alpha + Enhanced + One-Step,NYSE:MTDR,0.09999745138246811
2022-05-09,17,AR1 alpha + Enhanced + One-Step,NYSE:MTDR,0.09999869934916622
2022-05-10,17,AR1 alpha + Enhanced + One-Step,NYSE:MTDR,0.0999922230536686
2022-05-11,17,AR1 alpha + Enhanced + One-Step,NYSE:MTDR,0.09999293210366011
2022-05-12,17,AR1 alpha + Enhanced + One-Step,NYSE:MTDR,0.09998944750991921
2022-05-13,17,AR1 alpha + Enhanced + One-Step,NYSE:MTDR,0.09999194605422142
2022-05-16,17,AR1 alpha + Enhanced + One-Step,NYSE:MTDR,0.09999329523004237
2022-05-17,17,AR1 alpha + Enhanced + One-Step,NYSE:MTDR,0.09999308830960563
2022-05-18,17,AR1 alpha + Enhanced + One-Step,NYSE:MTDR,0.09999541587014928
2022-05-19,17,AR1 alpha + Enhanced + One-Step,NYSE:MTDR,0.09999730445937417
2022-05-20,17,AR1 alpha + Enhanced + One-Step,NYSE:MTDR,0.09999855012478212
2022-05-23,17,AR1 alpha + Enhanced + One-Step,NYSE:MTDR,0.0999990950798006
2022-05-24,17,AR1 alpha + Enhanced + One-Step,NYSE:MTDR,0.09999671562110678
2022-05-25,17,AR1 alpha + Enhanced + One-Step,NYSE:MTDR,0.0891100867476244
2022-05-26,17,AR1 alpha + Enhanced + One-Step,NYSE:MTDR,0.08872983697039966
2022-05-27,17,AR1 alpha + Enhanced + One-Step,NYSE:MTDR,0.08872920066067702
2022-05-31,17,AR1 alpha + Enhanced + One-Step,NYSE:MTDR,0.08872832084482035
2022-06-01,17,AR1 alpha + Enhanced + One-Step,NYSE:MTDR,0.08872931432474686
2022-06-02,17,AR1 alpha + Enhanced + One-Step,NYSE:MTDR,0.08872948167144872
2022-06-03,17,AR1 alpha + Enhanced + One-Step,NYSE:MTDR,0.09206506214164481
2022-06-06,17,AR1 alpha + Enhanced + One-Step,NYSE:MTDR,0.09206354066307186
2022-06-07,17,AR1 alpha + Enhanced + One-Step,NYSE:MTDR,0.09206090044961356
2022-06-08,17,AR1 alpha + Enhanced + One-Step,NYSE:MTDR,0.09206052905787511
2022-06-09,17,AR1 alpha + Enhanced + One-Step,NYSE:MTDR,0.09205886767214565
2022-06-10,17,AR1 alpha + Enhanced + One-Step,NYSE:MTDR,0.09205638381814718
2022-06-13,17,AR1 alpha + Enhanced + One-Step,NYSE:MTDR,0.0920557839368835
2022-06-14,17,AR1 alpha + Enhanced + One-Step,NYSE:MTDR,0.09205654909210745
2022-06-15,17,AR1 alpha + Enhanced + One-Step,NYSE:MTDR,0.09999857378677915
2022-06-16,17,AR1 alpha + Enhanced + One-Step,NYSE:MTDR,0.09999744539117887
2022-06-17,17,AR1 alpha + Enhanced + One-Step,NYSE:MTDR,0.0999982885333851
2022-06-21,17,AR1 alpha + Enhanced + One-Step,NYSE:MTDR,0.09999875406122921
2022-06-22,17,AR1 alpha + Enhanced + One-Step,NYSE:MTDR,0.09999955820608615
2022-06-23,17,AR1 alpha + Enhanced + One-Step,NYSE:MTDR,0.09999971011016423
2022-06-24,17,AR1 alpha + Enhanced + One-Step,NYSE:MTDR,0.09999976689807233
2022-06-27,17,AR1 alpha + Enhanced + One-Step,NYSE:MTDR,0.10000003793696652
2022-06-28,17,AR1 alpha + Enhanced + One-Step,NYSE:MTDR,0.10000000378129675
2022-06-29,17,AR1 alpha + Enhanced + One-Step,NYSE:MTDR,0.09999946663796638
2022-06-30,17,AR1 alpha + Enhanced + One-Step,NYSE:MTDR,0.09999976343776751
2022-07-01,17,AR1 alpha + Enhanced + One-Step,NYSE:MTDR,0.09999973933213387
2022-07-05,17,AR1 alpha + Enhanced + One-Step,NYSE:MTDR,0.09999985322285995
2022-07-06,17,AR1 alpha + Enhanced + One-Step,NYSE:MTDR,0.09999921993455799
2022-07-07,17,AR1 alpha + Enhanced + One-Step,NYSE:MTDR,0.09999867033956314
2022-07-08,17,AR1 alpha + Enhanced + One-Step,NYSE:MTDR,0.09999925712311802
2022-07-11,17,AR1 alpha + Enhanced + One-Step,NYSE:MTDR,0.09999506540721274
2022-07-12,17,AR1 alpha + Enhanced + One-Step,NYSE:MTDR,0.09999665862220011
2022-07-13,17,AR1 alpha + Enhanced + One-Step,NYSE:MTDR,0.09999629098532417
2022-07-14,17,AR1 alpha + Enhanced + One-Step,NYSE:MTDR,0.09999814038786084
2022-07-15,17,AR1 alpha + Enhanced + One-Step,NYSE:MTDR,0.0999990736107437
2022-07-18,17,AR1 alpha + Enhanced + One-Step,NYSE:MTDR,0.08919991131718015
2022-07-19,17,AR1 alpha + Enhanced + One-Step,NYSE:MTDR,0.08919968713567794
2022-07-20,17,AR1 alpha + Enhanced + One-Step,NYSE:MTDR,0.08919959822803653
2022-07-21,17,AR1 alpha + Enhanced + One-Step,NYSE:MTDR,0.08919951518930372
2022-07-22,17,AR1 alpha + Enhanced + One-Step,NYSE:MTDR,0.08881471402593749
2022-07-25,17,AR1 alpha + Enhanced + One-Step,NYSE:MTDR,0.08735639799776769
2022-07-26,17,AR1 alpha + Enhanced + One-Step,NYSE:MTDR,0.07555493091045938
2022-07-27,17,AR1 alpha + Enhanced + One-Step,NYSE:MTDR,0.05662547268470889
2022-07-28,17,AR1 alpha + Enhanced + One-Step,NYSE:MTDR,0.05662546714041209
2022-07-29,17,AR1 alpha + Enhanced + One-Step,NYSE:MTDR,0.05662230002413178
2022-08-01,17,AR1 alpha + Enhanced + One-Step,NYSE:MTDR,0.059496509748158115
2022-08-02,17,AR1 alpha + Enhanced + One-Step,NYSE:MTDR,0.059495643529926936
2022-08-03,17,AR1 alpha + Enhanced + One-Step,NYSE:MTDR,0.05949563131871053
2022-08-04,17,AR1 alpha + Enhanced + One-Step,NYSE:MTDR,0.05949536777799492
2022-08-05,17,AR1 alpha + Enhanced + One-Step,NYSE:MTDR,0.07770034020960909
2022-08-08,17,AR1 alpha + Enhanced + One-Step,NYSE:MTDR,0.09361303793800442
2022-08-09,17,AR1 alpha + Enhanced + One-Step,NYSE:MTDR,0.09361362411925342
2022-08-10,17,AR1 alpha + Enhanced + One-Step,NYSE:MTDR,0.09606201114532126
2022-08-11,17,AR1 alpha + Enhanced + One-Step,NYSE:MTDR,0.09750998941582754
2022-08-12,17,AR1 alpha + Enhanced + One-Step,NYSE:MTDR,0.10000012217016971
2022-08-15,17,AR1 alpha + Enhanced + One-Step,NYSE:MTDR,0.1000000254168913
2022-08-16,17,AR1 alpha + Enhanced + One-Step,NYSE:MTDR,0.10000003831267905
2022-08-17,17,AR1 alpha + Enhanced + One-Step,NYSE:MTDR,0.1000001490278136
2022-08-18,17,AR1 alpha + Enhanced + One-Step,NYSE:MTDR,0.09999623975472723
2022-08-19,17,AR1 alpha + Enhanced + One-Step,NYSE:MTDR,0.09999515393752048
2022-08-22,17,AR1 alpha + Enhanced + One-Step,NYSE:MTDR,0.09999815525528508
2022-08-23,17,AR1 alpha + Enhanced + One-Step,NYSE:MTDR,0.09999762083587699
2022-08-24,17,AR1 alpha + Enhanced + One-Step,NYSE:MTDR,0.09999862336439502
2022-08-25,17,AR1 alpha + Enhanced + One-Step,NYSE:MTDR,0.09999320937959412
2022-08-26,17,AR1 alpha + Enhanced + One-Step,NYSE:MTDR,0.09999562303849299
2022-08-29,17,AR1 alpha + Enhanced + One-Step,NYSE:MTDR,0.09999781040863745
2022-08-30,17,AR1 alpha + Enhanced + One-Step,NYSE:MTDR,0.09999857354143488
2022-08-31,17,AR1 alpha + Enhanced + One-Step,NYSE:MTDR,0.09999907570049557
2022-09-01,17,AR1 alpha + Enhanced + One-Step,NYSE:MTDR,0.09999956173479135
2022-09-02,17,AR1 alpha + Enhanced + One-Step,NYSE:MTDR,0.09999976023345936
2022-09-06,17,AR1 alpha + Enhanced + One-Step,NYSE:MTDR,0.09999980190468817
2022-09-07,17,AR1 alpha + Enhanced + One-Step,NYSE:MTDR,0.09999990179943812
2022-09-08,17,AR1 alpha + Enhanced + One-Step,NYSE:MTDR,0.10000000674446018
2022-09-09,17,AR1 alpha + Enhanced + One-Step,NYSE:MTDR,0.09999867569620352
2022-09-12,17,AR1 alpha + Enhanced + One-Step,NYSE:MTDR,0.09999855937154878
2022-09-13,17,AR1 alpha + Enhanced + One-Step,NYSE:MTDR,0.0999992723519875
2022-09-14,17,AR1 alpha + Enhanced + One-Step,NYSE:MTDR,0.09999823361903247
2022-09-15,17,AR1 alpha + Enhanced + One-Step,NYSE:MTDR,0.09999997758776837
2022-09-16,17,AR1 alpha + Enhanced + One-Step,NYSE:MTDR,0.10000001809976397
2022-09-19,17,AR1 alpha + Enhanced + One-Step,NYSE:MTDR,0.09999897032656714
2022-09-20,17,AR1 alpha + Enhanced + One-Step,NYSE:MTDR,0.09999972681984406
2022-09-21,17,AR1 alpha + Enhanced + One-Step,NYSE:MTDR,0.09999971997291947
2022-09-22,17,AR1 alpha + Enhanced + One-Step,NYSE:MTDR,0.09999984099315626
2022-09-23,17,AR1 alpha + Enhanced + One-Step,NYSE:MTDR,0.09999755582608973
2022-09-26,17,AR1 alpha + Enhanced + One-Step,NYSE:MTDR,0.08421859139899274
2022-09-27,17,AR1 alpha + Enhanced + One-Step,NYSE:MTDR,0.07923347746258697
2022-09-28,17,AR1 alpha + Enhanced + One-Step,NYSE:MTDR,0.07923314171583176
2022-09-29,17,AR1 alpha + Enhanced + One-Step,NYSE:MTDR,0.06997826837676137
2022-09-30,17,AR1 alpha + Enhanced + One-Step,NYSE:MTDR,0.05717400234153488
2022-10-03,17,AR1 alpha + Enhanced + One-Step,NYSE:MTDR,0.05717401164176364
2022-10-04,17,AR1 alpha + Enhanced + One-Step,NYSE:MTDR,0.05717372692091374
2022-10-05,17,AR1 alpha + Enhanced + One-Step,NYSE:MTDR,0.06974716295196261
2022-10-06,17,AR1 alpha + Enhanced + One-Step,NYSE:MTDR,0.09032556844092958
2022-10-07,17,AR1 alpha + Enhanced + One-Step,NYSE:MTDR,0.09032558761941246
2022-10-10,17,AR1 alpha + Enhanced + One-Step,NYSE:MTDR,0.08855230074373413
2022-10-11,17,AR1 alpha + Enhanced + One-Step,NYSE:MTDR,0.08589327156897722
2022-10-12,17,AR1 alpha + Enhanced + One-Step,NYSE:MTDR,0.08589247093851834
2022-10-13,17,AR1 alpha + Enhanced + One-Step,NYSE:MTDR,0.08589401752381386
2022-10-14,17,AR1 alpha + Enhanced + One-Step,NYSE:MTDR,0.08274189245609287
2022-10-17,17,AR1 alpha + Enhanced + One-Step,NYSE:MTDR,0.08274174039871483
2022-10-18,17,AR1 alpha + Enhanced + One-Step,NYSE:MTDR,0.08274172919097479
2022-10-19,17,AR1 alpha + Enhanced + One-Step,NYSE:MTDR,0.08515781227624471
2022-10-20,17,AR1 alpha + Enhanced + One-Step,NYSE:MTDR,0.08515717332381512
2022-10-21,17,AR1 alpha + Enhanced + One-Step,NYSE:MTDR,0.09496805300516371
2022-10-24,17,AR1 alpha + Enhanced + One-Step,NYSE:MTDR,0.09496566570208635
2022-10-25,17,AR1 alpha + Enhanced + One-Step,NYSE:MTDR,0.09496568152272854
2022-10-26,17,AR1 alpha + Enhanced + One-Step,NYSE:MTDR,0.0949656734802465
2022-10-27,17,AR1 alpha + Enhanced + One-Step,NYSE:MTDR,0.0949624664855366
2022-10-28,17,AR1 alpha + Enhanced + One-Step,NYSE:MTDR,0.09496227859746498
2022-10-31,17,AR1 alpha + Enhanced + One-Step,NYSE:MTDR,0.08312508920985356
2022-11-01,17,AR1 alpha + Enhanced + One-Step,NYSE:MTDR,0.08085987478420958
2022-11-02,17,AR1 alpha + Enhanced + One-Step,NYSE:MTDR,0.08085992511326544
2022-11-03,17,AR1 alpha + Enhanced + One-Step,NYSE:MTDR,0.08086242609772336
2022-11-04,17,AR1 alpha + Enhanced + One-Step,NYSE:MTDR,0.0808618014165415
2022-11-07,17,AR1 alpha + Enhanced + One-Step,NYSE:MTDR,0.08085823072293963
2022-11-08,17,AR1 alpha + Enhanced + One-Step,NYSE:MTDR,0.08085833329487618
2022-11-09,17,AR1 alpha + Enhanced + One-Step,NYSE:MTDR,0.0808577367153075
2022-11-10,17,AR1 alpha + Enhanced + One-Step,NYSE:MTDR,0.0808577432194099
2022-11-11,17,AR1 alpha + Enhanced + One-Step,NYSE:MTDR,0.08085725623140427
2022-11-14,17,AR1 alpha + Enhanced + One-Step,NYSE:MTDR,0.08085694798788483
2022-11-15,17,AR1 alpha + Enhanced + One-Step,NYSE:MTDR,0.08085697443514302
2022-11-16,17,AR1 alpha + Enhanced + One-Step,NYSE:MTDR,0.0808570218277343
2022-11-17,17,AR1 alpha + Enhanced + One-Step,NYSE:MTDR,0.0808564277010174
2022-11-18,17,AR1 alpha + Enhanced + One-Step,NYSE:MTDR,0.08085646384179684
2022-11-21,17,AR1 alpha + Enhanced + One-Step,NYSE:MTDR,0.07932400776894773
2022-11-22,17,AR1 alpha + Enhanced + One-Step,NYSE:MTDR,0.08502151591740248
2022-11-23,17,AR1 alpha + Enhanced + One-Step,NYSE:MTDR,0.08211594345364977
2022-11-25,17,AR1 alpha + Enhanced + One-Step,NYSE:MTDR,0.08385753547885859
2022-11-28,17,AR1 alpha + Enhanced + One-Step,NYSE:MTDR,0.06951604150953822
2022-11-29,17,AR1 alpha + Enhanced + One-Step,NYSE:MTDR,0.06951604471353784
2022-11-30,17,AR1 alpha + Enhanced + One-Step,NYSE:MTDR,0.08662877774926704
2022-12-01,17,AR1 alpha + Enhanced + One-Step,NYSE:MTDR,0.08662822859574436
2022-12-02,17,AR1 alpha + Enhanced + One-Step,NYSE:MTDR,0.0928919043067863
2022-12-05,17,AR1 alpha + Enhanced + One-Step,NYSE:MTDR,0.07686519905133776
2022-12-06,17,AR1 alpha + Enhanced + One-Step,NYSE:MTDR,0.05195000622548921
2022-12-07,17,AR1 alpha + Enhanced + One-Step,NYSE:MTDR,0.037919761673456995
2022-12-08,17,AR1 alpha + Enhanced + One-Step,NYSE:MTDR,0.0170115451723767
2022-12-09,17,AR1 alpha + Enhanced + One-Step,NYSE:MTDR,0.0
2022-12-12,17,AR1 alpha + Enhanced + One-Step,NYSE:MTDR,0.011117204979512149
2022-12-13,17,AR1 alpha + Enhanced + One-Step,NYSE:MTDR,0.028525462660748412
2022-12-14,17,AR1 alpha + Enhanced + One-Step,NYSE:MTDR,0.03555624060615376
2022-12-15,17,AR1 alpha + Enhanced + One-Step,NYSE:MTDR,0.03555397752628798
2022-12-16,17,AR1 alpha + Enhanced + One-Step,NYSE:MTDR,0.03555195603169151
2022-12-19,17,AR1 alpha + Enhanced + One-Step,NYSE:MTDR,0.035551879050961695
2022-12-20,17,AR1 alpha + Enhanced + One-Step,NYSE:MTDR,0.040079969044842706
2022-12-21,17,AR1 alpha + Enhanced + One-Step,NYSE:MTDR,0.06507389948075469
2022-12-22,17,AR1 alpha + Enhanced + One-Step,NYSE:MTDR,0.06507390111526837
2022-12-23,17,AR1 alpha + Enhanced + One-Step,NYSE:MTDR,0.08134074519851411
2022-12-27,17,AR1 alpha + Enhanced + One-Step,NYSE:MTDR,0.09035434441166071
2022-12-28,17,AR1 alpha + Enhanced + One-Step,NYSE:MTDR,0.08090575391846505
2022-12-29,17,AR1 alpha + Enhanced + One-Step,NYSE:MTDR,0.0842915543684256
2022-12-30,17,AR1 alpha + Enhanced + One-Step,NYSE:MTDR,0.08429156097818223
2023-01-03,17,AR1 alpha + Enhanced + One-Step,NYSE:MTDR,0.06958142084470684
2023-01-04,17,AR1 alpha + Enhanced + One-Step,NYSE:MTDR,0.06380971600126448
2023-01-05,17,AR1 alpha + Enhanced + One-Step,NYSE:MTDR,0.06381061396868509
2023-01-06,17,AR1 alpha + Enhanced + One-Step,NYSE:MTDR,0.06381057966719347
2023-01-09,17,AR1 alpha + Enhanced + One-Step,NYSE:MTDR,0.06947890082176325
2023-01-10,17,AR1 alpha + Enhanced + One-Step,NYSE:MTDR,0.06947779872952059
2023-01-11,17,AR1 alpha + Enhanced + One-Step,NYSE:MTDR,0.07384163502097732
2023-01-12,17,AR1 alpha + Enhanced + One-Step,NYSE:MTDR,0.09314038465211598
2023-01-13,17,AR1 alpha + Enhanced + One-Step,NYSE:MTDR,0.09999606241365964
2023-01-17,17,AR1 alpha + Enhanced + One-Step,NYSE:MTDR,0.09999706292358954
2023-01-18,17,AR1 alpha + Enhanced + One-Step,NYSE:MTDR,0.09345116894149605
2023-01-19,17,AR1 alpha + Enhanced + One-Step,NYSE:MTDR,0.09344994716114914
2023-01-20,17,AR1 alpha + Enhanced + One-Step,NYSE:MTDR,0.0982345339633106
2023-01-23,17,AR1 alpha + Enhanced + One-Step,NYSE:MTDR,0.0999986372347737
2023-01-24,17,AR1 alpha + Enhanced + One-Step,NYSE:MTDR,0.0999992858173126
2023-01-25,17,AR1 alpha + Enhanced + One-Step,NYSE:MTDR,0.09999962888274568
2023-01-26,17,AR1 alpha + Enhanced + One-Step,NYSE:MTDR,0.09999974200035043
2023-01-27,17,AR1 alpha + Enhanced + One-Step,NYSE:MTDR,0.09999658205091044
2023-01-30,17,AR1 alpha + Enhanced + One-Step,NYSE:MTDR,0.09999889664796781
2023-01-31,17,AR1 alpha + Enhanced + One-Step,NYSE:MTDR,0.09999585503970485
2023-02-01,17,AR1 alpha + Enhanced + One-Step,NYSE:MTDR,0.09318028666803327
2023-02-02,17,AR1 alpha + Enhanced + One-Step,NYSE:MTDR,0.06810567095072956
2023-02-03,17,AR1 alpha + Enhanced + One-Step,NYSE:MTDR,0.06810564211602672
2023-02-06,17,AR1 alpha + Enhanced + One-Step,NYSE:MTDR,0.056315102687098356
2023-02-07,17,AR1 alpha + Enhanced + One-Step,NYSE:MTDR,0.056318067679629505
2023-02-08,17,AR1 alpha + Enhanced + One-Step,NYSE:MTDR,0.05631855883566266
2023-02-09,17,AR1 alpha + Enhanced + One-Step,NYSE:MTDR,0.04909755075448984
2023-02-10,17,AR1 alpha + Enhanced + One-Step,NYSE:MTDR,0.049096030115966416
2023-02-13,17,AR1 alpha + Enhanced + One-Step,NYSE:MTDR,0.0490958173336726
2023-02-14,17,AR1 alpha + Enhanced + One-Step,NYSE:MTDR,0.049095082572818874
2023-02-15,17,AR1 alpha + Enhanced + One-Step,NYSE:MTDR,0.04909506251568778
2023-02-16,17,AR1 alpha + Enhanced + One-Step,NYSE:MTDR,0.02428390314154985
2023-02-17,17,AR1 alpha + Enhanced + One-Step,NYSE:MTDR,0.0
2023-02-21,17,AR1 alpha + Enhanced + One-Step,NYSE:MTDR,0.0
2023-02-22,17,AR1 alpha + Enhanced + One-Step,NYSE:MTDR,0.0
2023-02-23,17,AR1 alpha + Enhanced + One-Step,NYSE:MTDR,0.0
2023-02-24,17,AR1 alpha + Enhanced + One-Step,NYSE:MTDR,1.0109227827327277e-06
2023-02-27,17,AR1 alpha + Enhanced + One-Step,NYSE:MTDR,5.380136630403437e-07
2023-02-28,17,AR1 alpha + Enhanced + One-Step,NYSE:MTDR,4.761949598571978e-07
2023-03-01,17,AR1 alpha + Enhanced + One-Step,NYSE:MTDR,1.1474590742278842e-07
2023-03-02,17,AR1 alpha + Enhanced + One-Step,NYSE:MTDR,0.0
2023-03-03,17,AR1 alpha + Enhanced + One-Step,NYSE:MTDR,0.002867440718573109
2023-03-06,17,AR1 alpha + Enhanced + One-Step,NYSE:MTDR,0.0015472452648235741
2023-03-07,17,AR1 alpha + Enhanced + One-Step,NYSE:MTDR,0.0
2023-03-08,17,AR1 alpha + Enhanced + One-Step,NYSE:MTDR,0.0
2023-03-09,17,AR1 alpha + Enhanced + One-Step,NYSE:MTDR,0.0
2023-03-10,17,AR1 alpha + Enhanced + One-Step,NYSE:MTDR,0.0
2023-03-13,17,AR1 alpha + Enhanced + One-Step,NYSE:MTDR,7.40498682772869e-10
2023-03-14,17,AR1 alpha + Enhanced + One-Step,NYSE:MTDR,7.67917491490412e-08
2023-03-15,17,AR1 alpha + Enhanced + One-Step,NYSE:MTDR,5.192678667772811e-09
2023-03-16,17,AR1 alpha + Enhanced + One-Step,NYSE:MTDR,4.5054173920087615e-09
2023-03-17,17,AR1 alpha + Enhanced + One-Step,NYSE:MTDR,0.0
2023-03-20,17,AR1 alpha + Enhanced + One-Step,NYSE:MTDR,0.0
2023-03-21,17,AR1 alpha + Enhanced + One-Step,NYSE:MTDR,0.0
2023-03-22,17,AR1 alpha + Enhanced + One-Step,NYSE:MTDR,0.0
2023-03-23,17,AR1 alpha + Enhanced + One-Step,NYSE:MTDR,0.0
2023-03-24,17,AR1 alpha + Enhanced + One-Step,NYSE:MTDR,0.0
2023-03-27,17,AR1 alpha + Enhanced + One-Step,NYSE:MTDR,0.0
2023-03-28,17,AR1 alpha + Enhanced + One-Step,NYSE:MTDR,0.0
2023-03-29,17,AR1 alpha + Enhanced + One-Step,NYSE:MTDR,5.8577218765993575e-09
2023-03-30,17,AR1 alpha + Enhanced + One-Step,NYSE:MTDR,1.3216238022894158e-08
2023-03-31,17,AR1 alpha + Enhanced + One-Step,NYSE:MTDR,9.779661367182856e-08
2023-04-03,17,AR1 alpha + Enhanced + One-Step,NYSE:MTDR,0.007946462030153662
2023-04-04,17,AR1 alpha + Enhanced + One-Step,NYSE:MTDR,0.007946398021020502
2023-04-05,17,AR1 alpha + Enhanced + One-Step,NYSE:MTDR,0.007946458472581217
2023-04-06,17,AR1 alpha + Enhanced + One-Step,NYSE:MTDR,0.007946389843740694
2023-04-10,17,AR1 alpha + Enhanced + One-Step,NYSE:MTDR,0.013376859069040627
2023-04-11,17,AR1 alpha + Enhanced + One-Step,NYSE:MTDR,0.01801577667518058
2023-04-12,17,AR1 alpha + Enhanced + One-Step,NYSE:MTDR,0.01748403440308285
2023-04-13,17,AR1 alpha + Enhanced + One-Step,NYSE:MTDR,0.017483974539554668
2023-04-14,17,AR1 alpha + Enhanced + One-Step,NYSE:MTDR,0.017483806556417507
2023-04-17,17,AR1 alpha + Enhanced + One-Step,NYSE:MTDR,0.017483996236309415
2023-04-18,17,AR1 alpha + Enhanced + One-Step,NYSE:MTDR,0.0
2023-04-19,17,AR1 alpha + Enhanced + One-Step,NYSE:MTDR,0.0
2023-04-20,17,AR1 alpha + Enhanced + One-Step,NYSE:MTDR,3.7842200059664815e-08
2023-04-21,17,AR1 alpha + Enhanced + One-Step,NYSE:MTDR,0.0
2023-04-24,17,AR1 alpha + Enhanced + One-Step,NYSE:MTDR,0.0
2023-04-25,17,AR1 alpha + Enhanced + One-Step,NYSE:MTDR,0.0
2023-04-26,17,AR1 alpha + Enhanced + One-Step,NYSE:MTDR,0.0
2023-04-27,17,AR1 alpha + Enhanced + One-Step,NYSE:MTDR,0.0
2023-04-28,17,AR1 alpha + Enhanced + One-Step,NYSE:MTDR,0.0
2023-05-01,17,AR1 alpha + Enhanced + One-Step,NYSE:MTDR,0.0
2023-05-02,17,AR1 alpha + Enhanced + One-Step,NYSE:MTDR,6.728209093069895e-08
2023-05-03,17,AR1 alpha + Enhanced + One-Step,NYSE:MTDR,0.0
2023-05-04,17,AR1 alpha + Enhanced + One-Step,NYSE:MTDR,0.0
2023-05-05,17,AR1 alpha + Enhanced + One-Step,NYSE:MTDR,0.0
2023-05-08,17,AR1 alpha + Enhanced + One-Step,NYSE:MTDR,0.0
2023-05-09,17,AR1 alpha + Enhanced + One-Step,NYSE:MTDR,0.0
2023-05-10,17,AR1 alpha + Enhanced + One-Step,NYSE:MTDR,3.643632505051083e-07
2023-05-11,17,AR1 alpha + Enhanced + One-Step,NYSE:MTDR,1.71007011082956e-07
2023-05-12,17,AR1 alpha + Enhanced + One-Step,NYSE:MTDR,2.1217950650575873e-07
2023-05-15,17,AR1 alpha + Enhanced + One-Step,NYSE:MTDR,0.0
2023-05-16,17,AR1 alpha + Enhanced + One-Step,NYSE:MTDR,2.5773760067476636e-08
2023-05-17,17,AR1 alpha + Enhanced + One-Step,NYSE:MTDR,0.0
2023-05-18,17,AR1 alpha + Enhanced + One-Step,NYSE:MTDR,8.721846085222419e-07
2023-05-19,17,AR1 alpha + Enhanced + One-Step,NYSE:MTDR,2.934713040305481e-07
2023-05-22,17,AR1 alpha + Enhanced + One-Step,NYSE:MTDR,1.3224612884828758e-07
2023-05-23,17,AR1 alpha + Enhanced + One-Step,NYSE:MTDR,0.0
2023-05-24,17,AR1 alpha + Enhanced + One-Step,NYSE:MTDR,0.0
2023-05-25,17,AR1 alpha + Enhanced + One-Step,NYSE:MTDR,0.0
2023-05-26,17,AR1 alpha + Enhanced + One-Step,NYSE:MTDR,0.0
2023-05-30,17,AR1 alpha + Enhanced + One-Step,NYSE:MTDR,0.0
2023-05-31,17,AR1 alpha + Enhanced + One-Step,NYSE:MTDR,0.0
2023-06-01,17,AR1 alpha + Enhanced + One-Step,NYSE:MTDR,0.0
2023-06-02,17,AR1 alpha + Enhanced + One-Step,NYSE:MTDR,0.0
2023-06-05,17,AR1 alpha + Enhanced + One-Step,NYSE:MTDR,0.0
2023-06-06,17,AR1 alpha + Enhanced + One-Step,NYSE:MTDR,1.6408128181242366e-06
2023-06-07,17,AR1 alpha + Enhanced + One-Step,NYSE:MTDR,0.005944246301623198
2023-06-08,17,AR1 alpha + Enhanced + One-Step,NYSE:MTDR,0.005943984531371951
2023-06-09,17,AR1 alpha + Enhanced + One-Step,NYSE:MTDR,0.0
2023-06-12,17,AR1 alpha + Enhanced + One-Step,NYSE:MTDR,0.0
2023-06-13,17,AR1 alpha + Enhanced + One-Step,NYSE:MTDR,0.0
2023-06-14,17,AR1 alpha + Enhanced + One-Step,NYSE:MTDR,0.0
2023-06-15,17,AR1 alpha + Enhanced + One-Step,NYSE:MTDR,0.0
2023-06-16,17,AR1 alpha + Enhanced + One-Step,NYSE:MTDR,0.0
2023-06-20,17,AR1 alpha + Enhanced + One-Step,NYSE:MTDR,0.0
2023-06-21,17,AR1 alpha + Enhanced + One-Step,NYSE:MTDR,0.0
2023-06-22,17,AR1 alpha + Enhanced + One-Step,NYSE:MTDR,0.0
2023-06-23,17,AR1 alpha + Enhanced + One-Step,NYSE:MTDR,0.0
2023-06-26,17,AR1 alpha + Enhanced + One-Step,NYSE:MTDR,0.0
2023-06-27,17,AR1 alpha + Enhanced + One-Step,NYSE:MTDR,0.0
2023-06-28,17,AR1 alpha + Enhanced + One-Step,NYSE:MTDR,0.0
2023-06-29,17,AR1 alpha + Enhanced + One-Step,NYSE:MTDR,0.0
2023-06-30,17,AR1 alpha + Enhanced + One-Step,NYSE:MTDR,0.0
2023-07-03,17,AR1 alpha + Enhanced + One-Step,NYSE:MTDR,1.7753791216865116e-09
2023-07-05,17,AR1 alpha + Enhanced + One-Step,NYSE:MTDR,9.514953103030477e-08
2023-07-06,17,AR1 alpha + Enhanced + One-Step,NYSE:MTDR,7.430607336975023e-08
2023-07-07,17,AR1 alpha + Enhanced + One-Step,NYSE:MTDR,0.0
2023-07-10,17,AR1 alpha + Enhanced + One-Step,NYSE:MTDR,0.0
2023-07-11,17,AR1 alpha + Enhanced + One-Step,NYSE:MTDR,0.002817180326111933
2023-07-12,17,AR1 alpha + Enhanced + One-Step,NYSE:MTDR,0.006256055703984737
2023-07-13,17,AR1 alpha + Enhanced + One-Step,NYSE:MTDR,0.018242595136292103
2023-07-14,17,AR1 alpha + Enhanced + One-Step,NYSE:MTDR,0.01824143376679121
2023-07-17,17,AR1 alpha + Enhanced + One-Step,NYSE:MTDR,0.01824104365620909
2023-07-18,17,AR1 alpha + Enhanced + One-Step,NYSE:MTDR,0.02137676382485127
2023-07-19,17,AR1 alpha + Enhanced + One-Step,NYSE:MTDR,0.02137658465804204
2023-07-20,17,AR1 alpha + Enhanced + One-Step,NYSE:MTDR,0.021376329386132934
2023-07-21,17,AR1 alpha + Enhanced + One-Step,NYSE:MTDR,0.021375720309056115
2023-07-24,17,AR1 alpha + Enhanced + One-Step,NYSE:MTDR,0.01591911996598069
2023-07-25,17,AR1 alpha + Enhanced + One-Step,NYSE:MTDR,0.002503071728625147
2023-07-26,17,AR1 alpha + Enhanced + One-Step,NYSE:MTDR,0.0
2023-07-27,17,AR1 alpha + Enhanced + One-Step,NYSE:MTDR,0.0
2023-08-01,17,AR1 alpha + Enhanced + One-Step,NYSE:MTDR,3.0584901432455137e-08
2023-08-02,17,AR1 alpha + Enhanced + One-Step,NYSE:MTDR,0.0
2023-08-03,17,AR1 alpha + Enhanced + One-Step,NYSE:MTDR,5.9394048583615155e-08
2023-08-04,17,AR1 alpha + Enhanced + One-Step,NYSE:MTDR,1.163816432257001e-06
2023-08-07,17,AR1 alpha + Enhanced + One-Step,NYSE:MTDR,4.622593504283751e-07
2023-08-08,17,AR1 alpha + Enhanced + One-Step,NYSE:MTDR,2.4710962229645306e-07
2023-08-09,17,AR1 alpha + Enhanced + One-Step,NYSE:MTDR,0.0
2023-08-10,17,AR1 alpha + Enhanced + One-Step,NYSE:MTDR,0.0
2023-08-11,17,AR1 alpha + Enhanced + One-Step,NYSE:MTDR,0.0
2023-08-14,17,AR1 alpha + Enhanced + One-Step,NYSE:MTDR,0.0
2023-08-15,17,AR1 alpha + Enhanced + One-Step,NYSE:MTDR,0.0
2023-08-16,17,AR1 alpha + Enhanced + One-Step,NYSE:MTDR,0.0
2023-08-17,17,AR1 alpha + Enhanced + One-Step,NYSE:MTDR,1.8886443424874504e-07
2023-08-18,17,AR1 alpha + Enhanced + One-Step,NYSE:MTDR,6.241590797920806e-08
2023-08-21,17,AR1 alpha + Enhanced + One-Step,NYSE:MTDR,6.07396509005312e-08
2023-08-22,17,AR1 alpha + Enhanced + One-Step,NYSE:MTDR,1.4180170427358607e-08
2023-08-23,17,AR1 alpha + Enhanced + One-Step,NYSE:MTDR,0.0
2023-08-24,17,AR1 alpha + Enhanced + One-Step,NYSE:MTDR,0.0
2023-08-25,17,AR1 alpha + Enhanced + One-Step,NYSE:MTDR,0.0
2023-08-28,17,AR1 alpha + Enhanced + One-Step,NYSE:MTDR,0.0
2023-08-29,17,AR1 alpha + Enhanced + One-Step,NYSE:MTDR,1.0748792618920212e-07
2023-08-30,17,AR1 alpha + Enhanced + One-Step,NYSE:MTDR,2.0384226939025283e-07
2023-08-31,17,AR1 alpha + Enhanced + One-Step,NYSE:MTDR,1.8943205858503618e-07
2023-09-01,17,AR1 alpha + Enhanced + One-Step,NYSE:MTDR,0.0
2023-09-05,17,AR1 alpha + Enhanced + One-Step,NYSE:MTDR,0.0
2023-09-06,17,AR1 alpha + Enhanced + One-Step,NYSE:MTDR,0.0
2023-09-07,17,AR1 alpha + Enhanced + One-Step,NYSE:MTDR,3.9426147983324065e-08
2023-09-08,17,AR1 alpha + Enhanced + One-Step,NYSE:MTDR,0.0
2023-09-11,17,AR1 alpha + Enhanced + One-Step,NYSE:MTDR,5.9467790069259025e-08
2023-09-12,17,AR1 alpha + Enhanced + One-Step,NYSE:MTDR,1.1908259200591594e-07
2023-09-13,17,AR1 alpha + Enhanced + One-Step,NYSE:MTDR,0.0
2023-09-14,17,AR1 alpha + Enhanced + One-Step,NYSE:MTDR,1.9865539169750014e-08
2023-09-15,17,AR1 alpha + Enhanced + One-Step,NYSE:MTDR,1.7568215180087213e-07
2023-09-18,17,AR1 alpha + Enhanced + One-Step,NYSE:MTDR,5.052196695826578e-08
2023-09-19,17,AR1 alpha + Enhanced + One-Step,NYSE:MTDR,4.074238472574213e-08
2023-09-20,17,AR1 alpha + Enhanced + One-Step,NYSE:MTDR,3.814680671674441e-08
2023-09-21,17,AR1 alpha + Enhanced + One-Step,NYSE:MTDR,6.054688392808318e-08
2023-09-22,17,AR1 alpha + Enhanced + One-Step,NYSE:MTDR,4.0110178828913526e-08
2023-09-25,17,AR1 alpha + Enhanced + One-Step,NYSE:MTDR,0.0
2023-09-26,17,AR1 alpha + Enhanced + One-Step,NYSE:MTDR,0.0
2023-09-27,17,AR1 alpha + Enhanced + One-Step,NYSE:MTDR,2.3384407727960487e-09
2023-09-28,17,AR1 alpha + Enhanced + One-Step,NYSE:MTDR,0.0
2023-09-29,17,AR1 alpha + Enhanced + One-Step,NYSE:MTDR,0.0
2023-10-02,17,AR1 alpha + Enhanced + One-Step,NYSE:MTDR,1.619558258780614e-08
2023-10-03,17,AR1 alpha + Enhanced + One-Step,NYSE:MTDR,0.0
2023-10-04,17,AR1 alpha + Enhanced + One-Step,NYSE:MTDR,0.0
2023-10-05,17,AR1 alpha + Enhanced + One-Step,NYSE:MTDR,0.0
2023-10-06,17,AR1 alpha + Enhanced + One-Step,NYSE:MTDR,0.0
2023-10-09,17,AR1 alpha + Enhanced + One-Step,NYSE:MTDR,0.0
2023-10-10,17,AR1 alpha + Enhanced + One-Step,NYSE:MTDR,0.0
2023-10-11,17,AR1 alpha + Enhanced + One-Step,NYSE:MTDR,0.0
2023-10-12,17,AR1 alpha + Enhanced + One-Step,NYSE:MTDR,2.820404665708115e-09
2023-10-13,17,AR1 alpha + Enhanced + One-Step,NYSE:MTDR,1.6280977724054424e-09
2023-10-16,17,AR1 alpha + Enhanced + One-Step,NYSE:MTDR,7.1584514380278505e-09
2023-10-17,17,AR1 alpha + Enhanced + One-Step,NYSE:MTDR,0.0
2023-10-18,17,AR1 alpha + Enhanced + One-Step,NYSE:MTDR,1.012089077632513e-07
2023-10-19,17,AR1 alpha + Enhanced + One-Step,NYSE:MTDR,3.664860900599063e-08
2023-10-20,17,AR1 alpha + Enhanced + One-Step,NYSE:MTDR,5.7494632347736553e-08
2023-10-23,17,AR1 alpha + Enhanced + One-Step,NYSE:MTDR,0.0
2023-10-24,17,AR1 alpha + Enhanced + One-Step,NYSE:MTDR,6.593539670439069e-09
2023-10-25,17,AR1 alpha + Enhanced + One-Step,NYSE:MTDR,0.0
2023-10-26,17,AR1 alpha + Enhanced + One-Step,NYSE:MTDR,0.0
2023-10-27,17,AR1 alpha + Enhanced + One-Step,NYSE:MTDR,0.0
2023-10-30,17,AR1 alpha + Enhanced + One-Step,NYSE:MTDR,2.0163137387959932e-07
2023-10-31,17,AR1 alpha + Enhanced + One-Step,NYSE:MTDR,2.2160716243168175e-07
2023-11-01,17,AR1 alpha + Enhanced + One-Step,NYSE:MTDR,2.152668938306846e-08
2023-11-02,17,AR1 alpha + Enhanced + One-Step,NYSE:MTDR,5.97745082629965e-07
2023-11-03,17,AR1 alpha + Enhanced + One-Step,NYSE:MTDR,3.605519415332345e-07
2023-11-06,17,AR1 alpha + Enhanced + One-Step,NYSE:MTDR,2.436527346215854e-07
2023-11-07,17,AR1 alpha + Enhanced + One-Step,NYSE:MTDR,0.0
2023-11-08,17,AR1 alpha + Enhanced + One-Step,NYSE:MTDR,0.0
2023-11-09,17,AR1 alpha + Enhanced + One-Step,NYSE:MTDR,0.0
2023-11-10,17,AR1 alpha + Enhanced + One-Step,NYSE:MTDR,0.0
2023-11-13,17,AR1 alpha + Enhanced + One-Step,NYSE:MTDR,0.0
2023-11-14,17,AR1 alpha + Enhanced + One-Step,NYSE:MTDR,8.020768105276987e-08
2023-11-15,17,AR1 alpha + Enhanced + One-Step,NYSE:MTDR,0.0
2023-11-16,17,AR1 alpha + Enhanced + One-Step,NYSE:MTDR,0.0
2023-11-17,17,AR1 alpha + Enhanced + One-Step,NYSE:MTDR,0.0
2023-11-20,17,AR1 alpha + Enhanced + One-Step,NYSE:MTDR,5.83720007562438e-08
2023-11-21,17,AR1 alpha + Enhanced + One-Step,NYSE:MTDR,3.9236930236493683e-08
2023-11-22,17,AR1 alpha + Enhanced + One-Step,NYSE:MTDR,0.0
2023-11-24,17,AR1 alpha + Enhanced + One-Step,NYSE:MTDR,0.0
2023-11-27,17,AR1 alpha + Enhanced + One-Step,NYSE:MTDR,0.0
2023-11-28,17,AR1 alpha + Enhanced + One-Step,NYSE:MTDR,5.1718367117277874e-08
2023-11-29,17,AR1 alpha + Enhanced + One-Step,NYSE:MTDR,0.0
2023-11-30,17,AR1 alpha + Enhanced + One-Step,NYSE:MTDR,0.0
2023-12-01,17,AR1 alpha + Enhanced + One-Step,NYSE:MTDR,0.0
2023-12-04,17,AR1 alpha + Enhanced + One-Step,NYSE:MTDR,0.0
2023-12-05,17,AR1 alpha + Enhanced + One-Step,NYSE:MTDR,0.0
2023-12-06,17,AR1 alpha + Enhanced + One-Step,NYSE:MTDR,2.8753875055948143e-10
2023-12-07,17,AR1 alpha + Enhanced + One-Step,NYSE:MTDR,0.0
2023-12-08,17,AR1 alpha + Enhanced + One-Step,NYSE:MTDR,2.202958746793734e-08
2023-12-11,17,AR1 alpha + Enhanced + One-Step,NYSE:MTDR,0.0
2023-12-12,17,AR1 alpha + Enhanced + One-Step,NYSE:MTDR,0.0
2023-12-13,17,AR1 alpha + Enhanced + One-Step,NYSE:MTDR,5.974733401931023e-07
2023-12-14,17,AR1 alpha + Enhanced + One-Step,NYSE:MTDR,2.677181711798458e-07
2023-12-15,17,AR1 alpha + Enhanced + One-Step,NYSE:MTDR,0.0
2023-12-18,17,AR1 alpha + Enhanced + One-Step,NYSE:MTDR,0.0
2023-12-19,17,AR1 alpha + Enhanced + One-Step,NYSE:MTDR,0.0
2023-12-20,17,AR1 alpha + Enhanced + One-Step,NYSE:MTDR,5.608494062251968e-07
2023-12-21,17,AR1 alpha + Enhanced + One-Step,NYSE:MTDR,3.4607864667438545e-07
2023-12-22,17,AR1 alpha + Enhanced + One-Step,NYSE:MTDR,2.250552060552249e-07
2023-12-26,17,AR1 alpha + Enhanced + One-Step,NYSE:MTDR,0.0
2023-12-27,17,AR1 alpha + Enhanced + One-Step,NYSE:MTDR,0.0
2023-12-28,17,AR1 alpha + Enhanced + One-Step,NYSE:MTDR,2.102009624275003e-08
2023-12-29,17,AR1 alpha + Enhanced + One-Step,NYSE:MTDR,2.2656672846284642e-07
2024-01-02,17,AR1 alpha + Enhanced + One-Step,NYSE:MTDR,0.0
2024-01-03,17,AR1 alpha + Enhanced + One-Step,NYSE:MTDR,0.0
2024-01-04,17,AR1 alpha + Enhanced + One-Step,NYSE:MTDR,0.0
2024-01-05,17,AR1 alpha + Enhanced + One-Step,NYSE:MTDR,9.764133969498711e-08
2024-01-08,17,AR1 alpha + Enhanced + One-Step,NYSE:MTDR,3.0680224623783305e-07
2024-01-09,17,AR1 alpha + Enhanced + One-Step,NYSE:MTDR,0.0
2024-01-10,17,AR1 alpha + Enhanced + One-Step,NYSE:MTDR,0.0
2024-01-11,17,AR1 alpha + Enhanced + One-Step,NYSE:MTDR,0.0
2024-01-12,17,AR1 alpha + Enhanced + One-Step,NYSE:MTDR,1.9352914573564294e-08
2024-01-16,17,AR1 alpha + Enhanced + One-Step,NYSE:MTDR,0.0
2024-01-17,17,AR1 alpha + Enhanced + One-Step,NYSE:MTDR,0.0
2024-01-18,17,AR1 alpha + Enhanced + One-Step,NYSE:MTDR,0.0
2024-01-19,17,AR1 alpha + Enhanced + One-Step,NYSE:MTDR,0.0
2024-01-22,17,AR1 alpha + Enhanced + One-Step,NYSE:MTDR,0.0
2024-01-23,17,AR1 alpha + Enhanced + One-Step,NYSE:MTDR,0.0
2024-01-24,17,AR1 alpha + Enhanced + One-Step,NYSE:MTDR,0.0
2024-01-25,17,AR1 alpha + Enhanced + One-Step,NYSE:MTDR,0.0
2024-01-26,17,AR1 alpha + Enhanced + One-Step,NYSE:MTDR,0.0
2024-01-29,17,AR1 alpha + Enhanced + One-Step,NYSE:MTDR,0.0
2024-01-30,17,AR1 alpha + Enhanced + One-Step,NYSE:MTDR,0.0
2024-01-31,17,AR1 alpha + Enhanced + One-Step,NYSE:MTDR,0.0
2024-02-01,17,AR1 alpha + Enhanced + One-Step,NYSE:MTDR,0.0
2024-02-02,17,AR1 alpha + Enhanced + One-Step,NYSE:MTDR,0.0
2024-02-05,17,AR1 alpha + Enhanced + One-Step,NYSE:MTDR,0.0
2024-02-06,17,AR1 alpha + Enhanced + One-Step,NYSE:MTDR,0.0
2024-02-07,17,AR1 alpha + Enhanced + One-Step,NYSE:MTDR,0.0
2024-02-08,17,AR1 alpha + Enhanced + One-Step,NYSE:MTDR,0.0
2024-02-09,17,AR1 alpha + Enhanced + One-Step,NYSE:MTDR,0.0
2024-02-12,17,AR1 alpha + Enhanced + One-Step,NYSE:MTDR,0.0
2024-02-13,17,AR1 alpha + Enhanced + One-Step,NYSE:MTDR,0.0
2024-02-14,17,AR1 alpha + Enhanced + One-Step,NYSE:MTDR,1.7398194488681203e-07
2024-02-15,17,AR1 alpha + Enhanced + One-Step,NYSE:MTDR,1.039465758597872e-07
2024-02-16,17,AR1 alpha + Enhanced + One-Step,NYSE:MTDR,3.721327132242696e-07
2024-02-20,17,AR1 alpha + Enhanced + One-Step,NYSE:MTDR,4.1814015228648193e-07
2024-02-21,17,AR1 alpha + Enhanced + One-Step,NYSE:MTDR,0.0
2024-02-22,17,AR1 alpha + Enhanced + One-Step,NYSE:MTDR,0.0
2024-02-23,17,AR1 alpha + Enhanced + One-Step,NYSE:MTDR,5.1953003880649064e-08
2024-02-26,17,AR1 alpha + Enhanced + One-Step,NYSE:MTDR,0.0
2024-02-27,17,AR1 alpha + Enhanced + One-Step,NYSE:MTDR,0.0
2024-02-28,17,AR1 alpha + Enhanced + One-Step,NYSE:MTDR,0.0
2024-02-29,17,AR1 alpha + Enhanced + One-Step,NYSE:MTDR,0.0
2024-03-01,17,AR1 alpha + Enhanced + One-Step,NYSE:MTDR,2.3219722671481924e-08
2024-03-04,17,AR1 alpha + Enhanced + One-Step,NYSE:MTDR,0.0
2024-03-05,17,AR1 alpha + Enhanced + One-Step,NYSE:MTDR,0.0
2024-03-06,17,AR1 alpha + Enhanced + One-Step,NYSE:MTDR,0.0
2024-03-07,17,AR1 alpha + Enhanced + One-Step,NYSE:MTDR,0.0
2024-03-08,17,AR1 alpha + Enhanced + One-Step,NYSE:MTDR,0.0
2024-03-11,17,AR1 alpha + Enhanced + One-Step,NYSE:MTDR,0.0
2024-03-12,17,AR1 alpha + Enhanced + One-Step,NYSE:MTDR,1.0203837393203071e-07
2024-03-13,17,AR1 alpha + Enhanced + One-Step,NYSE:MTDR,0.0
2024-03-14,17,AR1 alpha + Enhanced + One-Step,NYSE:MTDR,0.0
2024-03-15,17,AR1 alpha + Enhanced + One-Step,NYSE:MTDR,1.1605914728157748e-07
2024-03-18,17,AR1 alpha + Enhanced + One-Step,NYSE:MTDR,0.0
2024-03-19,17,AR1 alpha + Enhanced + One-Step,NYSE:MTDR,0.0
2024-03-20,17,AR1 alpha + Enhanced + One-Step,NYSE:MTDR,3.483061490063897e-08
2024-03-21,17,AR1 alpha + Enhanced + One-Step,NYSE:MTDR,7.422984995677646e-07
2024-03-22,17,AR1 alpha + Enhanced + One-Step,NYSE:MTDR,4.914568666650175e-07
2024-03-25,17,AR1 alpha + Enhanced + One-Step,NYSE:MTDR,3.6893895490912913e-07
2024-03-26,17,AR1 alpha + Enhanced + One-Step,NYSE:MTDR,0.0
2024-03-27,17,AR1 alpha + Enhanced + One-Step,NYSE:MTDR,2.056129134777117e-08
2024-03-28,17,AR1 alpha + Enhanced + One-Step,NYSE:MTDR,1.8300592448965014e-07
2024-04-01,17,AR1 alpha + Enhanced + One-Step,NYSE:MTDR,2.7229307328927667e-07
2024-04-02,17,AR1 alpha + Enhanced + One-Step,NYSE:MTDR,9.112736738074604e-08
2024-04-03,17,AR1 alpha + Enhanced + One-Step,NYSE:MTDR,0.0
2024-04-04,17,AR1 alpha + Enhanced + One-Step,NYSE:MTDR,0.005972919839965744
2024-04-05,17,AR1 alpha + Enhanced + One-Step,NYSE:MTDR,0.0
2024-04-08,17,AR1 alpha + Enhanced + One-Step,NYSE:MTDR,1.4645546150668974e-07
2024-04-09,17,AR1 alpha + Enhanced + One-Step,NYSE:MTDR,2.428372143308288e-07
2024-04-10,17,AR1 alpha + Enhanced + One-Step,NYSE:MTDR,1.5871992782705468e-07
2024-04-11,17,AR1 alpha + Enhanced + One-Step,NYSE:MTDR,0.0
2024-04-12,17,AR1 alpha + Enhanced + One-Step,NYSE:MTDR,0.0
2024-04-15,17,AR1 alpha + Enhanced + One-Step,NYSE:MTDR,5.0195949503071133e-08
2024-04-16,17,AR1 alpha + Enhanced + One-Step,NYSE:MTDR,0.0
2024-04-17,17,AR1 alpha + Enhanced + One-Step,NYSE:MTDR,1.0425149352715473e-07
2024-04-18,17,AR1 alpha + Enhanced + One-Step,NYSE:MTDR,0.0
2024-04-19,17,AR1 alpha + Enhanced + One-Step,NYSE:MTDR,0.0
2020-03-25,17,AR1 alpha + Enhanced + One-Step,NYSE:LXFR,0.020000000000007227
2020-03-26,17,AR1 alpha + Enhanced + One-Step,NYSE:LXFR,0.02000000000001305
2020-03-27,17,AR1 alpha + Enhanced + One-Step,NYSE:LXFR,0.019999985159079497
2020-03-30,17,AR1 alpha + Enhanced + One-Step,NYSE:LXFR,0.0018703708113823358
2020-03-31,17,AR1 alpha + Enhanced + One-Step,NYSE:LXFR,0.0018716169702438766
2020-04-01,17,AR1 alpha + Enhanced + One-Step,NYSE:LXFR,0.0018715919060205083
2020-04-02,17,AR1 alpha + Enhanced + One-Step,NYSE:LXFR,0.0018720914767870525
2020-04-03,17,AR1 alpha + Enhanced + One-Step,NYSE:LXFR,0.0018728578861989236
2020-04-06,17,AR1 alpha + Enhanced + One-Step,NYSE:LXFR,0.0018734296849635072
2020-04-07,17,AR1 alpha + Enhanced + One-Step,NYSE:LXFR,0.00187686062787908
2020-04-08,17,AR1 alpha + Enhanced + One-Step,NYSE:LXFR,0.0018770264303208655
2020-04-09,17,AR1 alpha + Enhanced + One-Step,NYSE:LXFR,0.0018769391865767224
2020-04-13,17,AR1 alpha + Enhanced + One-Step,NYSE:LXFR,0.0018767401881089425
2020-04-14,17,AR1 alpha + Enhanced + One-Step,NYSE:LXFR,0.0018781098835210753
2020-04-15,17,AR1 alpha + Enhanced + One-Step,NYSE:LXFR,0.0018790183011504987
2020-04-16,17,AR1 alpha + Enhanced + One-Step,NYSE:LXFR,0.0018795325222455243
2020-04-17,17,AR1 alpha + Enhanced + One-Step,NYSE:LXFR,0.0018795774477780097
2020-04-20,17,AR1 alpha + Enhanced + One-Step,NYSE:LXFR,0.0018794665599309714
2020-04-21,17,AR1 alpha + Enhanced + One-Step,NYSE:LXFR,0.0018797311190487415
2020-04-22,17,AR1 alpha + Enhanced + One-Step,NYSE:LXFR,0.0018799721426640784
2020-04-23,17,AR1 alpha + Enhanced + One-Step,NYSE:LXFR,0.0018799070486264977
2020-04-24,17,AR1 alpha + Enhanced + One-Step,NYSE:LXFR,0.0018799754103754234
2020-04-27,17,AR1 alpha + Enhanced + One-Step,NYSE:LXFR,0.0018799694128230817
2020-04-28,17,AR1 alpha + Enhanced + One-Step,NYSE:LXFR,0.0
2020-04-29,17,AR1 alpha + Enhanced + One-Step,NYSE:LXFR,0.0
2020-04-30,17,AR1 alpha + Enhanced + One-Step,NYSE:LXFR,1.8992907672775308e-08
2020-05-01,17,AR1 alpha + Enhanced + One-Step,NYSE:LXFR,0.0
2020-05-04,17,AR1 alpha + Enhanced + One-Step,NYSE:LXFR,5.89861710708632e-09
2020-05-05,17,AR1 alpha + Enhanced + One-Step,NYSE:LXFR,0.0
2020-05-06,17,AR1 alpha + Enhanced + One-Step,NYSE:LXFR,0.0
2020-05-07,17,AR1 alpha + Enhanced + One-Step,NYSE:LXFR,0.0
2020-05-08,17,AR1 alpha + Enhanced + One-Step,NYSE:LXFR,0.0
2020-05-11,17,AR1 alpha + Enhanced + One-Step,NYSE:LXFR,0.0
2020-05-12,17,AR1 alpha + Enhanced + One-Step,NYSE:LXFR,0.0
2020-05-13,17,AR1 alpha + Enhanced + One-Step,NYSE:LXFR,2.845972366655258e-08
2020-05-14,17,AR1 alpha + Enhanced + One-Step,NYSE:LXFR,0.0
2020-05-15,17,AR1 alpha + Enhanced + One-Step,NYSE:LXFR,2.6035660514897753e-08
2020-05-18,17,AR1 alpha + Enhanced + One-Step,NYSE:LXFR,3.084872486622174e-08
2020-05-19,17,AR1 alpha + Enhanced + One-Step,NYSE:LXFR,0.0
2020-05-20,17,AR1 alpha + Enhanced + One-Step,NYSE:LXFR,1.0109960722960203e-09
2020-05-21,17,AR1 alpha + Enhanced + One-Step,NYSE:LXFR,0.0
2020-05-22,17,AR1 alpha + Enhanced + One-Step,NYSE:LXFR,3.4063021820202603e-09
2020-05-26,17,AR1 alpha + Enhanced + One-Step,NYSE:LXFR,0.0
2020-05-27,17,AR1 alpha + Enhanced + One-Step,NYSE:LXFR,2.9892947635164234e-08
2020-05-28,17,AR1 alpha + Enhanced + One-Step,NYSE:LXFR,1.2387539978160576e-08
2020-05-29,17,AR1 alpha + Enhanced + One-Step,NYSE:LXFR,5.8117618630889226e-09
2020-06-01,17,AR1 alpha + Enhanced + One-Step,NYSE:LXFR,3.895638997509519e-08
2020-06-02,17,AR1 alpha + Enhanced + One-Step,NYSE:LXFR,1.1231737303858953e-08
2020-06-03,17,AR1 alpha + Enhanced + One-Step,NYSE:LXFR,3.1918895431111754e-07
2020-06-04,17,AR1 alpha + Enhanced + One-Step,NYSE:LXFR,1.9205655637487874e-07
2020-06-05,17,AR1 alpha + Enhanced + One-Step,NYSE:LXFR,5.867496872728281e-08
2020-06-08,17,AR1 alpha + Enhanced + One-Step,NYSE:LXFR,1.519955825674989e-08
2020-06-09,17,AR1 alpha + Enhanced + One-Step,NYSE:LXFR,7.217977085519527e-09
2020-06-10,17,AR1 alpha + Enhanced + One-Step,NYSE:LXFR,1.6877331743478313e-09
2020-06-11,17,AR1 alpha + Enhanced + One-Step,NYSE:LXFR,1.9467041808672997e-07
2020-06-12,17,AR1 alpha + Enhanced + One-Step,NYSE:LXFR,8.134421609418737e-08
2020-06-15,17,AR1 alpha + Enhanced + One-Step,NYSE:LXFR,0.0
2020-06-16,17,AR1 alpha + Enhanced + One-Step,NYSE:LXFR,6.192033235186834e-09
2020-06-17,17,AR1 alpha + Enhanced + One-Step,NYSE:LXFR,1.0336440906006065e-08
2020-06-18,17,AR1 alpha + Enhanced + One-Step,NYSE:LXFR,0.0
2020-06-19,17,AR1 alpha + Enhanced + One-Step,NYSE:LXFR,4.717718465237996e-08
2020-06-22,17,AR1 alpha + Enhanced + One-Step,NYSE:LXFR,4.407010839980247e-08
2020-06-23,17,AR1 alpha + Enhanced + One-Step,NYSE:LXFR,1.0097296216716297e-08
2020-06-24,17,AR1 alpha + Enhanced + One-Step,NYSE:LXFR,0.0
2020-06-25,17,AR1 alpha + Enhanced + One-Step,NYSE:LXFR,1.0054261017240971e-08
2020-06-26,17,AR1 alpha + Enhanced + One-Step,NYSE:LXFR,0.0
2020-06-29,17,AR1 alpha + Enhanced + One-Step,NYSE:LXFR,0.0
2020-06-30,17,AR1 alpha + Enhanced + One-Step,NYSE:LXFR,0.0
2020-07-01,17,AR1 alpha + Enhanced + One-Step,NYSE:LXFR,0.0
2020-07-02,17,AR1 alpha + Enhanced + One-Step,NYSE:LXFR,5.4426352495424615e-08
2020-07-06,17,AR1 alpha + Enhanced + One-Step,NYSE:LXFR,0.0
2020-07-07,17,AR1 alpha + Enhanced + One-Step,NYSE:LXFR,0.0
2020-07-08,17,AR1 alpha + Enhanced + One-Step,NYSE:LXFR,0.0
2020-07-09,17,AR1 alpha + Enhanced + One-Step,NYSE:LXFR,0.0
2020-07-10,17,AR1 alpha + Enhanced + One-Step,NYSE:LXFR,0.0
2020-07-13,17,AR1 alpha + Enhanced + One-Step,NYSE:LXFR,0.0
2020-07-14,17,AR1 alpha + Enhanced + One-Step,NYSE:LXFR,0.0
2020-07-15,17,AR1 alpha + Enhanced + One-Step,NYSE:LXFR,3.237061169953791e-08
2020-07-16,17,AR1 alpha + Enhanced + One-Step,NYSE:LXFR,7.86413121177164e-09
2020-07-17,17,AR1 alpha + Enhanced + One-Step,NYSE:LXFR,0.0
2020-07-20,17,AR1 alpha + Enhanced + One-Step,NYSE:LXFR,3.033140607489234e-08
2020-07-21,17,AR1 alpha + Enhanced + One-Step,NYSE:LXFR,8.62911969092561e-08
2020-07-22,17,AR1 alpha + Enhanced + One-Step,NYSE:LXFR,6.399344240759621e-08
2020-07-23,17,AR1 alpha + Enhanced + One-Step,NYSE:LXFR,0.0
2020-07-24,17,AR1 alpha + Enhanced + One-Step,NYSE:LXFR,0.0
2020-07-27,17,AR1 alpha + Enhanced + One-Step,NYSE:LXFR,0.0
2020-07-28,17,AR1 alpha + Enhanced + One-Step,NYSE:LXFR,0.0
2020-07-29,17,AR1 alpha + Enhanced + One-Step,NYSE:LXFR,0.0
2020-07-30,17,AR1 alpha + Enhanced + One-Step,NYSE:LXFR,0.0
2020-07-31,17,AR1 alpha + Enhanced + One-Step,NYSE:LXFR,0.0
2020-08-03,17,AR1 alpha + Enhanced + One-Step,NYSE:LXFR,2.3901160768748664e-07
2020-08-04,17,AR1 alpha + Enhanced + One-Step,NYSE:LXFR,7.857160241901199e-08
2020-08-05,17,AR1 alpha + Enhanced + One-Step,NYSE:LXFR,0.0
2020-08-06,17,AR1 alpha + Enhanced + One-Step,NYSE:LXFR,0.0
2020-08-07,17,AR1 alpha + Enhanced + One-Step,NYSE:LXFR,1.869952382945242e-07
2020-08-10,17,AR1 alpha + Enhanced + One-Step,NYSE:LXFR,1.242035529939712e-07
2020-08-11,17,AR1 alpha + Enhanced + One-Step,NYSE:LXFR,4.077671385850193e-09
2020-08-12,17,AR1 alpha + Enhanced + One-Step,NYSE:LXFR,0.0
2020-08-13,17,AR1 alpha + Enhanced + One-Step,NYSE:LXFR,0.0
2020-08-14,17,AR1 alpha + Enhanced + One-Step,NYSE:LXFR,6.870405703143124e-10
2020-08-17,17,AR1 alpha + Enhanced + One-Step,NYSE:LXFR,0.0
2020-08-18,17,AR1 alpha + Enhanced + One-Step,NYSE:LXFR,0.0
2020-08-19,17,AR1 alpha + Enhanced + One-Step,NYSE:LXFR,0.0
2020-08-20,17,AR1 alpha + Enhanced + One-Step,NYSE:LXFR,0.0
2020-08-21,17,AR1 alpha + Enhanced + One-Step,NYSE:LXFR,0.0
2020-08-24,17,AR1 alpha + Enhanced + One-Step,NYSE:LXFR,0.0
2020-08-25,17,AR1 alpha + Enhanced + One-Step,NYSE:LXFR,6.19183479008261e-08
2020-08-26,17,AR1 alpha + Enhanced + One-Step,NYSE:LXFR,0.0
2020-08-27,17,AR1 alpha + Enhanced + One-Step,NYSE:LXFR,0.0
2020-08-28,17,AR1 alpha + Enhanced + One-Step,NYSE:LXFR,1.632752917966877e-09
2020-08-31,17,AR1 alpha + Enhanced + One-Step,NYSE:LXFR,0.0
2020-09-01,17,AR1 alpha + Enhanced + One-Step,NYSE:LXFR,0.0
2020-09-02,17,AR1 alpha + Enhanced + One-Step,NYSE:LXFR,0.0
2020-09-03,17,AR1 alpha + Enhanced + One-Step,NYSE:LXFR,0.0
2020-09-04,17,AR1 alpha + Enhanced + One-Step,NYSE:LXFR,1.0267049256461115e-08
2020-09-08,17,AR1 alpha + Enhanced + One-Step,NYSE:LXFR,1.7933087042463838e-07
2020-09-09,17,AR1 alpha + Enhanced + One-Step,NYSE:LXFR,8.55758191723008e-08
2020-09-10,17,AR1 alpha + Enhanced + One-Step,NYSE:LXFR,5.0594099339264566e-08
2020-09-11,17,AR1 alpha + Enhanced + One-Step,NYSE:LXFR,6.20682411654525e-08
2020-09-14,17,AR1 alpha + Enhanced + One-Step,NYSE:LXFR,4.0626541042538553e-07
2020-09-15,17,AR1 alpha + Enhanced + One-Step,NYSE:LXFR,2.1598356959670703e-07
2020-09-16,17,AR1 alpha + Enhanced + One-Step,NYSE:LXFR,0.0
2020-09-17,17,AR1 alpha + Enhanced + One-Step,NYSE:LXFR,0.0
2020-09-18,17,AR1 alpha + Enhanced + One-Step,NYSE:LXFR,0.0
2020-09-21,17,AR1 alpha + Enhanced + One-Step,NYSE:LXFR,0.0
2020-09-22,17,AR1 alpha + Enhanced + One-Step,NYSE:LXFR,1.2565683200414632e-08
2020-09-23,17,AR1 alpha + Enhanced + One-Step,NYSE:LXFR,0.0
2020-09-24,17,AR1 alpha + Enhanced + One-Step,NYSE:LXFR,0.0
2020-09-25,17,AR1 alpha + Enhanced + One-Step,NYSE:LXFR,0.0
2020-09-28,17,AR1 alpha + Enhanced + One-Step,NYSE:LXFR,1.3917060334731592e-07
2020-09-29,17,AR1 alpha + Enhanced + One-Step,NYSE:LXFR,8.104995874809595e-08
2020-09-30,17,AR1 alpha + Enhanced + One-Step,NYSE:LXFR,0.0
2020-10-01,17,AR1 alpha + Enhanced + One-Step,NYSE:LXFR,1.369121164246485e-07
2020-10-02,17,AR1 alpha + Enhanced + One-Step,NYSE:LXFR,9.507857554012996e-08
2020-10-05,17,AR1 alpha + Enhanced + One-Step,NYSE:LXFR,3.1560732566483827e-07
2020-10-06,17,AR1 alpha + Enhanced + One-Step,NYSE:LXFR,6.045707811314183e-08
2020-10-07,17,AR1 alpha + Enhanced + One-Step,NYSE:LXFR,1.2962995251160177e-07
2020-10-08,17,AR1 alpha + Enhanced + One-Step,NYSE:LXFR,2.3056114205290884e-08
2020-10-09,17,AR1 alpha + Enhanced + One-Step,NYSE:LXFR,2.196740426828775e-07
2020-10-12,17,AR1 alpha + Enhanced + One-Step,NYSE:LXFR,9.756483592651329e-08
2020-10-13,17,AR1 alpha + Enhanced + One-Step,NYSE:LXFR,4.306150405829898e-07
2020-10-14,17,AR1 alpha + Enhanced + One-Step,NYSE:LXFR,0.0
2020-10-15,17,AR1 alpha + Enhanced + One-Step,NYSE:LXFR,0.0
2020-10-16,17,AR1 alpha + Enhanced + One-Step,NYSE:LXFR,0.0
2020-10-19,17,AR1 alpha + Enhanced + One-Step,NYSE:LXFR,0.0
2020-10-20,17,AR1 alpha + Enhanced + One-Step,NYSE:LXFR,0.0
2020-10-21,17,AR1 alpha + Enhanced + One-Step,NYSE:LXFR,0.0
2020-10-22,17,AR1 alpha + Enhanced + One-Step,NYSE:LXFR,0.0
2020-10-23,17,AR1 alpha + Enhanced + One-Step,NYSE:LXFR,0.0
2020-10-26,17,AR1 alpha + Enhanced + One-Step,NYSE:LXFR,0.0
2020-10-27,17,AR1 alpha + Enhanced + One-Step,NYSE:LXFR,3.6236689660322325e-07
2020-10-28,17,AR1 alpha + Enhanced + One-Step,NYSE:LXFR,2.3651817820172273e-07
2020-10-29,17,AR1 alpha + Enhanced + One-Step,NYSE:LXFR,4.2111239921775296e-07
2020-10-30,17,AR1 alpha + Enhanced + One-Step,NYSE:LXFR,2.1863765867742691e-07
2020-11-02,17,AR1 alpha + Enhanced + One-Step,NYSE:LXFR,8.460562189702224e-07
2020-11-03,17,AR1 alpha + Enhanced + One-Step,NYSE:LXFR,5.796280907946145e-07
2020-11-04,17,AR1 alpha + Enhanced + One-Step,NYSE:LXFR,1.93430998341983e-06
2020-11-05,17,AR1 alpha + Enhanced + One-Step,NYSE:LXFR,1.099338098498005e-06
2020-11-06,17,AR1 alpha + Enhanced + One-Step,NYSE:LXFR,4.3137224542085104e-07
2020-11-09,17,AR1 alpha + Enhanced + One-Step,NYSE:LXFR,6.991491702630693e-08
2020-11-10,17,AR1 alpha + Enhanced + One-Step,NYSE:LXFR,5.488151734488322e-07
2020-11-11,17,AR1 alpha + Enhanced + One-Step,NYSE:LXFR,3.523342643570106e-07
2020-11-12,17,AR1 alpha + Enhanced + One-Step,NYSE:LXFR,1.8493532098093173e-07
2020-11-13,17,AR1 alpha + Enhanced + One-Step,NYSE:LXFR,7.582009161441397e-08
2020-11-16,17,AR1 alpha + Enhanced + One-Step,NYSE:LXFR,6.97272993614444e-08
2020-11-17,17,AR1 alpha + Enhanced + One-Step,NYSE:LXFR,0.0
2020-11-18,17,AR1 alpha + Enhanced + One-Step,NYSE:LXFR,0.0
2020-11-19,17,AR1 alpha + Enhanced + One-Step,NYSE:LXFR,0.0
2020-11-20,17,AR1 alpha + Enhanced + One-Step,NYSE:LXFR,0.0
2020-11-23,17,AR1 alpha + Enhanced + One-Step,NYSE:LXFR,2.336455128217864e-08
2020-11-24,17,AR1 alpha + Enhanced + One-Step,NYSE:LXFR,0.0
2020-11-25,17,AR1 alpha + Enhanced + One-Step,NYSE:LXFR,0.0
2020-11-27,17,AR1 alpha + Enhanced + One-Step,NYSE:LXFR,0.0
2020-11-30,17,AR1 alpha + Enhanced + One-Step,NYSE:LXFR,0.0
2020-12-01,17,AR1 alpha + Enhanced + One-Step,NYSE:LXFR,1.4370362385128353e-07
2020-12-04,17,AR1 alpha + Enhanced + One-Step,NYSE:LXFR,1.2458942002557568e-07
2020-12-07,17,AR1 alpha + Enhanced + One-Step,NYSE:LXFR,0.0
2020-12-08,17,AR1 alpha + Enhanced + One-Step,NYSE:LXFR,1.733804301217184e-07
2020-12-09,17,AR1 alpha + Enhanced + One-Step,NYSE:LXFR,0.0
2020-12-10,17,AR1 alpha + Enhanced + One-Step,NYSE:LXFR,6.344849916855327e-08
2020-12-11,17,AR1 alpha + Enhanced + One-Step,NYSE:LXFR,0.0
2020-12-14,17,AR1 alpha + Enhanced + One-Step,NYSE:LXFR,0.0
2020-12-15,17,AR1 alpha + Enhanced + One-Step,NYSE:LXFR,0.0
2020-12-16,17,AR1 alpha + Enhanced + One-Step,NYSE:LXFR,0.0
2020-12-17,17,AR1 alpha + Enhanced + One-Step,NYSE:LXFR,0.0
2020-12-18,17,AR1 alpha + Enhanced + One-Step,NYSE:LXFR,6.794757664228828e-07
2020-12-21,17,AR1 alpha + Enhanced + One-Step,NYSE:LXFR,7.149180015803301e-07
2020-12-22,17,AR1 alpha + Enhanced + One-Step,NYSE:LXFR,2.9859121729054987e-07
2020-12-23,17,AR1 alpha + Enhanced + One-Step,NYSE:LXFR,0.0
2020-12-24,17,AR1 alpha + Enhanced + One-Step,NYSE:LXFR,0.0
2020-12-28,17,AR1 alpha + Enhanced + One-Step,NYSE:LXFR,0.0
2020-12-29,17,AR1 alpha + Enhanced + One-Step,NYSE:LXFR,0.0
2020-12-30,17,AR1 alpha + Enhanced + One-Step,NYSE:LXFR,0.0
2020-12-31,17,AR1 alpha + Enhanced + One-Step,NYSE:LXFR,0.0
2021-01-04,17,AR1 alpha + Enhanced + One-Step,NYSE:LXFR,3.894234639317853e-09
2021-01-05,17,AR1 alpha + Enhanced + One-Step,NYSE:LXFR,0.0
2021-01-06,17,AR1 alpha + Enhanced + One-Step,NYSE:LXFR,0.0
2021-01-07,17,AR1 alpha + Enhanced + One-Step,NYSE:LXFR,0.0
2021-01-08,17,AR1 alpha + Enhanced + One-Step,NYSE:LXFR,7.637113110731192e-08
2021-01-11,17,AR1 alpha + Enhanced + One-Step,NYSE:LXFR,0.0
2021-01-12,17,AR1 alpha + Enhanced + One-Step,NYSE:LXFR,2.098919186420003e-07
2021-01-13,17,AR1 alpha + Enhanced + One-Step,NYSE:LXFR,0.0
2021-01-14,17,AR1 alpha + Enhanced + One-Step,NYSE:LXFR,1.1714291129220984e-07
2021-01-15,17,AR1 alpha + Enhanced + One-Step,NYSE:LXFR,0.0
2021-01-19,17,AR1 alpha + Enhanced + One-Step,NYSE:LXFR,0.0
2021-01-20,17,AR1 alpha + Enhanced + One-Step,NYSE:LXFR,2.4275561618406414e-07
2021-01-21,17,AR1 alpha + Enhanced + One-Step,NYSE:LXFR,0.0
2021-01-22,17,AR1 alpha + Enhanced + One-Step,NYSE:LXFR,0.0
2021-01-25,17,AR1 alpha + Enhanced + One-Step,NYSE:LXFR,0.0
2021-01-26,17,AR1 alpha + Enhanced + One-Step,NYSE:LXFR,0.0
2021-01-27,17,AR1 alpha + Enhanced + One-Step,NYSE:LXFR,4.507483608932706e-08
2021-01-28,17,AR1 alpha + Enhanced + One-Step,NYSE:LXFR,1.0269798103040303e-06
2021-01-29,17,AR1 alpha + Enhanced + One-Step,NYSE:LXFR,2.537185319898842e-07
2021-02-01,17,AR1 alpha + Enhanced + One-Step,NYSE:LXFR,9.001803387613975e-08
2021-02-02,17,AR1 alpha + Enhanced + One-Step,NYSE:LXFR,4.1630456159410955e-08
2021-02-03,17,AR1 alpha + Enhanced + One-Step,NYSE:LXFR,0.0
2021-02-04,17,AR1 alpha + Enhanced + One-Step,NYSE:LXFR,0.0
2021-02-05,17,AR1 alpha + Enhanced + One-Step,NYSE:LXFR,3.4698215317064116e-08
2021-02-08,17,AR1 alpha + Enhanced + One-Step,NYSE:LXFR,3.533205188348483e-07
2021-02-09,17,AR1 alpha + Enhanced + One-Step,NYSE:LXFR,1.1752539931372585e-09
2021-02-10,17,AR1 alpha + Enhanced + One-Step,NYSE:LXFR,2.4207261324323594e-07
2021-02-11,17,AR1 alpha + Enhanced + One-Step,NYSE:LXFR,2.1061893721034864e-07
2021-02-12,17,AR1 alpha + Enhanced + One-Step,NYSE:LXFR,7.530125835521595e-08
2021-02-16,17,AR1 alpha + Enhanced + One-Step,NYSE:LXFR,9.840503852902792e-09
2021-02-17,17,AR1 alpha + Enhanced + One-Step,NYSE:LXFR,4.557587958258208e-08
2021-02-18,17,AR1 alpha + Enhanced + One-Step,NYSE:LXFR,8.576145393845107e-08
2021-02-19,17,AR1 alpha + Enhanced + One-Step,NYSE:LXFR,0.0
2021-02-22,17,AR1 alpha + Enhanced + One-Step,NYSE:LXFR,5.283941812569737e-07
2021-02-23,17,AR1 alpha + Enhanced + One-Step,NYSE:LXFR,1.547062562243313e-06
2021-02-24,17,AR1 alpha + Enhanced + One-Step,NYSE:LXFR,9.201203814644423e-07
2021-02-25,17,AR1 alpha + Enhanced + One-Step,NYSE:LXFR,0.0
2021-02-26,17,AR1 alpha + Enhanced + One-Step,NYSE:LXFR,4.0823203028592434e-07
2021-03-01,17,AR1 alpha + Enhanced + One-Step,NYSE:LXFR,2.980383182336377e-07
2021-03-02,17,AR1 alpha + Enhanced + One-Step,NYSE:LXFR,2.1128566785629037e-07
2021-03-03,17,AR1 alpha + Enhanced + One-Step,NYSE:LXFR,6.008757964359789e-08
2021-03-04,17,AR1 alpha + Enhanced + One-Step,NYSE:LXFR,3.374423214941743e-08
2021-03-05,17,AR1 alpha + Enhanced + One-Step,NYSE:LXFR,0.0
2021-03-08,17,AR1 alpha + Enhanced + One-Step,NYSE:LXFR,0.0
2021-03-09,17,AR1 alpha + Enhanced + One-Step,NYSE:LXFR,1.0544187988702938e-07
2021-03-10,17,AR1 alpha + Enhanced + One-Step,NYSE:LXFR,1.378303190238794e-06
2021-03-11,17,AR1 alpha + Enhanced + One-Step,NYSE:LXFR,1.628832372541487e-07
2021-03-12,17,AR1 alpha + Enhanced + One-Step,NYSE:LXFR,4.17123888762635e-08
2021-03-15,17,AR1 alpha + Enhanced + One-Step,NYSE:LXFR,1.5739492491529768e-06
2021-03-16,17,AR1 alpha + Enhanced + One-Step,NYSE:LXFR,9.580999100788254e-07
2021-03-17,17,AR1 alpha + Enhanced + One-Step,NYSE:LXFR,1.2662830138815734e-07
2021-03-18,17,AR1 alpha + Enhanced + One-Step,NYSE:LXFR,1.269422284584355e-07
2021-03-19,17,AR1 alpha + Enhanced + One-Step,NYSE:LXFR,0.0
2021-03-22,17,AR1 alpha + Enhanced + One-Step,NYSE:LXFR,1.1209288523121116e-07
2021-03-23,17,AR1 alpha + Enhanced + One-Step,NYSE:LXFR,9.033670095955059e-07
2021-03-24,17,AR1 alpha + Enhanced + One-Step,NYSE:LXFR,4.5248969099467363e-07
2021-03-25,17,AR1 alpha + Enhanced + One-Step,NYSE:LXFR,3.2485979747150647e-07
2021-03-26,17,AR1 alpha + Enhanced + One-Step,NYSE:LXFR,3.296543558614172e-07
2021-03-29,17,AR1 alpha + Enhanced + One-Step,NYSE:LXFR,2.9809955097914543e-07
2021-03-30,17,AR1 alpha + Enhanced + One-Step,NYSE:LXFR,1.8979005115142445e-08
2021-03-31,17,AR1 alpha + Enhanced + One-Step,NYSE:LXFR,0.0
2021-04-01,17,AR1 alpha + Enhanced + One-Step,NYSE:LXFR,5.653299583587809e-07
2021-04-05,17,AR1 alpha + Enhanced + One-Step,NYSE:LXFR,4.0853446246218835e-07
2021-04-06,17,AR1 alpha + Enhanced + One-Step,NYSE:LXFR,2.3579498085922202e-07
2021-04-07,17,AR1 alpha + Enhanced + One-Step,NYSE:LXFR,0.0
2021-04-08,17,AR1 alpha + Enhanced + One-Step,NYSE:LXFR,0.0
2021-04-09,17,AR1 alpha + Enhanced + One-Step,NYSE:LXFR,0.0
2021-04-12,17,AR1 alpha + Enhanced + One-Step,NYSE:LXFR,0.0
2021-04-13,17,AR1 alpha + Enhanced + One-Step,NYSE:LXFR,0.0
2021-04-14,17,AR1 alpha + Enhanced + One-Step,NYSE:LXFR,0.0
2021-04-15,17,AR1 alpha + Enhanced + One-Step,NYSE:LXFR,5.947861007820781e-07
2021-04-16,17,AR1 alpha + Enhanced + One-Step,NYSE:LXFR,3.47137350194566e-07
2021-04-19,17,AR1 alpha + Enhanced + One-Step,NYSE:LXFR,1.1162697514695748e-07
2021-04-20,17,AR1 alpha + Enhanced + One-Step,NYSE:LXFR,0.0
2021-04-21,17,AR1 alpha + Enhanced + One-Step,NYSE:LXFR,0.0
2021-04-22,17,AR1 alpha + Enhanced + One-Step,NYSE:LXFR,0.0
2021-04-23,17,AR1 alpha + Enhanced + One-Step,NYSE:LXFR,0.0
2021-04-26,17,AR1 alpha + Enhanced + One-Step,NYSE:LXFR,0.0
2021-04-27,17,AR1 alpha + Enhanced + One-Step,NYSE:LXFR,0.0
2021-04-28,17,AR1 alpha + Enhanced + One-Step,NYSE:LXFR,0.0
2021-04-29,17,AR1 alpha + Enhanced + One-Step,NYSE:LXFR,0.0
2021-04-30,17,AR1 alpha + Enhanced + One-Step,NYSE:LXFR,0.0
2021-05-03,17,AR1 alpha + Enhanced + One-Step,NYSE:LXFR,2.9575943976399607e-06
2021-05-04,17,AR1 alpha + Enhanced + One-Step,NYSE:LXFR,1.4946334233989962e-06
2021-05-05,17,AR1 alpha + Enhanced + One-Step,NYSE:LXFR,7.939625223043391e-07
2021-05-06,17,AR1 alpha + Enhanced + One-Step,NYSE:LXFR,7.118353147940085e-07
2021-05-07,17,AR1 alpha + Enhanced + One-Step,NYSE:LXFR,4.986647643131727e-07
2021-05-10,17,AR1 alpha + Enhanced + One-Step,NYSE:LXFR,5.011613911782206e-07
2021-05-11,17,AR1 alpha + Enhanced + One-Step,NYSE:LXFR,3.2682186620422457e-07
2021-05-12,17,AR1 alpha + Enhanced + One-Step,NYSE:LXFR,1.289722102955528e-07
2021-05-13,17,AR1 alpha + Enhanced + One-Step,NYSE:LXFR,0.0
2021-05-14,17,AR1 alpha + Enhanced + One-Step,NYSE:LXFR,0.0
2021-05-17,17,AR1 alpha + Enhanced + One-Step,NYSE:LXFR,0.0
2021-05-18,17,AR1 alpha + Enhanced + One-Step,NYSE:LXFR,6.561077663367122e-07
2021-05-19,17,AR1 alpha + Enhanced + One-Step,NYSE:LXFR,1.1533803956117524e-06
2021-05-20,17,AR1 alpha + Enhanced + One-Step,NYSE:LXFR,7.423312847609335e-07
2021-05-21,17,AR1 alpha + Enhanced + One-Step,NYSE:LXFR,5.599102455592532e-07
2021-05-24,17,AR1 alpha + Enhanced + One-Step,NYSE:LXFR,0.0
2021-05-25,17,AR1 alpha + Enhanced + One-Step,NYSE:LXFR,0.0
2021-05-26,17,AR1 alpha + Enhanced + One-Step,NYSE:LXFR,0.0
2021-05-27,17,AR1 alpha + Enhanced + One-Step,NYSE:LXFR,0.0
2021-05-28,17,AR1 alpha + Enhanced + One-Step,NYSE:LXFR,0.0
2021-06-01,17,AR1 alpha + Enhanced + One-Step,NYSE:LXFR,0.0
2021-06-02,17,AR1 alpha + Enhanced + One-Step,NYSE:LXFR,0.0
2021-06-03,17,AR1 alpha + Enhanced + One-Step,NYSE:LXFR,0.0
2021-06-04,17,AR1 alpha + Enhanced + One-Step,NYSE:LXFR,0.0
2021-06-07,17,AR1 alpha + Enhanced + One-Step,NYSE:LXFR,0.0
2021-06-08,17,AR1 alpha + Enhanced + One-Step,NYSE:LXFR,0.0
2021-06-09,17,AR1 alpha + Enhanced + One-Step,NYSE:LXFR,0.0
2021-06-10,17,AR1 alpha + Enhanced + One-Step,NYSE:LXFR,0.0
2021-06-11,17,AR1 alpha + Enhanced + One-Step,NYSE:LXFR,0.0
2021-06-14,17,AR1 alpha + Enhanced + One-Step,NYSE:LXFR,0.0
2021-06-15,17,AR1 alpha + Enhanced + One-Step,NYSE:LXFR,0.0
2021-06-16,17,AR1 alpha + Enhanced + One-Step,NYSE:LXFR,0.0
2021-06-17,17,AR1 alpha + Enhanced + One-Step,NYSE:LXFR,0.0
2021-06-18,17,AR1 alpha + Enhanced + One-Step,NYSE:LXFR,0.0
2021-06-21,17,AR1 alpha + Enhanced + One-Step,NYSE:LXFR,3.859990297220053e-07
2021-06-22,17,AR1 alpha + Enhanced + One-Step,NYSE:LXFR,0.0
2021-06-23,17,AR1 alpha + Enhanced + One-Step,NYSE:LXFR,0.0
2021-06-24,17,AR1 alpha + Enhanced + One-Step,NYSE:LXFR,1.2935067271261373e-06
2021-06-25,17,AR1 alpha + Enhanced + One-Step,NYSE:LXFR,1.4079652804850995e-06
2021-06-28,17,AR1 alpha + Enhanced + One-Step,NYSE:LXFR,8.791405195130625e-07
2021-06-29,17,AR1 alpha + Enhanced + One-Step,NYSE:LXFR,1.7281548940144419e-09
2021-06-30,17,AR1 alpha + Enhanced + One-Step,NYSE:LXFR,0.0
2021-07-01,17,AR1 alpha + Enhanced + One-Step,NYSE:LXFR,0.0
2021-07-02,17,AR1 alpha + Enhanced + One-Step,NYSE:LXFR,0.0
2021-07-06,17,AR1 alpha + Enhanced + One-Step,NYSE:LXFR,0.0
2021-07-07,17,AR1 alpha + Enhanced + One-Step,NYSE:LXFR,7.441528914816809e-07
2021-07-08,17,AR1 alpha + Enhanced + One-Step,NYSE:LXFR,3.1326753845676724e-07
2021-07-09,17,AR1 alpha + Enhanced + One-Step,NYSE:LXFR,0.0
2021-07-12,17,AR1 alpha + Enhanced + One-Step,NYSE:LXFR,0.0
2021-07-13,17,AR1 alpha + Enhanced + One-Step,NYSE:LXFR,0.0
2021-07-14,17,AR1 alpha + Enhanced + One-Step,NYSE:LXFR,0.0
2021-07-15,17,AR1 alpha + Enhanced + One-Step,NYSE:LXFR,0.0
2021-07-16,17,AR1 alpha + Enhanced + One-Step,NYSE:LXFR,0.0
2021-07-19,17,AR1 alpha + Enhanced + One-Step,NYSE:LXFR,0.0
2021-07-20,17,AR1 alpha + Enhanced + One-Step,NYSE:LXFR,0.0
2021-07-21,17,AR1 alpha + Enhanced + One-Step,NYSE:LXFR,2.2582671220462443e-07
2021-07-22,17,AR1 alpha + Enhanced + One-Step,NYSE:LXFR,0.0
2021-07-23,17,AR1 alpha + Enhanced + One-Step,NYSE:LXFR,0.0
2021-07-26,17,AR1 alpha + Enhanced + One-Step,NYSE:LXFR,0.0
2021-07-27,17,AR1 alpha + Enhanced + One-Step,NYSE:LXFR,0.0
2021-07-28,17,AR1 alpha + Enhanced + One-Step,NYSE:LXFR,0.0
2021-07-29,17,AR1 alpha + Enhanced + One-Step,NYSE:LXFR,0.0
2021-07-30,17,AR1 alpha + Enhanced + One-Step,NYSE:LXFR,0.0
2021-08-02,17,AR1 alpha + Enhanced + One-Step,NYSE:LXFR,0.0
2021-08-03,17,AR1 alpha + Enhanced + One-Step,NYSE:LXFR,0.0
2021-08-04,17,AR1 alpha + Enhanced + One-Step,NYSE:LXFR,0.0
2021-08-05,17,AR1 alpha + Enhanced + One-Step,NYSE:LXFR,0.0
2021-08-06,17,AR1 alpha + Enhanced + One-Step,NYSE:LXFR,0.0
2021-08-09,17,AR1 alpha + Enhanced + One-Step,NYSE:LXFR,0.0
2021-08-10,17,AR1 alpha + Enhanced + One-Step,NYSE:LXFR,0.0
2021-08-11,17,AR1 alpha + Enhanced + One-Step,NYSE:LXFR,0.0
2021-08-12,17,AR1 alpha + Enhanced + One-Step,NYSE:LXFR,0.0
2021-08-13,17,AR1 alpha + Enhanced + One-Step,NYSE:LXFR,8.184408484302069e-08
2021-08-16,17,AR1 alpha + Enhanced + One-Step,NYSE:LXFR,6.75110875869827e-07
2021-08-17,17,AR1 alpha + Enhanced + One-Step,NYSE:LXFR,1.1281931379297862e-06
2021-08-18,17,AR1 alpha + Enhanced + One-Step,NYSE:LXFR,9.501183304171849e-07
2021-08-19,17,AR1 alpha + Enhanced + One-Step,NYSE:LXFR,1.6560415575362733e-06
2021-08-20,17,AR1 alpha + Enhanced + One-Step,NYSE:LXFR,0.0
2021-08-23,17,AR1 alpha + Enhanced + One-Step,NYSE:LXFR,0.0
2021-08-24,17,AR1 alpha + Enhanced + One-Step,NYSE:LXFR,3.371411535029202e-08
2021-08-25,17,AR1 alpha + Enhanced + One-Step,NYSE:LXFR,3.594101839149442e-08
2021-08-26,17,AR1 alpha + Enhanced + One-Step,NYSE:LXFR,0.0
2021-08-27,17,AR1 alpha + Enhanced + One-Step,NYSE:LXFR,0.0
2021-08-30,17,AR1 alpha + Enhanced + One-Step,NYSE:LXFR,0.0
2021-08-31,17,AR1 alpha + Enhanced + One-Step,NYSE:LXFR,1.732985296978293e-09
2021-09-01,17,AR1 alpha + Enhanced + One-Step,NYSE:LXFR,0.0
2021-09-02,17,AR1 alpha + Enhanced + One-Step,NYSE:LXFR,0.0
2021-09-03,17,AR1 alpha + Enhanced + One-Step,NYSE:LXFR,0.0
2021-09-07,17,AR1 alpha + Enhanced + One-Step,NYSE:LXFR,0.0
2021-09-08,17,AR1 alpha + Enhanced + One-Step,NYSE:LXFR,0.0
2021-09-09,17,AR1 alpha + Enhanced + One-Step,NYSE:LXFR,0.0
2021-09-10,17,AR1 alpha + Enhanced + One-Step,NYSE:LXFR,0.0
2021-09-13,17,AR1 alpha + Enhanced + One-Step,NYSE:LXFR,3.412041968440863e-07
2021-09-14,17,AR1 alpha + Enhanced + One-Step,NYSE:LXFR,0.0
2021-09-15,17,AR1 alpha + Enhanced + One-Step,NYSE:LXFR,0.0
2021-09-16,17,AR1 alpha + Enhanced + One-Step,NYSE:LXFR,0.0
2021-09-17,17,AR1 alpha + Enhanced + One-Step,NYSE:LXFR,0.0
2021-09-20,17,AR1 alpha + Enhanced + One-Step,NYSE:LXFR,0.0
2021-09-21,17,AR1 alpha + Enhanced + One-Step,NYSE:LXFR,0.0
2021-09-22,17,AR1 alpha + Enhanced + One-Step,NYSE:LXFR,0.0
2021-09-23,17,AR1 alpha + Enhanced + One-Step,NYSE:LXFR,3.4368682247449006e-07
2021-09-24,17,AR1 alpha + Enhanced + One-Step,NYSE:LXFR,1.8314584435357676e-07
2021-09-27,17,AR1 alpha + Enhanced + One-Step,NYSE:LXFR,8.153362205123316e-08
2021-09-28,17,AR1 alpha + Enhanced + One-Step,NYSE:LXFR,0.0
2021-09-29,17,AR1 alpha + Enhanced + One-Step,NYSE:LXFR,3.491093774121226e-07
2021-09-30,17,AR1 alpha + Enhanced + One-Step,NYSE:LXFR,1.8833220134175896e-07
2021-10-01,17,AR1 alpha + Enhanced + One-Step,NYSE:LXFR,1.2206467581603643e-07
2021-10-04,17,AR1 alpha + Enhanced + One-Step,NYSE:LXFR,1.0815338681270949e-07
2021-10-05,17,AR1 alpha + Enhanced + One-Step,NYSE:LXFR,0.0
2021-10-06,17,AR1 alpha + Enhanced + One-Step,NYSE:LXFR,0.0
2021-10-07,17,AR1 alpha + Enhanced + One-Step,NYSE:LXFR,0.0
2021-10-08,17,AR1 alpha + Enhanced + One-Step,NYSE:LXFR,0.0
2021-10-11,17,AR1 alpha + Enhanced + One-Step,NYSE:LXFR,0.0
2021-10-12,17,AR1 alpha + Enhanced + One-Step,NYSE:LXFR,1.7970314035521418e-07
2021-10-13,17,AR1 alpha + Enhanced + One-Step,NYSE:LXFR,1.3615039966023325e-07
2021-10-14,17,AR1 alpha + Enhanced + One-Step,NYSE:LXFR,0.0
2021-10-15,17,AR1 alpha + Enhanced + One-Step,NYSE:LXFR,0.0
2021-10-18,17,AR1 alpha + Enhanced + One-Step,NYSE:LXFR,0.0
2021-10-19,17,AR1 alpha + Enhanced + One-Step,NYSE:LXFR,0.0
2021-10-20,17,AR1 alpha + Enhanced + One-Step,NYSE:LXFR,5.91372345578061e-08
2021-10-21,17,AR1 alpha + Enhanced + One-Step,NYSE:LXFR,1.586657903447292e-08
2021-10-22,17,AR1 alpha + Enhanced + One-Step,NYSE:LXFR,0.0
2021-10-25,17,AR1 alpha + Enhanced + One-Step,NYSE:LXFR,0.0
2021-10-26,17,AR1 alpha + Enhanced + One-Step,NYSE:LXFR,0.0
2021-10-27,17,AR1 alpha + Enhanced + One-Step,NYSE:LXFR,3.793360173482692e-08
2021-10-28,17,AR1 alpha + Enhanced + One-Step,NYSE:LXFR,1.3951534276634992e-07
2021-10-29,17,AR1 alpha + Enhanced + One-Step,NYSE:LXFR,0.0
2021-11-01,17,AR1 alpha + Enhanced + One-Step,NYSE:LXFR,0.0
2021-11-02,17,AR1 alpha + Enhanced + One-Step,NYSE:LXFR,5.32731747513931e-09
2021-11-03,17,AR1 alpha + Enhanced + One-Step,NYSE:LXFR,2.137245872645577e-07
2021-11-04,17,AR1 alpha + Enhanced + One-Step,NYSE:LXFR,0.0
2021-11-05,17,AR1 alpha + Enhanced + One-Step,NYSE:LXFR,0.0
2021-11-08,17,AR1 alpha + Enhanced + One-Step,NYSE:LXFR,0.0
2021-11-09,17,AR1 alpha + Enhanced + One-Step,NYSE:LXFR,8.83598092563057e-09
2021-11-10,17,AR1 alpha + Enhanced + One-Step,NYSE:LXFR,7.980725555183331e-07
2021-11-11,17,AR1 alpha + Enhanced + One-Step,NYSE:LXFR,4.85999409500652e-07
2021-11-12,17,AR1 alpha + Enhanced + One-Step,NYSE:LXFR,7.2700501806837e-07
2021-11-15,17,AR1 alpha + Enhanced + One-Step,NYSE:LXFR,7.989812459901826e-07
2021-11-16,17,AR1 alpha + Enhanced + One-Step,NYSE:LXFR,0.006373523098424529
2021-11-17,17,AR1 alpha + Enhanced + One-Step,NYSE:LXFR,0.007513014381841434
2021-11-18,17,AR1 alpha + Enhanced + One-Step,NYSE:LXFR,0.008518314443630113
2021-11-19,17,AR1 alpha + Enhanced + One-Step,NYSE:LXFR,0.008518907426203641
2021-11-22,17,AR1 alpha + Enhanced + One-Step,NYSE:LXFR,0.008519349653317855
2021-11-23,17,AR1 alpha + Enhanced + One-Step,NYSE:LXFR,0.008519760222870152
2021-11-24,17,AR1 alpha + Enhanced + One-Step,NYSE:LXFR,0.01635427418322798
2021-11-26,17,AR1 alpha + Enhanced + One-Step,NYSE:LXFR,0.016352982647613857
2021-11-29,17,AR1 alpha + Enhanced + One-Step,NYSE:LXFR,0.018665107871537075
2021-11-30,17,AR1 alpha + Enhanced + One-Step,NYSE:LXFR,0.01866418174984555
2021-12-01,17,AR1 alpha + Enhanced + One-Step,NYSE:LXFR,0.018663508803598898
2021-12-02,17,AR1 alpha + Enhanced + One-Step,NYSE:LXFR,0.018029644488521523
2021-12-03,17,AR1 alpha + Enhanced + One-Step,NYSE:LXFR,0.010495871470406171
2021-12-06,17,AR1 alpha + Enhanced + One-Step,NYSE:LXFR,0.0032326091434002804
2021-12-07,17,AR1 alpha + Enhanced + One-Step,NYSE:LXFR,0.0032326103961478297
2021-12-08,17,AR1 alpha + Enhanced + One-Step,NYSE:LXFR,0.0
2021-12-09,17,AR1 alpha + Enhanced + One-Step,NYSE:LXFR,0.0
2021-12-10,17,AR1 alpha + Enhanced + One-Step,NYSE:LXFR,0.0
2021-12-13,17,AR1 alpha + Enhanced + One-Step,NYSE:LXFR,0.0
2021-12-14,17,AR1 alpha + Enhanced + One-Step,NYSE:LXFR,0.0
2021-12-15,17,AR1 alpha + Enhanced + One-Step,NYSE:LXFR,2.766535475397449e-07
2021-12-16,17,AR1 alpha + Enhanced + One-Step,NYSE:LXFR,2.5585140304138017e-07
2021-12-17,17,AR1 alpha + Enhanced + One-Step,NYSE:LXFR,5.662615606014427e-08
2021-12-20,17,AR1 alpha + Enhanced + One-Step,NYSE:LXFR,0.0
2021-12-21,17,AR1 alpha + Enhanced + One-Step,NYSE:LXFR,1.3313098591454605e-07
2021-12-22,17,AR1 alpha + Enhanced + One-Step,NYSE:LXFR,8.307872907811861e-08
2021-12-23,17,AR1 alpha + Enhanced + One-Step,NYSE:LXFR,3.1378977239063717e-07
2021-12-27,17,AR1 alpha + Enhanced + One-Step,NYSE:LXFR,3.0485527215642575e-07
2021-12-28,17,AR1 alpha + Enhanced + One-Step,NYSE:LXFR,2.2259830843098124e-07
2021-12-29,17,AR1 alpha + Enhanced + One-Step,NYSE:LXFR,1.8218921386031998e-07
2021-12-30,17,AR1 alpha + Enhanced + One-Step,NYSE:LXFR,2.597602361065896e-07
2021-12-31,17,AR1 alpha + Enhanced + One-Step,NYSE:LXFR,1.3612084263686019e-07
2022-01-03,17,AR1 alpha + Enhanced + One-Step,NYSE:LXFR,1.623831000925402e-07
2022-01-04,17,AR1 alpha + Enhanced + One-Step,NYSE:LXFR,1.3154337727133779e-07
2022-01-05,17,AR1 alpha + Enhanced + One-Step,NYSE:LXFR,8.419627554655333e-08
2022-01-06,17,AR1 alpha + Enhanced + One-Step,NYSE:LXFR,8.042763029117039e-08
2022-01-07,17,AR1 alpha + Enhanced + One-Step,NYSE:LXFR,0.0
2022-01-10,17,AR1 alpha + Enhanced + One-Step,NYSE:LXFR,0.0
2022-01-11,17,AR1 alpha + Enhanced + One-Step,NYSE:LXFR,0.0
2022-01-12,17,AR1 alpha + Enhanced + One-Step,NYSE:LXFR,0.0
2022-01-13,17,AR1 alpha + Enhanced + One-Step,NYSE:LXFR,0.0
2022-01-14,17,AR1 alpha + Enhanced + One-Step,NYSE:LXFR,0.0
2022-01-18,17,AR1 alpha + Enhanced + One-Step,NYSE:LXFR,1.916835403262996e-07
2022-01-19,17,AR1 alpha + Enhanced + One-Step,NYSE:LXFR,0.0
2022-01-20,17,AR1 alpha + Enhanced + One-Step,NYSE:LXFR,4.400253801754576e-08
2022-01-21,17,AR1 alpha + Enhanced + One-Step,NYSE:LXFR,0.0
2022-01-24,17,AR1 alpha + Enhanced + One-Step,NYSE:LXFR,0.0
2022-01-25,17,AR1 alpha + Enhanced + One-Step,NYSE:LXFR,4.790988120999417e-08
2022-01-26,17,AR1 alpha + Enhanced + One-Step,NYSE:LXFR,8.390751442944262e-08
2022-01-27,17,AR1 alpha + Enhanced + One-Step,NYSE:LXFR,0.0
2022-01-28,17,AR1 alpha + Enhanced + One-Step,NYSE:LXFR,5.54140062641062e-09
2022-01-31,17,AR1 alpha + Enhanced + One-Step,NYSE:LXFR,4.457316336137188e-07
2022-02-01,17,AR1 alpha + Enhanced + One-Step,NYSE:LXFR,3.195092036520868e-07
2022-02-02,17,AR1 alpha + Enhanced + One-Step,NYSE:LXFR,1.7121029566928578e-07
2022-02-03,17,AR1 alpha + Enhanced + One-Step,NYSE:LXFR,0.0
2022-02-04,17,AR1 alpha + Enhanced + One-Step,NYSE:LXFR,0.0
2022-02-07,17,AR1 alpha + Enhanced + One-Step,NYSE:LXFR,0.0
2022-02-08,17,AR1 alpha + Enhanced + One-Step,NYSE:LXFR,3.340035702762487e-09
2022-02-09,17,AR1 alpha + Enhanced + One-Step,NYSE:LXFR,6.454135189343547e-08
2022-02-10,17,AR1 alpha + Enhanced + One-Step,NYSE:LXFR,4.428500546487797e-08
2022-02-11,17,AR1 alpha + Enhanced + One-Step,NYSE:LXFR,4.2352476200485354e-07
2022-02-14,17,AR1 alpha + Enhanced + One-Step,NYSE:LXFR,0.0
2022-02-15,17,AR1 alpha + Enhanced + One-Step,NYSE:LXFR,8.6046637202485e-09
2022-02-16,17,AR1 alpha + Enhanced + One-Step,NYSE:LXFR,0.0
2022-02-17,17,AR1 alpha + Enhanced + One-Step,NYSE:LXFR,0.0
2022-02-18,17,AR1 alpha + Enhanced + One-Step,NYSE:LXFR,3.3715288070584057e-08
2022-02-22,17,AR1 alpha + Enhanced + One-Step,NYSE:LXFR,1.2224742679488254e-08
2022-02-23,17,AR1 alpha + Enhanced + One-Step,NYSE:LXFR,0.0
2022-02-24,17,AR1 alpha + Enhanced + One-Step,NYSE:LXFR,0.0
2022-02-25,17,AR1 alpha + Enhanced + One-Step,NYSE:LXFR,5.96459651987537e-08
2022-02-28,17,AR1 alpha + Enhanced + One-Step,NYSE:LXFR,5.703034771932866e-08
2022-03-01,17,AR1 alpha + Enhanced + One-Step,NYSE:LXFR,1.258826206333306e-07
2022-03-02,17,AR1 alpha + Enhanced + One-Step,NYSE:LXFR,2.2898043609152656e-08
2022-03-03,17,AR1 alpha + Enhanced + One-Step,NYSE:LXFR,3.522977948250314e-09
2022-03-04,17,AR1 alpha + Enhanced + One-Step,NYSE:LXFR,0.0
2022-03-07,17,AR1 alpha + Enhanced + One-Step,NYSE:LXFR,3.1074742177236603e-06
2022-03-08,17,AR1 alpha + Enhanced + One-Step,NYSE:LXFR,2.1280898482318135e-06
2022-03-09,17,AR1 alpha + Enhanced + One-Step,NYSE:LXFR,0.0
2022-03-10,17,AR1 alpha + Enhanced + One-Step,NYSE:LXFR,7.386320381334249e-08
2022-03-11,17,AR1 alpha + Enhanced + One-Step,NYSE:LXFR,0.0
2022-03-14,17,AR1 alpha + Enhanced + One-Step,NYSE:LXFR,0.0
2022-03-15,17,AR1 alpha + Enhanced + One-Step,NYSE:LXFR,0.0
2022-03-16,17,AR1 alpha + Enhanced + One-Step,NYSE:LXFR,6.10949943520446e-09
2022-03-17,17,AR1 alpha + Enhanced + One-Step,NYSE:LXFR,1.7086998327705773e-08
2022-03-18,17,AR1 alpha + Enhanced + One-Step,NYSE:LXFR,0.0
2022-03-21,17,AR1 alpha + Enhanced + One-Step,NYSE:LXFR,1.5318056885895927e-07
2022-03-22,17,AR1 alpha + Enhanced + One-Step,NYSE:LXFR,9.893127325566734e-08
2022-03-23,17,AR1 alpha + Enhanced + One-Step,NYSE:LXFR,7.224659357520256e-08
2022-03-24,17,AR1 alpha + Enhanced + One-Step,NYSE:LXFR,1.4488039820755317e-07
2022-03-25,17,AR1 alpha + Enhanced + One-Step,NYSE:LXFR,0.0
2022-03-28,17,AR1 alpha + Enhanced + One-Step,NYSE:LXFR,0.009405152360411279
2022-03-29,17,AR1 alpha + Enhanced + One-Step,NYSE:LXFR,0.009404406075209292
2022-03-30,17,AR1 alpha + Enhanced + One-Step,NYSE:LXFR,0.009404411296432921
2022-03-31,17,AR1 alpha + Enhanced + One-Step,NYSE:LXFR,0.009404394932244193
2022-04-01,17,AR1 alpha + Enhanced + One-Step,NYSE:LXFR,0.0
2022-04-04,17,AR1 alpha + Enhanced + One-Step,NYSE:LXFR,0.0
2022-04-05,17,AR1 alpha + Enhanced + One-Step,NYSE:LXFR,5.5421673922137026e-08
2022-04-06,17,AR1 alpha + Enhanced + One-Step,NYSE:LXFR,0.0
2022-04-07,17,AR1 alpha + Enhanced + One-Step,NYSE:LXFR,0.0
2022-04-08,17,AR1 alpha + Enhanced + One-Step,NYSE:LXFR,2.4233341745812437e-07
2022-04-11,17,AR1 alpha + Enhanced + One-Step,NYSE:LXFR,0.0
2022-04-12,17,AR1 alpha + Enhanced + One-Step,NYSE:LXFR,0.0
2022-04-13,17,AR1 alpha + Enhanced + One-Step,NYSE:LXFR,3.62714659527208e-08
2022-04-14,17,AR1 alpha + Enhanced + One-Step,NYSE:LXFR,0.0
2022-04-18,17,AR1 alpha + Enhanced + One-Step,NYSE:LXFR,0.0
2022-04-19,17,AR1 alpha + Enhanced + One-Step,NYSE:LXFR,0.0
2022-04-20,17,AR1 alpha + Enhanced + One-Step,NYSE:LXFR,0.0
2022-04-21,17,AR1 alpha + Enhanced + One-Step,NYSE:LXFR,0.0
2022-04-22,17,AR1 alpha + Enhanced + One-Step,NYSE:LXFR,0.0
2022-04-25,17,AR1 alpha + Enhanced + One-Step,NYSE:LXFR,0.0
2022-04-26,17,AR1 alpha + Enhanced + One-Step,NYSE:LXFR,9.165579536817561e-08
2022-04-27,17,AR1 alpha + Enhanced + One-Step,NYSE:LXFR,0.0
2022-04-28,17,AR1 alpha + Enhanced + One-Step,NYSE:LXFR,0.0
2022-04-29,17,AR1 alpha + Enhanced + One-Step,NYSE:LXFR,0.0
2022-05-02,17,AR1 alpha + Enhanced + One-Step,NYSE:LXFR,0.0
2022-05-03,17,AR1 alpha + Enhanced + One-Step,NYSE:LXFR,0.0
2022-05-04,17,AR1 alpha + Enhanced + One-Step,NYSE:LXFR,0.0
2022-05-05,17,AR1 alpha + Enhanced + One-Step,NYSE:LXFR,0.0
2022-05-06,17,AR1 alpha + Enhanced + One-Step,NYSE:LXFR,0.0
2022-05-09,17,AR1 alpha + Enhanced + One-Step,NYSE:LXFR,0.0
2022-05-10,17,AR1 alpha + Enhanced + One-Step,NYSE:LXFR,0.0
2022-05-11,17,AR1 alpha + Enhanced + One-Step,NYSE:LXFR,1.5886377054536955e-07
2022-05-12,17,AR1 alpha + Enhanced + One-Step,NYSE:LXFR,0.0
2022-05-13,17,AR1 alpha + Enhanced + One-Step,NYSE:LXFR,0.0
2022-05-16,17,AR1 alpha + Enhanced + One-Step,NYSE:LXFR,0.0
2022-05-17,17,AR1 alpha + Enhanced + One-Step,NYSE:LXFR,0.0
2022-05-18,17,AR1 alpha + Enhanced + One-Step,NYSE:LXFR,0.0
2022-05-19,17,AR1 alpha + Enhanced + One-Step,NYSE:LXFR,0.0
2022-05-20,17,AR1 alpha + Enhanced + One-Step,NYSE:LXFR,0.0
2022-05-23,17,AR1 alpha + Enhanced + One-Step,NYSE:LXFR,0.0
2022-05-24,17,AR1 alpha + Enhanced + One-Step,NYSE:LXFR,0.0
2022-05-25,17,AR1 alpha + Enhanced + One-Step,NYSE:LXFR,0.0
2022-05-26,17,AR1 alpha + Enhanced + One-Step,NYSE:LXFR,0.0
2022-05-27,17,AR1 alpha + Enhanced + One-Step,NYSE:LXFR,2.0083382192461394e-07
2022-05-31,17,AR1 alpha + Enhanced + One-Step,NYSE:LXFR,0.0
2022-06-01,17,AR1 alpha + Enhanced + One-Step,NYSE:LXFR,1.170969270079536e-06
2022-06-02,17,AR1 alpha + Enhanced + One-Step,NYSE:LXFR,0.0
2022-06-03,17,AR1 alpha + Enhanced + One-Step,NYSE:LXFR,0.0
2022-06-06,17,AR1 alpha + Enhanced + One-Step,NYSE:LXFR,0.0
2022-06-07,17,AR1 alpha + Enhanced + One-Step,NYSE:LXFR,0.0
2022-06-08,17,AR1 alpha + Enhanced + One-Step,NYSE:LXFR,0.0
2022-06-09,17,AR1 alpha + Enhanced + One-Step,NYSE:LXFR,0.0
2022-06-10,17,AR1 alpha + Enhanced + One-Step,NYSE:LXFR,0.0
2022-06-13,17,AR1 alpha + Enhanced + One-Step,NYSE:LXFR,0.0
2022-06-14,17,AR1 alpha + Enhanced + One-Step,NYSE:LXFR,7.090146091510164e-07
2022-06-15,17,AR1 alpha + Enhanced + One-Step,NYSE:LXFR,1.9951379665088502e-07
2022-06-16,17,AR1 alpha + Enhanced + One-Step,NYSE:LXFR,2.1284825075055254e-07
2022-06-17,17,AR1 alpha + Enhanced + One-Step,NYSE:LXFR,0.0
2022-06-21,17,AR1 alpha + Enhanced + One-Step,NYSE:LXFR,0.0
2022-06-22,17,AR1 alpha + Enhanced + One-Step,NYSE:LXFR,0.0
2022-06-23,17,AR1 alpha + Enhanced + One-Step,NYSE:LXFR,0.0
2022-06-24,17,AR1 alpha + Enhanced + One-Step,NYSE:LXFR,0.0
2022-06-27,17,AR1 alpha + Enhanced + One-Step,NYSE:LXFR,7.786160810572778e-08
2022-06-28,17,AR1 alpha + Enhanced + One-Step,NYSE:LXFR,4.7079385833427475e-08
2022-06-29,17,AR1 alpha + Enhanced + One-Step,NYSE:LXFR,0.0
2022-06-30,17,AR1 alpha + Enhanced + One-Step,NYSE:LXFR,1.0384670119073609e-07
2022-07-01,17,AR1 alpha + Enhanced + One-Step,NYSE:LXFR,0.0
2022-07-05,17,AR1 alpha + Enhanced + One-Step,NYSE:LXFR,0.0
2022-07-06,17,AR1 alpha + Enhanced + One-Step,NYSE:LXFR,0.0
2022-07-07,17,AR1 alpha + Enhanced + One-Step,NYSE:LXFR,0.0
2022-07-08,17,AR1 alpha + Enhanced + One-Step,NYSE:LXFR,0.0
2022-07-11,17,AR1 alpha + Enhanced + One-Step,NYSE:LXFR,0.0
2022-07-12,17,AR1 alpha + Enhanced + One-Step,NYSE:LXFR,0.0
2022-07-13,17,AR1 alpha + Enhanced + One-Step,NYSE:LXFR,0.0
2022-07-14,17,AR1 alpha + Enhanced + One-Step,NYSE:LXFR,1.6745894138218938e-08
2022-07-15,17,AR1 alpha + Enhanced + One-Step,NYSE:LXFR,3.3385442680761564e-08
2022-07-18,17,AR1 alpha + Enhanced + One-Step,NYSE:LXFR,0.0
2022-07-19,17,AR1 alpha + Enhanced + One-Step,NYSE:LXFR,0.0
2022-07-20,17,AR1 alpha + Enhanced + One-Step,NYSE:LXFR,0.0
2022-07-21,17,AR1 alpha + Enhanced + One-Step,NYSE:LXFR,0.0
2022-07-22,17,AR1 alpha + Enhanced + One-Step,NYSE:LXFR,0.0
2022-07-25,17,AR1 alpha + Enhanced + One-Step,NYSE:LXFR,3.200352840840518e-07
2022-07-26,17,AR1 alpha + Enhanced + One-Step,NYSE:LXFR,2.0986060666469451e-10
2022-07-27,17,AR1 alpha + Enhanced + One-Step,NYSE:LXFR,0.0
2022-07-28,17,AR1 alpha + Enhanced + One-Step,NYSE:LXFR,5.4664041713299445e-09
2022-07-29,17,AR1 alpha + Enhanced + One-Step,NYSE:LXFR,0.0
2022-08-01,17,AR1 alpha + Enhanced + One-Step,NYSE:LXFR,0.0
2022-08-02,17,AR1 alpha + Enhanced + One-Step,NYSE:LXFR,0.0
2022-08-03,17,AR1 alpha + Enhanced + One-Step,NYSE:LXFR,0.0
2022-08-04,17,AR1 alpha + Enhanced + One-Step,NYSE:LXFR,7.326093544387389e-08
2022-08-05,17,AR1 alpha + Enhanced + One-Step,NYSE:LXFR,0.0
2022-08-08,17,AR1 alpha + Enhanced + One-Step,NYSE:LXFR,0.0
2022-08-09,17,AR1 alpha + Enhanced + One-Step,NYSE:LXFR,3.7007170439997046e-07
2022-08-10,17,AR1 alpha + Enhanced + One-Step,NYSE:LXFR,0.0
2022-08-11,17,AR1 alpha + Enhanced + One-Step,NYSE:LXFR,0.0
2022-08-12,17,AR1 alpha + Enhanced + One-Step,NYSE:LXFR,0.0
2022-08-15,17,AR1 alpha + Enhanced + One-Step,NYSE:LXFR,0.0
2022-08-16,17,AR1 alpha + Enhanced + One-Step,NYSE:LXFR,3.08289203572817e-08
2022-08-17,17,AR1 alpha + Enhanced + One-Step,NYSE:LXFR,2.9949304675202145e-07
2022-08-18,17,AR1 alpha + Enhanced + One-Step,NYSE:LXFR,0.0
2022-08-19,17,AR1 alpha + Enhanced + One-Step,NYSE:LXFR,0.0
2022-08-22,17,AR1 alpha + Enhanced + One-Step,NYSE:LXFR,0.0
2022-08-23,17,AR1 alpha + Enhanced + One-Step,NYSE:LXFR,0.0
2022-08-24,17,AR1 alpha + Enhanced + One-Step,NYSE:LXFR,0.0
2022-08-25,17,AR1 alpha + Enhanced + One-Step,NYSE:LXFR,0.0
2022-08-26,17,AR1 alpha + Enhanced + One-Step,NYSE:LXFR,0.0
2022-08-29,17,AR1 alpha + Enhanced + One-Step,NYSE:LXFR,7.274571729322829e-08
2022-08-30,17,AR1 alpha + Enhanced + One-Step,NYSE:LXFR,0.0
2022-08-31,17,AR1 alpha + Enhanced + One-Step,NYSE:LXFR,0.0
2022-09-01,17,AR1 alpha + Enhanced + One-Step,NYSE:LXFR,7.824238670167054e-08
2022-09-02,17,AR1 alpha + Enhanced + One-Step,NYSE:LXFR,3.494452949270293e-08
2022-09-06,17,AR1 alpha + Enhanced + One-Step,NYSE:LXFR,2.5063322450875662e-08
2022-09-07,17,AR1 alpha + Enhanced + One-Step,NYSE:LXFR,1.7992921048541426e-08
2022-09-08,17,AR1 alpha + Enhanced + One-Step,NYSE:LXFR,1.0162186787057181e-07
2022-09-09,17,AR1 alpha + Enhanced + One-Step,NYSE:LXFR,0.0
2022-09-12,17,AR1 alpha + Enhanced + One-Step,NYSE:LXFR,0.0
2022-09-13,17,AR1 alpha + Enhanced + One-Step,NYSE:LXFR,9.844534266790876e-09
2022-09-14,17,AR1 alpha + Enhanced + One-Step,NYSE:LXFR,0.0
2022-09-15,17,AR1 alpha + Enhanced + One-Step,NYSE:LXFR,0.0
2022-09-16,17,AR1 alpha + Enhanced + One-Step,NYSE:LXFR,3.954847889635781e-08
2022-09-19,17,AR1 alpha + Enhanced + One-Step,NYSE:LXFR,0.0
2022-09-20,17,AR1 alpha + Enhanced + One-Step,NYSE:LXFR,1.1921393340592248e-07
2022-09-21,17,AR1 alpha + Enhanced + One-Step,NYSE:LXFR,0.0
2022-09-22,17,AR1 alpha + Enhanced + One-Step,NYSE:LXFR,0.0
2022-09-23,17,AR1 alpha + Enhanced + One-Step,NYSE:LXFR,0.0
2022-09-26,17,AR1 alpha + Enhanced + One-Step,NYSE:LXFR,0.0
2022-09-27,17,AR1 alpha + Enhanced + One-Step,NYSE:LXFR,0.0
2022-09-28,17,AR1 alpha + Enhanced + One-Step,NYSE:LXFR,0.0
2022-09-29,17,AR1 alpha + Enhanced + One-Step,NYSE:LXFR,2.9937001839282627e-07
2022-09-30,17,AR1 alpha + Enhanced + One-Step,NYSE:LXFR,1.203824617947626e-07
2022-10-03,17,AR1 alpha + Enhanced + One-Step,NYSE:LXFR,8.754789920919356e-08
2022-10-04,17,AR1 alpha + Enhanced + One-Step,NYSE:LXFR,1.1569365990588841e-07
2022-10-05,17,AR1 alpha + Enhanced + One-Step,NYSE:LXFR,0.0
2022-10-06,17,AR1 alpha + Enhanced + One-Step,NYSE:LXFR,0.0
2022-10-07,17,AR1 alpha + Enhanced + One-Step,NYSE:LXFR,4.500460855069016e-08
2022-10-10,17,AR1 alpha + Enhanced + One-Step,NYSE:LXFR,0.0
2022-10-11,17,AR1 alpha + Enhanced + One-Step,NYSE:LXFR,0.0
2022-10-12,17,AR1 alpha + Enhanced + One-Step,NYSE:LXFR,0.0
2022-10-13,17,AR1 alpha + Enhanced + One-Step,NYSE:LXFR,1.0819795859584876e-06
2022-10-14,17,AR1 alpha + Enhanced + One-Step,NYSE:LXFR,5.428213888880794e-07
2022-10-17,17,AR1 alpha + Enhanced + One-Step,NYSE:LXFR,3.169279041605858e-07
2022-10-18,17,AR1 alpha + Enhanced + One-Step,NYSE:LXFR,2.2740752170677104e-07
2022-10-19,17,AR1 alpha + Enhanced + One-Step,NYSE:LXFR,1.5278179821421138e-07
2022-10-20,17,AR1 alpha + Enhanced + One-Step,NYSE:LXFR,0.0
2022-10-21,17,AR1 alpha + Enhanced + One-Step,NYSE:LXFR,3.485218368315901e-08
2022-10-24,17,AR1 alpha + Enhanced + One-Step,NYSE:LXFR,0.0
2022-10-25,17,AR1 alpha + Enhanced + One-Step,NYSE:LXFR,1.4629363897898857e-08
2022-10-26,17,AR1 alpha + Enhanced + One-Step,NYSE:LXFR,3.9040946035895325e-08
2022-10-27,17,AR1 alpha + Enhanced + One-Step,NYSE:LXFR,0.0
2022-10-28,17,AR1 alpha + Enhanced + One-Step,NYSE:LXFR,0.0
2022-10-31,17,AR1 alpha + Enhanced + One-Step,NYSE:LXFR,0.0
2022-11-01,17,AR1 alpha + Enhanced + One-Step,NYSE:LXFR,0.0
2022-11-02,17,AR1 alpha + Enhanced + One-Step,NYSE:LXFR,3.500578023533003e-08
2022-11-03,17,AR1 alpha + Enhanced + One-Step,NYSE:LXFR,1.5816897323057101e-06
2022-11-04,17,AR1 alpha + Enhanced + One-Step,NYSE:LXFR,7.094276772191184e-07
2022-11-07,17,AR1 alpha + Enhanced + One-Step,NYSE:LXFR,0.0
2022-11-08,17,AR1 alpha + Enhanced + One-Step,NYSE:LXFR,7.417851473429194e-08
2022-11-09,17,AR1 alpha + Enhanced + One-Step,NYSE:LXFR,0.0
2022-11-10,17,AR1 alpha + Enhanced + One-Step,NYSE:LXFR,0.0
2022-11-11,17,AR1 alpha + Enhanced + One-Step,NYSE:LXFR,0.0
2022-11-14,17,AR1 alpha + Enhanced + One-Step,NYSE:LXFR,0.0
2022-11-15,17,AR1 alpha + Enhanced + One-Step,NYSE:LXFR,2.1133467061229475e-08
2022-11-16,17,AR1 alpha + Enhanced + One-Step,NYSE:LXFR,4.603186677776871e-09
2022-11-17,17,AR1 alpha + Enhanced + One-Step,NYSE:LXFR,1.5754750306652378e-08
2022-11-18,17,AR1 alpha + Enhanced + One-Step,NYSE:LXFR,3.9767571410781077e-08
2022-11-21,17,AR1 alpha + Enhanced + One-Step,NYSE:LXFR,0.0
2022-11-22,17,AR1 alpha + Enhanced + One-Step,NYSE:LXFR,0.0
2022-11-23,17,AR1 alpha + Enhanced + One-Step,NYSE:LXFR,3.6220314307969926e-07
2022-11-25,17,AR1 alpha + Enhanced + One-Step,NYSE:LXFR,3.8944778526879563e-07
2022-11-28,17,AR1 alpha + Enhanced + One-Step,NYSE:LXFR,2.503345767402415e-07
2022-11-29,17,AR1 alpha + Enhanced + One-Step,NYSE:LXFR,1.701063034061893e-07
2022-11-30,17,AR1 alpha + Enhanced + One-Step,NYSE:LXFR,1.1680740010504078e-07
2022-12-01,17,AR1 alpha + Enhanced + One-Step,NYSE:LXFR,0.0
2022-12-02,17,AR1 alpha + Enhanced + One-Step,NYSE:LXFR,3.756842545736546e-08
2022-12-05,17,AR1 alpha + Enhanced + One-Step,NYSE:LXFR,0.0
2022-12-06,17,AR1 alpha + Enhanced + One-Step,NYSE:LXFR,0.0
2022-12-07,17,AR1 alpha + Enhanced + One-Step,NYSE:LXFR,0.0
2022-12-08,17,AR1 alpha + Enhanced + One-Step,NYSE:LXFR,0.0
2022-12-09,17,AR1 alpha + Enhanced + One-Step,NYSE:LXFR,0.0
2022-12-12,17,AR1 alpha + Enhanced + One-Step,NYSE:LXFR,0.0
2022-12-13,17,AR1 alpha + Enhanced + One-Step,NYSE:LXFR,0.0
2022-12-14,17,AR1 alpha + Enhanced + One-Step,NYSE:LXFR,0.0
2022-12-15,17,AR1 alpha + Enhanced + One-Step,NYSE:LXFR,0.0
2022-12-16,17,AR1 alpha + Enhanced + One-Step,NYSE:LXFR,0.0
2022-12-19,17,AR1 alpha + Enhanced + One-Step,NYSE:LXFR,0.0
2022-12-20,17,AR1 alpha + Enhanced + One-Step,NYSE:LXFR,0.0
2022-12-21,17,AR1 alpha + Enhanced + One-Step,NYSE:LXFR,6.451763946371932e-09
2022-12-22,17,AR1 alpha + Enhanced + One-Step,NYSE:LXFR,0.0
2022-12-23,17,AR1 alpha + Enhanced + One-Step,NYSE:LXFR,1.5529732265256383e-08
2022-12-27,17,AR1 alpha + Enhanced + One-Step,NYSE:LXFR,1.7189283750143773e-08
2022-12-28,17,AR1 alpha + Enhanced + One-Step,NYSE:LXFR,0.0
2022-12-29,17,AR1 alpha + Enhanced + One-Step,NYSE:LXFR,0.0
2022-12-30,17,AR1 alpha + Enhanced + One-Step,NYSE:LXFR,7.300609829938949e-09
2023-01-03,17,AR1 alpha + Enhanced + One-Step,NYSE:LXFR,1.0671120643513289e-08
2023-01-04,17,AR1 alpha + Enhanced + One-Step,NYSE:LXFR,0.0
2023-01-05,17,AR1 alpha + Enhanced + One-Step,NYSE:LXFR,5.340674352761889e-07
2023-01-06,17,AR1 alpha + Enhanced + One-Step,NYSE:LXFR,3.01306376062489e-07
2023-01-09,17,AR1 alpha + Enhanced + One-Step,NYSE:LXFR,0.0
2023-01-10,17,AR1 alpha + Enhanced + One-Step,NYSE:LXFR,4.053744197127469e-07
2023-01-11,17,AR1 alpha + Enhanced + One-Step,NYSE:LXFR,0.0
2023-01-12,17,AR1 alpha + Enhanced + One-Step,NYSE:LXFR,0.0
2023-01-13,17,AR1 alpha + Enhanced + One-Step,NYSE:LXFR,0.0
2023-01-17,17,AR1 alpha + Enhanced + One-Step,NYSE:LXFR,0.0
2023-01-18,17,AR1 alpha + Enhanced + One-Step,NYSE:LXFR,1.9360569171904331e-07
2023-01-19,17,AR1 alpha + Enhanced + One-Step,NYSE:LXFR,0.0
2023-01-20,17,AR1 alpha + Enhanced + One-Step,NYSE:LXFR,0.0
2023-01-23,17,AR1 alpha + Enhanced + One-Step,NYSE:LXFR,0.0
2023-01-24,17,AR1 alpha + Enhanced + One-Step,NYSE:LXFR,2.444255806392974e-08
2023-01-25,17,AR1 alpha + Enhanced + One-Step,NYSE:LXFR,2.4400650565592078e-08
2023-01-26,17,AR1 alpha + Enhanced + One-Step,NYSE:LXFR,0.0
2023-01-27,17,AR1 alpha + Enhanced + One-Step,NYSE:LXFR,0.0
2023-01-30,17,AR1 alpha + Enhanced + One-Step,NYSE:LXFR,1.3797818886686523e-10
2023-01-31,17,AR1 alpha + Enhanced + One-Step,NYSE:LXFR,0.0
2023-02-01,17,AR1 alpha + Enhanced + One-Step,NYSE:LXFR,0.0
2023-02-02,17,AR1 alpha + Enhanced + One-Step,NYSE:LXFR,9.365045318232599e-07
2023-02-03,17,AR1 alpha + Enhanced + One-Step,NYSE:LXFR,5.968625425394757e-07
2023-02-06,17,AR1 alpha + Enhanced + One-Step,NYSE:LXFR,5.453391649213205e-07
2023-02-07,17,AR1 alpha + Enhanced + One-Step,NYSE:LXFR,2.2050679626399714e-06
2023-02-08,17,AR1 alpha + Enhanced + One-Step,NYSE:LXFR,1.4821947723628567e-06
2023-02-09,17,AR1 alpha + Enhanced + One-Step,NYSE:LXFR,1.0161022382275693e-06
2023-02-10,17,AR1 alpha + Enhanced + One-Step,NYSE:LXFR,0.0
2023-02-13,17,AR1 alpha + Enhanced + One-Step,NYSE:LXFR,0.0
2023-02-14,17,AR1 alpha + Enhanced + One-Step,NYSE:LXFR,1.8282646942994453e-07
2023-02-15,17,AR1 alpha + Enhanced + One-Step,NYSE:LXFR,8.008965111432874e-08
2023-02-16,17,AR1 alpha + Enhanced + One-Step,NYSE:LXFR,0.0
2023-02-17,17,AR1 alpha + Enhanced + One-Step,NYSE:LXFR,0.0
2023-02-21,17,AR1 alpha + Enhanced + One-Step,NYSE:LXFR,0.0
2023-02-22,17,AR1 alpha + Enhanced + One-Step,NYSE:LXFR,3.447615932219273e-08
2023-02-23,17,AR1 alpha + Enhanced + One-Step,NYSE:LXFR,4.162380549648265e-08
2023-02-24,17,AR1 alpha + Enhanced + One-Step,NYSE:LXFR,1.3441927592579049e-06
2023-02-27,17,AR1 alpha + Enhanced + One-Step,NYSE:LXFR,9.635334289063385e-07
2023-02-28,17,AR1 alpha + Enhanced + One-Step,NYSE:LXFR,1.1634479219495883e-06
2023-03-01,17,AR1 alpha + Enhanced + One-Step,NYSE:LXFR,0.007058988300352148
2023-03-02,17,AR1 alpha + Enhanced + One-Step,NYSE:LXFR,0.007058092561189575
2023-03-03,17,AR1 alpha + Enhanced + One-Step,NYSE:LXFR,0.007057297548849251
2023-03-06,17,AR1 alpha + Enhanced + One-Step,NYSE:LXFR,0.0059455481221214876
2023-03-07,17,AR1 alpha + Enhanced + One-Step,NYSE:LXFR,0.0
2023-03-08,17,AR1 alpha + Enhanced + One-Step,NYSE:LXFR,0.0
2023-03-09,17,AR1 alpha + Enhanced + One-Step,NYSE:LXFR,0.0
2023-03-10,17,AR1 alpha + Enhanced + One-Step,NYSE:LXFR,0.0
2023-03-13,17,AR1 alpha + Enhanced + One-Step,NYSE:LXFR,0.0
2023-03-14,17,AR1 alpha + Enhanced + One-Step,NYSE:LXFR,0.0
2023-03-15,17,AR1 alpha + Enhanced + One-Step,NYSE:LXFR,0.0
2023-03-16,17,AR1 alpha + Enhanced + One-Step,NYSE:LXFR,4.9748650229165614e-09
2023-03-17,17,AR1 alpha + Enhanced + One-Step,NYSE:LXFR,0.0
2023-03-20,17,AR1 alpha + Enhanced + One-Step,NYSE:LXFR,0.0
2023-03-21,17,AR1 alpha + Enhanced + One-Step,NYSE:LXFR,0.0
2023-03-22,17,AR1 alpha + Enhanced + One-Step,NYSE:LXFR,0.0
2023-03-23,17,AR1 alpha + Enhanced + One-Step,NYSE:LXFR,0.0
2023-03-24,17,AR1 alpha + Enhanced + One-Step,NYSE:LXFR,1.0605101367570735e-08
2023-03-27,17,AR1 alpha + Enhanced + One-Step,NYSE:LXFR,0.0
2023-03-28,17,AR1 alpha + Enhanced + One-Step,NYSE:LXFR,0.0
2023-03-29,17,AR1 alpha + Enhanced + One-Step,NYSE:LXFR,9.964776564608917e-09
2023-03-30,17,AR1 alpha + Enhanced + One-Step,NYSE:LXFR,2.5719035139568032e-08
2023-03-31,17,AR1 alpha + Enhanced + One-Step,NYSE:LXFR,1.507272494989823e-07
2023-04-03,17,AR1 alpha + Enhanced + One-Step,NYSE:LXFR,1.2886771523566086e-07
2023-04-04,17,AR1 alpha + Enhanced + One-Step,NYSE:LXFR,1.0635169588090712e-07
2023-04-05,17,AR1 alpha + Enhanced + One-Step,NYSE:LXFR,1.6814942074191636e-07
2023-04-06,17,AR1 alpha + Enhanced + One-Step,NYSE:LXFR,1.0594881952155414e-07
2023-04-10,17,AR1 alpha + Enhanced + One-Step,NYSE:LXFR,7.088005636632706e-07
2023-04-11,17,AR1 alpha + Enhanced + One-Step,NYSE:LXFR,6.722258495089024e-07
2023-04-12,17,AR1 alpha + Enhanced + One-Step,NYSE:LXFR,1.4944152473922442e-06
2023-04-13,17,AR1 alpha + Enhanced + One-Step,NYSE:LXFR,8.165481679880756e-07
2023-04-14,17,AR1 alpha + Enhanced + One-Step,NYSE:LXFR,6.745993623091149e-07
2023-04-17,17,AR1 alpha + Enhanced + One-Step,NYSE:LXFR,8.786839416403961e-07
2023-04-18,17,AR1 alpha + Enhanced + One-Step,NYSE:LXFR,4.433068202309577e-07
2023-04-19,17,AR1 alpha + Enhanced + One-Step,NYSE:LXFR,1.880044339854006e-07
2023-04-20,17,AR1 alpha + Enhanced + One-Step,NYSE:LXFR,1.9006994735132404e-07
2023-04-21,17,AR1 alpha + Enhanced + One-Step,NYSE:LXFR,0.0
2023-04-24,17,AR1 alpha + Enhanced + One-Step,NYSE:LXFR,0.0
2023-04-25,17,AR1 alpha + Enhanced + One-Step,NYSE:LXFR,0.0
2023-04-26,17,AR1 alpha + Enhanced + One-Step,NYSE:LXFR,0.0
2023-04-27,17,AR1 alpha + Enhanced + One-Step,NYSE:LXFR,0.0
2023-04-28,17,AR1 alpha + Enhanced + One-Step,NYSE:LXFR,0.0
2023-05-01,17,AR1 alpha + Enhanced + One-Step,NYSE:LXFR,0.0
2023-05-02,17,AR1 alpha + Enhanced + One-Step,NYSE:LXFR,1.0041584546397851e-07
2023-05-03,17,AR1 alpha + Enhanced + One-Step,NYSE:LXFR,3.211507481688227e-07
2023-05-04,17,AR1 alpha + Enhanced + One-Step,NYSE:LXFR,2.1749833475920995e-07
2023-05-05,17,AR1 alpha + Enhanced + One-Step,NYSE:LXFR,1.1699491484692111e-07
2023-05-08,17,AR1 alpha + Enhanced + One-Step,NYSE:LXFR,0.0
2023-05-09,17,AR1 alpha + Enhanced + One-Step,NYSE:LXFR,0.0
2023-05-10,17,AR1 alpha + Enhanced + One-Step,NYSE:LXFR,1.5119881319228846e-07
2023-05-11,17,AR1 alpha + Enhanced + One-Step,NYSE:LXFR,8.145664757661656e-08
2023-05-12,17,AR1 alpha + Enhanced + One-Step,NYSE:LXFR,1.6134737436241475e-07
2023-05-15,17,AR1 alpha + Enhanced + One-Step,NYSE:LXFR,0.0
2023-05-16,17,AR1 alpha + Enhanced + One-Step,NYSE:LXFR,2.8830242885390045e-08
2023-05-17,17,AR1 alpha + Enhanced + One-Step,NYSE:LXFR,0.0
2023-05-18,17,AR1 alpha + Enhanced + One-Step,NYSE:LXFR,1.5818711893518541e-06
2023-05-19,17,AR1 alpha + Enhanced + One-Step,NYSE:LXFR,8.607776031451963e-07
2023-05-22,17,AR1 alpha + Enhanced + One-Step,NYSE:LXFR,5.772132119313442e-07
2023-05-23,17,AR1 alpha + Enhanced + One-Step,NYSE:LXFR,9.899109504931746e-08
2023-05-24,17,AR1 alpha + Enhanced + One-Step,NYSE:LXFR,3.72729403126209e-08
2023-05-25,17,AR1 alpha + Enhanced + One-Step,NYSE:LXFR,0.0
2023-05-26,17,AR1 alpha + Enhanced + One-Step,NYSE:LXFR,0.0
2023-05-30,17,AR1 alpha + Enhanced + One-Step,NYSE:LXFR,0.0
2023-05-31,17,AR1 alpha + Enhanced + One-Step,NYSE:LXFR,0.0
2023-06-01,17,AR1 alpha + Enhanced + One-Step,NYSE:LXFR,0.0
2023-06-02,17,AR1 alpha + Enhanced + One-Step,NYSE:LXFR,0.0
2023-06-05,17,AR1 alpha + Enhanced + One-Step,NYSE:LXFR,0.0
2023-06-06,17,AR1 alpha + Enhanced + One-Step,NYSE:LXFR,2.3428510061079437e-06
2023-06-07,17,AR1 alpha + Enhanced + One-Step,NYSE:LXFR,2.127042057783741e-06
2023-06-08,17,AR1 alpha + Enhanced + One-Step,NYSE:LXFR,1.312151519147745e-06
2023-06-09,17,AR1 alpha + Enhanced + One-Step,NYSE:LXFR,4.720238217327653e-07
2023-06-12,17,AR1 alpha + Enhanced + One-Step,NYSE:LXFR,1.7340286016472602e-07
2023-06-13,17,AR1 alpha + Enhanced + One-Step,NYSE:LXFR,1.0251505471620945e-07
2023-06-14,17,AR1 alpha + Enhanced + One-Step,NYSE:LXFR,0.0
2023-06-15,17,AR1 alpha + Enhanced + One-Step,NYSE:LXFR,0.0
2023-06-16,17,AR1 alpha + Enhanced + One-Step,NYSE:LXFR,0.0
2023-06-20,17,AR1 alpha + Enhanced + One-Step,NYSE:LXFR,0.0
2023-06-21,17,AR1 alpha + Enhanced + One-Step,NYSE:LXFR,0.0
2023-06-22,17,AR1 alpha + Enhanced + One-Step,NYSE:LXFR,0.0
2023-06-23,17,AR1 alpha + Enhanced + One-Step,NYSE:LXFR,0.0
2023-06-26,17,AR1 alpha + Enhanced + One-Step,NYSE:LXFR,0.0
2023-06-27,17,AR1 alpha + Enhanced + One-Step,NYSE:LXFR,0.0
2023-06-28,17,AR1 alpha + Enhanced + One-Step,NYSE:LXFR,0.0
2023-06-29,17,AR1 alpha + Enhanced + One-Step,NYSE:LXFR,0.0
2023-06-30,17,AR1 alpha + Enhanced + One-Step,NYSE:LXFR,0.0
2023-07-03,17,AR1 alpha + Enhanced + One-Step,NYSE:LXFR,0.0
2023-07-05,17,AR1 alpha + Enhanced + One-Step,NYSE:LXFR,0.0
2023-07-06,17,AR1 alpha + Enhanced + One-Step,NYSE:LXFR,0.0
2023-07-07,17,AR1 alpha + Enhanced + One-Step,NYSE:LXFR,0.0
2023-07-10,17,AR1 alpha + Enhanced + One-Step,NYSE:LXFR,2.894296405525832e-08
2023-07-11,17,AR1 alpha + Enhanced + One-Step,NYSE:LXFR,0.0
2023-07-12,17,AR1 alpha + Enhanced + One-Step,NYSE:LXFR,9.899009389496789e-08
2023-07-13,17,AR1 alpha + Enhanced + One-Step,NYSE:LXFR,0.0
2023-07-14,17,AR1 alpha + Enhanced + One-Step,NYSE:LXFR,0.0
2023-07-17,17,AR1 alpha + Enhanced + One-Step,NYSE:LXFR,0.0
2023-07-18,17,AR1 alpha + Enhanced + One-Step,NYSE:LXFR,3.7756946111093423e-07
2023-07-19,17,AR1 alpha + Enhanced + One-Step,NYSE:LXFR,0.0
2023-07-20,17,AR1 alpha + Enhanced + One-Step,NYSE:LXFR,0.0
2023-07-21,17,AR1 alpha + Enhanced + One-Step,NYSE:LXFR,0.0
2023-07-24,17,AR1 alpha + Enhanced + One-Step,NYSE:LXFR,0.0
2023-07-25,17,AR1 alpha + Enhanced + One-Step,NYSE:LXFR,0.0
2023-07-26,17,AR1 alpha + Enhanced + One-Step,NYSE:LXFR,0.0
2023-07-27,17,AR1 alpha + Enhanced + One-Step,NYSE:LXFR,0.0
2023-08-01,17,AR1 alpha + Enhanced + One-Step,NYSE:LXFR,2.462462387464964e-07
2023-08-02,17,AR1 alpha + Enhanced + One-Step,NYSE:LXFR,0.0
2023-08-03,17,AR1 alpha + Enhanced + One-Step,NYSE:LXFR,1.0629568840206038e-07
2023-08-04,17,AR1 alpha + Enhanced + One-Step,NYSE:LXFR,2.566848568598243e-06
2023-08-07,17,AR1 alpha + Enhanced + One-Step,NYSE:LXFR,1.3754877336695792e-06
2023-08-08,17,AR1 alpha + Enhanced + One-Step,NYSE:LXFR,7.627776227866527e-07
2023-08-09,17,AR1 alpha + Enhanced + One-Step,NYSE:LXFR,0.0
2023-08-10,17,AR1 alpha + Enhanced + One-Step,NYSE:LXFR,0.0
2023-08-11,17,AR1 alpha + Enhanced + One-Step,NYSE:LXFR,0.0
2023-08-14,17,AR1 alpha + Enhanced + One-Step,NYSE:LXFR,0.0
2023-08-15,17,AR1 alpha + Enhanced + One-Step,NYSE:LXFR,0.0
2023-08-16,17,AR1 alpha + Enhanced + One-Step,NYSE:LXFR,0.0
2023-08-17,17,AR1 alpha + Enhanced + One-Step,NYSE:LXFR,0.0
2023-08-18,17,AR1 alpha + Enhanced + One-Step,NYSE:LXFR,0.0
2023-08-21,17,AR1 alpha + Enhanced + One-Step,NYSE:LXFR,0.0
2023-08-22,17,AR1 alpha + Enhanced + One-Step,NYSE:LXFR,0.0
2023-08-23,17,AR1 alpha + Enhanced + One-Step,NYSE:LXFR,0.0
2023-08-24,17,AR1 alpha + Enhanced + One-Step,NYSE:LXFR,0.0
2023-08-25,17,AR1 alpha + Enhanced + One-Step,NYSE:LXFR,0.0
2023-08-28,17,AR1 alpha + Enhanced + One-Step,NYSE:LXFR,0.0
2023-08-29,17,AR1 alpha + Enhanced + One-Step,NYSE:LXFR,0.0
2023-08-30,17,AR1 alpha + Enhanced + One-Step,NYSE:LXFR,0.0
2023-08-31,17,AR1 alpha + Enhanced + One-Step,NYSE:LXFR,0.0
2023-09-01,17,AR1 alpha + Enhanced + One-Step,NYSE:LXFR,0.0
2023-09-05,17,AR1 alpha + Enhanced + One-Step,NYSE:LXFR,0.0
2023-09-06,17,AR1 alpha + Enhanced + One-Step,NYSE:LXFR,0.0
2023-09-07,17,AR1 alpha + Enhanced + One-Step,NYSE:LXFR,0.0
2023-09-08,17,AR1 alpha + Enhanced + One-Step,NYSE:LXFR,0.0
2023-09-11,17,AR1 alpha + Enhanced + One-Step,NYSE:LXFR,4.9431193980310186e-08
2023-09-12,17,AR1 alpha + Enhanced + One-Step,NYSE:LXFR,1.509834936940957e-07
2023-09-13,17,AR1 alpha + Enhanced + One-Step,NYSE:LXFR,0.0
2023-09-14,17,AR1 alpha + Enhanced + One-Step,NYSE:LXFR,3.6017455774477654e-08
2023-09-15,17,AR1 alpha + Enhanced + One-Step,NYSE:LXFR,3.7851062640038036e-07
2023-09-18,17,AR1 alpha + Enhanced + One-Step,NYSE:LXFR,6.27794097742569e-08
2023-09-19,17,AR1 alpha + Enhanced + One-Step,NYSE:LXFR,5.785569615407626e-08
2023-09-20,17,AR1 alpha + Enhanced + One-Step,NYSE:LXFR,5.025163989407791e-08
2023-09-21,17,AR1 alpha + Enhanced + One-Step,NYSE:LXFR,1.1272102421248654e-07
2023-09-22,17,AR1 alpha + Enhanced + One-Step,NYSE:LXFR,9.731554132557829e-08
2023-09-25,17,AR1 alpha + Enhanced + One-Step,NYSE:LXFR,0.0
2023-09-26,17,AR1 alpha + Enhanced + One-Step,NYSE:LXFR,0.0
2023-09-27,17,AR1 alpha + Enhanced + One-Step,NYSE:LXFR,0.0
2023-09-28,17,AR1 alpha + Enhanced + One-Step,NYSE:LXFR,0.0
2023-09-29,17,AR1 alpha + Enhanced + One-Step,NYSE:LXFR,0.0
2023-10-02,17,AR1 alpha + Enhanced + One-Step,NYSE:LXFR,0.0
2023-10-03,17,AR1 alpha + Enhanced + One-Step,NYSE:LXFR,0.0
2023-10-04,17,AR1 alpha + Enhanced + One-Step,NYSE:LXFR,0.0
2023-10-05,17,AR1 alpha + Enhanced + One-Step,NYSE:LXFR,0.0
2023-10-06,17,AR1 alpha + Enhanced + One-Step,NYSE:LXFR,0.0
2023-10-09,17,AR1 alpha + Enhanced + One-Step,NYSE:LXFR,0.0
2023-10-10,17,AR1 alpha + Enhanced + One-Step,NYSE:LXFR,0.0
2023-10-11,17,AR1 alpha + Enhanced + One-Step,NYSE:LXFR,0.0
2023-10-12,17,AR1 alpha + Enhanced + One-Step,NYSE:LXFR,0.0
2023-10-13,17,AR1 alpha + Enhanced + One-Step,NYSE:LXFR,0.0
2023-10-16,17,AR1 alpha + Enhanced + One-Step,NYSE:LXFR,1.23201920025977e-08
2023-10-17,17,AR1 alpha + Enhanced + One-Step,NYSE:LXFR,0.0
2023-10-18,17,AR1 alpha + Enhanced + One-Step,NYSE:LXFR,6.499077765677198e-08
2023-10-19,17,AR1 alpha + Enhanced + One-Step,NYSE:LXFR,8.569916990254128e-10
2023-10-20,17,AR1 alpha + Enhanced + One-Step,NYSE:LXFR,2.0329866161839377e-08
2023-10-23,17,AR1 alpha + Enhanced + One-Step,NYSE:LXFR,0.0
2023-10-24,17,AR1 alpha + Enhanced + One-Step,NYSE:LXFR,1.7201817911989917e-09
2023-10-25,17,AR1 alpha + Enhanced + One-Step,NYSE:LXFR,0.0
2023-10-26,17,AR1 alpha + Enhanced + One-Step,NYSE:LXFR,0.0
2023-10-27,17,AR1 alpha + Enhanced + One-Step,NYSE:LXFR,0.0
2023-10-30,17,AR1 alpha + Enhanced + One-Step,NYSE:LXFR,0.0
2023-10-31,17,AR1 alpha + Enhanced + One-Step,NYSE:LXFR,9.779817671279616e-08
2023-11-01,17,AR1 alpha + Enhanced + One-Step,NYSE:LXFR,0.0
2023-11-02,17,AR1 alpha + Enhanced + One-Step,NYSE:LXFR,1.511309513157843e-06
2023-11-03,17,AR1 alpha + Enhanced + One-Step,NYSE:LXFR,1.0193548731173315e-06
2023-11-06,17,AR1 alpha + Enhanced + One-Step,NYSE:LXFR,7.441234146438295e-07
2023-11-07,17,AR1 alpha + Enhanced + One-Step,NYSE:LXFR,0.0
2023-11-08,17,AR1 alpha + Enhanced + One-Step,NYSE:LXFR,0.0
2023-11-09,17,AR1 alpha + Enhanced + One-Step,NYSE:LXFR,0.0
2023-11-10,17,AR1 alpha + Enhanced + One-Step,NYSE:LXFR,0.0
2023-11-13,17,AR1 alpha + Enhanced + One-Step,NYSE:LXFR,0.0
2023-11-14,17,AR1 alpha + Enhanced + One-Step,NYSE:LXFR,3.1414220166812184e-08
2023-11-15,17,AR1 alpha + Enhanced + One-Step,NYSE:LXFR,0.0
2023-11-16,17,AR1 alpha + Enhanced + One-Step,NYSE:LXFR,0.0
2023-11-17,17,AR1 alpha + Enhanced + One-Step,NYSE:LXFR,0.0
2023-11-20,17,AR1 alpha + Enhanced + One-Step,NYSE:LXFR,6.605721760188159e-08
2023-11-21,17,AR1 alpha + Enhanced + One-Step,NYSE:LXFR,4.3318571639084696e-08
2023-11-22,17,AR1 alpha + Enhanced + One-Step,NYSE:LXFR,1.7951353300785316e-09
2023-11-24,17,AR1 alpha + Enhanced + One-Step,NYSE:LXFR,1.5352682277508783e-09
2023-11-27,17,AR1 alpha + Enhanced + One-Step,NYSE:LXFR,1.4891838432211111e-08
2023-11-28,17,AR1 alpha + Enhanced + One-Step,NYSE:LXFR,6.782963890225606e-08
2023-11-29,17,AR1 alpha + Enhanced + One-Step,NYSE:LXFR,0.0
2023-11-30,17,AR1 alpha + Enhanced + One-Step,NYSE:LXFR,0.0
2023-12-01,17,AR1 alpha + Enhanced + One-Step,NYSE:LXFR,0.0
2023-12-04,17,AR1 alpha + Enhanced + One-Step,NYSE:LXFR,0.0
2023-12-05,17,AR1 alpha + Enhanced + One-Step,NYSE:LXFR,0.0
2023-12-06,17,AR1 alpha + Enhanced + One-Step,NYSE:LXFR,0.0
2023-12-07,17,AR1 alpha + Enhanced + One-Step,NYSE:LXFR,0.0
2023-12-08,17,AR1 alpha + Enhanced + One-Step,NYSE:LXFR,1.707409615414552e-08
2023-12-11,17,AR1 alpha + Enhanced + One-Step,NYSE:LXFR,3.316020881983976e-07
2023-12-12,17,AR1 alpha + Enhanced + One-Step,NYSE:LXFR,0.0
2023-12-13,17,AR1 alpha + Enhanced + One-Step,NYSE:LXFR,2.8520515333391975e-07
2023-12-14,17,AR1 alpha + Enhanced + One-Step,NYSE:LXFR,1.402362967914767e-07
2023-12-15,17,AR1 alpha + Enhanced + One-Step,NYSE:LXFR,0.0
2023-12-18,17,AR1 alpha + Enhanced + One-Step,NYSE:LXFR,0.0
2023-12-19,17,AR1 alpha + Enhanced + One-Step,NYSE:LXFR,0.0
2023-12-20,17,AR1 alpha + Enhanced + One-Step,NYSE:LXFR,5.27304929995836e-07
2023-12-21,17,AR1 alpha + Enhanced + One-Step,NYSE:LXFR,3.514313889099662e-07
2023-12-22,17,AR1 alpha + Enhanced + One-Step,NYSE:LXFR,2.5414228449729246e-07
2023-12-26,17,AR1 alpha + Enhanced + One-Step,NYSE:LXFR,0.0
2023-12-27,17,AR1 alpha + Enhanced + One-Step,NYSE:LXFR,0.0
2023-12-28,17,AR1 alpha + Enhanced + One-Step,NYSE:LXFR,1.4732718014812957e-08
2023-12-29,17,AR1 alpha + Enhanced + One-Step,NYSE:LXFR,2.3181119247539332e-07
2024-01-02,17,AR1 alpha + Enhanced + One-Step,NYSE:LXFR,0.0
2024-01-03,17,AR1 alpha + Enhanced + One-Step,NYSE:LXFR,0.0
2024-01-04,17,AR1 alpha + Enhanced + One-Step,NYSE:LXFR,0.0
2024-01-05,17,AR1 alpha + Enhanced + One-Step,NYSE:LXFR,4.4119499610814023e-07
2024-01-08,17,AR1 alpha + Enhanced + One-Step,NYSE:LXFR,5.40578946602794e-07
2024-01-09,17,AR1 alpha + Enhanced + One-Step,NYSE:LXFR,1.533301769495203e-07
2024-01-10,17,AR1 alpha + Enhanced + One-Step,NYSE:LXFR,0.0
2024-01-11,17,AR1 alpha + Enhanced + One-Step,NYSE:LXFR,0.0
2024-01-12,17,AR1 alpha + Enhanced + One-Step,NYSE:LXFR,0.0
2024-01-16,17,AR1 alpha + Enhanced + One-Step,NYSE:LXFR,0.0
2024-01-17,17,AR1 alpha + Enhanced + One-Step,NYSE:LXFR,0.0
2024-01-18,17,AR1 alpha + Enhanced + One-Step,NYSE:LXFR,0.0
2024-01-19,17,AR1 alpha + Enhanced + One-Step,NYSE:LXFR,0.0
2024-01-22,17,AR1 alpha + Enhanced + One-Step,NYSE:LXFR,0.0
2024-01-23,17,AR1 alpha + Enhanced + One-Step,NYSE:LXFR,0.0
2024-01-24,17,AR1 alpha + Enhanced + One-Step,NYSE:LXFR,0.0
2024-01-25,17,AR1 alpha + Enhanced + One-Step,NYSE:LXFR,0.0
2024-01-26,17,AR1 alpha + Enhanced + One-Step,NYSE:LXFR,0.0
2024-01-29,17,AR1 alpha + Enhanced + One-Step,NYSE:LXFR,0.0
2024-01-30,17,AR1 alpha + Enhanced + One-Step,NYSE:LXFR,0.0
2024-01-31,17,AR1 alpha + Enhanced + One-Step,NYSE:LXFR,0.0
2024-02-01,17,AR1 alpha + Enhanced + One-Step,NYSE:LXFR,0.0
2024-02-02,17,AR1 alpha + Enhanced + One-Step,NYSE:LXFR,0.0
2024-02-05,17,AR1 alpha + Enhanced + One-Step,NYSE:LXFR,0.0
2024-02-06,17,AR1 alpha + Enhanced + One-Step,NYSE:LXFR,0.0
2024-02-07,17,AR1 alpha + Enhanced + One-Step,NYSE:LXFR,0.0
2024-02-08,17,AR1 alpha + Enhanced + One-Step,NYSE:LXFR,0.0
2024-02-09,17,AR1 alpha + Enhanced + One-Step,NYSE:LXFR,0.0
2024-02-12,17,AR1 alpha + Enhanced + One-Step,NYSE:LXFR,0.0
2024-02-13,17,AR1 alpha + Enhanced + One-Step,NYSE:LXFR,9.54740623644242e-07
2024-02-14,17,AR1 alpha + Enhanced + One-Step,NYSE:LXFR,8.735691867291856e-07
2024-02-15,17,AR1 alpha + Enhanced + One-Step,NYSE:LXFR,0.0
2024-02-16,17,AR1 alpha + Enhanced + One-Step,NYSE:LXFR,5.023045458267694e-07
2024-02-20,17,AR1 alpha + Enhanced + One-Step,NYSE:LXFR,5.635076881891578e-07
2024-02-21,17,AR1 alpha + Enhanced + One-Step,NYSE:LXFR,0.0
2024-02-22,17,AR1 alpha + Enhanced + One-Step,NYSE:LXFR,0.0
2024-02-23,17,AR1 alpha + Enhanced + One-Step,NYSE:LXFR,0.0
2024-02-26,17,AR1 alpha + Enhanced + One-Step,NYSE:LXFR,0.0
2024-02-27,17,AR1 alpha + Enhanced + One-Step,NYSE:LXFR,0.0
2024-02-28,17,AR1 alpha + Enhanced + One-Step,NYSE:LXFR,0.024954989550957592
2024-02-29,17,AR1 alpha + Enhanced + One-Step,NYSE:LXFR,0.04988662578300933
2024-03-01,17,AR1 alpha + Enhanced + One-Step,NYSE:LXFR,0.04988447042703771
2024-03-04,17,AR1 alpha + Enhanced + One-Step,NYSE:LXFR,0.05371155101248039
2024-03-05,17,AR1 alpha + Enhanced + One-Step,NYSE:LXFR,0.053711203519627645
2024-03-06,17,AR1 alpha + Enhanced + One-Step,NYSE:LXFR,0.04963489312306176
2024-03-07,17,AR1 alpha + Enhanced + One-Step,NYSE:LXFR,0.049630519439954605
2024-03-08,17,AR1 alpha + Enhanced + One-Step,NYSE:LXFR,0.02474343912657418
2024-03-11,17,AR1 alpha + Enhanced + One-Step,NYSE:LXFR,0.0
2024-03-12,17,AR1 alpha + Enhanced + One-Step,NYSE:LXFR,0.0
2024-03-13,17,AR1 alpha + Enhanced + One-Step,NYSE:LXFR,0.0
2024-03-14,17,AR1 alpha + Enhanced + One-Step,NYSE:LXFR,0.0
2024-03-15,17,AR1 alpha + Enhanced + One-Step,NYSE:LXFR,7.286717024601239e-08
2024-03-18,17,AR1 alpha + Enhanced + One-Step,NYSE:LXFR,0.0
2024-03-19,17,AR1 alpha + Enhanced + One-Step,NYSE:LXFR,0.0
2024-03-20,17,AR1 alpha + Enhanced + One-Step,NYSE:LXFR,0.0
2024-03-21,17,AR1 alpha + Enhanced + One-Step,NYSE:LXFR,0.0
2024-03-22,17,AR1 alpha + Enhanced + One-Step,NYSE:LXFR,0.0
2024-03-25,17,AR1 alpha + Enhanced + One-Step,NYSE:LXFR,0.0
2024-03-26,17,AR1 alpha + Enhanced + One-Step,NYSE:LXFR,0.0
2024-03-27,17,AR1 alpha + Enhanced + One-Step,NYSE:LXFR,0.0
2024-03-28,17,AR1 alpha + Enhanced + One-Step,NYSE:LXFR,1.1286552006707964e-07
2024-04-01,17,AR1 alpha + Enhanced + One-Step,NYSE:LXFR,1.3507296728541304e-07
2024-04-02,17,AR1 alpha + Enhanced + One-Step,NYSE:LXFR,0.0
2024-04-03,17,AR1 alpha + Enhanced + One-Step,NYSE:LXFR,0.0
2024-04-04,17,AR1 alpha + Enhanced + One-Step,NYSE:LXFR,0.0
2024-04-05,17,AR1 alpha + Enhanced + One-Step,NYSE:LXFR,0.0
2024-04-08,17,AR1 alpha + Enhanced + One-Step,NYSE:LXFR,8.516138820753426e-08
2024-04-09,17,AR1 alpha + Enhanced + One-Step,NYSE:LXFR,0.0
2024-04-10,17,AR1 alpha + Enhanced + One-Step,NYSE:LXFR,0.0
2024-04-11,17,AR1 alpha + Enhanced + One-Step,NYSE:LXFR,0.0
2024-04-12,17,AR1 alpha + Enhanced + One-Step,NYSE:LXFR,0.0
2024-04-15,17,AR1 alpha + Enhanced + One-Step,NYSE:LXFR,0.0
2024-04-16,17,AR1 alpha + Enhanced + One-Step,NYSE:LXFR,0.0
2024-04-17,17,AR1 alpha + Enhanced + One-Step,NYSE:LXFR,4.1243452121029804e-08
2024-04-18,17,AR1 alpha + Enhanced + One-Step,NYSE:LXFR,0.0
2024-04-19,17,AR1 alpha + Enhanced + One-Step,NYSE:LXFR,0.0
2020-03-25,17,AR1 alpha + Enhanced + One-Step,NASDAQ:UFCS,0.020000000000007227
2020-03-26,17,AR1 alpha + Enhanced + One-Step,NASDAQ:UFCS,0.02000000000001305
2020-03-27,17,AR1 alpha + Enhanced + One-Step,NASDAQ:UFCS,0.020000084291806417
2020-03-30,17,AR1 alpha + Enhanced + One-Step,NASDAQ:UFCS,0.020000838505518873
2020-03-31,17,AR1 alpha + Enhanced + One-Step,NASDAQ:UFCS,0.020003153162788785
2020-04-01,17,AR1 alpha + Enhanced + One-Step,NASDAQ:UFCS,0.02000331689780127
2020-04-02,17,AR1 alpha + Enhanced + One-Step,NASDAQ:UFCS,0.020000709676560202
2020-04-03,17,AR1 alpha + Enhanced + One-Step,NASDAQ:UFCS,0.02000260205568384
2020-04-06,17,AR1 alpha + Enhanced + One-Step,NASDAQ:UFCS,0.02000322715635395
2020-04-07,17,AR1 alpha + Enhanced + One-Step,NASDAQ:UFCS,0.020007493437747444
2020-04-08,17,AR1 alpha + Enhanced + One-Step,NASDAQ:UFCS,0.020007645243282926
2020-04-09,17,AR1 alpha + Enhanced + One-Step,NASDAQ:UFCS,0.020007565662369168
2020-04-13,17,AR1 alpha + Enhanced + One-Step,NASDAQ:UFCS,0.02000713059749517
2020-04-14,17,AR1 alpha + Enhanced + One-Step,NASDAQ:UFCS,0.02000868604126457
2020-04-15,17,AR1 alpha + Enhanced + One-Step,NASDAQ:UFCS,0.020009468316974404
2020-04-16,17,AR1 alpha + Enhanced + One-Step,NASDAQ:UFCS,0.020009961076537065
2020-04-17,17,AR1 alpha + Enhanced + One-Step,NASDAQ:UFCS,0.02000997252040705
2020-04-20,17,AR1 alpha + Enhanced + One-Step,NASDAQ:UFCS,0.020009828410024647
2020-04-21,17,AR1 alpha + Enhanced + One-Step,NASDAQ:UFCS,0.020010100846047197
2020-04-22,17,AR1 alpha + Enhanced + One-Step,NASDAQ:UFCS,0.013946833786027965
2020-04-23,17,AR1 alpha + Enhanced + One-Step,NASDAQ:UFCS,1.2454369076244975e-08
2020-04-24,17,AR1 alpha + Enhanced + One-Step,NASDAQ:UFCS,3.1361642786082784e-08
2020-04-27,17,AR1 alpha + Enhanced + One-Step,NASDAQ:UFCS,1.2300978386074201e-08
2020-04-28,17,AR1 alpha + Enhanced + One-Step,NASDAQ:UFCS,4.455293367502332e-09
2020-04-29,17,AR1 alpha + Enhanced + One-Step,NASDAQ:UFCS,1.5014158284974874e-09
2020-04-30,17,AR1 alpha + Enhanced + One-Step,NASDAQ:UFCS,0.0
2020-05-01,17,AR1 alpha + Enhanced + One-Step,NASDAQ:UFCS,0.0
2020-05-04,17,AR1 alpha + Enhanced + One-Step,NASDAQ:UFCS,1.2561362087028422e-08
2020-05-05,17,AR1 alpha + Enhanced + One-Step,NASDAQ:UFCS,0.0
2020-05-06,17,AR1 alpha + Enhanced + One-Step,NASDAQ:UFCS,0.0
2020-05-07,17,AR1 alpha + Enhanced + One-Step,NASDAQ:UFCS,5.9546784896314166e-08
2020-05-08,17,AR1 alpha + Enhanced + One-Step,NASDAQ:UFCS,0.0
2020-05-11,17,AR1 alpha + Enhanced + One-Step,NASDAQ:UFCS,0.0
2020-05-12,17,AR1 alpha + Enhanced + One-Step,NASDAQ:UFCS,0.0
2020-05-13,17,AR1 alpha + Enhanced + One-Step,NASDAQ:UFCS,4.4012190162693766e-08
2020-05-14,17,AR1 alpha + Enhanced + One-Step,NASDAQ:UFCS,0.0
2020-05-15,17,AR1 alpha + Enhanced + One-Step,NASDAQ:UFCS,3.206257381179361e-08
2020-05-18,17,AR1 alpha + Enhanced + One-Step,NASDAQ:UFCS,2.523797333097131e-08
2020-05-19,17,AR1 alpha + Enhanced + One-Step,NASDAQ:UFCS,0.0
2020-05-20,17,AR1 alpha + Enhanced + One-Step,NASDAQ:UFCS,0.0
2020-05-21,17,AR1 alpha + Enhanced + One-Step,NASDAQ:UFCS,0.0
2020-05-22,17,AR1 alpha + Enhanced + One-Step,NASDAQ:UFCS,1.0300057995604595e-08
2020-05-26,17,AR1 alpha + Enhanced + One-Step,NASDAQ:UFCS,0.0
2020-05-27,17,AR1 alpha + Enhanced + One-Step,NASDAQ:UFCS,4.234796857526483e-08
2020-05-28,17,AR1 alpha + Enhanced + One-Step,NASDAQ:UFCS,2.013216784538359e-08
2020-05-29,17,AR1 alpha + Enhanced + One-Step,NASDAQ:UFCS,8.633215075628008e-09
2020-06-01,17,AR1 alpha + Enhanced + One-Step,NASDAQ:UFCS,3.998357796713367e-08
2020-06-02,17,AR1 alpha + Enhanced + One-Step,NASDAQ:UFCS,4.606668379037543e-09
2020-06-03,17,AR1 alpha + Enhanced + One-Step,NASDAQ:UFCS,5.120608986498646e-07
2020-06-04,17,AR1 alpha + Enhanced + One-Step,NASDAQ:UFCS,3.8515295221863947e-07
2020-06-05,17,AR1 alpha + Enhanced + One-Step,NASDAQ:UFCS,1.750930765433157e-07
2020-06-08,17,AR1 alpha + Enhanced + One-Step,NASDAQ:UFCS,6.55280311000208e-08
2020-06-09,17,AR1 alpha + Enhanced + One-Step,NASDAQ:UFCS,2.8620772037868972e-08
2020-06-10,17,AR1 alpha + Enhanced + One-Step,NASDAQ:UFCS,1.0112215993816637e-08
2020-06-11,17,AR1 alpha + Enhanced + One-Step,NASDAQ:UFCS,2.7217738590768536e-07
2020-06-12,17,AR1 alpha + Enhanced + One-Step,NASDAQ:UFCS,1.226923293404963e-07
2020-06-15,17,AR1 alpha + Enhanced + One-Step,NASDAQ:UFCS,0.0
2020-06-16,17,AR1 alpha + Enhanced + One-Step,NASDAQ:UFCS,8.260240145208378e-09
2020-06-17,17,AR1 alpha + Enhanced + One-Step,NASDAQ:UFCS,3.8582446133067437e-10
2020-06-18,17,AR1 alpha + Enhanced + One-Step,NASDAQ:UFCS,0.0
2020-06-19,17,AR1 alpha + Enhanced + One-Step,NASDAQ:UFCS,5.097830591701558e-08
2020-06-22,17,AR1 alpha + Enhanced + One-Step,NASDAQ:UFCS,6.926353833942447e-08
2020-06-23,17,AR1 alpha + Enhanced + One-Step,NASDAQ:UFCS,1.884187768942047e-09
2020-06-24,17,AR1 alpha + Enhanced + One-Step,NASDAQ:UFCS,0.0
2020-06-25,17,AR1 alpha + Enhanced + One-Step,NASDAQ:UFCS,1.3113171454481888e-08
2020-06-26,17,AR1 alpha + Enhanced + One-Step,NASDAQ:UFCS,0.0
2020-06-29,17,AR1 alpha + Enhanced + One-Step,NASDAQ:UFCS,0.0
2020-06-30,17,AR1 alpha + Enhanced + One-Step,NASDAQ:UFCS,0.0
2020-07-01,17,AR1 alpha + Enhanced + One-Step,NASDAQ:UFCS,0.0
2020-07-02,17,AR1 alpha + Enhanced + One-Step,NASDAQ:UFCS,3.87220340796648e-08
2020-07-06,17,AR1 alpha + Enhanced + One-Step,NASDAQ:UFCS,0.0
2020-07-07,17,AR1 alpha + Enhanced + One-Step,NASDAQ:UFCS,0.0
2020-07-08,17,AR1 alpha + Enhanced + One-Step,NASDAQ:UFCS,0.0
2020-07-09,17,AR1 alpha + Enhanced + One-Step,NASDAQ:UFCS,0.0
2020-07-10,17,AR1 alpha + Enhanced + One-Step,NASDAQ:UFCS,0.0
2020-07-13,17,AR1 alpha + Enhanced + One-Step,NASDAQ:UFCS,0.0
2020-07-14,17,AR1 alpha + Enhanced + One-Step,NASDAQ:UFCS,1.5478373455930513e-08
2020-07-15,17,AR1 alpha + Enhanced + One-Step,NASDAQ:UFCS,5.2653890587286516e-08
2020-07-16,17,AR1 alpha + Enhanced + One-Step,NASDAQ:UFCS,1.513758800420448e-08
2020-07-17,17,AR1 alpha + Enhanced + One-Step,NASDAQ:UFCS,0.0
2020-07-20,17,AR1 alpha + Enhanced + One-Step,NASDAQ:UFCS,3.502693693953958e-08
2020-07-21,17,AR1 alpha + Enhanced + One-Step,NASDAQ:UFCS,1.068829009305884e-07
2020-07-22,17,AR1 alpha + Enhanced + One-Step,NASDAQ:UFCS,7.853301211124797e-08
2020-07-23,17,AR1 alpha + Enhanced + One-Step,NASDAQ:UFCS,0.0
2020-07-24,17,AR1 alpha + Enhanced + One-Step,NASDAQ:UFCS,0.0
2020-07-27,17,AR1 alpha + Enhanced + One-Step,NASDAQ:UFCS,0.0
2020-07-28,17,AR1 alpha + Enhanced + One-Step,NASDAQ:UFCS,0.0
2020-07-29,17,AR1 alpha + Enhanced + One-Step,NASDAQ:UFCS,0.0
2020-07-30,17,AR1 alpha + Enhanced + One-Step,NASDAQ:UFCS,0.0
2020-07-31,17,AR1 alpha + Enhanced + One-Step,NASDAQ:UFCS,0.0
2020-08-03,17,AR1 alpha + Enhanced + One-Step,NASDAQ:UFCS,2.1900883809626198e-07
2020-08-04,17,AR1 alpha + Enhanced + One-Step,NASDAQ:UFCS,7.075950241736222e-08
2020-08-05,17,AR1 alpha + Enhanced + One-Step,NASDAQ:UFCS,0.0
2020-08-06,17,AR1 alpha + Enhanced + One-Step,NASDAQ:UFCS,0.0
2020-08-07,17,AR1 alpha + Enhanced + One-Step,NASDAQ:UFCS,3.1586565574203384e-07
2020-08-10,17,AR1 alpha + Enhanced + One-Step,NASDAQ:UFCS,2.426557447895164e-07
2020-08-11,17,AR1 alpha + Enhanced + One-Step,NASDAQ:UFCS,6.124870527872225e-08
2020-08-12,17,AR1 alpha + Enhanced + One-Step,NASDAQ:UFCS,0.0
2020-08-13,17,AR1 alpha + Enhanced + One-Step,NASDAQ:UFCS,0.0
2020-08-14,17,AR1 alpha + Enhanced + One-Step,NASDAQ:UFCS,4.5429929246320564e-10
2020-08-17,17,AR1 alpha + Enhanced + One-Step,NASDAQ:UFCS,0.0
2020-08-18,17,AR1 alpha + Enhanced + One-Step,NASDAQ:UFCS,0.0
2020-08-19,17,AR1 alpha + Enhanced + One-Step,NASDAQ:UFCS,0.0
2020-08-20,17,AR1 alpha + Enhanced + One-Step,NASDAQ:UFCS,0.0
2020-08-21,17,AR1 alpha + Enhanced + One-Step,NASDAQ:UFCS,0.0
2020-08-24,17,AR1 alpha + Enhanced + One-Step,NASDAQ:UFCS,0.0
2020-08-25,17,AR1 alpha + Enhanced + One-Step,NASDAQ:UFCS,6.493492293031482e-08
2020-08-26,17,AR1 alpha + Enhanced + One-Step,NASDAQ:UFCS,0.0
2020-08-27,17,AR1 alpha + Enhanced + One-Step,NASDAQ:UFCS,0.0
2020-08-28,17,AR1 alpha + Enhanced + One-Step,NASDAQ:UFCS,1.2396282068816702e-09
2020-08-31,17,AR1 alpha + Enhanced + One-Step,NASDAQ:UFCS,0.0
2020-09-01,17,AR1 alpha + Enhanced + One-Step,NASDAQ:UFCS,0.0
2020-09-02,17,AR1 alpha + Enhanced + One-Step,NASDAQ:UFCS,0.0
2020-09-03,17,AR1 alpha + Enhanced + One-Step,NASDAQ:UFCS,0.0
2020-09-04,17,AR1 alpha + Enhanced + One-Step,NASDAQ:UFCS,8.44355574469817e-09
2020-09-08,17,AR1 alpha + Enhanced + One-Step,NASDAQ:UFCS,2.50677971326972e-07
2020-09-09,17,AR1 alpha + Enhanced + One-Step,NASDAQ:UFCS,8.053826778923643e-08
2020-09-10,17,AR1 alpha + Enhanced + One-Step,NASDAQ:UFCS,1.887576801618107e-07
2020-09-11,17,AR1 alpha + Enhanced + One-Step,NASDAQ:UFCS,1.2476797480287797e-07
2020-09-14,17,AR1 alpha + Enhanced + One-Step,NASDAQ:UFCS,6.586300948053081e-07
2020-09-15,17,AR1 alpha + Enhanced + One-Step,NASDAQ:UFCS,3.4620248360503026e-07
2020-09-16,17,AR1 alpha + Enhanced + One-Step,NASDAQ:UFCS,1.8850726177910573e-09
2020-09-17,17,AR1 alpha + Enhanced + One-Step,NASDAQ:UFCS,0.0
2020-09-18,17,AR1 alpha + Enhanced + One-Step,NASDAQ:UFCS,0.0
2020-09-21,17,AR1 alpha + Enhanced + One-Step,NASDAQ:UFCS,0.0
2020-09-22,17,AR1 alpha + Enhanced + One-Step,NASDAQ:UFCS,1.0381331968047989e-08
2020-09-23,17,AR1 alpha + Enhanced + One-Step,NASDAQ:UFCS,0.0
2020-09-24,17,AR1 alpha + Enhanced + One-Step,NASDAQ:UFCS,0.0
2020-09-25,17,AR1 alpha + Enhanced + One-Step,NASDAQ:UFCS,0.0
2020-09-28,17,AR1 alpha + Enhanced + One-Step,NASDAQ:UFCS,2.3047779945667984e-07
2020-09-29,17,AR1 alpha + Enhanced + One-Step,NASDAQ:UFCS,1.9472740547095986e-07
2020-09-30,17,AR1 alpha + Enhanced + One-Step,NASDAQ:UFCS,6.886882637741801e-08
2020-10-01,17,AR1 alpha + Enhanced + One-Step,NASDAQ:UFCS,3.953767799475904e-07
2020-10-02,17,AR1 alpha + Enhanced + One-Step,NASDAQ:UFCS,2.5854494445951847e-07
2020-10-05,17,AR1 alpha + Enhanced + One-Step,NASDAQ:UFCS,5.886402260502062e-07
2020-10-06,17,AR1 alpha + Enhanced + One-Step,NASDAQ:UFCS,1.4488753755916007e-07
2020-10-07,17,AR1 alpha + Enhanced + One-Step,NASDAQ:UFCS,0.0
2020-10-08,17,AR1 alpha + Enhanced + One-Step,NASDAQ:UFCS,0.0
2020-10-09,17,AR1 alpha + Enhanced + One-Step,NASDAQ:UFCS,4.6734852720503673e-07
2020-10-12,17,AR1 alpha + Enhanced + One-Step,NASDAQ:UFCS,2.209412587643392e-07
2020-10-13,17,AR1 alpha + Enhanced + One-Step,NASDAQ:UFCS,5.859982548054562e-07
2020-10-14,17,AR1 alpha + Enhanced + One-Step,NASDAQ:UFCS,1.4371520804704736e-07
2020-10-15,17,AR1 alpha + Enhanced + One-Step,NASDAQ:UFCS,0.0
2020-10-16,17,AR1 alpha + Enhanced + One-Step,NASDAQ:UFCS,0.0
2020-10-19,17,AR1 alpha + Enhanced + One-Step,NASDAQ:UFCS,0.0
2020-10-20,17,AR1 alpha + Enhanced + One-Step,NASDAQ:UFCS,0.0
2020-10-21,17,AR1 alpha + Enhanced + One-Step,NASDAQ:UFCS,0.0
2020-10-22,17,AR1 alpha + Enhanced + One-Step,NASDAQ:UFCS,0.0
2020-10-23,17,AR1 alpha + Enhanced + One-Step,NASDAQ:UFCS,0.0
2020-10-26,17,AR1 alpha + Enhanced + One-Step,NASDAQ:UFCS,0.0
2020-10-27,17,AR1 alpha + Enhanced + One-Step,NASDAQ:UFCS,4.215643433886753e-07
2020-10-28,17,AR1 alpha + Enhanced + One-Step,NASDAQ:UFCS,4.573885500725073e-07
2020-10-29,17,AR1 alpha + Enhanced + One-Step,NASDAQ:UFCS,7.2395538446802e-07
2020-10-30,17,AR1 alpha + Enhanced + One-Step,NASDAQ:UFCS,4.3494445589646687e-07
2020-11-02,17,AR1 alpha + Enhanced + One-Step,NASDAQ:UFCS,1.1104117416926234e-06
2020-11-03,17,AR1 alpha + Enhanced + One-Step,NASDAQ:UFCS,9.99563501638735e-07
2020-11-04,17,AR1 alpha + Enhanced + One-Step,NASDAQ:UFCS,2.361782165844642e-06
2020-11-05,17,AR1 alpha + Enhanced + One-Step,NASDAQ:UFCS,1.4191758387839886e-06
2020-11-06,17,AR1 alpha + Enhanced + One-Step,NASDAQ:UFCS,5.746980268068991e-07
2020-11-09,17,AR1 alpha + Enhanced + One-Step,NASDAQ:UFCS,1.0468614810583217e-07
2020-11-10,17,AR1 alpha + Enhanced + One-Step,NASDAQ:UFCS,2.9014460694597927e-07
2020-11-11,17,AR1 alpha + Enhanced + One-Step,NASDAQ:UFCS,2.0798164937170364e-07
2020-11-12,17,AR1 alpha + Enhanced + One-Step,NASDAQ:UFCS,1.7897316721903125e-07
2020-11-13,17,AR1 alpha + Enhanced + One-Step,NASDAQ:UFCS,6.070630508960025e-08
2020-11-16,17,AR1 alpha + Enhanced + One-Step,NASDAQ:UFCS,3.955880364282451e-09
2020-11-17,17,AR1 alpha + Enhanced + One-Step,NASDAQ:UFCS,0.0
2020-11-18,17,AR1 alpha + Enhanced + One-Step,NASDAQ:UFCS,0.0
2020-11-19,17,AR1 alpha + Enhanced + One-Step,NASDAQ:UFCS,0.0
2020-11-20,17,AR1 alpha + Enhanced + One-Step,NASDAQ:UFCS,0.0
2020-11-23,17,AR1 alpha + Enhanced + One-Step,NASDAQ:UFCS,2.2851485962514044e-08
2020-11-24,17,AR1 alpha + Enhanced + One-Step,NASDAQ:UFCS,0.0
2020-11-25,17,AR1 alpha + Enhanced + One-Step,NASDAQ:UFCS,0.0
2020-11-27,17,AR1 alpha + Enhanced + One-Step,NASDAQ:UFCS,0.0
2020-11-30,17,AR1 alpha + Enhanced + One-Step,NASDAQ:UFCS,0.0
2020-12-01,17,AR1 alpha + Enhanced + One-Step,NASDAQ:UFCS,1.3699698049445945e-07
2020-12-04,17,AR1 alpha + Enhanced + One-Step,NASDAQ:UFCS,1.2314847871083029e-07
2020-12-07,17,AR1 alpha + Enhanced + One-Step,NASDAQ:UFCS,0.0
2020-12-08,17,AR1 alpha + Enhanced + One-Step,NASDAQ:UFCS,2.0709089801751229e-07
2020-12-09,17,AR1 alpha + Enhanced + One-Step,NASDAQ:UFCS,0.0
2020-12-10,17,AR1 alpha + Enhanced + One-Step,NASDAQ:UFCS,1.2711172665518006e-07
2020-12-11,17,AR1 alpha + Enhanced + One-Step,NASDAQ:UFCS,0.0
2020-12-14,17,AR1 alpha + Enhanced + One-Step,NASDAQ:UFCS,0.0
2020-12-15,17,AR1 alpha + Enhanced + One-Step,NASDAQ:UFCS,0.0
2020-12-16,17,AR1 alpha + Enhanced + One-Step,NASDAQ:UFCS,0.0
2020-12-17,17,AR1 alpha + Enhanced + One-Step,NASDAQ:UFCS,0.0
2020-12-18,17,AR1 alpha + Enhanced + One-Step,NASDAQ:UFCS,1.045535478933334e-06
2020-12-21,17,AR1 alpha + Enhanced + One-Step,NASDAQ:UFCS,1.284748945524608e-06
2020-12-22,17,AR1 alpha + Enhanced + One-Step,NASDAQ:UFCS,5.309420412045648e-07
2020-12-23,17,AR1 alpha + Enhanced + One-Step,NASDAQ:UFCS,2.2694570635828475e-09
2020-12-24,17,AR1 alpha + Enhanced + One-Step,NASDAQ:UFCS,0.0
2020-12-28,17,AR1 alpha + Enhanced + One-Step,NASDAQ:UFCS,0.0
2020-12-29,17,AR1 alpha + Enhanced + One-Step,NASDAQ:UFCS,0.0
2020-12-30,17,AR1 alpha + Enhanced + One-Step,NASDAQ:UFCS,0.0
2020-12-31,17,AR1 alpha + Enhanced + One-Step,NASDAQ:UFCS,0.0
2021-01-04,17,AR1 alpha + Enhanced + One-Step,NASDAQ:UFCS,0.0
2021-01-05,17,AR1 alpha + Enhanced + One-Step,NASDAQ:UFCS,7.099198982106172e-08
2021-01-06,17,AR1 alpha + Enhanced + One-Step,NASDAQ:UFCS,1.280767589068471e-08
2021-01-07,17,AR1 alpha + Enhanced + One-Step,NASDAQ:UFCS,0.0
2021-01-08,17,AR1 alpha + Enhanced + One-Step,NASDAQ:UFCS,3.6921037529259736e-07
2021-01-11,17,AR1 alpha + Enhanced + One-Step,NASDAQ:UFCS,2.72020133853711e-07
2021-01-12,17,AR1 alpha + Enhanced + One-Step,NASDAQ:UFCS,1.132545512550653e-06
2021-01-13,17,AR1 alpha + Enhanced + One-Step,NASDAQ:UFCS,1.120301433647138e-07
2021-01-14,17,AR1 alpha + Enhanced + One-Step,NASDAQ:UFCS,1.6058189897759543e-07
2021-01-15,17,AR1 alpha + Enhanced + One-Step,NASDAQ:UFCS,0.0
2021-01-19,17,AR1 alpha + Enhanced + One-Step,NASDAQ:UFCS,0.0
2021-01-20,17,AR1 alpha + Enhanced + One-Step,NASDAQ:UFCS,2.984992622210505e-07
2021-01-21,17,AR1 alpha + Enhanced + One-Step,NASDAQ:UFCS,0.0
2021-01-22,17,AR1 alpha + Enhanced + One-Step,NASDAQ:UFCS,0.0
2021-01-25,17,AR1 alpha + Enhanced + One-Step,NASDAQ:UFCS,0.0
2021-01-26,17,AR1 alpha + Enhanced + One-Step,NASDAQ:UFCS,0.0
2021-01-27,17,AR1 alpha + Enhanced + One-Step,NASDAQ:UFCS,9.644909421083521e-08
2021-01-28,17,AR1 alpha + Enhanced + One-Step,NASDAQ:UFCS,1.263289649016057e-06
2021-01-29,17,AR1 alpha + Enhanced + One-Step,NASDAQ:UFCS,3.321777637405051e-07
2021-02-01,17,AR1 alpha + Enhanced + One-Step,NASDAQ:UFCS,1.2159625182134258e-07
2021-02-02,17,AR1 alpha + Enhanced + One-Step,NASDAQ:UFCS,5.3418833753256176e-08
2021-02-03,17,AR1 alpha + Enhanced + One-Step,NASDAQ:UFCS,0.0
2021-02-04,17,AR1 alpha + Enhanced + One-Step,NASDAQ:UFCS,0.0
2021-02-05,17,AR1 alpha + Enhanced + One-Step,NASDAQ:UFCS,4.078251587765478e-09
2021-02-08,17,AR1 alpha + Enhanced + One-Step,NASDAQ:UFCS,3.8782524331816765e-07
2021-02-09,17,AR1 alpha + Enhanced + One-Step,NASDAQ:UFCS,0.0
2021-02-10,17,AR1 alpha + Enhanced + One-Step,NASDAQ:UFCS,2.868789455150954e-07
2021-02-11,17,AR1 alpha + Enhanced + One-Step,NASDAQ:UFCS,2.266996101318846e-07
2021-02-12,17,AR1 alpha + Enhanced + One-Step,NASDAQ:UFCS,8.221785206551625e-08
2021-02-16,17,AR1 alpha + Enhanced + One-Step,NASDAQ:UFCS,7.300228870414277e-09
2021-02-17,17,AR1 alpha + Enhanced + One-Step,NASDAQ:UFCS,3.081764613212299e-08
2021-02-18,17,AR1 alpha + Enhanced + One-Step,NASDAQ:UFCS,1.1060779927899803e-07
2021-02-19,17,AR1 alpha + Enhanced + One-Step,NASDAQ:UFCS,4.194499100266998e-08
2021-02-22,17,AR1 alpha + Enhanced + One-Step,NASDAQ:UFCS,6.423506737897525e-07
2021-02-23,17,AR1 alpha + Enhanced + One-Step,NASDAQ:UFCS,1.832916979203207e-06
2021-02-24,17,AR1 alpha + Enhanced + One-Step,NASDAQ:UFCS,1.104824646338419e-06
2021-02-25,17,AR1 alpha + Enhanced + One-Step,NASDAQ:UFCS,0.0
2021-02-26,17,AR1 alpha + Enhanced + One-Step,NASDAQ:UFCS,6.747151341247546e-07
2021-03-01,17,AR1 alpha + Enhanced + One-Step,NASDAQ:UFCS,3.8949510946736984e-07
2021-03-02,17,AR1 alpha + Enhanced + One-Step,NASDAQ:UFCS,3.1833249982841175e-07
2021-03-03,17,AR1 alpha + Enhanced + One-Step,NASDAQ:UFCS,1.223740535036528e-07
2021-03-04,17,AR1 alpha + Enhanced + One-Step,NASDAQ:UFCS,6.717982317515533e-08
2021-03-05,17,AR1 alpha + Enhanced + One-Step,NASDAQ:UFCS,0.0
2021-03-08,17,AR1 alpha + Enhanced + One-Step,NASDAQ:UFCS,0.0
2021-03-09,17,AR1 alpha + Enhanced + One-Step,NASDAQ:UFCS,4.6337722028013476e-08
2021-03-10,17,AR1 alpha + Enhanced + One-Step,NASDAQ:UFCS,1.7578759598294037e-06
2021-03-11,17,AR1 alpha + Enhanced + One-Step,NASDAQ:UFCS,3.176343244687233e-07
2021-03-12,17,AR1 alpha + Enhanced + One-Step,NASDAQ:UFCS,1.0952370161480261e-07
2021-03-15,17,AR1 alpha + Enhanced + One-Step,NASDAQ:UFCS,1.8750436505298161e-06
2021-03-16,17,AR1 alpha + Enhanced + One-Step,NASDAQ:UFCS,1.108386570148042e-06
2021-03-17,17,AR1 alpha + Enhanced + One-Step,NASDAQ:UFCS,4.709111686982461e-07
2021-03-18,17,AR1 alpha + Enhanced + One-Step,NASDAQ:UFCS,3.5148722049235543e-07
2021-03-19,17,AR1 alpha + Enhanced + One-Step,NASDAQ:UFCS,1.1911670907675563e-08
2021-03-22,17,AR1 alpha + Enhanced + One-Step,NASDAQ:UFCS,1.6213799616731643e-07
2021-03-23,17,AR1 alpha + Enhanced + One-Step,NASDAQ:UFCS,1.2109145568371809e-06
2021-03-24,17,AR1 alpha + Enhanced + One-Step,NASDAQ:UFCS,6.045858427108796e-07
2021-03-25,17,AR1 alpha + Enhanced + One-Step,NASDAQ:UFCS,4.0238234821929305e-07
2021-03-26,17,AR1 alpha + Enhanced + One-Step,NASDAQ:UFCS,3.651683345829932e-07
2021-03-29,17,AR1 alpha + Enhanced + One-Step,NASDAQ:UFCS,3.1680364720600765e-07
2021-03-30,17,AR1 alpha + Enhanced + One-Step,NASDAQ:UFCS,9.327169277137648e-09
2021-03-31,17,AR1 alpha + Enhanced + One-Step,NASDAQ:UFCS,0.0
2021-04-01,17,AR1 alpha + Enhanced + One-Step,NASDAQ:UFCS,6.995461902890067e-07
2021-04-05,17,AR1 alpha + Enhanced + One-Step,NASDAQ:UFCS,3.047588080418947e-07
2021-04-06,17,AR1 alpha + Enhanced + One-Step,NASDAQ:UFCS,3.611655461283057e-08
2021-04-07,17,AR1 alpha + Enhanced + One-Step,NASDAQ:UFCS,0.0
2021-04-08,17,AR1 alpha + Enhanced + One-Step,NASDAQ:UFCS,0.0
2021-04-09,17,AR1 alpha + Enhanced + One-Step,NASDAQ:UFCS,0.0
2021-04-12,17,AR1 alpha + Enhanced + One-Step,NASDAQ:UFCS,0.0
2021-04-13,17,AR1 alpha + Enhanced + One-Step,NASDAQ:UFCS,0.0
2021-04-14,17,AR1 alpha + Enhanced + One-Step,NASDAQ:UFCS,0.0
2021-04-15,17,AR1 alpha + Enhanced + One-Step,NASDAQ:UFCS,6.468014705237433e-07
2021-04-16,17,AR1 alpha + Enhanced + One-Step,NASDAQ:UFCS,3.566072749676744e-07
2021-04-19,17,AR1 alpha + Enhanced + One-Step,NASDAQ:UFCS,1.0112688343971642e-07
2021-04-20,17,AR1 alpha + Enhanced + One-Step,NASDAQ:UFCS,0.0
2021-04-21,17,AR1 alpha + Enhanced + One-Step,NASDAQ:UFCS,0.0
2021-04-22,17,AR1 alpha + Enhanced + One-Step,NASDAQ:UFCS,0.0
2021-04-23,17,AR1 alpha + Enhanced + One-Step,NASDAQ:UFCS,0.0
2021-04-26,17,AR1 alpha + Enhanced + One-Step,NASDAQ:UFCS,0.0
2021-04-27,17,AR1 alpha + Enhanced + One-Step,NASDAQ:UFCS,0.0
2021-04-28,17,AR1 alpha + Enhanced + One-Step,NASDAQ:UFCS,0.0
2021-04-29,17,AR1 alpha + Enhanced + One-Step,NASDAQ:UFCS,0.0
2021-04-30,17,AR1 alpha + Enhanced + One-Step,NASDAQ:UFCS,0.0
2021-05-03,17,AR1 alpha + Enhanced + One-Step,NASDAQ:UFCS,3.3319354736867862e-06
2021-05-04,17,AR1 alpha + Enhanced + One-Step,NASDAQ:UFCS,1.6098471636781216e-06
2021-05-05,17,AR1 alpha + Enhanced + One-Step,NASDAQ:UFCS,7.204384772848336e-07
2021-05-06,17,AR1 alpha + Enhanced + One-Step,NASDAQ:UFCS,7.024428317108129e-07
2021-05-07,17,AR1 alpha + Enhanced + One-Step,NASDAQ:UFCS,4.522255516897715e-07
2021-05-10,17,AR1 alpha + Enhanced + One-Step,NASDAQ:UFCS,5.310900600977844e-07
2021-05-11,17,AR1 alpha + Enhanced + One-Step,NASDAQ:UFCS,3.2896386564555154e-07
2021-05-12,17,AR1 alpha + Enhanced + One-Step,NASDAQ:UFCS,1.2571172215593986e-07
2021-05-13,17,AR1 alpha + Enhanced + One-Step,NASDAQ:UFCS,0.0
2021-05-14,17,AR1 alpha + Enhanced + One-Step,NASDAQ:UFCS,0.0
2021-05-17,17,AR1 alpha + Enhanced + One-Step,NASDAQ:UFCS,1.0336656886009188e-07
2021-05-18,17,AR1 alpha + Enhanced + One-Step,NASDAQ:UFCS,7.527226855981908e-07
2021-05-19,17,AR1 alpha + Enhanced + One-Step,NASDAQ:UFCS,1.3258922232894004e-06
2021-05-20,17,AR1 alpha + Enhanced + One-Step,NASDAQ:UFCS,8.140263120477433e-07
2021-05-21,17,AR1 alpha + Enhanced + One-Step,NASDAQ:UFCS,5.957865639445676e-07
2021-05-24,17,AR1 alpha + Enhanced + One-Step,NASDAQ:UFCS,0.0
2021-05-25,17,AR1 alpha + Enhanced + One-Step,NASDAQ:UFCS,0.0
2021-05-26,17,AR1 alpha + Enhanced + One-Step,NASDAQ:UFCS,0.0
2021-05-27,17,AR1 alpha + Enhanced + One-Step,NASDAQ:UFCS,1.1604222919772118e-07
2021-05-28,17,AR1 alpha + Enhanced + One-Step,NASDAQ:UFCS,0.0
2021-06-01,17,AR1 alpha + Enhanced + One-Step,NASDAQ:UFCS,0.0
2021-06-02,17,AR1 alpha + Enhanced + One-Step,NASDAQ:UFCS,0.0
2021-06-03,17,AR1 alpha + Enhanced + One-Step,NASDAQ:UFCS,0.0
2021-06-04,17,AR1 alpha + Enhanced + One-Step,NASDAQ:UFCS,0.0
2021-06-07,17,AR1 alpha + Enhanced + One-Step,NASDAQ:UFCS,0.0
2021-06-08,17,AR1 alpha + Enhanced + One-Step,NASDAQ:UFCS,8.136881261352268e-08
2021-06-09,17,AR1 alpha + Enhanced + One-Step,NASDAQ:UFCS,0.0
2021-06-10,17,AR1 alpha + Enhanced + One-Step,NASDAQ:UFCS,0.0
2021-06-11,17,AR1 alpha + Enhanced + One-Step,NASDAQ:UFCS,0.0
2021-06-14,17,AR1 alpha + Enhanced + One-Step,NASDAQ:UFCS,0.0
2021-06-15,17,AR1 alpha + Enhanced + One-Step,NASDAQ:UFCS,0.0
2021-06-16,17,AR1 alpha + Enhanced + One-Step,NASDAQ:UFCS,0.0
2021-06-17,17,AR1 alpha + Enhanced + One-Step,NASDAQ:UFCS,0.0
2021-06-18,17,AR1 alpha + Enhanced + One-Step,NASDAQ:UFCS,0.0
2021-06-21,17,AR1 alpha + Enhanced + One-Step,NASDAQ:UFCS,8.191833819380525e-07
2021-06-22,17,AR1 alpha + Enhanced + One-Step,NASDAQ:UFCS,0.0
2021-06-23,17,AR1 alpha + Enhanced + One-Step,NASDAQ:UFCS,0.0
2021-06-24,17,AR1 alpha + Enhanced + One-Step,NASDAQ:UFCS,1.525854653792378e-06
2021-06-25,17,AR1 alpha + Enhanced + One-Step,NASDAQ:UFCS,1.5768881166663807e-06
2021-06-28,17,AR1 alpha + Enhanced + One-Step,NASDAQ:UFCS,8.987105863913119e-07
2021-06-29,17,AR1 alpha + Enhanced + One-Step,NASDAQ:UFCS,3.682522836094902e-07
2021-06-30,17,AR1 alpha + Enhanced + One-Step,NASDAQ:UFCS,3.564601896101622e-07
2021-07-01,17,AR1 alpha + Enhanced + One-Step,NASDAQ:UFCS,1.8935449129250096e-07
2021-07-02,17,AR1 alpha + Enhanced + One-Step,NASDAQ:UFCS,0.0
2021-07-06,17,AR1 alpha + Enhanced + One-Step,NASDAQ:UFCS,0.0
2021-07-07,17,AR1 alpha + Enhanced + One-Step,NASDAQ:UFCS,7.464973364335289e-07
2021-07-08,17,AR1 alpha + Enhanced + One-Step,NASDAQ:UFCS,2.712577691599713e-07
2021-07-09,17,AR1 alpha + Enhanced + One-Step,NASDAQ:UFCS,0.0
2021-07-12,17,AR1 alpha + Enhanced + One-Step,NASDAQ:UFCS,0.0
2021-07-13,17,AR1 alpha + Enhanced + One-Step,NASDAQ:UFCS,0.0
2021-07-14,17,AR1 alpha + Enhanced + One-Step,NASDAQ:UFCS,0.0
2021-07-15,17,AR1 alpha + Enhanced + One-Step,NASDAQ:UFCS,0.0
2021-07-16,17,AR1 alpha + Enhanced + One-Step,NASDAQ:UFCS,0.0
2021-07-19,17,AR1 alpha + Enhanced + One-Step,NASDAQ:UFCS,0.0
2021-07-20,17,AR1 alpha + Enhanced + One-Step,NASDAQ:UFCS,0.0
2021-07-21,17,AR1 alpha + Enhanced + One-Step,NASDAQ:UFCS,2.146049319727966e-07
2021-07-22,17,AR1 alpha + Enhanced + One-Step,NASDAQ:UFCS,0.0
2021-07-23,17,AR1 alpha + Enhanced + One-Step,NASDAQ:UFCS,0.0
2021-07-26,17,AR1 alpha + Enhanced + One-Step,NASDAQ:UFCS,0.0
2021-07-27,17,AR1 alpha + Enhanced + One-Step,NASDAQ:UFCS,0.0
2021-07-28,17,AR1 alpha + Enhanced + One-Step,NASDAQ:UFCS,0.0
2021-07-29,17,AR1 alpha + Enhanced + One-Step,NASDAQ:UFCS,0.0
2021-07-30,17,AR1 alpha + Enhanced + One-Step,NASDAQ:UFCS,0.0
2021-08-02,17,AR1 alpha + Enhanced + One-Step,NASDAQ:UFCS,0.0
2021-08-03,17,AR1 alpha + Enhanced + One-Step,NASDAQ:UFCS,0.0
2021-08-04,17,AR1 alpha + Enhanced + One-Step,NASDAQ:UFCS,0.0
2021-08-05,17,AR1 alpha + Enhanced + One-Step,NASDAQ:UFCS,1.5237940516854426e-07
2021-08-06,17,AR1 alpha + Enhanced + One-Step,NASDAQ:UFCS,0.0
2021-08-09,17,AR1 alpha + Enhanced + One-Step,NASDAQ:UFCS,0.0
2021-08-10,17,AR1 alpha + Enhanced + One-Step,NASDAQ:UFCS,0.0
2021-08-11,17,AR1 alpha + Enhanced + One-Step,NASDAQ:UFCS,0.0
2021-08-12,17,AR1 alpha + Enhanced + One-Step,NASDAQ:UFCS,0.0
2021-08-13,17,AR1 alpha + Enhanced + One-Step,NASDAQ:UFCS,3.674076754439377e-08
2021-08-16,17,AR1 alpha + Enhanced + One-Step,NASDAQ:UFCS,1.1641563325062794e-06
2021-08-17,17,AR1 alpha + Enhanced + One-Step,NASDAQ:UFCS,9.05948194532977e-07
2021-08-18,17,AR1 alpha + Enhanced + One-Step,NASDAQ:UFCS,8.988553506201483e-07
2021-08-19,17,AR1 alpha + Enhanced + One-Step,NASDAQ:UFCS,1.9747422309932274e-06
2021-08-20,17,AR1 alpha + Enhanced + One-Step,NASDAQ:UFCS,0.0
2021-08-23,17,AR1 alpha + Enhanced + One-Step,NASDAQ:UFCS,0.0
2021-08-24,17,AR1 alpha + Enhanced + One-Step,NASDAQ:UFCS,3.521284258405956e-07
2021-08-25,17,AR1 alpha + Enhanced + One-Step,NASDAQ:UFCS,2.2496681632855876e-07
2021-08-26,17,AR1 alpha + Enhanced + One-Step,NASDAQ:UFCS,0.0
2021-08-27,17,AR1 alpha + Enhanced + One-Step,NASDAQ:UFCS,0.0
2021-08-30,17,AR1 alpha + Enhanced + One-Step,NASDAQ:UFCS,0.0
2021-08-31,17,AR1 alpha + Enhanced + One-Step,NASDAQ:UFCS,0.0
2021-09-01,17,AR1 alpha + Enhanced + One-Step,NASDAQ:UFCS,0.0
2021-09-02,17,AR1 alpha + Enhanced + One-Step,NASDAQ:UFCS,3.14569373994512e-08
2021-09-03,17,AR1 alpha + Enhanced + One-Step,NASDAQ:UFCS,0.0
2021-09-07,17,AR1 alpha + Enhanced + One-Step,NASDAQ:UFCS,0.0
2021-09-08,17,AR1 alpha + Enhanced + One-Step,NASDAQ:UFCS,0.0
2021-09-09,17,AR1 alpha + Enhanced + One-Step,NASDAQ:UFCS,0.0
2021-09-10,17,AR1 alpha + Enhanced + One-Step,NASDAQ:UFCS,0.0
2021-09-13,17,AR1 alpha + Enhanced + One-Step,NASDAQ:UFCS,3.3434778956742615e-07
2021-09-14,17,AR1 alpha + Enhanced + One-Step,NASDAQ:UFCS,0.0
2021-09-15,17,AR1 alpha + Enhanced + One-Step,NASDAQ:UFCS,0.0
2021-09-16,17,AR1 alpha + Enhanced + One-Step,NASDAQ:UFCS,0.0
2021-09-17,17,AR1 alpha + Enhanced + One-Step,NASDAQ:UFCS,0.0
2021-09-20,17,AR1 alpha + Enhanced + One-Step,NASDAQ:UFCS,0.0
2021-09-21,17,AR1 alpha + Enhanced + One-Step,NASDAQ:UFCS,0.0
2021-09-22,17,AR1 alpha + Enhanced + One-Step,NASDAQ:UFCS,0.0
2021-09-23,17,AR1 alpha + Enhanced + One-Step,NASDAQ:UFCS,3.537580675308688e-07
2021-09-24,17,AR1 alpha + Enhanced + One-Step,NASDAQ:UFCS,1.4008984550884694e-07
2021-09-27,17,AR1 alpha + Enhanced + One-Step,NASDAQ:UFCS,1.0586217352146283e-07
2021-09-28,17,AR1 alpha + Enhanced + One-Step,NASDAQ:UFCS,0.0
2021-09-29,17,AR1 alpha + Enhanced + One-Step,NASDAQ:UFCS,3.677890268496544e-07
2021-09-30,17,AR1 alpha + Enhanced + One-Step,NASDAQ:UFCS,1.925111750500742e-07
2021-10-01,17,AR1 alpha + Enhanced + One-Step,NASDAQ:UFCS,1.068211923446924e-07
2021-10-04,17,AR1 alpha + Enhanced + One-Step,NASDAQ:UFCS,8.916806977997529e-08
2021-10-05,17,AR1 alpha + Enhanced + One-Step,NASDAQ:UFCS,0.0
2021-10-06,17,AR1 alpha + Enhanced + One-Step,NASDAQ:UFCS,0.0
2021-10-07,17,AR1 alpha + Enhanced + One-Step,NASDAQ:UFCS,0.0
2021-10-08,17,AR1 alpha + Enhanced + One-Step,NASDAQ:UFCS,0.0
2021-10-11,17,AR1 alpha + Enhanced + One-Step,NASDAQ:UFCS,0.0
2021-10-12,17,AR1 alpha + Enhanced + One-Step,NASDAQ:UFCS,1.4440107898877662e-07
2021-10-13,17,AR1 alpha + Enhanced + One-Step,NASDAQ:UFCS,9.978037648110092e-08
2021-10-14,17,AR1 alpha + Enhanced + One-Step,NASDAQ:UFCS,0.0
2021-10-15,17,AR1 alpha + Enhanced + One-Step,NASDAQ:UFCS,0.0
2021-10-18,17,AR1 alpha + Enhanced + One-Step,NASDAQ:UFCS,0.0
2021-10-19,17,AR1 alpha + Enhanced + One-Step,NASDAQ:UFCS,0.0
2021-10-20,17,AR1 alpha + Enhanced + One-Step,NASDAQ:UFCS,6.103546983261459e-08
2021-10-21,17,AR1 alpha + Enhanced + One-Step,NASDAQ:UFCS,6.339191728421583e-10
2021-10-22,17,AR1 alpha + Enhanced + One-Step,NASDAQ:UFCS,0.0
2021-10-25,17,AR1 alpha + Enhanced + One-Step,NASDAQ:UFCS,0.0
2021-10-26,17,AR1 alpha + Enhanced + One-Step,NASDAQ:UFCS,0.0
2021-10-27,17,AR1 alpha + Enhanced + One-Step,NASDAQ:UFCS,1.1073836307962184e-07
2021-10-28,17,AR1 alpha + Enhanced + One-Step,NASDAQ:UFCS,2.227292903511526e-07
2021-10-29,17,AR1 alpha + Enhanced + One-Step,NASDAQ:UFCS,0.0
2021-11-01,17,AR1 alpha + Enhanced + One-Step,NASDAQ:UFCS,0.0
2021-11-02,17,AR1 alpha + Enhanced + One-Step,NASDAQ:UFCS,0.0
2021-11-03,17,AR1 alpha + Enhanced + One-Step,NASDAQ:UFCS,1.4145934870745018e-06
2021-11-04,17,AR1 alpha + Enhanced + One-Step,NASDAQ:UFCS,1.0452977746420552e-06
2021-11-05,17,AR1 alpha + Enhanced + One-Step,NASDAQ:UFCS,4.6153840951843333e-07
2021-11-08,17,AR1 alpha + Enhanced + One-Step,NASDAQ:UFCS,1.7856230124104918e-06
2021-11-09,17,AR1 alpha + Enhanced + One-Step,NASDAQ:UFCS,1.1746178129964667e-06
2021-11-10,17,AR1 alpha + Enhanced + One-Step,NASDAQ:UFCS,1.4734797293116954e-06
2021-11-11,17,AR1 alpha + Enhanced + One-Step,NASDAQ:UFCS,9.015460278934771e-07
2021-11-12,17,AR1 alpha + Enhanced + One-Step,NASDAQ:UFCS,6.999394468095073e-07
2021-11-15,17,AR1 alpha + Enhanced + One-Step,NASDAQ:UFCS,8.644727171947248e-07
2021-11-16,17,AR1 alpha + Enhanced + One-Step,NASDAQ:UFCS,0.0
2021-11-17,17,AR1 alpha + Enhanced + One-Step,NASDAQ:UFCS,0.0
2021-11-18,17,AR1 alpha + Enhanced + One-Step,NASDAQ:UFCS,0.0
2021-11-19,17,AR1 alpha + Enhanced + One-Step,NASDAQ:UFCS,3.3957261829819073e-07
2021-11-22,17,AR1 alpha + Enhanced + One-Step,NASDAQ:UFCS,4.114606913575927e-07
2021-11-23,17,AR1 alpha + Enhanced + One-Step,NASDAQ:UFCS,0.0
2021-11-24,17,AR1 alpha + Enhanced + One-Step,NASDAQ:UFCS,0.0
2021-11-26,17,AR1 alpha + Enhanced + One-Step,NASDAQ:UFCS,0.0
2021-11-29,17,AR1 alpha + Enhanced + One-Step,NASDAQ:UFCS,0.0
2021-11-30,17,AR1 alpha + Enhanced + One-Step,NASDAQ:UFCS,0.0
2021-12-01,17,AR1 alpha + Enhanced + One-Step,NASDAQ:UFCS,0.0
2021-12-02,17,AR1 alpha + Enhanced + One-Step,NASDAQ:UFCS,0.0
2021-12-03,17,AR1 alpha + Enhanced + One-Step,NASDAQ:UFCS,0.0
2021-12-06,17,AR1 alpha + Enhanced + One-Step,NASDAQ:UFCS,2.260740541898573e-07
2021-12-07,17,AR1 alpha + Enhanced + One-Step,NASDAQ:UFCS,9.106048250577477e-08
2021-12-08,17,AR1 alpha + Enhanced + One-Step,NASDAQ:UFCS,0.0
2021-12-09,17,AR1 alpha + Enhanced + One-Step,NASDAQ:UFCS,0.0
2021-12-10,17,AR1 alpha + Enhanced + One-Step,NASDAQ:UFCS,0.0
2021-12-13,17,AR1 alpha + Enhanced + One-Step,NASDAQ:UFCS,0.0
2021-12-14,17,AR1 alpha + Enhanced + One-Step,NASDAQ:UFCS,0.0
2021-12-15,17,AR1 alpha + Enhanced + One-Step,NASDAQ:UFCS,3.1993671045700437e-07
2021-12-16,17,AR1 alpha + Enhanced + One-Step,NASDAQ:UFCS,2.7970316889125e-07
2021-12-17,17,AR1 alpha + Enhanced + One-Step,NASDAQ:UFCS,4.137136959462814e-08
2021-12-20,17,AR1 alpha + Enhanced + One-Step,NASDAQ:UFCS,0.0
2021-12-21,17,AR1 alpha + Enhanced + One-Step,NASDAQ:UFCS,2.561054870704012e-07
2021-12-22,17,AR1 alpha + Enhanced + One-Step,NASDAQ:UFCS,6.643893271821384e-08
2021-12-23,17,AR1 alpha + Enhanced + One-Step,NASDAQ:UFCS,3.4155336872383844e-07
2021-12-27,17,AR1 alpha + Enhanced + One-Step,NASDAQ:UFCS,3.1386644015730894e-07
2021-12-28,17,AR1 alpha + Enhanced + One-Step,NASDAQ:UFCS,1.9937756095105655e-07
2021-12-29,17,AR1 alpha + Enhanced + One-Step,NASDAQ:UFCS,4.9146808174349e-07
2021-12-30,17,AR1 alpha + Enhanced + One-Step,NASDAQ:UFCS,2.834528878923818e-07
2021-12-31,17,AR1 alpha + Enhanced + One-Step,NASDAQ:UFCS,1.3828174744390607e-07
2022-01-03,17,AR1 alpha + Enhanced + One-Step,NASDAQ:UFCS,1.948450185882023e-07
2022-01-04,17,AR1 alpha + Enhanced + One-Step,NASDAQ:UFCS,1.4904629626191613e-07
2022-01-05,17,AR1 alpha + Enhanced + One-Step,NASDAQ:UFCS,8.734391762804904e-08
2022-01-06,17,AR1 alpha + Enhanced + One-Step,NASDAQ:UFCS,5.708764200728896e-08
2022-01-07,17,AR1 alpha + Enhanced + One-Step,NASDAQ:UFCS,8.220037175009788e-08
2022-01-10,17,AR1 alpha + Enhanced + One-Step,NASDAQ:UFCS,8.038461960375496e-08
2022-01-11,17,AR1 alpha + Enhanced + One-Step,NASDAQ:UFCS,4.855880969585207e-08
2022-01-12,17,AR1 alpha + Enhanced + One-Step,NASDAQ:UFCS,0.0
2022-01-13,17,AR1 alpha + Enhanced + One-Step,NASDAQ:UFCS,0.0
2022-01-14,17,AR1 alpha + Enhanced + One-Step,NASDAQ:UFCS,0.0
2022-01-18,17,AR1 alpha + Enhanced + One-Step,NASDAQ:UFCS,1.0257018230664015e-07
2022-01-19,17,AR1 alpha + Enhanced + One-Step,NASDAQ:UFCS,0.0
2022-01-20,17,AR1 alpha + Enhanced + One-Step,NASDAQ:UFCS,4.7769724020115333e-08
2022-01-21,17,AR1 alpha + Enhanced + One-Step,NASDAQ:UFCS,0.0
2022-01-24,17,AR1 alpha + Enhanced + One-Step,NASDAQ:UFCS,2.966231158970213e-08
2022-01-25,17,AR1 alpha + Enhanced + One-Step,NASDAQ:UFCS,3.0559037624994964e-07
2022-01-26,17,AR1 alpha + Enhanced + One-Step,NASDAQ:UFCS,4.440567725031142e-07
2022-01-27,17,AR1 alpha + Enhanced + One-Step,NASDAQ:UFCS,3.276396032484856e-07
2022-01-28,17,AR1 alpha + Enhanced + One-Step,NASDAQ:UFCS,2.0083405208994872e-07
2022-01-31,17,AR1 alpha + Enhanced + One-Step,NASDAQ:UFCS,6.122483274718878e-07
2022-02-01,17,AR1 alpha + Enhanced + One-Step,NASDAQ:UFCS,5.201918848203012e-07
2022-02-02,17,AR1 alpha + Enhanced + One-Step,NASDAQ:UFCS,3.8488392818839484e-07
2022-02-03,17,AR1 alpha + Enhanced + One-Step,NASDAQ:UFCS,2.9055286130306523e-07
2022-02-04,17,AR1 alpha + Enhanced + One-Step,NASDAQ:UFCS,2.2875356955057156e-07
2022-02-07,17,AR1 alpha + Enhanced + One-Step,NASDAQ:UFCS,1.237866424073714e-07
2022-02-08,17,AR1 alpha + Enhanced + One-Step,NASDAQ:UFCS,6.434395159492913e-08
2022-02-09,17,AR1 alpha + Enhanced + One-Step,NASDAQ:UFCS,9.083320357967809e-08
2022-02-10,17,AR1 alpha + Enhanced + One-Step,NASDAQ:UFCS,6.132735133978145e-08
2022-02-11,17,AR1 alpha + Enhanced + One-Step,NASDAQ:UFCS,7.86239869952421e-07
2022-02-14,17,AR1 alpha + Enhanced + One-Step,NASDAQ:UFCS,3.910855578913338e-07
2022-02-15,17,AR1 alpha + Enhanced + One-Step,NASDAQ:UFCS,2.2789029777735147e-07
2022-02-16,17,AR1 alpha + Enhanced + One-Step,NASDAQ:UFCS,0.0
2022-02-17,17,AR1 alpha + Enhanced + One-Step,NASDAQ:UFCS,0.0
2022-02-18,17,AR1 alpha + Enhanced + One-Step,NASDAQ:UFCS,0.0
2022-02-22,17,AR1 alpha + Enhanced + One-Step,NASDAQ:UFCS,0.0
2022-02-23,17,AR1 alpha + Enhanced + One-Step,NASDAQ:UFCS,0.0
2022-02-24,17,AR1 alpha + Enhanced + One-Step,NASDAQ:UFCS,0.0
2022-02-25,17,AR1 alpha + Enhanced + One-Step,NASDAQ:UFCS,5.1648229448519725e-08
2022-02-28,17,AR1 alpha + Enhanced + One-Step,NASDAQ:UFCS,4.574323476406647e-08
2022-03-01,17,AR1 alpha + Enhanced + One-Step,NASDAQ:UFCS,1.0417562558146216e-07
2022-03-02,17,AR1 alpha + Enhanced + One-Step,NASDAQ:UFCS,9.79907105508984e-09
2022-03-03,17,AR1 alpha + Enhanced + One-Step,NASDAQ:UFCS,0.0
2022-03-04,17,AR1 alpha + Enhanced + One-Step,NASDAQ:UFCS,0.0
2022-03-07,17,AR1 alpha + Enhanced + One-Step,NASDAQ:UFCS,1.8299733831651962e-06
2022-03-08,17,AR1 alpha + Enhanced + One-Step,NASDAQ:UFCS,8.705442818005885e-07
2022-03-09,17,AR1 alpha + Enhanced + One-Step,NASDAQ:UFCS,0.0
2022-03-10,17,AR1 alpha + Enhanced + One-Step,NASDAQ:UFCS,7.956222139848972e-08
2022-03-11,17,AR1 alpha + Enhanced + One-Step,NASDAQ:UFCS,0.0
2022-03-14,17,AR1 alpha + Enhanced + One-Step,NASDAQ:UFCS,0.0
2022-03-15,17,AR1 alpha + Enhanced + One-Step,NASDAQ:UFCS,0.0
2022-03-16,17,AR1 alpha + Enhanced + One-Step,NASDAQ:UFCS,7.290578282929918e-09
2022-03-17,17,AR1 alpha + Enhanced + One-Step,NASDAQ:UFCS,7.762288996156138e-10
2022-03-18,17,AR1 alpha + Enhanced + One-Step,NASDAQ:UFCS,0.0
2022-03-21,17,AR1 alpha + Enhanced + One-Step,NASDAQ:UFCS,1.745705261720132e-07
2022-03-22,17,AR1 alpha + Enhanced + One-Step,NASDAQ:UFCS,1.0954664489744838e-07
2022-03-23,17,AR1 alpha + Enhanced + One-Step,NASDAQ:UFCS,5.276491017055594e-08
2022-03-24,17,AR1 alpha + Enhanced + One-Step,NASDAQ:UFCS,0.0
2022-03-25,17,AR1 alpha + Enhanced + One-Step,NASDAQ:UFCS,0.0
2022-03-28,17,AR1 alpha + Enhanced + One-Step,NASDAQ:UFCS,0.0
2022-03-29,17,AR1 alpha + Enhanced + One-Step,NASDAQ:UFCS,0.0
2022-03-30,17,AR1 alpha + Enhanced + One-Step,NASDAQ:UFCS,0.0
2022-03-31,17,AR1 alpha + Enhanced + One-Step,NASDAQ:UFCS,0.0
2022-04-01,17,AR1 alpha + Enhanced + One-Step,NASDAQ:UFCS,0.0
2022-04-04,17,AR1 alpha + Enhanced + One-Step,NASDAQ:UFCS,0.0
2022-04-05,17,AR1 alpha + Enhanced + One-Step,NASDAQ:UFCS,0.0
2022-04-06,17,AR1 alpha + Enhanced + One-Step,NASDAQ:UFCS,0.0
2022-04-07,17,AR1 alpha + Enhanced + One-Step,NASDAQ:UFCS,0.0
2022-04-08,17,AR1 alpha + Enhanced + One-Step,NASDAQ:UFCS,2.329610626579893e-07
2022-04-11,17,AR1 alpha + Enhanced + One-Step,NASDAQ:UFCS,0.0
2022-04-12,17,AR1 alpha + Enhanced + One-Step,NASDAQ:UFCS,0.0
2022-04-13,17,AR1 alpha + Enhanced + One-Step,NASDAQ:UFCS,3.782881182546407e-08
2022-04-14,17,AR1 alpha + Enhanced + One-Step,NASDAQ:UFCS,0.0
2022-04-18,17,AR1 alpha + Enhanced + One-Step,NASDAQ:UFCS,0.0
2022-04-19,17,AR1 alpha + Enhanced + One-Step,NASDAQ:UFCS,0.0
2022-04-20,17,AR1 alpha + Enhanced + One-Step,NASDAQ:UFCS,0.0
2022-04-21,17,AR1 alpha + Enhanced + One-Step,NASDAQ:UFCS,0.0
2022-04-22,17,AR1 alpha + Enhanced + One-Step,NASDAQ:UFCS,0.0
2022-04-25,17,AR1 alpha + Enhanced + One-Step,NASDAQ:UFCS,0.0
2022-04-26,17,AR1 alpha + Enhanced + One-Step,NASDAQ:UFCS,8.347459767831433e-08
2022-04-27,17,AR1 alpha + Enhanced + One-Step,NASDAQ:UFCS,1.1667707047287959e-07
2022-04-28,17,AR1 alpha + Enhanced + One-Step,NASDAQ:UFCS,0.0
2022-04-29,17,AR1 alpha + Enhanced + One-Step,NASDAQ:UFCS,0.0
2022-05-02,17,AR1 alpha + Enhanced + One-Step,NASDAQ:UFCS,0.0
2022-05-03,17,AR1 alpha + Enhanced + One-Step,NASDAQ:UFCS,0.0
2022-05-04,17,AR1 alpha + Enhanced + One-Step,NASDAQ:UFCS,0.0
2022-05-05,17,AR1 alpha + Enhanced + One-Step,NASDAQ:UFCS,0.0
2022-05-06,17,AR1 alpha + Enhanced + One-Step,NASDAQ:UFCS,0.0
2022-05-09,17,AR1 alpha + Enhanced + One-Step,NASDAQ:UFCS,5.279389135696965e-08
2022-05-10,17,AR1 alpha + Enhanced + One-Step,NASDAQ:UFCS,0.0
2022-05-11,17,AR1 alpha + Enhanced + One-Step,NASDAQ:UFCS,1.5601507977815755e-07
2022-05-12,17,AR1 alpha + Enhanced + One-Step,NASDAQ:UFCS,0.0
2022-05-13,17,AR1 alpha + Enhanced + One-Step,NASDAQ:UFCS,0.0
2022-05-16,17,AR1 alpha + Enhanced + One-Step,NASDAQ:UFCS,5.0379617830757804e-08
2022-05-17,17,AR1 alpha + Enhanced + One-Step,NASDAQ:UFCS,0.0
2022-05-18,17,AR1 alpha + Enhanced + One-Step,NASDAQ:UFCS,0.0
2022-05-19,17,AR1 alpha + Enhanced + One-Step,NASDAQ:UFCS,0.0
2022-05-20,17,AR1 alpha + Enhanced + One-Step,NASDAQ:UFCS,5.848858711684538e-09
2022-05-23,17,AR1 alpha + Enhanced + One-Step,NASDAQ:UFCS,0.0
2022-05-24,17,AR1 alpha + Enhanced + One-Step,NASDAQ:UFCS,0.0
2022-05-25,17,AR1 alpha + Enhanced + One-Step,NASDAQ:UFCS,0.0
2022-05-26,17,AR1 alpha + Enhanced + One-Step,NASDAQ:UFCS,1.7561481356069846e-08
2022-05-27,17,AR1 alpha + Enhanced + One-Step,NASDAQ:UFCS,0.0
2022-05-31,17,AR1 alpha + Enhanced + One-Step,NASDAQ:UFCS,5.471556450493006e-08
2022-06-01,17,AR1 alpha + Enhanced + One-Step,NASDAQ:UFCS,7.792803735531242e-07
2022-06-02,17,AR1 alpha + Enhanced + One-Step,NASDAQ:UFCS,5.354255512868898e-07
2022-06-03,17,AR1 alpha + Enhanced + One-Step,NASDAQ:UFCS,1.89845594819975e-07
2022-06-06,17,AR1 alpha + Enhanced + One-Step,NASDAQ:UFCS,0.0
2022-06-07,17,AR1 alpha + Enhanced + One-Step,NASDAQ:UFCS,0.0
2022-06-08,17,AR1 alpha + Enhanced + One-Step,NASDAQ:UFCS,0.0
2022-06-09,17,AR1 alpha + Enhanced + One-Step,NASDAQ:UFCS,0.0
2022-06-10,17,AR1 alpha + Enhanced + One-Step,NASDAQ:UFCS,0.0
2022-06-13,17,AR1 alpha + Enhanced + One-Step,NASDAQ:UFCS,0.0
2022-06-14,17,AR1 alpha + Enhanced + One-Step,NASDAQ:UFCS,8.251613512700016e-07
2022-06-15,17,AR1 alpha + Enhanced + One-Step,NASDAQ:UFCS,2.806204129790703e-07
2022-06-16,17,AR1 alpha + Enhanced + One-Step,NASDAQ:UFCS,3.22250734490546e-07
2022-06-17,17,AR1 alpha + Enhanced + One-Step,NASDAQ:UFCS,4.2642214292380515e-08
2022-06-21,17,AR1 alpha + Enhanced + One-Step,NASDAQ:UFCS,4.914599020987708e-08
2022-06-22,17,AR1 alpha + Enhanced + One-Step,NASDAQ:UFCS,2.079080930802462e-08
2022-06-23,17,AR1 alpha + Enhanced + One-Step,NASDAQ:UFCS,7.687388385862944e-10
2022-06-24,17,AR1 alpha + Enhanced + One-Step,NASDAQ:UFCS,0.0
2022-06-27,17,AR1 alpha + Enhanced + One-Step,NASDAQ:UFCS,0.024994290121300677
2022-06-28,17,AR1 alpha + Enhanced + One-Step,NASDAQ:UFCS,0.049995661449240426
2022-06-29,17,AR1 alpha + Enhanced + One-Step,NASDAQ:UFCS,0.07452342170723839
2022-06-30,17,AR1 alpha + Enhanced + One-Step,NASDAQ:UFCS,0.07452358512552931
2022-07-01,17,AR1 alpha + Enhanced + One-Step,NASDAQ:UFCS,0.0745232648716824
2022-07-05,17,AR1 alpha + Enhanced + One-Step,NASDAQ:UFCS,0.0817546452980435
2022-07-06,17,AR1 alpha + Enhanced + One-Step,NASDAQ:UFCS,0.08709482854705196
2022-07-07,17,AR1 alpha + Enhanced + One-Step,NASDAQ:UFCS,0.10000016478658548
2022-07-08,17,AR1 alpha + Enhanced + One-Step,NASDAQ:UFCS,0.10000002435101511
2022-07-11,17,AR1 alpha + Enhanced + One-Step,NASDAQ:UFCS,0.09999535842507312
2022-07-12,17,AR1 alpha + Enhanced + One-Step,NASDAQ:UFCS,0.09999622098764924
2022-07-13,17,AR1 alpha + Enhanced + One-Step,NASDAQ:UFCS,0.09999732789574958
2022-07-14,17,AR1 alpha + Enhanced + One-Step,NASDAQ:UFCS,0.09999832418785096
2022-07-15,17,AR1 alpha + Enhanced + One-Step,NASDAQ:UFCS,0.09999896685339116
2022-07-18,17,AR1 alpha + Enhanced + One-Step,NASDAQ:UFCS,0.09999909828544531
2022-07-19,17,AR1 alpha + Enhanced + One-Step,NASDAQ:UFCS,0.09999921408857372
2022-07-20,17,AR1 alpha + Enhanced + One-Step,NASDAQ:UFCS,0.09999942194179502
2022-07-21,17,AR1 alpha + Enhanced + One-Step,NASDAQ:UFCS,0.09999956962283629
2022-07-22,17,AR1 alpha + Enhanced + One-Step,NASDAQ:UFCS,0.09999956009964339
2022-07-25,17,AR1 alpha + Enhanced + One-Step,NASDAQ:UFCS,0.10000003314822749
2022-07-26,17,AR1 alpha + Enhanced + One-Step,NASDAQ:UFCS,0.1000000086436014
2022-07-27,17,AR1 alpha + Enhanced + One-Step,NASDAQ:UFCS,0.10000000636960305
2022-07-28,17,AR1 alpha + Enhanced + One-Step,NASDAQ:UFCS,0.10000001064247667
2022-07-29,17,AR1 alpha + Enhanced + One-Step,NASDAQ:UFCS,0.0999952192905897
2022-08-01,17,AR1 alpha + Enhanced + One-Step,NASDAQ:UFCS,0.09999698202184645
2022-08-02,17,AR1 alpha + Enhanced + One-Step,NASDAQ:UFCS,0.09999626214626148
2022-08-03,17,AR1 alpha + Enhanced + One-Step,NASDAQ:UFCS,0.09999624047428275
2022-08-04,17,AR1 alpha + Enhanced + One-Step,NASDAQ:UFCS,0.09999755377632828
2022-08-05,17,AR1 alpha + Enhanced + One-Step,NASDAQ:UFCS,0.09999398525455394
2022-08-08,17,AR1 alpha + Enhanced + One-Step,NASDAQ:UFCS,0.07506425396632205
2022-08-09,17,AR1 alpha + Enhanced + One-Step,NASDAQ:UFCS,0.05001828753191144
2022-08-10,17,AR1 alpha + Enhanced + One-Step,NASDAQ:UFCS,0.05001543134824889
2022-08-11,17,AR1 alpha + Enhanced + One-Step,NASDAQ:UFCS,0.04257239892135941
2022-08-12,17,AR1 alpha + Enhanced + One-Step,NASDAQ:UFCS,0.028483390161359676
2022-08-15,17,AR1 alpha + Enhanced + One-Step,NASDAQ:UFCS,0.020405182457345395
2022-08-16,17,AR1 alpha + Enhanced + One-Step,NASDAQ:UFCS,0.015224877749600236
2022-08-17,17,AR1 alpha + Enhanced + One-Step,NASDAQ:UFCS,0.01333964489135241
2022-08-18,17,AR1 alpha + Enhanced + One-Step,NASDAQ:UFCS,0.01333818294819064
2022-08-19,17,AR1 alpha + Enhanced + One-Step,NASDAQ:UFCS,0.01333780742808888
2022-08-22,17,AR1 alpha + Enhanced + One-Step,NASDAQ:UFCS,0.03826979517646073
2022-08-23,17,AR1 alpha + Enhanced + One-Step,NASDAQ:UFCS,0.06321616090869839
2022-08-24,17,AR1 alpha + Enhanced + One-Step,NASDAQ:UFCS,0.06321605561544133
2022-08-25,17,AR1 alpha + Enhanced + One-Step,NASDAQ:UFCS,0.03834455971725523
2022-08-26,17,AR1 alpha + Enhanced + One-Step,NASDAQ:UFCS,0.03308396325100618
2022-08-29,17,AR1 alpha + Enhanced + One-Step,NASDAQ:UFCS,0.0315622454006078
2022-08-30,17,AR1 alpha + Enhanced + One-Step,NASDAQ:UFCS,0.04506506921932351
2022-08-31,17,AR1 alpha + Enhanced + One-Step,NASDAQ:UFCS,0.05484748777742393
2022-09-01,17,AR1 alpha + Enhanced + One-Step,NASDAQ:UFCS,0.06471618015714092
2022-09-02,17,AR1 alpha + Enhanced + One-Step,NASDAQ:UFCS,0.07579184797662013
2022-09-06,17,AR1 alpha + Enhanced + One-Step,NASDAQ:UFCS,0.07579178914316001
2022-09-07,17,AR1 alpha + Enhanced + One-Step,NASDAQ:UFCS,0.07024393475631628
2022-09-08,17,AR1 alpha + Enhanced + One-Step,NASDAQ:UFCS,0.07143339963939843
2022-09-09,17,AR1 alpha + Enhanced + One-Step,NASDAQ:UFCS,0.0714325108864969
2022-09-12,17,AR1 alpha + Enhanced + One-Step,NASDAQ:UFCS,0.07143183464218619
2022-09-13,17,AR1 alpha + Enhanced + One-Step,NASDAQ:UFCS,0.07143185603846879
2022-09-14,17,AR1 alpha + Enhanced + One-Step,NASDAQ:UFCS,0.09446822921378847
2022-09-15,17,AR1 alpha + Enhanced + One-Step,NASDAQ:UFCS,0.09221730583546683
2022-09-16,17,AR1 alpha + Enhanced + One-Step,NASDAQ:UFCS,0.08325604133690362
2022-09-19,17,AR1 alpha + Enhanced + One-Step,NASDAQ:UFCS,0.08897463238379415
2022-09-20,17,AR1 alpha + Enhanced + One-Step,NASDAQ:UFCS,0.10000019729643872
2022-09-21,17,AR1 alpha + Enhanced + One-Step,NASDAQ:UFCS,0.09999987958900039
2022-09-22,17,AR1 alpha + Enhanced + One-Step,NASDAQ:UFCS,0.09999998308132341
2022-09-23,17,AR1 alpha + Enhanced + One-Step,NASDAQ:UFCS,0.09999754974209472
2022-09-26,17,AR1 alpha + Enhanced + One-Step,NASDAQ:UFCS,0.09999849632330061
2022-09-27,17,AR1 alpha + Enhanced + One-Step,NASDAQ:UFCS,0.09999904163135775
2022-09-28,17,AR1 alpha + Enhanced + One-Step,NASDAQ:UFCS,0.09999907305199299
2022-09-29,17,AR1 alpha + Enhanced + One-Step,NASDAQ:UFCS,0.09999969179964117
2022-09-30,17,AR1 alpha + Enhanced + One-Step,NASDAQ:UFCS,0.09999972243746337
2022-10-03,17,AR1 alpha + Enhanced + One-Step,NASDAQ:UFCS,0.09999984425814305
2022-10-04,17,AR1 alpha + Enhanced + One-Step,NASDAQ:UFCS,0.09999974421436253
2022-10-05,17,AR1 alpha + Enhanced + One-Step,NASDAQ:UFCS,0.09999532965106475
2022-10-06,17,AR1 alpha + Enhanced + One-Step,NASDAQ:UFCS,0.09999514652274114
2022-10-07,17,AR1 alpha + Enhanced + One-Step,NASDAQ:UFCS,0.09999720891964417
2022-10-10,17,AR1 alpha + Enhanced + One-Step,NASDAQ:UFCS,0.09999682818338254
2022-10-11,17,AR1 alpha + Enhanced + One-Step,NASDAQ:UFCS,0.08680301066946025
2022-10-12,17,AR1 alpha + Enhanced + One-Step,NASDAQ:UFCS,0.09999915359602417
2022-10-13,17,AR1 alpha + Enhanced + One-Step,NASDAQ:UFCS,0.08234378653871276
2022-10-14,17,AR1 alpha + Enhanced + One-Step,NASDAQ:UFCS,0.06941834399011669
2022-10-17,17,AR1 alpha + Enhanced + One-Step,NASDAQ:UFCS,0.06941841064661618
2022-10-18,17,AR1 alpha + Enhanced + One-Step,NASDAQ:UFCS,0.06941844190793597
2022-10-19,17,AR1 alpha + Enhanced + One-Step,NASDAQ:UFCS,0.06941843161662917
2022-10-20,17,AR1 alpha + Enhanced + One-Step,NASDAQ:UFCS,0.08836293495010061
2022-10-21,17,AR1 alpha + Enhanced + One-Step,NASDAQ:UFCS,0.08836298085873659
2022-10-24,17,AR1 alpha + Enhanced + One-Step,NASDAQ:UFCS,0.08836077044173518
2022-10-25,17,AR1 alpha + Enhanced + One-Step,NASDAQ:UFCS,0.08079404263532539
2022-10-26,17,AR1 alpha + Enhanced + One-Step,NASDAQ:UFCS,0.08079403367731397
2022-10-27,17,AR1 alpha + Enhanced + One-Step,NASDAQ:UFCS,0.09999728067182569
2022-10-28,17,AR1 alpha + Enhanced + One-Step,NASDAQ:UFCS,0.09999833325931863
2022-10-31,17,AR1 alpha + Enhanced + One-Step,NASDAQ:UFCS,0.09999793233223556
2022-11-01,17,AR1 alpha + Enhanced + One-Step,NASDAQ:UFCS,0.09999640849580889
2022-11-02,17,AR1 alpha + Enhanced + One-Step,NASDAQ:UFCS,0.09999802313355825
2022-11-03,17,AR1 alpha + Enhanced + One-Step,NASDAQ:UFCS,0.10000048594481885
2022-11-04,17,AR1 alpha + Enhanced + One-Step,NASDAQ:UFCS,0.09999993803617255
2022-11-07,17,AR1 alpha + Enhanced + One-Step,NASDAQ:UFCS,0.09999636667277716
2022-11-08,17,AR1 alpha + Enhanced + One-Step,NASDAQ:UFCS,0.09999647560943344
2022-11-09,17,AR1 alpha + Enhanced + One-Step,NASDAQ:UFCS,0.09999749166087725
2022-11-10,17,AR1 alpha + Enhanced + One-Step,NASDAQ:UFCS,0.09481309616714578
2022-11-11,17,AR1 alpha + Enhanced + One-Step,NASDAQ:UFCS,0.09481256412017468
2022-11-14,17,AR1 alpha + Enhanced + One-Step,NASDAQ:UFCS,0.09481222129737854
2022-11-15,17,AR1 alpha + Enhanced + One-Step,NASDAQ:UFCS,0.08321277108325788
2022-11-16,17,AR1 alpha + Enhanced + One-Step,NASDAQ:UFCS,0.08321281167716998
2022-11-17,17,AR1 alpha + Enhanced + One-Step,NASDAQ:UFCS,0.0832123943156522
2022-11-18,17,AR1 alpha + Enhanced + One-Step,NASDAQ:UFCS,0.0868184192912957
2022-11-21,17,AR1 alpha + Enhanced + One-Step,NASDAQ:UFCS,0.09005784155420887
2022-11-22,17,AR1 alpha + Enhanced + One-Step,NASDAQ:UFCS,0.09397263047910215
2022-11-23,17,AR1 alpha + Enhanced + One-Step,NASDAQ:UFCS,0.1000004591461373
2022-11-25,17,AR1 alpha + Enhanced + One-Step,NASDAQ:UFCS,0.1000003267572033
2022-11-28,17,AR1 alpha + Enhanced + One-Step,NASDAQ:UFCS,0.1000001989486001
2022-11-29,17,AR1 alpha + Enhanced + One-Step,NASDAQ:UFCS,0.10000011506422089
2022-11-30,17,AR1 alpha + Enhanced + One-Step,NASDAQ:UFCS,0.100000064674466
2022-12-01,17,AR1 alpha + Enhanced + One-Step,NASDAQ:UFCS,0.09999951355765424
2022-12-02,17,AR1 alpha + Enhanced + One-Step,NASDAQ:UFCS,0.09999974101418037
2022-12-05,17,AR1 alpha + Enhanced + One-Step,NASDAQ:UFCS,0.09999626191469184
2022-12-06,17,AR1 alpha + Enhanced + One-Step,NASDAQ:UFCS,0.09999430398851891
2022-12-07,17,AR1 alpha + Enhanced + One-Step,NASDAQ:UFCS,0.09999384448896918
2022-12-08,17,AR1 alpha + Enhanced + One-Step,NASDAQ:UFCS,0.09999648272387275
2022-12-09,17,AR1 alpha + Enhanced + One-Step,NASDAQ:UFCS,0.09999347361473127
2022-12-12,17,AR1 alpha + Enhanced + One-Step,NASDAQ:UFCS,0.09999370468549693
2022-12-13,17,AR1 alpha + Enhanced + One-Step,NASDAQ:UFCS,0.09999290024139534
2022-12-14,17,AR1 alpha + Enhanced + One-Step,NASDAQ:UFCS,0.09999100167200604
2022-12-15,17,AR1 alpha + Enhanced + One-Step,NASDAQ:UFCS,0.09999034869581144
2022-12-16,17,AR1 alpha + Enhanced + One-Step,NASDAQ:UFCS,0.09999010741403722
2022-12-19,17,AR1 alpha + Enhanced + One-Step,NASDAQ:UFCS,0.09999580776828468
2022-12-20,17,AR1 alpha + Enhanced + One-Step,NASDAQ:UFCS,0.09717241301251679
2022-12-21,17,AR1 alpha + Enhanced + One-Step,NASDAQ:UFCS,0.07686293043532727
2022-12-22,17,AR1 alpha + Enhanced + One-Step,NASDAQ:UFCS,0.0655727203466796
2022-12-23,17,AR1 alpha + Enhanced + One-Step,NASDAQ:UFCS,0.05582176039860726
2022-12-27,17,AR1 alpha + Enhanced + One-Step,NASDAQ:UFCS,0.05582176133515565
2022-12-28,17,AR1 alpha + Enhanced + One-Step,NASDAQ:UFCS,0.07864259465302399
2022-12-29,17,AR1 alpha + Enhanced + One-Step,NASDAQ:UFCS,0.07881059767625055
2022-12-30,17,AR1 alpha + Enhanced + One-Step,NASDAQ:UFCS,0.08859420994113798
2023-01-03,17,AR1 alpha + Enhanced + One-Step,NASDAQ:UFCS,0.08918247498834994
2023-01-04,17,AR1 alpha + Enhanced + One-Step,NASDAQ:UFCS,0.08918238146108831
2023-01-05,17,AR1 alpha + Enhanced + One-Step,NASDAQ:UFCS,0.08918316070464817
2023-01-06,17,AR1 alpha + Enhanced + One-Step,NASDAQ:UFCS,0.08600225944319242
2023-01-09,17,AR1 alpha + Enhanced + One-Step,NASDAQ:UFCS,0.08599850878594763
2023-01-10,17,AR1 alpha + Enhanced + One-Step,NASDAQ:UFCS,0.08579344956942177
2023-01-11,17,AR1 alpha + Enhanced + One-Step,NASDAQ:UFCS,0.08333941674294063
2023-01-12,17,AR1 alpha + Enhanced + One-Step,NASDAQ:UFCS,0.07130876781214718
2023-01-13,17,AR1 alpha + Enhanced + One-Step,NASDAQ:UFCS,0.04844366286876436
2023-01-17,17,AR1 alpha + Enhanced + One-Step,NASDAQ:UFCS,0.02532768310444168
2023-01-18,17,AR1 alpha + Enhanced + One-Step,NASDAQ:UFCS,0.02532768794636939
2023-01-19,17,AR1 alpha + Enhanced + One-Step,NASDAQ:UFCS,0.02532694929111255
2023-01-20,17,AR1 alpha + Enhanced + One-Step,NASDAQ:UFCS,0.03414468697966322
2023-01-23,17,AR1 alpha + Enhanced + One-Step,NASDAQ:UFCS,0.03856360367496828
2023-01-24,17,AR1 alpha + Enhanced + One-Step,NASDAQ:UFCS,0.0387509376671349
2023-01-25,17,AR1 alpha + Enhanced + One-Step,NASDAQ:UFCS,0.03682336971269006
2023-01-26,17,AR1 alpha + Enhanced + One-Step,NASDAQ:UFCS,0.03682328027262596
2023-01-27,17,AR1 alpha + Enhanced + One-Step,NASDAQ:UFCS,0.0376037928652227
2023-01-30,17,AR1 alpha + Enhanced + One-Step,NASDAQ:UFCS,0.03760364234931681
2023-01-31,17,AR1 alpha + Enhanced + One-Step,NASDAQ:UFCS,0.037601438267377794
2023-02-01,17,AR1 alpha + Enhanced + One-Step,NASDAQ:UFCS,0.0376133751224654
2023-02-02,17,AR1 alpha + Enhanced + One-Step,NASDAQ:UFCS,0.03761458501493766
2023-02-03,17,AR1 alpha + Enhanced + One-Step,NASDAQ:UFCS,0.03761470299131254
2023-02-06,17,AR1 alpha + Enhanced + One-Step,NASDAQ:UFCS,0.037614299096275845
2023-02-07,17,AR1 alpha + Enhanced + One-Step,NASDAQ:UFCS,0.03761742283520672
2023-02-08,17,AR1 alpha + Enhanced + One-Step,NASDAQ:UFCS,0.03761828582567185
2023-02-09,17,AR1 alpha + Enhanced + One-Step,NASDAQ:UFCS,0.03761841315213405
2023-02-10,17,AR1 alpha + Enhanced + One-Step,NASDAQ:UFCS,0.041138920976345
2023-02-13,17,AR1 alpha + Enhanced + One-Step,NASDAQ:UFCS,0.06614016225965315
2023-02-14,17,AR1 alpha + Enhanced + One-Step,NASDAQ:UFCS,0.09117890186359272
2023-02-15,17,AR1 alpha + Enhanced + One-Step,NASDAQ:UFCS,0.09999962405597011
2023-02-16,17,AR1 alpha + Enhanced + One-Step,NASDAQ:UFCS,0.09999450071149041
2023-02-17,17,AR1 alpha + Enhanced + One-Step,NASDAQ:UFCS,0.09934924742030847
2023-02-21,17,AR1 alpha + Enhanced + One-Step,NASDAQ:UFCS,0.08023902972571928
2023-02-22,17,AR1 alpha + Enhanced + One-Step,NASDAQ:UFCS,0.0773620202474281
2023-02-23,17,AR1 alpha + Enhanced + One-Step,NASDAQ:UFCS,0.06501900284036338
2023-02-24,17,AR1 alpha + Enhanced + One-Step,NASDAQ:UFCS,0.06502114031724936
2023-02-27,17,AR1 alpha + Enhanced + One-Step,NASDAQ:UFCS,0.06502126972056001
2023-02-28,17,AR1 alpha + Enhanced + One-Step,NASDAQ:UFCS,0.06502269318730959
2023-03-01,17,AR1 alpha + Enhanced + One-Step,NASDAQ:UFCS,0.06502245683786904
2023-03-02,17,AR1 alpha + Enhanced + One-Step,NASDAQ:UFCS,0.06502005792747378
2023-03-03,17,AR1 alpha + Enhanced + One-Step,NASDAQ:UFCS,0.06501693450531827
2023-03-06,17,AR1 alpha + Enhanced + One-Step,NASDAQ:UFCS,0.08206706620684194
2023-03-07,17,AR1 alpha + Enhanced + One-Step,NASDAQ:UFCS,0.09999814993566071
2023-03-08,17,AR1 alpha + Enhanced + One-Step,NASDAQ:UFCS,0.09507374755927381
2023-03-09,17,AR1 alpha + Enhanced + One-Step,NASDAQ:UFCS,0.09999900116151524
2023-03-10,17,AR1 alpha + Enhanced + One-Step,NASDAQ:UFCS,0.09999919973961195
2023-03-13,17,AR1 alpha + Enhanced + One-Step,NASDAQ:UFCS,0.09999942292639173
2023-03-14,17,AR1 alpha + Enhanced + One-Step,NASDAQ:UFCS,0.09999977647705045
2023-03-15,17,AR1 alpha + Enhanced + One-Step,NASDAQ:UFCS,0.09999969985797005
2023-03-16,17,AR1 alpha + Enhanced + One-Step,NASDAQ:UFCS,0.0952244075353681
2023-03-17,17,AR1 alpha + Enhanced + One-Step,NASDAQ:UFCS,0.09522419509070741
2023-03-20,17,AR1 alpha + Enhanced + One-Step,NASDAQ:UFCS,0.08131254883328459
2023-03-21,17,AR1 alpha + Enhanced + One-Step,NASDAQ:UFCS,0.06274138254916987
2023-03-22,17,AR1 alpha + Enhanced + One-Step,NASDAQ:UFCS,0.06273869062270068
2023-03-23,17,AR1 alpha + Enhanced + One-Step,NASDAQ:UFCS,0.08772623163127789
2023-03-24,17,AR1 alpha + Enhanced + One-Step,NASDAQ:UFCS,0.07219552823356833
2023-03-27,17,AR1 alpha + Enhanced + One-Step,NASDAQ:UFCS,0.06919485856342639
2023-03-28,17,AR1 alpha + Enhanced + One-Step,NASDAQ:UFCS,0.0691946745351277
2023-03-29,17,AR1 alpha + Enhanced + One-Step,NASDAQ:UFCS,0.06835795192938003
2023-03-30,17,AR1 alpha + Enhanced + One-Step,NASDAQ:UFCS,0.06835797336958517
2023-03-31,17,AR1 alpha + Enhanced + One-Step,NASDAQ:UFCS,0.04991532446144402
2023-04-03,17,AR1 alpha + Enhanced + One-Step,NASDAQ:UFCS,0.03175797099238417
2023-04-04,17,AR1 alpha + Enhanced + One-Step,NASDAQ:UFCS,0.030258289327889223
2023-04-05,17,AR1 alpha + Enhanced + One-Step,NASDAQ:UFCS,0.021634167592115425
2023-04-06,17,AR1 alpha + Enhanced + One-Step,NASDAQ:UFCS,0.0043863532027237076
2023-04-10,17,AR1 alpha + Enhanced + One-Step,NASDAQ:UFCS,2.547645504561674e-06
2023-04-11,17,AR1 alpha + Enhanced + One-Step,NASDAQ:UFCS,0.0
2023-04-12,17,AR1 alpha + Enhanced + One-Step,NASDAQ:UFCS,0.0
2023-04-13,17,AR1 alpha + Enhanced + One-Step,NASDAQ:UFCS,0.002813712475109582
2023-04-14,17,AR1 alpha + Enhanced + One-Step,NASDAQ:UFCS,0.021950464189221353
2023-04-17,17,AR1 alpha + Enhanced + One-Step,NASDAQ:UFCS,0.03738388712704619
2023-04-18,17,AR1 alpha + Enhanced + One-Step,NASDAQ:UFCS,0.049510210550622644
2023-04-19,17,AR1 alpha + Enhanced + One-Step,NASDAQ:UFCS,0.052228031033882905
2023-04-20,17,AR1 alpha + Enhanced + One-Step,NASDAQ:UFCS,0.052228115597566904
2023-04-21,17,AR1 alpha + Enhanced + One-Step,NASDAQ:UFCS,0.06097501091066996
2023-04-24,17,AR1 alpha + Enhanced + One-Step,NASDAQ:UFCS,0.07019613840731316
2023-04-25,17,AR1 alpha + Enhanced + One-Step,NASDAQ:UFCS,0.07019540136410186
2023-04-26,17,AR1 alpha + Enhanced + One-Step,NASDAQ:UFCS,0.08357365015840369
2023-04-27,17,AR1 alpha + Enhanced + One-Step,NASDAQ:UFCS,0.08125775508470844
2023-04-28,17,AR1 alpha + Enhanced + One-Step,NASDAQ:UFCS,0.07499514654951428
2023-05-01,17,AR1 alpha + Enhanced + One-Step,NASDAQ:UFCS,0.0749947920155298
2023-05-02,17,AR1 alpha + Enhanced + One-Step,NASDAQ:UFCS,0.07499489570391533
2023-05-03,17,AR1 alpha + Enhanced + One-Step,NASDAQ:UFCS,0.0741477638450102
2023-05-04,17,AR1 alpha + Enhanced + One-Step,NASDAQ:UFCS,0.0741477274275642
2023-05-05,17,AR1 alpha + Enhanced + One-Step,NASDAQ:UFCS,0.060605893187065156
2023-05-08,17,AR1 alpha + Enhanced + One-Step,NASDAQ:UFCS,0.05110203322240261
2023-05-09,17,AR1 alpha + Enhanced + One-Step,NASDAQ:UFCS,0.07610374858507948
2023-05-10,17,AR1 alpha + Enhanced + One-Step,NASDAQ:UFCS,0.09425013416142415
2023-05-11,17,AR1 alpha + Enhanced + One-Step,NASDAQ:UFCS,0.09425010789620908
2023-05-12,17,AR1 alpha + Enhanced + One-Step,NASDAQ:UFCS,0.0943827493472597
2023-05-15,17,AR1 alpha + Enhanced + One-Step,NASDAQ:UFCS,0.09438083282940901
2023-05-16,17,AR1 alpha + Enhanced + One-Step,NASDAQ:UFCS,0.09999949985912987
2023-05-17,17,AR1 alpha + Enhanced + One-Step,NASDAQ:UFCS,0.09999922035999964
2023-05-18,17,AR1 alpha + Enhanced + One-Step,NASDAQ:UFCS,0.10000039623000129
2023-05-19,17,AR1 alpha + Enhanced + One-Step,NASDAQ:UFCS,0.1000002120353857
2023-05-22,17,AR1 alpha + Enhanced + One-Step,NASDAQ:UFCS,0.10000009188503364
2023-05-23,17,AR1 alpha + Enhanced + One-Step,NASDAQ:UFCS,0.09999915757252162
2023-05-24,17,AR1 alpha + Enhanced + One-Step,NASDAQ:UFCS,0.09999904311989662
2023-05-25,17,AR1 alpha + Enhanced + One-Step,NASDAQ:UFCS,0.09999906048813528
2023-05-26,17,AR1 alpha + Enhanced + One-Step,NASDAQ:UFCS,0.09999842621244273
2023-05-30,17,AR1 alpha + Enhanced + One-Step,NASDAQ:UFCS,0.09999815266456286
2023-05-31,17,AR1 alpha + Enhanced + One-Step,NASDAQ:UFCS,0.09999754524153454
2023-06-01,17,AR1 alpha + Enhanced + One-Step,NASDAQ:UFCS,0.09999481891014113
2023-06-02,17,AR1 alpha + Enhanced + One-Step,NASDAQ:UFCS,0.07769336478637323
2023-06-05,17,AR1 alpha + Enhanced + One-Step,NASDAQ:UFCS,0.07769143135236882
2023-06-06,17,AR1 alpha + Enhanced + One-Step,NASDAQ:UFCS,0.052603983514869536
2023-06-07,17,AR1 alpha + Enhanced + One-Step,NASDAQ:UFCS,0.027610922691440942
2023-06-08,17,AR1 alpha + Enhanced + One-Step,NASDAQ:UFCS,0.002637335372471531
2023-06-09,17,AR1 alpha + Enhanced + One-Step,NASDAQ:UFCS,0.0
2023-06-12,17,AR1 alpha + Enhanced + One-Step,NASDAQ:UFCS,0.0
2023-06-13,17,AR1 alpha + Enhanced + One-Step,NASDAQ:UFCS,0.0
2023-06-14,17,AR1 alpha + Enhanced + One-Step,NASDAQ:UFCS,1.921800228778388e-07
2023-06-15,17,AR1 alpha + Enhanced + One-Step,NASDAQ:UFCS,0.0
2023-06-16,17,AR1 alpha + Enhanced + One-Step,NASDAQ:UFCS,0.0
2023-06-20,17,AR1 alpha + Enhanced + One-Step,NASDAQ:UFCS,0.0
2023-06-21,17,AR1 alpha + Enhanced + One-Step,NASDAQ:UFCS,0.0
2023-06-22,17,AR1 alpha + Enhanced + One-Step,NASDAQ:UFCS,7.306148658531088e-08
2023-06-23,17,AR1 alpha + Enhanced + One-Step,NASDAQ:UFCS,0.0
2023-06-26,17,AR1 alpha + Enhanced + One-Step,NASDAQ:UFCS,0.0
2023-06-27,17,AR1 alpha + Enhanced + One-Step,NASDAQ:UFCS,0.0
2023-06-28,17,AR1 alpha + Enhanced + One-Step,NASDAQ:UFCS,0.0
2023-06-29,17,AR1 alpha + Enhanced + One-Step,NASDAQ:UFCS,0.0
2023-06-30,17,AR1 alpha + Enhanced + One-Step,NASDAQ:UFCS,0.0
2023-07-03,17,AR1 alpha + Enhanced + One-Step,NASDAQ:UFCS,0.0
2023-07-05,17,AR1 alpha + Enhanced + One-Step,NASDAQ:UFCS,0.0
2023-07-06,17,AR1 alpha + Enhanced + One-Step,NASDAQ:UFCS,4.1751740907010204e-08
2023-07-07,17,AR1 alpha + Enhanced + One-Step,NASDAQ:UFCS,0.0
2023-07-10,17,AR1 alpha + Enhanced + One-Step,NASDAQ:UFCS,1.823876875530747e-08
2023-07-11,17,AR1 alpha + Enhanced + One-Step,NASDAQ:UFCS,0.0
2023-07-12,17,AR1 alpha + Enhanced + One-Step,NASDAQ:UFCS,7.02472192807386e-08
2023-07-13,17,AR1 alpha + Enhanced + One-Step,NASDAQ:UFCS,0.0
2023-07-14,17,AR1 alpha + Enhanced + One-Step,NASDAQ:UFCS,0.0
2023-07-17,17,AR1 alpha + Enhanced + One-Step,NASDAQ:UFCS,0.0
2023-07-18,17,AR1 alpha + Enhanced + One-Step,NASDAQ:UFCS,2.3846232561472595e-07
2023-07-19,17,AR1 alpha + Enhanced + One-Step,NASDAQ:UFCS,0.0
2023-07-20,17,AR1 alpha + Enhanced + One-Step,NASDAQ:UFCS,0.0
2023-07-21,17,AR1 alpha + Enhanced + One-Step,NASDAQ:UFCS,0.0
2023-07-24,17,AR1 alpha + Enhanced + One-Step,NASDAQ:UFCS,0.0
2023-07-25,17,AR1 alpha + Enhanced + One-Step,NASDAQ:UFCS,0.0
2023-07-26,17,AR1 alpha + Enhanced + One-Step,NASDAQ:UFCS,0.0
2023-07-27,17,AR1 alpha + Enhanced + One-Step,NASDAQ:UFCS,0.0
2023-08-01,17,AR1 alpha + Enhanced + One-Step,NASDAQ:UFCS,0.025042184173684198
2023-08-02,17,AR1 alpha + Enhanced + One-Step,NASDAQ:UFCS,0.03424216885740806
2023-08-03,17,AR1 alpha + Enhanced + One-Step,NASDAQ:UFCS,0.03424237534700672
2023-08-04,17,AR1 alpha + Enhanced + One-Step,NASDAQ:UFCS,0.034244697963605734
2023-08-07,17,AR1 alpha + Enhanced + One-Step,NASDAQ:UFCS,0.02481420080350201
2023-08-08,17,AR1 alpha + Enhanced + One-Step,NASDAQ:UFCS,0.02481421163075697
2023-08-09,17,AR1 alpha + Enhanced + One-Step,NASDAQ:UFCS,0.024814200942819012
2023-08-10,17,AR1 alpha + Enhanced + One-Step,NASDAQ:UFCS,0.0049803876593128415
2023-08-11,17,AR1 alpha + Enhanced + One-Step,NASDAQ:UFCS,0.0019448952650922243
2023-08-14,17,AR1 alpha + Enhanced + One-Step,NASDAQ:UFCS,0.0
2023-08-15,17,AR1 alpha + Enhanced + One-Step,NASDAQ:UFCS,9.279036632511479e-08
2023-08-16,17,AR1 alpha + Enhanced + One-Step,NASDAQ:UFCS,0.0
2023-08-17,17,AR1 alpha + Enhanced + One-Step,NASDAQ:UFCS,6.217135424994613e-08
2023-08-18,17,AR1 alpha + Enhanced + One-Step,NASDAQ:UFCS,0.0
2023-08-21,17,AR1 alpha + Enhanced + One-Step,NASDAQ:UFCS,0.0
2023-08-22,17,AR1 alpha + Enhanced + One-Step,NASDAQ:UFCS,0.0
2023-08-23,17,AR1 alpha + Enhanced + One-Step,NASDAQ:UFCS,0.0
2023-08-24,17,AR1 alpha + Enhanced + One-Step,NASDAQ:UFCS,0.0
2023-08-25,17,AR1 alpha + Enhanced + One-Step,NASDAQ:UFCS,0.0
2023-08-28,17,AR1 alpha + Enhanced + One-Step,NASDAQ:UFCS,0.0
2023-08-29,17,AR1 alpha + Enhanced + One-Step,NASDAQ:UFCS,0.0
2023-08-30,17,AR1 alpha + Enhanced + One-Step,NASDAQ:UFCS,0.0
2023-08-31,17,AR1 alpha + Enhanced + One-Step,NASDAQ:UFCS,0.0
2023-09-01,17,AR1 alpha + Enhanced + One-Step,NASDAQ:UFCS,0.0
2023-09-05,17,AR1 alpha + Enhanced + One-Step,NASDAQ:UFCS,0.0
2023-09-06,17,AR1 alpha + Enhanced + One-Step,NASDAQ:UFCS,0.0
2023-09-07,17,AR1 alpha + Enhanced + One-Step,NASDAQ:UFCS,5.151630660031716e-08
2023-09-08,17,AR1 alpha + Enhanced + One-Step,NASDAQ:UFCS,0.0
2023-09-11,17,AR1 alpha + Enhanced + One-Step,NASDAQ:UFCS,4.874115433553329e-08
2023-09-12,17,AR1 alpha + Enhanced + One-Step,NASDAQ:UFCS,1.2719055483976349e-07
2023-09-13,17,AR1 alpha + Enhanced + One-Step,NASDAQ:UFCS,0.0
2023-09-14,17,AR1 alpha + Enhanced + One-Step,NASDAQ:UFCS,4.09743772664309e-08
2023-09-15,17,AR1 alpha + Enhanced + One-Step,NASDAQ:UFCS,4.085874101900259e-07
2023-09-18,17,AR1 alpha + Enhanced + One-Step,NASDAQ:UFCS,2.2118183454515754e-08
2023-09-19,17,AR1 alpha + Enhanced + One-Step,NASDAQ:UFCS,2.312131307466444e-08
2023-09-20,17,AR1 alpha + Enhanced + One-Step,NASDAQ:UFCS,0.0
2023-09-21,17,AR1 alpha + Enhanced + One-Step,NASDAQ:UFCS,5.451278735763178e-08
2023-09-22,17,AR1 alpha + Enhanced + One-Step,NASDAQ:UFCS,4.785767131594285e-08
2023-09-25,17,AR1 alpha + Enhanced + One-Step,NASDAQ:UFCS,0.0
2023-09-26,17,AR1 alpha + Enhanced + One-Step,NASDAQ:UFCS,0.0
2023-09-27,17,AR1 alpha + Enhanced + One-Step,NASDAQ:UFCS,0.0
2023-09-28,17,AR1 alpha + Enhanced + One-Step,NASDAQ:UFCS,1.4926499592162558e-08
2023-09-29,17,AR1 alpha + Enhanced + One-Step,NASDAQ:UFCS,3.5051668958221755e-09
2023-10-02,17,AR1 alpha + Enhanced + One-Step,NASDAQ:UFCS,0.0
2023-10-03,17,AR1 alpha + Enhanced + One-Step,NASDAQ:UFCS,0.0
2023-10-04,17,AR1 alpha + Enhanced + One-Step,NASDAQ:UFCS,0.0
2023-10-05,17,AR1 alpha + Enhanced + One-Step,NASDAQ:UFCS,0.0
2023-10-06,17,AR1 alpha + Enhanced + One-Step,NASDAQ:UFCS,0.0
2023-10-09,17,AR1 alpha + Enhanced + One-Step,NASDAQ:UFCS,0.0
2023-10-10,17,AR1 alpha + Enhanced + One-Step,NASDAQ:UFCS,0.0
2023-10-11,17,AR1 alpha + Enhanced + One-Step,NASDAQ:UFCS,0.0
2023-10-12,17,AR1 alpha + Enhanced + One-Step,NASDAQ:UFCS,3.1107553862588694e-09
2023-10-13,17,AR1 alpha + Enhanced + One-Step,NASDAQ:UFCS,0.0
2023-10-16,17,AR1 alpha + Enhanced + One-Step,NASDAQ:UFCS,0.0
2023-10-17,17,AR1 alpha + Enhanced + One-Step,NASDAQ:UFCS,0.0
2023-10-18,17,AR1 alpha + Enhanced + One-Step,NASDAQ:UFCS,8.753631328872704e-08
2023-10-19,17,AR1 alpha + Enhanced + One-Step,NASDAQ:UFCS,2.984549628322856e-08
2023-10-20,17,AR1 alpha + Enhanced + One-Step,NASDAQ:UFCS,8.568706152411702e-08
2023-10-23,17,AR1 alpha + Enhanced + One-Step,NASDAQ:UFCS,0.0
2023-10-24,17,AR1 alpha + Enhanced + One-Step,NASDAQ:UFCS,5.668999685835633e-09
2023-10-25,17,AR1 alpha + Enhanced + One-Step,NASDAQ:UFCS,0.0
2023-10-26,17,AR1 alpha + Enhanced + One-Step,NASDAQ:UFCS,0.0
2023-10-27,17,AR1 alpha + Enhanced + One-Step,NASDAQ:UFCS,0.0
2023-10-30,17,AR1 alpha + Enhanced + One-Step,NASDAQ:UFCS,0.0
2023-10-31,17,AR1 alpha + Enhanced + One-Step,NASDAQ:UFCS,1.000905082139729e-07
2023-11-01,17,AR1 alpha + Enhanced + One-Step,NASDAQ:UFCS,0.0
2023-11-02,17,AR1 alpha + Enhanced + One-Step,NASDAQ:UFCS,8.069574756355422e-07
2023-11-03,17,AR1 alpha + Enhanced + One-Step,NASDAQ:UFCS,5.298223007405415e-07
2023-11-06,17,AR1 alpha + Enhanced + One-Step,NASDAQ:UFCS,3.9115285524236e-07
2023-11-07,17,AR1 alpha + Enhanced + One-Step,NASDAQ:UFCS,0.0
2023-11-08,17,AR1 alpha + Enhanced + One-Step,NASDAQ:UFCS,0.0
2023-11-09,17,AR1 alpha + Enhanced + One-Step,NASDAQ:UFCS,0.0
2023-11-10,17,AR1 alpha + Enhanced + One-Step,NASDAQ:UFCS,0.0
2023-11-13,17,AR1 alpha + Enhanced + One-Step,NASDAQ:UFCS,0.0
2023-11-14,17,AR1 alpha + Enhanced + One-Step,NASDAQ:UFCS,3.55283801264986e-07
2023-11-15,17,AR1 alpha + Enhanced + One-Step,NASDAQ:UFCS,5.762088705851275e-08
2023-11-16,17,AR1 alpha + Enhanced + One-Step,NASDAQ:UFCS,0.0
2023-11-17,17,AR1 alpha + Enhanced + One-Step,NASDAQ:UFCS,0.0
2023-11-20,17,AR1 alpha + Enhanced + One-Step,NASDAQ:UFCS,6.446452588810614e-08
2023-11-21,17,AR1 alpha + Enhanced + One-Step,NASDAQ:UFCS,6.521106993362081e-09
2023-11-22,17,AR1 alpha + Enhanced + One-Step,NASDAQ:UFCS,0.0
2023-11-24,17,AR1 alpha + Enhanced + One-Step,NASDAQ:UFCS,1.6210523044910092e-09
2023-11-27,17,AR1 alpha + Enhanced + One-Step,NASDAQ:UFCS,4.728517518901253e-08
2023-11-28,17,AR1 alpha + Enhanced + One-Step,NASDAQ:UFCS,9.285409583561373e-08
2023-11-29,17,AR1 alpha + Enhanced + One-Step,NASDAQ:UFCS,0.0
2023-11-30,17,AR1 alpha + Enhanced + One-Step,NASDAQ:UFCS,0.0
2023-12-01,17,AR1 alpha + Enhanced + One-Step,NASDAQ:UFCS,0.0
2023-12-04,17,AR1 alpha + Enhanced + One-Step,NASDAQ:UFCS,0.0
2023-12-05,17,AR1 alpha + Enhanced + One-Step,NASDAQ:UFCS,0.0
2023-12-06,17,AR1 alpha + Enhanced + One-Step,NASDAQ:UFCS,0.0
2023-12-07,17,AR1 alpha + Enhanced + One-Step,NASDAQ:UFCS,0.0
2023-12-08,17,AR1 alpha + Enhanced + One-Step,NASDAQ:UFCS,4.9723224127648097e-08
2023-12-11,17,AR1 alpha + Enhanced + One-Step,NASDAQ:UFCS,0.0
2023-12-12,17,AR1 alpha + Enhanced + One-Step,NASDAQ:UFCS,0.0
2023-12-13,17,AR1 alpha + Enhanced + One-Step,NASDAQ:UFCS,6.568575615191392e-07
2023-12-14,17,AR1 alpha + Enhanced + One-Step,NASDAQ:UFCS,3.462501609968951e-07
2023-12-15,17,AR1 alpha + Enhanced + One-Step,NASDAQ:UFCS,0.0
2023-12-18,17,AR1 alpha + Enhanced + One-Step,NASDAQ:UFCS,0.0
2023-12-19,17,AR1 alpha + Enhanced + One-Step,NASDAQ:UFCS,0.0
2023-12-20,17,AR1 alpha + Enhanced + One-Step,NASDAQ:UFCS,2.7873138061123897e-07
2023-12-21,17,AR1 alpha + Enhanced + One-Step,NASDAQ:UFCS,1.7965114145801761e-07
2023-12-22,17,AR1 alpha + Enhanced + One-Step,NASDAQ:UFCS,1.28859813397013e-07
2023-12-26,17,AR1 alpha + Enhanced + One-Step,NASDAQ:UFCS,0.0
2023-12-27,17,AR1 alpha + Enhanced + One-Step,NASDAQ:UFCS,0.0
2023-12-28,17,AR1 alpha + Enhanced + One-Step,NASDAQ:UFCS,2.8569697647006616e-08
2023-12-29,17,AR1 alpha + Enhanced + One-Step,NASDAQ:UFCS,2.580360817297112e-07
2024-01-02,17,AR1 alpha + Enhanced + One-Step,NASDAQ:UFCS,0.0
2024-01-03,17,AR1 alpha + Enhanced + One-Step,NASDAQ:UFCS,0.0
2024-01-04,17,AR1 alpha + Enhanced + One-Step,NASDAQ:UFCS,0.0
2024-01-05,17,AR1 alpha + Enhanced + One-Step,NASDAQ:UFCS,2.4318171008744233e-07
2024-01-08,17,AR1 alpha + Enhanced + One-Step,NASDAQ:UFCS,4.695840590991084e-07
2024-01-09,17,AR1 alpha + Enhanced + One-Step,NASDAQ:UFCS,2.4872194250351376e-08
2024-01-10,17,AR1 alpha + Enhanced + One-Step,NASDAQ:UFCS,0.0
2024-01-11,17,AR1 alpha + Enhanced + One-Step,NASDAQ:UFCS,0.0
2024-01-12,17,AR1 alpha + Enhanced + One-Step,NASDAQ:UFCS,0.0
2024-01-16,17,AR1 alpha + Enhanced + One-Step,NASDAQ:UFCS,0.0
2024-01-17,17,AR1 alpha + Enhanced + One-Step,NASDAQ:UFCS,0.0
2024-01-18,17,AR1 alpha + Enhanced + One-Step,NASDAQ:UFCS,0.0
2024-01-19,17,AR1 alpha + Enhanced + One-Step,NASDAQ:UFCS,0.0
2024-01-22,17,AR1 alpha + Enhanced + One-Step,NASDAQ:UFCS,0.0
2024-01-23,17,AR1 alpha + Enhanced + One-Step,NASDAQ:UFCS,0.0
2024-01-24,17,AR1 alpha + Enhanced + One-Step,NASDAQ:UFCS,0.0
2024-01-25,17,AR1 alpha + Enhanced + One-Step,NASDAQ:UFCS,0.0
2024-01-26,17,AR1 alpha + Enhanced + One-Step,NASDAQ:UFCS,0.0
2024-01-29,17,AR1 alpha + Enhanced + One-Step,NASDAQ:UFCS,0.0
2024-01-30,17,AR1 alpha + Enhanced + One-Step,NASDAQ:UFCS,0.0
2024-01-31,17,AR1 alpha + Enhanced + One-Step,NASDAQ:UFCS,0.0
2024-02-01,17,AR1 alpha + Enhanced + One-Step,NASDAQ:UFCS,0.0
2024-02-02,17,AR1 alpha + Enhanced + One-Step,NASDAQ:UFCS,0.0
2024-02-05,17,AR1 alpha + Enhanced + One-Step,NASDAQ:UFCS,0.0
2024-02-06,17,AR1 alpha + Enhanced + One-Step,NASDAQ:UFCS,0.0
2024-02-07,17,AR1 alpha + Enhanced + One-Step,NASDAQ:UFCS,4.734410969455037e-09
2024-02-08,17,AR1 alpha + Enhanced + One-Step,NASDAQ:UFCS,0.0
2024-02-09,17,AR1 alpha + Enhanced + One-Step,NASDAQ:UFCS,0.0
2024-02-12,17,AR1 alpha + Enhanced + One-Step,NASDAQ:UFCS,0.0
2024-02-13,17,AR1 alpha + Enhanced + One-Step,NASDAQ:UFCS,0.0
2024-02-14,17,AR1 alpha + Enhanced + One-Step,NASDAQ:UFCS,2.6718370928309053e-07
2024-02-15,17,AR1 alpha + Enhanced + One-Step,NASDAQ:UFCS,0.0
2024-02-16,17,AR1 alpha + Enhanced + One-Step,NASDAQ:UFCS,4.6540849259802894e-07
2024-02-20,17,AR1 alpha + Enhanced + One-Step,NASDAQ:UFCS,5.446792032354961e-07
2024-02-21,17,AR1 alpha + Enhanced + One-Step,NASDAQ:UFCS,0.0
2024-02-22,17,AR1 alpha + Enhanced + One-Step,NASDAQ:UFCS,0.0
2024-02-23,17,AR1 alpha + Enhanced + One-Step,NASDAQ:UFCS,0.0
2024-02-26,17,AR1 alpha + Enhanced + One-Step,NASDAQ:UFCS,0.0
2024-02-27,17,AR1 alpha + Enhanced + One-Step,NASDAQ:UFCS,0.0
2024-02-28,17,AR1 alpha + Enhanced + One-Step,NASDAQ:UFCS,0.0
2024-02-29,17,AR1 alpha + Enhanced + One-Step,NASDAQ:UFCS,0.0
2024-03-01,17,AR1 alpha + Enhanced + One-Step,NASDAQ:UFCS,0.0
2024-03-04,17,AR1 alpha + Enhanced + One-Step,NASDAQ:UFCS,0.0
2024-03-05,17,AR1 alpha + Enhanced + One-Step,NASDAQ:UFCS,0.0
2024-03-06,17,AR1 alpha + Enhanced + One-Step,NASDAQ:UFCS,0.0
2024-03-07,17,AR1 alpha + Enhanced + One-Step,NASDAQ:UFCS,0.0
2024-03-08,17,AR1 alpha + Enhanced + One-Step,NASDAQ:UFCS,0.0
2024-03-11,17,AR1 alpha + Enhanced + One-Step,NASDAQ:UFCS,0.0
2024-03-12,17,AR1 alpha + Enhanced + One-Step,NASDAQ:UFCS,0.0
2024-03-13,17,AR1 alpha + Enhanced + One-Step,NASDAQ:UFCS,0.0
2024-03-14,17,AR1 alpha + Enhanced + One-Step,NASDAQ:UFCS,0.0
2024-03-15,17,AR1 alpha + Enhanced + One-Step,NASDAQ:UFCS,9.799397708607043e-08
2024-03-18,17,AR1 alpha + Enhanced + One-Step,NASDAQ:UFCS,0.0
2024-03-19,17,AR1 alpha + Enhanced + One-Step,NASDAQ:UFCS,0.0
2024-03-20,17,AR1 alpha + Enhanced + One-Step,NASDAQ:UFCS,0.0
2024-03-21,17,AR1 alpha + Enhanced + One-Step,NASDAQ:UFCS,0.0
2024-03-22,17,AR1 alpha + Enhanced + One-Step,NASDAQ:UFCS,0.0
2024-03-25,17,AR1 alpha + Enhanced + One-Step,NASDAQ:UFCS,0.0
2024-03-26,17,AR1 alpha + Enhanced + One-Step,NASDAQ:UFCS,0.0
2024-03-27,17,AR1 alpha + Enhanced + One-Step,NASDAQ:UFCS,0.0
2024-03-28,17,AR1 alpha + Enhanced + One-Step,NASDAQ:UFCS,1.8605962246612135e-07
2024-04-01,17,AR1 alpha + Enhanced + One-Step,NASDAQ:UFCS,2.4346296529220984e-07
2024-04-02,17,AR1 alpha + Enhanced + One-Step,NASDAQ:UFCS,6.127755304407513e-08
2024-04-03,17,AR1 alpha + Enhanced + One-Step,NASDAQ:UFCS,0.0
2024-04-04,17,AR1 alpha + Enhanced + One-Step,NASDAQ:UFCS,0.0
2024-04-05,17,AR1 alpha + Enhanced + One-Step,NASDAQ:UFCS,0.0
2024-04-08,17,AR1 alpha + Enhanced + One-Step,NASDAQ:UFCS,1.177521531020481e-07
2024-04-09,17,AR1 alpha + Enhanced + One-Step,NASDAQ:UFCS,0.0
2024-04-10,17,AR1 alpha + Enhanced + One-Step,NASDAQ:UFCS,0.0
2024-04-11,17,AR1 alpha + Enhanced + One-Step,NASDAQ:UFCS,0.0
2024-04-12,17,AR1 alpha + Enhanced + One-Step,NASDAQ:UFCS,0.0
2024-04-15,17,AR1 alpha + Enhanced + One-Step,NASDAQ:UFCS,0.0
2024-04-16,17,AR1 alpha + Enhanced + One-Step,NASDAQ:UFCS,0.0
2024-04-17,17,AR1 alpha + Enhanced + One-Step,NASDAQ:UFCS,7.889748894639644e-08
2024-04-18,17,AR1 alpha + Enhanced + One-Step,NASDAQ:UFCS,0.0
2024-04-19,17,AR1 alpha + Enhanced + One-Step,NASDAQ:UFCS,0.0
2020-03-25,17,AR1 alpha + Enhanced + One-Step,NASDAQ:SIGI,0.020000000000007227
2020-03-26,17,AR1 alpha + Enhanced + One-Step,NASDAQ:SIGI,0.02000000000001305
2020-03-27,17,AR1 alpha + Enhanced + One-Step,NASDAQ:SIGI,0.019999993994779967
2020-03-30,17,AR1 alpha + Enhanced + One-Step,NASDAQ:SIGI,0.0200011711712011
2020-03-31,17,AR1 alpha + Enhanced + One-Step,NASDAQ:SIGI,0.02000540609599337
2020-04-01,17,AR1 alpha + Enhanced + One-Step,NASDAQ:SIGI,0.020005474090068594
2020-04-02,17,AR1 alpha + Enhanced + One-Step,NASDAQ:SIGI,0.020004304182374425
2020-04-03,17,AR1 alpha + Enhanced + One-Step,NASDAQ:SIGI,0.02000588162599107
2020-04-06,17,AR1 alpha + Enhanced + One-Step,NASDAQ:SIGI,0.020006376218247888
2020-04-07,17,AR1 alpha + Enhanced + One-Step,NASDAQ:SIGI,0.020007509521423376
2020-04-08,17,AR1 alpha + Enhanced + One-Step,NASDAQ:SIGI,0.02000762693357826
2020-04-09,17,AR1 alpha + Enhanced + One-Step,NASDAQ:SIGI,0.02000759550410029
2020-04-13,17,AR1 alpha + Enhanced + One-Step,NASDAQ:SIGI,0.020007206727494283
2020-04-14,17,AR1 alpha + Enhanced + One-Step,NASDAQ:SIGI,0.02000879227529156
2020-04-15,17,AR1 alpha + Enhanced + One-Step,NASDAQ:SIGI,0.020009190297449846
2020-04-16,17,AR1 alpha + Enhanced + One-Step,NASDAQ:SIGI,0.020009322174892877
2020-04-17,17,AR1 alpha + Enhanced + One-Step,NASDAQ:SIGI,0.02000934296623753
2020-04-20,17,AR1 alpha + Enhanced + One-Step,NASDAQ:SIGI,0.020009214118612298
2020-04-21,17,AR1 alpha + Enhanced + One-Step,NASDAQ:SIGI,0.02000948849133607
2020-04-22,17,AR1 alpha + Enhanced + One-Step,NASDAQ:SIGI,0.020009754909343713
2020-04-23,17,AR1 alpha + Enhanced + One-Step,NASDAQ:SIGI,0.020009573036975377
2020-04-24,17,AR1 alpha + Enhanced + One-Step,NASDAQ:SIGI,0.020009646028252524
2020-04-27,17,AR1 alpha + Enhanced + One-Step,NASDAQ:SIGI,0.020009643478740926
2020-04-28,17,AR1 alpha + Enhanced + One-Step,NASDAQ:SIGI,0.02000964257994288
2020-04-29,17,AR1 alpha + Enhanced + One-Step,NASDAQ:SIGI,0.02000963951174989
2020-04-30,17,AR1 alpha + Enhanced + One-Step,NASDAQ:SIGI,0.020009697883502233
2020-05-01,17,AR1 alpha + Enhanced + One-Step,NASDAQ:SIGI,0.020008764012414963
2020-05-04,17,AR1 alpha + Enhanced + One-Step,NASDAQ:SIGI,0.020008788021601494
2020-05-05,17,AR1 alpha + Enhanced + One-Step,NASDAQ:SIGI,0.02000875008234998
2020-05-06,17,AR1 alpha + Enhanced + One-Step,NASDAQ:SIGI,0.020008749810075818
2020-05-07,17,AR1 alpha + Enhanced + One-Step,NASDAQ:SIGI,0.017561473601892343
2020-05-08,17,AR1 alpha + Enhanced + One-Step,NASDAQ:SIGI,0.0
2020-05-11,17,AR1 alpha + Enhanced + One-Step,NASDAQ:SIGI,0.0
2020-05-12,17,AR1 alpha + Enhanced + One-Step,NASDAQ:SIGI,0.0
2020-05-13,17,AR1 alpha + Enhanced + One-Step,NASDAQ:SIGI,4.962400599015073e-08
2020-05-14,17,AR1 alpha + Enhanced + One-Step,NASDAQ:SIGI,0.0
2020-05-15,17,AR1 alpha + Enhanced + One-Step,NASDAQ:SIGI,3.4406728719834596e-08
2020-05-18,17,AR1 alpha + Enhanced + One-Step,NASDAQ:SIGI,6.467455224695926e-08
2020-05-19,17,AR1 alpha + Enhanced + One-Step,NASDAQ:SIGI,0.0
2020-05-20,17,AR1 alpha + Enhanced + One-Step,NASDAQ:SIGI,1.7103451896517134e-08
2020-05-21,17,AR1 alpha + Enhanced + One-Step,NASDAQ:SIGI,0.0
2020-05-22,17,AR1 alpha + Enhanced + One-Step,NASDAQ:SIGI,0.0
2020-05-26,17,AR1 alpha + Enhanced + One-Step,NASDAQ:SIGI,0.0
2020-05-27,17,AR1 alpha + Enhanced + One-Step,NASDAQ:SIGI,4.249924628039834e-08
2020-05-28,17,AR1 alpha + Enhanced + One-Step,NASDAQ:SIGI,2.412042695620969e-08
2020-05-29,17,AR1 alpha + Enhanced + One-Step,NASDAQ:SIGI,1.2285628994613715e-08
2020-06-01,17,AR1 alpha + Enhanced + One-Step,NASDAQ:SIGI,6.014246231218873e-08
2020-06-02,17,AR1 alpha + Enhanced + One-Step,NASDAQ:SIGI,2.1381765761611875e-08
2020-06-03,17,AR1 alpha + Enhanced + One-Step,NASDAQ:SIGI,3.598110701272622e-07
2020-06-04,17,AR1 alpha + Enhanced + One-Step,NASDAQ:SIGI,1.4046793115402773e-08
2020-06-05,17,AR1 alpha + Enhanced + One-Step,NASDAQ:SIGI,0.0
2020-06-08,17,AR1 alpha + Enhanced + One-Step,NASDAQ:SIGI,0.0
2020-06-09,17,AR1 alpha + Enhanced + One-Step,NASDAQ:SIGI,8.331864782052857e-09
2020-06-10,17,AR1 alpha + Enhanced + One-Step,NASDAQ:SIGI,4.037326135277769e-09
2020-06-11,17,AR1 alpha + Enhanced + One-Step,NASDAQ:SIGI,3.576960241296654e-07
2020-06-12,17,AR1 alpha + Enhanced + One-Step,NASDAQ:SIGI,1.8536284298208814e-07
2020-06-15,17,AR1 alpha + Enhanced + One-Step,NASDAQ:SIGI,0.0
2020-06-16,17,AR1 alpha + Enhanced + One-Step,NASDAQ:SIGI,9.827811427694538e-09
2020-06-17,17,AR1 alpha + Enhanced + One-Step,NASDAQ:SIGI,3.8039391798380434e-10
2020-06-18,17,AR1 alpha + Enhanced + One-Step,NASDAQ:SIGI,0.0
2020-06-19,17,AR1 alpha + Enhanced + One-Step,NASDAQ:SIGI,6.329423166079175e-09
2020-06-22,17,AR1 alpha + Enhanced + One-Step,NASDAQ:SIGI,4.864580002348047e-08
2020-06-23,17,AR1 alpha + Enhanced + One-Step,NASDAQ:SIGI,9.241369156221506e-09
2020-06-24,17,AR1 alpha + Enhanced + One-Step,NASDAQ:SIGI,0.0
2020-06-25,17,AR1 alpha + Enhanced + One-Step,NASDAQ:SIGI,1.5918543785538512e-08
2020-06-26,17,AR1 alpha + Enhanced + One-Step,NASDAQ:SIGI,0.0
2020-06-29,17,AR1 alpha + Enhanced + One-Step,NASDAQ:SIGI,0.0
2020-06-30,17,AR1 alpha + Enhanced + One-Step,NASDAQ:SIGI,0.0
2020-07-01,17,AR1 alpha + Enhanced + One-Step,NASDAQ:SIGI,0.0
2020-07-02,17,AR1 alpha + Enhanced + One-Step,NASDAQ:SIGI,4.8334055445614957e-08
2020-07-06,17,AR1 alpha + Enhanced + One-Step,NASDAQ:SIGI,5.9037611300132404e-09
2020-07-07,17,AR1 alpha + Enhanced + One-Step,NASDAQ:SIGI,0.0
2020-07-08,17,AR1 alpha + Enhanced + One-Step,NASDAQ:SIGI,0.0
2020-07-09,17,AR1 alpha + Enhanced + One-Step,NASDAQ:SIGI,0.0
2020-07-10,17,AR1 alpha + Enhanced + One-Step,NASDAQ:SIGI,0.0
2020-07-13,17,AR1 alpha + Enhanced + One-Step,NASDAQ:SIGI,0.0
2020-07-14,17,AR1 alpha + Enhanced + One-Step,NASDAQ:SIGI,0.0
2020-07-15,17,AR1 alpha + Enhanced + One-Step,NASDAQ:SIGI,6.732776803555505e-08
2020-07-16,17,AR1 alpha + Enhanced + One-Step,NASDAQ:SIGI,2.24497550376853e-08
2020-07-17,17,AR1 alpha + Enhanced + One-Step,NASDAQ:SIGI,7.146780546196479e-09
2020-07-20,17,AR1 alpha + Enhanced + One-Step,NASDAQ:SIGI,2.5674734722248862e-08
2020-07-21,17,AR1 alpha + Enhanced + One-Step,NASDAQ:SIGI,8.38360408905082e-08
2020-07-22,17,AR1 alpha + Enhanced + One-Step,NASDAQ:SIGI,6.75295787956909e-08
2020-07-23,17,AR1 alpha + Enhanced + One-Step,NASDAQ:SIGI,0.0
2020-07-24,17,AR1 alpha + Enhanced + One-Step,NASDAQ:SIGI,0.0
2020-07-27,17,AR1 alpha + Enhanced + One-Step,NASDAQ:SIGI,0.0
2020-07-28,17,AR1 alpha + Enhanced + One-Step,NASDAQ:SIGI,0.0
2020-07-29,17,AR1 alpha + Enhanced + One-Step,NASDAQ:SIGI,0.0
2020-07-30,17,AR1 alpha + Enhanced + One-Step,NASDAQ:SIGI,0.0
2020-07-31,17,AR1 alpha + Enhanced + One-Step,NASDAQ:SIGI,0.0
2020-08-03,17,AR1 alpha + Enhanced + One-Step,NASDAQ:SIGI,9.481828668053487e-08
2020-08-04,17,AR1 alpha + Enhanced + One-Step,NASDAQ:SIGI,3.101713631019389e-08
2020-08-05,17,AR1 alpha + Enhanced + One-Step,NASDAQ:SIGI,0.0
2020-08-06,17,AR1 alpha + Enhanced + One-Step,NASDAQ:SIGI,0.0
2020-08-07,17,AR1 alpha + Enhanced + One-Step,NASDAQ:SIGI,1.876174503498941e-07
2020-08-10,17,AR1 alpha + Enhanced + One-Step,NASDAQ:SIGI,1.8076199842116933e-07
2020-08-11,17,AR1 alpha + Enhanced + One-Step,NASDAQ:SIGI,0.0
2020-08-12,17,AR1 alpha + Enhanced + One-Step,NASDAQ:SIGI,8.954642174875865e-10
2020-08-13,17,AR1 alpha + Enhanced + One-Step,NASDAQ:SIGI,1.1509413800283066e-09
2020-08-14,17,AR1 alpha + Enhanced + One-Step,NASDAQ:SIGI,1.9808886982282666e-09
2020-08-17,17,AR1 alpha + Enhanced + One-Step,NASDAQ:SIGI,0.0
2020-08-18,17,AR1 alpha + Enhanced + One-Step,NASDAQ:SIGI,0.0
2020-08-19,17,AR1 alpha + Enhanced + One-Step,NASDAQ:SIGI,0.0
2020-08-20,17,AR1 alpha + Enhanced + One-Step,NASDAQ:SIGI,0.0
2020-08-21,17,AR1 alpha + Enhanced + One-Step,NASDAQ:SIGI,0.0
2020-08-24,17,AR1 alpha + Enhanced + One-Step,NASDAQ:SIGI,0.0
2020-08-25,17,AR1 alpha + Enhanced + One-Step,NASDAQ:SIGI,8.71572718341715e-08
2020-08-26,17,AR1 alpha + Enhanced + One-Step,NASDAQ:SIGI,0.0
2020-08-27,17,AR1 alpha + Enhanced + One-Step,NASDAQ:SIGI,0.0
2020-08-28,17,AR1 alpha + Enhanced + One-Step,NASDAQ:SIGI,2.8050324926557125e-09
2020-08-31,17,AR1 alpha + Enhanced + One-Step,NASDAQ:SIGI,0.0
2020-09-01,17,AR1 alpha + Enhanced + One-Step,NASDAQ:SIGI,0.0
2020-09-02,17,AR1 alpha + Enhanced + One-Step,NASDAQ:SIGI,5.2095286677241275e-09
2020-09-03,17,AR1 alpha + Enhanced + One-Step,NASDAQ:SIGI,0.0
2020-09-04,17,AR1 alpha + Enhanced + One-Step,NASDAQ:SIGI,2.7191764206435972e-08
2020-09-08,17,AR1 alpha + Enhanced + One-Step,NASDAQ:SIGI,1.7844917201251666e-07
2020-09-09,17,AR1 alpha + Enhanced + One-Step,NASDAQ:SIGI,9.675686757332335e-08
2020-09-10,17,AR1 alpha + Enhanced + One-Step,NASDAQ:SIGI,9.943674855821921e-08
2020-09-11,17,AR1 alpha + Enhanced + One-Step,NASDAQ:SIGI,8.994279097149709e-08
2020-09-14,17,AR1 alpha + Enhanced + One-Step,NASDAQ:SIGI,4.940555838737695e-07
2020-09-15,17,AR1 alpha + Enhanced + One-Step,NASDAQ:SIGI,3.011745925100835e-07
2020-09-16,17,AR1 alpha + Enhanced + One-Step,NASDAQ:SIGI,0.0
2020-09-17,17,AR1 alpha + Enhanced + One-Step,NASDAQ:SIGI,0.0
2020-09-18,17,AR1 alpha + Enhanced + One-Step,NASDAQ:SIGI,0.0
2020-09-21,17,AR1 alpha + Enhanced + One-Step,NASDAQ:SIGI,0.0
2020-09-22,17,AR1 alpha + Enhanced + One-Step,NASDAQ:SIGI,4.855284552634435e-09
2020-09-23,17,AR1 alpha + Enhanced + One-Step,NASDAQ:SIGI,0.0
2020-09-24,17,AR1 alpha + Enhanced + One-Step,NASDAQ:SIGI,0.0
2020-09-25,17,AR1 alpha + Enhanced + One-Step,NASDAQ:SIGI,0.0
2020-09-28,17,AR1 alpha + Enhanced + One-Step,NASDAQ:SIGI,1.9263620416448874e-10
2020-09-29,17,AR1 alpha + Enhanced + One-Step,NASDAQ:SIGI,0.0
2020-09-30,17,AR1 alpha + Enhanced + One-Step,NASDAQ:SIGI,0.0
2020-10-01,17,AR1 alpha + Enhanced + One-Step,NASDAQ:SIGI,1.53133845197569e-07
2020-10-02,17,AR1 alpha + Enhanced + One-Step,NASDAQ:SIGI,1.4095342970161756e-07
2020-10-05,17,AR1 alpha + Enhanced + One-Step,NASDAQ:SIGI,3.6268522086661344e-07
2020-10-06,17,AR1 alpha + Enhanced + One-Step,NASDAQ:SIGI,1.7409146642504144e-07
2020-10-07,17,AR1 alpha + Enhanced + One-Step,NASDAQ:SIGI,5.395603287601956e-07
2020-10-08,17,AR1 alpha + Enhanced + One-Step,NASDAQ:SIGI,3.28222687230308e-07
2020-10-09,17,AR1 alpha + Enhanced + One-Step,NASDAQ:SIGI,2.698840151018364e-07
2020-10-12,17,AR1 alpha + Enhanced + One-Step,NASDAQ:SIGI,1.6224889742367173e-07
2020-10-13,17,AR1 alpha + Enhanced + One-Step,NASDAQ:SIGI,3.4348243119483715e-07
2020-10-14,17,AR1 alpha + Enhanced + One-Step,NASDAQ:SIGI,0.0
2020-10-15,17,AR1 alpha + Enhanced + One-Step,NASDAQ:SIGI,0.0
2020-10-16,17,AR1 alpha + Enhanced + One-Step,NASDAQ:SIGI,0.0
2020-10-19,17,AR1 alpha + Enhanced + One-Step,NASDAQ:SIGI,0.0
2020-10-20,17,AR1 alpha + Enhanced + One-Step,NASDAQ:SIGI,0.0
2020-10-21,17,AR1 alpha + Enhanced + One-Step,NASDAQ:SIGI,0.0
2020-10-22,17,AR1 alpha + Enhanced + One-Step,NASDAQ:SIGI,0.0
2020-10-23,17,AR1 alpha + Enhanced + One-Step,NASDAQ:SIGI,0.0
2020-10-26,17,AR1 alpha + Enhanced + One-Step,NASDAQ:SIGI,0.0
2020-10-27,17,AR1 alpha + Enhanced + One-Step,NASDAQ:SIGI,4.144465293388432e-07
2020-10-28,17,AR1 alpha + Enhanced + One-Step,NASDAQ:SIGI,3.4494760780377103e-07
2020-10-29,17,AR1 alpha + Enhanced + One-Step,NASDAQ:SIGI,6.38263911748771e-07
2020-10-30,17,AR1 alpha + Enhanced + One-Step,NASDAQ:SIGI,3.954531677513625e-07
2020-11-02,17,AR1 alpha + Enhanced + One-Step,NASDAQ:SIGI,1.141185634684901e-06
2020-11-03,17,AR1 alpha + Enhanced + One-Step,NASDAQ:SIGI,5.208463819427832e-07
2020-11-04,17,AR1 alpha + Enhanced + One-Step,NASDAQ:SIGI,2.000355632359454e-06
2020-11-05,17,AR1 alpha + Enhanced + One-Step,NASDAQ:SIGI,2.0438536688872896e-06
2020-11-06,17,AR1 alpha + Enhanced + One-Step,NASDAQ:SIGI,1.1633076653245054e-06
2020-11-09,17,AR1 alpha + Enhanced + One-Step,NASDAQ:SIGI,6.724251077778319e-07
2020-11-10,17,AR1 alpha + Enhanced + One-Step,NASDAQ:SIGI,9.892990461176939e-07
2020-11-11,17,AR1 alpha + Enhanced + One-Step,NASDAQ:SIGI,7.309022736843037e-07
2020-11-12,17,AR1 alpha + Enhanced + One-Step,NASDAQ:SIGI,3.018247744338196e-07
2020-11-13,17,AR1 alpha + Enhanced + One-Step,NASDAQ:SIGI,1.7872189048362286e-07
2020-11-16,17,AR1 alpha + Enhanced + One-Step,NASDAQ:SIGI,7.385021869174462e-08
2020-11-17,17,AR1 alpha + Enhanced + One-Step,NASDAQ:SIGI,0.0
2020-11-18,17,AR1 alpha + Enhanced + One-Step,NASDAQ:SIGI,0.0
2020-11-19,17,AR1 alpha + Enhanced + One-Step,NASDAQ:SIGI,0.0
2020-11-20,17,AR1 alpha + Enhanced + One-Step,NASDAQ:SIGI,0.0
2020-11-23,17,AR1 alpha + Enhanced + One-Step,NASDAQ:SIGI,5.593675014352864e-08
2020-11-24,17,AR1 alpha + Enhanced + One-Step,NASDAQ:SIGI,0.0
2020-11-25,17,AR1 alpha + Enhanced + One-Step,NASDAQ:SIGI,0.0
2020-11-27,17,AR1 alpha + Enhanced + One-Step,NASDAQ:SIGI,0.0
2020-11-30,17,AR1 alpha + Enhanced + One-Step,NASDAQ:SIGI,0.0
2020-12-01,17,AR1 alpha + Enhanced + One-Step,NASDAQ:SIGI,1.864779359774152e-07
2020-12-04,17,AR1 alpha + Enhanced + One-Step,NASDAQ:SIGI,1.4963568696373895e-07
2020-12-07,17,AR1 alpha + Enhanced + One-Step,NASDAQ:SIGI,0.0
2020-12-08,17,AR1 alpha + Enhanced + One-Step,NASDAQ:SIGI,1.7722332092457952e-07
2020-12-09,17,AR1 alpha + Enhanced + One-Step,NASDAQ:SIGI,0.0
2020-12-10,17,AR1 alpha + Enhanced + One-Step,NASDAQ:SIGI,6.157649560233894e-08
2020-12-11,17,AR1 alpha + Enhanced + One-Step,NASDAQ:SIGI,0.0
2020-12-14,17,AR1 alpha + Enhanced + One-Step,NASDAQ:SIGI,0.0
2020-12-15,17,AR1 alpha + Enhanced + One-Step,NASDAQ:SIGI,1.8456446991236826e-08
2020-12-16,17,AR1 alpha + Enhanced + One-Step,NASDAQ:SIGI,0.0
2020-12-17,17,AR1 alpha + Enhanced + One-Step,NASDAQ:SIGI,0.0
2020-12-18,17,AR1 alpha + Enhanced + One-Step,NASDAQ:SIGI,1.0105489736409212e-06
2020-12-21,17,AR1 alpha + Enhanced + One-Step,NASDAQ:SIGI,1.0233852428582704e-06
2020-12-22,17,AR1 alpha + Enhanced + One-Step,NASDAQ:SIGI,5.891005466242125e-07
2020-12-23,17,AR1 alpha + Enhanced + One-Step,NASDAQ:SIGI,0.0
2020-12-24,17,AR1 alpha + Enhanced + One-Step,NASDAQ:SIGI,0.0
2020-12-28,17,AR1 alpha + Enhanced + One-Step,NASDAQ:SIGI,0.0
2020-12-29,17,AR1 alpha + Enhanced + One-Step,NASDAQ:SIGI,0.0
2020-12-30,17,AR1 alpha + Enhanced + One-Step,NASDAQ:SIGI,0.0
2020-12-31,17,AR1 alpha + Enhanced + One-Step,NASDAQ:SIGI,0.0
2021-01-04,17,AR1 alpha + Enhanced + One-Step,NASDAQ:SIGI,8.963879089621942e-09
2021-01-05,17,AR1 alpha + Enhanced + One-Step,NASDAQ:SIGI,7.246170658555487e-09
2021-01-06,17,AR1 alpha + Enhanced + One-Step,NASDAQ:SIGI,0.0
2021-01-07,17,AR1 alpha + Enhanced + One-Step,NASDAQ:SIGI,0.0
2021-01-08,17,AR1 alpha + Enhanced + One-Step,NASDAQ:SIGI,0.0
2021-01-11,17,AR1 alpha + Enhanced + One-Step,NASDAQ:SIGI,0.0
2021-01-12,17,AR1 alpha + Enhanced + One-Step,NASDAQ:SIGI,0.0
2021-01-13,17,AR1 alpha + Enhanced + One-Step,NASDAQ:SIGI,0.0
2021-01-14,17,AR1 alpha + Enhanced + One-Step,NASDAQ:SIGI,1.5308944210707716e-07
2021-01-15,17,AR1 alpha + Enhanced + One-Step,NASDAQ:SIGI,0.0
2021-01-19,17,AR1 alpha + Enhanced + One-Step,NASDAQ:SIGI,0.0
2021-01-20,17,AR1 alpha + Enhanced + One-Step,NASDAQ:SIGI,2.406778390011216e-07
2021-01-21,17,AR1 alpha + Enhanced + One-Step,NASDAQ:SIGI,0.0
2021-01-22,17,AR1 alpha + Enhanced + One-Step,NASDAQ:SIGI,0.0
2021-01-25,17,AR1 alpha + Enhanced + One-Step,NASDAQ:SIGI,0.0
2021-01-26,17,AR1 alpha + Enhanced + One-Step,NASDAQ:SIGI,0.0
2021-01-27,17,AR1 alpha + Enhanced + One-Step,NASDAQ:SIGI,1.4983859924941449e-07
2021-01-28,17,AR1 alpha + Enhanced + One-Step,NASDAQ:SIGI,1.434211604815189e-06
2021-01-29,17,AR1 alpha + Enhanced + One-Step,NASDAQ:SIGI,5.736589530748676e-07
2021-02-01,17,AR1 alpha + Enhanced + One-Step,NASDAQ:SIGI,3.211188959375862e-07
2021-02-02,17,AR1 alpha + Enhanced + One-Step,NASDAQ:SIGI,2.091269481578216e-07
2021-02-03,17,AR1 alpha + Enhanced + One-Step,NASDAQ:SIGI,0.0
2021-02-04,17,AR1 alpha + Enhanced + One-Step,NASDAQ:SIGI,0.0
2021-02-05,17,AR1 alpha + Enhanced + One-Step,NASDAQ:SIGI,0.0
2021-02-08,17,AR1 alpha + Enhanced + One-Step,NASDAQ:SIGI,3.166762166491745e-07
2021-02-09,17,AR1 alpha + Enhanced + One-Step,NASDAQ:SIGI,1.2344080222853192e-08
2021-02-10,17,AR1 alpha + Enhanced + One-Step,NASDAQ:SIGI,3.4490751239083234e-07
2021-02-11,17,AR1 alpha + Enhanced + One-Step,NASDAQ:SIGI,2.927586733631681e-07
2021-02-12,17,AR1 alpha + Enhanced + One-Step,NASDAQ:SIGI,1.5138338788997093e-07
2021-02-16,17,AR1 alpha + Enhanced + One-Step,NASDAQ:SIGI,0.0
2021-02-17,17,AR1 alpha + Enhanced + One-Step,NASDAQ:SIGI,0.0
2021-02-18,17,AR1 alpha + Enhanced + One-Step,NASDAQ:SIGI,7.221653921061743e-08
2021-02-19,17,AR1 alpha + Enhanced + One-Step,NASDAQ:SIGI,0.0
2021-02-22,17,AR1 alpha + Enhanced + One-Step,NASDAQ:SIGI,7.284414126071801e-07
2021-02-23,17,AR1 alpha + Enhanced + One-Step,NASDAQ:SIGI,2.1246149611606757e-06
2021-02-24,17,AR1 alpha + Enhanced + One-Step,NASDAQ:SIGI,1.5382411068989736e-06
2021-02-25,17,AR1 alpha + Enhanced + One-Step,NASDAQ:SIGI,0.0
2021-02-26,17,AR1 alpha + Enhanced + One-Step,NASDAQ:SIGI,2.8171742670501526e-07
2021-03-01,17,AR1 alpha + Enhanced + One-Step,NASDAQ:SIGI,3.011657744996627e-07
2021-03-02,17,AR1 alpha + Enhanced + One-Step,NASDAQ:SIGI,1.9907460402909973e-07
2021-03-03,17,AR1 alpha + Enhanced + One-Step,NASDAQ:SIGI,5.3169388540362646e-08
2021-03-04,17,AR1 alpha + Enhanced + One-Step,NASDAQ:SIGI,3.6896716751485095e-08
2021-03-05,17,AR1 alpha + Enhanced + One-Step,NASDAQ:SIGI,0.0
2021-03-08,17,AR1 alpha + Enhanced + One-Step,NASDAQ:SIGI,3.359467382842158e-09
2021-03-09,17,AR1 alpha + Enhanced + One-Step,NASDAQ:SIGI,0.0
2021-03-10,17,AR1 alpha + Enhanced + One-Step,NASDAQ:SIGI,1.3408201690138623e-06
2021-03-11,17,AR1 alpha + Enhanced + One-Step,NASDAQ:SIGI,1.6778582894403876e-07
2021-03-12,17,AR1 alpha + Enhanced + One-Step,NASDAQ:SIGI,7.509803677205143e-08
2021-03-15,17,AR1 alpha + Enhanced + One-Step,NASDAQ:SIGI,1.9114448677516425e-06
2021-03-16,17,AR1 alpha + Enhanced + One-Step,NASDAQ:SIGI,1.3770984080269006e-06
2021-03-17,17,AR1 alpha + Enhanced + One-Step,NASDAQ:SIGI,3.4955417192902234e-07
2021-03-18,17,AR1 alpha + Enhanced + One-Step,NASDAQ:SIGI,3.319410782766966e-07
2021-03-19,17,AR1 alpha + Enhanced + One-Step,NASDAQ:SIGI,0.0
2021-03-22,17,AR1 alpha + Enhanced + One-Step,NASDAQ:SIGI,2.3107788490982157e-07
2021-03-23,17,AR1 alpha + Enhanced + One-Step,NASDAQ:SIGI,1.2342111893027279e-06
2021-03-24,17,AR1 alpha + Enhanced + One-Step,NASDAQ:SIGI,7.733523360384211e-07
2021-03-25,17,AR1 alpha + Enhanced + One-Step,NASDAQ:SIGI,4.979011300434345e-07
2021-03-26,17,AR1 alpha + Enhanced + One-Step,NASDAQ:SIGI,5.404176889235309e-07
2021-03-29,17,AR1 alpha + Enhanced + One-Step,NASDAQ:SIGI,5.183757636581008e-07
2021-03-30,17,AR1 alpha + Enhanced + One-Step,NASDAQ:SIGI,7.991328204951907e-09
2021-03-31,17,AR1 alpha + Enhanced + One-Step,NASDAQ:SIGI,0.0
2021-04-01,17,AR1 alpha + Enhanced + One-Step,NASDAQ:SIGI,7.414251930362533e-07
2021-04-05,17,AR1 alpha + Enhanced + One-Step,NASDAQ:SIGI,6.266397079427343e-07
2021-04-06,17,AR1 alpha + Enhanced + One-Step,NASDAQ:SIGI,4.1910173944683375e-07
2021-04-07,17,AR1 alpha + Enhanced + One-Step,NASDAQ:SIGI,0.0
2021-04-08,17,AR1 alpha + Enhanced + One-Step,NASDAQ:SIGI,0.0
2021-04-09,17,AR1 alpha + Enhanced + One-Step,NASDAQ:SIGI,1.5060231385220614e-09
2021-04-12,17,AR1 alpha + Enhanced + One-Step,NASDAQ:SIGI,0.0
2021-04-13,17,AR1 alpha + Enhanced + One-Step,NASDAQ:SIGI,0.0
2021-04-14,17,AR1 alpha + Enhanced + One-Step,NASDAQ:SIGI,0.0
2021-04-15,17,AR1 alpha + Enhanced + One-Step,NASDAQ:SIGI,6.361810448086578e-07
2021-04-16,17,AR1 alpha + Enhanced + One-Step,NASDAQ:SIGI,4.360727330794661e-07
2021-04-19,17,AR1 alpha + Enhanced + One-Step,NASDAQ:SIGI,1.7333581119135646e-07
2021-04-20,17,AR1 alpha + Enhanced + One-Step,NASDAQ:SIGI,0.0
2021-04-21,17,AR1 alpha + Enhanced + One-Step,NASDAQ:SIGI,0.0
2021-04-22,17,AR1 alpha + Enhanced + One-Step,NASDAQ:SIGI,0.0
2021-04-23,17,AR1 alpha + Enhanced + One-Step,NASDAQ:SIGI,0.0
2021-04-26,17,AR1 alpha + Enhanced + One-Step,NASDAQ:SIGI,0.0
2021-04-27,17,AR1 alpha + Enhanced + One-Step,NASDAQ:SIGI,0.0
2021-04-28,17,AR1 alpha + Enhanced + One-Step,NASDAQ:SIGI,0.0
2021-04-29,17,AR1 alpha + Enhanced + One-Step,NASDAQ:SIGI,0.0
2021-04-30,17,AR1 alpha + Enhanced + One-Step,NASDAQ:SIGI,0.0
2021-05-03,17,AR1 alpha + Enhanced + One-Step,NASDAQ:SIGI,3.766532204100288e-06
2021-05-04,17,AR1 alpha + Enhanced + One-Step,NASDAQ:SIGI,2.3185992807609702e-06
2021-05-05,17,AR1 alpha + Enhanced + One-Step,NASDAQ:SIGI,1.4696464545240394e-06
2021-05-06,17,AR1 alpha + Enhanced + One-Step,NASDAQ:SIGI,1.3190376702638214e-06
2021-05-07,17,AR1 alpha + Enhanced + One-Step,NASDAQ:SIGI,9.704829533692983e-07
2021-05-10,17,AR1 alpha + Enhanced + One-Step,NASDAQ:SIGI,8.894723911721492e-07
2021-05-11,17,AR1 alpha + Enhanced + One-Step,NASDAQ:SIGI,6.527472596191444e-07
2021-05-12,17,AR1 alpha + Enhanced + One-Step,NASDAQ:SIGI,3.587698698138844e-07
2021-05-13,17,AR1 alpha + Enhanced + One-Step,NASDAQ:SIGI,0.0
2021-05-14,17,AR1 alpha + Enhanced + One-Step,NASDAQ:SIGI,6.006380803482116e-09
2021-05-17,17,AR1 alpha + Enhanced + One-Step,NASDAQ:SIGI,0.0
2021-05-18,17,AR1 alpha + Enhanced + One-Step,NASDAQ:SIGI,5.520011909416013e-07
2021-05-19,17,AR1 alpha + Enhanced + One-Step,NASDAQ:SIGI,1.506087277826404e-06
2021-05-20,17,AR1 alpha + Enhanced + One-Step,NASDAQ:SIGI,1.139964885524581e-06
2021-05-21,17,AR1 alpha + Enhanced + One-Step,NASDAQ:SIGI,8.951522995582304e-07
2021-05-24,17,AR1 alpha + Enhanced + One-Step,NASDAQ:SIGI,0.0
2021-05-25,17,AR1 alpha + Enhanced + One-Step,NASDAQ:SIGI,0.0
2021-05-26,17,AR1 alpha + Enhanced + One-Step,NASDAQ:SIGI,0.0
2021-05-27,17,AR1 alpha + Enhanced + One-Step,NASDAQ:SIGI,0.0
2021-05-28,17,AR1 alpha + Enhanced + One-Step,NASDAQ:SIGI,0.0
2021-06-01,17,AR1 alpha + Enhanced + One-Step,NASDAQ:SIGI,0.0
2021-06-02,17,AR1 alpha + Enhanced + One-Step,NASDAQ:SIGI,0.0
2021-06-03,17,AR1 alpha + Enhanced + One-Step,NASDAQ:SIGI,0.0
2021-06-04,17,AR1 alpha + Enhanced + One-Step,NASDAQ:SIGI,0.0
2021-06-07,17,AR1 alpha + Enhanced + One-Step,NASDAQ:SIGI,0.0
2021-06-08,17,AR1 alpha + Enhanced + One-Step,NASDAQ:SIGI,0.0
2021-06-09,17,AR1 alpha + Enhanced + One-Step,NASDAQ:SIGI,0.0
2021-06-10,17,AR1 alpha + Enhanced + One-Step,NASDAQ:SIGI,0.0
2021-06-11,17,AR1 alpha + Enhanced + One-Step,NASDAQ:SIGI,0.0
2021-06-14,17,AR1 alpha + Enhanced + One-Step,NASDAQ:SIGI,0.0
2021-06-15,17,AR1 alpha + Enhanced + One-Step,NASDAQ:SIGI,0.0
2021-06-16,17,AR1 alpha + Enhanced + One-Step,NASDAQ:SIGI,0.0
2021-06-17,17,AR1 alpha + Enhanced + One-Step,NASDAQ:SIGI,0.0
2021-06-18,17,AR1 alpha + Enhanced + One-Step,NASDAQ:SIGI,0.0
2021-06-21,17,AR1 alpha + Enhanced + One-Step,NASDAQ:SIGI,3.786947324872153e-07
2021-06-22,17,AR1 alpha + Enhanced + One-Step,NASDAQ:SIGI,0.0
2021-06-23,17,AR1 alpha + Enhanced + One-Step,NASDAQ:SIGI,0.0
2021-06-24,17,AR1 alpha + Enhanced + One-Step,NASDAQ:SIGI,1.6857469226286155e-06
2021-06-25,17,AR1 alpha + Enhanced + One-Step,NASDAQ:SIGI,1.9907841218627547e-06
2021-06-28,17,AR1 alpha + Enhanced + One-Step,NASDAQ:SIGI,1.2337306249791416e-06
2021-06-29,17,AR1 alpha + Enhanced + One-Step,NASDAQ:SIGI,1.272169097996902e-08
2021-06-30,17,AR1 alpha + Enhanced + One-Step,NASDAQ:SIGI,0.0
2021-07-01,17,AR1 alpha + Enhanced + One-Step,NASDAQ:SIGI,0.0
2021-07-02,17,AR1 alpha + Enhanced + One-Step,NASDAQ:SIGI,0.0
2021-07-06,17,AR1 alpha + Enhanced + One-Step,NASDAQ:SIGI,0.0
2021-07-07,17,AR1 alpha + Enhanced + One-Step,NASDAQ:SIGI,9.445832785934023e-07
2021-07-08,17,AR1 alpha + Enhanced + One-Step,NASDAQ:SIGI,5.217134103902554e-07
2021-07-09,17,AR1 alpha + Enhanced + One-Step,NASDAQ:SIGI,0.0
2021-07-12,17,AR1 alpha + Enhanced + One-Step,NASDAQ:SIGI,0.0
2021-07-13,17,AR1 alpha + Enhanced + One-Step,NASDAQ:SIGI,0.0
2021-07-14,17,AR1 alpha + Enhanced + One-Step,NASDAQ:SIGI,0.0
2021-07-15,17,AR1 alpha + Enhanced + One-Step,NASDAQ:SIGI,0.0
2021-07-16,17,AR1 alpha + Enhanced + One-Step,NASDAQ:SIGI,0.0
2021-07-19,17,AR1 alpha + Enhanced + One-Step,NASDAQ:SIGI,0.0
2021-07-20,17,AR1 alpha + Enhanced + One-Step,NASDAQ:SIGI,0.0
2021-07-21,17,AR1 alpha + Enhanced + One-Step,NASDAQ:SIGI,3.1383681499314247e-07
2021-07-22,17,AR1 alpha + Enhanced + One-Step,NASDAQ:SIGI,0.0
2021-07-23,17,AR1 alpha + Enhanced + One-Step,NASDAQ:SIGI,0.0
2021-07-26,17,AR1 alpha + Enhanced + One-Step,NASDAQ:SIGI,0.0
2021-07-27,17,AR1 alpha + Enhanced + One-Step,NASDAQ:SIGI,0.0
2021-07-28,17,AR1 alpha + Enhanced + One-Step,NASDAQ:SIGI,0.0
2021-07-29,17,AR1 alpha + Enhanced + One-Step,NASDAQ:SIGI,0.0
2021-07-30,17,AR1 alpha + Enhanced + One-Step,NASDAQ:SIGI,0.0
2021-08-02,17,AR1 alpha + Enhanced + One-Step,NASDAQ:SIGI,0.0
2021-08-03,17,AR1 alpha + Enhanced + One-Step,NASDAQ:SIGI,0.0
2021-08-04,17,AR1 alpha + Enhanced + One-Step,NASDAQ:SIGI,0.0
2021-08-05,17,AR1 alpha + Enhanced + One-Step,NASDAQ:SIGI,0.0
2021-08-06,17,AR1 alpha + Enhanced + One-Step,NASDAQ:SIGI,0.0
2021-08-09,17,AR1 alpha + Enhanced + One-Step,NASDAQ:SIGI,0.0
2021-08-10,17,AR1 alpha + Enhanced + One-Step,NASDAQ:SIGI,0.0
2021-08-11,17,AR1 alpha + Enhanced + One-Step,NASDAQ:SIGI,0.0
2021-08-12,17,AR1 alpha + Enhanced + One-Step,NASDAQ:SIGI,0.0
2021-08-13,17,AR1 alpha + Enhanced + One-Step,NASDAQ:SIGI,2.4178059097329963e-07
2021-08-16,17,AR1 alpha + Enhanced + One-Step,NASDAQ:SIGI,1.6859230385940472e-06
2021-08-17,17,AR1 alpha + Enhanced + One-Step,NASDAQ:SIGI,2.27418679862044e-06
2021-08-18,17,AR1 alpha + Enhanced + One-Step,NASDAQ:SIGI,2.475342204559835e-06
2021-08-19,17,AR1 alpha + Enhanced + One-Step,NASDAQ:SIGI,2.668467762495126e-06
2021-08-20,17,AR1 alpha + Enhanced + One-Step,NASDAQ:SIGI,8.938220177391935e-07
2021-08-23,17,AR1 alpha + Enhanced + One-Step,NASDAQ:SIGI,5.078659633063859e-07
2021-08-24,17,AR1 alpha + Enhanced + One-Step,NASDAQ:SIGI,4.7968829346632576e-08
2021-08-25,17,AR1 alpha + Enhanced + One-Step,NASDAQ:SIGI,6.053213671668011e-08
2021-08-26,17,AR1 alpha + Enhanced + One-Step,NASDAQ:SIGI,0.0
2021-08-27,17,AR1 alpha + Enhanced + One-Step,NASDAQ:SIGI,0.0
2021-08-30,17,AR1 alpha + Enhanced + One-Step,NASDAQ:SIGI,0.0
2021-08-31,17,AR1 alpha + Enhanced + One-Step,NASDAQ:SIGI,2.6057287980631244e-08
2021-09-01,17,AR1 alpha + Enhanced + One-Step,NASDAQ:SIGI,0.0
2021-09-02,17,AR1 alpha + Enhanced + One-Step,NASDAQ:SIGI,0.0
2021-09-03,17,AR1 alpha + Enhanced + One-Step,NASDAQ:SIGI,0.0
2021-09-07,17,AR1 alpha + Enhanced + One-Step,NASDAQ:SIGI,0.0
2021-09-08,17,AR1 alpha + Enhanced + One-Step,NASDAQ:SIGI,0.0
2021-09-09,17,AR1 alpha + Enhanced + One-Step,NASDAQ:SIGI,0.0
2021-09-10,17,AR1 alpha + Enhanced + One-Step,NASDAQ:SIGI,0.0
2021-09-13,17,AR1 alpha + Enhanced + One-Step,NASDAQ:SIGI,4.4053944192679845e-07
2021-09-14,17,AR1 alpha + Enhanced + One-Step,NASDAQ:SIGI,0.0
2021-09-15,17,AR1 alpha + Enhanced + One-Step,NASDAQ:SIGI,0.0
2021-09-16,17,AR1 alpha + Enhanced + One-Step,NASDAQ:SIGI,0.0
2021-09-17,17,AR1 alpha + Enhanced + One-Step,NASDAQ:SIGI,0.0
2021-09-20,17,AR1 alpha + Enhanced + One-Step,NASDAQ:SIGI,0.0
2021-09-21,17,AR1 alpha + Enhanced + One-Step,NASDAQ:SIGI,0.0
2021-09-22,17,AR1 alpha + Enhanced + One-Step,NASDAQ:SIGI,0.0
2021-09-23,17,AR1 alpha + Enhanced + One-Step,NASDAQ:SIGI,5.414031670096847e-07
2021-09-24,17,AR1 alpha + Enhanced + One-Step,NASDAQ:SIGI,3.258294315226962e-07
2021-09-27,17,AR1 alpha + Enhanced + One-Step,NASDAQ:SIGI,2.0207392730051955e-07
2021-09-28,17,AR1 alpha + Enhanced + One-Step,NASDAQ:SIGI,6.632045362420043e-08
2021-09-29,17,AR1 alpha + Enhanced + One-Step,NASDAQ:SIGI,4.426389779544407e-07
2021-09-30,17,AR1 alpha + Enhanced + One-Step,NASDAQ:SIGI,2.792349117218751e-07
2021-10-01,17,AR1 alpha + Enhanced + One-Step,NASDAQ:SIGI,2.0852845912908276e-07
2021-10-04,17,AR1 alpha + Enhanced + One-Step,NASDAQ:SIGI,1.7146007221458852e-07
2021-10-05,17,AR1 alpha + Enhanced + One-Step,NASDAQ:SIGI,0.0
2021-10-06,17,AR1 alpha + Enhanced + One-Step,NASDAQ:SIGI,0.0
2021-10-07,17,AR1 alpha + Enhanced + One-Step,NASDAQ:SIGI,0.0
2021-10-08,17,AR1 alpha + Enhanced + One-Step,NASDAQ:SIGI,0.0
2021-10-11,17,AR1 alpha + Enhanced + One-Step,NASDAQ:SIGI,0.0
2021-10-12,17,AR1 alpha + Enhanced + One-Step,NASDAQ:SIGI,2.1980853190717364e-07
2021-10-13,17,AR1 alpha + Enhanced + One-Step,NASDAQ:SIGI,1.9160010922080743e-07
2021-10-14,17,AR1 alpha + Enhanced + One-Step,NASDAQ:SIGI,0.0
2021-10-15,17,AR1 alpha + Enhanced + One-Step,NASDAQ:SIGI,0.0
2021-10-18,17,AR1 alpha + Enhanced + One-Step,NASDAQ:SIGI,0.0
2021-10-19,17,AR1 alpha + Enhanced + One-Step,NASDAQ:SIGI,0.0
2021-10-20,17,AR1 alpha + Enhanced + One-Step,NASDAQ:SIGI,1.9321178826943514e-07
2021-10-21,17,AR1 alpha + Enhanced + One-Step,NASDAQ:SIGI,1.5109812317373833e-07
2021-10-22,17,AR1 alpha + Enhanced + One-Step,NASDAQ:SIGI,0.0
2021-10-25,17,AR1 alpha + Enhanced + One-Step,NASDAQ:SIGI,0.0
2021-10-26,17,AR1 alpha + Enhanced + One-Step,NASDAQ:SIGI,0.0
2021-10-27,17,AR1 alpha + Enhanced + One-Step,NASDAQ:SIGI,2.522950450896694e-09
2021-10-28,17,AR1 alpha + Enhanced + One-Step,NASDAQ:SIGI,1.0123600055032607e-07
2021-10-29,17,AR1 alpha + Enhanced + One-Step,NASDAQ:SIGI,0.0
2021-11-01,17,AR1 alpha + Enhanced + One-Step,NASDAQ:SIGI,0.0
2021-11-02,17,AR1 alpha + Enhanced + One-Step,NASDAQ:SIGI,0.0
2021-11-03,17,AR1 alpha + Enhanced + One-Step,NASDAQ:SIGI,4.453809690073864e-07
2021-11-04,17,AR1 alpha + Enhanced + One-Step,NASDAQ:SIGI,0.0
2021-11-05,17,AR1 alpha + Enhanced + One-Step,NASDAQ:SIGI,0.0
2021-11-08,17,AR1 alpha + Enhanced + One-Step,NASDAQ:SIGI,0.0
2021-11-09,17,AR1 alpha + Enhanced + One-Step,NASDAQ:SIGI,0.0
2021-11-10,17,AR1 alpha + Enhanced + One-Step,NASDAQ:SIGI,1.1019900626539223e-06
2021-11-11,17,AR1 alpha + Enhanced + One-Step,NASDAQ:SIGI,7.712846053631927e-07
2021-11-12,17,AR1 alpha + Enhanced + One-Step,NASDAQ:SIGI,6.753475874728441e-07
2021-11-15,17,AR1 alpha + Enhanced + One-Step,NASDAQ:SIGI,9.193010597648665e-07
2021-11-16,17,AR1 alpha + Enhanced + One-Step,NASDAQ:SIGI,0.0
2021-11-17,17,AR1 alpha + Enhanced + One-Step,NASDAQ:SIGI,0.0
2021-11-18,17,AR1 alpha + Enhanced + One-Step,NASDAQ:SIGI,0.0
2021-11-19,17,AR1 alpha + Enhanced + One-Step,NASDAQ:SIGI,2.497009936302635e-07
2021-11-22,17,AR1 alpha + Enhanced + One-Step,NASDAQ:SIGI,3.775259940463333e-07
2021-11-23,17,AR1 alpha + Enhanced + One-Step,NASDAQ:SIGI,0.0
2021-11-24,17,AR1 alpha + Enhanced + One-Step,NASDAQ:SIGI,0.0
2021-11-26,17,AR1 alpha + Enhanced + One-Step,NASDAQ:SIGI,0.0
2021-11-29,17,AR1 alpha + Enhanced + One-Step,NASDAQ:SIGI,7.095915716041301e-09
2021-11-30,17,AR1 alpha + Enhanced + One-Step,NASDAQ:SIGI,0.0
2021-12-01,17,AR1 alpha + Enhanced + One-Step,NASDAQ:SIGI,0.0
2021-12-02,17,AR1 alpha + Enhanced + One-Step,NASDAQ:SIGI,0.0
2021-12-03,17,AR1 alpha + Enhanced + One-Step,NASDAQ:SIGI,0.0
2021-12-06,17,AR1 alpha + Enhanced + One-Step,NASDAQ:SIGI,0.0
2021-12-07,17,AR1 alpha + Enhanced + One-Step,NASDAQ:SIGI,0.0
2021-12-08,17,AR1 alpha + Enhanced + One-Step,NASDAQ:SIGI,0.0
2021-12-09,17,AR1 alpha + Enhanced + One-Step,NASDAQ:SIGI,0.0
2021-12-10,17,AR1 alpha + Enhanced + One-Step,NASDAQ:SIGI,0.0
2021-12-13,17,AR1 alpha + Enhanced + One-Step,NASDAQ:SIGI,0.0
2021-12-14,17,AR1 alpha + Enhanced + One-Step,NASDAQ:SIGI,0.0
2021-12-15,17,AR1 alpha + Enhanced + One-Step,NASDAQ:SIGI,4.970451008292138e-07
2021-12-16,17,AR1 alpha + Enhanced + One-Step,NASDAQ:SIGI,4.3128521998959056e-07
2021-12-17,17,AR1 alpha + Enhanced + One-Step,NASDAQ:SIGI,1.6957947799305714e-07
2021-12-20,17,AR1 alpha + Enhanced + One-Step,NASDAQ:SIGI,0.0
2021-12-21,17,AR1 alpha + Enhanced + One-Step,NASDAQ:SIGI,1.0213101879000713e-07
2021-12-22,17,AR1 alpha + Enhanced + One-Step,NASDAQ:SIGI,9.609342022288228e-08
2021-12-23,17,AR1 alpha + Enhanced + One-Step,NASDAQ:SIGI,6.913974568496071e-07
2021-12-27,17,AR1 alpha + Enhanced + One-Step,NASDAQ:SIGI,6.246787148889835e-07
2021-12-28,17,AR1 alpha + Enhanced + One-Step,NASDAQ:SIGI,4.9891817200943e-07
2021-12-29,17,AR1 alpha + Enhanced + One-Step,NASDAQ:SIGI,5.782185854956488e-07
2021-12-30,17,AR1 alpha + Enhanced + One-Step,NASDAQ:SIGI,5.301900900540797e-07
2021-12-31,17,AR1 alpha + Enhanced + One-Step,NASDAQ:SIGI,3.1178169357394884e-07
2022-01-03,17,AR1 alpha + Enhanced + One-Step,NASDAQ:SIGI,2.3248613210347795e-07
2022-01-04,17,AR1 alpha + Enhanced + One-Step,NASDAQ:SIGI,2.0114117863924375e-07
2022-01-05,17,AR1 alpha + Enhanced + One-Step,NASDAQ:SIGI,1.445420958320809e-07
2022-01-06,17,AR1 alpha + Enhanced + One-Step,NASDAQ:SIGI,1.2219669946148447e-07
2022-01-07,17,AR1 alpha + Enhanced + One-Step,NASDAQ:SIGI,0.0
2022-01-10,17,AR1 alpha + Enhanced + One-Step,NASDAQ:SIGI,0.0
2022-01-11,17,AR1 alpha + Enhanced + One-Step,NASDAQ:SIGI,0.0
2022-01-12,17,AR1 alpha + Enhanced + One-Step,NASDAQ:SIGI,0.0
2022-01-13,17,AR1 alpha + Enhanced + One-Step,NASDAQ:SIGI,0.0
2022-01-14,17,AR1 alpha + Enhanced + One-Step,NASDAQ:SIGI,0.0
2022-01-18,17,AR1 alpha + Enhanced + One-Step,NASDAQ:SIGI,1.876728203040408e-07
2022-01-19,17,AR1 alpha + Enhanced + One-Step,NASDAQ:SIGI,0.0
2022-01-20,17,AR1 alpha + Enhanced + One-Step,NASDAQ:SIGI,4.728604375643321e-08
2022-01-21,17,AR1 alpha + Enhanced + One-Step,NASDAQ:SIGI,0.0
2022-01-24,17,AR1 alpha + Enhanced + One-Step,NASDAQ:SIGI,0.0
2022-01-25,17,AR1 alpha + Enhanced + One-Step,NASDAQ:SIGI,5.755777315127909e-08
2022-01-26,17,AR1 alpha + Enhanced + One-Step,NASDAQ:SIGI,9.064771341757849e-08
2022-01-27,17,AR1 alpha + Enhanced + One-Step,NASDAQ:SIGI,0.0
2022-01-28,17,AR1 alpha + Enhanced + One-Step,NASDAQ:SIGI,0.0
2022-01-31,17,AR1 alpha + Enhanced + One-Step,NASDAQ:SIGI,4.6612518975330015e-07
2022-02-01,17,AR1 alpha + Enhanced + One-Step,NASDAQ:SIGI,3.884939659779414e-07
2022-02-02,17,AR1 alpha + Enhanced + One-Step,NASDAQ:SIGI,2.2942798757528396e-07
2022-02-03,17,AR1 alpha + Enhanced + One-Step,NASDAQ:SIGI,0.0
2022-02-04,17,AR1 alpha + Enhanced + One-Step,NASDAQ:SIGI,0.0
2022-02-07,17,AR1 alpha + Enhanced + One-Step,NASDAQ:SIGI,1.7554108364866323e-09
2022-02-08,17,AR1 alpha + Enhanced + One-Step,NASDAQ:SIGI,1.326439953289123e-09
2022-02-09,17,AR1 alpha + Enhanced + One-Step,NASDAQ:SIGI,2.0247851627138353e-08
2022-02-10,17,AR1 alpha + Enhanced + One-Step,NASDAQ:SIGI,2.5306698962213923e-08
2022-02-11,17,AR1 alpha + Enhanced + One-Step,NASDAQ:SIGI,4.103053138176907e-07
2022-02-14,17,AR1 alpha + Enhanced + One-Step,NASDAQ:SIGI,2.1090593527959755e-07
2022-02-15,17,AR1 alpha + Enhanced + One-Step,NASDAQ:SIGI,1.536999953914295e-07
2022-02-16,17,AR1 alpha + Enhanced + One-Step,NASDAQ:SIGI,2.5447254193673684e-07
2022-02-17,17,AR1 alpha + Enhanced + One-Step,NASDAQ:SIGI,3.1820925541641795e-07
2022-02-18,17,AR1 alpha + Enhanced + One-Step,NASDAQ:SIGI,2.9399739311098046e-07
2022-02-22,17,AR1 alpha + Enhanced + One-Step,NASDAQ:SIGI,1.8249836541095312e-07
2022-02-23,17,AR1 alpha + Enhanced + One-Step,NASDAQ:SIGI,1.5695276032455448e-07
2022-02-24,17,AR1 alpha + Enhanced + One-Step,NASDAQ:SIGI,0.0
2022-02-25,17,AR1 alpha + Enhanced + One-Step,NASDAQ:SIGI,6.824892836648796e-08
2022-02-28,17,AR1 alpha + Enhanced + One-Step,NASDAQ:SIGI,6.772415968400765e-08
2022-03-01,17,AR1 alpha + Enhanced + One-Step,NASDAQ:SIGI,1.4927043984830497e-07
2022-03-02,17,AR1 alpha + Enhanced + One-Step,NASDAQ:SIGI,4.106868498173687e-08
2022-03-03,17,AR1 alpha + Enhanced + One-Step,NASDAQ:SIGI,1.4817852023239396e-08
2022-03-04,17,AR1 alpha + Enhanced + One-Step,NASDAQ:SIGI,0.0
2022-03-07,17,AR1 alpha + Enhanced + One-Step,NASDAQ:SIGI,1.0315111944091279e-06
2022-03-08,17,AR1 alpha + Enhanced + One-Step,NASDAQ:SIGI,6.21087789792649e-07
2022-03-09,17,AR1 alpha + Enhanced + One-Step,NASDAQ:SIGI,3.353114143914675e-07
2022-03-10,17,AR1 alpha + Enhanced + One-Step,NASDAQ:SIGI,3.1813647999362354e-07
2022-03-11,17,AR1 alpha + Enhanced + One-Step,NASDAQ:SIGI,0.0
2022-03-14,17,AR1 alpha + Enhanced + One-Step,NASDAQ:SIGI,0.0
2022-03-15,17,AR1 alpha + Enhanced + One-Step,NASDAQ:SIGI,0.0
2022-03-16,17,AR1 alpha + Enhanced + One-Step,NASDAQ:SIGI,1.5139146889034404e-08
2022-03-17,17,AR1 alpha + Enhanced + One-Step,NASDAQ:SIGI,6.244627062577692e-08
2022-03-18,17,AR1 alpha + Enhanced + One-Step,NASDAQ:SIGI,2.243663552609916e-08
2022-03-21,17,AR1 alpha + Enhanced + One-Step,NASDAQ:SIGI,1.7480501870381097e-07
2022-03-22,17,AR1 alpha + Enhanced + One-Step,NASDAQ:SIGI,1.2474259106070928e-07
2022-03-23,17,AR1 alpha + Enhanced + One-Step,NASDAQ:SIGI,5.7305591142638974e-08
2022-03-24,17,AR1 alpha + Enhanced + One-Step,NASDAQ:SIGI,1.8855990980096746e-07
2022-03-25,17,AR1 alpha + Enhanced + One-Step,NASDAQ:SIGI,0.0
2022-03-28,17,AR1 alpha + Enhanced + One-Step,NASDAQ:SIGI,1.629806983577115e-07
2022-03-29,17,AR1 alpha + Enhanced + One-Step,NASDAQ:SIGI,0.0
2022-03-30,17,AR1 alpha + Enhanced + One-Step,NASDAQ:SIGI,0.0
2022-03-31,17,AR1 alpha + Enhanced + One-Step,NASDAQ:SIGI,2.6466950811402676e-09
2022-04-01,17,AR1 alpha + Enhanced + One-Step,NASDAQ:SIGI,0.0
2022-04-04,17,AR1 alpha + Enhanced + One-Step,NASDAQ:SIGI,0.008332354581782872
2022-04-05,17,AR1 alpha + Enhanced + One-Step,NASDAQ:SIGI,0.00833242478426063
2022-04-06,17,AR1 alpha + Enhanced + One-Step,NASDAQ:SIGI,0.008329250718483503
2022-04-07,17,AR1 alpha + Enhanced + One-Step,NASDAQ:SIGI,0.009345027007220891
2022-04-08,17,AR1 alpha + Enhanced + One-Step,NASDAQ:SIGI,0.03030845705762762
2022-04-11,17,AR1 alpha + Enhanced + One-Step,NASDAQ:SIGI,0.043141780696344105
2022-04-12,17,AR1 alpha + Enhanced + One-Step,NASDAQ:SIGI,0.053981375458914245
2022-04-13,17,AR1 alpha + Enhanced + One-Step,NASDAQ:SIGI,0.05833099953813088
2022-04-14,17,AR1 alpha + Enhanced + One-Step,NASDAQ:SIGI,0.07624993392309418
2022-04-18,17,AR1 alpha + Enhanced + One-Step,NASDAQ:SIGI,0.07624803832303226
2022-04-19,17,AR1 alpha + Enhanced + One-Step,NASDAQ:SIGI,0.0877176916097593
2022-04-20,17,AR1 alpha + Enhanced + One-Step,NASDAQ:SIGI,0.088676762870605
2022-04-21,17,AR1 alpha + Enhanced + One-Step,NASDAQ:SIGI,0.08867465007722372
2022-04-22,17,AR1 alpha + Enhanced + One-Step,NASDAQ:SIGI,0.08867329255597421
2022-04-25,17,AR1 alpha + Enhanced + One-Step,NASDAQ:SIGI,0.08867239044781117
2022-04-26,17,AR1 alpha + Enhanced + One-Step,NASDAQ:SIGI,0.08867254131449266
2022-04-27,17,AR1 alpha + Enhanced + One-Step,NASDAQ:SIGI,0.08867106779926053
2022-04-28,17,AR1 alpha + Enhanced + One-Step,NASDAQ:SIGI,0.09707693965371025
2022-04-29,17,AR1 alpha + Enhanced + One-Step,NASDAQ:SIGI,0.09999814321962924
2022-05-02,17,AR1 alpha + Enhanced + One-Step,NASDAQ:SIGI,0.09999362271128169
2022-05-03,17,AR1 alpha + Enhanced + One-Step,NASDAQ:SIGI,0.0999932685186629
2022-05-04,17,AR1 alpha + Enhanced + One-Step,NASDAQ:SIGI,0.09999498275465674
2022-05-05,17,AR1 alpha + Enhanced + One-Step,NASDAQ:SIGI,0.1000015524823451
2022-05-06,17,AR1 alpha + Enhanced + One-Step,NASDAQ:SIGI,0.0999989293874736
2022-05-09,17,AR1 alpha + Enhanced + One-Step,NASDAQ:SIGI,0.09999924873397015
2022-05-10,17,AR1 alpha + Enhanced + One-Step,NASDAQ:SIGI,0.09999172627611111
2022-05-11,17,AR1 alpha + Enhanced + One-Step,NASDAQ:SIGI,0.09999097062749387
2022-05-12,17,AR1 alpha + Enhanced + One-Step,NASDAQ:SIGI,0.09998608362647449
2022-05-13,17,AR1 alpha + Enhanced + One-Step,NASDAQ:SIGI,0.09998685304999505
2022-05-16,17,AR1 alpha + Enhanced + One-Step,NASDAQ:SIGI,0.09998784817811432
2022-05-17,17,AR1 alpha + Enhanced + One-Step,NASDAQ:SIGI,0.0999874922346576
2022-05-18,17,AR1 alpha + Enhanced + One-Step,NASDAQ:SIGI,0.09998985288838785
2022-05-19,17,AR1 alpha + Enhanced + One-Step,NASDAQ:SIGI,0.0999921818063094
2022-05-20,17,AR1 alpha + Enhanced + One-Step,NASDAQ:SIGI,0.09999418921998532
2022-05-23,17,AR1 alpha + Enhanced + One-Step,NASDAQ:SIGI,0.09999610920702516
2022-05-24,17,AR1 alpha + Enhanced + One-Step,NASDAQ:SIGI,0.09999335863778713
2022-05-25,17,AR1 alpha + Enhanced + One-Step,NASDAQ:SIGI,0.09999229134726967
2022-05-26,17,AR1 alpha + Enhanced + One-Step,NASDAQ:SIGI,0.09999419384785817
2022-05-27,17,AR1 alpha + Enhanced + One-Step,NASDAQ:SIGI,0.09999327562571175
2022-05-31,17,AR1 alpha + Enhanced + One-Step,NASDAQ:SIGI,0.09756484774662669
2022-06-01,17,AR1 alpha + Enhanced + One-Step,NASDAQ:SIGI,0.09756529446412145
2022-06-02,17,AR1 alpha + Enhanced + One-Step,NASDAQ:SIGI,0.08154138030779522
2022-06-03,17,AR1 alpha + Enhanced + One-Step,NASDAQ:SIGI,0.08154050698845516
2022-06-06,17,AR1 alpha + Enhanced + One-Step,NASDAQ:SIGI,0.07285552229381737
2022-06-07,17,AR1 alpha + Enhanced + One-Step,NASDAQ:SIGI,0.07285321514051459
2022-06-08,17,AR1 alpha + Enhanced + One-Step,NASDAQ:SIGI,0.08169584693845673
2022-06-09,17,AR1 alpha + Enhanced + One-Step,NASDAQ:SIGI,0.08391234712279272
2022-06-10,17,AR1 alpha + Enhanced + One-Step,NASDAQ:SIGI,0.08390994895186189
2022-06-13,17,AR1 alpha + Enhanced + One-Step,NASDAQ:SIGI,0.08390931375266929
2022-06-14,17,AR1 alpha + Enhanced + One-Step,NASDAQ:SIGI,0.08391002183669255
2022-06-15,17,AR1 alpha + Enhanced + One-Step,NASDAQ:SIGI,0.08390802056988234
2022-06-16,17,AR1 alpha + Enhanced + One-Step,NASDAQ:SIGI,0.08390662947387163
2022-06-17,17,AR1 alpha + Enhanced + One-Step,NASDAQ:SIGI,0.08390626198010781
2022-06-21,17,AR1 alpha + Enhanced + One-Step,NASDAQ:SIGI,0.08390583295861866
2022-06-22,17,AR1 alpha + Enhanced + One-Step,NASDAQ:SIGI,0.08390575163404507
2022-06-23,17,AR1 alpha + Enhanced + One-Step,NASDAQ:SIGI,0.08133331704601347
2022-06-24,17,AR1 alpha + Enhanced + One-Step,NASDAQ:SIGI,0.06883454541970818
2022-06-27,17,AR1 alpha + Enhanced + One-Step,NASDAQ:SIGI,0.05483334360343159
2022-06-28,17,AR1 alpha + Enhanced + One-Step,NASDAQ:SIGI,0.02983350246861139
2022-06-29,17,AR1 alpha + Enhanced + One-Step,NASDAQ:SIGI,0.006834797620483592
2022-06-30,17,AR1 alpha + Enhanced + One-Step,NASDAQ:SIGI,2.0222071603402964e-06
2022-07-01,17,AR1 alpha + Enhanced + One-Step,NASDAQ:SIGI,1.0243789709599706e-06
2022-07-05,17,AR1 alpha + Enhanced + One-Step,NASDAQ:SIGI,7.462657299178886e-07
2022-07-06,17,AR1 alpha + Enhanced + One-Step,NASDAQ:SIGI,3.900362481293759e-07
2022-07-07,17,AR1 alpha + Enhanced + One-Step,NASDAQ:SIGI,3.887053033306362e-08
2022-07-08,17,AR1 alpha + Enhanced + One-Step,NASDAQ:SIGI,8.878314546957749e-09
2022-07-11,17,AR1 alpha + Enhanced + One-Step,NASDAQ:SIGI,0.0
2022-07-12,17,AR1 alpha + Enhanced + One-Step,NASDAQ:SIGI,0.014125182175193962
2022-07-13,17,AR1 alpha + Enhanced + One-Step,NASDAQ:SIGI,0.014124992794750732
2022-07-14,17,AR1 alpha + Enhanced + One-Step,NASDAQ:SIGI,0.03912790547797187
2022-07-15,17,AR1 alpha + Enhanced + One-Step,NASDAQ:SIGI,0.06413205492014734
2022-07-18,17,AR1 alpha + Enhanced + One-Step,NASDAQ:SIGI,0.08913128847602138
2022-07-19,17,AR1 alpha + Enhanced + One-Step,NASDAQ:SIGI,0.09999994280844506
2022-07-20,17,AR1 alpha + Enhanced + One-Step,NASDAQ:SIGI,0.09999986925696612
2022-07-21,17,AR1 alpha + Enhanced + One-Step,NASDAQ:SIGI,0.09999983614529297
2022-07-22,17,AR1 alpha + Enhanced + One-Step,NASDAQ:SIGI,0.09999971902360003
2022-07-25,17,AR1 alpha + Enhanced + One-Step,NASDAQ:SIGI,0.10000019912950499
2022-07-26,17,AR1 alpha + Enhanced + One-Step,NASDAQ:SIGI,0.08875356593555138
2022-07-27,17,AR1 alpha + Enhanced + One-Step,NASDAQ:SIGI,0.0887535674806998
2022-07-28,17,AR1 alpha + Enhanced + One-Step,NASDAQ:SIGI,0.1000000868903979
2022-07-29,17,AR1 alpha + Enhanced + One-Step,NASDAQ:SIGI,0.09999506248887757
2022-08-01,17,AR1 alpha + Enhanced + One-Step,NASDAQ:SIGI,0.0999963674714939
2022-08-02,17,AR1 alpha + Enhanced + One-Step,NASDAQ:SIGI,0.09999557092452317
2022-08-03,17,AR1 alpha + Enhanced + One-Step,NASDAQ:SIGI,0.0999955485833698
2022-08-04,17,AR1 alpha + Enhanced + One-Step,NASDAQ:SIGI,0.09999528648272685
2022-08-05,17,AR1 alpha + Enhanced + One-Step,NASDAQ:SIGI,0.08440764745717083
2022-08-08,17,AR1 alpha + Enhanced + One-Step,NASDAQ:SIGI,0.08440368119528414
2022-08-09,17,AR1 alpha + Enhanced + One-Step,NASDAQ:SIGI,0.08440427022851227
2022-08-10,17,AR1 alpha + Enhanced + One-Step,NASDAQ:SIGI,0.07221901747569026
2022-08-11,17,AR1 alpha + Enhanced + One-Step,NASDAQ:SIGI,0.06001671015325942
2022-08-12,17,AR1 alpha + Enhanced + One-Step,NASDAQ:SIGI,0.059046662182164915
2022-08-15,17,AR1 alpha + Enhanced + One-Step,NASDAQ:SIGI,0.0474031026306384
2022-08-16,17,AR1 alpha + Enhanced + One-Step,NASDAQ:SIGI,0.03362224918775413
2022-08-17,17,AR1 alpha + Enhanced + One-Step,NASDAQ:SIGI,0.012689234925162444
2022-08-18,17,AR1 alpha + Enhanced + One-Step,NASDAQ:SIGI,0.012687323742212403
2022-08-19,17,AR1 alpha + Enhanced + One-Step,NASDAQ:SIGI,0.0
2022-08-22,17,AR1 alpha + Enhanced + One-Step,NASDAQ:SIGI,3.3476819710602046e-07
2022-08-23,17,AR1 alpha + Enhanced + One-Step,NASDAQ:SIGI,3.997447094342568e-07
2022-08-24,17,AR1 alpha + Enhanced + One-Step,NASDAQ:SIGI,2.96260508610938e-07
2022-08-25,17,AR1 alpha + Enhanced + One-Step,NASDAQ:SIGI,0.0
2022-08-26,17,AR1 alpha + Enhanced + One-Step,NASDAQ:SIGI,2.6020292368269965e-08
2022-08-29,17,AR1 alpha + Enhanced + One-Step,NASDAQ:SIGI,1.1964820862818497e-07
2022-08-30,17,AR1 alpha + Enhanced + One-Step,NASDAQ:SIGI,9.559885152504933e-08
2022-08-31,17,AR1 alpha + Enhanced + One-Step,NASDAQ:SIGI,2.6596319962740842e-08
2022-09-01,17,AR1 alpha + Enhanced + One-Step,NASDAQ:SIGI,5.107079299792222e-08
2022-09-02,17,AR1 alpha + Enhanced + One-Step,NASDAQ:SIGI,1.4280024541032237e-08
2022-09-06,17,AR1 alpha + Enhanced + One-Step,NASDAQ:SIGI,1.2853222531985743e-08
2022-09-07,17,AR1 alpha + Enhanced + One-Step,NASDAQ:SIGI,3.3399869165051764e-08
2022-09-08,17,AR1 alpha + Enhanced + One-Step,NASDAQ:SIGI,1.3104812013236024e-07
2022-09-09,17,AR1 alpha + Enhanced + One-Step,NASDAQ:SIGI,0.0
2022-09-12,17,AR1 alpha + Enhanced + One-Step,NASDAQ:SIGI,0.0
2022-09-13,17,AR1 alpha + Enhanced + One-Step,NASDAQ:SIGI,1.794382680392942e-08
2022-09-14,17,AR1 alpha + Enhanced + One-Step,NASDAQ:SIGI,0.0
2022-09-15,17,AR1 alpha + Enhanced + One-Step,NASDAQ:SIGI,0.0
2022-09-16,17,AR1 alpha + Enhanced + One-Step,NASDAQ:SIGI,3.502333285325167e-08
2022-09-19,17,AR1 alpha + Enhanced + One-Step,NASDAQ:SIGI,0.0
2022-09-20,17,AR1 alpha + Enhanced + One-Step,NASDAQ:SIGI,1.478162595129388e-07
2022-09-21,17,AR1 alpha + Enhanced + One-Step,NASDAQ:SIGI,0.0
2022-09-22,17,AR1 alpha + Enhanced + One-Step,NASDAQ:SIGI,0.0
2022-09-23,17,AR1 alpha + Enhanced + One-Step,NASDAQ:SIGI,4.5315649584037467e-08
2022-09-26,17,AR1 alpha + Enhanced + One-Step,NASDAQ:SIGI,0.0022304113816427533
2022-09-27,17,AR1 alpha + Enhanced + One-Step,NASDAQ:SIGI,0.002230432663632341
2022-09-28,17,AR1 alpha + Enhanced + One-Step,NASDAQ:SIGI,0.0022303674662276147
2022-09-29,17,AR1 alpha + Enhanced + One-Step,NASDAQ:SIGI,3.968249075631844e-06
2022-09-30,17,AR1 alpha + Enhanced + One-Step,NASDAQ:SIGI,0.006400655336034526
2022-10-03,17,AR1 alpha + Enhanced + One-Step,NASDAQ:SIGI,0.00640066871685262
2022-10-04,17,AR1 alpha + Enhanced + One-Step,NASDAQ:SIGI,0.0064006125568029345
2022-10-05,17,AR1 alpha + Enhanced + One-Step,NASDAQ:SIGI,0.006399390805641777
2022-10-06,17,AR1 alpha + Enhanced + One-Step,NASDAQ:SIGI,0.006399118939164545
2022-10-07,17,AR1 alpha + Enhanced + One-Step,NASDAQ:SIGI,0.010877657886137317
2022-10-10,17,AR1 alpha + Enhanced + One-Step,NASDAQ:SIGI,0.0028865126856026067
2022-10-11,17,AR1 alpha + Enhanced + One-Step,NASDAQ:SIGI,0.0028864652465571995
2022-10-12,17,AR1 alpha + Enhanced + One-Step,NASDAQ:SIGI,0.0028864459354594925
2022-10-13,17,AR1 alpha + Enhanced + One-Step,NASDAQ:SIGI,0.0028872137545819685
2022-10-14,17,AR1 alpha + Enhanced + One-Step,NASDAQ:SIGI,0.002887252163439516
2022-10-17,17,AR1 alpha + Enhanced + One-Step,NASDAQ:SIGI,0.0028872639923606487
2022-10-18,17,AR1 alpha + Enhanced + One-Step,NASDAQ:SIGI,0.0028873159503615743
2022-10-19,17,AR1 alpha + Enhanced + One-Step,NASDAQ:SIGI,0.0028873177039966335
2022-10-20,17,AR1 alpha + Enhanced + One-Step,NASDAQ:SIGI,0.008915234793818115
2022-10-21,17,AR1 alpha + Enhanced + One-Step,NASDAQ:SIGI,0.008915285304485961
2022-10-24,17,AR1 alpha + Enhanced + One-Step,NASDAQ:SIGI,0.008914784556116625
2022-10-25,17,AR1 alpha + Enhanced + One-Step,NASDAQ:SIGI,0.008914806969870171
2022-10-26,17,AR1 alpha + Enhanced + One-Step,NASDAQ:SIGI,0.008914798633057108
2022-10-27,17,AR1 alpha + Enhanced + One-Step,NASDAQ:SIGI,0.00891415826278502
2022-10-28,17,AR1 alpha + Enhanced + One-Step,NASDAQ:SIGI,0.008703034742711075
2022-10-31,17,AR1 alpha + Enhanced + One-Step,NASDAQ:SIGI,0.0
2022-11-01,17,AR1 alpha + Enhanced + One-Step,NASDAQ:SIGI,2.0174173727528095e-07
2022-11-02,17,AR1 alpha + Enhanced + One-Step,NASDAQ:SIGI,0.011216328634005223
2022-11-03,17,AR1 alpha + Enhanced + One-Step,NASDAQ:SIGI,0.011219165131195906
2022-11-04,17,AR1 alpha + Enhanced + One-Step,NASDAQ:SIGI,0.018378134124090305
2022-11-07,17,AR1 alpha + Enhanced + One-Step,NASDAQ:SIGI,0.025806660529824454
2022-11-08,17,AR1 alpha + Enhanced + One-Step,NASDAQ:SIGI,0.02580678683723308
2022-11-09,17,AR1 alpha + Enhanced + One-Step,NASDAQ:SIGI,0.050489512105932284
2022-11-10,17,AR1 alpha + Enhanced + One-Step,NASDAQ:SIGI,0.05308348532284957
2022-11-11,17,AR1 alpha + Enhanced + One-Step,NASDAQ:SIGI,0.05308323615488092
2022-11-14,17,AR1 alpha + Enhanced + One-Step,NASDAQ:SIGI,0.06092337362479496
2022-11-15,17,AR1 alpha + Enhanced + One-Step,NASDAQ:SIGI,0.084215781408796
2022-11-16,17,AR1 alpha + Enhanced + One-Step,NASDAQ:SIGI,0.1000000821395511
2022-11-17,17,AR1 alpha + Enhanced + One-Step,NASDAQ:SIGI,0.09999968929939343
2022-11-18,17,AR1 alpha + Enhanced + One-Step,NASDAQ:SIGI,0.09999980457141977
2022-11-21,17,AR1 alpha + Enhanced + One-Step,NASDAQ:SIGI,0.09999900582242685
2022-11-22,17,AR1 alpha + Enhanced + One-Step,NASDAQ:SIGI,0.09566751901016476
2022-11-23,17,AR1 alpha + Enhanced + One-Step,NASDAQ:SIGI,0.09090419490714226
2022-11-25,17,AR1 alpha + Enhanced + One-Step,NASDAQ:SIGI,0.0818014837734899
2022-11-28,17,AR1 alpha + Enhanced + One-Step,NASDAQ:SIGI,0.07456559146669559
2022-11-29,17,AR1 alpha + Enhanced + One-Step,NASDAQ:SIGI,0.07456559393646994
2022-11-30,17,AR1 alpha + Enhanced + One-Step,NASDAQ:SIGI,0.07456559581795927
2022-12-01,17,AR1 alpha + Enhanced + One-Step,NASDAQ:SIGI,0.08940242154710598
2022-12-02,17,AR1 alpha + Enhanced + One-Step,NASDAQ:SIGI,0.09999986702746645
2022-12-05,17,AR1 alpha + Enhanced + One-Step,NASDAQ:SIGI,0.09999626643497536
2022-12-06,17,AR1 alpha + Enhanced + One-Step,NASDAQ:SIGI,0.09999356768598475
2022-12-07,17,AR1 alpha + Enhanced + One-Step,NASDAQ:SIGI,0.09999235263686333
2022-12-08,17,AR1 alpha + Enhanced + One-Step,NASDAQ:SIGI,0.09999429258875676
2022-12-09,17,AR1 alpha + Enhanced + One-Step,NASDAQ:SIGI,0.09999109892077561
2022-12-12,17,AR1 alpha + Enhanced + One-Step,NASDAQ:SIGI,0.09999065012655987
2022-12-13,17,AR1 alpha + Enhanced + One-Step,NASDAQ:SIGI,0.09998948190663079
2022-12-14,17,AR1 alpha + Enhanced + One-Step,NASDAQ:SIGI,0.09998698972477545
2022-12-15,17,AR1 alpha + Enhanced + One-Step,NASDAQ:SIGI,0.09998562040283424
2022-12-16,17,AR1 alpha + Enhanced + One-Step,NASDAQ:SIGI,0.09998480118430866
2022-12-19,17,AR1 alpha + Enhanced + One-Step,NASDAQ:SIGI,0.09999077494954528
2022-12-20,17,AR1 alpha + Enhanced + One-Step,NASDAQ:SIGI,0.08924552666928484
2022-12-21,17,AR1 alpha + Enhanced + One-Step,NASDAQ:SIGI,0.08455216936298071
2022-12-22,17,AR1 alpha + Enhanced + One-Step,NASDAQ:SIGI,0.08455216575783066
2022-12-23,17,AR1 alpha + Enhanced + One-Step,NASDAQ:SIGI,0.08455221960211809
2022-12-27,17,AR1 alpha + Enhanced + One-Step,NASDAQ:SIGI,0.08455223704823824
2022-12-28,17,AR1 alpha + Enhanced + One-Step,NASDAQ:SIGI,0.08455220767340899
2022-12-29,17,AR1 alpha + Enhanced + One-Step,NASDAQ:SIGI,0.08455167603802459
2022-12-30,17,AR1 alpha + Enhanced + One-Step,NASDAQ:SIGI,0.09963579909983021
2023-01-03,17,AR1 alpha + Enhanced + One-Step,NASDAQ:SIGI,0.09963581802368951
2023-01-04,17,AR1 alpha + Enhanced + One-Step,NASDAQ:SIGI,0.09963571611423733
2023-01-05,17,AR1 alpha + Enhanced + One-Step,NASDAQ:SIGI,0.09963655823287201
2023-01-06,17,AR1 alpha + Enhanced + One-Step,NASDAQ:SIGI,0.09963654256334625
2023-01-09,17,AR1 alpha + Enhanced + One-Step,NASDAQ:SIGI,0.09963244366291057
2023-01-10,17,AR1 alpha + Enhanced + One-Step,NASDAQ:SIGI,0.09963128524613721
2023-01-11,17,AR1 alpha + Enhanced + One-Step,NASDAQ:SIGI,0.09962796637866086
2023-01-12,17,AR1 alpha + Enhanced + One-Step,NASDAQ:SIGI,0.09962461618671561
2023-01-13,17,AR1 alpha + Enhanced + One-Step,NASDAQ:SIGI,0.09758981109082104
2023-01-17,17,AR1 alpha + Enhanced + One-Step,NASDAQ:SIGI,0.09999941788115979
2023-01-18,17,AR1 alpha + Enhanced + One-Step,NASDAQ:SIGI,0.09999925263014647
2023-01-19,17,AR1 alpha + Enhanced + One-Step,NASDAQ:SIGI,0.09999812150038752
2023-01-20,17,AR1 alpha + Enhanced + One-Step,NASDAQ:SIGI,0.09999726644402622
2023-01-23,17,AR1 alpha + Enhanced + One-Step,NASDAQ:SIGI,0.09999646514357173
2023-01-24,17,AR1 alpha + Enhanced + One-Step,NASDAQ:SIGI,0.09999743464333313
2023-01-25,17,AR1 alpha + Enhanced + One-Step,NASDAQ:SIGI,0.09724330291727412
2023-01-26,17,AR1 alpha + Enhanced + One-Step,NASDAQ:SIGI,0.09291137629596556
2023-01-27,17,AR1 alpha + Enhanced + One-Step,NASDAQ:SIGI,0.09290730881397792
2023-01-30,17,AR1 alpha + Enhanced + One-Step,NASDAQ:SIGI,0.09290721471479924
2023-01-31,17,AR1 alpha + Enhanced + One-Step,NASDAQ:SIGI,0.09290313780271925
2023-02-01,17,AR1 alpha + Enhanced + One-Step,NASDAQ:SIGI,0.09290008780998002
2023-02-02,17,AR1 alpha + Enhanced + One-Step,NASDAQ:SIGI,0.09290185095601433
2023-02-03,17,AR1 alpha + Enhanced + One-Step,NASDAQ:SIGI,0.07154861010800746
2023-02-06,17,AR1 alpha + Enhanced + One-Step,NASDAQ:SIGI,0.058678450146291174
2023-02-07,17,AR1 alpha + Enhanced + One-Step,NASDAQ:SIGI,0.058682476352230464
2023-02-08,17,AR1 alpha + Enhanced + One-Step,NASDAQ:SIGI,0.05402193616098512
2023-02-09,17,AR1 alpha + Enhanced + One-Step,NASDAQ:SIGI,0.05402190317467384
2023-02-10,17,AR1 alpha + Enhanced + One-Step,NASDAQ:SIGI,0.054020616102985475
2023-02-13,17,AR1 alpha + Enhanced + One-Step,NASDAQ:SIGI,0.054020540862630716
2023-02-14,17,AR1 alpha + Enhanced + One-Step,NASDAQ:SIGI,0.05401994273746783
2023-02-15,17,AR1 alpha + Enhanced + One-Step,NASDAQ:SIGI,0.05401982225929097
2023-02-16,17,AR1 alpha + Enhanced + One-Step,NASDAQ:SIGI,0.05401669148349617
2023-02-17,17,AR1 alpha + Enhanced + One-Step,NASDAQ:SIGI,0.054013750854398405
2023-02-21,17,AR1 alpha + Enhanced + One-Step,NASDAQ:SIGI,0.0540114053534729
2023-02-22,17,AR1 alpha + Enhanced + One-Step,NASDAQ:SIGI,0.05401014442441701
2023-02-23,17,AR1 alpha + Enhanced + One-Step,NASDAQ:SIGI,0.05401028216694198
2023-02-24,17,AR1 alpha + Enhanced + One-Step,NASDAQ:SIGI,0.07394825061668245
2023-02-27,17,AR1 alpha + Enhanced + One-Step,NASDAQ:SIGI,0.09061842414764926
2023-02-28,17,AR1 alpha + Enhanced + One-Step,NASDAQ:SIGI,0.09061993959810556
2023-03-01,17,AR1 alpha + Enhanced + One-Step,NASDAQ:SIGI,0.09061954477706506
2023-03-02,17,AR1 alpha + Enhanced + One-Step,NASDAQ:SIGI,0.09999881892143979
2023-03-03,17,AR1 alpha + Enhanced + One-Step,NASDAQ:SIGI,0.09999553258712912
2023-03-06,17,AR1 alpha + Enhanced + One-Step,NASDAQ:SIGI,0.09999666144336156
2023-03-07,17,AR1 alpha + Enhanced + One-Step,NASDAQ:SIGI,0.09999440367228461
2023-03-08,17,AR1 alpha + Enhanced + One-Step,NASDAQ:SIGI,0.09999348120960928
2023-03-09,17,AR1 alpha + Enhanced + One-Step,NASDAQ:SIGI,0.0999936415750796
2023-03-10,17,AR1 alpha + Enhanced + One-Step,NASDAQ:SIGI,0.10000068384707524
2023-03-13,17,AR1 alpha + Enhanced + One-Step,NASDAQ:SIGI,0.10000040327248094
2023-03-14,17,AR1 alpha + Enhanced + One-Step,NASDAQ:SIGI,0.10000026681453193
2023-03-15,17,AR1 alpha + Enhanced + One-Step,NASDAQ:SIGI,0.10000001088543639
2023-03-16,17,AR1 alpha + Enhanced + One-Step,NASDAQ:SIGI,0.10000000999062925
2023-03-17,17,AR1 alpha + Enhanced + One-Step,NASDAQ:SIGI,0.09999980982911756
2023-03-20,17,AR1 alpha + Enhanced + One-Step,NASDAQ:SIGI,0.0999984799450175
2023-03-21,17,AR1 alpha + Enhanced + One-Step,NASDAQ:SIGI,0.09999821827819708
2023-03-22,17,AR1 alpha + Enhanced + One-Step,NASDAQ:SIGI,0.09999577031251229
2023-03-23,17,AR1 alpha + Enhanced + One-Step,NASDAQ:SIGI,0.09999315867260763
2023-03-24,17,AR1 alpha + Enhanced + One-Step,NASDAQ:SIGI,0.09999452342559688
2023-03-27,17,AR1 alpha + Enhanced + One-Step,NASDAQ:SIGI,0.09999579375166372
2023-03-28,17,AR1 alpha + Enhanced + One-Step,NASDAQ:SIGI,0.09999668168957858
2023-03-29,17,AR1 alpha + Enhanced + One-Step,NASDAQ:SIGI,0.09999755953379559
2023-03-30,17,AR1 alpha + Enhanced + One-Step,NASDAQ:SIGI,0.09999821552090936
2023-03-31,17,AR1 alpha + Enhanced + One-Step,NASDAQ:SIGI,0.09999827891454413
2023-04-03,17,AR1 alpha + Enhanced + One-Step,NASDAQ:SIGI,0.09999749135204547
2023-04-04,17,AR1 alpha + Enhanced + One-Step,NASDAQ:SIGI,0.09999730760365581
2023-04-05,17,AR1 alpha + Enhanced + One-Step,NASDAQ:SIGI,0.09999668307461282
2023-04-06,17,AR1 alpha + Enhanced + One-Step,NASDAQ:SIGI,0.09999740202914412
2023-04-10,17,AR1 alpha + Enhanced + One-Step,NASDAQ:SIGI,0.09999873433514232
2023-04-11,17,AR1 alpha + Enhanced + One-Step,NASDAQ:SIGI,0.09999510422520302
2023-04-12,17,AR1 alpha + Enhanced + One-Step,NASDAQ:SIGI,0.09999427604392924
2023-04-13,17,AR1 alpha + Enhanced + One-Step,NASDAQ:SIGI,0.09999539124478916
2023-04-14,17,AR1 alpha + Enhanced + One-Step,NASDAQ:SIGI,0.09999449286594361
2023-04-17,17,AR1 alpha + Enhanced + One-Step,NASDAQ:SIGI,0.09999690174673852
2023-04-18,17,AR1 alpha + Enhanced + One-Step,NASDAQ:SIGI,0.09999659895578258
2023-04-19,17,AR1 alpha + Enhanced + One-Step,NASDAQ:SIGI,0.09999661544092625
2023-04-20,17,AR1 alpha + Enhanced + One-Step,NASDAQ:SIGI,0.09999758332585827
2023-04-21,17,AR1 alpha + Enhanced + One-Step,NASDAQ:SIGI,0.09999351763388895
2023-04-24,17,AR1 alpha + Enhanced + One-Step,NASDAQ:SIGI,0.09999304075190574
2023-04-25,17,AR1 alpha + Enhanced + One-Step,NASDAQ:SIGI,0.09999976695603391
2023-04-26,17,AR1 alpha + Enhanced + One-Step,NASDAQ:SIGI,0.09999872547865635
2023-04-27,17,AR1 alpha + Enhanced + One-Step,NASDAQ:SIGI,0.09999710601727493
2023-04-28,17,AR1 alpha + Enhanced + One-Step,NASDAQ:SIGI,0.09999759502123788
2023-05-01,17,AR1 alpha + Enhanced + One-Step,NASDAQ:SIGI,0.09999826748340673
2023-05-02,17,AR1 alpha + Enhanced + One-Step,NASDAQ:SIGI,0.09999839769163145
2023-05-03,17,AR1 alpha + Enhanced + One-Step,NASDAQ:SIGI,0.09999838918045273
2023-05-04,17,AR1 alpha + Enhanced + One-Step,NASDAQ:SIGI,0.08178018394745357
2023-05-05,17,AR1 alpha + Enhanced + One-Step,NASDAQ:SIGI,0.08178016893666935
2023-05-08,17,AR1 alpha + Enhanced + One-Step,NASDAQ:SIGI,0.08177964831244791
2023-05-09,17,AR1 alpha + Enhanced + One-Step,NASDAQ:SIGI,0.08177960117922514
2023-05-10,17,AR1 alpha + Enhanced + One-Step,NASDAQ:SIGI,0.08177931077826023
2023-05-11,17,AR1 alpha + Enhanced + One-Step,NASDAQ:SIGI,0.08177933710332592
2023-05-12,17,AR1 alpha + Enhanced + One-Step,NASDAQ:SIGI,0.08177943880967235
2023-05-15,17,AR1 alpha + Enhanced + One-Step,NASDAQ:SIGI,0.08177793803248389
2023-05-16,17,AR1 alpha + Enhanced + One-Step,NASDAQ:SIGI,0.09756335448967259
2023-05-17,17,AR1 alpha + Enhanced + One-Step,NASDAQ:SIGI,0.09999731694095661
2023-05-18,17,AR1 alpha + Enhanced + One-Step,NASDAQ:SIGI,0.09999908875138969
2023-05-19,17,AR1 alpha + Enhanced + One-Step,NASDAQ:SIGI,0.09999942278169471
2023-05-22,17,AR1 alpha + Enhanced + One-Step,NASDAQ:SIGI,0.09999963224928245
2023-05-23,17,AR1 alpha + Enhanced + One-Step,NASDAQ:SIGI,0.09999912571689912
2023-05-24,17,AR1 alpha + Enhanced + One-Step,NASDAQ:SIGI,0.09999921767205885
2023-05-25,17,AR1 alpha + Enhanced + One-Step,NASDAQ:SIGI,0.09999903728963647
2023-05-26,17,AR1 alpha + Enhanced + One-Step,NASDAQ:SIGI,0.09999884515207702
2023-05-30,17,AR1 alpha + Enhanced + One-Step,NASDAQ:SIGI,0.09999895229138273
2023-05-31,17,AR1 alpha + Enhanced + One-Step,NASDAQ:SIGI,0.09999800107037332
2023-06-01,17,AR1 alpha + Enhanced + One-Step,NASDAQ:SIGI,0.09999547744076691
2023-06-02,17,AR1 alpha + Enhanced + One-Step,NASDAQ:SIGI,0.09999543376066306
2023-06-05,17,AR1 alpha + Enhanced + One-Step,NASDAQ:SIGI,0.09999815113511704
2023-06-06,17,AR1 alpha + Enhanced + One-Step,NASDAQ:SIGI,0.09999835285126914
2023-06-07,17,AR1 alpha + Enhanced + One-Step,NASDAQ:SIGI,0.09999872369316887
2023-06-08,17,AR1 alpha + Enhanced + One-Step,NASDAQ:SIGI,0.09999894729581554
2023-06-09,17,AR1 alpha + Enhanced + One-Step,NASDAQ:SIGI,0.0999967995784449
2023-06-12,17,AR1 alpha + Enhanced + One-Step,NASDAQ:SIGI,0.09999660627527494
2023-06-13,17,AR1 alpha + Enhanced + One-Step,NASDAQ:SIGI,0.09999730617213946
2023-06-14,17,AR1 alpha + Enhanced + One-Step,NASDAQ:SIGI,0.09999777418238044
2023-06-15,17,AR1 alpha + Enhanced + One-Step,NASDAQ:SIGI,0.09999763938792572
2023-06-16,17,AR1 alpha + Enhanced + One-Step,NASDAQ:SIGI,0.09999668304637309
2023-06-20,17,AR1 alpha + Enhanced + One-Step,NASDAQ:SIGI,0.09999588684381149
2023-06-21,17,AR1 alpha + Enhanced + One-Step,NASDAQ:SIGI,0.0999964504066875
2023-06-22,17,AR1 alpha + Enhanced + One-Step,NASDAQ:SIGI,0.09999610061225869
2023-06-23,17,AR1 alpha + Enhanced + One-Step,NASDAQ:SIGI,0.09999477331223716
2023-06-26,17,AR1 alpha + Enhanced + One-Step,NASDAQ:SIGI,0.09999227122548049
2023-06-27,17,AR1 alpha + Enhanced + One-Step,NASDAQ:SIGI,0.09999170126221782
2023-06-28,17,AR1 alpha + Enhanced + One-Step,NASDAQ:SIGI,0.09998823082830936
2023-06-29,17,AR1 alpha + Enhanced + One-Step,NASDAQ:SIGI,0.099987842709764
2023-06-30,17,AR1 alpha + Enhanced + One-Step,NASDAQ:SIGI,0.09999002103020879
2023-07-03,17,AR1 alpha + Enhanced + One-Step,NASDAQ:SIGI,0.0999886585384059
2023-07-05,17,AR1 alpha + Enhanced + One-Step,NASDAQ:SIGI,0.09998939880461945
2023-07-06,17,AR1 alpha + Enhanced + One-Step,NASDAQ:SIGI,0.0999923395939374
2023-07-07,17,AR1 alpha + Enhanced + One-Step,NASDAQ:SIGI,0.09999258959952126
2023-07-10,17,AR1 alpha + Enhanced + One-Step,NASDAQ:SIGI,0.09999451936187422
2023-07-11,17,AR1 alpha + Enhanced + One-Step,NASDAQ:SIGI,0.099992588715826
2023-07-12,17,AR1 alpha + Enhanced + One-Step,NASDAQ:SIGI,0.09999598072815838
2023-07-13,17,AR1 alpha + Enhanced + One-Step,NASDAQ:SIGI,0.09999284652690156
2023-07-14,17,AR1 alpha + Enhanced + One-Step,NASDAQ:SIGI,0.09999196529456898
2023-07-17,17,AR1 alpha + Enhanced + One-Step,NASDAQ:SIGI,0.0999928447771302
2023-07-18,17,AR1 alpha + Enhanced + One-Step,NASDAQ:SIGI,0.09999611495922806
2023-07-19,17,AR1 alpha + Enhanced + One-Step,NASDAQ:SIGI,0.09999314231516801
2023-07-20,17,AR1 alpha + Enhanced + One-Step,NASDAQ:SIGI,0.07758590444465627
2023-07-21,17,AR1 alpha + Enhanced + One-Step,NASDAQ:SIGI,0.06519909654201303
2023-07-24,17,AR1 alpha + Enhanced + One-Step,NASDAQ:SIGI,0.06519293304657903
2023-07-25,17,AR1 alpha + Enhanced + One-Step,NASDAQ:SIGI,0.06854099978991879
2023-07-26,17,AR1 alpha + Enhanced + One-Step,NASDAQ:SIGI,0.06853672144251957
2023-07-27,17,AR1 alpha + Enhanced + One-Step,NASDAQ:SIGI,0.06853534284938251
2023-08-01,17,AR1 alpha + Enhanced + One-Step,NASDAQ:SIGI,0.06853468551979934
2023-08-02,17,AR1 alpha + Enhanced + One-Step,NASDAQ:SIGI,0.06853415475362415
2023-08-03,17,AR1 alpha + Enhanced + One-Step,NASDAQ:SIGI,0.07107115179641656
2023-08-04,17,AR1 alpha + Enhanced + One-Step,NASDAQ:SIGI,0.07107366830015938
2023-08-07,17,AR1 alpha + Enhanced + One-Step,NASDAQ:SIGI,0.07107343218910747
2023-08-08,17,AR1 alpha + Enhanced + One-Step,NASDAQ:SIGI,0.07107361314123728
2023-08-09,17,AR1 alpha + Enhanced + One-Step,NASDAQ:SIGI,0.08223714324019117
2023-08-10,17,AR1 alpha + Enhanced + One-Step,NASDAQ:SIGI,0.09999994384074823
2023-08-11,17,AR1 alpha + Enhanced + One-Step,NASDAQ:SIGI,0.09999684844369974
2023-08-14,17,AR1 alpha + Enhanced + One-Step,NASDAQ:SIGI,0.09999389377023274
2023-08-15,17,AR1 alpha + Enhanced + One-Step,NASDAQ:SIGI,0.0999949160809869
2023-08-16,17,AR1 alpha + Enhanced + One-Step,NASDAQ:SIGI,0.09999274350393181
2023-08-17,17,AR1 alpha + Enhanced + One-Step,NASDAQ:SIGI,0.09999187791699693
2023-08-18,17,AR1 alpha + Enhanced + One-Step,NASDAQ:SIGI,0.09999084150710054
2023-08-21,17,AR1 alpha + Enhanced + One-Step,NASDAQ:SIGI,0.09999108620520294
2023-08-22,17,AR1 alpha + Enhanced + One-Step,NASDAQ:SIGI,0.09999323550929728
2023-08-23,17,AR1 alpha + Enhanced + One-Step,NASDAQ:SIGI,0.09999232664309989
2023-08-24,17,AR1 alpha + Enhanced + One-Step,NASDAQ:SIGI,0.0999936892117184
2023-08-25,17,AR1 alpha + Enhanced + One-Step,NASDAQ:SIGI,0.099996272655718
2023-08-28,17,AR1 alpha + Enhanced + One-Step,NASDAQ:SIGI,0.0999940178747944
2023-08-29,17,AR1 alpha + Enhanced + One-Step,NASDAQ:SIGI,0.09999402355725646
2023-08-30,17,AR1 alpha + Enhanced + One-Step,NASDAQ:SIGI,0.09999545348822865
2023-08-31,17,AR1 alpha + Enhanced + One-Step,NASDAQ:SIGI,0.09999516264332596
2023-09-01,17,AR1 alpha + Enhanced + One-Step,NASDAQ:SIGI,0.09999423594100901
2023-09-05,17,AR1 alpha + Enhanced + One-Step,NASDAQ:SIGI,0.09998832738497664
2023-09-06,17,AR1 alpha + Enhanced + One-Step,NASDAQ:SIGI,0.09998762791466469
2023-09-07,17,AR1 alpha + Enhanced + One-Step,NASDAQ:SIGI,0.09999091012227687
2023-09-08,17,AR1 alpha + Enhanced + One-Step,NASDAQ:SIGI,0.09999248149332775
2023-09-11,17,AR1 alpha + Enhanced + One-Step,NASDAQ:SIGI,0.0977609887660227
2023-09-12,17,AR1 alpha + Enhanced + One-Step,NASDAQ:SIGI,0.09776117740143975
2023-09-13,17,AR1 alpha + Enhanced + One-Step,NASDAQ:SIGI,0.09775795541905023
2023-09-14,17,AR1 alpha + Enhanced + One-Step,NASDAQ:SIGI,0.08922766538112453
2023-09-15,17,AR1 alpha + Enhanced + One-Step,NASDAQ:SIGI,0.08922792151193663
2023-09-18,17,AR1 alpha + Enhanced + One-Step,NASDAQ:SIGI,0.08922794180275621
2023-09-19,17,AR1 alpha + Enhanced + One-Step,NASDAQ:SIGI,0.06534925901630358
2023-09-20,17,AR1 alpha + Enhanced + One-Step,NASDAQ:SIGI,0.048618499810885986
2023-09-21,17,AR1 alpha + Enhanced + One-Step,NASDAQ:SIGI,0.03466818351973672
2023-09-22,17,AR1 alpha + Enhanced + One-Step,NASDAQ:SIGI,0.020076676658888327
2023-09-25,17,AR1 alpha + Enhanced + One-Step,NASDAQ:SIGI,0.02007591743479704
2023-09-26,17,AR1 alpha + Enhanced + One-Step,NASDAQ:SIGI,0.010624533906670109
2023-09-27,17,AR1 alpha + Enhanced + One-Step,NASDAQ:SIGI,0.021526983634586765
2023-09-28,17,AR1 alpha + Enhanced + One-Step,NASDAQ:SIGI,0.03933362002263824
2023-09-29,17,AR1 alpha + Enhanced + One-Step,NASDAQ:SIGI,0.052503183429499826
2023-10-02,17,AR1 alpha + Enhanced + One-Step,NASDAQ:SIGI,0.05250158487768498
2023-10-03,17,AR1 alpha + Enhanced + One-Step,NASDAQ:SIGI,0.052499756115151126
2023-10-04,17,AR1 alpha + Enhanced + One-Step,NASDAQ:SIGI,0.05249469624387947
2023-10-05,17,AR1 alpha + Enhanced + One-Step,NASDAQ:SIGI,0.050243878245406506
2023-10-06,17,AR1 alpha + Enhanced + One-Step,NASDAQ:SIGI,0.055533251336285304
2023-10-09,17,AR1 alpha + Enhanced + One-Step,NASDAQ:SIGI,0.07183556043819309
2023-10-10,17,AR1 alpha + Enhanced + One-Step,NASDAQ:SIGI,0.0967546721680658
2023-10-11,17,AR1 alpha + Enhanced + One-Step,NASDAQ:SIGI,0.09999902976436664
2023-10-12,17,AR1 alpha + Enhanced + One-Step,NASDAQ:SIGI,0.09999929027566934
2023-10-13,17,AR1 alpha + Enhanced + One-Step,NASDAQ:SIGI,0.09999945633406147
2023-10-16,17,AR1 alpha + Enhanced + One-Step,NASDAQ:SIGI,0.08424743859253722
2023-10-17,17,AR1 alpha + Enhanced + One-Step,NASDAQ:SIGI,0.05928188199898296
2023-10-18,17,AR1 alpha + Enhanced + One-Step,NASDAQ:SIGI,0.034296246557046786
2023-10-19,17,AR1 alpha + Enhanced + One-Step,NASDAQ:SIGI,0.020506199605566853
2023-10-20,17,AR1 alpha + Enhanced + One-Step,NASDAQ:SIGI,0.026900709093327202
2023-10-23,17,AR1 alpha + Enhanced + One-Step,NASDAQ:SIGI,0.03359722472021338
2023-10-24,17,AR1 alpha + Enhanced + One-Step,NASDAQ:SIGI,0.03359723925298342
2023-10-25,17,AR1 alpha + Enhanced + One-Step,NASDAQ:SIGI,0.028758985843162676
2023-10-26,17,AR1 alpha + Enhanced + One-Step,NASDAQ:SIGI,0.028758972797800597
2023-10-27,17,AR1 alpha + Enhanced + One-Step,NASDAQ:SIGI,0.04105515839970928
2023-10-30,17,AR1 alpha + Enhanced + One-Step,NASDAQ:SIGI,0.04105477635755995
2023-10-31,17,AR1 alpha + Enhanced + One-Step,NASDAQ:SIGI,0.04105497021247726
2023-11-01,17,AR1 alpha + Enhanced + One-Step,NASDAQ:SIGI,0.041054386716133706
2023-11-02,17,AR1 alpha + Enhanced + One-Step,NASDAQ:SIGI,0.04660997087991999
2023-11-03,17,AR1 alpha + Enhanced + One-Step,NASDAQ:SIGI,0.04661002629429547
2023-11-06,17,AR1 alpha + Enhanced + One-Step,NASDAQ:SIGI,0.04661014609185468
2023-11-07,17,AR1 alpha + Enhanced + One-Step,NASDAQ:SIGI,0.04660489893485716
2023-11-08,17,AR1 alpha + Enhanced + One-Step,NASDAQ:SIGI,0.046602054720682365
2023-11-09,17,AR1 alpha + Enhanced + One-Step,NASDAQ:SIGI,0.04660075178111545
2023-11-10,17,AR1 alpha + Enhanced + One-Step,NASDAQ:SIGI,0.04660047636363648
2023-11-13,17,AR1 alpha + Enhanced + One-Step,NASDAQ:SIGI,0.04660014845556768
2023-11-14,17,AR1 alpha + Enhanced + One-Step,NASDAQ:SIGI,0.04659886930594834
2023-11-15,17,AR1 alpha + Enhanced + One-Step,NASDAQ:SIGI,0.04659852514006792
2023-11-16,17,AR1 alpha + Enhanced + One-Step,NASDAQ:SIGI,0.046598043800838776
2023-11-17,17,AR1 alpha + Enhanced + One-Step,NASDAQ:SIGI,0.04659773841197378
2023-11-20,17,AR1 alpha + Enhanced + One-Step,NASDAQ:SIGI,0.05144970700858336
2023-11-21,17,AR1 alpha + Enhanced + One-Step,NASDAQ:SIGI,0.04511881806153953
2023-11-22,17,AR1 alpha + Enhanced + One-Step,NASDAQ:SIGI,0.031845337479688256
2023-11-24,17,AR1 alpha + Enhanced + One-Step,NASDAQ:SIGI,0.020230596178491583
2023-11-27,17,AR1 alpha + Enhanced + One-Step,NASDAQ:SIGI,0.02023024594575515
2023-11-28,17,AR1 alpha + Enhanced + One-Step,NASDAQ:SIGI,0.03114085203893924
2023-11-29,17,AR1 alpha + Enhanced + One-Step,NASDAQ:SIGI,0.04844492905198418
2023-11-30,17,AR1 alpha + Enhanced + One-Step,NASDAQ:SIGI,0.047813975578338386
2023-12-01,17,AR1 alpha + Enhanced + One-Step,NASDAQ:SIGI,0.047813747987143856
2023-12-04,17,AR1 alpha + Enhanced + One-Step,NASDAQ:SIGI,0.0356588995221145
2023-12-05,17,AR1 alpha + Enhanced + One-Step,NASDAQ:SIGI,0.014551981238516358
2023-12-06,17,AR1 alpha + Enhanced + One-Step,NASDAQ:SIGI,0.0028167351371232246
2023-12-07,17,AR1 alpha + Enhanced + One-Step,NASDAQ:SIGI,0.008370488588272924
2023-12-08,17,AR1 alpha + Enhanced + One-Step,NASDAQ:SIGI,0.008370500081605042
2023-12-11,17,AR1 alpha + Enhanced + One-Step,NASDAQ:SIGI,0.0018448907351270485
2023-12-12,17,AR1 alpha + Enhanced + One-Step,NASDAQ:SIGI,0.0
2023-12-13,17,AR1 alpha + Enhanced + One-Step,NASDAQ:SIGI,3.262619223387844e-07
2023-12-14,17,AR1 alpha + Enhanced + One-Step,NASDAQ:SIGI,1.8604007234041334e-07
2023-12-15,17,AR1 alpha + Enhanced + One-Step,NASDAQ:SIGI,3.544991152057988e-08
2023-12-18,17,AR1 alpha + Enhanced + One-Step,NASDAQ:SIGI,0.0007878369302582109
2023-12-19,17,AR1 alpha + Enhanced + One-Step,NASDAQ:SIGI,0.0007878481775964706
2023-12-20,17,AR1 alpha + Enhanced + One-Step,NASDAQ:SIGI,0.0071411163285033125
2023-12-21,17,AR1 alpha + Enhanced + One-Step,NASDAQ:SIGI,0.017833105546953318
2023-12-22,17,AR1 alpha + Enhanced + One-Step,NASDAQ:SIGI,0.017833138242174997
2023-12-26,17,AR1 alpha + Enhanced + One-Step,NASDAQ:SIGI,0.01717258291700072
2023-12-27,17,AR1 alpha + Enhanced + One-Step,NASDAQ:SIGI,0.005795839421711987
2023-12-28,17,AR1 alpha + Enhanced + One-Step,NASDAQ:SIGI,9.482499752168764e-07
2023-12-29,17,AR1 alpha + Enhanced + One-Step,NASDAQ:SIGI,9.912810098172294e-07
2024-01-02,17,AR1 alpha + Enhanced + One-Step,NASDAQ:SIGI,0.0
2024-01-03,17,AR1 alpha + Enhanced + One-Step,NASDAQ:SIGI,0.0
2024-01-04,17,AR1 alpha + Enhanced + One-Step,NASDAQ:SIGI,0.0
2024-01-05,17,AR1 alpha + Enhanced + One-Step,NASDAQ:SIGI,3.698768336603037e-08
2024-01-08,17,AR1 alpha + Enhanced + One-Step,NASDAQ:SIGI,1.6674460866801183e-07
2024-01-09,17,AR1 alpha + Enhanced + One-Step,NASDAQ:SIGI,0.00020006117914042422
2024-01-10,17,AR1 alpha + Enhanced + One-Step,NASDAQ:SIGI,0.01614207020288078
2024-01-11,17,AR1 alpha + Enhanced + One-Step,NASDAQ:SIGI,0.01167536447754429
2024-01-12,17,AR1 alpha + Enhanced + One-Step,NASDAQ:SIGI,0.0013739691982504593
2024-01-16,17,AR1 alpha + Enhanced + One-Step,NASDAQ:SIGI,0.0
2024-01-17,17,AR1 alpha + Enhanced + One-Step,NASDAQ:SIGI,1.5515738206461747e-07
2024-01-18,17,AR1 alpha + Enhanced + One-Step,NASDAQ:SIGI,2.33877240430023e-08
2024-01-19,17,AR1 alpha + Enhanced + One-Step,NASDAQ:SIGI,0.0
2024-01-22,17,AR1 alpha + Enhanced + One-Step,NASDAQ:SIGI,0.0
2024-01-23,17,AR1 alpha + Enhanced + One-Step,NASDAQ:SIGI,0.0
2024-01-24,17,AR1 alpha + Enhanced + One-Step,NASDAQ:SIGI,1.3798605707790209e-06
2024-01-25,17,AR1 alpha + Enhanced + One-Step,NASDAQ:SIGI,0.005207041914776287
2024-01-26,17,AR1 alpha + Enhanced + One-Step,NASDAQ:SIGI,0.019051045972660278
2024-01-29,17,AR1 alpha + Enhanced + One-Step,NASDAQ:SIGI,0.02471368892180079
2024-01-30,17,AR1 alpha + Enhanced + One-Step,NASDAQ:SIGI,0.02471303207817997
2024-01-31,17,AR1 alpha + Enhanced + One-Step,NASDAQ:SIGI,0.04527117358079643
2024-02-01,17,AR1 alpha + Enhanced + One-Step,NASDAQ:SIGI,0.07017714067644192
2024-02-02,17,AR1 alpha + Enhanced + One-Step,NASDAQ:SIGI,0.0869740754793946
2024-02-05,17,AR1 alpha + Enhanced + One-Step,NASDAQ:SIGI,0.08799442722216429
2024-02-06,17,AR1 alpha + Enhanced + One-Step,NASDAQ:SIGI,0.08799377275286296
2024-02-07,17,AR1 alpha + Enhanced + One-Step,NASDAQ:SIGI,0.09645840760647252
2024-02-08,17,AR1 alpha + Enhanced + One-Step,NASDAQ:SIGI,0.09645824371766827
2024-02-09,17,AR1 alpha + Enhanced + One-Step,NASDAQ:SIGI,0.07155627807859266
2024-02-12,17,AR1 alpha + Enhanced + One-Step,NASDAQ:SIGI,0.046609539204061974
2024-02-13,17,AR1 alpha + Enhanced + One-Step,NASDAQ:SIGI,0.03664334518095528
2024-02-14,17,AR1 alpha + Enhanced + One-Step,NASDAQ:SIGI,0.011606615485379255
2024-02-15,17,AR1 alpha + Enhanced + One-Step,NASDAQ:SIGI,0.0
2024-02-16,17,AR1 alpha + Enhanced + One-Step,NASDAQ:SIGI,3.2550720507184913e-07
2024-02-20,17,AR1 alpha + Enhanced + One-Step,NASDAQ:SIGI,5.40483315042323e-07
2024-02-21,17,AR1 alpha + Enhanced + One-Step,NASDAQ:SIGI,0.0
2024-02-22,17,AR1 alpha + Enhanced + One-Step,NASDAQ:SIGI,0.0
2024-02-23,17,AR1 alpha + Enhanced + One-Step,NASDAQ:SIGI,1.7760393090430692e-07
2024-02-26,17,AR1 alpha + Enhanced + One-Step,NASDAQ:SIGI,0.0
2024-02-27,17,AR1 alpha + Enhanced + One-Step,NASDAQ:SIGI,0.0
2024-02-28,17,AR1 alpha + Enhanced + One-Step,NASDAQ:SIGI,0.0
2024-02-29,17,AR1 alpha + Enhanced + One-Step,NASDAQ:SIGI,0.0
2024-03-01,17,AR1 alpha + Enhanced + One-Step,NASDAQ:SIGI,0.0
2024-03-04,17,AR1 alpha + Enhanced + One-Step,NASDAQ:SIGI,0.0
2024-03-05,17,AR1 alpha + Enhanced + One-Step,NASDAQ:SIGI,0.0
2024-03-06,17,AR1 alpha + Enhanced + One-Step,NASDAQ:SIGI,0.0
2024-03-07,17,AR1 alpha + Enhanced + One-Step,NASDAQ:SIGI,0.0
2024-03-08,17,AR1 alpha + Enhanced + One-Step,NASDAQ:SIGI,0.0
2024-03-11,17,AR1 alpha + Enhanced + One-Step,NASDAQ:SIGI,0.0
2024-03-12,17,AR1 alpha + Enhanced + One-Step,NASDAQ:SIGI,0.0
2024-03-13,17,AR1 alpha + Enhanced + One-Step,NASDAQ:SIGI,0.0
2024-03-14,17,AR1 alpha + Enhanced + One-Step,NASDAQ:SIGI,0.0
2024-03-15,17,AR1 alpha + Enhanced + One-Step,NASDAQ:SIGI,1.3685814870779688e-07
2024-03-18,17,AR1 alpha + Enhanced + One-Step,NASDAQ:SIGI,0.0
2024-03-19,17,AR1 alpha + Enhanced + One-Step,NASDAQ:SIGI,0.0
2024-03-20,17,AR1 alpha + Enhanced + One-Step,NASDAQ:SIGI,8.958432053450107e-09
2024-03-21,17,AR1 alpha + Enhanced + One-Step,NASDAQ:SIGI,0.0
2024-03-22,17,AR1 alpha + Enhanced + One-Step,NASDAQ:SIGI,0.0
2024-03-25,17,AR1 alpha + Enhanced + One-Step,NASDAQ:SIGI,1.5989913494709052e-09
2024-03-26,17,AR1 alpha + Enhanced + One-Step,NASDAQ:SIGI,0.0
2024-03-27,17,AR1 alpha + Enhanced + One-Step,NASDAQ:SIGI,0.0
2024-03-28,17,AR1 alpha + Enhanced + One-Step,NASDAQ:SIGI,2.3439021716549112e-07
2024-04-01,17,AR1 alpha + Enhanced + One-Step,NASDAQ:SIGI,3.2207898500659135e-07
2024-04-02,17,AR1 alpha + Enhanced + One-Step,NASDAQ:SIGI,1.2829995617284102e-07
2024-04-03,17,AR1 alpha + Enhanced + One-Step,NASDAQ:SIGI,0.0
2024-04-04,17,AR1 alpha + Enhanced + One-Step,NASDAQ:SIGI,0.0
2024-04-05,17,AR1 alpha + Enhanced + One-Step,NASDAQ:SIGI,0.0
2024-04-08,17,AR1 alpha + Enhanced + One-Step,NASDAQ:SIGI,1.6032334699826767e-07
2024-04-09,17,AR1 alpha + Enhanced + One-Step,NASDAQ:SIGI,0.0
2024-04-10,17,AR1 alpha + Enhanced + One-Step,NASDAQ:SIGI,0.0
2024-04-11,17,AR1 alpha + Enhanced + One-Step,NASDAQ:SIGI,0.0
2024-04-12,17,AR1 alpha + Enhanced + One-Step,NASDAQ:SIGI,0.0
2024-04-15,17,AR1 alpha + Enhanced + One-Step,NASDAQ:SIGI,0.0
2024-04-16,17,AR1 alpha + Enhanced + One-Step,NASDAQ:SIGI,0.0
2024-04-17,17,AR1 alpha + Enhanced + One-Step,NASDAQ:SIGI,1.117371651633209e-07
2024-04-18,17,AR1 alpha + Enhanced + One-Step,NASDAQ:SIGI,0.0
2024-04-19,17,AR1 alpha + Enhanced + One-Step,NASDAQ:SIGI,0.0
2020-03-25,17,AR1 alpha + Enhanced + One-Step,NASDAQ:HWC,0.020000000000007227
2020-03-26,17,AR1 alpha + Enhanced + One-Step,NASDAQ:HWC,0.02000000000001305
2020-03-27,17,AR1 alpha + Enhanced + One-Step,NASDAQ:HWC,0.02000000164167952
2020-03-30,17,AR1 alpha + Enhanced + One-Step,NASDAQ:HWC,0.020001098647945612
2020-03-31,17,AR1 alpha + Enhanced + One-Step,NASDAQ:HWC,0.02000277118334335
2020-04-01,17,AR1 alpha + Enhanced + One-Step,NASDAQ:HWC,0.020002778475991655
2020-04-02,17,AR1 alpha + Enhanced + One-Step,NASDAQ:HWC,0.02000225889162277
2020-04-03,17,AR1 alpha + Enhanced + One-Step,NASDAQ:HWC,0.02000273042402002
2020-04-06,17,AR1 alpha + Enhanced + One-Step,NASDAQ:HWC,0.020003678584131858
2020-04-07,17,AR1 alpha + Enhanced + One-Step,NASDAQ:HWC,0.020000168002479477
2020-04-08,17,AR1 alpha + Enhanced + One-Step,NASDAQ:HWC,0.020000390837635492
2020-04-09,17,AR1 alpha + Enhanced + One-Step,NASDAQ:HWC,0.020000275233641094
2020-04-13,17,AR1 alpha + Enhanced + One-Step,NASDAQ:HWC,0.0200012882857826
2020-04-14,17,AR1 alpha + Enhanced + One-Step,NASDAQ:HWC,0.020001823439087258
2020-04-15,17,AR1 alpha + Enhanced + One-Step,NASDAQ:HWC,3.76344376569267e-07
2020-04-16,17,AR1 alpha + Enhanced + One-Step,NASDAQ:HWC,2.486367487464928e-07
2020-04-17,17,AR1 alpha + Enhanced + One-Step,NASDAQ:HWC,8.320401839566366e-08
2020-04-20,17,AR1 alpha + Enhanced + One-Step,NASDAQ:HWC,0.0
2020-04-21,17,AR1 alpha + Enhanced + One-Step,NASDAQ:HWC,4.896154491297402e-08
2020-04-22,17,AR1 alpha + Enhanced + One-Step,NASDAQ:HWC,8.87362815161543e-08
2020-04-23,17,AR1 alpha + Enhanced + One-Step,NASDAQ:HWC,1.1663015588706316e-08
2020-04-24,17,AR1 alpha + Enhanced + One-Step,NASDAQ:HWC,1.9375059756333862e-08
2020-04-27,17,AR1 alpha + Enhanced + One-Step,NASDAQ:HWC,5.150759356976827e-09
2020-04-28,17,AR1 alpha + Enhanced + One-Step,NASDAQ:HWC,7.089899877128862e-10
2020-04-29,17,AR1 alpha + Enhanced + One-Step,NASDAQ:HWC,9.975950264272287e-11
2020-04-30,17,AR1 alpha + Enhanced + One-Step,NASDAQ:HWC,0.0
2020-05-01,17,AR1 alpha + Enhanced + One-Step,NASDAQ:HWC,0.0
2020-05-04,17,AR1 alpha + Enhanced + One-Step,NASDAQ:HWC,9.529729016715283e-09
2020-05-05,17,AR1 alpha + Enhanced + One-Step,NASDAQ:HWC,0.0
2020-05-06,17,AR1 alpha + Enhanced + One-Step,NASDAQ:HWC,0.0
2020-05-07,17,AR1 alpha + Enhanced + One-Step,NASDAQ:HWC,4.888085638291668e-08
2020-05-08,17,AR1 alpha + Enhanced + One-Step,NASDAQ:HWC,1.2486334738736667e-08
2020-05-11,17,AR1 alpha + Enhanced + One-Step,NASDAQ:HWC,0.0
2020-05-12,17,AR1 alpha + Enhanced + One-Step,NASDAQ:HWC,0.0
2020-05-13,17,AR1 alpha + Enhanced + One-Step,NASDAQ:HWC,2.926230373162053e-08
2020-05-14,17,AR1 alpha + Enhanced + One-Step,NASDAQ:HWC,0.0
2020-05-15,17,AR1 alpha + Enhanced + One-Step,NASDAQ:HWC,2.59405163126978e-08
2020-05-18,17,AR1 alpha + Enhanced + One-Step,NASDAQ:HWC,5.834949346757136e-08
2020-05-19,17,AR1 alpha + Enhanced + One-Step,NASDAQ:HWC,0.0
2020-05-20,17,AR1 alpha + Enhanced + One-Step,NASDAQ:HWC,0.0
2020-05-21,17,AR1 alpha + Enhanced + One-Step,NASDAQ:HWC,0.0
2020-05-22,17,AR1 alpha + Enhanced + One-Step,NASDAQ:HWC,8.814998117640797e-09
2020-05-26,17,AR1 alpha + Enhanced + One-Step,NASDAQ:HWC,0.0
2020-05-27,17,AR1 alpha + Enhanced + One-Step,NASDAQ:HWC,2.2333793592134446e-08
2020-05-28,17,AR1 alpha + Enhanced + One-Step,NASDAQ:HWC,7.534848977132884e-09
2020-05-29,17,AR1 alpha + Enhanced + One-Step,NASDAQ:HWC,2.3214075358987156e-09
2020-06-01,17,AR1 alpha + Enhanced + One-Step,NASDAQ:HWC,2.629578037256902e-08
2020-06-02,17,AR1 alpha + Enhanced + One-Step,NASDAQ:HWC,2.2393732720147014e-08
2020-06-03,17,AR1 alpha + Enhanced + One-Step,NASDAQ:HWC,3.0835604288616156e-07
2020-06-04,17,AR1 alpha + Enhanced + One-Step,NASDAQ:HWC,1.440383502528216e-07
2020-06-05,17,AR1 alpha + Enhanced + One-Step,NASDAQ:HWC,4.675044473115178e-08
2020-06-08,17,AR1 alpha + Enhanced + One-Step,NASDAQ:HWC,1.3372394408961071e-08
2020-06-09,17,AR1 alpha + Enhanced + One-Step,NASDAQ:HWC,0.0
2020-06-10,17,AR1 alpha + Enhanced + One-Step,NASDAQ:HWC,0.0
2020-06-11,17,AR1 alpha + Enhanced + One-Step,NASDAQ:HWC,7.469076234923399e-08
2020-06-12,17,AR1 alpha + Enhanced + One-Step,NASDAQ:HWC,2.5448057211335272e-08
2020-06-15,17,AR1 alpha + Enhanced + One-Step,NASDAQ:HWC,0.0
2020-06-16,17,AR1 alpha + Enhanced + One-Step,NASDAQ:HWC,7.666974714610076e-09
2020-06-17,17,AR1 alpha + Enhanced + One-Step,NASDAQ:HWC,3.891595689470291e-09
2020-06-18,17,AR1 alpha + Enhanced + One-Step,NASDAQ:HWC,0.0
2020-06-19,17,AR1 alpha + Enhanced + One-Step,NASDAQ:HWC,1.1757928691437174e-07
2020-06-22,17,AR1 alpha + Enhanced + One-Step,NASDAQ:HWC,3.330027878023289e-08
2020-06-23,17,AR1 alpha + Enhanced + One-Step,NASDAQ:HWC,0.0
2020-06-24,17,AR1 alpha + Enhanced + One-Step,NASDAQ:HWC,0.0
2020-06-25,17,AR1 alpha + Enhanced + One-Step,NASDAQ:HWC,1.4588730354574474e-08
2020-06-26,17,AR1 alpha + Enhanced + One-Step,NASDAQ:HWC,0.0
2020-06-29,17,AR1 alpha + Enhanced + One-Step,NASDAQ:HWC,0.0
2020-06-30,17,AR1 alpha + Enhanced + One-Step,NASDAQ:HWC,0.0
2020-07-01,17,AR1 alpha + Enhanced + One-Step,NASDAQ:HWC,0.0
2020-07-02,17,AR1 alpha + Enhanced + One-Step,NASDAQ:HWC,2.268193638707797e-08
2020-07-06,17,AR1 alpha + Enhanced + One-Step,NASDAQ:HWC,0.0
2020-07-07,17,AR1 alpha + Enhanced + One-Step,NASDAQ:HWC,0.0
2020-07-08,17,AR1 alpha + Enhanced + One-Step,NASDAQ:HWC,0.0
2020-07-09,17,AR1 alpha + Enhanced + One-Step,NASDAQ:HWC,0.0
2020-07-10,17,AR1 alpha + Enhanced + One-Step,NASDAQ:HWC,0.0
2020-07-13,17,AR1 alpha + Enhanced + One-Step,NASDAQ:HWC,0.0
2020-07-14,17,AR1 alpha + Enhanced + One-Step,NASDAQ:HWC,0.0
2020-07-15,17,AR1 alpha + Enhanced + One-Step,NASDAQ:HWC,0.0
2020-07-16,17,AR1 alpha + Enhanced + One-Step,NASDAQ:HWC,0.0
2020-07-17,17,AR1 alpha + Enhanced + One-Step,NASDAQ:HWC,0.0
2020-07-20,17,AR1 alpha + Enhanced + One-Step,NASDAQ:HWC,4.2571319477129964e-08
2020-07-21,17,AR1 alpha + Enhanced + One-Step,NASDAQ:HWC,5.774634196437689e-08
2020-07-22,17,AR1 alpha + Enhanced + One-Step,NASDAQ:HWC,4.486929469379972e-08
2020-07-23,17,AR1 alpha + Enhanced + One-Step,NASDAQ:HWC,0.0
2020-07-24,17,AR1 alpha + Enhanced + One-Step,NASDAQ:HWC,0.0
2020-07-27,17,AR1 alpha + Enhanced + One-Step,NASDAQ:HWC,0.0
2020-07-28,17,AR1 alpha + Enhanced + One-Step,NASDAQ:HWC,0.0
2020-07-29,17,AR1 alpha + Enhanced + One-Step,NASDAQ:HWC,0.0
2020-07-30,17,AR1 alpha + Enhanced + One-Step,NASDAQ:HWC,0.0
2020-07-31,17,AR1 alpha + Enhanced + One-Step,NASDAQ:HWC,0.0
2020-08-03,17,AR1 alpha + Enhanced + One-Step,NASDAQ:HWC,1.704931889247594e-07
2020-08-04,17,AR1 alpha + Enhanced + One-Step,NASDAQ:HWC,3.635087750654342e-08
2020-08-05,17,AR1 alpha + Enhanced + One-Step,NASDAQ:HWC,0.0
2020-08-06,17,AR1 alpha + Enhanced + One-Step,NASDAQ:HWC,0.0
2020-08-07,17,AR1 alpha + Enhanced + One-Step,NASDAQ:HWC,8.298766832670617e-08
2020-08-10,17,AR1 alpha + Enhanced + One-Step,NASDAQ:HWC,2.0794280585388503e-07
2020-08-11,17,AR1 alpha + Enhanced + One-Step,NASDAQ:HWC,1.2585583134313059e-08
2020-08-12,17,AR1 alpha + Enhanced + One-Step,NASDAQ:HWC,2.70303602575519e-09
2020-08-13,17,AR1 alpha + Enhanced + One-Step,NASDAQ:HWC,8.940172500969152e-10
2020-08-14,17,AR1 alpha + Enhanced + One-Step,NASDAQ:HWC,7.434229030125455e-10
2020-08-17,17,AR1 alpha + Enhanced + One-Step,NASDAQ:HWC,0.0
2020-08-18,17,AR1 alpha + Enhanced + One-Step,NASDAQ:HWC,0.0
2020-08-19,17,AR1 alpha + Enhanced + One-Step,NASDAQ:HWC,0.0
2020-08-20,17,AR1 alpha + Enhanced + One-Step,NASDAQ:HWC,0.0
2020-08-21,17,AR1 alpha + Enhanced + One-Step,NASDAQ:HWC,0.0
2020-08-24,17,AR1 alpha + Enhanced + One-Step,NASDAQ:HWC,0.0
2020-08-25,17,AR1 alpha + Enhanced + One-Step,NASDAQ:HWC,4.4396686824454897e-08
2020-08-26,17,AR1 alpha + Enhanced + One-Step,NASDAQ:HWC,0.0
2020-08-27,17,AR1 alpha + Enhanced + One-Step,NASDAQ:HWC,0.0
2020-08-28,17,AR1 alpha + Enhanced + One-Step,NASDAQ:HWC,1.2405141839636296e-09
2020-08-31,17,AR1 alpha + Enhanced + One-Step,NASDAQ:HWC,0.0
2020-09-01,17,AR1 alpha + Enhanced + One-Step,NASDAQ:HWC,0.0
2020-09-02,17,AR1 alpha + Enhanced + One-Step,NASDAQ:HWC,0.0
2020-09-03,17,AR1 alpha + Enhanced + One-Step,NASDAQ:HWC,0.0
2020-09-04,17,AR1 alpha + Enhanced + One-Step,NASDAQ:HWC,1.1324879518528146e-08
2020-09-08,17,AR1 alpha + Enhanced + One-Step,NASDAQ:HWC,1.1025456459220851e-07
2020-09-09,17,AR1 alpha + Enhanced + One-Step,NASDAQ:HWC,4.841719109051182e-08
2020-09-10,17,AR1 alpha + Enhanced + One-Step,NASDAQ:HWC,7.816103418330738e-10
2020-09-11,17,AR1 alpha + Enhanced + One-Step,NASDAQ:HWC,3.4653318022461204e-08
2020-09-14,17,AR1 alpha + Enhanced + One-Step,NASDAQ:HWC,2.5527910532700366e-07
2020-09-15,17,AR1 alpha + Enhanced + One-Step,NASDAQ:HWC,1.1071105972024803e-07
2020-09-16,17,AR1 alpha + Enhanced + One-Step,NASDAQ:HWC,1.0882883464601288e-09
2020-09-17,17,AR1 alpha + Enhanced + One-Step,NASDAQ:HWC,0.0
2020-09-18,17,AR1 alpha + Enhanced + One-Step,NASDAQ:HWC,0.0
2020-09-21,17,AR1 alpha + Enhanced + One-Step,NASDAQ:HWC,0.0
2020-09-22,17,AR1 alpha + Enhanced + One-Step,NASDAQ:HWC,2.6642131862959453e-08
2020-09-23,17,AR1 alpha + Enhanced + One-Step,NASDAQ:HWC,0.0
2020-09-24,17,AR1 alpha + Enhanced + One-Step,NASDAQ:HWC,0.0
2020-09-25,17,AR1 alpha + Enhanced + One-Step,NASDAQ:HWC,0.0
2020-09-28,17,AR1 alpha + Enhanced + One-Step,NASDAQ:HWC,2.0648566126000926e-07
2020-09-29,17,AR1 alpha + Enhanced + One-Step,NASDAQ:HWC,1.2325823609253823e-07
2020-09-30,17,AR1 alpha + Enhanced + One-Step,NASDAQ:HWC,0.0
2020-10-01,17,AR1 alpha + Enhanced + One-Step,NASDAQ:HWC,1.118345653622268e-07
2020-10-02,17,AR1 alpha + Enhanced + One-Step,NASDAQ:HWC,5.576051055735368e-08
2020-10-05,17,AR1 alpha + Enhanced + One-Step,NASDAQ:HWC,2.2967400597068786e-07
2020-10-06,17,AR1 alpha + Enhanced + One-Step,NASDAQ:HWC,1.1995493051595617e-08
2020-10-07,17,AR1 alpha + Enhanced + One-Step,NASDAQ:HWC,2.5871355226705365e-07
2020-10-08,17,AR1 alpha + Enhanced + One-Step,NASDAQ:HWC,7.121398101723546e-08
2020-10-09,17,AR1 alpha + Enhanced + One-Step,NASDAQ:HWC,1.2658751554866534e-07
2020-10-12,17,AR1 alpha + Enhanced + One-Step,NASDAQ:HWC,4.016831469247607e-08
2020-10-13,17,AR1 alpha + Enhanced + One-Step,NASDAQ:HWC,3.903730906739549e-07
2020-10-14,17,AR1 alpha + Enhanced + One-Step,NASDAQ:HWC,0.0
2020-10-15,17,AR1 alpha + Enhanced + One-Step,NASDAQ:HWC,0.0
2020-10-16,17,AR1 alpha + Enhanced + One-Step,NASDAQ:HWC,0.0
2020-10-19,17,AR1 alpha + Enhanced + One-Step,NASDAQ:HWC,0.0
2020-10-20,17,AR1 alpha + Enhanced + One-Step,NASDAQ:HWC,0.0
2020-10-21,17,AR1 alpha + Enhanced + One-Step,NASDAQ:HWC,0.0
2020-10-22,17,AR1 alpha + Enhanced + One-Step,NASDAQ:HWC,0.0
2020-10-23,17,AR1 alpha + Enhanced + One-Step,NASDAQ:HWC,0.0
2020-10-26,17,AR1 alpha + Enhanced + One-Step,NASDAQ:HWC,2.420719083258101e-08
2020-10-27,17,AR1 alpha + Enhanced + One-Step,NASDAQ:HWC,2.4860111014887694e-07
2020-10-28,17,AR1 alpha + Enhanced + One-Step,NASDAQ:HWC,1.5154934070156547e-08
2020-10-29,17,AR1 alpha + Enhanced + One-Step,NASDAQ:HWC,1.554672708173616e-07
2020-10-30,17,AR1 alpha + Enhanced + One-Step,NASDAQ:HWC,3.492425404046241e-08
2020-11-02,17,AR1 alpha + Enhanced + One-Step,NASDAQ:HWC,4.853878852026191e-07
2020-11-03,17,AR1 alpha + Enhanced + One-Step,NASDAQ:HWC,3.263418525837568e-08
2020-11-04,17,AR1 alpha + Enhanced + One-Step,NASDAQ:HWC,1.389543162670997e-06
2020-11-05,17,AR1 alpha + Enhanced + One-Step,NASDAQ:HWC,5.483810269467317e-07
2020-11-06,17,AR1 alpha + Enhanced + One-Step,NASDAQ:HWC,1.545590857887363e-07
2020-11-09,17,AR1 alpha + Enhanced + One-Step,NASDAQ:HWC,0.0
2020-11-10,17,AR1 alpha + Enhanced + One-Step,NASDAQ:HWC,7.342978092525413e-07
2020-11-11,17,AR1 alpha + Enhanced + One-Step,NASDAQ:HWC,3.386958823303899e-07
2020-11-12,17,AR1 alpha + Enhanced + One-Step,NASDAQ:HWC,3.875950365495301e-08
2020-11-13,17,AR1 alpha + Enhanced + One-Step,NASDAQ:HWC,5.457087067297434e-09
2020-11-16,17,AR1 alpha + Enhanced + One-Step,NASDAQ:HWC,1.0681267961139833e-07
2020-11-17,17,AR1 alpha + Enhanced + One-Step,NASDAQ:HWC,0.0
2020-11-18,17,AR1 alpha + Enhanced + One-Step,NASDAQ:HWC,0.0
2020-11-19,17,AR1 alpha + Enhanced + One-Step,NASDAQ:HWC,0.0
2020-11-20,17,AR1 alpha + Enhanced + One-Step,NASDAQ:HWC,2.239934066650242e-09
2020-11-23,17,AR1 alpha + Enhanced + One-Step,NASDAQ:HWC,0.0
2020-11-24,17,AR1 alpha + Enhanced + One-Step,NASDAQ:HWC,0.0
2020-11-25,17,AR1 alpha + Enhanced + One-Step,NASDAQ:HWC,0.0
2020-11-27,17,AR1 alpha + Enhanced + One-Step,NASDAQ:HWC,0.0
2020-11-30,17,AR1 alpha + Enhanced + One-Step,NASDAQ:HWC,1.5451139399192697e-08
2020-12-01,17,AR1 alpha + Enhanced + One-Step,NASDAQ:HWC,1.2320444100145299e-07
2020-12-04,17,AR1 alpha + Enhanced + One-Step,NASDAQ:HWC,9.346080541200725e-08
2020-12-07,17,AR1 alpha + Enhanced + One-Step,NASDAQ:HWC,0.0
2020-12-08,17,AR1 alpha + Enhanced + One-Step,NASDAQ:HWC,1.677855376352327e-07
2020-12-09,17,AR1 alpha + Enhanced + One-Step,NASDAQ:HWC,0.0
2020-12-10,17,AR1 alpha + Enhanced + One-Step,NASDAQ:HWC,7.051929227542496e-10
2020-12-11,17,AR1 alpha + Enhanced + One-Step,NASDAQ:HWC,0.0
2020-12-14,17,AR1 alpha + Enhanced + One-Step,NASDAQ:HWC,0.0
2020-12-15,17,AR1 alpha + Enhanced + One-Step,NASDAQ:HWC,5.69033412164361e-09
2020-12-16,17,AR1 alpha + Enhanced + One-Step,NASDAQ:HWC,0.0
2020-12-17,17,AR1 alpha + Enhanced + One-Step,NASDAQ:HWC,0.0
2020-12-18,17,AR1 alpha + Enhanced + One-Step,NASDAQ:HWC,2.3603825000551182e-07
2020-12-21,17,AR1 alpha + Enhanced + One-Step,NASDAQ:HWC,2.826395050961824e-07
2020-12-22,17,AR1 alpha + Enhanced + One-Step,NASDAQ:HWC,1.0406907169215416e-07
2020-12-23,17,AR1 alpha + Enhanced + One-Step,NASDAQ:HWC,0.0
2020-12-24,17,AR1 alpha + Enhanced + One-Step,NASDAQ:HWC,0.0
2020-12-28,17,AR1 alpha + Enhanced + One-Step,NASDAQ:HWC,0.0
2020-12-29,17,AR1 alpha + Enhanced + One-Step,NASDAQ:HWC,0.0
2020-12-30,17,AR1 alpha + Enhanced + One-Step,NASDAQ:HWC,0.0
2020-12-31,17,AR1 alpha + Enhanced + One-Step,NASDAQ:HWC,0.0
2021-01-04,17,AR1 alpha + Enhanced + One-Step,NASDAQ:HWC,9.37679423107585e-09
2021-01-05,17,AR1 alpha + Enhanced + One-Step,NASDAQ:HWC,5.299310916814714e-09
2021-01-06,17,AR1 alpha + Enhanced + One-Step,NASDAQ:HWC,0.0
2021-01-07,17,AR1 alpha + Enhanced + One-Step,NASDAQ:HWC,0.0
2021-01-08,17,AR1 alpha + Enhanced + One-Step,NASDAQ:HWC,0.0
2021-01-11,17,AR1 alpha + Enhanced + One-Step,NASDAQ:HWC,1.419977938748933e-07
2021-01-12,17,AR1 alpha + Enhanced + One-Step,NASDAQ:HWC,2.1407386064128598e-07
2021-01-13,17,AR1 alpha + Enhanced + One-Step,NASDAQ:HWC,0.0
2021-01-14,17,AR1 alpha + Enhanced + One-Step,NASDAQ:HWC,6.499421252956249e-08
2021-01-15,17,AR1 alpha + Enhanced + One-Step,NASDAQ:HWC,5.0520793102521595e-08
2021-01-19,17,AR1 alpha + Enhanced + One-Step,NASDAQ:HWC,1.0967172184321075e-08
2021-01-20,17,AR1 alpha + Enhanced + One-Step,NASDAQ:HWC,1.86725289631211e-07
2021-01-21,17,AR1 alpha + Enhanced + One-Step,NASDAQ:HWC,5.291864125389827e-07
2021-01-22,17,AR1 alpha + Enhanced + One-Step,NASDAQ:HWC,0.0
2021-01-25,17,AR1 alpha + Enhanced + One-Step,NASDAQ:HWC,0.0
2021-01-26,17,AR1 alpha + Enhanced + One-Step,NASDAQ:HWC,0.0
2021-01-27,17,AR1 alpha + Enhanced + One-Step,NASDAQ:HWC,0.0
2021-01-28,17,AR1 alpha + Enhanced + One-Step,NASDAQ:HWC,1.5235309186471915e-07
2021-01-29,17,AR1 alpha + Enhanced + One-Step,NASDAQ:HWC,0.0
2021-02-01,17,AR1 alpha + Enhanced + One-Step,NASDAQ:HWC,0.0
2021-02-02,17,AR1 alpha + Enhanced + One-Step,NASDAQ:HWC,4.865594862049403e-09
2021-02-03,17,AR1 alpha + Enhanced + One-Step,NASDAQ:HWC,0.0
2021-02-04,17,AR1 alpha + Enhanced + One-Step,NASDAQ:HWC,0.0
2021-02-05,17,AR1 alpha + Enhanced + One-Step,NASDAQ:HWC,0.0
2021-02-08,17,AR1 alpha + Enhanced + One-Step,NASDAQ:HWC,1.960262110205792e-07
2021-02-09,17,AR1 alpha + Enhanced + One-Step,NASDAQ:HWC,5.2722766314797955e-08
2021-02-10,17,AR1 alpha + Enhanced + One-Step,NASDAQ:HWC,5.171842957696255e-07
2021-02-11,17,AR1 alpha + Enhanced + One-Step,NASDAQ:HWC,3.104110160957257e-07
2021-02-12,17,AR1 alpha + Enhanced + One-Step,NASDAQ:HWC,1.1441825260332305e-07
2021-02-16,17,AR1 alpha + Enhanced + One-Step,NASDAQ:HWC,2.3593290569889317e-08
2021-02-17,17,AR1 alpha + Enhanced + One-Step,NASDAQ:HWC,4.4777119366049907e-08
2021-02-18,17,AR1 alpha + Enhanced + One-Step,NASDAQ:HWC,6.299540722434524e-08
2021-02-19,17,AR1 alpha + Enhanced + One-Step,NASDAQ:HWC,0.0
2021-02-22,17,AR1 alpha + Enhanced + One-Step,NASDAQ:HWC,3.2304333540460994e-07
2021-02-23,17,AR1 alpha + Enhanced + One-Step,NASDAQ:HWC,1.006439055886364e-06
2021-02-24,17,AR1 alpha + Enhanced + One-Step,NASDAQ:HWC,5.275952410330897e-07
2021-02-25,17,AR1 alpha + Enhanced + One-Step,NASDAQ:HWC,0.0
2021-02-26,17,AR1 alpha + Enhanced + One-Step,NASDAQ:HWC,1.2413487111944435e-07
2021-03-01,17,AR1 alpha + Enhanced + One-Step,NASDAQ:HWC,1.850322008669941e-07
2021-03-02,17,AR1 alpha + Enhanced + One-Step,NASDAQ:HWC,9.573892169967856e-08
2021-03-03,17,AR1 alpha + Enhanced + One-Step,NASDAQ:HWC,0.0
2021-03-04,17,AR1 alpha + Enhanced + One-Step,NASDAQ:HWC,2.033070692331835e-09
2021-03-05,17,AR1 alpha + Enhanced + One-Step,NASDAQ:HWC,0.0
2021-03-08,17,AR1 alpha + Enhanced + One-Step,NASDAQ:HWC,2.765092871831974e-09
2021-03-09,17,AR1 alpha + Enhanced + One-Step,NASDAQ:HWC,0.0
2021-03-10,17,AR1 alpha + Enhanced + One-Step,NASDAQ:HWC,7.870722870084748e-07
2021-03-11,17,AR1 alpha + Enhanced + One-Step,NASDAQ:HWC,0.0
2021-03-12,17,AR1 alpha + Enhanced + One-Step,NASDAQ:HWC,0.0
2021-03-15,17,AR1 alpha + Enhanced + One-Step,NASDAQ:HWC,1.1391185388428377e-06
2021-03-16,17,AR1 alpha + Enhanced + One-Step,NASDAQ:HWC,6.056204172868865e-07
2021-03-17,17,AR1 alpha + Enhanced + One-Step,NASDAQ:HWC,0.0
2021-03-18,17,AR1 alpha + Enhanced + One-Step,NASDAQ:HWC,4.146090344620468e-09
2021-03-19,17,AR1 alpha + Enhanced + One-Step,NASDAQ:HWC,0.0
2021-03-22,17,AR1 alpha + Enhanced + One-Step,NASDAQ:HWC,2.692267037485125e-08
2021-03-23,17,AR1 alpha + Enhanced + One-Step,NASDAQ:HWC,6.134912617209182e-07
2021-03-24,17,AR1 alpha + Enhanced + One-Step,NASDAQ:HWC,2.475330746686624e-07
2021-03-25,17,AR1 alpha + Enhanced + One-Step,NASDAQ:HWC,1.6994271104644746e-07
2021-03-26,17,AR1 alpha + Enhanced + One-Step,NASDAQ:HWC,1.9596017631022772e-07
2021-03-29,17,AR1 alpha + Enhanced + One-Step,NASDAQ:HWC,1.8158385245518302e-07
2021-03-30,17,AR1 alpha + Enhanced + One-Step,NASDAQ:HWC,5.440336059190348e-08
2021-03-31,17,AR1 alpha + Enhanced + One-Step,NASDAQ:HWC,2.7778353796541173e-08
2021-04-01,17,AR1 alpha + Enhanced + One-Step,NASDAQ:HWC,4.057622235857722e-07
2021-04-05,17,AR1 alpha + Enhanced + One-Step,NASDAQ:HWC,2.872179733576482e-07
2021-04-06,17,AR1 alpha + Enhanced + One-Step,NASDAQ:HWC,1.611751808363312e-07
2021-04-07,17,AR1 alpha + Enhanced + One-Step,NASDAQ:HWC,0.0
2021-04-08,17,AR1 alpha + Enhanced + One-Step,NASDAQ:HWC,0.0
2021-04-09,17,AR1 alpha + Enhanced + One-Step,NASDAQ:HWC,0.0
2021-04-12,17,AR1 alpha + Enhanced + One-Step,NASDAQ:HWC,0.0
2021-04-13,17,AR1 alpha + Enhanced + One-Step,NASDAQ:HWC,0.0
2021-04-14,17,AR1 alpha + Enhanced + One-Step,NASDAQ:HWC,0.0
2021-04-15,17,AR1 alpha + Enhanced + One-Step,NASDAQ:HWC,4.4139481174128453e-07
2021-04-16,17,AR1 alpha + Enhanced + One-Step,NASDAQ:HWC,2.2099426367091084e-07
2021-04-19,17,AR1 alpha + Enhanced + One-Step,NASDAQ:HWC,9.451216925105109e-08
2021-04-20,17,AR1 alpha + Enhanced + One-Step,NASDAQ:HWC,0.0
2021-04-21,17,AR1 alpha + Enhanced + One-Step,NASDAQ:HWC,0.0
2021-04-22,17,AR1 alpha + Enhanced + One-Step,NASDAQ:HWC,0.0
2021-04-23,17,AR1 alpha + Enhanced + One-Step,NASDAQ:HWC,0.0
2021-04-26,17,AR1 alpha + Enhanced + One-Step,NASDAQ:HWC,0.0
2021-04-27,17,AR1 alpha + Enhanced + One-Step,NASDAQ:HWC,0.0
2021-04-28,17,AR1 alpha + Enhanced + One-Step,NASDAQ:HWC,0.0
2021-04-29,17,AR1 alpha + Enhanced + One-Step,NASDAQ:HWC,0.0
2021-04-30,17,AR1 alpha + Enhanced + One-Step,NASDAQ:HWC,0.0
2021-05-03,17,AR1 alpha + Enhanced + One-Step,NASDAQ:HWC,2.401033801435361e-06
2021-05-04,17,AR1 alpha + Enhanced + One-Step,NASDAQ:HWC,9.784783596940486e-07
2021-05-05,17,AR1 alpha + Enhanced + One-Step,NASDAQ:HWC,4.224139455597059e-07
2021-05-06,17,AR1 alpha + Enhanced + One-Step,NASDAQ:HWC,1.1831168766182273e-06
2021-05-07,17,AR1 alpha + Enhanced + One-Step,NASDAQ:HWC,5.033855113191412e-07
2021-05-10,17,AR1 alpha + Enhanced + One-Step,NASDAQ:HWC,4.358395738765036e-07
2021-05-11,17,AR1 alpha + Enhanced + One-Step,NASDAQ:HWC,2.256379563284433e-07
2021-05-12,17,AR1 alpha + Enhanced + One-Step,NASDAQ:HWC,9.491443695716216e-08
2021-05-13,17,AR1 alpha + Enhanced + One-Step,NASDAQ:HWC,0.0
2021-05-14,17,AR1 alpha + Enhanced + One-Step,NASDAQ:HWC,2.307621324534766e-09
2021-05-17,17,AR1 alpha + Enhanced + One-Step,NASDAQ:HWC,0.0
2021-05-18,17,AR1 alpha + Enhanced + One-Step,NASDAQ:HWC,3.433782222434902e-07
2021-05-19,17,AR1 alpha + Enhanced + One-Step,NASDAQ:HWC,3.4493438931596223e-07
2021-05-20,17,AR1 alpha + Enhanced + One-Step,NASDAQ:HWC,1.379620388369954e-07
2021-05-21,17,AR1 alpha + Enhanced + One-Step,NASDAQ:HWC,1.3015683708445144e-07
2021-05-24,17,AR1 alpha + Enhanced + One-Step,NASDAQ:HWC,0.0
2021-05-25,17,AR1 alpha + Enhanced + One-Step,NASDAQ:HWC,0.0
2021-05-26,17,AR1 alpha + Enhanced + One-Step,NASDAQ:HWC,0.0
2021-05-27,17,AR1 alpha + Enhanced + One-Step,NASDAQ:HWC,1.505925957471415e-07
2021-05-28,17,AR1 alpha + Enhanced + One-Step,NASDAQ:HWC,0.0
2021-06-01,17,AR1 alpha + Enhanced + One-Step,NASDAQ:HWC,0.0
2021-06-02,17,AR1 alpha + Enhanced + One-Step,NASDAQ:HWC,3.99048806912805e-08
2021-06-03,17,AR1 alpha + Enhanced + One-Step,NASDAQ:HWC,3.947004572377531e-08
2021-06-04,17,AR1 alpha + Enhanced + One-Step,NASDAQ:HWC,0.0
2021-06-07,17,AR1 alpha + Enhanced + One-Step,NASDAQ:HWC,0.0
2021-06-08,17,AR1 alpha + Enhanced + One-Step,NASDAQ:HWC,0.0
2021-06-09,17,AR1 alpha + Enhanced + One-Step,NASDAQ:HWC,9.357150081456508e-07
2021-06-10,17,AR1 alpha + Enhanced + One-Step,NASDAQ:HWC,4.5667913001015053e-07
2021-06-11,17,AR1 alpha + Enhanced + One-Step,NASDAQ:HWC,1.1238902549394626e-07
2021-06-14,17,AR1 alpha + Enhanced + One-Step,NASDAQ:HWC,3.2648433936572864e-08
2021-06-15,17,AR1 alpha + Enhanced + One-Step,NASDAQ:HWC,0.0
2021-06-16,17,AR1 alpha + Enhanced + One-Step,NASDAQ:HWC,0.0
2021-06-17,17,AR1 alpha + Enhanced + One-Step,NASDAQ:HWC,0.0
2021-06-18,17,AR1 alpha + Enhanced + One-Step,NASDAQ:HWC,0.0
2021-06-21,17,AR1 alpha + Enhanced + One-Step,NASDAQ:HWC,5.894140535506341e-08
2021-06-22,17,AR1 alpha + Enhanced + One-Step,NASDAQ:HWC,0.0
2021-06-23,17,AR1 alpha + Enhanced + One-Step,NASDAQ:HWC,0.0
2021-06-24,17,AR1 alpha + Enhanced + One-Step,NASDAQ:HWC,6.439187975193049e-07
2021-06-25,17,AR1 alpha + Enhanced + One-Step,NASDAQ:HWC,7.273433198456493e-07
2021-06-28,17,AR1 alpha + Enhanced + One-Step,NASDAQ:HWC,3.482353845963396e-07
2021-06-29,17,AR1 alpha + Enhanced + One-Step,NASDAQ:HWC,1.9638754817654094e-07
2021-06-30,17,AR1 alpha + Enhanced + One-Step,NASDAQ:HWC,0.0
2021-07-01,17,AR1 alpha + Enhanced + One-Step,NASDAQ:HWC,0.0
2021-07-02,17,AR1 alpha + Enhanced + One-Step,NASDAQ:HWC,0.0
2021-07-06,17,AR1 alpha + Enhanced + One-Step,NASDAQ:HWC,0.0
2021-07-07,17,AR1 alpha + Enhanced + One-Step,NASDAQ:HWC,4.866236288289825e-07
2021-07-08,17,AR1 alpha + Enhanced + One-Step,NASDAQ:HWC,2.0723996705274652e-07
2021-07-09,17,AR1 alpha + Enhanced + One-Step,NASDAQ:HWC,0.0
2021-07-12,17,AR1 alpha + Enhanced + One-Step,NASDAQ:HWC,2.7713947694873867e-08
2021-07-13,17,AR1 alpha + Enhanced + One-Step,NASDAQ:HWC,0.0
2021-07-14,17,AR1 alpha + Enhanced + One-Step,NASDAQ:HWC,4.350602424304594e-07
2021-07-15,17,AR1 alpha + Enhanced + One-Step,NASDAQ:HWC,0.0
2021-07-16,17,AR1 alpha + Enhanced + One-Step,NASDAQ:HWC,0.0
2021-07-19,17,AR1 alpha + Enhanced + One-Step,NASDAQ:HWC,0.002630263538169888
2021-07-20,17,AR1 alpha + Enhanced + One-Step,NASDAQ:HWC,0.0026296204638177538
2021-07-21,17,AR1 alpha + Enhanced + One-Step,NASDAQ:HWC,0.002630069742503064
2021-07-22,17,AR1 alpha + Enhanced + One-Step,NASDAQ:HWC,0.0009272152463542082
2021-07-23,17,AR1 alpha + Enhanced + One-Step,NASDAQ:HWC,0.0
2021-07-26,17,AR1 alpha + Enhanced + One-Step,NASDAQ:HWC,0.0
2021-07-27,17,AR1 alpha + Enhanced + One-Step,NASDAQ:HWC,0.0
2021-07-28,17,AR1 alpha + Enhanced + One-Step,NASDAQ:HWC,0.0
2021-07-29,17,AR1 alpha + Enhanced + One-Step,NASDAQ:HWC,0.0
2021-07-30,17,AR1 alpha + Enhanced + One-Step,NASDAQ:HWC,0.0
2021-08-02,17,AR1 alpha + Enhanced + One-Step,NASDAQ:HWC,1.9256425781561807e-07
2021-08-03,17,AR1 alpha + Enhanced + One-Step,NASDAQ:HWC,9.99513761199263e-08
2021-08-04,17,AR1 alpha + Enhanced + One-Step,NASDAQ:HWC,0.0034958412126130742
2021-08-05,17,AR1 alpha + Enhanced + One-Step,NASDAQ:HWC,2.3580234322231416e-07
2021-08-06,17,AR1 alpha + Enhanced + One-Step,NASDAQ:HWC,0.0
2021-08-09,17,AR1 alpha + Enhanced + One-Step,NASDAQ:HWC,0.0
2021-08-10,17,AR1 alpha + Enhanced + One-Step,NASDAQ:HWC,0.0
2021-08-11,17,AR1 alpha + Enhanced + One-Step,NASDAQ:HWC,0.0
2021-08-12,17,AR1 alpha + Enhanced + One-Step,NASDAQ:HWC,0.0
2021-08-13,17,AR1 alpha + Enhanced + One-Step,NASDAQ:HWC,5.803057929514042e-08
2021-08-16,17,AR1 alpha + Enhanced + One-Step,NASDAQ:HWC,4.930786298440906e-07
2021-08-17,17,AR1 alpha + Enhanced + One-Step,NASDAQ:HWC,7.28199875930283e-07
2021-08-18,17,AR1 alpha + Enhanced + One-Step,NASDAQ:HWC,0.0027762820288626715
2021-08-19,17,AR1 alpha + Enhanced + One-Step,NASDAQ:HWC,0.002777552173208471
2021-08-20,17,AR1 alpha + Enhanced + One-Step,NASDAQ:HWC,0.005057410193571357
2021-08-23,17,AR1 alpha + Enhanced + One-Step,NASDAQ:HWC,0.005057213375975925
2021-08-24,17,AR1 alpha + Enhanced + One-Step,NASDAQ:HWC,0.005056819730833315
2021-08-25,17,AR1 alpha + Enhanced + One-Step,NASDAQ:HWC,0.011413685336413288
2021-08-26,17,AR1 alpha + Enhanced + One-Step,NASDAQ:HWC,0.021212439333832
2021-08-27,17,AR1 alpha + Enhanced + One-Step,NASDAQ:HWC,0.021210307640867204
2021-08-30,17,AR1 alpha + Enhanced + One-Step,NASDAQ:HWC,0.03174108407729524
2021-08-31,17,AR1 alpha + Enhanced + One-Step,NASDAQ:HWC,0.032212232212042634
2021-09-01,17,AR1 alpha + Enhanced + One-Step,NASDAQ:HWC,0.03267739473159379
2021-09-02,17,AR1 alpha + Enhanced + One-Step,NASDAQ:HWC,0.03267535262105909
2021-09-03,17,AR1 alpha + Enhanced + One-Step,NASDAQ:HWC,0.04410379033919924
2021-09-07,17,AR1 alpha + Enhanced + One-Step,NASDAQ:HWC,0.04410117069811256
2021-09-08,17,AR1 alpha + Enhanced + One-Step,NASDAQ:HWC,0.04409909512381924
2021-09-09,17,AR1 alpha + Enhanced + One-Step,NASDAQ:HWC,0.045456772416019475
2021-09-10,17,AR1 alpha + Enhanced + One-Step,NASDAQ:HWC,0.05465941446368655
2021-09-13,17,AR1 alpha + Enhanced + One-Step,NASDAQ:HWC,0.05465988269128133
2021-09-14,17,AR1 alpha + Enhanced + One-Step,NASDAQ:HWC,0.05838672465849695
2021-09-15,17,AR1 alpha + Enhanced + One-Step,NASDAQ:HWC,0.06091722538006882
2021-09-16,17,AR1 alpha + Enhanced + One-Step,NASDAQ:HWC,0.060917195183112095
2021-09-17,17,AR1 alpha + Enhanced + One-Step,NASDAQ:HWC,0.06091629847226721
2021-09-20,17,AR1 alpha + Enhanced + One-Step,NASDAQ:HWC,0.060914936067768176
2021-09-21,17,AR1 alpha + Enhanced + One-Step,NASDAQ:HWC,0.060915393024506374
2021-09-22,17,AR1 alpha + Enhanced + One-Step,NASDAQ:HWC,0.06091523826232005
2021-09-23,17,AR1 alpha + Enhanced + One-Step,NASDAQ:HWC,0.06091577895659336
2021-09-24,17,AR1 alpha + Enhanced + One-Step,NASDAQ:HWC,0.06091580072776921
2021-09-27,17,AR1 alpha + Enhanced + One-Step,NASDAQ:HWC,0.058489942028431156
2021-09-28,17,AR1 alpha + Enhanced + One-Step,NASDAQ:HWC,0.058488231520554296
2021-09-29,17,AR1 alpha + Enhanced + One-Step,NASDAQ:HWC,0.058488687538802146
2021-09-30,17,AR1 alpha + Enhanced + One-Step,NASDAQ:HWC,0.05848862531470297
2021-10-01,17,AR1 alpha + Enhanced + One-Step,NASDAQ:HWC,0.05324877041887992
2021-10-04,17,AR1 alpha + Enhanced + One-Step,NASDAQ:HWC,0.04579751060498153
2021-10-05,17,AR1 alpha + Enhanced + One-Step,NASDAQ:HWC,0.045795872903571413
2021-10-06,17,AR1 alpha + Enhanced + One-Step,NASDAQ:HWC,0.04579560797875699
2021-10-07,17,AR1 alpha + Enhanced + One-Step,NASDAQ:HWC,0.045514290682972525
2021-10-08,17,AR1 alpha + Enhanced + One-Step,NASDAQ:HWC,0.038884764687000764
2021-10-11,17,AR1 alpha + Enhanced + One-Step,NASDAQ:HWC,0.05337922462766437
2021-10-12,17,AR1 alpha + Enhanced + One-Step,NASDAQ:HWC,0.06248307026826505
2021-10-13,17,AR1 alpha + Enhanced + One-Step,NASDAQ:HWC,0.07777065706067637
2021-10-14,17,AR1 alpha + Enhanced + One-Step,NASDAQ:HWC,0.08117139651643687
2021-10-15,17,AR1 alpha + Enhanced + One-Step,NASDAQ:HWC,0.08397042415163415
2021-10-18,17,AR1 alpha + Enhanced + One-Step,NASDAQ:HWC,0.08396965173631109
2021-10-19,17,AR1 alpha + Enhanced + One-Step,NASDAQ:HWC,0.0954369449746293
2021-10-20,17,AR1 alpha + Enhanced + One-Step,NASDAQ:HWC,0.07042725188880213
2021-10-21,17,AR1 alpha + Enhanced + One-Step,NASDAQ:HWC,0.06966605523431858
2021-10-22,17,AR1 alpha + Enhanced + One-Step,NASDAQ:HWC,0.06473596513591988
2021-10-25,17,AR1 alpha + Enhanced + One-Step,NASDAQ:HWC,0.06473332392907528
2021-10-26,17,AR1 alpha + Enhanced + One-Step,NASDAQ:HWC,0.06751296307821451
2021-10-27,17,AR1 alpha + Enhanced + One-Step,NASDAQ:HWC,0.06751298606571203
2021-10-28,17,AR1 alpha + Enhanced + One-Step,NASDAQ:HWC,0.06945515151488924
2021-10-29,17,AR1 alpha + Enhanced + One-Step,NASDAQ:HWC,0.07923462924274594
2021-11-01,17,AR1 alpha + Enhanced + One-Step,NASDAQ:HWC,0.07738622650502033
2021-11-02,17,AR1 alpha + Enhanced + One-Step,NASDAQ:HWC,0.07353599424962788
2021-11-03,17,AR1 alpha + Enhanced + One-Step,NASDAQ:HWC,0.050454968862727455
2021-11-04,17,AR1 alpha + Enhanced + One-Step,NASDAQ:HWC,0.050453582186990364
2021-11-05,17,AR1 alpha + Enhanced + One-Step,NASDAQ:HWC,0.05045329836804546
2021-11-08,17,AR1 alpha + Enhanced + One-Step,NASDAQ:HWC,0.05045264540259591
2021-11-09,17,AR1 alpha + Enhanced + One-Step,NASDAQ:HWC,0.05045258874829767
2021-11-10,17,AR1 alpha + Enhanced + One-Step,NASDAQ:HWC,0.05045426714066116
2021-11-11,17,AR1 alpha + Enhanced + One-Step,NASDAQ:HWC,0.05045422106288371
2021-11-12,17,AR1 alpha + Enhanced + One-Step,NASDAQ:HWC,0.05057550384033388
2021-11-15,17,AR1 alpha + Enhanced + One-Step,NASDAQ:HWC,0.050575933587569066
2021-11-16,17,AR1 alpha + Enhanced + One-Step,NASDAQ:HWC,0.051702074394492294
2021-11-17,17,AR1 alpha + Enhanced + One-Step,NASDAQ:HWC,0.06699432082194094
2021-11-18,17,AR1 alpha + Enhanced + One-Step,NASDAQ:HWC,0.06699337942407267
2021-11-19,17,AR1 alpha + Enhanced + One-Step,NASDAQ:HWC,0.07659296788786574
2021-11-22,17,AR1 alpha + Enhanced + One-Step,NASDAQ:HWC,0.07659316241086055
2021-11-23,17,AR1 alpha + Enhanced + One-Step,NASDAQ:HWC,0.0684710216816912
2021-11-24,17,AR1 alpha + Enhanced + One-Step,NASDAQ:HWC,0.06556291937510345
2021-11-26,17,AR1 alpha + Enhanced + One-Step,NASDAQ:HWC,0.09015317960709034
2021-11-29,17,AR1 alpha + Enhanced + One-Step,NASDAQ:HWC,0.09999963824866755
2021-11-30,17,AR1 alpha + Enhanced + One-Step,NASDAQ:HWC,0.09999707009777536
2021-12-01,17,AR1 alpha + Enhanced + One-Step,NASDAQ:HWC,0.099996010297726
2021-12-02,17,AR1 alpha + Enhanced + One-Step,NASDAQ:HWC,0.09998930983077461
2021-12-03,17,AR1 alpha + Enhanced + One-Step,NASDAQ:HWC,0.09999106340970092
2021-12-06,17,AR1 alpha + Enhanced + One-Step,NASDAQ:HWC,0.09999092177833227
2021-12-07,17,AR1 alpha + Enhanced + One-Step,NASDAQ:HWC,0.09999091204791773
2021-12-08,17,AR1 alpha + Enhanced + One-Step,NASDAQ:HWC,0.0999904460805216
2021-12-09,17,AR1 alpha + Enhanced + One-Step,NASDAQ:HWC,0.09998705809761549
2021-12-10,17,AR1 alpha + Enhanced + One-Step,NASDAQ:HWC,0.09998341149553544
2021-12-13,17,AR1 alpha + Enhanced + One-Step,NASDAQ:HWC,0.0999826161551239
2021-12-14,17,AR1 alpha + Enhanced + One-Step,NASDAQ:HWC,0.0893402460398812
2021-12-15,17,AR1 alpha + Enhanced + One-Step,NASDAQ:HWC,0.08934098622290988
2021-12-16,17,AR1 alpha + Enhanced + One-Step,NASDAQ:HWC,0.08934110061774099
2021-12-17,17,AR1 alpha + Enhanced + One-Step,NASDAQ:HWC,0.08934096447586046
2021-12-20,17,AR1 alpha + Enhanced + One-Step,NASDAQ:HWC,0.08933804749266674
2021-12-21,17,AR1 alpha + Enhanced + One-Step,NASDAQ:HWC,0.08933830576887296
2021-12-22,17,AR1 alpha + Enhanced + One-Step,NASDAQ:HWC,0.08933824897018204
2021-12-23,17,AR1 alpha + Enhanced + One-Step,NASDAQ:HWC,0.08933869505677641
2021-12-27,17,AR1 alpha + Enhanced + One-Step,NASDAQ:HWC,0.08933880888814578
2021-12-28,17,AR1 alpha + Enhanced + One-Step,NASDAQ:HWC,0.08613868583524799
2021-12-29,17,AR1 alpha + Enhanced + One-Step,NASDAQ:HWC,0.06380988071407882
2021-12-30,17,AR1 alpha + Enhanced + One-Step,NASDAQ:HWC,0.05250049682324687
2021-12-31,17,AR1 alpha + Enhanced + One-Step,NASDAQ:HWC,0.040664033707511996
2022-01-03,17,AR1 alpha + Enhanced + One-Step,NASDAQ:HWC,0.023447602172376278
2022-01-04,17,AR1 alpha + Enhanced + One-Step,NASDAQ:HWC,0.013670364099107338
2022-01-05,17,AR1 alpha + Enhanced + One-Step,NASDAQ:HWC,0.013670350153911532
2022-01-06,17,AR1 alpha + Enhanced + One-Step,NASDAQ:HWC,2.604113738907124e-07
2022-01-07,17,AR1 alpha + Enhanced + One-Step,NASDAQ:HWC,5.3500541088110015e-08
2022-01-10,17,AR1 alpha + Enhanced + One-Step,NASDAQ:HWC,0.0
2022-01-11,17,AR1 alpha + Enhanced + One-Step,NASDAQ:HWC,0.0
2022-01-12,17,AR1 alpha + Enhanced + One-Step,NASDAQ:HWC,0.0
2022-01-13,17,AR1 alpha + Enhanced + One-Step,NASDAQ:HWC,0.0
2022-01-14,17,AR1 alpha + Enhanced + One-Step,NASDAQ:HWC,0.0
2022-01-18,17,AR1 alpha + Enhanced + One-Step,NASDAQ:HWC,1.5859938056111997e-07
2022-01-19,17,AR1 alpha + Enhanced + One-Step,NASDAQ:HWC,0.0
2022-01-20,17,AR1 alpha + Enhanced + One-Step,NASDAQ:HWC,4.3175632085250284e-08
2022-01-21,17,AR1 alpha + Enhanced + One-Step,NASDAQ:HWC,0.0
2022-01-24,17,AR1 alpha + Enhanced + One-Step,NASDAQ:HWC,1.3009430925104638e-08
2022-01-25,17,AR1 alpha + Enhanced + One-Step,NASDAQ:HWC,1.0079639932144554e-07
2022-01-26,17,AR1 alpha + Enhanced + One-Step,NASDAQ:HWC,1.5653516717441138e-07
2022-01-27,17,AR1 alpha + Enhanced + One-Step,NASDAQ:HWC,0.0
2022-01-28,17,AR1 alpha + Enhanced + One-Step,NASDAQ:HWC,0.01880908982517611
2022-01-31,17,AR1 alpha + Enhanced + One-Step,NASDAQ:HWC,0.019806242642803795
2022-02-01,17,AR1 alpha + Enhanced + One-Step,NASDAQ:HWC,0.0198062746013366
2022-02-02,17,AR1 alpha + Enhanced + One-Step,NASDAQ:HWC,0.01980626757467891
2022-02-03,17,AR1 alpha + Enhanced + One-Step,NASDAQ:HWC,0.01980554914502235
2022-02-04,17,AR1 alpha + Enhanced + One-Step,NASDAQ:HWC,0.019805102183728142
2022-02-07,17,AR1 alpha + Enhanced + One-Step,NASDAQ:HWC,0.019805032396591534
2022-02-08,17,AR1 alpha + Enhanced + One-Step,NASDAQ:HWC,0.010938902941238593
2022-02-09,17,AR1 alpha + Enhanced + One-Step,NASDAQ:HWC,0.01093891868890687
2022-02-10,17,AR1 alpha + Enhanced + One-Step,NASDAQ:HWC,0.012810135302309946
2022-02-11,17,AR1 alpha + Enhanced + One-Step,NASDAQ:HWC,0.02151080492718779
2022-02-14,17,AR1 alpha + Enhanced + One-Step,NASDAQ:HWC,0.02151074362619791
2022-02-15,17,AR1 alpha + Enhanced + One-Step,NASDAQ:HWC,0.019820134254919804
2022-02-16,17,AR1 alpha + Enhanced + One-Step,NASDAQ:HWC,0.01981987974418117
2022-02-17,17,AR1 alpha + Enhanced + One-Step,NASDAQ:HWC,0.044751698453238134
2022-02-18,17,AR1 alpha + Enhanced + One-Step,NASDAQ:HWC,0.04475177442457195
2022-02-22,17,AR1 alpha + Enhanced + One-Step,NASDAQ:HWC,0.052848930067038724
2022-02-23,17,AR1 alpha + Enhanced + One-Step,NASDAQ:HWC,0.05284895541035274
2022-02-24,17,AR1 alpha + Enhanced + One-Step,NASDAQ:HWC,0.05776974626182243
2022-02-25,17,AR1 alpha + Enhanced + One-Step,NASDAQ:HWC,0.05515180182520376
2022-02-28,17,AR1 alpha + Enhanced + One-Step,NASDAQ:HWC,0.05515182521053114
2022-03-01,17,AR1 alpha + Enhanced + One-Step,NASDAQ:HWC,0.08015345311497066
2022-03-02,17,AR1 alpha + Enhanced + One-Step,NASDAQ:HWC,0.06344642146418857
2022-03-03,17,AR1 alpha + Enhanced + One-Step,NASDAQ:HWC,0.06344639172385635
2022-03-04,17,AR1 alpha + Enhanced + One-Step,NASDAQ:HWC,0.07087943457700516
2022-03-07,17,AR1 alpha + Enhanced + One-Step,NASDAQ:HWC,0.0959055915481496
2022-03-08,17,AR1 alpha + Enhanced + One-Step,NASDAQ:HWC,0.10000014335660443
2022-03-09,17,AR1 alpha + Enhanced + One-Step,NASDAQ:HWC,0.09999874310187419
2022-03-10,17,AR1 alpha + Enhanced + One-Step,NASDAQ:HWC,0.09999923923783688
2022-03-11,17,AR1 alpha + Enhanced + One-Step,NASDAQ:HWC,0.08538665014452748
2022-03-14,17,AR1 alpha + Enhanced + One-Step,NASDAQ:HWC,0.06054765786004164
2022-03-15,17,AR1 alpha + Enhanced + One-Step,NASDAQ:HWC,0.054058951181858966
2022-03-16,17,AR1 alpha + Enhanced + One-Step,NASDAQ:HWC,0.03749090065567234
2022-03-17,17,AR1 alpha + Enhanced + One-Step,NASDAQ:HWC,0.03749086926066994
2022-03-18,17,AR1 alpha + Enhanced + One-Step,NASDAQ:HWC,0.037490847254332285
2022-03-21,17,AR1 alpha + Enhanced + One-Step,NASDAQ:HWC,0.037491074818400014
2022-03-22,17,AR1 alpha + Enhanced + One-Step,NASDAQ:HWC,0.037491062544391315
2022-03-23,17,AR1 alpha + Enhanced + One-Step,NASDAQ:HWC,0.062491671339047185
2022-03-24,17,AR1 alpha + Enhanced + One-Step,NASDAQ:HWC,0.062491391009452626
2022-03-25,17,AR1 alpha + Enhanced + One-Step,NASDAQ:HWC,0.062489740629517565
2022-03-28,17,AR1 alpha + Enhanced + One-Step,NASDAQ:HWC,0.06248919156449942
2022-03-29,17,AR1 alpha + Enhanced + One-Step,NASDAQ:HWC,0.037535921815578806
2022-03-30,17,AR1 alpha + Enhanced + One-Step,NASDAQ:HWC,0.05118917249526971
2022-03-31,17,AR1 alpha + Enhanced + One-Step,NASDAQ:HWC,0.07340840584416583
2022-04-01,17,AR1 alpha + Enhanced + One-Step,NASDAQ:HWC,0.09845640004418468
2022-04-04,17,AR1 alpha + Enhanced + One-Step,NASDAQ:HWC,0.09999855572185151
2022-04-05,17,AR1 alpha + Enhanced + One-Step,NASDAQ:HWC,0.09999906676398314
2022-04-06,17,AR1 alpha + Enhanced + One-Step,NASDAQ:HWC,0.09999662452126115
2022-04-07,17,AR1 alpha + Enhanced + One-Step,NASDAQ:HWC,0.09999765125066454
2022-04-08,17,AR1 alpha + Enhanced + One-Step,NASDAQ:HWC,0.09999824202473036
2022-04-11,17,AR1 alpha + Enhanced + One-Step,NASDAQ:HWC,0.0999945297782809
2022-04-12,17,AR1 alpha + Enhanced + One-Step,NASDAQ:HWC,0.09999372705436407
2022-04-13,17,AR1 alpha + Enhanced + One-Step,NASDAQ:HWC,0.09999565131156768
2022-04-14,17,AR1 alpha + Enhanced + One-Step,NASDAQ:HWC,0.09999348999672972
2022-04-18,17,AR1 alpha + Enhanced + One-Step,NASDAQ:HWC,0.09999326998814911
2022-04-19,17,AR1 alpha + Enhanced + One-Step,NASDAQ:HWC,0.0750982183222139
2022-04-20,17,AR1 alpha + Enhanced + One-Step,NASDAQ:HWC,0.05187460324919023
2022-04-21,17,AR1 alpha + Enhanced + One-Step,NASDAQ:HWC,0.05187342144751011
2022-04-22,17,AR1 alpha + Enhanced + One-Step,NASDAQ:HWC,0.05187221990688471
2022-04-25,17,AR1 alpha + Enhanced + One-Step,NASDAQ:HWC,0.04304188971256131
2022-04-26,17,AR1 alpha + Enhanced + One-Step,NASDAQ:HWC,0.04304203331617445
2022-04-27,17,AR1 alpha + Enhanced + One-Step,NASDAQ:HWC,0.04304142989964605
2022-04-28,17,AR1 alpha + Enhanced + One-Step,NASDAQ:HWC,0.043039211739843056
2022-04-29,17,AR1 alpha + Enhanced + One-Step,NASDAQ:HWC,0.053798182999173966
2022-05-02,17,AR1 alpha + Enhanced + One-Step,NASDAQ:HWC,0.05379497546668196
2022-05-03,17,AR1 alpha + Enhanced + One-Step,NASDAQ:HWC,0.03797732313559265
2022-05-04,17,AR1 alpha + Enhanced + One-Step,NASDAQ:HWC,0.037975754632823176
2022-05-05,17,AR1 alpha + Enhanced + One-Step,NASDAQ:HWC,0.027821171903245043
2022-05-06,17,AR1 alpha + Enhanced + One-Step,NASDAQ:HWC,0.016648122648615794
2022-05-09,17,AR1 alpha + Enhanced + One-Step,NASDAQ:HWC,0.01664825737114548
2022-05-10,17,AR1 alpha + Enhanced + One-Step,NASDAQ:HWC,0.01664541222075643
2022-05-11,17,AR1 alpha + Enhanced + One-Step,NASDAQ:HWC,0.012120034180980585
2022-05-12,17,AR1 alpha + Enhanced + One-Step,NASDAQ:HWC,0.012117265329315027
2022-05-13,17,AR1 alpha + Enhanced + One-Step,NASDAQ:HWC,0.01211526933463601
2022-05-16,17,AR1 alpha + Enhanced + One-Step,NASDAQ:HWC,0.0
2022-05-17,17,AR1 alpha + Enhanced + One-Step,NASDAQ:HWC,0.0
2022-05-18,17,AR1 alpha + Enhanced + One-Step,NASDAQ:HWC,0.0
2022-05-19,17,AR1 alpha + Enhanced + One-Step,NASDAQ:HWC,0.0
2022-05-20,17,AR1 alpha + Enhanced + One-Step,NASDAQ:HWC,0.0
2022-05-23,17,AR1 alpha + Enhanced + One-Step,NASDAQ:HWC,0.0
2022-05-24,17,AR1 alpha + Enhanced + One-Step,NASDAQ:HWC,0.0
2022-05-25,17,AR1 alpha + Enhanced + One-Step,NASDAQ:HWC,0.0
2022-05-26,17,AR1 alpha + Enhanced + One-Step,NASDAQ:HWC,8.036437572581021e-09
2022-05-27,17,AR1 alpha + Enhanced + One-Step,NASDAQ:HWC,0.0
2022-05-31,17,AR1 alpha + Enhanced + One-Step,NASDAQ:HWC,0.0
2022-06-01,17,AR1 alpha + Enhanced + One-Step,NASDAQ:HWC,9.516167523062163e-07
2022-06-02,17,AR1 alpha + Enhanced + One-Step,NASDAQ:HWC,6.195939813748128e-07
2022-06-03,17,AR1 alpha + Enhanced + One-Step,NASDAQ:HWC,0.0
2022-06-06,17,AR1 alpha + Enhanced + One-Step,NASDAQ:HWC,0.0
2022-06-07,17,AR1 alpha + Enhanced + One-Step,NASDAQ:HWC,0.0
2022-06-08,17,AR1 alpha + Enhanced + One-Step,NASDAQ:HWC,0.0
2022-06-09,17,AR1 alpha + Enhanced + One-Step,NASDAQ:HWC,5.2667709583967015e-08
2022-06-10,17,AR1 alpha + Enhanced + One-Step,NASDAQ:HWC,0.0
2022-06-13,17,AR1 alpha + Enhanced + One-Step,NASDAQ:HWC,0.0
2022-06-14,17,AR1 alpha + Enhanced + One-Step,NASDAQ:HWC,1.2196644568839254e-06
2022-06-15,17,AR1 alpha + Enhanced + One-Step,NASDAQ:HWC,5.28193461884182e-07
2022-06-16,17,AR1 alpha + Enhanced + One-Step,NASDAQ:HWC,1.1755867213597015e-06
2022-06-17,17,AR1 alpha + Enhanced + One-Step,NASDAQ:HWC,0.02445282150146407
2022-06-21,17,AR1 alpha + Enhanced + One-Step,NASDAQ:HWC,0.02445262464836522
2022-06-22,17,AR1 alpha + Enhanced + One-Step,NASDAQ:HWC,0.02445258625080309
2022-06-23,17,AR1 alpha + Enhanced + One-Step,NASDAQ:HWC,0.03424317636817813
2022-06-24,17,AR1 alpha + Enhanced + One-Step,NASDAQ:HWC,0.03424312276334586
2022-06-27,17,AR1 alpha + Enhanced + One-Step,NASDAQ:HWC,0.034243344309572765
2022-06-28,17,AR1 alpha + Enhanced + One-Step,NASDAQ:HWC,0.034243326903908175
2022-06-29,17,AR1 alpha + Enhanced + One-Step,NASDAQ:HWC,0.03424310567692103
2022-06-30,17,AR1 alpha + Enhanced + One-Step,NASDAQ:HWC,0.03424331726749988
2022-07-01,17,AR1 alpha + Enhanced + One-Step,NASDAQ:HWC,0.024901598530579775
2022-07-05,17,AR1 alpha + Enhanced + One-Step,NASDAQ:HWC,0.006828213815334464
2022-07-06,17,AR1 alpha + Enhanced + One-Step,NASDAQ:HWC,0.0
2022-07-07,17,AR1 alpha + Enhanced + One-Step,NASDAQ:HWC,0.0
2022-07-08,17,AR1 alpha + Enhanced + One-Step,NASDAQ:HWC,0.0
2022-07-11,17,AR1 alpha + Enhanced + One-Step,NASDAQ:HWC,0.0
2022-07-12,17,AR1 alpha + Enhanced + One-Step,NASDAQ:HWC,0.0
2022-07-13,17,AR1 alpha + Enhanced + One-Step,NASDAQ:HWC,0.0207123766582995
2022-07-14,17,AR1 alpha + Enhanced + One-Step,NASDAQ:HWC,0.020712400627247517
2022-07-15,17,AR1 alpha + Enhanced + One-Step,NASDAQ:HWC,0.020712438999280065
2022-07-18,17,AR1 alpha + Enhanced + One-Step,NASDAQ:HWC,0.02071228302381956
2022-07-19,17,AR1 alpha + Enhanced + One-Step,NASDAQ:HWC,0.0
2022-07-20,17,AR1 alpha + Enhanced + One-Step,NASDAQ:HWC,0.0
2022-07-21,17,AR1 alpha + Enhanced + One-Step,NASDAQ:HWC,0.0
2022-07-22,17,AR1 alpha + Enhanced + One-Step,NASDAQ:HWC,0.0
2022-07-25,17,AR1 alpha + Enhanced + One-Step,NASDAQ:HWC,3.74044709077504e-07
2022-07-26,17,AR1 alpha + Enhanced + One-Step,NASDAQ:HWC,4.351697156480345e-09
2022-07-27,17,AR1 alpha + Enhanced + One-Step,NASDAQ:HWC,3.391992522159684e-09
2022-07-28,17,AR1 alpha + Enhanced + One-Step,NASDAQ:HWC,5.191991079512776e-09
2022-07-29,17,AR1 alpha + Enhanced + One-Step,NASDAQ:HWC,0.0
2022-08-01,17,AR1 alpha + Enhanced + One-Step,NASDAQ:HWC,4.160157270836539e-09
2022-08-02,17,AR1 alpha + Enhanced + One-Step,NASDAQ:HWC,1.4022874908454841e-07
2022-08-03,17,AR1 alpha + Enhanced + One-Step,NASDAQ:HWC,7.305947764201229e-08
2022-08-04,17,AR1 alpha + Enhanced + One-Step,NASDAQ:HWC,2.1941585879026942e-08
2022-08-05,17,AR1 alpha + Enhanced + One-Step,NASDAQ:HWC,0.0
2022-08-08,17,AR1 alpha + Enhanced + One-Step,NASDAQ:HWC,0.0
2022-08-09,17,AR1 alpha + Enhanced + One-Step,NASDAQ:HWC,3.592748625801258e-07
2022-08-10,17,AR1 alpha + Enhanced + One-Step,NASDAQ:HWC,0.0
2022-08-11,17,AR1 alpha + Enhanced + One-Step,NASDAQ:HWC,0.0
2022-08-12,17,AR1 alpha + Enhanced + One-Step,NASDAQ:HWC,3.0058039418221936e-09
2022-08-15,17,AR1 alpha + Enhanced + One-Step,NASDAQ:HWC,0.0
2022-08-16,17,AR1 alpha + Enhanced + One-Step,NASDAQ:HWC,2.979990386310469e-08
2022-08-17,17,AR1 alpha + Enhanced + One-Step,NASDAQ:HWC,2.8272360997457137e-08
2022-08-18,17,AR1 alpha + Enhanced + One-Step,NASDAQ:HWC,0.0
2022-08-19,17,AR1 alpha + Enhanced + One-Step,NASDAQ:HWC,0.0
2022-08-22,17,AR1 alpha + Enhanced + One-Step,NASDAQ:HWC,2.9974008438736053e-06
2022-08-23,17,AR1 alpha + Enhanced + One-Step,NASDAQ:HWC,2.3657600407464988e-06
2022-08-24,17,AR1 alpha + Enhanced + One-Step,NASDAQ:HWC,0.007845699465333164
2022-08-25,17,AR1 alpha + Enhanced + One-Step,NASDAQ:HWC,0.007844297934655792
2022-08-26,17,AR1 alpha + Enhanced + One-Step,NASDAQ:HWC,0.007844219150012667
2022-08-29,17,AR1 alpha + Enhanced + One-Step,NASDAQ:HWC,0.02382898669903286
2022-08-30,17,AR1 alpha + Enhanced + One-Step,NASDAQ:HWC,0.023828898312254935
2022-08-31,17,AR1 alpha + Enhanced + One-Step,NASDAQ:HWC,0.023828755993741055
2022-09-01,17,AR1 alpha + Enhanced + One-Step,NASDAQ:HWC,0.02382887970510579
2022-09-02,17,AR1 alpha + Enhanced + One-Step,NASDAQ:HWC,0.030677844949859666
2022-09-06,17,AR1 alpha + Enhanced + One-Step,NASDAQ:HWC,0.03539898935347737
2022-09-07,17,AR1 alpha + Enhanced + One-Step,NASDAQ:HWC,0.02618980305422625
2022-09-08,17,AR1 alpha + Enhanced + One-Step,NASDAQ:HWC,0.009094183165023851
2022-09-09,17,AR1 alpha + Enhanced + One-Step,NASDAQ:HWC,0.0
2022-09-12,17,AR1 alpha + Enhanced + One-Step,NASDAQ:HWC,0.0
2022-09-13,17,AR1 alpha + Enhanced + One-Step,NASDAQ:HWC,1.1115816835932327e-08
2022-09-14,17,AR1 alpha + Enhanced + One-Step,NASDAQ:HWC,0.0
2022-09-15,17,AR1 alpha + Enhanced + One-Step,NASDAQ:HWC,0.0
2022-09-16,17,AR1 alpha + Enhanced + One-Step,NASDAQ:HWC,3.1980928951493514e-08
2022-09-19,17,AR1 alpha + Enhanced + One-Step,NASDAQ:HWC,0.0
2022-09-20,17,AR1 alpha + Enhanced + One-Step,NASDAQ:HWC,1.4884535711085957e-07
2022-09-21,17,AR1 alpha + Enhanced + One-Step,NASDAQ:HWC,0.0027196235724071894
2022-09-22,17,AR1 alpha + Enhanced + One-Step,NASDAQ:HWC,0.027387952530901163
2022-09-23,17,AR1 alpha + Enhanced + One-Step,NASDAQ:HWC,0.05232559613979489
2022-09-26,17,AR1 alpha + Enhanced + One-Step,NASDAQ:HWC,0.0588565236412036
2022-09-27,17,AR1 alpha + Enhanced + One-Step,NASDAQ:HWC,0.08241538103396649
2022-09-28,17,AR1 alpha + Enhanced + One-Step,NASDAQ:HWC,0.08241501677952044
2022-09-29,17,AR1 alpha + Enhanced + One-Step,NASDAQ:HWC,0.09802543643107017
2022-09-30,17,AR1 alpha + Enhanced + One-Step,NASDAQ:HWC,0.098848419765957
2022-10-03,17,AR1 alpha + Enhanced + One-Step,NASDAQ:HWC,0.09213882882368846
2022-10-04,17,AR1 alpha + Enhanced + One-Step,NASDAQ:HWC,0.06712643778891605
2022-10-05,17,AR1 alpha + Enhanced + One-Step,NASDAQ:HWC,0.04222910022094905
2022-10-06,17,AR1 alpha + Enhanced + One-Step,NASDAQ:HWC,0.01726801870736842
2022-10-07,17,AR1 alpha + Enhanced + One-Step,NASDAQ:HWC,0.00048068693319922186
2022-10-10,17,AR1 alpha + Enhanced + One-Step,NASDAQ:HWC,1.7078136293420653e-06
2022-10-11,17,AR1 alpha + Enhanced + One-Step,NASDAQ:HWC,2.010421928662992e-06
2022-10-12,17,AR1 alpha + Enhanced + One-Step,NASDAQ:HWC,1.4379353342239986e-06
2022-10-13,17,AR1 alpha + Enhanced + One-Step,NASDAQ:HWC,1.7251525824845344e-06
2022-10-14,17,AR1 alpha + Enhanced + One-Step,NASDAQ:HWC,9.79930970882011e-07
2022-10-17,17,AR1 alpha + Enhanced + One-Step,NASDAQ:HWC,6.879254797298194e-07
2022-10-18,17,AR1 alpha + Enhanced + One-Step,NASDAQ:HWC,4.4207657995646635e-07
2022-10-19,17,AR1 alpha + Enhanced + One-Step,NASDAQ:HWC,3.179682824962535e-07
2022-10-20,17,AR1 alpha + Enhanced + One-Step,NASDAQ:HWC,2.1570021183671768e-07
2022-10-21,17,AR1 alpha + Enhanced + One-Step,NASDAQ:HWC,1.9258871416848954e-07
2022-10-24,17,AR1 alpha + Enhanced + One-Step,NASDAQ:HWC,0.0
2022-10-25,17,AR1 alpha + Enhanced + One-Step,NASDAQ:HWC,2.0581702493929723e-08
2022-10-26,17,AR1 alpha + Enhanced + One-Step,NASDAQ:HWC,3.3277549485269054e-08
2022-10-27,17,AR1 alpha + Enhanced + One-Step,NASDAQ:HWC,0.0
2022-10-28,17,AR1 alpha + Enhanced + One-Step,NASDAQ:HWC,0.0
2022-10-31,17,AR1 alpha + Enhanced + One-Step,NASDAQ:HWC,0.0
2022-11-01,17,AR1 alpha + Enhanced + One-Step,NASDAQ:HWC,0.0
2022-11-02,17,AR1 alpha + Enhanced + One-Step,NASDAQ:HWC,2.9692532400032998e-08
2022-11-03,17,AR1 alpha + Enhanced + One-Step,NASDAQ:HWC,1.8441967559149932e-06
2022-11-04,17,AR1 alpha + Enhanced + One-Step,NASDAQ:HWC,9.014698938518548e-07
2022-11-07,17,AR1 alpha + Enhanced + One-Step,NASDAQ:HWC,0.0
2022-11-08,17,AR1 alpha + Enhanced + One-Step,NASDAQ:HWC,8.732505569645244e-08
2022-11-09,17,AR1 alpha + Enhanced + One-Step,NASDAQ:HWC,0.0
2022-11-10,17,AR1 alpha + Enhanced + One-Step,NASDAQ:HWC,1.0160654319670753e-09
2022-11-11,17,AR1 alpha + Enhanced + One-Step,NASDAQ:HWC,9.854544327355182e-08
2022-11-14,17,AR1 alpha + Enhanced + One-Step,NASDAQ:HWC,0.0
2022-11-15,17,AR1 alpha + Enhanced + One-Step,NASDAQ:HWC,2.8873862564673055e-08
2022-11-16,17,AR1 alpha + Enhanced + One-Step,NASDAQ:HWC,7.936605230275069e-08
2022-11-17,17,AR1 alpha + Enhanced + One-Step,NASDAQ:HWC,0.0
2022-11-18,17,AR1 alpha + Enhanced + One-Step,NASDAQ:HWC,2.9581126283342403e-08
2022-11-21,17,AR1 alpha + Enhanced + One-Step,NASDAQ:HWC,0.0
2022-11-22,17,AR1 alpha + Enhanced + One-Step,NASDAQ:HWC,0.0
2022-11-23,17,AR1 alpha + Enhanced + One-Step,NASDAQ:HWC,4.4321703436003316e-07
2022-11-25,17,AR1 alpha + Enhanced + One-Step,NASDAQ:HWC,4.913804608792858e-07
2022-11-28,17,AR1 alpha + Enhanced + One-Step,NASDAQ:HWC,3.9920424119984187e-07
2022-11-29,17,AR1 alpha + Enhanced + One-Step,NASDAQ:HWC,2.929347128170117e-07
2022-11-30,17,AR1 alpha + Enhanced + One-Step,NASDAQ:HWC,2.1228309889510906e-07
2022-12-01,17,AR1 alpha + Enhanced + One-Step,NASDAQ:HWC,8.884670835397437e-08
2022-12-02,17,AR1 alpha + Enhanced + One-Step,NASDAQ:HWC,1.105789865945596e-07
2022-12-05,17,AR1 alpha + Enhanced + One-Step,NASDAQ:HWC,8.494944109951747e-09
2022-12-06,17,AR1 alpha + Enhanced + One-Step,NASDAQ:HWC,0.0
2022-12-07,17,AR1 alpha + Enhanced + One-Step,NASDAQ:HWC,1.0745350620742546e-07
2022-12-08,17,AR1 alpha + Enhanced + One-Step,NASDAQ:HWC,6.728949262520005e-08
2022-12-09,17,AR1 alpha + Enhanced + One-Step,NASDAQ:HWC,0.0
2022-12-12,17,AR1 alpha + Enhanced + One-Step,NASDAQ:HWC,0.0
2022-12-13,17,AR1 alpha + Enhanced + One-Step,NASDAQ:HWC,0.0
2022-12-14,17,AR1 alpha + Enhanced + One-Step,NASDAQ:HWC,0.0018068327232419854
2022-12-15,17,AR1 alpha + Enhanced + One-Step,NASDAQ:HWC,0.0018062607352421392
2022-12-16,17,AR1 alpha + Enhanced + One-Step,NASDAQ:HWC,0.0018055821174401247
2022-12-19,17,AR1 alpha + Enhanced + One-Step,NASDAQ:HWC,0.0018056251346336163
2022-12-20,17,AR1 alpha + Enhanced + One-Step,NASDAQ:HWC,0.0018058669508678638
2022-12-21,17,AR1 alpha + Enhanced + One-Step,NASDAQ:HWC,0.0018059479758022136
2022-12-22,17,AR1 alpha + Enhanced + One-Step,NASDAQ:HWC,5.9387627579368053e-08
2022-12-23,17,AR1 alpha + Enhanced + One-Step,NASDAQ:HWC,7.671289244549237e-08
2022-12-27,17,AR1 alpha + Enhanced + One-Step,NASDAQ:HWC,6.83822382593126e-08
2022-12-28,17,AR1 alpha + Enhanced + One-Step,NASDAQ:HWC,4.736843559632432e-08
2022-12-29,17,AR1 alpha + Enhanced + One-Step,NASDAQ:HWC,0.0
2022-12-30,17,AR1 alpha + Enhanced + One-Step,NASDAQ:HWC,1.6058877635951753e-08
2023-01-03,17,AR1 alpha + Enhanced + One-Step,NASDAQ:HWC,2.2588084320080996e-08
2023-01-04,17,AR1 alpha + Enhanced + One-Step,NASDAQ:HWC,1.4323655325458691e-08
2023-01-05,17,AR1 alpha + Enhanced + One-Step,NASDAQ:HWC,5.248521281597839e-07
2023-01-06,17,AR1 alpha + Enhanced + One-Step,NASDAQ:HWC,2.5950193290192823e-07
2023-01-09,17,AR1 alpha + Enhanced + One-Step,NASDAQ:HWC,0.0
2023-01-10,17,AR1 alpha + Enhanced + One-Step,NASDAQ:HWC,0.0
2023-01-11,17,AR1 alpha + Enhanced + One-Step,NASDAQ:HWC,0.0
2023-01-12,17,AR1 alpha + Enhanced + One-Step,NASDAQ:HWC,0.0
2023-01-13,17,AR1 alpha + Enhanced + One-Step,NASDAQ:HWC,0.0
2023-01-17,17,AR1 alpha + Enhanced + One-Step,NASDAQ:HWC,0.0
2023-01-18,17,AR1 alpha + Enhanced + One-Step,NASDAQ:HWC,4.662404969733657e-08
2023-01-19,17,AR1 alpha + Enhanced + One-Step,NASDAQ:HWC,0.0
2023-01-20,17,AR1 alpha + Enhanced + One-Step,NASDAQ:HWC,0.0
2023-01-23,17,AR1 alpha + Enhanced + One-Step,NASDAQ:HWC,0.0
2023-01-24,17,AR1 alpha + Enhanced + One-Step,NASDAQ:HWC,3.381572114192801e-08
2023-01-25,17,AR1 alpha + Enhanced + One-Step,NASDAQ:HWC,3.4032633504685566e-08
2023-01-26,17,AR1 alpha + Enhanced + One-Step,NASDAQ:HWC,0.0
2023-01-27,17,AR1 alpha + Enhanced + One-Step,NASDAQ:HWC,0.0
2023-01-30,17,AR1 alpha + Enhanced + One-Step,NASDAQ:HWC,2.176776460873431e-09
2023-01-31,17,AR1 alpha + Enhanced + One-Step,NASDAQ:HWC,0.0
2023-02-01,17,AR1 alpha + Enhanced + One-Step,NASDAQ:HWC,0.0
2023-02-02,17,AR1 alpha + Enhanced + One-Step,NASDAQ:HWC,1.1557302933811653e-06
2023-02-03,17,AR1 alpha + Enhanced + One-Step,NASDAQ:HWC,8.213932278392594e-07
2023-02-06,17,AR1 alpha + Enhanced + One-Step,NASDAQ:HWC,7.275521386109657e-07
2023-02-07,17,AR1 alpha + Enhanced + One-Step,NASDAQ:HWC,2.4789832358655183e-06
2023-02-08,17,AR1 alpha + Enhanced + One-Step,NASDAQ:HWC,1.746502721474506e-06
2023-02-09,17,AR1 alpha + Enhanced + One-Step,NASDAQ:HWC,1.1930148666990071e-06
2023-02-10,17,AR1 alpha + Enhanced + One-Step,NASDAQ:HWC,0.0
2023-02-13,17,AR1 alpha + Enhanced + One-Step,NASDAQ:HWC,0.0
2023-02-14,17,AR1 alpha + Enhanced + One-Step,NASDAQ:HWC,4.2118089550995167e-07
2023-02-15,17,AR1 alpha + Enhanced + One-Step,NASDAQ:HWC,2.3130342425029638e-07
2023-02-16,17,AR1 alpha + Enhanced + One-Step,NASDAQ:HWC,0.0
2023-02-17,17,AR1 alpha + Enhanced + One-Step,NASDAQ:HWC,0.0
2023-02-21,17,AR1 alpha + Enhanced + One-Step,NASDAQ:HWC,0.0
2023-02-22,17,AR1 alpha + Enhanced + One-Step,NASDAQ:HWC,0.0
2023-02-23,17,AR1 alpha + Enhanced + One-Step,NASDAQ:HWC,0.0
2023-02-24,17,AR1 alpha + Enhanced + One-Step,NASDAQ:HWC,1.8096436420916548e-06
2023-02-27,17,AR1 alpha + Enhanced + One-Step,NASDAQ:HWC,1.3758680175217113e-06
2023-02-28,17,AR1 alpha + Enhanced + One-Step,NASDAQ:HWC,1.8059623762979617e-06
2023-03-01,17,AR1 alpha + Enhanced + One-Step,NASDAQ:HWC,1.1028082135343117e-06
2023-03-02,17,AR1 alpha + Enhanced + One-Step,NASDAQ:HWC,0.0
2023-03-03,17,AR1 alpha + Enhanced + One-Step,NASDAQ:HWC,0.0
2023-03-06,17,AR1 alpha + Enhanced + One-Step,NASDAQ:HWC,0.0
2023-03-07,17,AR1 alpha + Enhanced + One-Step,NASDAQ:HWC,0.0
2023-03-08,17,AR1 alpha + Enhanced + One-Step,NASDAQ:HWC,0.0
2023-03-09,17,AR1 alpha + Enhanced + One-Step,NASDAQ:HWC,0.0
2023-03-10,17,AR1 alpha + Enhanced + One-Step,NASDAQ:HWC,0.0
2023-03-13,17,AR1 alpha + Enhanced + One-Step,NASDAQ:HWC,0.0
2023-03-14,17,AR1 alpha + Enhanced + One-Step,NASDAQ:HWC,0.0
2023-03-15,17,AR1 alpha + Enhanced + One-Step,NASDAQ:HWC,0.0
2023-03-16,17,AR1 alpha + Enhanced + One-Step,NASDAQ:HWC,3.4714794007080413e-09
2023-03-17,17,AR1 alpha + Enhanced + One-Step,NASDAQ:HWC,0.0
2023-03-20,17,AR1 alpha + Enhanced + One-Step,NASDAQ:HWC,0.0
2023-03-21,17,AR1 alpha + Enhanced + One-Step,NASDAQ:HWC,0.0
2023-03-22,17,AR1 alpha + Enhanced + One-Step,NASDAQ:HWC,0.0
2023-03-23,17,AR1 alpha + Enhanced + One-Step,NASDAQ:HWC,0.0
2023-03-24,17,AR1 alpha + Enhanced + One-Step,NASDAQ:HWC,0.0
2023-03-27,17,AR1 alpha + Enhanced + One-Step,NASDAQ:HWC,0.0
2023-03-28,17,AR1 alpha + Enhanced + One-Step,NASDAQ:HWC,0.0
2023-03-29,17,AR1 alpha + Enhanced + One-Step,NASDAQ:HWC,9.879420171163816e-09
2023-03-30,17,AR1 alpha + Enhanced + One-Step,NASDAQ:HWC,2.2821005137017778e-08
2023-03-31,17,AR1 alpha + Enhanced + One-Step,NASDAQ:HWC,1.471825967022547e-07
2023-04-03,17,AR1 alpha + Enhanced + One-Step,NASDAQ:HWC,0.0
2023-04-04,17,AR1 alpha + Enhanced + One-Step,NASDAQ:HWC,0.0
2023-04-05,17,AR1 alpha + Enhanced + One-Step,NASDAQ:HWC,0.0
2023-04-06,17,AR1 alpha + Enhanced + One-Step,NASDAQ:HWC,3.790024465843034e-08
2023-04-10,17,AR1 alpha + Enhanced + One-Step,NASDAQ:HWC,7.644139423629486e-07
2023-04-11,17,AR1 alpha + Enhanced + One-Step,NASDAQ:HWC,0.0
2023-04-12,17,AR1 alpha + Enhanced + One-Step,NASDAQ:HWC,0.0
2023-04-13,17,AR1 alpha + Enhanced + One-Step,NASDAQ:HWC,0.0
2023-04-14,17,AR1 alpha + Enhanced + One-Step,NASDAQ:HWC,0.0
2023-04-17,17,AR1 alpha + Enhanced + One-Step,NASDAQ:HWC,1.1318401131689303e-07
2023-04-18,17,AR1 alpha + Enhanced + One-Step,NASDAQ:HWC,0.0
2023-04-19,17,AR1 alpha + Enhanced + One-Step,NASDAQ:HWC,0.0
2023-04-20,17,AR1 alpha + Enhanced + One-Step,NASDAQ:HWC,6.038969856052854e-08
2023-04-21,17,AR1 alpha + Enhanced + One-Step,NASDAQ:HWC,0.0
2023-04-24,17,AR1 alpha + Enhanced + One-Step,NASDAQ:HWC,0.0
2023-04-25,17,AR1 alpha + Enhanced + One-Step,NASDAQ:HWC,0.0
2023-04-26,17,AR1 alpha + Enhanced + One-Step,NASDAQ:HWC,0.0
2023-04-27,17,AR1 alpha + Enhanced + One-Step,NASDAQ:HWC,0.0
2023-04-28,17,AR1 alpha + Enhanced + One-Step,NASDAQ:HWC,0.0
2023-05-01,17,AR1 alpha + Enhanced + One-Step,NASDAQ:HWC,8.810635543060615e-08
2023-05-02,17,AR1 alpha + Enhanced + One-Step,NASDAQ:HWC,1.7588824857743149e-07
2023-05-03,17,AR1 alpha + Enhanced + One-Step,NASDAQ:HWC,0.0
2023-05-04,17,AR1 alpha + Enhanced + One-Step,NASDAQ:HWC,0.0
2023-05-05,17,AR1 alpha + Enhanced + One-Step,NASDAQ:HWC,0.0
2023-05-08,17,AR1 alpha + Enhanced + One-Step,NASDAQ:HWC,1.1583101441073309e-07
2023-05-09,17,AR1 alpha + Enhanced + One-Step,NASDAQ:HWC,4.3509899913224074e-08
2023-05-10,17,AR1 alpha + Enhanced + One-Step,NASDAQ:HWC,5.199938421167183e-07
2023-05-11,17,AR1 alpha + Enhanced + One-Step,NASDAQ:HWC,3.0913498503711227e-07
2023-05-12,17,AR1 alpha + Enhanced + One-Step,NASDAQ:HWC,4.543769219088805e-07
2023-05-15,17,AR1 alpha + Enhanced + One-Step,NASDAQ:HWC,4.383859434175642e-07
2023-05-16,17,AR1 alpha + Enhanced + One-Step,NASDAQ:HWC,4.4611344184068984e-07
2023-05-17,17,AR1 alpha + Enhanced + One-Step,NASDAQ:HWC,9.889433712297927e-08
2023-05-18,17,AR1 alpha + Enhanced + One-Step,NASDAQ:HWC,2.1709547093124327e-06
2023-05-19,17,AR1 alpha + Enhanced + One-Step,NASDAQ:HWC,9.861862872621515e-07
2023-05-22,17,AR1 alpha + Enhanced + One-Step,NASDAQ:HWC,6.045926349378145e-07
2023-05-23,17,AR1 alpha + Enhanced + One-Step,NASDAQ:HWC,0.0
2023-05-24,17,AR1 alpha + Enhanced + One-Step,NASDAQ:HWC,0.0
2023-05-25,17,AR1 alpha + Enhanced + One-Step,NASDAQ:HWC,0.0
2023-05-26,17,AR1 alpha + Enhanced + One-Step,NASDAQ:HWC,1.4243109113267207e-07
2023-05-30,17,AR1 alpha + Enhanced + One-Step,NASDAQ:HWC,1.237770562179818e-07
2023-05-31,17,AR1 alpha + Enhanced + One-Step,NASDAQ:HWC,0.0
2023-06-01,17,AR1 alpha + Enhanced + One-Step,NASDAQ:HWC,0.0
2023-06-02,17,AR1 alpha + Enhanced + One-Step,NASDAQ:HWC,0.0
2023-06-05,17,AR1 alpha + Enhanced + One-Step,NASDAQ:HWC,0.0
2023-06-06,17,AR1 alpha + Enhanced + One-Step,NASDAQ:HWC,2.116229335813502e-06
2023-06-07,17,AR1 alpha + Enhanced + One-Step,NASDAQ:HWC,8.774142418318649e-07
2023-06-08,17,AR1 alpha + Enhanced + One-Step,NASDAQ:HWC,3.8256445739176626e-07
2023-06-09,17,AR1 alpha + Enhanced + One-Step,NASDAQ:HWC,0.0
2023-06-12,17,AR1 alpha + Enhanced + One-Step,NASDAQ:HWC,0.0
2023-06-13,17,AR1 alpha + Enhanced + One-Step,NASDAQ:HWC,0.0
2023-06-14,17,AR1 alpha + Enhanced + One-Step,NASDAQ:HWC,0.0
2023-06-15,17,AR1 alpha + Enhanced + One-Step,NASDAQ:HWC,0.0
2023-06-16,17,AR1 alpha + Enhanced + One-Step,NASDAQ:HWC,0.0
2023-06-20,17,AR1 alpha + Enhanced + One-Step,NASDAQ:HWC,0.0
2023-06-21,17,AR1 alpha + Enhanced + One-Step,NASDAQ:HWC,0.0
2023-06-22,17,AR1 alpha + Enhanced + One-Step,NASDAQ:HWC,0.0
2023-06-23,17,AR1 alpha + Enhanced + One-Step,NASDAQ:HWC,0.0
2023-06-26,17,AR1 alpha + Enhanced + One-Step,NASDAQ:HWC,0.0
2023-06-27,17,AR1 alpha + Enhanced + One-Step,NASDAQ:HWC,0.0
2023-06-28,17,AR1 alpha + Enhanced + One-Step,NASDAQ:HWC,0.0
2023-06-29,17,AR1 alpha + Enhanced + One-Step,NASDAQ:HWC,0.0
2023-06-30,17,AR1 alpha + Enhanced + One-Step,NASDAQ:HWC,0.0
2023-07-03,17,AR1 alpha + Enhanced + One-Step,NASDAQ:HWC,0.0
2023-07-05,17,AR1 alpha + Enhanced + One-Step,NASDAQ:HWC,0.0
2023-07-06,17,AR1 alpha + Enhanced + One-Step,NASDAQ:HWC,0.0
2023-07-07,17,AR1 alpha + Enhanced + One-Step,NASDAQ:HWC,0.0
2023-07-10,17,AR1 alpha + Enhanced + One-Step,NASDAQ:HWC,3.93776203702889e-08
2023-07-11,17,AR1 alpha + Enhanced + One-Step,NASDAQ:HWC,0.0
2023-07-12,17,AR1 alpha + Enhanced + One-Step,NASDAQ:HWC,1.0025065809622299e-07
2023-07-13,17,AR1 alpha + Enhanced + One-Step,NASDAQ:HWC,0.0
2023-07-14,17,AR1 alpha + Enhanced + One-Step,NASDAQ:HWC,0.0
2023-07-17,17,AR1 alpha + Enhanced + One-Step,NASDAQ:HWC,0.0
2023-07-18,17,AR1 alpha + Enhanced + One-Step,NASDAQ:HWC,3.346339847971357e-07
2023-07-19,17,AR1 alpha + Enhanced + One-Step,NASDAQ:HWC,0.0
2023-07-20,17,AR1 alpha + Enhanced + One-Step,NASDAQ:HWC,0.0
2023-07-21,17,AR1 alpha + Enhanced + One-Step,NASDAQ:HWC,0.0
2023-07-24,17,AR1 alpha + Enhanced + One-Step,NASDAQ:HWC,0.0
2023-07-25,17,AR1 alpha + Enhanced + One-Step,NASDAQ:HWC,0.0
2023-07-26,17,AR1 alpha + Enhanced + One-Step,NASDAQ:HWC,0.0
2023-07-27,17,AR1 alpha + Enhanced + One-Step,NASDAQ:HWC,0.0
2023-08-01,17,AR1 alpha + Enhanced + One-Step,NASDAQ:HWC,1.9237905887926957e-07
2023-08-02,17,AR1 alpha + Enhanced + One-Step,NASDAQ:HWC,0.0
2023-08-03,17,AR1 alpha + Enhanced + One-Step,NASDAQ:HWC,9.044044034881225e-08
2023-08-04,17,AR1 alpha + Enhanced + One-Step,NASDAQ:HWC,1.4042493299033214e-06
2023-08-07,17,AR1 alpha + Enhanced + One-Step,NASDAQ:HWC,5.508662318897561e-07
2023-08-08,17,AR1 alpha + Enhanced + One-Step,NASDAQ:HWC,2.5725345310949434e-07
2023-08-09,17,AR1 alpha + Enhanced + One-Step,NASDAQ:HWC,0.0
2023-08-10,17,AR1 alpha + Enhanced + One-Step,NASDAQ:HWC,0.0
2023-08-11,17,AR1 alpha + Enhanced + One-Step,NASDAQ:HWC,0.0
2023-08-14,17,AR1 alpha + Enhanced + One-Step,NASDAQ:HWC,0.0
2023-08-15,17,AR1 alpha + Enhanced + One-Step,NASDAQ:HWC,0.0
2023-08-16,17,AR1 alpha + Enhanced + One-Step,NASDAQ:HWC,0.0
2023-08-17,17,AR1 alpha + Enhanced + One-Step,NASDAQ:HWC,0.0
2023-08-18,17,AR1 alpha + Enhanced + One-Step,NASDAQ:HWC,0.0
2023-08-21,17,AR1 alpha + Enhanced + One-Step,NASDAQ:HWC,0.0
2023-08-22,17,AR1 alpha + Enhanced + One-Step,NASDAQ:HWC,0.0
2023-08-23,17,AR1 alpha + Enhanced + One-Step,NASDAQ:HWC,0.0
2023-08-24,17,AR1 alpha + Enhanced + One-Step,NASDAQ:HWC,0.0
2023-08-25,17,AR1 alpha + Enhanced + One-Step,NASDAQ:HWC,0.0
2023-08-28,17,AR1 alpha + Enhanced + One-Step,NASDAQ:HWC,0.0
2023-08-29,17,AR1 alpha + Enhanced + One-Step,NASDAQ:HWC,0.0
2023-08-30,17,AR1 alpha + Enhanced + One-Step,NASDAQ:HWC,0.0
2023-08-31,17,AR1 alpha + Enhanced + One-Step,NASDAQ:HWC,0.0
2023-09-01,17,AR1 alpha + Enhanced + One-Step,NASDAQ:HWC,0.0
2023-09-05,17,AR1 alpha + Enhanced + One-Step,NASDAQ:HWC,0.0
2023-09-06,17,AR1 alpha + Enhanced + One-Step,NASDAQ:HWC,0.0
2023-09-07,17,AR1 alpha + Enhanced + One-Step,NASDAQ:HWC,3.684097718619149e-08
2023-09-08,17,AR1 alpha + Enhanced + One-Step,NASDAQ:HWC,0.0
2023-09-11,17,AR1 alpha + Enhanced + One-Step,NASDAQ:HWC,1.4257795515041335e-07
2023-09-12,17,AR1 alpha + Enhanced + One-Step,NASDAQ:HWC,2.033661078284798e-07
2023-09-13,17,AR1 alpha + Enhanced + One-Step,NASDAQ:HWC,0.0
2023-09-14,17,AR1 alpha + Enhanced + One-Step,NASDAQ:HWC,2.4414887292637338e-08
2023-09-15,17,AR1 alpha + Enhanced + One-Step,NASDAQ:HWC,3.664711636051175e-07
2023-09-18,17,AR1 alpha + Enhanced + One-Step,NASDAQ:HWC,2.2291772351814915e-08
2023-09-19,17,AR1 alpha + Enhanced + One-Step,NASDAQ:HWC,2.513777724950316e-08
2023-09-20,17,AR1 alpha + Enhanced + One-Step,NASDAQ:HWC,2.5540487563501224e-08
2023-09-21,17,AR1 alpha + Enhanced + One-Step,NASDAQ:HWC,7.423636933071935e-08
2023-09-22,17,AR1 alpha + Enhanced + One-Step,NASDAQ:HWC,5.729250410233455e-08
2023-09-25,17,AR1 alpha + Enhanced + One-Step,NASDAQ:HWC,0.0
2023-09-26,17,AR1 alpha + Enhanced + One-Step,NASDAQ:HWC,0.0
2023-09-27,17,AR1 alpha + Enhanced + One-Step,NASDAQ:HWC,0.0
2023-09-28,17,AR1 alpha + Enhanced + One-Step,NASDAQ:HWC,6.599254066214763e-09
2023-09-29,17,AR1 alpha + Enhanced + One-Step,NASDAQ:HWC,9.906131494706544e-10
2023-10-02,17,AR1 alpha + Enhanced + One-Step,NASDAQ:HWC,0.0
2023-10-03,17,AR1 alpha + Enhanced + One-Step,NASDAQ:HWC,0.0
2023-10-04,17,AR1 alpha + Enhanced + One-Step,NASDAQ:HWC,0.0
2023-10-05,17,AR1 alpha + Enhanced + One-Step,NASDAQ:HWC,0.0
2023-10-06,17,AR1 alpha + Enhanced + One-Step,NASDAQ:HWC,0.0
2023-10-09,17,AR1 alpha + Enhanced + One-Step,NASDAQ:HWC,0.0
2023-10-10,17,AR1 alpha + Enhanced + One-Step,NASDAQ:HWC,0.0
2023-10-11,17,AR1 alpha + Enhanced + One-Step,NASDAQ:HWC,0.0
2023-10-12,17,AR1 alpha + Enhanced + One-Step,NASDAQ:HWC,5.388970001496245e-09
2023-10-13,17,AR1 alpha + Enhanced + One-Step,NASDAQ:HWC,8.814105724344521e-10
2023-10-16,17,AR1 alpha + Enhanced + One-Step,NASDAQ:HWC,6.889036780410321e-09
2023-10-17,17,AR1 alpha + Enhanced + One-Step,NASDAQ:HWC,0.0
2023-10-18,17,AR1 alpha + Enhanced + One-Step,NASDAQ:HWC,1.0997394282321773e-07
2023-10-19,17,AR1 alpha + Enhanced + One-Step,NASDAQ:HWC,4.450751014873039e-08
2023-10-20,17,AR1 alpha + Enhanced + One-Step,NASDAQ:HWC,8.87039428944416e-08
2023-10-23,17,AR1 alpha + Enhanced + One-Step,NASDAQ:HWC,0.0
2023-10-24,17,AR1 alpha + Enhanced + One-Step,NASDAQ:HWC,4.948559607661548e-09
2023-10-25,17,AR1 alpha + Enhanced + One-Step,NASDAQ:HWC,0.0
2023-10-26,17,AR1 alpha + Enhanced + One-Step,NASDAQ:HWC,0.0
2023-10-27,17,AR1 alpha + Enhanced + One-Step,NASDAQ:HWC,0.0
2023-10-30,17,AR1 alpha + Enhanced + One-Step,NASDAQ:HWC,0.0
2023-10-31,17,AR1 alpha + Enhanced + One-Step,NASDAQ:HWC,1.0490303481290923e-07
2023-11-01,17,AR1 alpha + Enhanced + One-Step,NASDAQ:HWC,0.0
2023-11-02,17,AR1 alpha + Enhanced + One-Step,NASDAQ:HWC,1.4275151023129184e-06
2023-11-03,17,AR1 alpha + Enhanced + One-Step,NASDAQ:HWC,9.000627115800374e-07
2023-11-06,17,AR1 alpha + Enhanced + One-Step,NASDAQ:HWC,6.301244026396257e-07
2023-11-07,17,AR1 alpha + Enhanced + One-Step,NASDAQ:HWC,0.0
2023-11-08,17,AR1 alpha + Enhanced + One-Step,NASDAQ:HWC,0.0
2023-11-09,17,AR1 alpha + Enhanced + One-Step,NASDAQ:HWC,0.0
2023-11-10,17,AR1 alpha + Enhanced + One-Step,NASDAQ:HWC,0.0
2023-11-13,17,AR1 alpha + Enhanced + One-Step,NASDAQ:HWC,0.0
2023-11-14,17,AR1 alpha + Enhanced + One-Step,NASDAQ:HWC,7.574305676948951e-07
2023-11-15,17,AR1 alpha + Enhanced + One-Step,NASDAQ:HWC,2.978195210686624e-07
2023-11-16,17,AR1 alpha + Enhanced + One-Step,NASDAQ:HWC,0.0
2023-11-17,17,AR1 alpha + Enhanced + One-Step,NASDAQ:HWC,0.0
2023-11-20,17,AR1 alpha + Enhanced + One-Step,NASDAQ:HWC,5.417751926489244e-08
2023-11-21,17,AR1 alpha + Enhanced + One-Step,NASDAQ:HWC,3.264922338053091e-08
2023-11-22,17,AR1 alpha + Enhanced + One-Step,NASDAQ:HWC,0.0
2023-11-24,17,AR1 alpha + Enhanced + One-Step,NASDAQ:HWC,0.0
2023-11-27,17,AR1 alpha + Enhanced + One-Step,NASDAQ:HWC,0.0
2023-11-28,17,AR1 alpha + Enhanced + One-Step,NASDAQ:HWC,5.314342448652496e-08
2023-11-29,17,AR1 alpha + Enhanced + One-Step,NASDAQ:HWC,0.0
2023-11-30,17,AR1 alpha + Enhanced + One-Step,NASDAQ:HWC,0.0
2023-12-01,17,AR1 alpha + Enhanced + One-Step,NASDAQ:HWC,0.0
2023-12-04,17,AR1 alpha + Enhanced + One-Step,NASDAQ:HWC,0.0
2023-12-05,17,AR1 alpha + Enhanced + One-Step,NASDAQ:HWC,0.0
2023-12-06,17,AR1 alpha + Enhanced + One-Step,NASDAQ:HWC,5.4933294529333786e-11
2023-12-07,17,AR1 alpha + Enhanced + One-Step,NASDAQ:HWC,0.0
2023-12-08,17,AR1 alpha + Enhanced + One-Step,NASDAQ:HWC,2.653314401990599e-08
2023-12-11,17,AR1 alpha + Enhanced + One-Step,NASDAQ:HWC,0.0
2023-12-12,17,AR1 alpha + Enhanced + One-Step,NASDAQ:HWC,0.0
2023-12-13,17,AR1 alpha + Enhanced + One-Step,NASDAQ:HWC,6.97131249168746e-07
2023-12-14,17,AR1 alpha + Enhanced + One-Step,NASDAQ:HWC,3.3205827387972774e-07
2023-12-15,17,AR1 alpha + Enhanced + One-Step,NASDAQ:HWC,0.0
2023-12-18,17,AR1 alpha + Enhanced + One-Step,NASDAQ:HWC,0.0
2023-12-19,17,AR1 alpha + Enhanced + One-Step,NASDAQ:HWC,0.0
2023-12-20,17,AR1 alpha + Enhanced + One-Step,NASDAQ:HWC,8.628549012515873e-07
2023-12-21,17,AR1 alpha + Enhanced + One-Step,NASDAQ:HWC,3.8458797899565113e-07
2023-12-22,17,AR1 alpha + Enhanced + One-Step,NASDAQ:HWC,2.6673083377956e-07
2023-12-26,17,AR1 alpha + Enhanced + One-Step,NASDAQ:HWC,0.0
2023-12-27,17,AR1 alpha + Enhanced + One-Step,NASDAQ:HWC,0.0
2023-12-28,17,AR1 alpha + Enhanced + One-Step,NASDAQ:HWC,1.1374819321409623e-08
2023-12-29,17,AR1 alpha + Enhanced + One-Step,NASDAQ:HWC,2.611351481599754e-07
2024-01-02,17,AR1 alpha + Enhanced + One-Step,NASDAQ:HWC,0.0
2024-01-03,17,AR1 alpha + Enhanced + One-Step,NASDAQ:HWC,0.0
2024-01-04,17,AR1 alpha + Enhanced + One-Step,NASDAQ:HWC,0.0
2024-01-05,17,AR1 alpha + Enhanced + One-Step,NASDAQ:HWC,2.8215454373067506e-07
2024-01-08,17,AR1 alpha + Enhanced + One-Step,NASDAQ:HWC,5.042416689879771e-07
2024-01-09,17,AR1 alpha + Enhanced + One-Step,NASDAQ:HWC,0.0
2024-01-10,17,AR1 alpha + Enhanced + One-Step,NASDAQ:HWC,0.0
2024-01-11,17,AR1 alpha + Enhanced + One-Step,NASDAQ:HWC,0.0
2024-01-12,17,AR1 alpha + Enhanced + One-Step,NASDAQ:HWC,0.0
2024-01-16,17,AR1 alpha + Enhanced + One-Step,NASDAQ:HWC,0.0
2024-01-17,17,AR1 alpha + Enhanced + One-Step,NASDAQ:HWC,0.0
2024-01-18,17,AR1 alpha + Enhanced + One-Step,NASDAQ:HWC,0.0
2024-01-19,17,AR1 alpha + Enhanced + One-Step,NASDAQ:HWC,0.0
2024-01-22,17,AR1 alpha + Enhanced + One-Step,NASDAQ:HWC,0.0
2024-01-23,17,AR1 alpha + Enhanced + One-Step,NASDAQ:HWC,0.0
2024-01-24,17,AR1 alpha + Enhanced + One-Step,NASDAQ:HWC,0.0
2024-01-25,17,AR1 alpha + Enhanced + One-Step,NASDAQ:HWC,0.0
2024-01-26,17,AR1 alpha + Enhanced + One-Step,NASDAQ:HWC,0.0
2024-01-29,17,AR1 alpha + Enhanced + One-Step,NASDAQ:HWC,0.0
2024-01-30,17,AR1 alpha + Enhanced + One-Step,NASDAQ:HWC,0.0
2024-01-31,17,AR1 alpha + Enhanced + One-Step,NASDAQ:HWC,0.0
2024-02-01,17,AR1 alpha + Enhanced + One-Step,NASDAQ:HWC,0.0
2024-02-02,17,AR1 alpha + Enhanced + One-Step,NASDAQ:HWC,0.0
2024-02-05,17,AR1 alpha + Enhanced + One-Step,NASDAQ:HWC,0.0
2024-02-06,17,AR1 alpha + Enhanced + One-Step,NASDAQ:HWC,0.0
2024-02-07,17,AR1 alpha + Enhanced + One-Step,NASDAQ:HWC,0.0
2024-02-08,17,AR1 alpha + Enhanced + One-Step,NASDAQ:HWC,0.0
2024-02-09,17,AR1 alpha + Enhanced + One-Step,NASDAQ:HWC,0.0
2024-02-12,17,AR1 alpha + Enhanced + One-Step,NASDAQ:HWC,0.0
2024-02-13,17,AR1 alpha + Enhanced + One-Step,NASDAQ:HWC,1.511707666151874e-07
2024-02-14,17,AR1 alpha + Enhanced + One-Step,NASDAQ:HWC,3.4045172165065074e-07
2024-02-15,17,AR1 alpha + Enhanced + One-Step,NASDAQ:HWC,0.0
2024-02-16,17,AR1 alpha + Enhanced + One-Step,NASDAQ:HWC,4.1658650349208635e-07
2024-02-20,17,AR1 alpha + Enhanced + One-Step,NASDAQ:HWC,4.464139657773775e-07
2024-02-21,17,AR1 alpha + Enhanced + One-Step,NASDAQ:HWC,0.0
2024-02-22,17,AR1 alpha + Enhanced + One-Step,NASDAQ:HWC,0.0
2024-02-23,17,AR1 alpha + Enhanced + One-Step,NASDAQ:HWC,0.0
2024-02-26,17,AR1 alpha + Enhanced + One-Step,NASDAQ:HWC,0.0
2024-02-27,17,AR1 alpha + Enhanced + One-Step,NASDAQ:HWC,0.0
2024-02-28,17,AR1 alpha + Enhanced + One-Step,NASDAQ:HWC,0.0
2024-02-29,17,AR1 alpha + Enhanced + One-Step,NASDAQ:HWC,0.0
2024-03-01,17,AR1 alpha + Enhanced + One-Step,NASDAQ:HWC,0.0
2024-03-04,17,AR1 alpha + Enhanced + One-Step,NASDAQ:HWC,0.0
2024-03-05,17,AR1 alpha + Enhanced + One-Step,NASDAQ:HWC,0.0
2024-03-06,17,AR1 alpha + Enhanced + One-Step,NASDAQ:HWC,0.0
2024-03-07,17,AR1 alpha + Enhanced + One-Step,NASDAQ:HWC,0.0
2024-03-08,17,AR1 alpha + Enhanced + One-Step,NASDAQ:HWC,0.0
2024-03-11,17,AR1 alpha + Enhanced + One-Step,NASDAQ:HWC,0.0
2024-03-12,17,AR1 alpha + Enhanced + One-Step,NASDAQ:HWC,0.0
2024-03-13,17,AR1 alpha + Enhanced + One-Step,NASDAQ:HWC,0.0
2024-03-14,17,AR1 alpha + Enhanced + One-Step,NASDAQ:HWC,0.0
2024-03-15,17,AR1 alpha + Enhanced + One-Step,NASDAQ:HWC,9.712320533986431e-08
2024-03-18,17,AR1 alpha + Enhanced + One-Step,NASDAQ:HWC,0.0
2024-03-19,17,AR1 alpha + Enhanced + One-Step,NASDAQ:HWC,0.0
2024-03-20,17,AR1 alpha + Enhanced + One-Step,NASDAQ:HWC,0.0
2024-03-21,17,AR1 alpha + Enhanced + One-Step,NASDAQ:HWC,0.0
2024-03-22,17,AR1 alpha + Enhanced + One-Step,NASDAQ:HWC,0.0
2024-03-25,17,AR1 alpha + Enhanced + One-Step,NASDAQ:HWC,0.0
2024-03-26,17,AR1 alpha + Enhanced + One-Step,NASDAQ:HWC,0.0
2024-03-27,17,AR1 alpha + Enhanced + One-Step,NASDAQ:HWC,0.0
2024-03-28,17,AR1 alpha + Enhanced + One-Step,NASDAQ:HWC,2.017130498452657e-07
2024-04-01,17,AR1 alpha + Enhanced + One-Step,NASDAQ:HWC,2.6557525762206086e-07
2024-04-02,17,AR1 alpha + Enhanced + One-Step,NASDAQ:HWC,7.965585610700159e-08
2024-04-03,17,AR1 alpha + Enhanced + One-Step,NASDAQ:HWC,0.0
2024-04-04,17,AR1 alpha + Enhanced + One-Step,NASDAQ:HWC,0.0
2024-04-05,17,AR1 alpha + Enhanced + One-Step,NASDAQ:HWC,0.0
2024-04-08,17,AR1 alpha + Enhanced + One-Step,NASDAQ:HWC,1.34971536904258e-07
2024-04-09,17,AR1 alpha + Enhanced + One-Step,NASDAQ:HWC,0.0
2024-04-10,17,AR1 alpha + Enhanced + One-Step,NASDAQ:HWC,0.0
2024-04-11,17,AR1 alpha + Enhanced + One-Step,NASDAQ:HWC,0.0
2024-04-12,17,AR1 alpha + Enhanced + One-Step,NASDAQ:HWC,0.0
2024-04-15,17,AR1 alpha + Enhanced + One-Step,NASDAQ:HWC,0.0
2024-04-16,17,AR1 alpha + Enhanced + One-Step,NASDAQ:HWC,0.0
2024-04-17,17,AR1 alpha + Enhanced + One-Step,NASDAQ:HWC,9.296205698327126e-08
2024-04-18,17,AR1 alpha + Enhanced + One-Step,NASDAQ:HWC,0.0
2024-04-19,17,AR1 alpha + Enhanced + One-Step,NASDAQ:HWC,0.0
2020-03-25,17,AR1 alpha + Enhanced + One-Step,NYSE:ORA,0.020000000000007227
2020-03-26,17,AR1 alpha + Enhanced + One-Step,NYSE:ORA,0.02000000000001305
2020-03-27,17,AR1 alpha + Enhanced + One-Step,NYSE:ORA,0.019999990930157422
2020-03-30,17,AR1 alpha + Enhanced + One-Step,NYSE:ORA,0.02000115858978428
2020-03-31,17,AR1 alpha + Enhanced + One-Step,NYSE:ORA,0.02000254645526236
2020-04-01,17,AR1 alpha + Enhanced + One-Step,NYSE:ORA,0.020002513843017773
2020-04-02,17,AR1 alpha + Enhanced + One-Step,NYSE:ORA,0.020000972875900695
2020-04-03,17,AR1 alpha + Enhanced + One-Step,NYSE:ORA,0.020002197371651657
2020-04-06,17,AR1 alpha + Enhanced + One-Step,NYSE:ORA,0.020002805637106325
2020-04-07,17,AR1 alpha + Enhanced + One-Step,NYSE:ORA,0.020005232090829092
2020-04-08,17,AR1 alpha + Enhanced + One-Step,NYSE:ORA,0.02000539006503718
2020-04-09,17,AR1 alpha + Enhanced + One-Step,NYSE:ORA,0.02000531874821486
2020-04-13,17,AR1 alpha + Enhanced + One-Step,NYSE:ORA,0.020004874884594764
2020-04-14,17,AR1 alpha + Enhanced + One-Step,NYSE:ORA,0.02000673392039508
2020-04-15,17,AR1 alpha + Enhanced + One-Step,NYSE:ORA,0.02000731832009434
2020-04-16,17,AR1 alpha + Enhanced + One-Step,NYSE:ORA,0.02000749779288593
2020-04-17,17,AR1 alpha + Enhanced + One-Step,NYSE:ORA,0.015013373352977585
2020-04-20,17,AR1 alpha + Enhanced + One-Step,NYSE:ORA,0.010013975589309903
2020-04-21,17,AR1 alpha + Enhanced + One-Step,NYSE:ORA,0.005014928856799643
2020-04-22,17,AR1 alpha + Enhanced + One-Step,NYSE:ORA,4.6885116249926536e-07
2020-04-23,17,AR1 alpha + Enhanced + One-Step,NYSE:ORA,2.8289870989600315e-07
2020-04-24,17,AR1 alpha + Enhanced + One-Step,NYSE:ORA,2.0990075263033097e-07
2020-04-27,17,AR1 alpha + Enhanced + One-Step,NYSE:ORA,1.1860210787090977e-07
2020-04-28,17,AR1 alpha + Enhanced + One-Step,NYSE:ORA,6.734327289279932e-08
2020-04-29,17,AR1 alpha + Enhanced + One-Step,NYSE:ORA,3.619212107069368e-08
2020-04-30,17,AR1 alpha + Enhanced + One-Step,NYSE:ORA,1.9718875515053997e-08
2020-05-01,17,AR1 alpha + Enhanced + One-Step,NYSE:ORA,0.0
2020-05-04,17,AR1 alpha + Enhanced + One-Step,NYSE:ORA,1.964121480952266e-08
2020-05-05,17,AR1 alpha + Enhanced + One-Step,NYSE:ORA,0.0
2020-05-06,17,AR1 alpha + Enhanced + One-Step,NYSE:ORA,0.0
2020-05-07,17,AR1 alpha + Enhanced + One-Step,NYSE:ORA,3.1485125418684565e-08
2020-05-08,17,AR1 alpha + Enhanced + One-Step,NYSE:ORA,0.0
2020-05-11,17,AR1 alpha + Enhanced + One-Step,NYSE:ORA,0.0
2020-05-12,17,AR1 alpha + Enhanced + One-Step,NYSE:ORA,4.02972076015237e-09
2020-05-13,17,AR1 alpha + Enhanced + One-Step,NYSE:ORA,7.175266929533647e-08
2020-05-14,17,AR1 alpha + Enhanced + One-Step,NYSE:ORA,0.0
2020-05-15,17,AR1 alpha + Enhanced + One-Step,NYSE:ORA,3.3881736173377454e-08
2020-05-18,17,AR1 alpha + Enhanced + One-Step,NYSE:ORA,3.862312111855734e-08
2020-05-19,17,AR1 alpha + Enhanced + One-Step,NYSE:ORA,0.0
2020-05-20,17,AR1 alpha + Enhanced + One-Step,NYSE:ORA,1.941524622330324e-08
2020-05-21,17,AR1 alpha + Enhanced + One-Step,NYSE:ORA,0.0
2020-05-22,17,AR1 alpha + Enhanced + One-Step,NYSE:ORA,0.0
2020-05-26,17,AR1 alpha + Enhanced + One-Step,NYSE:ORA,0.0
2020-05-27,17,AR1 alpha + Enhanced + One-Step,NYSE:ORA,5.325736535559266e-08
2020-05-28,17,AR1 alpha + Enhanced + One-Step,NYSE:ORA,3.2345689140422506e-08
2020-05-29,17,AR1 alpha + Enhanced + One-Step,NYSE:ORA,1.8829559503115004e-08
2020-06-01,17,AR1 alpha + Enhanced + One-Step,NYSE:ORA,8.8814993645626e-08
2020-06-02,17,AR1 alpha + Enhanced + One-Step,NYSE:ORA,0.0
2020-06-03,17,AR1 alpha + Enhanced + One-Step,NYSE:ORA,2.4812089123856363e-07
2020-06-04,17,AR1 alpha + Enhanced + One-Step,NYSE:ORA,0.0
2020-06-05,17,AR1 alpha + Enhanced + One-Step,NYSE:ORA,0.0
2020-06-08,17,AR1 alpha + Enhanced + One-Step,NYSE:ORA,0.0
2020-06-09,17,AR1 alpha + Enhanced + One-Step,NYSE:ORA,1.2397253069516617e-08
2020-06-10,17,AR1 alpha + Enhanced + One-Step,NYSE:ORA,6.602019680407991e-09
2020-06-11,17,AR1 alpha + Enhanced + One-Step,NYSE:ORA,5.997003359138147e-07
2020-06-12,17,AR1 alpha + Enhanced + One-Step,NYSE:ORA,3.4780309707112926e-07
2020-06-15,17,AR1 alpha + Enhanced + One-Step,NYSE:ORA,0.0
2020-06-16,17,AR1 alpha + Enhanced + One-Step,NYSE:ORA,1.0981028268504673e-08
2020-06-17,17,AR1 alpha + Enhanced + One-Step,NYSE:ORA,0.0
2020-06-18,17,AR1 alpha + Enhanced + One-Step,NYSE:ORA,5.158901906924425e-09
2020-06-19,17,AR1 alpha + Enhanced + One-Step,NYSE:ORA,0.0
2020-06-22,17,AR1 alpha + Enhanced + One-Step,NYSE:ORA,5.769545874330522e-08
2020-06-23,17,AR1 alpha + Enhanced + One-Step,NYSE:ORA,1.2145692194968108e-09
2020-06-24,17,AR1 alpha + Enhanced + One-Step,NYSE:ORA,0.0
2020-06-25,17,AR1 alpha + Enhanced + One-Step,NYSE:ORA,8.981742013471936e-09
2020-06-26,17,AR1 alpha + Enhanced + One-Step,NYSE:ORA,0.0
2020-06-29,17,AR1 alpha + Enhanced + One-Step,NYSE:ORA,0.0
2020-06-30,17,AR1 alpha + Enhanced + One-Step,NYSE:ORA,0.0
2020-07-01,17,AR1 alpha + Enhanced + One-Step,NYSE:ORA,0.0
2020-07-02,17,AR1 alpha + Enhanced + One-Step,NYSE:ORA,1.2450003028542797e-08
2020-07-06,17,AR1 alpha + Enhanced + One-Step,NYSE:ORA,0.0
2020-07-07,17,AR1 alpha + Enhanced + One-Step,NYSE:ORA,0.0
2020-07-08,17,AR1 alpha + Enhanced + One-Step,NYSE:ORA,0.0
2020-07-09,17,AR1 alpha + Enhanced + One-Step,NYSE:ORA,0.0
2020-07-10,17,AR1 alpha + Enhanced + One-Step,NYSE:ORA,0.0
2020-07-13,17,AR1 alpha + Enhanced + One-Step,NYSE:ORA,0.0
2020-07-14,17,AR1 alpha + Enhanced + One-Step,NYSE:ORA,1.7508902682794432e-07
2020-07-15,17,AR1 alpha + Enhanced + One-Step,NYSE:ORA,3.415489829674923e-07
2020-07-16,17,AR1 alpha + Enhanced + One-Step,NYSE:ORA,1.0505366473991455e-07
2020-07-17,17,AR1 alpha + Enhanced + One-Step,NYSE:ORA,0.0
2020-07-20,17,AR1 alpha + Enhanced + One-Step,NYSE:ORA,0.0
2020-07-21,17,AR1 alpha + Enhanced + One-Step,NYSE:ORA,1.0542549589434478e-07
2020-07-22,17,AR1 alpha + Enhanced + One-Step,NYSE:ORA,7.881376046635438e-08
2020-07-23,17,AR1 alpha + Enhanced + One-Step,NYSE:ORA,0.0
2020-07-24,17,AR1 alpha + Enhanced + One-Step,NYSE:ORA,0.0
2020-07-27,17,AR1 alpha + Enhanced + One-Step,NYSE:ORA,1.7477538491857932e-07
2020-07-28,17,AR1 alpha + Enhanced + One-Step,NYSE:ORA,7.758284086622433e-08
2020-07-29,17,AR1 alpha + Enhanced + One-Step,NYSE:ORA,0.0
2020-07-30,17,AR1 alpha + Enhanced + One-Step,NYSE:ORA,0.0
2020-07-31,17,AR1 alpha + Enhanced + One-Step,NYSE:ORA,0.0
2020-08-03,17,AR1 alpha + Enhanced + One-Step,NYSE:ORA,0.0
2020-08-04,17,AR1 alpha + Enhanced + One-Step,NYSE:ORA,0.0
2020-08-05,17,AR1 alpha + Enhanced + One-Step,NYSE:ORA,0.0
2020-08-06,17,AR1 alpha + Enhanced + One-Step,NYSE:ORA,0.0
2020-08-07,17,AR1 alpha + Enhanced + One-Step,NYSE:ORA,4.771971213988866e-07
2020-08-10,17,AR1 alpha + Enhanced + One-Step,NYSE:ORA,3.814706766729815e-07
2020-08-11,17,AR1 alpha + Enhanced + One-Step,NYSE:ORA,1.1989396687396977e-07
2020-08-12,17,AR1 alpha + Enhanced + One-Step,NYSE:ORA,0.0
2020-08-13,17,AR1 alpha + Enhanced + One-Step,NYSE:ORA,0.0
2020-08-14,17,AR1 alpha + Enhanced + One-Step,NYSE:ORA,7.568738501900932e-10
2020-08-17,17,AR1 alpha + Enhanced + One-Step,NYSE:ORA,0.0
2020-08-18,17,AR1 alpha + Enhanced + One-Step,NYSE:ORA,0.0
2020-08-19,17,AR1 alpha + Enhanced + One-Step,NYSE:ORA,0.0
2020-08-20,17,AR1 alpha + Enhanced + One-Step,NYSE:ORA,0.0
2020-08-21,17,AR1 alpha + Enhanced + One-Step,NYSE:ORA,0.0
2020-08-24,17,AR1 alpha + Enhanced + One-Step,NYSE:ORA,0.0
2020-08-25,17,AR1 alpha + Enhanced + One-Step,NYSE:ORA,9.163424942593702e-08
2020-08-26,17,AR1 alpha + Enhanced + One-Step,NYSE:ORA,0.0
2020-08-27,17,AR1 alpha + Enhanced + One-Step,NYSE:ORA,0.0
2020-08-28,17,AR1 alpha + Enhanced + One-Step,NYSE:ORA,2.7521731504836544e-09
2020-08-31,17,AR1 alpha + Enhanced + One-Step,NYSE:ORA,0.0
2020-09-01,17,AR1 alpha + Enhanced + One-Step,NYSE:ORA,0.0
2020-09-02,17,AR1 alpha + Enhanced + One-Step,NYSE:ORA,4.151762381249197e-08
2020-09-03,17,AR1 alpha + Enhanced + One-Step,NYSE:ORA,0.0
2020-09-04,17,AR1 alpha + Enhanced + One-Step,NYSE:ORA,1.7182972656962288e-08
2020-09-08,17,AR1 alpha + Enhanced + One-Step,NYSE:ORA,3.5393189869915317e-07
2020-09-09,17,AR1 alpha + Enhanced + One-Step,NYSE:ORA,1.5401581334237554e-07
2020-09-10,17,AR1 alpha + Enhanced + One-Step,NYSE:ORA,2.4116299271517514e-07
2020-09-11,17,AR1 alpha + Enhanced + One-Step,NYSE:ORA,1.901843878747015e-07
2020-09-14,17,AR1 alpha + Enhanced + One-Step,NYSE:ORA,9.684220570622783e-07
2020-09-15,17,AR1 alpha + Enhanced + One-Step,NYSE:ORA,6.115544077532164e-07
2020-09-16,17,AR1 alpha + Enhanced + One-Step,NYSE:ORA,0.0
2020-09-17,17,AR1 alpha + Enhanced + One-Step,NYSE:ORA,0.0
2020-09-18,17,AR1 alpha + Enhanced + One-Step,NYSE:ORA,0.0
2020-09-21,17,AR1 alpha + Enhanced + One-Step,NYSE:ORA,0.0
2020-09-22,17,AR1 alpha + Enhanced + One-Step,NYSE:ORA,0.0
2020-09-23,17,AR1 alpha + Enhanced + One-Step,NYSE:ORA,0.0
2020-09-24,17,AR1 alpha + Enhanced + One-Step,NYSE:ORA,0.0
2020-09-25,17,AR1 alpha + Enhanced + One-Step,NYSE:ORA,0.0
2020-09-28,17,AR1 alpha + Enhanced + One-Step,NYSE:ORA,0.0
2020-09-29,17,AR1 alpha + Enhanced + One-Step,NYSE:ORA,0.0
2020-09-30,17,AR1 alpha + Enhanced + One-Step,NYSE:ORA,0.0
2020-10-01,17,AR1 alpha + Enhanced + One-Step,NYSE:ORA,3.8577093821979685e-07
2020-10-02,17,AR1 alpha + Enhanced + One-Step,NYSE:ORA,3.786195602409899e-07
2020-10-05,17,AR1 alpha + Enhanced + One-Step,NYSE:ORA,7.916802462091837e-07
2020-10-06,17,AR1 alpha + Enhanced + One-Step,NYSE:ORA,2.918917060468596e-07
2020-10-07,17,AR1 alpha + Enhanced + One-Step,NYSE:ORA,2.1751744087434486e-08
2020-10-08,17,AR1 alpha + Enhanced + One-Step,NYSE:ORA,0.0
2020-10-09,17,AR1 alpha + Enhanced + One-Step,NYSE:ORA,2.3011370835791008e-07
2020-10-12,17,AR1 alpha + Enhanced + One-Step,NYSE:ORA,1.2852595583292883e-07
2020-10-13,17,AR1 alpha + Enhanced + One-Step,NYSE:ORA,2.8825085422577905e-07
2020-10-14,17,AR1 alpha + Enhanced + One-Step,NYSE:ORA,0.0
2020-10-15,17,AR1 alpha + Enhanced + One-Step,NYSE:ORA,0.0
2020-10-16,17,AR1 alpha + Enhanced + One-Step,NYSE:ORA,0.0
2020-10-19,17,AR1 alpha + Enhanced + One-Step,NYSE:ORA,0.0
2020-10-20,17,AR1 alpha + Enhanced + One-Step,NYSE:ORA,0.0
2020-10-21,17,AR1 alpha + Enhanced + One-Step,NYSE:ORA,0.0
2020-10-22,17,AR1 alpha + Enhanced + One-Step,NYSE:ORA,0.0
2020-10-23,17,AR1 alpha + Enhanced + One-Step,NYSE:ORA,0.0
2020-10-26,17,AR1 alpha + Enhanced + One-Step,NYSE:ORA,0.0
2020-10-27,17,AR1 alpha + Enhanced + One-Step,NYSE:ORA,4.51444626227421e-07
2020-10-28,17,AR1 alpha + Enhanced + One-Step,NYSE:ORA,4.4893352686556784e-07
2020-10-29,17,AR1 alpha + Enhanced + One-Step,NYSE:ORA,7.347923240797776e-07
2020-10-30,17,AR1 alpha + Enhanced + One-Step,NYSE:ORA,4.821404206139529e-07
2020-11-02,17,AR1 alpha + Enhanced + One-Step,NYSE:ORA,1.2438732329329017e-06
2020-11-03,17,AR1 alpha + Enhanced + One-Step,NYSE:ORA,6.578660082258023e-07
2020-11-04,17,AR1 alpha + Enhanced + One-Step,NYSE:ORA,1.631913863345106e-06
2020-11-05,17,AR1 alpha + Enhanced + One-Step,NYSE:ORA,8.954143655508963e-07
2020-11-06,17,AR1 alpha + Enhanced + One-Step,NYSE:ORA,4.1326374428483464e-07
2020-11-09,17,AR1 alpha + Enhanced + One-Step,NYSE:ORA,1.8425772126705713e-07
2020-11-10,17,AR1 alpha + Enhanced + One-Step,NYSE:ORA,4.839865751570256e-07
2020-11-11,17,AR1 alpha + Enhanced + One-Step,NYSE:ORA,4.4898602804012616e-07
2020-11-12,17,AR1 alpha + Enhanced + One-Step,NYSE:ORA,1.958630077670448e-07
2020-11-13,17,AR1 alpha + Enhanced + One-Step,NYSE:ORA,1.1323557339096985e-07
2020-11-16,17,AR1 alpha + Enhanced + One-Step,NYSE:ORA,1.1414489706499906e-07
2020-11-17,17,AR1 alpha + Enhanced + One-Step,NYSE:ORA,0.0
2020-11-18,17,AR1 alpha + Enhanced + One-Step,NYSE:ORA,0.0
2020-11-19,17,AR1 alpha + Enhanced + One-Step,NYSE:ORA,0.0
2020-11-20,17,AR1 alpha + Enhanced + One-Step,NYSE:ORA,0.0
2020-11-23,17,AR1 alpha + Enhanced + One-Step,NYSE:ORA,1.0430721596750006e-07
2020-11-24,17,AR1 alpha + Enhanced + One-Step,NYSE:ORA,0.0
2020-11-25,17,AR1 alpha + Enhanced + One-Step,NYSE:ORA,0.0
2020-11-27,17,AR1 alpha + Enhanced + One-Step,NYSE:ORA,0.0
2020-11-30,17,AR1 alpha + Enhanced + One-Step,NYSE:ORA,0.0
2020-12-01,17,AR1 alpha + Enhanced + One-Step,NYSE:ORA,2.2349911774188589e-07
2020-12-04,17,AR1 alpha + Enhanced + One-Step,NYSE:ORA,1.4383327514592316e-07
2020-12-07,17,AR1 alpha + Enhanced + One-Step,NYSE:ORA,0.0
2020-12-08,17,AR1 alpha + Enhanced + One-Step,NYSE:ORA,1.1353768324674855e-07
2020-12-09,17,AR1 alpha + Enhanced + One-Step,NYSE:ORA,0.0
2020-12-10,17,AR1 alpha + Enhanced + One-Step,NYSE:ORA,1.566208758924111e-07
2020-12-11,17,AR1 alpha + Enhanced + One-Step,NYSE:ORA,0.0
2020-12-14,17,AR1 alpha + Enhanced + One-Step,NYSE:ORA,0.0
2020-12-15,17,AR1 alpha + Enhanced + One-Step,NYSE:ORA,0.0
2020-12-16,17,AR1 alpha + Enhanced + One-Step,NYSE:ORA,0.0
2020-12-17,17,AR1 alpha + Enhanced + One-Step,NYSE:ORA,0.0
2020-12-18,17,AR1 alpha + Enhanced + One-Step,NYSE:ORA,1.374705884036683e-06
2020-12-21,17,AR1 alpha + Enhanced + One-Step,NYSE:ORA,1.25997813995769e-06
2020-12-22,17,AR1 alpha + Enhanced + One-Step,NYSE:ORA,6.703245056720153e-07
2020-12-23,17,AR1 alpha + Enhanced + One-Step,NYSE:ORA,0.0
2020-12-24,17,AR1 alpha + Enhanced + One-Step,NYSE:ORA,0.0
2020-12-28,17,AR1 alpha + Enhanced + One-Step,NYSE:ORA,0.0
2020-12-29,17,AR1 alpha + Enhanced + One-Step,NYSE:ORA,0.0
2020-12-30,17,AR1 alpha + Enhanced + One-Step,NYSE:ORA,0.0
2020-12-31,17,AR1 alpha + Enhanced + One-Step,NYSE:ORA,0.0
2021-01-04,17,AR1 alpha + Enhanced + One-Step,NYSE:ORA,6.095654290278806e-09
2021-01-05,17,AR1 alpha + Enhanced + One-Step,NYSE:ORA,2.6551773231200156e-09
2021-01-06,17,AR1 alpha + Enhanced + One-Step,NYSE:ORA,0.0
2021-01-07,17,AR1 alpha + Enhanced + One-Step,NYSE:ORA,0.0
2021-01-08,17,AR1 alpha + Enhanced + One-Step,NYSE:ORA,0.0
2021-01-11,17,AR1 alpha + Enhanced + One-Step,NYSE:ORA,0.0
2021-01-12,17,AR1 alpha + Enhanced + One-Step,NYSE:ORA,0.0
2021-01-13,17,AR1 alpha + Enhanced + One-Step,NYSE:ORA,0.0
2021-01-14,17,AR1 alpha + Enhanced + One-Step,NYSE:ORA,7.850773914057114e-08
2021-01-15,17,AR1 alpha + Enhanced + One-Step,NYSE:ORA,0.0
2021-01-19,17,AR1 alpha + Enhanced + One-Step,NYSE:ORA,0.0
2021-01-20,17,AR1 alpha + Enhanced + One-Step,NYSE:ORA,4.6953686748966216e-08
2021-01-21,17,AR1 alpha + Enhanced + One-Step,NYSE:ORA,6.149572636730717e-07
2021-01-22,17,AR1 alpha + Enhanced + One-Step,NYSE:ORA,0.0
2021-01-25,17,AR1 alpha + Enhanced + One-Step,NYSE:ORA,2.166084317070495e-08
2021-01-26,17,AR1 alpha + Enhanced + One-Step,NYSE:ORA,0.0
2021-01-27,17,AR1 alpha + Enhanced + One-Step,NYSE:ORA,2.238341149573311e-07
2021-01-28,17,AR1 alpha + Enhanced + One-Step,NYSE:ORA,9.786439566010207e-07
2021-01-29,17,AR1 alpha + Enhanced + One-Step,NYSE:ORA,4.2302023915843514e-07
2021-02-01,17,AR1 alpha + Enhanced + One-Step,NYSE:ORA,3.7421899503363036e-07
2021-02-02,17,AR1 alpha + Enhanced + One-Step,NYSE:ORA,2.384084481602926e-07
2021-02-03,17,AR1 alpha + Enhanced + One-Step,NYSE:ORA,0.0
2021-02-04,17,AR1 alpha + Enhanced + One-Step,NYSE:ORA,0.0
2021-02-05,17,AR1 alpha + Enhanced + One-Step,NYSE:ORA,0.0
2021-02-08,17,AR1 alpha + Enhanced + One-Step,NYSE:ORA,1.9843263355621708e-07
2021-02-09,17,AR1 alpha + Enhanced + One-Step,NYSE:ORA,1.1811929122389017e-07
2021-02-10,17,AR1 alpha + Enhanced + One-Step,NYSE:ORA,5.456851556442895e-07
2021-02-11,17,AR1 alpha + Enhanced + One-Step,NYSE:ORA,3.4577871342230226e-07
2021-02-12,17,AR1 alpha + Enhanced + One-Step,NYSE:ORA,2.9623445124613824e-07
2021-02-16,17,AR1 alpha + Enhanced + One-Step,NYSE:ORA,1.184736144065129e-07
2021-02-17,17,AR1 alpha + Enhanced + One-Step,NYSE:ORA,1.5361065739166307e-07
2021-02-18,17,AR1 alpha + Enhanced + One-Step,NYSE:ORA,1.685069445139796e-07
2021-02-19,17,AR1 alpha + Enhanced + One-Step,NYSE:ORA,0.0
2021-02-22,17,AR1 alpha + Enhanced + One-Step,NYSE:ORA,4.931607735966523e-07
2021-02-23,17,AR1 alpha + Enhanced + One-Step,NYSE:ORA,1.106425371029709e-06
2021-02-24,17,AR1 alpha + Enhanced + One-Step,NYSE:ORA,7.78599470536102e-07
2021-02-25,17,AR1 alpha + Enhanced + One-Step,NYSE:ORA,0.0
2021-02-26,17,AR1 alpha + Enhanced + One-Step,NYSE:ORA,1.5856257443578644e-07
2021-03-01,17,AR1 alpha + Enhanced + One-Step,NYSE:ORA,1.8592416213941643e-07
2021-03-02,17,AR1 alpha + Enhanced + One-Step,NYSE:ORA,9.214031248102033e-08
2021-03-03,17,AR1 alpha + Enhanced + One-Step,NYSE:ORA,0.0
2021-03-04,17,AR1 alpha + Enhanced + One-Step,NYSE:ORA,8.787102413551595e-10
2021-03-05,17,AR1 alpha + Enhanced + One-Step,NYSE:ORA,0.0
2021-03-08,17,AR1 alpha + Enhanced + One-Step,NYSE:ORA,0.0
2021-03-09,17,AR1 alpha + Enhanced + One-Step,NYSE:ORA,0.0
2021-03-10,17,AR1 alpha + Enhanced + One-Step,NYSE:ORA,1.1810533223491934e-06
2021-03-11,17,AR1 alpha + Enhanced + One-Step,NYSE:ORA,2.0483012889528858e-07
2021-03-12,17,AR1 alpha + Enhanced + One-Step,NYSE:ORA,9.47409828580644e-08
2021-03-15,17,AR1 alpha + Enhanced + One-Step,NYSE:ORA,1.5003411480104626e-06
2021-03-16,17,AR1 alpha + Enhanced + One-Step,NYSE:ORA,9.296150155235782e-07
2021-03-17,17,AR1 alpha + Enhanced + One-Step,NYSE:ORA,2.097090752780535e-07
2021-03-18,17,AR1 alpha + Enhanced + One-Step,NYSE:ORA,2.960369787948241e-07
2021-03-19,17,AR1 alpha + Enhanced + One-Step,NYSE:ORA,0.0
2021-03-22,17,AR1 alpha + Enhanced + One-Step,NYSE:ORA,2.531767042254046e-07
2021-03-23,17,AR1 alpha + Enhanced + One-Step,NYSE:ORA,1.1327502018671572e-06
2021-03-24,17,AR1 alpha + Enhanced + One-Step,NYSE:ORA,6.032687590672934e-07
2021-03-25,17,AR1 alpha + Enhanced + One-Step,NYSE:ORA,4.4237405561024547e-07
2021-03-26,17,AR1 alpha + Enhanced + One-Step,NYSE:ORA,4.1710448507714645e-07
2021-03-29,17,AR1 alpha + Enhanced + One-Step,NYSE:ORA,3.728232551598332e-07
2021-03-30,17,AR1 alpha + Enhanced + One-Step,NYSE:ORA,0.0
2021-03-31,17,AR1 alpha + Enhanced + One-Step,NYSE:ORA,0.0
2021-04-01,17,AR1 alpha + Enhanced + One-Step,NYSE:ORA,6.656324231206765e-07
2021-04-05,17,AR1 alpha + Enhanced + One-Step,NYSE:ORA,4.5020037347717826e-07
2021-04-06,17,AR1 alpha + Enhanced + One-Step,NYSE:ORA,2.4909737418057655e-07
2021-04-07,17,AR1 alpha + Enhanced + One-Step,NYSE:ORA,0.0
2021-04-08,17,AR1 alpha + Enhanced + One-Step,NYSE:ORA,0.0
2021-04-09,17,AR1 alpha + Enhanced + One-Step,NYSE:ORA,0.0
2021-04-12,17,AR1 alpha + Enhanced + One-Step,NYSE:ORA,0.0
2021-04-13,17,AR1 alpha + Enhanced + One-Step,NYSE:ORA,0.0
2021-04-14,17,AR1 alpha + Enhanced + One-Step,NYSE:ORA,0.0
2021-04-15,17,AR1 alpha + Enhanced + One-Step,NYSE:ORA,4.5708319832903076e-07
2021-04-16,17,AR1 alpha + Enhanced + One-Step,NYSE:ORA,2.6950291419669355e-07
2021-04-19,17,AR1 alpha + Enhanced + One-Step,NYSE:ORA,8.837609870782595e-08
2021-04-20,17,AR1 alpha + Enhanced + One-Step,NYSE:ORA,0.0
2021-04-21,17,AR1 alpha + Enhanced + One-Step,NYSE:ORA,0.0
2021-04-22,17,AR1 alpha + Enhanced + One-Step,NYSE:ORA,0.0
2021-04-23,17,AR1 alpha + Enhanced + One-Step,NYSE:ORA,0.0
2021-04-26,17,AR1 alpha + Enhanced + One-Step,NYSE:ORA,0.0
2021-04-27,17,AR1 alpha + Enhanced + One-Step,NYSE:ORA,0.0
2021-04-28,17,AR1 alpha + Enhanced + One-Step,NYSE:ORA,0.0
2021-04-29,17,AR1 alpha + Enhanced + One-Step,NYSE:ORA,0.0
2021-04-30,17,AR1 alpha + Enhanced + One-Step,NYSE:ORA,0.0
2021-05-03,17,AR1 alpha + Enhanced + One-Step,NYSE:ORA,2.5629293503740498e-06
2021-05-04,17,AR1 alpha + Enhanced + One-Step,NYSE:ORA,1.2522219303452589e-06
2021-05-05,17,AR1 alpha + Enhanced + One-Step,NYSE:ORA,5.170873984216801e-07
2021-05-06,17,AR1 alpha + Enhanced + One-Step,NYSE:ORA,6.010613479144903e-07
2021-05-07,17,AR1 alpha + Enhanced + One-Step,NYSE:ORA,4.4090787475427835e-07
2021-05-10,17,AR1 alpha + Enhanced + One-Step,NYSE:ORA,4.199234929179589e-07
2021-05-11,17,AR1 alpha + Enhanced + One-Step,NYSE:ORA,2.628319300862488e-07
2021-05-12,17,AR1 alpha + Enhanced + One-Step,NYSE:ORA,6.401495058334959e-08
2021-05-13,17,AR1 alpha + Enhanced + One-Step,NYSE:ORA,0.0
2021-05-14,17,AR1 alpha + Enhanced + One-Step,NYSE:ORA,0.0
2021-05-17,17,AR1 alpha + Enhanced + One-Step,NYSE:ORA,6.651610060212347e-08
2021-05-18,17,AR1 alpha + Enhanced + One-Step,NYSE:ORA,6.119467524893067e-07
2021-05-19,17,AR1 alpha + Enhanced + One-Step,NYSE:ORA,1.2462534491715617e-06
2021-05-20,17,AR1 alpha + Enhanced + One-Step,NYSE:ORA,8.273374089833769e-07
2021-05-21,17,AR1 alpha + Enhanced + One-Step,NYSE:ORA,5.523081765294733e-07
2021-05-24,17,AR1 alpha + Enhanced + One-Step,NYSE:ORA,0.0
2021-05-25,17,AR1 alpha + Enhanced + One-Step,NYSE:ORA,0.0
2021-05-26,17,AR1 alpha + Enhanced + One-Step,NYSE:ORA,0.0
2021-05-27,17,AR1 alpha + Enhanced + One-Step,NYSE:ORA,0.0
2021-05-28,17,AR1 alpha + Enhanced + One-Step,NYSE:ORA,0.0
2021-06-01,17,AR1 alpha + Enhanced + One-Step,NYSE:ORA,0.0
2021-06-02,17,AR1 alpha + Enhanced + One-Step,NYSE:ORA,0.0
2021-06-03,17,AR1 alpha + Enhanced + One-Step,NYSE:ORA,0.0
2021-06-04,17,AR1 alpha + Enhanced + One-Step,NYSE:ORA,0.0
2021-06-07,17,AR1 alpha + Enhanced + One-Step,NYSE:ORA,0.0
2021-06-08,17,AR1 alpha + Enhanced + One-Step,NYSE:ORA,1.3457937253122487e-08
2021-06-09,17,AR1 alpha + Enhanced + One-Step,NYSE:ORA,0.0
2021-06-10,17,AR1 alpha + Enhanced + One-Step,NYSE:ORA,0.0
2021-06-11,17,AR1 alpha + Enhanced + One-Step,NYSE:ORA,0.0
2021-06-14,17,AR1 alpha + Enhanced + One-Step,NYSE:ORA,0.0
2021-06-15,17,AR1 alpha + Enhanced + One-Step,NYSE:ORA,0.0
2021-06-16,17,AR1 alpha + Enhanced + One-Step,NYSE:ORA,0.0
2021-06-17,17,AR1 alpha + Enhanced + One-Step,NYSE:ORA,0.0
2021-06-18,17,AR1 alpha + Enhanced + One-Step,NYSE:ORA,6.460530819754461e-08
2021-06-21,17,AR1 alpha + Enhanced + One-Step,NYSE:ORA,1.2552115500622423e-06
2021-06-22,17,AR1 alpha + Enhanced + One-Step,NYSE:ORA,0.0
2021-06-23,17,AR1 alpha + Enhanced + One-Step,NYSE:ORA,0.0
2021-06-24,17,AR1 alpha + Enhanced + One-Step,NYSE:ORA,1.4373996488574652e-06
2021-06-25,17,AR1 alpha + Enhanced + One-Step,NYSE:ORA,1.436499709007649e-06
2021-06-28,17,AR1 alpha + Enhanced + One-Step,NYSE:ORA,8.718029503043677e-07
2021-06-29,17,AR1 alpha + Enhanced + One-Step,NYSE:ORA,0.0
2021-06-30,17,AR1 alpha + Enhanced + One-Step,NYSE:ORA,1.82816054705016e-07
2021-07-01,17,AR1 alpha + Enhanced + One-Step,NYSE:ORA,4.386121662471221e-08
2021-07-02,17,AR1 alpha + Enhanced + One-Step,NYSE:ORA,0.0
2021-07-06,17,AR1 alpha + Enhanced + One-Step,NYSE:ORA,0.0
2021-07-07,17,AR1 alpha + Enhanced + One-Step,NYSE:ORA,6.586620295905766e-07
2021-07-08,17,AR1 alpha + Enhanced + One-Step,NYSE:ORA,2.5364690140836123e-07
2021-07-09,17,AR1 alpha + Enhanced + One-Step,NYSE:ORA,0.0
2021-07-12,17,AR1 alpha + Enhanced + One-Step,NYSE:ORA,0.0
2021-07-13,17,AR1 alpha + Enhanced + One-Step,NYSE:ORA,0.0
2021-07-14,17,AR1 alpha + Enhanced + One-Step,NYSE:ORA,0.0
2021-07-15,17,AR1 alpha + Enhanced + One-Step,NYSE:ORA,0.0
2021-07-16,17,AR1 alpha + Enhanced + One-Step,NYSE:ORA,0.0
2021-07-19,17,AR1 alpha + Enhanced + One-Step,NYSE:ORA,0.0
2021-07-20,17,AR1 alpha + Enhanced + One-Step,NYSE:ORA,0.0
2021-07-21,17,AR1 alpha + Enhanced + One-Step,NYSE:ORA,3.281626719823537e-07
2021-07-22,17,AR1 alpha + Enhanced + One-Step,NYSE:ORA,0.0
2021-07-23,17,AR1 alpha + Enhanced + One-Step,NYSE:ORA,0.0
2021-07-26,17,AR1 alpha + Enhanced + One-Step,NYSE:ORA,0.0
2021-07-27,17,AR1 alpha + Enhanced + One-Step,NYSE:ORA,0.0
2021-07-28,17,AR1 alpha + Enhanced + One-Step,NYSE:ORA,0.0
2021-07-29,17,AR1 alpha + Enhanced + One-Step,NYSE:ORA,0.0
2021-07-30,17,AR1 alpha + Enhanced + One-Step,NYSE:ORA,0.0
2021-08-02,17,AR1 alpha + Enhanced + One-Step,NYSE:ORA,0.0
2021-08-03,17,AR1 alpha + Enhanced + One-Step,NYSE:ORA,0.0
2021-08-04,17,AR1 alpha + Enhanced + One-Step,NYSE:ORA,0.0
2021-08-05,17,AR1 alpha + Enhanced + One-Step,NYSE:ORA,0.0
2021-08-06,17,AR1 alpha + Enhanced + One-Step,NYSE:ORA,0.0
2021-08-09,17,AR1 alpha + Enhanced + One-Step,NYSE:ORA,0.0
2021-08-10,17,AR1 alpha + Enhanced + One-Step,NYSE:ORA,0.0
2021-08-11,17,AR1 alpha + Enhanced + One-Step,NYSE:ORA,0.0
2021-08-12,17,AR1 alpha + Enhanced + One-Step,NYSE:ORA,0.0
2021-08-13,17,AR1 alpha + Enhanced + One-Step,NYSE:ORA,8.587259875747743e-08
2021-08-16,17,AR1 alpha + Enhanced + One-Step,NYSE:ORA,1.012487623847371e-06
2021-08-17,17,AR1 alpha + Enhanced + One-Step,NYSE:ORA,8.40430237653627e-07
2021-08-18,17,AR1 alpha + Enhanced + One-Step,NYSE:ORA,6.693490683445227e-07
2021-08-19,17,AR1 alpha + Enhanced + One-Step,NYSE:ORA,1.3896194761002162e-06
2021-08-20,17,AR1 alpha + Enhanced + One-Step,NYSE:ORA,0.0
2021-08-23,17,AR1 alpha + Enhanced + One-Step,NYSE:ORA,0.0
2021-08-24,17,AR1 alpha + Enhanced + One-Step,NYSE:ORA,8.271315108605026e-09
2021-08-25,17,AR1 alpha + Enhanced + One-Step,NYSE:ORA,1.7535644885849418e-08
2021-08-26,17,AR1 alpha + Enhanced + One-Step,NYSE:ORA,0.0
2021-08-27,17,AR1 alpha + Enhanced + One-Step,NYSE:ORA,0.0
2021-08-30,17,AR1 alpha + Enhanced + One-Step,NYSE:ORA,0.0
2021-08-31,17,AR1 alpha + Enhanced + One-Step,NYSE:ORA,9.78293811933593e-10
2021-09-01,17,AR1 alpha + Enhanced + One-Step,NYSE:ORA,0.0
2021-09-02,17,AR1 alpha + Enhanced + One-Step,NYSE:ORA,0.0
2021-09-03,17,AR1 alpha + Enhanced + One-Step,NYSE:ORA,0.0
2021-09-07,17,AR1 alpha + Enhanced + One-Step,NYSE:ORA,0.0
2021-09-08,17,AR1 alpha + Enhanced + One-Step,NYSE:ORA,0.0
2021-09-09,17,AR1 alpha + Enhanced + One-Step,NYSE:ORA,0.0
2021-09-10,17,AR1 alpha + Enhanced + One-Step,NYSE:ORA,0.0
2021-09-13,17,AR1 alpha + Enhanced + One-Step,NYSE:ORA,2.9108591116259913e-07
2021-09-14,17,AR1 alpha + Enhanced + One-Step,NYSE:ORA,0.0
2021-09-15,17,AR1 alpha + Enhanced + One-Step,NYSE:ORA,0.0
2021-09-16,17,AR1 alpha + Enhanced + One-Step,NYSE:ORA,0.0
2021-09-17,17,AR1 alpha + Enhanced + One-Step,NYSE:ORA,0.0
2021-09-20,17,AR1 alpha + Enhanced + One-Step,NYSE:ORA,0.0
2021-09-21,17,AR1 alpha + Enhanced + One-Step,NYSE:ORA,0.0
2021-09-22,17,AR1 alpha + Enhanced + One-Step,NYSE:ORA,0.0
2021-09-23,17,AR1 alpha + Enhanced + One-Step,NYSE:ORA,4.180164916671807e-07
2021-09-24,17,AR1 alpha + Enhanced + One-Step,NYSE:ORA,0.0
2021-09-27,17,AR1 alpha + Enhanced + One-Step,NYSE:ORA,4.962394581118666e-09
2021-09-28,17,AR1 alpha + Enhanced + One-Step,NYSE:ORA,0.0
2021-09-29,17,AR1 alpha + Enhanced + One-Step,NYSE:ORA,3.4387336801802905e-07
2021-09-30,17,AR1 alpha + Enhanced + One-Step,NYSE:ORA,1.778905706069699e-07
2021-10-01,17,AR1 alpha + Enhanced + One-Step,NYSE:ORA,8.966694066468451e-08
2021-10-04,17,AR1 alpha + Enhanced + One-Step,NYSE:ORA,8.742994918185621e-08
2021-10-05,17,AR1 alpha + Enhanced + One-Step,NYSE:ORA,0.0
2021-10-06,17,AR1 alpha + Enhanced + One-Step,NYSE:ORA,0.0
2021-10-07,17,AR1 alpha + Enhanced + One-Step,NYSE:ORA,0.0
2021-10-08,17,AR1 alpha + Enhanced + One-Step,NYSE:ORA,0.0
2021-10-11,17,AR1 alpha + Enhanced + One-Step,NYSE:ORA,0.0
2021-10-12,17,AR1 alpha + Enhanced + One-Step,NYSE:ORA,1.53761593481591e-07
2021-10-13,17,AR1 alpha + Enhanced + One-Step,NYSE:ORA,1.1904623692346411e-07
2021-10-14,17,AR1 alpha + Enhanced + One-Step,NYSE:ORA,0.0
2021-10-15,17,AR1 alpha + Enhanced + One-Step,NYSE:ORA,0.0
2021-10-18,17,AR1 alpha + Enhanced + One-Step,NYSE:ORA,0.0
2021-10-19,17,AR1 alpha + Enhanced + One-Step,NYSE:ORA,0.0
2021-10-20,17,AR1 alpha + Enhanced + One-Step,NYSE:ORA,1.5682293334325782e-07
2021-10-21,17,AR1 alpha + Enhanced + One-Step,NYSE:ORA,1.1289151644928109e-07
2021-10-22,17,AR1 alpha + Enhanced + One-Step,NYSE:ORA,9.780823866438742e-08
2021-10-25,17,AR1 alpha + Enhanced + One-Step,NYSE:ORA,0.0
2021-10-26,17,AR1 alpha + Enhanced + One-Step,NYSE:ORA,0.0
2021-10-27,17,AR1 alpha + Enhanced + One-Step,NYSE:ORA,0.0
2021-10-28,17,AR1 alpha + Enhanced + One-Step,NYSE:ORA,3.9584488559223304e-08
2021-10-29,17,AR1 alpha + Enhanced + One-Step,NYSE:ORA,0.0
2021-11-01,17,AR1 alpha + Enhanced + One-Step,NYSE:ORA,0.0
2021-11-02,17,AR1 alpha + Enhanced + One-Step,NYSE:ORA,0.0
2021-11-03,17,AR1 alpha + Enhanced + One-Step,NYSE:ORA,1.4874250314029272e-06
2021-11-04,17,AR1 alpha + Enhanced + One-Step,NYSE:ORA,1.3254840116141103e-06
2021-11-05,17,AR1 alpha + Enhanced + One-Step,NYSE:ORA,6.707646520417092e-07
2021-11-08,17,AR1 alpha + Enhanced + One-Step,NYSE:ORA,8.658919389622394e-07
2021-11-09,17,AR1 alpha + Enhanced + One-Step,NYSE:ORA,6.143934958667407e-07
2021-11-10,17,AR1 alpha + Enhanced + One-Step,NYSE:ORA,9.977853387108527e-07
2021-11-11,17,AR1 alpha + Enhanced + One-Step,NYSE:ORA,5.963025666322371e-07
2021-11-12,17,AR1 alpha + Enhanced + One-Step,NYSE:ORA,4.627334533237636e-07
2021-11-15,17,AR1 alpha + Enhanced + One-Step,NYSE:ORA,7.084136083293044e-07
2021-11-16,17,AR1 alpha + Enhanced + One-Step,NYSE:ORA,0.0
2021-11-17,17,AR1 alpha + Enhanced + One-Step,NYSE:ORA,0.0
2021-11-18,17,AR1 alpha + Enhanced + One-Step,NYSE:ORA,0.0
2021-11-19,17,AR1 alpha + Enhanced + One-Step,NYSE:ORA,2.0710468909548053e-07
2021-11-22,17,AR1 alpha + Enhanced + One-Step,NYSE:ORA,3.0074429209042636e-07
2021-11-23,17,AR1 alpha + Enhanced + One-Step,NYSE:ORA,0.0
2021-11-24,17,AR1 alpha + Enhanced + One-Step,NYSE:ORA,0.0
2021-11-26,17,AR1 alpha + Enhanced + One-Step,NYSE:ORA,0.0
2021-11-29,17,AR1 alpha + Enhanced + One-Step,NYSE:ORA,0.0
2021-11-30,17,AR1 alpha + Enhanced + One-Step,NYSE:ORA,0.0
2021-12-01,17,AR1 alpha + Enhanced + One-Step,NYSE:ORA,0.0
2021-12-02,17,AR1 alpha + Enhanced + One-Step,NYSE:ORA,0.0
2021-12-03,17,AR1 alpha + Enhanced + One-Step,NYSE:ORA,0.0
2021-12-06,17,AR1 alpha + Enhanced + One-Step,NYSE:ORA,1.0925798105876132e-07
2021-12-07,17,AR1 alpha + Enhanced + One-Step,NYSE:ORA,4.234777168948809e-08
2021-12-08,17,AR1 alpha + Enhanced + One-Step,NYSE:ORA,0.0
2021-12-09,17,AR1 alpha + Enhanced + One-Step,NYSE:ORA,0.0
2021-12-10,17,AR1 alpha + Enhanced + One-Step,NYSE:ORA,0.0
2021-12-13,17,AR1 alpha + Enhanced + One-Step,NYSE:ORA,0.0
2021-12-14,17,AR1 alpha + Enhanced + One-Step,NYSE:ORA,0.0
2021-12-15,17,AR1 alpha + Enhanced + One-Step,NYSE:ORA,1.9520721944767045e-07
2021-12-16,17,AR1 alpha + Enhanced + One-Step,NYSE:ORA,1.7247356340236796e-07
2021-12-17,17,AR1 alpha + Enhanced + One-Step,NYSE:ORA,1.8219428902294045e-08
2021-12-20,17,AR1 alpha + Enhanced + One-Step,NYSE:ORA,0.0
2021-12-21,17,AR1 alpha + Enhanced + One-Step,NYSE:ORA,6.103594816835763e-08
2021-12-22,17,AR1 alpha + Enhanced + One-Step,NYSE:ORA,0.0
2021-12-23,17,AR1 alpha + Enhanced + One-Step,NYSE:ORA,3.4158378282409733e-07
2021-12-27,17,AR1 alpha + Enhanced + One-Step,NYSE:ORA,2.8539893258506667e-07
2021-12-28,17,AR1 alpha + Enhanced + One-Step,NYSE:ORA,2.4783892048507086e-07
2021-12-29,17,AR1 alpha + Enhanced + One-Step,NYSE:ORA,5.907163104131843e-07
2021-12-30,17,AR1 alpha + Enhanced + One-Step,NYSE:ORA,0.0
2021-12-31,17,AR1 alpha + Enhanced + One-Step,NYSE:ORA,0.0
2022-01-03,17,AR1 alpha + Enhanced + One-Step,NYSE:ORA,1.5144377891106057e-07
2022-01-04,17,AR1 alpha + Enhanced + One-Step,NYSE:ORA,1.5979168666521153e-07
2022-01-05,17,AR1 alpha + Enhanced + One-Step,NYSE:ORA,9.382304241066993e-08
2022-01-06,17,AR1 alpha + Enhanced + One-Step,NYSE:ORA,9.184905764910815e-08
2022-01-07,17,AR1 alpha + Enhanced + One-Step,NYSE:ORA,1.3648841350496448e-07
2022-01-10,17,AR1 alpha + Enhanced + One-Step,NYSE:ORA,9.880288518948228e-08
2022-01-11,17,AR1 alpha + Enhanced + One-Step,NYSE:ORA,3.7223500090657906e-08
2022-01-12,17,AR1 alpha + Enhanced + One-Step,NYSE:ORA,0.0
2022-01-13,17,AR1 alpha + Enhanced + One-Step,NYSE:ORA,0.0
2022-01-14,17,AR1 alpha + Enhanced + One-Step,NYSE:ORA,0.0
2022-01-18,17,AR1 alpha + Enhanced + One-Step,NYSE:ORA,1.3526346569094982e-07
2022-01-19,17,AR1 alpha + Enhanced + One-Step,NYSE:ORA,0.0
2022-01-20,17,AR1 alpha + Enhanced + One-Step,NYSE:ORA,4.670497617902773e-08
2022-01-21,17,AR1 alpha + Enhanced + One-Step,NYSE:ORA,0.0
2022-01-24,17,AR1 alpha + Enhanced + One-Step,NYSE:ORA,0.0
2022-01-25,17,AR1 alpha + Enhanced + One-Step,NYSE:ORA,8.071217693839027e-08
2022-01-26,17,AR1 alpha + Enhanced + One-Step,NYSE:ORA,1.0655700240491154e-07
2022-01-27,17,AR1 alpha + Enhanced + One-Step,NYSE:ORA,1.3260743914162765e-08
2022-01-28,17,AR1 alpha + Enhanced + One-Step,NYSE:ORA,0.0
2022-01-31,17,AR1 alpha + Enhanced + One-Step,NYSE:ORA,4.2490191530034964e-07
2022-02-01,17,AR1 alpha + Enhanced + One-Step,NYSE:ORA,2.898280474201199e-07
2022-02-02,17,AR1 alpha + Enhanced + One-Step,NYSE:ORA,1.8710140882773238e-07
2022-02-03,17,AR1 alpha + Enhanced + One-Step,NYSE:ORA,1.5207361391276349e-07
2022-02-04,17,AR1 alpha + Enhanced + One-Step,NYSE:ORA,1.2160303376639286e-07
2022-02-07,17,AR1 alpha + Enhanced + One-Step,NYSE:ORA,0.0
2022-02-08,17,AR1 alpha + Enhanced + One-Step,NYSE:ORA,3.8489014706199035e-08
2022-02-09,17,AR1 alpha + Enhanced + One-Step,NYSE:ORA,3.788518612528959e-08
2022-02-10,17,AR1 alpha + Enhanced + One-Step,NYSE:ORA,5.980365351304909e-09
2022-02-11,17,AR1 alpha + Enhanced + One-Step,NYSE:ORA,4.049776660228209e-07
2022-02-14,17,AR1 alpha + Enhanced + One-Step,NYSE:ORA,0.0
2022-02-15,17,AR1 alpha + Enhanced + One-Step,NYSE:ORA,3.868826816278174e-09
2022-02-16,17,AR1 alpha + Enhanced + One-Step,NYSE:ORA,0.0
2022-02-17,17,AR1 alpha + Enhanced + One-Step,NYSE:ORA,0.0
2022-02-18,17,AR1 alpha + Enhanced + One-Step,NYSE:ORA,1.6412121779263172e-08
2022-02-22,17,AR1 alpha + Enhanced + One-Step,NYSE:ORA,0.0
2022-02-23,17,AR1 alpha + Enhanced + One-Step,NYSE:ORA,0.0
2022-02-24,17,AR1 alpha + Enhanced + One-Step,NYSE:ORA,0.0
2022-02-25,17,AR1 alpha + Enhanced + One-Step,NYSE:ORA,4.2083886522996045e-08
2022-02-28,17,AR1 alpha + Enhanced + One-Step,NYSE:ORA,4.196907601489066e-08
2022-03-01,17,AR1 alpha + Enhanced + One-Step,NYSE:ORA,1.2409797557080051e-07
2022-03-02,17,AR1 alpha + Enhanced + One-Step,NYSE:ORA,0.0
2022-03-03,17,AR1 alpha + Enhanced + One-Step,NYSE:ORA,0.0
2022-03-04,17,AR1 alpha + Enhanced + One-Step,NYSE:ORA,0.0
2022-03-07,17,AR1 alpha + Enhanced + One-Step,NYSE:ORA,2.0328706687626146e-06
2022-03-08,17,AR1 alpha + Enhanced + One-Step,NYSE:ORA,1.3784985143734057e-06
2022-03-09,17,AR1 alpha + Enhanced + One-Step,NYSE:ORA,0.0
2022-03-10,17,AR1 alpha + Enhanced + One-Step,NYSE:ORA,5.213466201361526e-08
2022-03-11,17,AR1 alpha + Enhanced + One-Step,NYSE:ORA,0.0
2022-03-14,17,AR1 alpha + Enhanced + One-Step,NYSE:ORA,0.0
2022-03-15,17,AR1 alpha + Enhanced + One-Step,NYSE:ORA,0.0
2022-03-16,17,AR1 alpha + Enhanced + One-Step,NYSE:ORA,0.0
2022-03-17,17,AR1 alpha + Enhanced + One-Step,NYSE:ORA,8.637302656519908e-08
2022-03-18,17,AR1 alpha + Enhanced + One-Step,NYSE:ORA,2.1988057128530877e-08
2022-03-21,17,AR1 alpha + Enhanced + One-Step,NYSE:ORA,1.6394621829622037e-07
2022-03-22,17,AR1 alpha + Enhanced + One-Step,NYSE:ORA,1.125575846734375e-07
2022-03-23,17,AR1 alpha + Enhanced + One-Step,NYSE:ORA,5.2495469547900623e-08
2022-03-24,17,AR1 alpha + Enhanced + One-Step,NYSE:ORA,1.74536190150723e-07
2022-03-25,17,AR1 alpha + Enhanced + One-Step,NYSE:ORA,0.0
2022-03-28,17,AR1 alpha + Enhanced + One-Step,NYSE:ORA,5.796181971496391e-08
2022-03-29,17,AR1 alpha + Enhanced + One-Step,NYSE:ORA,0.0
2022-03-30,17,AR1 alpha + Enhanced + One-Step,NYSE:ORA,1.675975036273062e-08
2022-03-31,17,AR1 alpha + Enhanced + One-Step,NYSE:ORA,0.0
2022-04-01,17,AR1 alpha + Enhanced + One-Step,NYSE:ORA,0.0
2022-04-04,17,AR1 alpha + Enhanced + One-Step,NYSE:ORA,0.0
2022-04-05,17,AR1 alpha + Enhanced + One-Step,NYSE:ORA,4.3687774642569406e-08
2022-04-06,17,AR1 alpha + Enhanced + One-Step,NYSE:ORA,0.0
2022-04-07,17,AR1 alpha + Enhanced + One-Step,NYSE:ORA,1.49384586282841e-08
2022-04-08,17,AR1 alpha + Enhanced + One-Step,NYSE:ORA,8.282965220469929e-08
2022-04-11,17,AR1 alpha + Enhanced + One-Step,NYSE:ORA,0.0
2022-04-12,17,AR1 alpha + Enhanced + One-Step,NYSE:ORA,0.0
2022-04-13,17,AR1 alpha + Enhanced + One-Step,NYSE:ORA,3.471597047863611e-08
2022-04-14,17,AR1 alpha + Enhanced + One-Step,NYSE:ORA,0.0
2022-04-18,17,AR1 alpha + Enhanced + One-Step,NYSE:ORA,0.0
2022-04-19,17,AR1 alpha + Enhanced + One-Step,NYSE:ORA,0.0
2022-04-20,17,AR1 alpha + Enhanced + One-Step,NYSE:ORA,0.0
2022-04-21,17,AR1 alpha + Enhanced + One-Step,NYSE:ORA,0.024941095002466957
2022-04-22,17,AR1 alpha + Enhanced + One-Step,NYSE:ORA,0.04997647255665954
2022-04-25,17,AR1 alpha + Enhanced + One-Step,NYSE:ORA,0.07499372357229292
2022-04-26,17,AR1 alpha + Enhanced + One-Step,NYSE:ORA,0.09999975913307989
2022-04-27,17,AR1 alpha + Enhanced + One-Step,NYSE:ORA,0.09999737916061831
2022-04-28,17,AR1 alpha + Enhanced + One-Step,NYSE:ORA,0.0999951779064888
2022-04-29,17,AR1 alpha + Enhanced + One-Step,NYSE:ORA,0.09999268890030129
2022-05-02,17,AR1 alpha + Enhanced + One-Step,NYSE:ORA,0.09998989016105511
2022-05-03,17,AR1 alpha + Enhanced + One-Step,NYSE:ORA,0.09999266039594724
2022-05-04,17,AR1 alpha + Enhanced + One-Step,NYSE:ORA,0.09999481671379383
2022-05-05,17,AR1 alpha + Enhanced + One-Step,NYSE:ORA,0.09999549426541533
2022-05-06,17,AR1 alpha + Enhanced + One-Step,NYSE:ORA,0.09999537958486102
2022-05-09,17,AR1 alpha + Enhanced + One-Step,NYSE:ORA,0.09999674897677159
2022-05-10,17,AR1 alpha + Enhanced + One-Step,NYSE:ORA,0.09999044230369719
2022-05-11,17,AR1 alpha + Enhanced + One-Step,NYSE:ORA,0.09999024446562367
2022-05-12,17,AR1 alpha + Enhanced + One-Step,NYSE:ORA,0.09998609183985235
2022-05-13,17,AR1 alpha + Enhanced + One-Step,NYSE:ORA,0.09998750761195516
2022-05-16,17,AR1 alpha + Enhanced + One-Step,NYSE:ORA,0.09998880389482981
2022-05-17,17,AR1 alpha + Enhanced + One-Step,NYSE:ORA,0.09998876754242846
2022-05-18,17,AR1 alpha + Enhanced + One-Step,NYSE:ORA,0.08926050764049517
2022-05-19,17,AR1 alpha + Enhanced + One-Step,NYSE:ORA,0.08560316841781165
2022-05-20,17,AR1 alpha + Enhanced + One-Step,NYSE:ORA,0.0856031391786957
2022-05-23,17,AR1 alpha + Enhanced + One-Step,NYSE:ORA,0.08560274611973145
2022-05-24,17,AR1 alpha + Enhanced + One-Step,NYSE:ORA,0.08560023560203482
2022-05-25,17,AR1 alpha + Enhanced + One-Step,NYSE:ORA,0.08559750390473281
2022-05-26,17,AR1 alpha + Enhanced + One-Step,NYSE:ORA,0.07018902262413723
2022-05-27,17,AR1 alpha + Enhanced + One-Step,NYSE:ORA,0.06361639375148179
2022-05-31,17,AR1 alpha + Enhanced + One-Step,NYSE:ORA,0.06361574930099076
2022-06-01,17,AR1 alpha + Enhanced + One-Step,NYSE:ORA,0.06361601741305907
2022-06-02,17,AR1 alpha + Enhanced + One-Step,NYSE:ORA,0.06853152569507043
2022-06-03,17,AR1 alpha + Enhanced + One-Step,NYSE:ORA,0.08934399179735066
2022-06-06,17,AR1 alpha + Enhanced + One-Step,NYSE:ORA,0.09178772824931111
2022-06-07,17,AR1 alpha + Enhanced + One-Step,NYSE:ORA,0.09999805788823088
2022-06-08,17,AR1 alpha + Enhanced + One-Step,NYSE:ORA,0.09999832792128714
2022-06-09,17,AR1 alpha + Enhanced + One-Step,NYSE:ORA,0.09999722814565236
2022-06-10,17,AR1 alpha + Enhanced + One-Step,NYSE:ORA,0.09999613557817746
2022-06-13,17,AR1 alpha + Enhanced + One-Step,NYSE:ORA,0.09999680342522338
2022-06-14,17,AR1 alpha + Enhanced + One-Step,NYSE:ORA,0.09999847792648034
2022-06-15,17,AR1 alpha + Enhanced + One-Step,NYSE:ORA,0.09999694394836553
2022-06-16,17,AR1 alpha + Enhanced + One-Step,NYSE:ORA,0.09999606056993555
2022-06-17,17,AR1 alpha + Enhanced + One-Step,NYSE:ORA,0.09999669052516005
2022-06-21,17,AR1 alpha + Enhanced + One-Step,NYSE:ORA,0.09999779687770029
2022-06-22,17,AR1 alpha + Enhanced + One-Step,NYSE:ORA,0.09999885637675265
2022-06-23,17,AR1 alpha + Enhanced + One-Step,NYSE:ORA,0.09999914407818367
2022-06-24,17,AR1 alpha + Enhanced + One-Step,NYSE:ORA,0.09999932432858476
2022-06-27,17,AR1 alpha + Enhanced + One-Step,NYSE:ORA,0.09999972555817122
2022-06-28,17,AR1 alpha + Enhanced + One-Step,NYSE:ORA,0.09999980420841002
2022-06-29,17,AR1 alpha + Enhanced + One-Step,NYSE:ORA,0.09800346525144592
2022-06-30,17,AR1 alpha + Enhanced + One-Step,NYSE:ORA,0.0798064999616614
2022-07-01,17,AR1 alpha + Enhanced + One-Step,NYSE:ORA,0.06413947662609333
2022-07-05,17,AR1 alpha + Enhanced + One-Step,NYSE:ORA,0.06413944415351089
2022-07-06,17,AR1 alpha + Enhanced + One-Step,NYSE:ORA,0.06542566518043168
2022-07-07,17,AR1 alpha + Enhanced + One-Step,NYSE:ORA,0.0654248399358587
2022-07-08,17,AR1 alpha + Enhanced + One-Step,NYSE:ORA,0.06542477128466989
2022-07-11,17,AR1 alpha + Enhanced + One-Step,NYSE:ORA,0.0788875631449324
2022-07-12,17,AR1 alpha + Enhanced + One-Step,NYSE:ORA,0.08974408244862342
2022-07-13,17,AR1 alpha + Enhanced + One-Step,NYSE:ORA,0.08974370537327184
2022-07-14,17,AR1 alpha + Enhanced + One-Step,NYSE:ORA,0.08974370427851588
2022-07-15,17,AR1 alpha + Enhanced + One-Step,NYSE:ORA,0.08974372128628225
2022-07-18,17,AR1 alpha + Enhanced + One-Step,NYSE:ORA,0.08974342524221286
2022-07-19,17,AR1 alpha + Enhanced + One-Step,NYSE:ORA,0.08974319215830023
2022-07-20,17,AR1 alpha + Enhanced + One-Step,NYSE:ORA,0.09999998349565882
2022-07-21,17,AR1 alpha + Enhanced + One-Step,NYSE:ORA,0.09999992190275087
2022-07-22,17,AR1 alpha + Enhanced + One-Step,NYSE:ORA,0.09999978553309384
2022-07-25,17,AR1 alpha + Enhanced + One-Step,NYSE:ORA,0.10000013992373358
2022-07-26,17,AR1 alpha + Enhanced + One-Step,NYSE:ORA,0.10000000648843867
2022-07-27,17,AR1 alpha + Enhanced + One-Step,NYSE:ORA,0.10000000484237123
2022-07-28,17,AR1 alpha + Enhanced + One-Step,NYSE:ORA,0.1000000195879763
2022-07-29,17,AR1 alpha + Enhanced + One-Step,NYSE:ORA,0.09999361604669296
2022-08-01,17,AR1 alpha + Enhanced + One-Step,NYSE:ORA,0.09626170626677977
2022-08-02,17,AR1 alpha + Enhanced + One-Step,NYSE:ORA,0.09260074407145043
2022-08-03,17,AR1 alpha + Enhanced + One-Step,NYSE:ORA,0.09260072054577864
2022-08-04,17,AR1 alpha + Enhanced + One-Step,NYSE:ORA,0.09260073835258607
2022-08-05,17,AR1 alpha + Enhanced + One-Step,NYSE:ORA,0.09259579430442667
2022-08-08,17,AR1 alpha + Enhanced + One-Step,NYSE:ORA,0.09259131961996535
2022-08-09,17,AR1 alpha + Enhanced + One-Step,NYSE:ORA,0.09259204433101594
2022-08-10,17,AR1 alpha + Enhanced + One-Step,NYSE:ORA,0.09546815846637627
2022-08-11,17,AR1 alpha + Enhanced + One-Step,NYSE:ORA,0.09546719392684369
2022-08-12,17,AR1 alpha + Enhanced + One-Step,NYSE:ORA,0.09546719952799315
2022-08-15,17,AR1 alpha + Enhanced + One-Step,NYSE:ORA,0.09546715703979701
2022-08-16,17,AR1 alpha + Enhanced + One-Step,NYSE:ORA,0.09546721426729282
2022-08-17,17,AR1 alpha + Enhanced + One-Step,NYSE:ORA,0.09632932385046201
2022-08-18,17,AR1 alpha + Enhanced + One-Step,NYSE:ORA,0.09999747772151246
2022-08-19,17,AR1 alpha + Enhanced + One-Step,NYSE:ORA,0.09999531469113258
2022-08-22,17,AR1 alpha + Enhanced + One-Step,NYSE:ORA,0.09999766090992163
2022-08-23,17,AR1 alpha + Enhanced + One-Step,NYSE:ORA,0.09999707247628387
2022-08-24,17,AR1 alpha + Enhanced + One-Step,NYSE:ORA,0.09999784828455567
2022-08-25,17,AR1 alpha + Enhanced + One-Step,NYSE:ORA,0.09999117298239693
2022-08-26,17,AR1 alpha + Enhanced + One-Step,NYSE:ORA,0.09999307518273198
2022-08-29,17,AR1 alpha + Enhanced + One-Step,NYSE:ORA,0.09999539726530887
2022-08-30,17,AR1 alpha + Enhanced + One-Step,NYSE:ORA,0.09999656719529182
2022-08-31,17,AR1 alpha + Enhanced + One-Step,NYSE:ORA,0.0999974608282843
2022-09-01,17,AR1 alpha + Enhanced + One-Step,NYSE:ORA,0.099998350542952
2022-09-02,17,AR1 alpha + Enhanced + One-Step,NYSE:ORA,0.09999886472345546
2022-09-06,17,AR1 alpha + Enhanced + One-Step,NYSE:ORA,0.09999916849901667
2022-09-07,17,AR1 alpha + Enhanced + One-Step,NYSE:ORA,0.09999943100727832
2022-09-08,17,AR1 alpha + Enhanced + One-Step,NYSE:ORA,0.09999970682149693
2022-09-09,17,AR1 alpha + Enhanced + One-Step,NYSE:ORA,0.09999844102103775
2022-09-12,17,AR1 alpha + Enhanced + One-Step,NYSE:ORA,0.09999815334440107
2022-09-13,17,AR1 alpha + Enhanced + One-Step,NYSE:ORA,0.09999876029263881
2022-09-14,17,AR1 alpha + Enhanced + One-Step,NYSE:ORA,0.09999766496668669
2022-09-15,17,AR1 alpha + Enhanced + One-Step,NYSE:ORA,0.0999987897588043
2022-09-16,17,AR1 alpha + Enhanced + One-Step,NYSE:ORA,0.09999923017881747
2022-09-19,17,AR1 alpha + Enhanced + One-Step,NYSE:ORA,0.09999840317256023
2022-09-20,17,AR1 alpha + Enhanced + One-Step,NYSE:ORA,0.09999931293654207
2022-09-21,17,AR1 alpha + Enhanced + One-Step,NYSE:ORA,0.0999994105994837
2022-09-22,17,AR1 alpha + Enhanced + One-Step,NYSE:ORA,0.09999958350465792
2022-09-23,17,AR1 alpha + Enhanced + One-Step,NYSE:ORA,0.09999646931055321
2022-09-26,17,AR1 alpha + Enhanced + One-Step,NYSE:ORA,0.09999754271188922
2022-09-27,17,AR1 alpha + Enhanced + One-Step,NYSE:ORA,0.09999824802357318
2022-09-28,17,AR1 alpha + Enhanced + One-Step,NYSE:ORA,0.09999844079843194
2022-09-29,17,AR1 alpha + Enhanced + One-Step,NYSE:ORA,0.09999924711391864
2022-09-30,17,AR1 alpha + Enhanced + One-Step,NYSE:ORA,0.09999941030435378
2022-10-03,17,AR1 alpha + Enhanced + One-Step,NYSE:ORA,0.09999961290716741
2022-10-04,17,AR1 alpha + Enhanced + One-Step,NYSE:ORA,0.0999996155434776
2022-10-05,17,AR1 alpha + Enhanced + One-Step,NYSE:ORA,0.0999929006151525
2022-10-06,17,AR1 alpha + Enhanced + One-Step,NYSE:ORA,0.09999299058910943
2022-10-07,17,AR1 alpha + Enhanced + One-Step,NYSE:ORA,0.09999533674486302
2022-10-10,17,AR1 alpha + Enhanced + One-Step,NYSE:ORA,0.09999512937659362
2022-10-11,17,AR1 alpha + Enhanced + One-Step,NYSE:ORA,0.09999214365777243
2022-10-12,17,AR1 alpha + Enhanced + One-Step,NYSE:ORA,0.09999374756915931
2022-10-13,17,AR1 alpha + Enhanced + One-Step,NYSE:ORA,0.09999631654434026
2022-10-14,17,AR1 alpha + Enhanced + One-Step,NYSE:ORA,0.09999756782100593
2022-10-17,17,AR1 alpha + Enhanced + One-Step,NYSE:ORA,0.09999822320241293
2022-10-18,17,AR1 alpha + Enhanced + One-Step,NYSE:ORA,0.09999878084400665
2022-10-19,17,AR1 alpha + Enhanced + One-Step,NYSE:ORA,0.09999917376531071
2022-10-20,17,AR1 alpha + Enhanced + One-Step,NYSE:ORA,0.0999984568994476
2022-10-21,17,AR1 alpha + Enhanced + One-Step,NYSE:ORA,0.09999899273207592
2022-10-24,17,AR1 alpha + Enhanced + One-Step,NYSE:ORA,0.09999705181666506
2022-10-25,17,AR1 alpha + Enhanced + One-Step,NYSE:ORA,0.09999802102523643
2022-10-26,17,AR1 alpha + Enhanced + One-Step,NYSE:ORA,0.099998663366654
2022-10-27,17,AR1 alpha + Enhanced + One-Step,NYSE:ORA,0.09999514423619772
2022-10-28,17,AR1 alpha + Enhanced + One-Step,NYSE:ORA,0.09999652179847711
2022-10-31,17,AR1 alpha + Enhanced + One-Step,NYSE:ORA,0.09999653261802052
2022-11-01,17,AR1 alpha + Enhanced + One-Step,NYSE:ORA,0.09999511386564373
2022-11-02,17,AR1 alpha + Enhanced + One-Step,NYSE:ORA,0.09999671179093991
2022-11-03,17,AR1 alpha + Enhanced + One-Step,NYSE:ORA,0.0999993740742013
2022-11-04,17,AR1 alpha + Enhanced + One-Step,NYSE:ORA,0.09999913347933907
2022-11-07,17,AR1 alpha + Enhanced + One-Step,NYSE:ORA,0.09999584857895895
2022-11-08,17,AR1 alpha + Enhanced + One-Step,NYSE:ORA,0.09895717220676643
2022-11-09,17,AR1 alpha + Enhanced + One-Step,NYSE:ORA,0.09895651996411335
2022-11-10,17,AR1 alpha + Enhanced + One-Step,NYSE:ORA,0.09895652690431223
2022-11-11,17,AR1 alpha + Enhanced + One-Step,NYSE:ORA,0.098955876762131
2022-11-14,17,AR1 alpha + Enhanced + One-Step,NYSE:ORA,0.09895551518605465
2022-11-15,17,AR1 alpha + Enhanced + One-Step,NYSE:ORA,0.09895554107551192
2022-11-16,17,AR1 alpha + Enhanced + One-Step,NYSE:ORA,0.09895554630901349
2022-11-17,17,AR1 alpha + Enhanced + One-Step,NYSE:ORA,0.09999842004334075
2022-11-18,17,AR1 alpha + Enhanced + One-Step,NYSE:ORA,0.09999898756377469
2022-11-21,17,AR1 alpha + Enhanced + One-Step,NYSE:ORA,0.09999866375184852
2022-11-22,17,AR1 alpha + Enhanced + One-Step,NYSE:ORA,0.09999628263185811
2022-11-23,17,AR1 alpha + Enhanced + One-Step,NYSE:ORA,0.09999852425461865
2022-11-25,17,AR1 alpha + Enhanced + One-Step,NYSE:ORA,0.09987763974914307
2022-11-28,17,AR1 alpha + Enhanced + One-Step,NYSE:ORA,0.0998777287478918
2022-11-29,17,AR1 alpha + Enhanced + One-Step,NYSE:ORA,0.09122013324857545
2022-11-30,17,AR1 alpha + Enhanced + One-Step,NYSE:ORA,0.0912201336615102
2022-12-01,17,AR1 alpha + Enhanced + One-Step,NYSE:ORA,0.09121965436322742
2022-12-02,17,AR1 alpha + Enhanced + One-Step,NYSE:ORA,0.08674064477200776
2022-12-05,17,AR1 alpha + Enhanced + One-Step,NYSE:ORA,0.08673712033861826
2022-12-06,17,AR1 alpha + Enhanced + One-Step,NYSE:ORA,0.08673360880240283
2022-12-07,17,AR1 alpha + Enhanced + One-Step,NYSE:ORA,0.08673108568420258
2022-12-08,17,AR1 alpha + Enhanced + One-Step,NYSE:ORA,0.08673102862951287
2022-12-09,17,AR1 alpha + Enhanced + One-Step,NYSE:ORA,0.0867265003571963
2022-12-12,17,AR1 alpha + Enhanced + One-Step,NYSE:ORA,0.08672388360788115
2022-12-13,17,AR1 alpha + Enhanced + One-Step,NYSE:ORA,0.08672047059314841
2022-12-14,17,AR1 alpha + Enhanced + One-Step,NYSE:ORA,0.0867149640608687
2022-12-15,17,AR1 alpha + Enhanced + One-Step,NYSE:ORA,0.08671024537588608
2022-12-16,17,AR1 alpha + Enhanced + One-Step,NYSE:ORA,0.08670585941835603
2022-12-19,17,AR1 alpha + Enhanced + One-Step,NYSE:ORA,0.08231745441722735
2022-12-20,17,AR1 alpha + Enhanced + One-Step,NYSE:ORA,0.0823159641680833
2022-12-21,17,AR1 alpha + Enhanced + One-Step,NYSE:ORA,0.08231601177713146
2022-12-22,17,AR1 alpha + Enhanced + One-Step,NYSE:ORA,0.07855201903838517
2022-12-23,17,AR1 alpha + Enhanced + One-Step,NYSE:ORA,0.07660026495039654
2022-12-27,17,AR1 alpha + Enhanced + One-Step,NYSE:ORA,0.07406817695724424
2022-12-28,17,AR1 alpha + Enhanced + One-Step,NYSE:ORA,0.07406815890477313
2022-12-29,17,AR1 alpha + Enhanced + One-Step,NYSE:ORA,0.07406767426885728
2022-12-30,17,AR1 alpha + Enhanced + One-Step,NYSE:ORA,0.07406767235318623
2023-01-03,17,AR1 alpha + Enhanced + One-Step,NYSE:ORA,0.07406768459574692
2023-01-04,17,AR1 alpha + Enhanced + One-Step,NYSE:ORA,0.07406761464599886
2023-01-05,17,AR1 alpha + Enhanced + One-Step,NYSE:ORA,0.07406836722961499
2023-01-06,17,AR1 alpha + Enhanced + One-Step,NYSE:ORA,0.07406833438268141
2023-01-09,17,AR1 alpha + Enhanced + One-Step,NYSE:ORA,0.07406494083393195
2023-01-10,17,AR1 alpha + Enhanced + One-Step,NYSE:ORA,0.0740642499578619
2023-01-11,17,AR1 alpha + Enhanced + One-Step,NYSE:ORA,0.07406135078116884
2023-01-12,17,AR1 alpha + Enhanced + One-Step,NYSE:ORA,0.07405845353878969
2023-01-13,17,AR1 alpha + Enhanced + One-Step,NYSE:ORA,0.07405430115511973
2023-01-17,17,AR1 alpha + Enhanced + One-Step,NYSE:ORA,0.07405355459750622
2023-01-18,17,AR1 alpha + Enhanced + One-Step,NYSE:ORA,0.059615016920288394
2023-01-19,17,AR1 alpha + Enhanced + One-Step,NYSE:ORA,0.05697234216089396
2023-01-20,17,AR1 alpha + Enhanced + One-Step,NYSE:ORA,0.055549205262545136
2023-01-23,17,AR1 alpha + Enhanced + One-Step,NYSE:ORA,0.04815505542655301
2023-01-24,17,AR1 alpha + Enhanced + One-Step,NYSE:ORA,0.046754285976176986
2023-01-25,17,AR1 alpha + Enhanced + One-Step,NYSE:ORA,0.04675428683185161
2023-01-26,17,AR1 alpha + Enhanced + One-Step,NYSE:ORA,0.046754218266333566
2023-01-27,17,AR1 alpha + Enhanced + One-Step,NYSE:ORA,0.04675162967295272
2023-01-30,17,AR1 alpha + Enhanced + One-Step,NYSE:ORA,0.05026450265484799
2023-01-31,17,AR1 alpha + Enhanced + One-Step,NYSE:ORA,0.052125621737066495
2023-02-01,17,AR1 alpha + Enhanced + One-Step,NYSE:ORA,0.05212425811547278
2023-02-02,17,AR1 alpha + Enhanced + One-Step,NYSE:ORA,0.052125513364784694
2023-02-03,17,AR1 alpha + Enhanced + One-Step,NYSE:ORA,0.052898631465176545
2023-02-06,17,AR1 alpha + Enhanced + One-Step,NYSE:ORA,0.05601758241891574
2023-02-07,17,AR1 alpha + Enhanced + One-Step,NYSE:ORA,0.056021184256153704
2023-02-08,17,AR1 alpha + Enhanced + One-Step,NYSE:ORA,0.056021948440146074
2023-02-09,17,AR1 alpha + Enhanced + One-Step,NYSE:ORA,0.056021974380632354
2023-02-10,17,AR1 alpha + Enhanced + One-Step,NYSE:ORA,0.056020558911429166
2023-02-13,17,AR1 alpha + Enhanced + One-Step,NYSE:ORA,0.05602020224879518
2023-02-14,17,AR1 alpha + Enhanced + One-Step,NYSE:ORA,0.056018930888207016
2023-02-15,17,AR1 alpha + Enhanced + One-Step,NYSE:ORA,0.05601883351779037
2023-02-16,17,AR1 alpha + Enhanced + One-Step,NYSE:ORA,0.05601577486492329
2023-02-17,17,AR1 alpha + Enhanced + One-Step,NYSE:ORA,0.05664330462835471
2023-02-21,17,AR1 alpha + Enhanced + One-Step,NYSE:ORA,0.05664015787833274
2023-02-22,17,AR1 alpha + Enhanced + One-Step,NYSE:ORA,0.07377128086468075
2023-02-23,17,AR1 alpha + Enhanced + One-Step,NYSE:ORA,0.09876953289251775
2023-02-24,17,AR1 alpha + Enhanced + One-Step,NYSE:ORA,0.09999945353222302
2023-02-27,17,AR1 alpha + Enhanced + One-Step,NYSE:ORA,0.09999964398252964
2023-02-28,17,AR1 alpha + Enhanced + One-Step,NYSE:ORA,0.10000039782259348
2023-03-01,17,AR1 alpha + Enhanced + One-Step,NYSE:ORA,0.10000001112698025
2023-03-02,17,AR1 alpha + Enhanced + One-Step,NYSE:ORA,0.09999738617103558
2023-03-03,17,AR1 alpha + Enhanced + One-Step,NYSE:ORA,0.09999460327103643
2023-03-06,17,AR1 alpha + Enhanced + One-Step,NYSE:ORA,0.097613380096477
2023-03-07,17,AR1 alpha + Enhanced + One-Step,NYSE:ORA,0.09761028433280736
2023-03-08,17,AR1 alpha + Enhanced + One-Step,NYSE:ORA,0.09760797530527243
2023-03-09,17,AR1 alpha + Enhanced + One-Step,NYSE:ORA,0.09760640610703349
2023-03-10,17,AR1 alpha + Enhanced + One-Step,NYSE:ORA,0.09760606933480512
2023-03-13,17,AR1 alpha + Enhanced + One-Step,NYSE:ORA,0.08428022998844269
2023-03-14,17,AR1 alpha + Enhanced + One-Step,NYSE:ORA,0.07894582786012062
2023-03-15,17,AR1 alpha + Enhanced + One-Step,NYSE:ORA,0.09618690452184248
2023-03-16,17,AR1 alpha + Enhanced + One-Step,NYSE:ORA,0.09618691177977232
2023-03-17,17,AR1 alpha + Enhanced + One-Step,NYSE:ORA,0.10000010200594717
2023-03-20,17,AR1 alpha + Enhanced + One-Step,NYSE:ORA,0.09999848867768554
2023-03-21,17,AR1 alpha + Enhanced + One-Step,NYSE:ORA,0.09999829935059902
2023-03-22,17,AR1 alpha + Enhanced + One-Step,NYSE:ORA,0.09999598194580385
2023-03-23,17,AR1 alpha + Enhanced + One-Step,NYSE:ORA,0.09999205338121951
2023-03-24,17,AR1 alpha + Enhanced + One-Step,NYSE:ORA,0.09999400999413656
2023-03-27,17,AR1 alpha + Enhanced + One-Step,NYSE:ORA,0.09846041343366826
2023-03-28,17,AR1 alpha + Enhanced + One-Step,NYSE:ORA,0.09611555508631531
2023-03-29,17,AR1 alpha + Enhanced + One-Step,NYSE:ORA,0.09341683877321758
2023-03-30,17,AR1 alpha + Enhanced + One-Step,NYSE:ORA,0.0917250622924668
2023-03-31,17,AR1 alpha + Enhanced + One-Step,NYSE:ORA,0.09172508759648104
2023-04-03,17,AR1 alpha + Enhanced + One-Step,NYSE:ORA,0.09172421077397155
2023-04-04,17,AR1 alpha + Enhanced + One-Step,NYSE:ORA,0.09172297866966567
2023-04-05,17,AR1 alpha + Enhanced + One-Step,NYSE:ORA,0.0911714747616471
2023-04-06,17,AR1 alpha + Enhanced + One-Step,NYSE:ORA,0.091171439549699
2023-04-10,17,AR1 alpha + Enhanced + One-Step,NYSE:ORA,0.0911722995864226
2023-04-11,17,AR1 alpha + Enhanced + One-Step,NYSE:ORA,0.08215688459558936
2023-04-12,17,AR1 alpha + Enhanced + One-Step,NYSE:ORA,0.07660879189265064
2023-04-13,17,AR1 alpha + Enhanced + One-Step,NYSE:ORA,0.06758740594985038
2023-04-14,17,AR1 alpha + Enhanced + One-Step,NYSE:ORA,0.06542110861683452
2023-04-17,17,AR1 alpha + Enhanced + One-Step,NYSE:ORA,0.06542129652853984
2023-04-18,17,AR1 alpha + Enhanced + One-Step,NYSE:ORA,0.06767444911959708
2023-04-19,17,AR1 alpha + Enhanced + One-Step,NYSE:ORA,0.06767381753471706
2023-04-20,17,AR1 alpha + Enhanced + One-Step,NYSE:ORA,0.06125965869907705
2023-04-21,17,AR1 alpha + Enhanced + One-Step,NYSE:ORA,0.04291307148101586
2023-04-24,17,AR1 alpha + Enhanced + One-Step,NYSE:ORA,0.034318774810760205
2023-04-25,17,AR1 alpha + Enhanced + One-Step,NYSE:ORA,0.03431833293144604
2023-04-26,17,AR1 alpha + Enhanced + One-Step,NYSE:ORA,0.03822360149854318
2023-04-27,17,AR1 alpha + Enhanced + One-Step,NYSE:ORA,0.041179653104160434
2023-04-28,17,AR1 alpha + Enhanced + One-Step,NYSE:ORA,0.04572801668407594
2023-05-01,17,AR1 alpha + Enhanced + One-Step,NYSE:ORA,0.04923618638998903
2023-05-02,17,AR1 alpha + Enhanced + One-Step,NYSE:ORA,0.049236307328085774
2023-05-03,17,AR1 alpha + Enhanced + One-Step,NYSE:ORA,0.04923713302421757
2023-05-04,17,AR1 alpha + Enhanced + One-Step,NYSE:ORA,0.049237103861737325
2023-05-05,17,AR1 alpha + Enhanced + One-Step,NYSE:ORA,0.04923709890694923
2023-05-08,17,AR1 alpha + Enhanced + One-Step,NYSE:ORA,0.04923643694226015
2023-05-09,17,AR1 alpha + Enhanced + One-Step,NYSE:ORA,0.04923641502783693
2023-05-10,17,AR1 alpha + Enhanced + One-Step,NYSE:ORA,0.04923596632721428
2023-05-11,17,AR1 alpha + Enhanced + One-Step,NYSE:ORA,0.04923599710686293
2023-05-12,17,AR1 alpha + Enhanced + One-Step,NYSE:ORA,0.04923605806756615
2023-05-15,17,AR1 alpha + Enhanced + One-Step,NYSE:ORA,0.049235066350660314
2023-05-16,17,AR1 alpha + Enhanced + One-Step,NYSE:ORA,0.049235095862888545
2023-05-17,17,AR1 alpha + Enhanced + One-Step,NYSE:ORA,0.049234395922635364
2023-05-18,17,AR1 alpha + Enhanced + One-Step,NYSE:ORA,0.04923641028976208
2023-05-19,17,AR1 alpha + Enhanced + One-Step,NYSE:ORA,0.049236476435927504
2023-05-22,17,AR1 alpha + Enhanced + One-Step,NYSE:ORA,0.0492364277103165
2023-05-23,17,AR1 alpha + Enhanced + One-Step,NYSE:ORA,0.04923542552932262
2023-05-24,17,AR1 alpha + Enhanced + One-Step,NYSE:ORA,0.04923544934375863
2023-05-25,17,AR1 alpha + Enhanced + One-Step,NYSE:ORA,0.04923514761441685
2023-05-26,17,AR1 alpha + Enhanced + One-Step,NYSE:ORA,0.04923470027123473
2023-05-30,17,AR1 alpha + Enhanced + One-Step,NYSE:ORA,0.04648018153405227
2023-05-31,17,AR1 alpha + Enhanced + One-Step,NYSE:ORA,0.046479759058821964
2023-06-01,17,AR1 alpha + Enhanced + One-Step,NYSE:ORA,0.050806254403386895
2023-06-02,17,AR1 alpha + Enhanced + One-Step,NYSE:ORA,0.05080545180254797
2023-06-05,17,AR1 alpha + Enhanced + One-Step,NYSE:ORA,0.05080400829263542
2023-06-06,17,AR1 alpha + Enhanced + One-Step,NYSE:ORA,0.05080607970381259
2023-06-07,17,AR1 alpha + Enhanced + One-Step,NYSE:ORA,0.05080586240120647
2023-06-08,17,AR1 alpha + Enhanced + One-Step,NYSE:ORA,0.05080554880448028
2023-06-09,17,AR1 alpha + Enhanced + One-Step,NYSE:ORA,0.05927921511412621
2023-06-12,17,AR1 alpha + Enhanced + One-Step,NYSE:ORA,0.0724741880815772
2023-06-13,17,AR1 alpha + Enhanced + One-Step,NYSE:ORA,0.07310495383290035
2023-06-14,17,AR1 alpha + Enhanced + One-Step,NYSE:ORA,0.07310378315430648
2023-06-15,17,AR1 alpha + Enhanced + One-Step,NYSE:ORA,0.050760332757775015
2023-06-16,17,AR1 alpha + Enhanced + One-Step,NYSE:ORA,0.05075955341973869
2023-06-20,17,AR1 alpha + Enhanced + One-Step,NYSE:ORA,0.05075815121056132
2023-06-21,17,AR1 alpha + Enhanced + One-Step,NYSE:ORA,0.05075776144016622
2023-06-22,17,AR1 alpha + Enhanced + One-Step,NYSE:ORA,0.05075727088628808
2023-06-23,17,AR1 alpha + Enhanced + One-Step,NYSE:ORA,0.05767247724866254
2023-06-26,17,AR1 alpha + Enhanced + One-Step,NYSE:ORA,0.08261431258790411
2023-06-27,17,AR1 alpha + Enhanced + One-Step,NYSE:ORA,0.09951722580235653
2023-06-28,17,AR1 alpha + Enhanced + One-Step,NYSE:ORA,0.099993436259701
2023-06-29,17,AR1 alpha + Enhanced + One-Step,NYSE:ORA,0.09999181675930606
2023-06-30,17,AR1 alpha + Enhanced + One-Step,NYSE:ORA,0.09937255295515335
2023-07-03,17,AR1 alpha + Enhanced + One-Step,NYSE:ORA,0.09936835453496669
2023-07-05,17,AR1 alpha + Enhanced + One-Step,NYSE:ORA,0.07577728318857337
2023-07-06,17,AR1 alpha + Enhanced + One-Step,NYSE:ORA,0.0757774333928566
2023-07-07,17,AR1 alpha + Enhanced + One-Step,NYSE:ORA,0.07577616232564953
2023-07-10,17,AR1 alpha + Enhanced + One-Step,NYSE:ORA,0.06357380568141369
2023-07-11,17,AR1 alpha + Enhanced + One-Step,NYSE:ORA,0.03864673094632391
2023-07-12,17,AR1 alpha + Enhanced + One-Step,NYSE:ORA,0.038646873465341285
2023-07-13,17,AR1 alpha + Enhanced + One-Step,NYSE:ORA,0.02217120198940402
2023-07-14,17,AR1 alpha + Enhanced + One-Step,NYSE:ORA,0.01066900729469589
2023-07-17,17,AR1 alpha + Enhanced + One-Step,NYSE:ORA,0.004298782246584593
2023-07-18,17,AR1 alpha + Enhanced + One-Step,NYSE:ORA,0.004299350725736431
2023-07-19,17,AR1 alpha + Enhanced + One-Step,NYSE:ORA,0.0042985726522198975
2023-07-20,17,AR1 alpha + Enhanced + One-Step,NYSE:ORA,0.004298315696074496
2023-07-21,17,AR1 alpha + Enhanced + One-Step,NYSE:ORA,0.0
2023-07-24,17,AR1 alpha + Enhanced + One-Step,NYSE:ORA,0.0
2023-07-25,17,AR1 alpha + Enhanced + One-Step,NYSE:ORA,4.983597677271133e-08
2023-07-26,17,AR1 alpha + Enhanced + One-Step,NYSE:ORA,0.0
2023-07-27,17,AR1 alpha + Enhanced + One-Step,NYSE:ORA,0.0
2023-08-01,17,AR1 alpha + Enhanced + One-Step,NYSE:ORA,0.0
2023-08-02,17,AR1 alpha + Enhanced + One-Step,NYSE:ORA,0.0
2023-08-03,17,AR1 alpha + Enhanced + One-Step,NYSE:ORA,2.3045418034668767e-07
2023-08-04,17,AR1 alpha + Enhanced + One-Step,NYSE:ORA,2.012516930863992e-06
2023-08-07,17,AR1 alpha + Enhanced + One-Step,NYSE:ORA,1.1634985823718882e-06
2023-08-08,17,AR1 alpha + Enhanced + One-Step,NYSE:ORA,4.126612108485696e-07
2023-08-09,17,AR1 alpha + Enhanced + One-Step,NYSE:ORA,0.0
2023-08-10,17,AR1 alpha + Enhanced + One-Step,NYSE:ORA,0.0
2023-08-11,17,AR1 alpha + Enhanced + One-Step,NYSE:ORA,0.0
2023-08-14,17,AR1 alpha + Enhanced + One-Step,NYSE:ORA,0.0
2023-08-15,17,AR1 alpha + Enhanced + One-Step,NYSE:ORA,0.0
2023-08-16,17,AR1 alpha + Enhanced + One-Step,NYSE:ORA,0.0
2023-08-17,17,AR1 alpha + Enhanced + One-Step,NYSE:ORA,0.0
2023-08-18,17,AR1 alpha + Enhanced + One-Step,NYSE:ORA,0.0
2023-08-21,17,AR1 alpha + Enhanced + One-Step,NYSE:ORA,0.0
2023-08-22,17,AR1 alpha + Enhanced + One-Step,NYSE:ORA,0.0
2023-08-23,17,AR1 alpha + Enhanced + One-Step,NYSE:ORA,0.0
2023-08-24,17,AR1 alpha + Enhanced + One-Step,NYSE:ORA,0.0
2023-08-25,17,AR1 alpha + Enhanced + One-Step,NYSE:ORA,0.0
2023-08-28,17,AR1 alpha + Enhanced + One-Step,NYSE:ORA,0.0
2023-08-29,17,AR1 alpha + Enhanced + One-Step,NYSE:ORA,0.0
2023-08-30,17,AR1 alpha + Enhanced + One-Step,NYSE:ORA,0.0
2023-08-31,17,AR1 alpha + Enhanced + One-Step,NYSE:ORA,0.0
2023-09-01,17,AR1 alpha + Enhanced + One-Step,NYSE:ORA,0.0
2023-09-05,17,AR1 alpha + Enhanced + One-Step,NYSE:ORA,0.0
2023-09-06,17,AR1 alpha + Enhanced + One-Step,NYSE:ORA,0.0
2023-09-07,17,AR1 alpha + Enhanced + One-Step,NYSE:ORA,2.339104333884078e-08
2023-09-08,17,AR1 alpha + Enhanced + One-Step,NYSE:ORA,0.0
2023-09-11,17,AR1 alpha + Enhanced + One-Step,NYSE:ORA,7.944183585746832e-08
2023-09-12,17,AR1 alpha + Enhanced + One-Step,NYSE:ORA,1.8139344767847368e-07
2023-09-13,17,AR1 alpha + Enhanced + One-Step,NYSE:ORA,0.0
2023-09-14,17,AR1 alpha + Enhanced + One-Step,NYSE:ORA,4.270467833244106e-08
2023-09-15,17,AR1 alpha + Enhanced + One-Step,NYSE:ORA,4.0768332238383e-07
2023-09-18,17,AR1 alpha + Enhanced + One-Step,NYSE:ORA,1.0148505909661814e-07
2023-09-19,17,AR1 alpha + Enhanced + One-Step,NYSE:ORA,9.12595322642973e-08
2023-09-20,17,AR1 alpha + Enhanced + One-Step,NYSE:ORA,6.085526340517351e-08
2023-09-21,17,AR1 alpha + Enhanced + One-Step,NYSE:ORA,1.0036771513562423e-07
2023-09-22,17,AR1 alpha + Enhanced + One-Step,NYSE:ORA,7.609452251560467e-08
2023-09-25,17,AR1 alpha + Enhanced + One-Step,NYSE:ORA,0.0
2023-09-26,17,AR1 alpha + Enhanced + One-Step,NYSE:ORA,0.0
2023-09-27,17,AR1 alpha + Enhanced + One-Step,NYSE:ORA,0.0
2023-09-28,17,AR1 alpha + Enhanced + One-Step,NYSE:ORA,0.0
2023-09-29,17,AR1 alpha + Enhanced + One-Step,NYSE:ORA,0.0
2023-10-02,17,AR1 alpha + Enhanced + One-Step,NYSE:ORA,0.0
2023-10-03,17,AR1 alpha + Enhanced + One-Step,NYSE:ORA,0.0
2023-10-04,17,AR1 alpha + Enhanced + One-Step,NYSE:ORA,0.0
2023-10-05,17,AR1 alpha + Enhanced + One-Step,NYSE:ORA,0.0
2023-10-06,17,AR1 alpha + Enhanced + One-Step,NYSE:ORA,0.0
2023-10-09,17,AR1 alpha + Enhanced + One-Step,NYSE:ORA,0.0
2023-10-10,17,AR1 alpha + Enhanced + One-Step,NYSE:ORA,0.0
2023-10-11,17,AR1 alpha + Enhanced + One-Step,NYSE:ORA,0.0
2023-10-12,17,AR1 alpha + Enhanced + One-Step,NYSE:ORA,3.026618537057244e-09
2023-10-13,17,AR1 alpha + Enhanced + One-Step,NYSE:ORA,1.3600364650468154e-09
2023-10-16,17,AR1 alpha + Enhanced + One-Step,NYSE:ORA,1.323655667232497e-08
2023-10-17,17,AR1 alpha + Enhanced + One-Step,NYSE:ORA,0.0
2023-10-18,17,AR1 alpha + Enhanced + One-Step,NYSE:ORA,1.3528244964091388e-07
2023-10-19,17,AR1 alpha + Enhanced + One-Step,NYSE:ORA,6.459898541184267e-08
2023-10-20,17,AR1 alpha + Enhanced + One-Step,NYSE:ORA,8.148809160825527e-08
2023-10-23,17,AR1 alpha + Enhanced + One-Step,NYSE:ORA,0.0
2023-10-24,17,AR1 alpha + Enhanced + One-Step,NYSE:ORA,1.056844481837778e-08
2023-10-25,17,AR1 alpha + Enhanced + One-Step,NYSE:ORA,0.0
2023-10-26,17,AR1 alpha + Enhanced + One-Step,NYSE:ORA,0.0
2023-10-27,17,AR1 alpha + Enhanced + One-Step,NYSE:ORA,0.0
2023-10-30,17,AR1 alpha + Enhanced + One-Step,NYSE:ORA,3.2596858244505953e-07
2023-10-31,17,AR1 alpha + Enhanced + One-Step,NYSE:ORA,3.811396782363577e-07
2023-11-01,17,AR1 alpha + Enhanced + One-Step,NYSE:ORA,0.0
2023-11-02,17,AR1 alpha + Enhanced + One-Step,NYSE:ORA,1.2668777949494818e-06
2023-11-03,17,AR1 alpha + Enhanced + One-Step,NYSE:ORA,8.629831227829536e-07
2023-11-06,17,AR1 alpha + Enhanced + One-Step,NYSE:ORA,6.573637763409303e-07
2023-11-07,17,AR1 alpha + Enhanced + One-Step,NYSE:ORA,0.0
2023-11-08,17,AR1 alpha + Enhanced + One-Step,NYSE:ORA,0.0
2023-11-09,17,AR1 alpha + Enhanced + One-Step,NYSE:ORA,0.0
2023-11-10,17,AR1 alpha + Enhanced + One-Step,NYSE:ORA,0.0
2023-11-13,17,AR1 alpha + Enhanced + One-Step,NYSE:ORA,0.0
2023-11-14,17,AR1 alpha + Enhanced + One-Step,NYSE:ORA,1.4588012167783884e-06
2023-11-15,17,AR1 alpha + Enhanced + One-Step,NYSE:ORA,1.0141467257102053e-06
2023-11-16,17,AR1 alpha + Enhanced + One-Step,NYSE:ORA,0.0
2023-11-17,17,AR1 alpha + Enhanced + One-Step,NYSE:ORA,0.0
2023-11-20,17,AR1 alpha + Enhanced + One-Step,NYSE:ORA,4.816765914153796e-08
2023-11-21,17,AR1 alpha + Enhanced + One-Step,NYSE:ORA,2.4718818643228088e-08
2023-11-22,17,AR1 alpha + Enhanced + One-Step,NYSE:ORA,0.0
2023-11-24,17,AR1 alpha + Enhanced + One-Step,NYSE:ORA,0.0
2023-11-27,17,AR1 alpha + Enhanced + One-Step,NYSE:ORA,5.686163316798087e-08
2023-11-28,17,AR1 alpha + Enhanced + One-Step,NYSE:ORA,8.205382402299771e-08
2023-11-29,17,AR1 alpha + Enhanced + One-Step,NYSE:ORA,0.0
2023-11-30,17,AR1 alpha + Enhanced + One-Step,NYSE:ORA,0.0
2023-12-01,17,AR1 alpha + Enhanced + One-Step,NYSE:ORA,0.0
2023-12-04,17,AR1 alpha + Enhanced + One-Step,NYSE:ORA,0.0
2023-12-05,17,AR1 alpha + Enhanced + One-Step,NYSE:ORA,0.0
2023-12-06,17,AR1 alpha + Enhanced + One-Step,NYSE:ORA,0.0
2023-12-07,17,AR1 alpha + Enhanced + One-Step,NYSE:ORA,0.0
2023-12-08,17,AR1 alpha + Enhanced + One-Step,NYSE:ORA,4.162633083778644e-08
2023-12-11,17,AR1 alpha + Enhanced + One-Step,NYSE:ORA,0.0
2023-12-12,17,AR1 alpha + Enhanced + One-Step,NYSE:ORA,0.0
2023-12-13,17,AR1 alpha + Enhanced + One-Step,NYSE:ORA,1.1862043390085628e-06
2023-12-14,17,AR1 alpha + Enhanced + One-Step,NYSE:ORA,6.195309414739282e-07
2023-12-15,17,AR1 alpha + Enhanced + One-Step,NYSE:ORA,0.0
2023-12-18,17,AR1 alpha + Enhanced + One-Step,NYSE:ORA,0.0
2023-12-19,17,AR1 alpha + Enhanced + One-Step,NYSE:ORA,0.0
2023-12-20,17,AR1 alpha + Enhanced + One-Step,NYSE:ORA,6.219049328602254e-07
2023-12-21,17,AR1 alpha + Enhanced + One-Step,NYSE:ORA,4.4167137796895024e-07
2023-12-22,17,AR1 alpha + Enhanced + One-Step,NYSE:ORA,3.2687100947572967e-07
2023-12-26,17,AR1 alpha + Enhanced + One-Step,NYSE:ORA,0.0
2023-12-27,17,AR1 alpha + Enhanced + One-Step,NYSE:ORA,0.0
2023-12-28,17,AR1 alpha + Enhanced + One-Step,NYSE:ORA,7.3152730791888876e-09
2023-12-29,17,AR1 alpha + Enhanced + One-Step,NYSE:ORA,2.6992024155018506e-07
2024-01-02,17,AR1 alpha + Enhanced + One-Step,NYSE:ORA,0.0
2024-01-03,17,AR1 alpha + Enhanced + One-Step,NYSE:ORA,0.0
2024-01-04,17,AR1 alpha + Enhanced + One-Step,NYSE:ORA,0.0
2024-01-05,17,AR1 alpha + Enhanced + One-Step,NYSE:ORA,1.14580046285906e-07
2024-01-08,17,AR1 alpha + Enhanced + One-Step,NYSE:ORA,3.9780041469521446e-07
2024-01-09,17,AR1 alpha + Enhanced + One-Step,NYSE:ORA,0.0
2024-01-10,17,AR1 alpha + Enhanced + One-Step,NYSE:ORA,0.0
2024-01-11,17,AR1 alpha + Enhanced + One-Step,NYSE:ORA,0.0
2024-01-12,17,AR1 alpha + Enhanced + One-Step,NYSE:ORA,5.082344959230335e-08
2024-01-16,17,AR1 alpha + Enhanced + One-Step,NYSE:ORA,2.200118868054446e-07
2024-01-17,17,AR1 alpha + Enhanced + One-Step,NYSE:ORA,3.649647622276148e-07
2024-01-18,17,AR1 alpha + Enhanced + One-Step,NYSE:ORA,0.0
2024-01-19,17,AR1 alpha + Enhanced + One-Step,NYSE:ORA,0.0
2024-01-22,17,AR1 alpha + Enhanced + One-Step,NYSE:ORA,0.0
2024-01-23,17,AR1 alpha + Enhanced + One-Step,NYSE:ORA,0.0
2024-01-24,17,AR1 alpha + Enhanced + One-Step,NYSE:ORA,0.0
2024-01-25,17,AR1 alpha + Enhanced + One-Step,NYSE:ORA,0.0
2024-01-26,17,AR1 alpha + Enhanced + One-Step,NYSE:ORA,0.0
2024-01-29,17,AR1 alpha + Enhanced + One-Step,NYSE:ORA,0.0
2024-01-30,17,AR1 alpha + Enhanced + One-Step,NYSE:ORA,0.0
2024-01-31,17,AR1 alpha + Enhanced + One-Step,NYSE:ORA,0.0
2024-02-01,17,AR1 alpha + Enhanced + One-Step,NYSE:ORA,0.0
2024-02-02,17,AR1 alpha + Enhanced + One-Step,NYSE:ORA,0.0
2024-02-05,17,AR1 alpha + Enhanced + One-Step,NYSE:ORA,0.0
2024-02-06,17,AR1 alpha + Enhanced + One-Step,NYSE:ORA,0.0
2024-02-07,17,AR1 alpha + Enhanced + One-Step,NYSE:ORA,0.0
2024-02-08,17,AR1 alpha + Enhanced + One-Step,NYSE:ORA,0.0
2024-02-09,17,AR1 alpha + Enhanced + One-Step,NYSE:ORA,0.0
2024-02-12,17,AR1 alpha + Enhanced + One-Step,NYSE:ORA,0.0
2024-02-13,17,AR1 alpha + Enhanced + One-Step,NYSE:ORA,1.2171390381485712e-07
2024-02-14,17,AR1 alpha + Enhanced + One-Step,NYSE:ORA,3.9437971902789947e-07
2024-02-15,17,AR1 alpha + Enhanced + One-Step,NYSE:ORA,0.0
2024-02-16,17,AR1 alpha + Enhanced + One-Step,NYSE:ORA,5.3528626529983e-07
2024-02-20,17,AR1 alpha + Enhanced + One-Step,NYSE:ORA,6.586661776062945e-07
2024-02-21,17,AR1 alpha + Enhanced + One-Step,NYSE:ORA,0.0
2024-02-22,17,AR1 alpha + Enhanced + One-Step,NYSE:ORA,0.0
2024-02-23,17,AR1 alpha + Enhanced + One-Step,NYSE:ORA,0.0
2024-02-26,17,AR1 alpha + Enhanced + One-Step,NYSE:ORA,0.0
2024-02-27,17,AR1 alpha + Enhanced + One-Step,NYSE:ORA,0.0
2024-02-28,17,AR1 alpha + Enhanced + One-Step,NYSE:ORA,0.0
2024-02-29,17,AR1 alpha + Enhanced + One-Step,NYSE:ORA,0.0
2024-03-01,17,AR1 alpha + Enhanced + One-Step,NYSE:ORA,0.0
2024-03-04,17,AR1 alpha + Enhanced + One-Step,NYSE:ORA,0.0
2024-03-05,17,AR1 alpha + Enhanced + One-Step,NYSE:ORA,0.0
2024-03-06,17,AR1 alpha + Enhanced + One-Step,NYSE:ORA,0.0
2024-03-07,17,AR1 alpha + Enhanced + One-Step,NYSE:ORA,0.0
2024-03-08,17,AR1 alpha + Enhanced + One-Step,NYSE:ORA,0.0
2024-03-11,17,AR1 alpha + Enhanced + One-Step,NYSE:ORA,0.0
2024-03-12,17,AR1 alpha + Enhanced + One-Step,NYSE:ORA,0.0
2024-03-13,17,AR1 alpha + Enhanced + One-Step,NYSE:ORA,0.0
2024-03-14,17,AR1 alpha + Enhanced + One-Step,NYSE:ORA,0.0
2024-03-15,17,AR1 alpha + Enhanced + One-Step,NYSE:ORA,1.000994787621973e-07
2024-03-18,17,AR1 alpha + Enhanced + One-Step,NYSE:ORA,0.0
2024-03-19,17,AR1 alpha + Enhanced + One-Step,NYSE:ORA,0.0
2024-03-20,17,AR1 alpha + Enhanced + One-Step,NYSE:ORA,0.0
2024-03-21,17,AR1 alpha + Enhanced + One-Step,NYSE:ORA,0.0
2024-03-22,17,AR1 alpha + Enhanced + One-Step,NYSE:ORA,0.0
2024-03-25,17,AR1 alpha + Enhanced + One-Step,NYSE:ORA,0.0
2024-03-26,17,AR1 alpha + Enhanced + One-Step,NYSE:ORA,0.0
2024-03-27,17,AR1 alpha + Enhanced + One-Step,NYSE:ORA,0.0
2024-03-28,17,AR1 alpha + Enhanced + One-Step,NYSE:ORA,1.8993446834383054e-07
2024-04-01,17,AR1 alpha + Enhanced + One-Step,NYSE:ORA,2.60639072224777e-07
2024-04-02,17,AR1 alpha + Enhanced + One-Step,NYSE:ORA,6.535997163832268e-08
2024-04-03,17,AR1 alpha + Enhanced + One-Step,NYSE:ORA,0.0
2024-04-04,17,AR1 alpha + Enhanced + One-Step,NYSE:ORA,0.0
2024-04-05,17,AR1 alpha + Enhanced + One-Step,NYSE:ORA,0.0
2024-04-08,17,AR1 alpha + Enhanced + One-Step,NYSE:ORA,1.3286659718377482e-07
2024-04-09,17,AR1 alpha + Enhanced + One-Step,NYSE:ORA,0.0
2024-04-10,17,AR1 alpha + Enhanced + One-Step,NYSE:ORA,0.0
2024-04-11,17,AR1 alpha + Enhanced + One-Step,NYSE:ORA,0.0
2024-04-12,17,AR1 alpha + Enhanced + One-Step,NYSE:ORA,0.0
2024-04-15,17,AR1 alpha + Enhanced + One-Step,NYSE:ORA,0.0
2024-04-16,17,AR1 alpha + Enhanced + One-Step,NYSE:ORA,0.0
2024-04-17,17,AR1 alpha + Enhanced + One-Step,NYSE:ORA,7.983561400363489e-08
2024-04-18,17,AR1 alpha + Enhanced + One-Step,NYSE:ORA,0.0
2024-04-19,17,AR1 alpha + Enhanced + One-Step,NYSE:ORA,0.0
2020-03-25,17,AR1 alpha + Enhanced + One-Step,NASDAQ:QCOM,0.020000000000007227
2020-03-26,17,AR1 alpha + Enhanced + One-Step,NASDAQ:QCOM,0.02000000000001305
2020-03-27,17,AR1 alpha + Enhanced + One-Step,NASDAQ:QCOM,0.020000038185726227
2020-03-30,17,AR1 alpha + Enhanced + One-Step,NASDAQ:QCOM,0.020001150450087858
2020-03-31,17,AR1 alpha + Enhanced + One-Step,NASDAQ:QCOM,0.020003407730507225
2020-04-01,17,AR1 alpha + Enhanced + One-Step,NASDAQ:QCOM,0.02000344069055496
2020-04-02,17,AR1 alpha + Enhanced + One-Step,NASDAQ:QCOM,0.020007721230804316
2020-04-03,17,AR1 alpha + Enhanced + One-Step,NASDAQ:QCOM,0.0200085967516032
2020-04-06,17,AR1 alpha + Enhanced + One-Step,NASDAQ:QCOM,0.02000922953296627
2020-04-07,17,AR1 alpha + Enhanced + One-Step,NASDAQ:QCOM,0.020009431922373797
2020-04-08,17,AR1 alpha + Enhanced + One-Step,NASDAQ:QCOM,0.020009579869923064
2020-04-09,17,AR1 alpha + Enhanced + One-Step,NASDAQ:QCOM,0.020009535236868325
2020-04-13,17,AR1 alpha + Enhanced + One-Step,NASDAQ:QCOM,0.020009373896278354
2020-04-14,17,AR1 alpha + Enhanced + One-Step,NASDAQ:QCOM,0.020010343221527484
2020-04-15,17,AR1 alpha + Enhanced + One-Step,NASDAQ:QCOM,0.020010892591767623
2020-04-16,17,AR1 alpha + Enhanced + One-Step,NASDAQ:QCOM,0.020011040763891402
2020-04-17,17,AR1 alpha + Enhanced + One-Step,NASDAQ:QCOM,0.02001104943367581
2020-04-20,17,AR1 alpha + Enhanced + One-Step,NASDAQ:QCOM,0.020010921830245
2020-04-21,17,AR1 alpha + Enhanced + One-Step,NASDAQ:QCOM,0.020011252940392132
2020-04-22,17,AR1 alpha + Enhanced + One-Step,NASDAQ:QCOM,0.0200115323648028
2020-04-23,17,AR1 alpha + Enhanced + One-Step,NASDAQ:QCOM,0.020011257984185224
2020-04-24,17,AR1 alpha + Enhanced + One-Step,NASDAQ:QCOM,0.020011337617630777
2020-04-27,17,AR1 alpha + Enhanced + One-Step,NASDAQ:QCOM,0.02001133541818345
2020-04-28,17,AR1 alpha + Enhanced + One-Step,NASDAQ:QCOM,0.020011333194937007
2020-04-29,17,AR1 alpha + Enhanced + One-Step,NASDAQ:QCOM,0.020011332944783286
2020-04-30,17,AR1 alpha + Enhanced + One-Step,NASDAQ:QCOM,0.020011395166451108
2020-05-01,17,AR1 alpha + Enhanced + One-Step,NASDAQ:QCOM,0.020010467652523012
2020-05-04,17,AR1 alpha + Enhanced + One-Step,NASDAQ:QCOM,0.02001048186194007
2020-05-05,17,AR1 alpha + Enhanced + One-Step,NASDAQ:QCOM,0.020010447702051216
2020-05-06,17,AR1 alpha + Enhanced + One-Step,NASDAQ:QCOM,0.020010445882560412
2020-05-07,17,AR1 alpha + Enhanced + One-Step,NASDAQ:QCOM,0.020010164190954045
2020-05-08,17,AR1 alpha + Enhanced + One-Step,NASDAQ:QCOM,0.02000980165746749
2020-05-11,17,AR1 alpha + Enhanced + One-Step,NASDAQ:QCOM,0.020009720583524557
2020-05-12,17,AR1 alpha + Enhanced + One-Step,NASDAQ:QCOM,0.0200097010313051
2020-05-13,17,AR1 alpha + Enhanced + One-Step,NASDAQ:QCOM,0.02000977638288078
2020-05-14,17,AR1 alpha + Enhanced + One-Step,NASDAQ:QCOM,0.020007407308768453
2020-05-15,17,AR1 alpha + Enhanced + One-Step,NASDAQ:QCOM,0.020007448520654014
2020-05-18,17,AR1 alpha + Enhanced + One-Step,NASDAQ:QCOM,0.02000739924240636
2020-05-19,17,AR1 alpha + Enhanced + One-Step,NASDAQ:QCOM,0.020007297052552858
2020-05-20,17,AR1 alpha + Enhanced + One-Step,NASDAQ:QCOM,0.020007367221257788
2020-05-21,17,AR1 alpha + Enhanced + One-Step,NASDAQ:QCOM,0.020006741955328162
2020-05-22,17,AR1 alpha + Enhanced + One-Step,NASDAQ:QCOM,0.020006697212122625
2020-05-26,17,AR1 alpha + Enhanced + One-Step,NASDAQ:QCOM,0.020006698999364015
2020-05-27,17,AR1 alpha + Enhanced + One-Step,NASDAQ:QCOM,0.02000681126496773
2020-05-28,17,AR1 alpha + Enhanced + One-Step,NASDAQ:QCOM,0.020006822259701025
2020-05-29,17,AR1 alpha + Enhanced + One-Step,NASDAQ:QCOM,7.856086179174488e-09
2020-06-01,17,AR1 alpha + Enhanced + One-Step,NASDAQ:QCOM,8.160963832922513e-08
2020-06-02,17,AR1 alpha + Enhanced + One-Step,NASDAQ:QCOM,2.3481425785630444e-08
2020-06-03,17,AR1 alpha + Enhanced + One-Step,NASDAQ:QCOM,2.28559082122041e-07
2020-06-04,17,AR1 alpha + Enhanced + One-Step,NASDAQ:QCOM,0.0
2020-06-05,17,AR1 alpha + Enhanced + One-Step,NASDAQ:QCOM,0.0
2020-06-08,17,AR1 alpha + Enhanced + One-Step,NASDAQ:QCOM,0.0
2020-06-09,17,AR1 alpha + Enhanced + One-Step,NASDAQ:QCOM,1.5037563917659324e-08
2020-06-10,17,AR1 alpha + Enhanced + One-Step,NASDAQ:QCOM,7.675800307218184e-09
2020-06-11,17,AR1 alpha + Enhanced + One-Step,NASDAQ:QCOM,1.4274419683451052e-06
2020-06-12,17,AR1 alpha + Enhanced + One-Step,NASDAQ:QCOM,5.373484496618514e-07
2020-06-15,17,AR1 alpha + Enhanced + One-Step,NASDAQ:QCOM,7.549098411723574e-08
2020-06-16,17,AR1 alpha + Enhanced + One-Step,NASDAQ:QCOM,5.2836313737235654e-08
2020-06-17,17,AR1 alpha + Enhanced + One-Step,NASDAQ:QCOM,0.0
2020-06-18,17,AR1 alpha + Enhanced + One-Step,NASDAQ:QCOM,0.0
2020-06-19,17,AR1 alpha + Enhanced + One-Step,NASDAQ:QCOM,0.0
2020-06-22,17,AR1 alpha + Enhanced + One-Step,NASDAQ:QCOM,6.492804577585604e-08
2020-06-23,17,AR1 alpha + Enhanced + One-Step,NASDAQ:QCOM,3.730779950061848e-08
2020-06-24,17,AR1 alpha + Enhanced + One-Step,NASDAQ:QCOM,0.0
2020-06-25,17,AR1 alpha + Enhanced + One-Step,NASDAQ:QCOM,1.4112987865698152e-08
2020-06-26,17,AR1 alpha + Enhanced + One-Step,NASDAQ:QCOM,1.2003595007638116e-06
2020-06-29,17,AR1 alpha + Enhanced + One-Step,NASDAQ:QCOM,3.4068853766474865e-07
2020-06-30,17,AR1 alpha + Enhanced + One-Step,NASDAQ:QCOM,4.0235746624910305e-08
2020-07-01,17,AR1 alpha + Enhanced + One-Step,NASDAQ:QCOM,2.3752310100439086e-07
2020-07-02,17,AR1 alpha + Enhanced + One-Step,NASDAQ:QCOM,1.7660021018532086e-07
2020-07-06,17,AR1 alpha + Enhanced + One-Step,NASDAQ:QCOM,7.721542238673271e-08
2020-07-07,17,AR1 alpha + Enhanced + One-Step,NASDAQ:QCOM,0.0
2020-07-08,17,AR1 alpha + Enhanced + One-Step,NASDAQ:QCOM,0.0
2020-07-09,17,AR1 alpha + Enhanced + One-Step,NASDAQ:QCOM,1.4755188262815248e-07
2020-07-10,17,AR1 alpha + Enhanced + One-Step,NASDAQ:QCOM,1.2376718427882683e-06
2020-07-13,17,AR1 alpha + Enhanced + One-Step,NASDAQ:QCOM,5.946741524350908e-07
2020-07-14,17,AR1 alpha + Enhanced + One-Step,NASDAQ:QCOM,3.39516488904886e-07
2020-07-15,17,AR1 alpha + Enhanced + One-Step,NASDAQ:QCOM,3.6012933820532975e-07
2020-07-16,17,AR1 alpha + Enhanced + One-Step,NASDAQ:QCOM,1.6432724874165436e-07
2020-07-17,17,AR1 alpha + Enhanced + One-Step,NASDAQ:QCOM,9.930924089739828e-08
2020-07-20,17,AR1 alpha + Enhanced + One-Step,NASDAQ:QCOM,1.4511566120315422e-08
2020-07-21,17,AR1 alpha + Enhanced + One-Step,NASDAQ:QCOM,3.074708509853779e-08
2020-07-22,17,AR1 alpha + Enhanced + One-Step,NASDAQ:QCOM,1.530149869988679e-08
2020-07-23,17,AR1 alpha + Enhanced + One-Step,NASDAQ:QCOM,0.017604076893336672
2020-07-24,17,AR1 alpha + Enhanced + One-Step,NASDAQ:QCOM,0.030714464323865077
2020-07-27,17,AR1 alpha + Enhanced + One-Step,NASDAQ:QCOM,0.006099305690347765
2020-07-28,17,AR1 alpha + Enhanced + One-Step,NASDAQ:QCOM,0.006099307789489526
2020-07-29,17,AR1 alpha + Enhanced + One-Step,NASDAQ:QCOM,0.0018407042060604088
2020-07-30,17,AR1 alpha + Enhanced + One-Step,NASDAQ:QCOM,0.0
2020-07-31,17,AR1 alpha + Enhanced + One-Step,NASDAQ:QCOM,0.0
2020-08-03,17,AR1 alpha + Enhanced + One-Step,NASDAQ:QCOM,0.0
2020-08-04,17,AR1 alpha + Enhanced + One-Step,NASDAQ:QCOM,0.0
2020-08-05,17,AR1 alpha + Enhanced + One-Step,NASDAQ:QCOM,0.0
2020-08-06,17,AR1 alpha + Enhanced + One-Step,NASDAQ:QCOM,0.0
2020-08-07,17,AR1 alpha + Enhanced + One-Step,NASDAQ:QCOM,1.5186725371175076e-07
2020-08-10,17,AR1 alpha + Enhanced + One-Step,NASDAQ:QCOM,2.3092950607870405e-07
2020-08-11,17,AR1 alpha + Enhanced + One-Step,NASDAQ:QCOM,0.0
2020-08-12,17,AR1 alpha + Enhanced + One-Step,NASDAQ:QCOM,0.0
2020-08-13,17,AR1 alpha + Enhanced + One-Step,NASDAQ:QCOM,1.2680581581510821e-09
2020-08-14,17,AR1 alpha + Enhanced + One-Step,NASDAQ:QCOM,2.511818533985945e-09
2020-08-17,17,AR1 alpha + Enhanced + One-Step,NASDAQ:QCOM,0.02492636915199894
2020-08-18,17,AR1 alpha + Enhanced + One-Step,NASDAQ:QCOM,0.04987375902374998
2020-08-19,17,AR1 alpha + Enhanced + One-Step,NASDAQ:QCOM,0.07482418534688383
2020-08-20,17,AR1 alpha + Enhanced + One-Step,NASDAQ:QCOM,0.09982749261020411
2020-08-21,17,AR1 alpha + Enhanced + One-Step,NASDAQ:QCOM,0.09999964102715947
2020-08-24,17,AR1 alpha + Enhanced + One-Step,NASDAQ:QCOM,0.09093411203244878
2020-08-25,17,AR1 alpha + Enhanced + One-Step,NASDAQ:QCOM,0.08525928157740259
2020-08-26,17,AR1 alpha + Enhanced + One-Step,NASDAQ:QCOM,0.08525901329302749
2020-08-27,17,AR1 alpha + Enhanced + One-Step,NASDAQ:QCOM,0.09999996743645592
2020-08-28,17,AR1 alpha + Enhanced + One-Step,NASDAQ:QCOM,0.09828599005206536
2020-08-31,17,AR1 alpha + Enhanced + One-Step,NASDAQ:QCOM,0.09618893386114734
2020-09-01,17,AR1 alpha + Enhanced + One-Step,NASDAQ:QCOM,0.07124724269502013
2020-09-02,17,AR1 alpha + Enhanced + One-Step,NASDAQ:QCOM,0.07124728610429328
2020-09-03,17,AR1 alpha + Enhanced + One-Step,NASDAQ:QCOM,0.07124679347066379
2020-09-04,17,AR1 alpha + Enhanced + One-Step,NASDAQ:QCOM,0.07124685246697901
2020-09-08,17,AR1 alpha + Enhanced + One-Step,NASDAQ:QCOM,0.07124673725796221
2020-09-09,17,AR1 alpha + Enhanced + One-Step,NASDAQ:QCOM,0.08432613265297319
2020-09-10,17,AR1 alpha + Enhanced + One-Step,NASDAQ:QCOM,0.09999910839157963
2020-09-11,17,AR1 alpha + Enhanced + One-Step,NASDAQ:QCOM,0.09999950868089222
2020-09-14,17,AR1 alpha + Enhanced + One-Step,NASDAQ:QCOM,0.10000005782154017
2020-09-15,17,AR1 alpha + Enhanced + One-Step,NASDAQ:QCOM,0.09999998020787006
2020-09-16,17,AR1 alpha + Enhanced + One-Step,NASDAQ:QCOM,0.09999997906736409
2020-09-17,17,AR1 alpha + Enhanced + One-Step,NASDAQ:QCOM,0.0999953803298517
2020-09-18,17,AR1 alpha + Enhanced + One-Step,NASDAQ:QCOM,0.09999704167357683
2020-09-21,17,AR1 alpha + Enhanced + One-Step,NASDAQ:QCOM,0.09999797230016987
2020-09-22,17,AR1 alpha + Enhanced + One-Step,NASDAQ:QCOM,0.09999876022695639
2020-09-23,17,AR1 alpha + Enhanced + One-Step,NASDAQ:QCOM,0.09999867676834596
2020-09-24,17,AR1 alpha + Enhanced + One-Step,NASDAQ:QCOM,0.09999729571491958
2020-09-25,17,AR1 alpha + Enhanced + One-Step,NASDAQ:QCOM,0.09999673369955651
2020-09-28,17,AR1 alpha + Enhanced + One-Step,NASDAQ:QCOM,0.09999605981142845
2020-09-29,17,AR1 alpha + Enhanced + One-Step,NASDAQ:QCOM,0.09999720147320522
2020-09-30,17,AR1 alpha + Enhanced + One-Step,NASDAQ:QCOM,0.09999748890254335
2020-10-01,17,AR1 alpha + Enhanced + One-Step,NASDAQ:QCOM,0.0999986739199432
2020-10-02,17,AR1 alpha + Enhanced + One-Step,NASDAQ:QCOM,0.09999928428994954
2020-10-05,17,AR1 alpha + Enhanced + One-Step,NASDAQ:QCOM,0.09999990413506736
2020-10-06,17,AR1 alpha + Enhanced + One-Step,NASDAQ:QCOM,0.09999988818687247
2020-10-07,17,AR1 alpha + Enhanced + One-Step,NASDAQ:QCOM,0.08184296518229565
2020-10-08,17,AR1 alpha + Enhanced + One-Step,NASDAQ:QCOM,0.08184294631210741
2020-10-09,17,AR1 alpha + Enhanced + One-Step,NASDAQ:QCOM,0.06636022087701551
2020-10-12,17,AR1 alpha + Enhanced + One-Step,NASDAQ:QCOM,0.0663602220088376
2020-10-13,17,AR1 alpha + Enhanced + One-Step,NASDAQ:QCOM,0.06636000099221148
2020-10-14,17,AR1 alpha + Enhanced + One-Step,NASDAQ:QCOM,0.05109465289468306
2020-10-15,17,AR1 alpha + Enhanced + One-Step,NASDAQ:QCOM,0.059278440326846316
2020-10-16,17,AR1 alpha + Enhanced + One-Step,NASDAQ:QCOM,0.06180641740848342
2020-10-19,17,AR1 alpha + Enhanced + One-Step,NASDAQ:QCOM,0.07540907377819635
2020-10-20,17,AR1 alpha + Enhanced + One-Step,NASDAQ:QCOM,0.08043808195686807
2020-10-21,17,AR1 alpha + Enhanced + One-Step,NASDAQ:QCOM,0.0918889795852509
2020-10-22,17,AR1 alpha + Enhanced + One-Step,NASDAQ:QCOM,0.09188484399092874
2020-10-23,17,AR1 alpha + Enhanced + One-Step,NASDAQ:QCOM,0.09999796063909301
2020-10-26,17,AR1 alpha + Enhanced + One-Step,NASDAQ:QCOM,0.09999859265535431
2020-10-27,17,AR1 alpha + Enhanced + One-Step,NASDAQ:QCOM,0.09999930730394951
2020-10-28,17,AR1 alpha + Enhanced + One-Step,NASDAQ:QCOM,0.09999943403401543
2020-10-29,17,AR1 alpha + Enhanced + One-Step,NASDAQ:QCOM,0.09999985902360571
2020-10-30,17,AR1 alpha + Enhanced + One-Step,NASDAQ:QCOM,0.09999985066158021
2020-11-02,17,AR1 alpha + Enhanced + One-Step,NASDAQ:QCOM,0.10000030043640502
2020-11-03,17,AR1 alpha + Enhanced + One-Step,NASDAQ:QCOM,0.09999941238449367
2020-11-04,17,AR1 alpha + Enhanced + One-Step,NASDAQ:QCOM,0.09999991135184742
2020-11-05,17,AR1 alpha + Enhanced + One-Step,NASDAQ:QCOM,0.07499820269644478
2020-11-06,17,AR1 alpha + Enhanced + One-Step,NASDAQ:QCOM,0.050003565864469
2020-11-09,17,AR1 alpha + Enhanced + One-Step,NASDAQ:QCOM,0.04682033975376779
2020-11-10,17,AR1 alpha + Enhanced + One-Step,NASDAQ:QCOM,0.046820620543521
2020-11-11,17,AR1 alpha + Enhanced + One-Step,NASDAQ:QCOM,0.021818445016540573
2020-11-12,17,AR1 alpha + Enhanced + One-Step,NASDAQ:QCOM,0.02181837870529135
2020-11-13,17,AR1 alpha + Enhanced + One-Step,NASDAQ:QCOM,0.021818380771761767
2020-11-16,17,AR1 alpha + Enhanced + One-Step,NASDAQ:QCOM,0.02181831071344934
2020-11-17,17,AR1 alpha + Enhanced + One-Step,NASDAQ:QCOM,0.021818155054158943
2020-11-18,17,AR1 alpha + Enhanced + One-Step,NASDAQ:QCOM,0.04186906056288873
2020-11-19,17,AR1 alpha + Enhanced + One-Step,NASDAQ:QCOM,0.06687906624120156
2020-11-20,17,AR1 alpha + Enhanced + One-Step,NASDAQ:QCOM,0.09187756357846102
2020-11-23,17,AR1 alpha + Enhanced + One-Step,NASDAQ:QCOM,0.10000016363109451
2020-11-24,17,AR1 alpha + Enhanced + One-Step,NASDAQ:QCOM,0.09999654686806773
2020-11-25,17,AR1 alpha + Enhanced + One-Step,NASDAQ:QCOM,0.099996156090872
2020-11-27,17,AR1 alpha + Enhanced + One-Step,NASDAQ:QCOM,0.099993285811856
2020-11-30,17,AR1 alpha + Enhanced + One-Step,NASDAQ:QCOM,0.09999120899515515
2020-12-01,17,AR1 alpha + Enhanced + One-Step,NASDAQ:QCOM,0.09999486719189288
2020-12-04,17,AR1 alpha + Enhanced + One-Step,NASDAQ:QCOM,0.07498008242740066
2020-12-07,17,AR1 alpha + Enhanced + One-Step,NASDAQ:QCOM,0.05511636113231068
2020-12-08,17,AR1 alpha + Enhanced + One-Step,NASDAQ:QCOM,0.05511642186152401
2020-12-09,17,AR1 alpha + Enhanced + One-Step,NASDAQ:QCOM,0.07318628365442974
2020-12-10,17,AR1 alpha + Enhanced + One-Step,NASDAQ:QCOM,0.0859686873952698
2020-12-11,17,AR1 alpha + Enhanced + One-Step,NASDAQ:QCOM,0.09999966409795522
2020-12-14,17,AR1 alpha + Enhanced + One-Step,NASDAQ:QCOM,0.09999973907863491
2020-12-15,17,AR1 alpha + Enhanced + One-Step,NASDAQ:QCOM,0.09999996614087202
2020-12-16,17,AR1 alpha + Enhanced + One-Step,NASDAQ:QCOM,0.09999882176087943
2020-12-17,17,AR1 alpha + Enhanced + One-Step,NASDAQ:QCOM,0.09999877259651099
2020-12-18,17,AR1 alpha + Enhanced + One-Step,NASDAQ:QCOM,0.1000002001708574
2020-12-21,17,AR1 alpha + Enhanced + One-Step,NASDAQ:QCOM,0.09999968414230158
2020-12-22,17,AR1 alpha + Enhanced + One-Step,NASDAQ:QCOM,0.09999989981440872
2020-12-23,17,AR1 alpha + Enhanced + One-Step,NASDAQ:QCOM,0.09999795819553915
2020-12-24,17,AR1 alpha + Enhanced + One-Step,NASDAQ:QCOM,0.09999861142837839
2020-12-28,17,AR1 alpha + Enhanced + One-Step,NASDAQ:QCOM,0.09999913789861593
2020-12-29,17,AR1 alpha + Enhanced + One-Step,NASDAQ:QCOM,0.0999992957141057
2020-12-30,17,AR1 alpha + Enhanced + One-Step,NASDAQ:QCOM,0.0999995631569756
2020-12-31,17,AR1 alpha + Enhanced + One-Step,NASDAQ:QCOM,0.09999907143741814
2021-01-04,17,AR1 alpha + Enhanced + One-Step,NASDAQ:QCOM,0.09999944707129416
2021-01-05,17,AR1 alpha + Enhanced + One-Step,NASDAQ:QCOM,0.09999965405247517
2021-01-06,17,AR1 alpha + Enhanced + One-Step,NASDAQ:QCOM,0.09999977024987358
2021-01-07,17,AR1 alpha + Enhanced + One-Step,NASDAQ:QCOM,0.07508957748454297
2021-01-08,17,AR1 alpha + Enhanced + One-Step,NASDAQ:QCOM,0.07508841755249301
2021-01-11,17,AR1 alpha + Enhanced + One-Step,NASDAQ:QCOM,0.07115318149969391
2021-01-12,17,AR1 alpha + Enhanced + One-Step,NASDAQ:QCOM,0.07114109607164917
2021-01-13,17,AR1 alpha + Enhanced + One-Step,NASDAQ:QCOM,0.06064561612503253
2021-01-14,17,AR1 alpha + Enhanced + One-Step,NASDAQ:QCOM,0.04638519550985469
2021-01-15,17,AR1 alpha + Enhanced + One-Step,NASDAQ:QCOM,0.046384564595993105
2021-01-19,17,AR1 alpha + Enhanced + One-Step,NASDAQ:QCOM,0.025463435476735546
2021-01-20,17,AR1 alpha + Enhanced + One-Step,NASDAQ:QCOM,0.01806068202073794
2021-01-21,17,AR1 alpha + Enhanced + One-Step,NASDAQ:QCOM,0.01617799619718301
2021-01-22,17,AR1 alpha + Enhanced + One-Step,NASDAQ:QCOM,0.03549464504779578
2021-01-25,17,AR1 alpha + Enhanced + One-Step,NASDAQ:QCOM,0.03549425709837461
2021-01-26,17,AR1 alpha + Enhanced + One-Step,NASDAQ:QCOM,0.03549385982474764
2021-01-27,17,AR1 alpha + Enhanced + One-Step,NASDAQ:QCOM,0.06051683087904317
2021-01-28,17,AR1 alpha + Enhanced + One-Step,NASDAQ:QCOM,0.0855409010799171
2021-01-29,17,AR1 alpha + Enhanced + One-Step,NASDAQ:QCOM,0.08827443326487533
2021-02-01,17,AR1 alpha + Enhanced + One-Step,NASDAQ:QCOM,0.08827438773236748
2021-02-02,17,AR1 alpha + Enhanced + One-Step,NASDAQ:QCOM,0.08827440207645311
2021-02-03,17,AR1 alpha + Enhanced + One-Step,NASDAQ:QCOM,0.08827006790863152
2021-02-04,17,AR1 alpha + Enhanced + One-Step,NASDAQ:QCOM,0.09999712439117213
2021-02-05,17,AR1 alpha + Enhanced + One-Step,NASDAQ:QCOM,0.09999700715219258
2021-02-08,17,AR1 alpha + Enhanced + One-Step,NASDAQ:QCOM,0.09999829516432943
2021-02-09,17,AR1 alpha + Enhanced + One-Step,NASDAQ:QCOM,0.09999894711957363
2021-02-10,17,AR1 alpha + Enhanced + One-Step,NASDAQ:QCOM,0.0999996400953395
2021-02-11,17,AR1 alpha + Enhanced + One-Step,NASDAQ:QCOM,0.09999975426944682
2021-02-12,17,AR1 alpha + Enhanced + One-Step,NASDAQ:QCOM,0.09999983572092074
2021-02-16,17,AR1 alpha + Enhanced + One-Step,NASDAQ:QCOM,0.09999986046542067
2021-02-17,17,AR1 alpha + Enhanced + One-Step,NASDAQ:QCOM,0.09999962796038707
2021-02-18,17,AR1 alpha + Enhanced + One-Step,NASDAQ:QCOM,0.09999980930774573
2021-02-19,17,AR1 alpha + Enhanced + One-Step,NASDAQ:QCOM,0.09999939090068126
2021-02-22,17,AR1 alpha + Enhanced + One-Step,NASDAQ:QCOM,0.10000002810123904
2021-02-23,17,AR1 alpha + Enhanced + One-Step,NASDAQ:QCOM,0.10000043566675533
2021-02-24,17,AR1 alpha + Enhanced + One-Step,NASDAQ:QCOM,0.10000035167845368
2021-02-25,17,AR1 alpha + Enhanced + One-Step,NASDAQ:QCOM,0.09999007801133433
2021-02-26,17,AR1 alpha + Enhanced + One-Step,NASDAQ:QCOM,0.09999346859876967
2021-03-01,17,AR1 alpha + Enhanced + One-Step,NASDAQ:QCOM,0.09999610732506123
2021-03-02,17,AR1 alpha + Enhanced + One-Step,NASDAQ:QCOM,0.09999734236749884
2021-03-03,17,AR1 alpha + Enhanced + One-Step,NASDAQ:QCOM,0.09999814783038288
2021-03-04,17,AR1 alpha + Enhanced + One-Step,NASDAQ:QCOM,0.09999885574876897
2021-03-05,17,AR1 alpha + Enhanced + One-Step,NASDAQ:QCOM,0.09999772976138584
2021-03-08,17,AR1 alpha + Enhanced + One-Step,NASDAQ:QCOM,0.09999903631325413
2021-03-09,17,AR1 alpha + Enhanced + One-Step,NASDAQ:QCOM,0.09999823459537859
2021-03-10,17,AR1 alpha + Enhanced + One-Step,NASDAQ:QCOM,0.09999980715514677
2021-03-11,17,AR1 alpha + Enhanced + One-Step,NASDAQ:QCOM,0.09999913370449243
2021-03-12,17,AR1 alpha + Enhanced + One-Step,NASDAQ:QCOM,0.09999911666816984
2021-03-15,17,AR1 alpha + Enhanced + One-Step,NASDAQ:QCOM,0.10000034784340095
2021-03-16,17,AR1 alpha + Enhanced + One-Step,NASDAQ:QCOM,0.07497872834429908
2021-03-17,17,AR1 alpha + Enhanced + One-Step,NASDAQ:QCOM,0.06260630406708803
2021-03-18,17,AR1 alpha + Enhanced + One-Step,NASDAQ:QCOM,0.06260658302121895
2021-03-19,17,AR1 alpha + Enhanced + One-Step,NASDAQ:QCOM,0.06260550500536877
2021-03-22,17,AR1 alpha + Enhanced + One-Step,NASDAQ:QCOM,0.0626061414437441
2021-03-23,17,AR1 alpha + Enhanced + One-Step,NASDAQ:QCOM,0.06260720328274372
2021-03-24,17,AR1 alpha + Enhanced + One-Step,NASDAQ:QCOM,0.06260716904221111
2021-03-25,17,AR1 alpha + Enhanced + One-Step,NASDAQ:QCOM,0.06260734183957961
2021-03-26,17,AR1 alpha + Enhanced + One-Step,NASDAQ:QCOM,0.037607567796211085
2021-03-29,17,AR1 alpha + Enhanced + One-Step,NASDAQ:QCOM,0.037607794430760184
2021-03-30,17,AR1 alpha + Enhanced + One-Step,NASDAQ:QCOM,0.03760778483773918
2021-03-31,17,AR1 alpha + Enhanced + One-Step,NASDAQ:QCOM,0.019315625909649924
2021-04-01,17,AR1 alpha + Enhanced + One-Step,NASDAQ:QCOM,3.009604983496725e-06
2021-04-05,17,AR1 alpha + Enhanced + One-Step,NASDAQ:QCOM,5.366604996750026e-08
2021-04-06,17,AR1 alpha + Enhanced + One-Step,NASDAQ:QCOM,2.1291441551348033e-08
2021-04-07,17,AR1 alpha + Enhanced + One-Step,NASDAQ:QCOM,0.0
2021-04-08,17,AR1 alpha + Enhanced + One-Step,NASDAQ:QCOM,0.0
2021-04-09,17,AR1 alpha + Enhanced + One-Step,NASDAQ:QCOM,0.0
2021-04-12,17,AR1 alpha + Enhanced + One-Step,NASDAQ:QCOM,3.2094374873639104e-09
2021-04-13,17,AR1 alpha + Enhanced + One-Step,NASDAQ:QCOM,0.0
2021-04-14,17,AR1 alpha + Enhanced + One-Step,NASDAQ:QCOM,0.0017949300374499985
2021-04-15,17,AR1 alpha + Enhanced + One-Step,NASDAQ:QCOM,0.0017952104452791846
2021-04-16,17,AR1 alpha + Enhanced + One-Step,NASDAQ:QCOM,0.0017952191384021396
2021-04-19,17,AR1 alpha + Enhanced + One-Step,NASDAQ:QCOM,0.00179523601695907
2021-04-20,17,AR1 alpha + Enhanced + One-Step,NASDAQ:QCOM,0.0017947124457855207
2021-04-21,17,AR1 alpha + Enhanced + One-Step,NASDAQ:QCOM,0.0017945760921749274
2021-04-22,17,AR1 alpha + Enhanced + One-Step,NASDAQ:QCOM,0.0017938554591587867
2021-04-23,17,AR1 alpha + Enhanced + One-Step,NASDAQ:QCOM,0.0
2021-04-26,17,AR1 alpha + Enhanced + One-Step,NASDAQ:QCOM,0.0
2021-04-27,17,AR1 alpha + Enhanced + One-Step,NASDAQ:QCOM,0.0
2021-04-28,17,AR1 alpha + Enhanced + One-Step,NASDAQ:QCOM,0.0
2021-04-29,17,AR1 alpha + Enhanced + One-Step,NASDAQ:QCOM,0.0
2021-04-30,17,AR1 alpha + Enhanced + One-Step,NASDAQ:QCOM,0.0
2021-05-03,17,AR1 alpha + Enhanced + One-Step,NASDAQ:QCOM,1.727676834192035e-06
2021-05-04,17,AR1 alpha + Enhanced + One-Step,NASDAQ:QCOM,1.0021067988187226e-06
2021-05-05,17,AR1 alpha + Enhanced + One-Step,NASDAQ:QCOM,6.309573266578709e-07
2021-05-06,17,AR1 alpha + Enhanced + One-Step,NASDAQ:QCOM,1.1294464955687669e-06
2021-05-07,17,AR1 alpha + Enhanced + One-Step,NASDAQ:QCOM,7.674790298250028e-07
2021-05-10,17,AR1 alpha + Enhanced + One-Step,NASDAQ:QCOM,0.00842488253693758
2021-05-11,17,AR1 alpha + Enhanced + One-Step,NASDAQ:QCOM,0.01437781266769158
2021-05-12,17,AR1 alpha + Enhanced + One-Step,NASDAQ:QCOM,0.01437768914254544
2021-05-13,17,AR1 alpha + Enhanced + One-Step,NASDAQ:QCOM,0.014376673643796346
2021-05-14,17,AR1 alpha + Enhanced + One-Step,NASDAQ:QCOM,0.014376697178583992
2021-05-17,17,AR1 alpha + Enhanced + One-Step,NASDAQ:QCOM,0.014376077104785272
2021-05-18,17,AR1 alpha + Enhanced + One-Step,NASDAQ:QCOM,0.014376593168443651
2021-05-19,17,AR1 alpha + Enhanced + One-Step,NASDAQ:QCOM,0.01437714962853425
2021-05-20,17,AR1 alpha + Enhanced + One-Step,NASDAQ:QCOM,0.014377219581308774
2021-05-21,17,AR1 alpha + Enhanced + One-Step,NASDAQ:QCOM,0.014377142351240827
2021-05-24,17,AR1 alpha + Enhanced + One-Step,NASDAQ:QCOM,0.004821038248418278
2021-05-25,17,AR1 alpha + Enhanced + One-Step,NASDAQ:QCOM,0.0
2021-05-26,17,AR1 alpha + Enhanced + One-Step,NASDAQ:QCOM,0.0
2021-05-27,17,AR1 alpha + Enhanced + One-Step,NASDAQ:QCOM,1.0426106367617395e-07
2021-05-28,17,AR1 alpha + Enhanced + One-Step,NASDAQ:QCOM,0.0
2021-06-01,17,AR1 alpha + Enhanced + One-Step,NASDAQ:QCOM,0.0
2021-06-02,17,AR1 alpha + Enhanced + One-Step,NASDAQ:QCOM,0.0
2021-06-03,17,AR1 alpha + Enhanced + One-Step,NASDAQ:QCOM,0.0
2021-06-04,17,AR1 alpha + Enhanced + One-Step,NASDAQ:QCOM,0.0
2021-06-07,17,AR1 alpha + Enhanced + One-Step,NASDAQ:QCOM,0.0
2021-06-08,17,AR1 alpha + Enhanced + One-Step,NASDAQ:QCOM,0.0
2021-06-09,17,AR1 alpha + Enhanced + One-Step,NASDAQ:QCOM,1.7326761712320372e-07
2021-06-10,17,AR1 alpha + Enhanced + One-Step,NASDAQ:QCOM,1.2215683535430886e-07
2021-06-11,17,AR1 alpha + Enhanced + One-Step,NASDAQ:QCOM,7.211226721957638e-08
2021-06-14,17,AR1 alpha + Enhanced + One-Step,NASDAQ:QCOM,0.0
2021-06-15,17,AR1 alpha + Enhanced + One-Step,NASDAQ:QCOM,0.0
2021-06-16,17,AR1 alpha + Enhanced + One-Step,NASDAQ:QCOM,0.0
2021-06-17,17,AR1 alpha + Enhanced + One-Step,NASDAQ:QCOM,0.0
2021-06-18,17,AR1 alpha + Enhanced + One-Step,NASDAQ:QCOM,0.0
2021-06-21,17,AR1 alpha + Enhanced + One-Step,NASDAQ:QCOM,4.742698415845792e-07
2021-06-22,17,AR1 alpha + Enhanced + One-Step,NASDAQ:QCOM,0.0
2021-06-23,17,AR1 alpha + Enhanced + One-Step,NASDAQ:QCOM,0.0
2021-06-24,17,AR1 alpha + Enhanced + One-Step,NASDAQ:QCOM,8.656516847229119e-07
2021-06-25,17,AR1 alpha + Enhanced + One-Step,NASDAQ:QCOM,9.421676896008205e-07
2021-06-28,17,AR1 alpha + Enhanced + One-Step,NASDAQ:QCOM,5.875125815749378e-07
2021-06-29,17,AR1 alpha + Enhanced + One-Step,NASDAQ:QCOM,0.0
2021-06-30,17,AR1 alpha + Enhanced + One-Step,NASDAQ:QCOM,0.0
2021-07-01,17,AR1 alpha + Enhanced + One-Step,NASDAQ:QCOM,0.0
2021-07-02,17,AR1 alpha + Enhanced + One-Step,NASDAQ:QCOM,0.0
2021-07-06,17,AR1 alpha + Enhanced + One-Step,NASDAQ:QCOM,0.0
2021-07-07,17,AR1 alpha + Enhanced + One-Step,NASDAQ:QCOM,7.037415509502733e-07
2021-07-08,17,AR1 alpha + Enhanced + One-Step,NASDAQ:QCOM,3.4919375559705376e-07
2021-07-09,17,AR1 alpha + Enhanced + One-Step,NASDAQ:QCOM,0.0
2021-07-12,17,AR1 alpha + Enhanced + One-Step,NASDAQ:QCOM,0.0
2021-07-13,17,AR1 alpha + Enhanced + One-Step,NASDAQ:QCOM,0.0
2021-07-14,17,AR1 alpha + Enhanced + One-Step,NASDAQ:QCOM,0.0
2021-07-15,17,AR1 alpha + Enhanced + One-Step,NASDAQ:QCOM,0.0
2021-07-16,17,AR1 alpha + Enhanced + One-Step,NASDAQ:QCOM,0.0
2021-07-19,17,AR1 alpha + Enhanced + One-Step,NASDAQ:QCOM,0.0
2021-07-20,17,AR1 alpha + Enhanced + One-Step,NASDAQ:QCOM,0.0
2021-07-21,17,AR1 alpha + Enhanced + One-Step,NASDAQ:QCOM,3.504154774793673e-07
2021-07-22,17,AR1 alpha + Enhanced + One-Step,NASDAQ:QCOM,0.0
2021-07-23,17,AR1 alpha + Enhanced + One-Step,NASDAQ:QCOM,0.0
2021-07-26,17,AR1 alpha + Enhanced + One-Step,NASDAQ:QCOM,0.0
2021-07-27,17,AR1 alpha + Enhanced + One-Step,NASDAQ:QCOM,0.0
2021-07-28,17,AR1 alpha + Enhanced + One-Step,NASDAQ:QCOM,0.0
2021-07-29,17,AR1 alpha + Enhanced + One-Step,NASDAQ:QCOM,0.0
2021-07-30,17,AR1 alpha + Enhanced + One-Step,NASDAQ:QCOM,0.0
2021-08-02,17,AR1 alpha + Enhanced + One-Step,NASDAQ:QCOM,0.0
2021-08-03,17,AR1 alpha + Enhanced + One-Step,NASDAQ:QCOM,0.0
2021-08-04,17,AR1 alpha + Enhanced + One-Step,NASDAQ:QCOM,0.0
2021-08-05,17,AR1 alpha + Enhanced + One-Step,NASDAQ:QCOM,0.0
2021-08-06,17,AR1 alpha + Enhanced + One-Step,NASDAQ:QCOM,0.0
2021-08-09,17,AR1 alpha + Enhanced + One-Step,NASDAQ:QCOM,0.0
2021-08-10,17,AR1 alpha + Enhanced + One-Step,NASDAQ:QCOM,0.0
2021-08-11,17,AR1 alpha + Enhanced + One-Step,NASDAQ:QCOM,0.0
2021-08-12,17,AR1 alpha + Enhanced + One-Step,NASDAQ:QCOM,0.0
2021-08-13,17,AR1 alpha + Enhanced + One-Step,NASDAQ:QCOM,2.1544960640632373e-07
2021-08-16,17,AR1 alpha + Enhanced + One-Step,NASDAQ:QCOM,1.1854380699157718e-06
2021-08-17,17,AR1 alpha + Enhanced + One-Step,NASDAQ:QCOM,1.973714886027706e-06
2021-08-18,17,AR1 alpha + Enhanced + One-Step,NASDAQ:QCOM,2.197782960000797e-06
2021-08-19,17,AR1 alpha + Enhanced + One-Step,NASDAQ:QCOM,2.087173502192538e-06
2021-08-20,17,AR1 alpha + Enhanced + One-Step,NASDAQ:QCOM,0.0
2021-08-23,17,AR1 alpha + Enhanced + One-Step,NASDAQ:QCOM,0.0
2021-08-24,17,AR1 alpha + Enhanced + One-Step,NASDAQ:QCOM,0.0
2021-08-25,17,AR1 alpha + Enhanced + One-Step,NASDAQ:QCOM,2.0767001533752233e-08
2021-08-26,17,AR1 alpha + Enhanced + One-Step,NASDAQ:QCOM,0.0
2021-08-27,17,AR1 alpha + Enhanced + One-Step,NASDAQ:QCOM,0.0
2021-08-30,17,AR1 alpha + Enhanced + One-Step,NASDAQ:QCOM,0.0
2021-08-31,17,AR1 alpha + Enhanced + One-Step,NASDAQ:QCOM,1.0139153560352198e-08
2021-09-01,17,AR1 alpha + Enhanced + One-Step,NASDAQ:QCOM,0.0
2021-09-02,17,AR1 alpha + Enhanced + One-Step,NASDAQ:QCOM,0.0
2021-09-03,17,AR1 alpha + Enhanced + One-Step,NASDAQ:QCOM,0.0
2021-09-07,17,AR1 alpha + Enhanced + One-Step,NASDAQ:QCOM,0.0
2021-09-08,17,AR1 alpha + Enhanced + One-Step,NASDAQ:QCOM,0.0
2021-09-09,17,AR1 alpha + Enhanced + One-Step,NASDAQ:QCOM,0.0
2021-09-10,17,AR1 alpha + Enhanced + One-Step,NASDAQ:QCOM,0.0
2021-09-13,17,AR1 alpha + Enhanced + One-Step,NASDAQ:QCOM,4.078793975926202e-07
2021-09-14,17,AR1 alpha + Enhanced + One-Step,NASDAQ:QCOM,0.0
2021-09-15,17,AR1 alpha + Enhanced + One-Step,NASDAQ:QCOM,0.0
2021-09-16,17,AR1 alpha + Enhanced + One-Step,NASDAQ:QCOM,0.0
2021-09-17,17,AR1 alpha + Enhanced + One-Step,NASDAQ:QCOM,2.835255557377146e-07
2021-09-20,17,AR1 alpha + Enhanced + One-Step,NASDAQ:QCOM,5.932506255606787e-07
2021-09-21,17,AR1 alpha + Enhanced + One-Step,NASDAQ:QCOM,0.0
2021-09-22,17,AR1 alpha + Enhanced + One-Step,NASDAQ:QCOM,0.0
2021-09-23,17,AR1 alpha + Enhanced + One-Step,NASDAQ:QCOM,5.942103717568474e-07
2021-09-24,17,AR1 alpha + Enhanced + One-Step,NASDAQ:QCOM,0.0
2021-09-27,17,AR1 alpha + Enhanced + One-Step,NASDAQ:QCOM,9.692436867087751e-09
2021-09-28,17,AR1 alpha + Enhanced + One-Step,NASDAQ:QCOM,0.0
2021-09-29,17,AR1 alpha + Enhanced + One-Step,NASDAQ:QCOM,4.5697533228777014e-07
2021-09-30,17,AR1 alpha + Enhanced + One-Step,NASDAQ:QCOM,2.810800672247235e-07
2021-10-01,17,AR1 alpha + Enhanced + One-Step,NASDAQ:QCOM,1.8804009849660061e-07
2021-10-04,17,AR1 alpha + Enhanced + One-Step,NASDAQ:QCOM,1.9559854035143733e-07
2021-10-05,17,AR1 alpha + Enhanced + One-Step,NASDAQ:QCOM,0.0
2021-10-06,17,AR1 alpha + Enhanced + One-Step,NASDAQ:QCOM,0.0
2021-10-07,17,AR1 alpha + Enhanced + One-Step,NASDAQ:QCOM,0.0
2021-10-08,17,AR1 alpha + Enhanced + One-Step,NASDAQ:QCOM,0.0
2021-10-11,17,AR1 alpha + Enhanced + One-Step,NASDAQ:QCOM,0.0
2021-10-12,17,AR1 alpha + Enhanced + One-Step,NASDAQ:QCOM,2.3815136787066147e-07
2021-10-13,17,AR1 alpha + Enhanced + One-Step,NASDAQ:QCOM,2.1075765216414429e-07
2021-10-14,17,AR1 alpha + Enhanced + One-Step,NASDAQ:QCOM,0.0
2021-10-15,17,AR1 alpha + Enhanced + One-Step,NASDAQ:QCOM,0.0
2021-10-18,17,AR1 alpha + Enhanced + One-Step,NASDAQ:QCOM,0.0
2021-10-19,17,AR1 alpha + Enhanced + One-Step,NASDAQ:QCOM,0.0
2021-10-20,17,AR1 alpha + Enhanced + One-Step,NASDAQ:QCOM,3.008372604514297e-07
2021-10-21,17,AR1 alpha + Enhanced + One-Step,NASDAQ:QCOM,2.502213965096306e-07
2021-10-22,17,AR1 alpha + Enhanced + One-Step,NASDAQ:QCOM,1.1293462519481857e-07
2021-10-25,17,AR1 alpha + Enhanced + One-Step,NASDAQ:QCOM,0.0
2021-10-26,17,AR1 alpha + Enhanced + One-Step,NASDAQ:QCOM,0.0
2021-10-27,17,AR1 alpha + Enhanced + One-Step,NASDAQ:QCOM,0.0
2021-10-28,17,AR1 alpha + Enhanced + One-Step,NASDAQ:QCOM,5.609116795385109e-08
2021-10-29,17,AR1 alpha + Enhanced + One-Step,NASDAQ:QCOM,0.0
2021-11-01,17,AR1 alpha + Enhanced + One-Step,NASDAQ:QCOM,0.0
2021-11-02,17,AR1 alpha + Enhanced + One-Step,NASDAQ:QCOM,0.0
2021-11-03,17,AR1 alpha + Enhanced + One-Step,NASDAQ:QCOM,2.37159421149395e-06
2021-11-04,17,AR1 alpha + Enhanced + One-Step,NASDAQ:QCOM,2.042846822515695e-06
2021-11-05,17,AR1 alpha + Enhanced + One-Step,NASDAQ:QCOM,1.2600819494579116e-06
2021-11-08,17,AR1 alpha + Enhanced + One-Step,NASDAQ:QCOM,6.090098423437213e-07
2021-11-09,17,AR1 alpha + Enhanced + One-Step,NASDAQ:QCOM,4.215695395017071e-07
2021-11-10,17,AR1 alpha + Enhanced + One-Step,NASDAQ:QCOM,1.1155285937668626e-06
2021-11-11,17,AR1 alpha + Enhanced + One-Step,NASDAQ:QCOM,7.620746336160612e-07
2021-11-12,17,AR1 alpha + Enhanced + One-Step,NASDAQ:QCOM,6.365888255101983e-07
2021-11-15,17,AR1 alpha + Enhanced + One-Step,NASDAQ:QCOM,9.244195503544542e-07
2021-11-16,17,AR1 alpha + Enhanced + One-Step,NASDAQ:QCOM,6.424937330491786e-07
2021-11-17,17,AR1 alpha + Enhanced + One-Step,NASDAQ:QCOM,0.0
2021-11-18,17,AR1 alpha + Enhanced + One-Step,NASDAQ:QCOM,0.0
2021-11-19,17,AR1 alpha + Enhanced + One-Step,NASDAQ:QCOM,2.4003890310319785e-07
2021-11-22,17,AR1 alpha + Enhanced + One-Step,NASDAQ:QCOM,3.6964872662933824e-07
2021-11-23,17,AR1 alpha + Enhanced + One-Step,NASDAQ:QCOM,0.0
2021-11-24,17,AR1 alpha + Enhanced + One-Step,NASDAQ:QCOM,0.0
2021-11-26,17,AR1 alpha + Enhanced + One-Step,NASDAQ:QCOM,0.0
2021-11-29,17,AR1 alpha + Enhanced + One-Step,NASDAQ:QCOM,0.0
2021-11-30,17,AR1 alpha + Enhanced + One-Step,NASDAQ:QCOM,0.0
2021-12-01,17,AR1 alpha + Enhanced + One-Step,NASDAQ:QCOM,0.0
2021-12-02,17,AR1 alpha + Enhanced + One-Step,NASDAQ:QCOM,0.0
2021-12-03,17,AR1 alpha + Enhanced + One-Step,NASDAQ:QCOM,0.0
2021-12-06,17,AR1 alpha + Enhanced + One-Step,NASDAQ:QCOM,2.1607921670830568e-07
2021-12-07,17,AR1 alpha + Enhanced + One-Step,NASDAQ:QCOM,1.5345394006030145e-07
2021-12-08,17,AR1 alpha + Enhanced + One-Step,NASDAQ:QCOM,1.6362877531347373e-07
2021-12-09,17,AR1 alpha + Enhanced + One-Step,NASDAQ:QCOM,0.0
2021-12-10,17,AR1 alpha + Enhanced + One-Step,NASDAQ:QCOM,0.0
2021-12-13,17,AR1 alpha + Enhanced + One-Step,NASDAQ:QCOM,0.0
2021-12-14,17,AR1 alpha + Enhanced + One-Step,NASDAQ:QCOM,0.0
2021-12-15,17,AR1 alpha + Enhanced + One-Step,NASDAQ:QCOM,1.4489539728828405e-07
2021-12-16,17,AR1 alpha + Enhanced + One-Step,NASDAQ:QCOM,1.531438572961667e-07
2021-12-17,17,AR1 alpha + Enhanced + One-Step,NASDAQ:QCOM,3.39153486343446e-08
2021-12-20,17,AR1 alpha + Enhanced + One-Step,NASDAQ:QCOM,0.0
2021-12-21,17,AR1 alpha + Enhanced + One-Step,NASDAQ:QCOM,0.0
2021-12-22,17,AR1 alpha + Enhanced + One-Step,NASDAQ:QCOM,2.3216228310022096e-08
2021-12-23,17,AR1 alpha + Enhanced + One-Step,NASDAQ:QCOM,2.0162502477588796e-07
2021-12-27,17,AR1 alpha + Enhanced + One-Step,NASDAQ:QCOM,1.8590554282014707e-07
2021-12-28,17,AR1 alpha + Enhanced + One-Step,NASDAQ:QCOM,2.2199290168069686e-07
2021-12-29,17,AR1 alpha + Enhanced + One-Step,NASDAQ:QCOM,2.738143139436449e-07
2021-12-30,17,AR1 alpha + Enhanced + One-Step,NASDAQ:QCOM,3.63049122679792e-07
2021-12-31,17,AR1 alpha + Enhanced + One-Step,NASDAQ:QCOM,1.9354779519225433e-07
2022-01-03,17,AR1 alpha + Enhanced + One-Step,NASDAQ:QCOM,1.290120167307098e-07
2022-01-04,17,AR1 alpha + Enhanced + One-Step,NASDAQ:QCOM,1.6443640174218332e-07
2022-01-05,17,AR1 alpha + Enhanced + One-Step,NASDAQ:QCOM,1.1003647670359517e-07
2022-01-06,17,AR1 alpha + Enhanced + One-Step,NASDAQ:QCOM,1.426912582148515e-07
2022-01-07,17,AR1 alpha + Enhanced + One-Step,NASDAQ:QCOM,1.5481065266471263e-07
2022-01-10,17,AR1 alpha + Enhanced + One-Step,NASDAQ:QCOM,0.0
2022-01-11,17,AR1 alpha + Enhanced + One-Step,NASDAQ:QCOM,0.0
2022-01-12,17,AR1 alpha + Enhanced + One-Step,NASDAQ:QCOM,0.0
2022-01-13,17,AR1 alpha + Enhanced + One-Step,NASDAQ:QCOM,0.0
2022-01-14,17,AR1 alpha + Enhanced + One-Step,NASDAQ:QCOM,0.0
2022-01-18,17,AR1 alpha + Enhanced + One-Step,NASDAQ:QCOM,1.4030707331169533e-07
2022-01-19,17,AR1 alpha + Enhanced + One-Step,NASDAQ:QCOM,0.0
2022-01-20,17,AR1 alpha + Enhanced + One-Step,NASDAQ:QCOM,4.80817365490871e-08
2022-01-21,17,AR1 alpha + Enhanced + One-Step,NASDAQ:QCOM,0.0
2022-01-24,17,AR1 alpha + Enhanced + One-Step,NASDAQ:QCOM,0.0
2022-01-25,17,AR1 alpha + Enhanced + One-Step,NASDAQ:QCOM,3.5876173035827696e-08
2022-01-26,17,AR1 alpha + Enhanced + One-Step,NASDAQ:QCOM,5.461284883410204e-08
2022-01-27,17,AR1 alpha + Enhanced + One-Step,NASDAQ:QCOM,1.80081514293873e-07
2022-01-28,17,AR1 alpha + Enhanced + One-Step,NASDAQ:QCOM,1.1710926872027016e-07
2022-01-31,17,AR1 alpha + Enhanced + One-Step,NASDAQ:QCOM,3.5910814047173877e-07
2022-02-01,17,AR1 alpha + Enhanced + One-Step,NASDAQ:QCOM,1.2108299683139594e-07
2022-02-02,17,AR1 alpha + Enhanced + One-Step,NASDAQ:QCOM,4.720668539667948e-09
2022-02-03,17,AR1 alpha + Enhanced + One-Step,NASDAQ:QCOM,0.0
2022-02-04,17,AR1 alpha + Enhanced + One-Step,NASDAQ:QCOM,0.0
2022-02-07,17,AR1 alpha + Enhanced + One-Step,NASDAQ:QCOM,5.145341013970556e-09
2022-02-08,17,AR1 alpha + Enhanced + One-Step,NASDAQ:QCOM,4.327867686003439e-08
2022-02-09,17,AR1 alpha + Enhanced + One-Step,NASDAQ:QCOM,3.5732674065067365e-08
2022-02-10,17,AR1 alpha + Enhanced + One-Step,NASDAQ:QCOM,3.168965814607147e-08
2022-02-11,17,AR1 alpha + Enhanced + One-Step,NASDAQ:QCOM,3.805484975639026e-07
2022-02-14,17,AR1 alpha + Enhanced + One-Step,NASDAQ:QCOM,1.6109689388840282e-07
2022-02-15,17,AR1 alpha + Enhanced + One-Step,NASDAQ:QCOM,1.1972541145881035e-07
2022-02-16,17,AR1 alpha + Enhanced + One-Step,NASDAQ:QCOM,3.0768829932723063e-07
2022-02-17,17,AR1 alpha + Enhanced + One-Step,NASDAQ:QCOM,4.866106804404289e-07
2022-02-18,17,AR1 alpha + Enhanced + One-Step,NASDAQ:QCOM,4.057736681921625e-07
2022-02-22,17,AR1 alpha + Enhanced + One-Step,NASDAQ:QCOM,2.310246069528028e-07
2022-02-23,17,AR1 alpha + Enhanced + One-Step,NASDAQ:QCOM,1.5719078376760887e-07
2022-02-24,17,AR1 alpha + Enhanced + One-Step,NASDAQ:QCOM,1.8245602722812698e-07
2022-02-25,17,AR1 alpha + Enhanced + One-Step,NASDAQ:QCOM,1.8428270649230317e-07
2022-02-28,17,AR1 alpha + Enhanced + One-Step,NASDAQ:QCOM,2.0892845972740797e-07
2022-03-01,17,AR1 alpha + Enhanced + One-Step,NASDAQ:QCOM,2.0331684347028678e-07
2022-03-02,17,AR1 alpha + Enhanced + One-Step,NASDAQ:QCOM,0.00019862440797815828
2022-03-03,17,AR1 alpha + Enhanced + One-Step,NASDAQ:QCOM,0.00019861343227437622
2022-03-04,17,AR1 alpha + Enhanced + One-Step,NASDAQ:QCOM,0.0001975049151956398
2022-03-07,17,AR1 alpha + Enhanced + One-Step,NASDAQ:QCOM,0.0001986902524364883
2022-03-08,17,AR1 alpha + Enhanced + One-Step,NASDAQ:QCOM,0.00019869798014254174
2022-03-09,17,AR1 alpha + Enhanced + One-Step,NASDAQ:QCOM,0.000198698372457388
2022-03-10,17,AR1 alpha + Enhanced + One-Step,NASDAQ:QCOM,0.00019886596752295506
2022-03-11,17,AR1 alpha + Enhanced + One-Step,NASDAQ:QCOM,0.0001985126485694362
2022-03-14,17,AR1 alpha + Enhanced + One-Step,NASDAQ:QCOM,7.254091702608848e-07
2022-03-15,17,AR1 alpha + Enhanced + One-Step,NASDAQ:QCOM,2.0622860115551162e-07
2022-03-16,17,AR1 alpha + Enhanced + One-Step,NASDAQ:QCOM,1.503136329122321e-07
2022-03-17,17,AR1 alpha + Enhanced + One-Step,NASDAQ:QCOM,1.6912184960996407e-07
2022-03-18,17,AR1 alpha + Enhanced + One-Step,NASDAQ:QCOM,8.724524975999303e-08
2022-03-21,17,AR1 alpha + Enhanced + One-Step,NASDAQ:QCOM,2.074548129016554e-07
2022-03-22,17,AR1 alpha + Enhanced + One-Step,NASDAQ:QCOM,1.3713222917459638e-07
2022-03-23,17,AR1 alpha + Enhanced + One-Step,NASDAQ:QCOM,7.459586320853163e-08
2022-03-24,17,AR1 alpha + Enhanced + One-Step,NASDAQ:QCOM,1.567112410598564e-07
2022-03-25,17,AR1 alpha + Enhanced + One-Step,NASDAQ:QCOM,0.0
2022-03-28,17,AR1 alpha + Enhanced + One-Step,NASDAQ:QCOM,2.472783038400616e-07
2022-03-29,17,AR1 alpha + Enhanced + One-Step,NASDAQ:QCOM,0.0
2022-03-30,17,AR1 alpha + Enhanced + One-Step,NASDAQ:QCOM,2.24153444066937e-08
2022-03-31,17,AR1 alpha + Enhanced + One-Step,NASDAQ:QCOM,1.1863676211209754e-08
2022-04-01,17,AR1 alpha + Enhanced + One-Step,NASDAQ:QCOM,0.0
2022-04-04,17,AR1 alpha + Enhanced + One-Step,NASDAQ:QCOM,1.8023699101863694e-09
2022-04-05,17,AR1 alpha + Enhanced + One-Step,NASDAQ:QCOM,5.145127631537097e-08
2022-04-06,17,AR1 alpha + Enhanced + One-Step,NASDAQ:QCOM,0.0
2022-04-07,17,AR1 alpha + Enhanced + One-Step,NASDAQ:QCOM,0.0
2022-04-08,17,AR1 alpha + Enhanced + One-Step,NASDAQ:QCOM,1.145903970533493e-07
2022-04-11,17,AR1 alpha + Enhanced + One-Step,NASDAQ:QCOM,0.0
2022-04-12,17,AR1 alpha + Enhanced + One-Step,NASDAQ:QCOM,0.0
2022-04-13,17,AR1 alpha + Enhanced + One-Step,NASDAQ:QCOM,4.6852474226034653e-08
2022-04-14,17,AR1 alpha + Enhanced + One-Step,NASDAQ:QCOM,0.0
2022-04-18,17,AR1 alpha + Enhanced + One-Step,NASDAQ:QCOM,0.0
2022-04-19,17,AR1 alpha + Enhanced + One-Step,NASDAQ:QCOM,0.0
2022-04-20,17,AR1 alpha + Enhanced + One-Step,NASDAQ:QCOM,0.0
2022-04-21,17,AR1 alpha + Enhanced + One-Step,NASDAQ:QCOM,1.285691711877315e-07
2022-04-22,17,AR1 alpha + Enhanced + One-Step,NASDAQ:QCOM,0.0
2022-04-25,17,AR1 alpha + Enhanced + One-Step,NASDAQ:QCOM,0.0
2022-04-26,17,AR1 alpha + Enhanced + One-Step,NASDAQ:QCOM,9.192645261505053e-08
2022-04-27,17,AR1 alpha + Enhanced + One-Step,NASDAQ:QCOM,7.17639437109019e-08
2022-04-28,17,AR1 alpha + Enhanced + One-Step,NASDAQ:QCOM,0.0
2022-04-29,17,AR1 alpha + Enhanced + One-Step,NASDAQ:QCOM,6.448520601537892e-08
2022-05-02,17,AR1 alpha + Enhanced + One-Step,NASDAQ:QCOM,0.0
2022-05-03,17,AR1 alpha + Enhanced + One-Step,NASDAQ:QCOM,0.0
2022-05-04,17,AR1 alpha + Enhanced + One-Step,NASDAQ:QCOM,9.477891330675142e-09
2022-05-05,17,AR1 alpha + Enhanced + One-Step,NASDAQ:QCOM,2.9827247127375957e-07
2022-05-06,17,AR1 alpha + Enhanced + One-Step,NASDAQ:QCOM,0.0
2022-05-09,17,AR1 alpha + Enhanced + One-Step,NASDAQ:QCOM,9.439901801797475e-08
2022-05-10,17,AR1 alpha + Enhanced + One-Step,NASDAQ:QCOM,1.447851139726807e-07
2022-05-11,17,AR1 alpha + Enhanced + One-Step,NASDAQ:QCOM,6.948100780450093e-07
2022-05-12,17,AR1 alpha + Enhanced + One-Step,NASDAQ:QCOM,0.0
2022-05-13,17,AR1 alpha + Enhanced + One-Step,NASDAQ:QCOM,0.0
2022-05-16,17,AR1 alpha + Enhanced + One-Step,NASDAQ:QCOM,1.782323323942365e-08
2022-05-17,17,AR1 alpha + Enhanced + One-Step,NASDAQ:QCOM,0.0
2022-05-18,17,AR1 alpha + Enhanced + One-Step,NASDAQ:QCOM,0.0011298016087404972
2022-05-19,17,AR1 alpha + Enhanced + One-Step,NASDAQ:QCOM,0.0011296920960733611
2022-05-20,17,AR1 alpha + Enhanced + One-Step,NASDAQ:QCOM,0.0011297002605936382
2022-05-23,17,AR1 alpha + Enhanced + One-Step,NASDAQ:QCOM,0.0011295729964103662
2022-05-24,17,AR1 alpha + Enhanced + One-Step,NASDAQ:QCOM,0.0011290761445838867
2022-05-25,17,AR1 alpha + Enhanced + One-Step,NASDAQ:QCOM,0.0011284313037530757
2022-05-26,17,AR1 alpha + Enhanced + One-Step,NASDAQ:QCOM,0.0
2022-05-27,17,AR1 alpha + Enhanced + One-Step,NASDAQ:QCOM,1.7222268424252356e-08
2022-05-31,17,AR1 alpha + Enhanced + One-Step,NASDAQ:QCOM,0.0
2022-06-01,17,AR1 alpha + Enhanced + One-Step,NASDAQ:QCOM,1.823957877177312e-07
2022-06-02,17,AR1 alpha + Enhanced + One-Step,NASDAQ:QCOM,3.4808103388036477e-07
2022-06-03,17,AR1 alpha + Enhanced + One-Step,NASDAQ:QCOM,8.548112383584312e-08
2022-06-06,17,AR1 alpha + Enhanced + One-Step,NASDAQ:QCOM,0.0
2022-06-07,17,AR1 alpha + Enhanced + One-Step,NASDAQ:QCOM,0.0
2022-06-08,17,AR1 alpha + Enhanced + One-Step,NASDAQ:QCOM,0.0
2022-06-09,17,AR1 alpha + Enhanced + One-Step,NASDAQ:QCOM,0.0
2022-06-10,17,AR1 alpha + Enhanced + One-Step,NASDAQ:QCOM,0.0
2022-06-13,17,AR1 alpha + Enhanced + One-Step,NASDAQ:QCOM,0.0
2022-06-14,17,AR1 alpha + Enhanced + One-Step,NASDAQ:QCOM,7.346987563951003e-07
2022-06-15,17,AR1 alpha + Enhanced + One-Step,NASDAQ:QCOM,2.4898180061594083e-07
2022-06-16,17,AR1 alpha + Enhanced + One-Step,NASDAQ:QCOM,1.1054778792398964e-08
2022-06-17,17,AR1 alpha + Enhanced + One-Step,NASDAQ:QCOM,0.0
2022-06-21,17,AR1 alpha + Enhanced + One-Step,NASDAQ:QCOM,0.0
2022-06-22,17,AR1 alpha + Enhanced + One-Step,NASDAQ:QCOM,0.0
2022-06-23,17,AR1 alpha + Enhanced + One-Step,NASDAQ:QCOM,0.0
2022-06-24,17,AR1 alpha + Enhanced + One-Step,NASDAQ:QCOM,0.0
2022-06-27,17,AR1 alpha + Enhanced + One-Step,NASDAQ:QCOM,1.4942011843104477e-07
2022-06-28,17,AR1 alpha + Enhanced + One-Step,NASDAQ:QCOM,8.624427802235515e-08
2022-06-29,17,AR1 alpha + Enhanced + One-Step,NASDAQ:QCOM,0.0
2022-06-30,17,AR1 alpha + Enhanced + One-Step,NASDAQ:QCOM,7.29837008350611e-08
2022-07-01,17,AR1 alpha + Enhanced + One-Step,NASDAQ:QCOM,1.82378227516682e-08
2022-07-05,17,AR1 alpha + Enhanced + One-Step,NASDAQ:QCOM,1.5860074412949642e-09
2022-07-06,17,AR1 alpha + Enhanced + One-Step,NASDAQ:QCOM,0.0
2022-07-07,17,AR1 alpha + Enhanced + One-Step,NASDAQ:QCOM,0.0
2022-07-08,17,AR1 alpha + Enhanced + One-Step,NASDAQ:QCOM,0.0
2022-07-11,17,AR1 alpha + Enhanced + One-Step,NASDAQ:QCOM,0.0
2022-07-12,17,AR1 alpha + Enhanced + One-Step,NASDAQ:QCOM,0.0
2022-07-13,17,AR1 alpha + Enhanced + One-Step,NASDAQ:QCOM,0.0
2022-07-14,17,AR1 alpha + Enhanced + One-Step,NASDAQ:QCOM,0.0
2022-07-15,17,AR1 alpha + Enhanced + One-Step,NASDAQ:QCOM,0.0
2022-07-18,17,AR1 alpha + Enhanced + One-Step,NASDAQ:QCOM,0.0
2022-07-19,17,AR1 alpha + Enhanced + One-Step,NASDAQ:QCOM,0.0
2022-07-20,17,AR1 alpha + Enhanced + One-Step,NASDAQ:QCOM,0.0
2022-07-21,17,AR1 alpha + Enhanced + One-Step,NASDAQ:QCOM,0.0
2022-07-22,17,AR1 alpha + Enhanced + One-Step,NASDAQ:QCOM,1.3615963582779926e-09
2022-07-25,17,AR1 alpha + Enhanced + One-Step,NASDAQ:QCOM,2.778497952403227e-07
2022-07-26,17,AR1 alpha + Enhanced + One-Step,NASDAQ:QCOM,1.7396644485761745e-07
2022-07-27,17,AR1 alpha + Enhanced + One-Step,NASDAQ:QCOM,1.0988535634775361e-07
2022-07-28,17,AR1 alpha + Enhanced + One-Step,NASDAQ:QCOM,0.005228340739226607
2022-07-29,17,AR1 alpha + Enhanced + One-Step,NASDAQ:QCOM,0.019518575668604755
2022-08-01,17,AR1 alpha + Enhanced + One-Step,NASDAQ:QCOM,0.01951858879690261
2022-08-02,17,AR1 alpha + Enhanced + One-Step,NASDAQ:QCOM,0.009156558939521617
2022-08-03,17,AR1 alpha + Enhanced + One-Step,NASDAQ:QCOM,0.0
2022-08-04,17,AR1 alpha + Enhanced + One-Step,NASDAQ:QCOM,6.798705948107598e-08
2022-08-05,17,AR1 alpha + Enhanced + One-Step,NASDAQ:QCOM,0.0
2022-08-08,17,AR1 alpha + Enhanced + One-Step,NASDAQ:QCOM,0.0
2022-08-09,17,AR1 alpha + Enhanced + One-Step,NASDAQ:QCOM,3.813927693191754e-07
2022-08-10,17,AR1 alpha + Enhanced + One-Step,NASDAQ:QCOM,0.0
2022-08-11,17,AR1 alpha + Enhanced + One-Step,NASDAQ:QCOM,0.0
2022-08-12,17,AR1 alpha + Enhanced + One-Step,NASDAQ:QCOM,1.541834038522016e-08
2022-08-15,17,AR1 alpha + Enhanced + One-Step,NASDAQ:QCOM,4.0797591108321924e-09
2022-08-16,17,AR1 alpha + Enhanced + One-Step,NASDAQ:QCOM,5.906637317477924e-08
2022-08-17,17,AR1 alpha + Enhanced + One-Step,NASDAQ:QCOM,5.117037648071607e-07
2022-08-18,17,AR1 alpha + Enhanced + One-Step,NASDAQ:QCOM,0.0
2022-08-19,17,AR1 alpha + Enhanced + One-Step,NASDAQ:QCOM,0.0
2022-08-22,17,AR1 alpha + Enhanced + One-Step,NASDAQ:QCOM,3.418445958016763e-07
2022-08-23,17,AR1 alpha + Enhanced + One-Step,NASDAQ:QCOM,3.9967130763417326e-07
2022-08-24,17,AR1 alpha + Enhanced + One-Step,NASDAQ:QCOM,1.6645840689038694e-07
2022-08-25,17,AR1 alpha + Enhanced + One-Step,NASDAQ:QCOM,0.0
2022-08-26,17,AR1 alpha + Enhanced + One-Step,NASDAQ:QCOM,0.0
2022-08-29,17,AR1 alpha + Enhanced + One-Step,NASDAQ:QCOM,2.9218365564516627e-08
2022-08-30,17,AR1 alpha + Enhanced + One-Step,NASDAQ:QCOM,0.0
2022-08-31,17,AR1 alpha + Enhanced + One-Step,NASDAQ:QCOM,0.0
2022-09-01,17,AR1 alpha + Enhanced + One-Step,NASDAQ:QCOM,1.6784740982502307e-07
2022-09-02,17,AR1 alpha + Enhanced + One-Step,NASDAQ:QCOM,1.0200219929940375e-07
2022-09-06,17,AR1 alpha + Enhanced + One-Step,NASDAQ:QCOM,6.993343456721558e-08
2022-09-07,17,AR1 alpha + Enhanced + One-Step,NASDAQ:QCOM,5.7064457408616215e-08
2022-09-08,17,AR1 alpha + Enhanced + One-Step,NASDAQ:QCOM,9.524884278463905e-08
2022-09-09,17,AR1 alpha + Enhanced + One-Step,NASDAQ:QCOM,2.243699482925495e-07
2022-09-12,17,AR1 alpha + Enhanced + One-Step,NASDAQ:QCOM,8.105008296868302e-08
2022-09-13,17,AR1 alpha + Enhanced + One-Step,NASDAQ:QCOM,4.820717559608934e-08
2022-09-14,17,AR1 alpha + Enhanced + One-Step,NASDAQ:QCOM,0.0
2022-09-15,17,AR1 alpha + Enhanced + One-Step,NASDAQ:QCOM,0.0
2022-09-16,17,AR1 alpha + Enhanced + One-Step,NASDAQ:QCOM,5.911791587080274e-08
2022-09-19,17,AR1 alpha + Enhanced + One-Step,NASDAQ:QCOM,0.0
2022-09-20,17,AR1 alpha + Enhanced + One-Step,NASDAQ:QCOM,1.0334801620884751e-07
2022-09-21,17,AR1 alpha + Enhanced + One-Step,NASDAQ:QCOM,0.0
2022-09-22,17,AR1 alpha + Enhanced + One-Step,NASDAQ:QCOM,0.0
2022-09-23,17,AR1 alpha + Enhanced + One-Step,NASDAQ:QCOM,9.067555625755407e-08
2022-09-26,17,AR1 alpha + Enhanced + One-Step,NASDAQ:QCOM,4.128105077494037e-08
2022-09-27,17,AR1 alpha + Enhanced + One-Step,NASDAQ:QCOM,0.0
2022-09-28,17,AR1 alpha + Enhanced + One-Step,NASDAQ:QCOM,0.0
2022-09-29,17,AR1 alpha + Enhanced + One-Step,NASDAQ:QCOM,2.4685390881687657e-07
2022-09-30,17,AR1 alpha + Enhanced + One-Step,NASDAQ:QCOM,9.006446284580897e-08
2022-10-03,17,AR1 alpha + Enhanced + One-Step,NASDAQ:QCOM,5.302916735641043e-08
2022-10-04,17,AR1 alpha + Enhanced + One-Step,NASDAQ:QCOM,0.0
2022-10-05,17,AR1 alpha + Enhanced + One-Step,NASDAQ:QCOM,0.0
2022-10-06,17,AR1 alpha + Enhanced + One-Step,NASDAQ:QCOM,0.0
2022-10-07,17,AR1 alpha + Enhanced + One-Step,NASDAQ:QCOM,6.861112325692968e-08
2022-10-10,17,AR1 alpha + Enhanced + One-Step,NASDAQ:QCOM,0.0
2022-10-11,17,AR1 alpha + Enhanced + One-Step,NASDAQ:QCOM,0.0
2022-10-12,17,AR1 alpha + Enhanced + One-Step,NASDAQ:QCOM,0.0
2022-10-13,17,AR1 alpha + Enhanced + One-Step,NASDAQ:QCOM,6.067367466422981e-07
2022-10-14,17,AR1 alpha + Enhanced + One-Step,NASDAQ:QCOM,3.837710482400434e-07
2022-10-17,17,AR1 alpha + Enhanced + One-Step,NASDAQ:QCOM,1.0246864048455315e-07
2022-10-18,17,AR1 alpha + Enhanced + One-Step,NASDAQ:QCOM,3.58935994083594e-08
2022-10-19,17,AR1 alpha + Enhanced + One-Step,NASDAQ:QCOM,1.9343683569171464e-08
2022-10-20,17,AR1 alpha + Enhanced + One-Step,NASDAQ:QCOM,1.0553847608436052e-07
2022-10-21,17,AR1 alpha + Enhanced + One-Step,NASDAQ:QCOM,9.239246513740451e-08
2022-10-24,17,AR1 alpha + Enhanced + One-Step,NASDAQ:QCOM,0.0
2022-10-25,17,AR1 alpha + Enhanced + One-Step,NASDAQ:QCOM,1.3833924930534452e-08
2022-10-26,17,AR1 alpha + Enhanced + One-Step,NASDAQ:QCOM,2.993077437588926e-08
2022-10-27,17,AR1 alpha + Enhanced + One-Step,NASDAQ:QCOM,0.0
2022-10-28,17,AR1 alpha + Enhanced + One-Step,NASDAQ:QCOM,0.0
2022-10-31,17,AR1 alpha + Enhanced + One-Step,NASDAQ:QCOM,0.0
2022-11-01,17,AR1 alpha + Enhanced + One-Step,NASDAQ:QCOM,0.0
2022-11-02,17,AR1 alpha + Enhanced + One-Step,NASDAQ:QCOM,2.98915382359983e-08
2022-11-03,17,AR1 alpha + Enhanced + One-Step,NASDAQ:QCOM,1.0948230313004365e-06
2022-11-04,17,AR1 alpha + Enhanced + One-Step,NASDAQ:QCOM,3.091566764128086e-07
2022-11-07,17,AR1 alpha + Enhanced + One-Step,NASDAQ:QCOM,0.0
2022-11-08,17,AR1 alpha + Enhanced + One-Step,NASDAQ:QCOM,6.055323741283115e-08
2022-11-09,17,AR1 alpha + Enhanced + One-Step,NASDAQ:QCOM,0.0
2022-11-10,17,AR1 alpha + Enhanced + One-Step,NASDAQ:QCOM,1.0326270426351613e-08
2022-11-11,17,AR1 alpha + Enhanced + One-Step,NASDAQ:QCOM,0.0
2022-11-14,17,AR1 alpha + Enhanced + One-Step,NASDAQ:QCOM,0.0
2022-11-15,17,AR1 alpha + Enhanced + One-Step,NASDAQ:QCOM,1.2393717256203272e-08
2022-11-16,17,AR1 alpha + Enhanced + One-Step,NASDAQ:QCOM,6.035947518304304e-10
2022-11-17,17,AR1 alpha + Enhanced + One-Step,NASDAQ:QCOM,0.0
2022-11-18,17,AR1 alpha + Enhanced + One-Step,NASDAQ:QCOM,2.5464275179053078e-08
2022-11-21,17,AR1 alpha + Enhanced + One-Step,NASDAQ:QCOM,0.0
2022-11-22,17,AR1 alpha + Enhanced + One-Step,NASDAQ:QCOM,0.0
2022-11-23,17,AR1 alpha + Enhanced + One-Step,NASDAQ:QCOM,2.640051025045535e-07
2022-11-25,17,AR1 alpha + Enhanced + One-Step,NASDAQ:QCOM,2.64632875073404e-07
2022-11-28,17,AR1 alpha + Enhanced + One-Step,NASDAQ:QCOM,1.9956248612351862e-07
2022-11-29,17,AR1 alpha + Enhanced + One-Step,NASDAQ:QCOM,1.2555782466586363e-07
2022-11-30,17,AR1 alpha + Enhanced + One-Step,NASDAQ:QCOM,7.230078863514454e-08
2022-12-01,17,AR1 alpha + Enhanced + One-Step,NASDAQ:QCOM,0.0
2022-12-02,17,AR1 alpha + Enhanced + One-Step,NASDAQ:QCOM,4.202522269973447e-08
2022-12-05,17,AR1 alpha + Enhanced + One-Step,NASDAQ:QCOM,0.0
2022-12-06,17,AR1 alpha + Enhanced + One-Step,NASDAQ:QCOM,0.0
2022-12-07,17,AR1 alpha + Enhanced + One-Step,NASDAQ:QCOM,0.0
2022-12-08,17,AR1 alpha + Enhanced + One-Step,NASDAQ:QCOM,0.0
2022-12-09,17,AR1 alpha + Enhanced + One-Step,NASDAQ:QCOM,0.0
2022-12-12,17,AR1 alpha + Enhanced + One-Step,NASDAQ:QCOM,0.0
2022-12-13,17,AR1 alpha + Enhanced + One-Step,NASDAQ:QCOM,0.0
2022-12-14,17,AR1 alpha + Enhanced + One-Step,NASDAQ:QCOM,0.0
2022-12-15,17,AR1 alpha + Enhanced + One-Step,NASDAQ:QCOM,0.0
2022-12-16,17,AR1 alpha + Enhanced + One-Step,NASDAQ:QCOM,0.0
2022-12-19,17,AR1 alpha + Enhanced + One-Step,NASDAQ:QCOM,0.0
2022-12-20,17,AR1 alpha + Enhanced + One-Step,NASDAQ:QCOM,0.0
2022-12-21,17,AR1 alpha + Enhanced + One-Step,NASDAQ:QCOM,0.0
2022-12-22,17,AR1 alpha + Enhanced + One-Step,NASDAQ:QCOM,0.0
2022-12-23,17,AR1 alpha + Enhanced + One-Step,NASDAQ:QCOM,1.5199530300262628e-08
2022-12-27,17,AR1 alpha + Enhanced + One-Step,NASDAQ:QCOM,1.9358661375744394e-08
2022-12-28,17,AR1 alpha + Enhanced + One-Step,NASDAQ:QCOM,0.0
2022-12-29,17,AR1 alpha + Enhanced + One-Step,NASDAQ:QCOM,0.0
2022-12-30,17,AR1 alpha + Enhanced + One-Step,NASDAQ:QCOM,0.0
2023-01-03,17,AR1 alpha + Enhanced + One-Step,NASDAQ:QCOM,2.5981732094864887e-09
2023-01-04,17,AR1 alpha + Enhanced + One-Step,NASDAQ:QCOM,0.0
2023-01-05,17,AR1 alpha + Enhanced + One-Step,NASDAQ:QCOM,3.837535746026635e-07
2023-01-06,17,AR1 alpha + Enhanced + One-Step,NASDAQ:QCOM,1.499385499509287e-07
2023-01-09,17,AR1 alpha + Enhanced + One-Step,NASDAQ:QCOM,0.0
2023-01-10,17,AR1 alpha + Enhanced + One-Step,NASDAQ:QCOM,7.168829404091769e-07
2023-01-11,17,AR1 alpha + Enhanced + One-Step,NASDAQ:QCOM,0.0
2023-01-12,17,AR1 alpha + Enhanced + One-Step,NASDAQ:QCOM,0.0
2023-01-13,17,AR1 alpha + Enhanced + One-Step,NASDAQ:QCOM,0.0
2023-01-17,17,AR1 alpha + Enhanced + One-Step,NASDAQ:QCOM,0.0
2023-01-18,17,AR1 alpha + Enhanced + One-Step,NASDAQ:QCOM,3.449274988093051e-07
2023-01-19,17,AR1 alpha + Enhanced + One-Step,NASDAQ:QCOM,0.0
2023-01-20,17,AR1 alpha + Enhanced + One-Step,NASDAQ:QCOM,0.0
2023-01-23,17,AR1 alpha + Enhanced + One-Step,NASDAQ:QCOM,0.0
2023-01-24,17,AR1 alpha + Enhanced + One-Step,NASDAQ:QCOM,9.727230459615854e-09
2023-01-25,17,AR1 alpha + Enhanced + One-Step,NASDAQ:QCOM,2.1988294224710544e-08
2023-01-26,17,AR1 alpha + Enhanced + One-Step,NASDAQ:QCOM,2.7483770360110912e-08
2023-01-27,17,AR1 alpha + Enhanced + One-Step,NASDAQ:QCOM,0.0
2023-01-30,17,AR1 alpha + Enhanced + One-Step,NASDAQ:QCOM,8.046378930062747e-08
2023-01-31,17,AR1 alpha + Enhanced + One-Step,NASDAQ:QCOM,0.0
2023-02-01,17,AR1 alpha + Enhanced + One-Step,NASDAQ:QCOM,0.0
2023-02-02,17,AR1 alpha + Enhanced + One-Step,NASDAQ:QCOM,8.874314111107806e-07
2023-02-03,17,AR1 alpha + Enhanced + One-Step,NASDAQ:QCOM,4.3069450670608115e-07
2023-02-06,17,AR1 alpha + Enhanced + One-Step,NASDAQ:QCOM,5.634855642665445e-07
2023-02-07,17,AR1 alpha + Enhanced + One-Step,NASDAQ:QCOM,1.6888756158585094e-06
2023-02-08,17,AR1 alpha + Enhanced + One-Step,NASDAQ:QCOM,6.807320061138488e-07
2023-02-09,17,AR1 alpha + Enhanced + One-Step,NASDAQ:QCOM,3.030454634003019e-07
2023-02-10,17,AR1 alpha + Enhanced + One-Step,NASDAQ:QCOM,0.0
2023-02-13,17,AR1 alpha + Enhanced + One-Step,NASDAQ:QCOM,2.356600690911635e-09
2023-02-14,17,AR1 alpha + Enhanced + One-Step,NASDAQ:QCOM,1.0960646098036185e-06
2023-02-15,17,AR1 alpha + Enhanced + One-Step,NASDAQ:QCOM,6.365503467855782e-07
2023-02-16,17,AR1 alpha + Enhanced + One-Step,NASDAQ:QCOM,0.0
2023-02-17,17,AR1 alpha + Enhanced + One-Step,NASDAQ:QCOM,0.0
2023-02-21,17,AR1 alpha + Enhanced + One-Step,NASDAQ:QCOM,0.0
2023-02-22,17,AR1 alpha + Enhanced + One-Step,NASDAQ:QCOM,0.0
2023-02-23,17,AR1 alpha + Enhanced + One-Step,NASDAQ:QCOM,0.0
2023-02-24,17,AR1 alpha + Enhanced + One-Step,NASDAQ:QCOM,1.4227282430162042e-06
2023-02-27,17,AR1 alpha + Enhanced + One-Step,NASDAQ:QCOM,8.883796778197329e-07
2023-02-28,17,AR1 alpha + Enhanced + One-Step,NASDAQ:QCOM,1.0868263421233601e-06
2023-03-01,17,AR1 alpha + Enhanced + One-Step,NASDAQ:QCOM,4.805006454942985e-07
2023-03-02,17,AR1 alpha + Enhanced + One-Step,NASDAQ:QCOM,0.0
2023-03-03,17,AR1 alpha + Enhanced + One-Step,NASDAQ:QCOM,0.0
2023-03-06,17,AR1 alpha + Enhanced + One-Step,NASDAQ:QCOM,0.0
2023-03-07,17,AR1 alpha + Enhanced + One-Step,NASDAQ:QCOM,0.0
2023-03-08,17,AR1 alpha + Enhanced + One-Step,NASDAQ:QCOM,0.0
2023-03-09,17,AR1 alpha + Enhanced + One-Step,NASDAQ:QCOM,0.0
2023-03-10,17,AR1 alpha + Enhanced + One-Step,NASDAQ:QCOM,0.0
2023-03-13,17,AR1 alpha + Enhanced + One-Step,NASDAQ:QCOM,0.0
2023-03-14,17,AR1 alpha + Enhanced + One-Step,NASDAQ:QCOM,5.18564038668573e-09
2023-03-15,17,AR1 alpha + Enhanced + One-Step,NASDAQ:QCOM,0.0
2023-03-16,17,AR1 alpha + Enhanced + One-Step,NASDAQ:QCOM,6.580328475974956e-09
2023-03-17,17,AR1 alpha + Enhanced + One-Step,NASDAQ:QCOM,0.0
2023-03-20,17,AR1 alpha + Enhanced + One-Step,NASDAQ:QCOM,0.0
2023-03-21,17,AR1 alpha + Enhanced + One-Step,NASDAQ:QCOM,0.0
2023-03-22,17,AR1 alpha + Enhanced + One-Step,NASDAQ:QCOM,0.0
2023-03-23,17,AR1 alpha + Enhanced + One-Step,NASDAQ:QCOM,0.0
2023-03-24,17,AR1 alpha + Enhanced + One-Step,NASDAQ:QCOM,0.0
2023-03-27,17,AR1 alpha + Enhanced + One-Step,NASDAQ:QCOM,0.0
2023-03-28,17,AR1 alpha + Enhanced + One-Step,NASDAQ:QCOM,0.0
2023-03-29,17,AR1 alpha + Enhanced + One-Step,NASDAQ:QCOM,7.445796842458555e-09
2023-03-30,17,AR1 alpha + Enhanced + One-Step,NASDAQ:QCOM,1.786790204515462e-08
2023-03-31,17,AR1 alpha + Enhanced + One-Step,NASDAQ:QCOM,1.1862049919446501e-07
2023-04-03,17,AR1 alpha + Enhanced + One-Step,NASDAQ:QCOM,0.0
2023-04-04,17,AR1 alpha + Enhanced + One-Step,NASDAQ:QCOM,0.0
2023-04-05,17,AR1 alpha + Enhanced + One-Step,NASDAQ:QCOM,0.0
2023-04-06,17,AR1 alpha + Enhanced + One-Step,NASDAQ:QCOM,9.484088633200633e-08
2023-04-10,17,AR1 alpha + Enhanced + One-Step,NASDAQ:QCOM,6.061692402177266e-07
2023-04-11,17,AR1 alpha + Enhanced + One-Step,NASDAQ:QCOM,0.0
2023-04-12,17,AR1 alpha + Enhanced + One-Step,NASDAQ:QCOM,0.0
2023-04-13,17,AR1 alpha + Enhanced + One-Step,NASDAQ:QCOM,0.0
2023-04-14,17,AR1 alpha + Enhanced + One-Step,NASDAQ:QCOM,0.0
2023-04-17,17,AR1 alpha + Enhanced + One-Step,NASDAQ:QCOM,8.628418681277431e-08
2023-04-18,17,AR1 alpha + Enhanced + One-Step,NASDAQ:QCOM,1.862305524612421e-08
2023-04-19,17,AR1 alpha + Enhanced + One-Step,NASDAQ:QCOM,0.0
2023-04-20,17,AR1 alpha + Enhanced + One-Step,NASDAQ:QCOM,2.5116152604260225e-08
2023-04-21,17,AR1 alpha + Enhanced + One-Step,NASDAQ:QCOM,0.0
2023-04-24,17,AR1 alpha + Enhanced + One-Step,NASDAQ:QCOM,0.0
2023-04-25,17,AR1 alpha + Enhanced + One-Step,NASDAQ:QCOM,0.0
2023-04-26,17,AR1 alpha + Enhanced + One-Step,NASDAQ:QCOM,0.0
2023-04-27,17,AR1 alpha + Enhanced + One-Step,NASDAQ:QCOM,0.0
2023-04-28,17,AR1 alpha + Enhanced + One-Step,NASDAQ:QCOM,6.700195939450773e-10
2023-05-01,17,AR1 alpha + Enhanced + One-Step,NASDAQ:QCOM,0.0
2023-05-02,17,AR1 alpha + Enhanced + One-Step,NASDAQ:QCOM,8.694250914958961e-08
2023-05-03,17,AR1 alpha + Enhanced + One-Step,NASDAQ:QCOM,0.0
2023-05-04,17,AR1 alpha + Enhanced + One-Step,NASDAQ:QCOM,0.0
2023-05-05,17,AR1 alpha + Enhanced + One-Step,NASDAQ:QCOM,0.0
2023-05-08,17,AR1 alpha + Enhanced + One-Step,NASDAQ:QCOM,2.7578116843355535e-08
2023-05-09,17,AR1 alpha + Enhanced + One-Step,NASDAQ:QCOM,0.0
2023-05-10,17,AR1 alpha + Enhanced + One-Step,NASDAQ:QCOM,3.928300424596895e-07
2023-05-11,17,AR1 alpha + Enhanced + One-Step,NASDAQ:QCOM,2.150892069757823e-07
2023-05-12,17,AR1 alpha + Enhanced + One-Step,NASDAQ:QCOM,3.3674610089687987e-07
2023-05-15,17,AR1 alpha + Enhanced + One-Step,NASDAQ:QCOM,1.4406794963833365e-07
2023-05-16,17,AR1 alpha + Enhanced + One-Step,NASDAQ:QCOM,1.3795821094230784e-07
2023-05-17,17,AR1 alpha + Enhanced + One-Step,NASDAQ:QCOM,0.0
2023-05-18,17,AR1 alpha + Enhanced + One-Step,NASDAQ:QCOM,1.6175112875318816e-06
2023-05-19,17,AR1 alpha + Enhanced + One-Step,NASDAQ:QCOM,6.901515120850531e-07
2023-05-22,17,AR1 alpha + Enhanced + One-Step,NASDAQ:QCOM,4.0579571141756167e-07
2023-05-23,17,AR1 alpha + Enhanced + One-Step,NASDAQ:QCOM,0.0
2023-05-24,17,AR1 alpha + Enhanced + One-Step,NASDAQ:QCOM,0.0
2023-05-25,17,AR1 alpha + Enhanced + One-Step,NASDAQ:QCOM,0.0
2023-05-26,17,AR1 alpha + Enhanced + One-Step,NASDAQ:QCOM,1.8460655688302913e-07
2023-05-30,17,AR1 alpha + Enhanced + One-Step,NASDAQ:QCOM,1.7673236364493593e-07
2023-05-31,17,AR1 alpha + Enhanced + One-Step,NASDAQ:QCOM,0.0
2023-06-01,17,AR1 alpha + Enhanced + One-Step,NASDAQ:QCOM,0.0
2023-06-02,17,AR1 alpha + Enhanced + One-Step,NASDAQ:QCOM,0.0
2023-06-05,17,AR1 alpha + Enhanced + One-Step,NASDAQ:QCOM,0.0
2023-06-06,17,AR1 alpha + Enhanced + One-Step,NASDAQ:QCOM,1.7487028794703865e-06
2023-06-07,17,AR1 alpha + Enhanced + One-Step,NASDAQ:QCOM,6.648693205198827e-07
2023-06-08,17,AR1 alpha + Enhanced + One-Step,NASDAQ:QCOM,2.2972984986948211e-07
2023-06-09,17,AR1 alpha + Enhanced + One-Step,NASDAQ:QCOM,0.0
2023-06-12,17,AR1 alpha + Enhanced + One-Step,NASDAQ:QCOM,0.0
2023-06-13,17,AR1 alpha + Enhanced + One-Step,NASDAQ:QCOM,0.0
2023-06-14,17,AR1 alpha + Enhanced + One-Step,NASDAQ:QCOM,0.0
2023-06-15,17,AR1 alpha + Enhanced + One-Step,NASDAQ:QCOM,0.0
2023-06-16,17,AR1 alpha + Enhanced + One-Step,NASDAQ:QCOM,0.0
2023-06-20,17,AR1 alpha + Enhanced + One-Step,NASDAQ:QCOM,0.0
2023-06-21,17,AR1 alpha + Enhanced + One-Step,NASDAQ:QCOM,0.0
2023-06-22,17,AR1 alpha + Enhanced + One-Step,NASDAQ:QCOM,0.0
2023-06-23,17,AR1 alpha + Enhanced + One-Step,NASDAQ:QCOM,0.0
2023-06-26,17,AR1 alpha + Enhanced + One-Step,NASDAQ:QCOM,0.0
2023-06-27,17,AR1 alpha + Enhanced + One-Step,NASDAQ:QCOM,0.0
2023-06-28,17,AR1 alpha + Enhanced + One-Step,NASDAQ:QCOM,0.0
2023-06-29,17,AR1 alpha + Enhanced + One-Step,NASDAQ:QCOM,0.0
2023-06-30,17,AR1 alpha + Enhanced + One-Step,NASDAQ:QCOM,0.0
2023-07-03,17,AR1 alpha + Enhanced + One-Step,NASDAQ:QCOM,0.0
2023-07-05,17,AR1 alpha + Enhanced + One-Step,NASDAQ:QCOM,0.0
2023-07-06,17,AR1 alpha + Enhanced + One-Step,NASDAQ:QCOM,0.0
2023-07-07,17,AR1 alpha + Enhanced + One-Step,NASDAQ:QCOM,0.0
2023-07-10,17,AR1 alpha + Enhanced + One-Step,NASDAQ:QCOM,7.029256628001482e-08
2023-07-11,17,AR1 alpha + Enhanced + One-Step,NASDAQ:QCOM,0.0
2023-07-12,17,AR1 alpha + Enhanced + One-Step,NASDAQ:QCOM,8.970103151530362e-08
2023-07-13,17,AR1 alpha + Enhanced + One-Step,NASDAQ:QCOM,0.0
2023-07-14,17,AR1 alpha + Enhanced + One-Step,NASDAQ:QCOM,0.0
2023-07-17,17,AR1 alpha + Enhanced + One-Step,NASDAQ:QCOM,0.0
2023-07-18,17,AR1 alpha + Enhanced + One-Step,NASDAQ:QCOM,4.2214862142739454e-07
2023-07-19,17,AR1 alpha + Enhanced + One-Step,NASDAQ:QCOM,0.0
2023-07-20,17,AR1 alpha + Enhanced + One-Step,NASDAQ:QCOM,0.0
2023-07-21,17,AR1 alpha + Enhanced + One-Step,NASDAQ:QCOM,0.0
2023-07-24,17,AR1 alpha + Enhanced + One-Step,NASDAQ:QCOM,0.0
2023-07-25,17,AR1 alpha + Enhanced + One-Step,NASDAQ:QCOM,0.0
2023-07-26,17,AR1 alpha + Enhanced + One-Step,NASDAQ:QCOM,0.0
2023-07-27,17,AR1 alpha + Enhanced + One-Step,NASDAQ:QCOM,0.0
2023-08-01,17,AR1 alpha + Enhanced + One-Step,NASDAQ:QCOM,2.2844107414719493e-07
2023-08-02,17,AR1 alpha + Enhanced + One-Step,NASDAQ:QCOM,0.0
2023-08-03,17,AR1 alpha + Enhanced + One-Step,NASDAQ:QCOM,4.782047759089102e-08
2023-08-04,17,AR1 alpha + Enhanced + One-Step,NASDAQ:QCOM,2.5688578512655056e-06
2023-08-07,17,AR1 alpha + Enhanced + One-Step,NASDAQ:QCOM,1.2730749188513776e-06
2023-08-08,17,AR1 alpha + Enhanced + One-Step,NASDAQ:QCOM,5.713759056561599e-07
2023-08-09,17,AR1 alpha + Enhanced + One-Step,NASDAQ:QCOM,0.0
2023-08-10,17,AR1 alpha + Enhanced + One-Step,NASDAQ:QCOM,0.0
2023-08-11,17,AR1 alpha + Enhanced + One-Step,NASDAQ:QCOM,0.0
2023-08-14,17,AR1 alpha + Enhanced + One-Step,NASDAQ:QCOM,0.0
2023-08-15,17,AR1 alpha + Enhanced + One-Step,NASDAQ:QCOM,0.0
2023-08-16,17,AR1 alpha + Enhanced + One-Step,NASDAQ:QCOM,0.0
2023-08-17,17,AR1 alpha + Enhanced + One-Step,NASDAQ:QCOM,0.0
2023-08-18,17,AR1 alpha + Enhanced + One-Step,NASDAQ:QCOM,0.0
2023-08-21,17,AR1 alpha + Enhanced + One-Step,NASDAQ:QCOM,0.0
2023-08-22,17,AR1 alpha + Enhanced + One-Step,NASDAQ:QCOM,0.0
2023-08-23,17,AR1 alpha + Enhanced + One-Step,NASDAQ:QCOM,0.0
2023-08-24,17,AR1 alpha + Enhanced + One-Step,NASDAQ:QCOM,0.0
2023-08-25,17,AR1 alpha + Enhanced + One-Step,NASDAQ:QCOM,0.0
2023-08-28,17,AR1 alpha + Enhanced + One-Step,NASDAQ:QCOM,0.0
2023-08-29,17,AR1 alpha + Enhanced + One-Step,NASDAQ:QCOM,0.0
2023-08-30,17,AR1 alpha + Enhanced + One-Step,NASDAQ:QCOM,0.0
2023-08-31,17,AR1 alpha + Enhanced + One-Step,NASDAQ:QCOM,0.0
2023-09-01,17,AR1 alpha + Enhanced + One-Step,NASDAQ:QCOM,0.0
2023-09-05,17,AR1 alpha + Enhanced + One-Step,NASDAQ:QCOM,0.0
2023-09-06,17,AR1 alpha + Enhanced + One-Step,NASDAQ:QCOM,0.0
2023-09-07,17,AR1 alpha + Enhanced + One-Step,NASDAQ:QCOM,0.0
2023-09-08,17,AR1 alpha + Enhanced + One-Step,NASDAQ:QCOM,0.0
2023-09-11,17,AR1 alpha + Enhanced + One-Step,NASDAQ:QCOM,4.350863290276301e-08
2023-09-12,17,AR1 alpha + Enhanced + One-Step,NASDAQ:QCOM,1.1462229791618204e-07
2023-09-13,17,AR1 alpha + Enhanced + One-Step,NASDAQ:QCOM,0.0
2023-09-14,17,AR1 alpha + Enhanced + One-Step,NASDAQ:QCOM,5.8886999182976454e-08
2023-09-15,17,AR1 alpha + Enhanced + One-Step,NASDAQ:QCOM,2.4209191720028564e-07
2023-09-18,17,AR1 alpha + Enhanced + One-Step,NASDAQ:QCOM,1.1330086329974094e-08
2023-09-19,17,AR1 alpha + Enhanced + One-Step,NASDAQ:QCOM,1.62823289775772e-08
2023-09-20,17,AR1 alpha + Enhanced + One-Step,NASDAQ:QCOM,2.3234489556312915e-08
2023-09-21,17,AR1 alpha + Enhanced + One-Step,NASDAQ:QCOM,8.745157659514308e-08
2023-09-22,17,AR1 alpha + Enhanced + One-Step,NASDAQ:QCOM,8.189061810948388e-08
2023-09-25,17,AR1 alpha + Enhanced + One-Step,NASDAQ:QCOM,0.0
2023-09-26,17,AR1 alpha + Enhanced + One-Step,NASDAQ:QCOM,0.0
2023-09-27,17,AR1 alpha + Enhanced + One-Step,NASDAQ:QCOM,0.0
2023-09-28,17,AR1 alpha + Enhanced + One-Step,NASDAQ:QCOM,0.0
2023-09-29,17,AR1 alpha + Enhanced + One-Step,NASDAQ:QCOM,0.0
2023-10-02,17,AR1 alpha + Enhanced + One-Step,NASDAQ:QCOM,0.0
2023-10-03,17,AR1 alpha + Enhanced + One-Step,NASDAQ:QCOM,0.0
2023-10-04,17,AR1 alpha + Enhanced + One-Step,NASDAQ:QCOM,0.0
2023-10-05,17,AR1 alpha + Enhanced + One-Step,NASDAQ:QCOM,0.0
2023-10-06,17,AR1 alpha + Enhanced + One-Step,NASDAQ:QCOM,0.0
2023-10-09,17,AR1 alpha + Enhanced + One-Step,NASDAQ:QCOM,0.0
2023-10-10,17,AR1 alpha + Enhanced + One-Step,NASDAQ:QCOM,0.0
2023-10-11,17,AR1 alpha + Enhanced + One-Step,NASDAQ:QCOM,0.0
2023-10-12,17,AR1 alpha + Enhanced + One-Step,NASDAQ:QCOM,2.0929653245598413e-09
2023-10-13,17,AR1 alpha + Enhanced + One-Step,NASDAQ:QCOM,1.3974398799785618e-08
2023-10-16,17,AR1 alpha + Enhanced + One-Step,NASDAQ:QCOM,2.7977556852624935e-08
2023-10-17,17,AR1 alpha + Enhanced + One-Step,NASDAQ:QCOM,0.0
2023-10-18,17,AR1 alpha + Enhanced + One-Step,NASDAQ:QCOM,1.1348954014077331e-07
2023-10-19,17,AR1 alpha + Enhanced + One-Step,NASDAQ:QCOM,4.839689004717386e-08
2023-10-20,17,AR1 alpha + Enhanced + One-Step,NASDAQ:QCOM,6.130005000114411e-08
2023-10-23,17,AR1 alpha + Enhanced + One-Step,NASDAQ:QCOM,0.0
2023-10-24,17,AR1 alpha + Enhanced + One-Step,NASDAQ:QCOM,8.144836436141176e-09
2023-10-25,17,AR1 alpha + Enhanced + One-Step,NASDAQ:QCOM,0.0
2023-10-26,17,AR1 alpha + Enhanced + One-Step,NASDAQ:QCOM,0.0
2023-10-27,17,AR1 alpha + Enhanced + One-Step,NASDAQ:QCOM,0.0
2023-10-30,17,AR1 alpha + Enhanced + One-Step,NASDAQ:QCOM,0.0
2023-10-31,17,AR1 alpha + Enhanced + One-Step,NASDAQ:QCOM,1.3246851627352394e-07
2023-11-01,17,AR1 alpha + Enhanced + One-Step,NASDAQ:QCOM,0.0
2023-11-02,17,AR1 alpha + Enhanced + One-Step,NASDAQ:QCOM,1.2739267083194082e-06
2023-11-03,17,AR1 alpha + Enhanced + One-Step,NASDAQ:QCOM,8.595024496342315e-07
2023-11-06,17,AR1 alpha + Enhanced + One-Step,NASDAQ:QCOM,6.389560569852074e-07
2023-11-07,17,AR1 alpha + Enhanced + One-Step,NASDAQ:QCOM,0.0
2023-11-08,17,AR1 alpha + Enhanced + One-Step,NASDAQ:QCOM,0.0
2023-11-09,17,AR1 alpha + Enhanced + One-Step,NASDAQ:QCOM,0.0
2023-11-10,17,AR1 alpha + Enhanced + One-Step,NASDAQ:QCOM,0.0
2023-11-13,17,AR1 alpha + Enhanced + One-Step,NASDAQ:QCOM,0.0
2023-11-14,17,AR1 alpha + Enhanced + One-Step,NASDAQ:QCOM,2.41728432741776e-07
2023-11-15,17,AR1 alpha + Enhanced + One-Step,NASDAQ:QCOM,5.380208790601006e-08
2023-11-16,17,AR1 alpha + Enhanced + One-Step,NASDAQ:QCOM,0.0
2023-11-17,17,AR1 alpha + Enhanced + One-Step,NASDAQ:QCOM,0.0
2023-11-20,17,AR1 alpha + Enhanced + One-Step,NASDAQ:QCOM,7.969084638430478e-08
2023-11-21,17,AR1 alpha + Enhanced + One-Step,NASDAQ:QCOM,8.597006497720477e-08
2023-11-22,17,AR1 alpha + Enhanced + One-Step,NASDAQ:QCOM,2.2079406126973037e-08
2023-11-24,17,AR1 alpha + Enhanced + One-Step,NASDAQ:QCOM,1.518936231534707e-08
2023-11-27,17,AR1 alpha + Enhanced + One-Step,NASDAQ:QCOM,0.0
2023-11-28,17,AR1 alpha + Enhanced + One-Step,NASDAQ:QCOM,6.549581685304719e-08
2023-11-29,17,AR1 alpha + Enhanced + One-Step,NASDAQ:QCOM,0.0
2023-11-30,17,AR1 alpha + Enhanced + One-Step,NASDAQ:QCOM,0.0
2023-12-01,17,AR1 alpha + Enhanced + One-Step,NASDAQ:QCOM,4.49814461646117e-09
2023-12-04,17,AR1 alpha + Enhanced + One-Step,NASDAQ:QCOM,0.0
2023-12-05,17,AR1 alpha + Enhanced + One-Step,NASDAQ:QCOM,0.0
2023-12-06,17,AR1 alpha + Enhanced + One-Step,NASDAQ:QCOM,2.763449840082714e-08
2023-12-07,17,AR1 alpha + Enhanced + One-Step,NASDAQ:QCOM,1.91490620862149e-08
2023-12-08,17,AR1 alpha + Enhanced + One-Step,NASDAQ:QCOM,2.7567223888988884e-08
2023-12-11,17,AR1 alpha + Enhanced + One-Step,NASDAQ:QCOM,0.0
2023-12-12,17,AR1 alpha + Enhanced + One-Step,NASDAQ:QCOM,0.0
2023-12-13,17,AR1 alpha + Enhanced + One-Step,NASDAQ:QCOM,8.014698456696442e-07
2023-12-14,17,AR1 alpha + Enhanced + One-Step,NASDAQ:QCOM,4.6596454594626873e-07
2023-12-15,17,AR1 alpha + Enhanced + One-Step,NASDAQ:QCOM,0.0
2023-12-18,17,AR1 alpha + Enhanced + One-Step,NASDAQ:QCOM,0.0
2023-12-19,17,AR1 alpha + Enhanced + One-Step,NASDAQ:QCOM,0.0
2023-12-20,17,AR1 alpha + Enhanced + One-Step,NASDAQ:QCOM,1.9676188028245754e-06
2023-12-21,17,AR1 alpha + Enhanced + One-Step,NASDAQ:QCOM,1.189376258026936e-06
2023-12-22,17,AR1 alpha + Enhanced + One-Step,NASDAQ:QCOM,8.921660546069854e-07
2023-12-26,17,AR1 alpha + Enhanced + One-Step,NASDAQ:QCOM,0.0
2023-12-27,17,AR1 alpha + Enhanced + One-Step,NASDAQ:QCOM,0.0
2023-12-28,17,AR1 alpha + Enhanced + One-Step,NASDAQ:QCOM,2.894742611873357e-08
2023-12-29,17,AR1 alpha + Enhanced + One-Step,NASDAQ:QCOM,3.179333174316691e-07
2024-01-02,17,AR1 alpha + Enhanced + One-Step,NASDAQ:QCOM,0.0
2024-01-03,17,AR1 alpha + Enhanced + One-Step,NASDAQ:QCOM,0.0
2024-01-04,17,AR1 alpha + Enhanced + One-Step,NASDAQ:QCOM,0.0
2024-01-05,17,AR1 alpha + Enhanced + One-Step,NASDAQ:QCOM,1.18479193307535e-07
2024-01-08,17,AR1 alpha + Enhanced + One-Step,NASDAQ:QCOM,3.377389504827595e-07
2024-01-09,17,AR1 alpha + Enhanced + One-Step,NASDAQ:QCOM,0.0
2024-01-10,17,AR1 alpha + Enhanced + One-Step,NASDAQ:QCOM,0.0
2024-01-11,17,AR1 alpha + Enhanced + One-Step,NASDAQ:QCOM,0.0
2024-01-12,17,AR1 alpha + Enhanced + One-Step,NASDAQ:QCOM,5.136620940198659e-08
2024-01-16,17,AR1 alpha + Enhanced + One-Step,NASDAQ:QCOM,0.0
2024-01-17,17,AR1 alpha + Enhanced + One-Step,NASDAQ:QCOM,0.0
2024-01-18,17,AR1 alpha + Enhanced + One-Step,NASDAQ:QCOM,0.0
2024-01-19,17,AR1 alpha + Enhanced + One-Step,NASDAQ:QCOM,0.02223330110692814
2024-01-22,17,AR1 alpha + Enhanced + One-Step,NASDAQ:QCOM,0.026176017798752532
2024-01-23,17,AR1 alpha + Enhanced + One-Step,NASDAQ:QCOM,0.02333818462826439
2024-01-24,17,AR1 alpha + Enhanced + One-Step,NASDAQ:QCOM,0.023336564112984258
2024-01-25,17,AR1 alpha + Enhanced + One-Step,NASDAQ:QCOM,0.022209877880132536
2024-01-26,17,AR1 alpha + Enhanced + One-Step,NASDAQ:QCOM,0.0
2024-01-29,17,AR1 alpha + Enhanced + One-Step,NASDAQ:QCOM,0.0
2024-01-30,17,AR1 alpha + Enhanced + One-Step,NASDAQ:QCOM,0.0
2024-01-31,17,AR1 alpha + Enhanced + One-Step,NASDAQ:QCOM,0.0
2024-02-01,17,AR1 alpha + Enhanced + One-Step,NASDAQ:QCOM,0.0
2024-02-02,17,AR1 alpha + Enhanced + One-Step,NASDAQ:QCOM,0.0
2024-02-05,17,AR1 alpha + Enhanced + One-Step,NASDAQ:QCOM,0.0
2024-02-06,17,AR1 alpha + Enhanced + One-Step,NASDAQ:QCOM,0.0
2024-02-07,17,AR1 alpha + Enhanced + One-Step,NASDAQ:QCOM,8.805962400030303e-10
2024-02-08,17,AR1 alpha + Enhanced + One-Step,NASDAQ:QCOM,0.0
2024-02-09,17,AR1 alpha + Enhanced + One-Step,NASDAQ:QCOM,0.0
2024-02-12,17,AR1 alpha + Enhanced + One-Step,NASDAQ:QCOM,0.0
2024-02-13,17,AR1 alpha + Enhanced + One-Step,NASDAQ:QCOM,0.0
2024-02-14,17,AR1 alpha + Enhanced + One-Step,NASDAQ:QCOM,2.1601761560283716e-07
2024-02-15,17,AR1 alpha + Enhanced + One-Step,NASDAQ:QCOM,2.865994056194985e-07
2024-02-16,17,AR1 alpha + Enhanced + One-Step,NASDAQ:QCOM,3.6410519168881473e-07
2024-02-20,17,AR1 alpha + Enhanced + One-Step,NASDAQ:QCOM,3.059400255808842e-07
2024-02-21,17,AR1 alpha + Enhanced + One-Step,NASDAQ:QCOM,0.0
2024-02-22,17,AR1 alpha + Enhanced + One-Step,NASDAQ:QCOM,0.0
2024-02-23,17,AR1 alpha + Enhanced + One-Step,NASDAQ:QCOM,1.68140819087828e-07
2024-02-26,17,AR1 alpha + Enhanced + One-Step,NASDAQ:QCOM,0.0
2024-02-27,17,AR1 alpha + Enhanced + One-Step,NASDAQ:QCOM,1.3542131873830882e-06
2024-02-28,17,AR1 alpha + Enhanced + One-Step,NASDAQ:QCOM,0.0
2024-02-29,17,AR1 alpha + Enhanced + One-Step,NASDAQ:QCOM,3.262318180755934e-08
2024-03-01,17,AR1 alpha + Enhanced + One-Step,NASDAQ:QCOM,3.634111304920502e-08
2024-03-04,17,AR1 alpha + Enhanced + One-Step,NASDAQ:QCOM,0.0
2024-03-05,17,AR1 alpha + Enhanced + One-Step,NASDAQ:QCOM,0.0
2024-03-06,17,AR1 alpha + Enhanced + One-Step,NASDAQ:QCOM,0.0017419176889790524
2024-03-07,17,AR1 alpha + Enhanced + One-Step,NASDAQ:QCOM,0.02207393591378744
2024-03-08,17,AR1 alpha + Enhanced + One-Step,NASDAQ:QCOM,0.02809897129781845
2024-03-11,17,AR1 alpha + Enhanced + One-Step,NASDAQ:QCOM,0.028095819246072233
2024-03-12,17,AR1 alpha + Enhanced + One-Step,NASDAQ:QCOM,0.02809485280396204
2024-03-13,17,AR1 alpha + Enhanced + One-Step,NASDAQ:QCOM,0.028091436758586063
2024-03-14,17,AR1 alpha + Enhanced + One-Step,NASDAQ:QCOM,0.0280912132021314
2024-03-15,17,AR1 alpha + Enhanced + One-Step,NASDAQ:QCOM,0.028091398525153737
2024-03-18,17,AR1 alpha + Enhanced + One-Step,NASDAQ:QCOM,0.028090875269962592
2024-03-19,17,AR1 alpha + Enhanced + One-Step,NASDAQ:QCOM,0.02809044830989034
2024-03-20,17,AR1 alpha + Enhanced + One-Step,NASDAQ:QCOM,0.028090379108780514
2024-03-21,17,AR1 alpha + Enhanced + One-Step,NASDAQ:QCOM,0.028089303027480132
2024-03-22,17,AR1 alpha + Enhanced + One-Step,NASDAQ:QCOM,0.027733375589382953
2024-03-25,17,AR1 alpha + Enhanced + One-Step,NASDAQ:QCOM,0.027733356701387116
2024-03-26,17,AR1 alpha + Enhanced + One-Step,NASDAQ:QCOM,0.011226211131216903
2024-03-27,17,AR1 alpha + Enhanced + One-Step,NASDAQ:QCOM,0.0038576104702847747
2024-03-28,17,AR1 alpha + Enhanced + One-Step,NASDAQ:QCOM,8.076975712131576e-07
2024-04-01,17,AR1 alpha + Enhanced + One-Step,NASDAQ:QCOM,6.69327267815084e-07
2024-04-02,17,AR1 alpha + Enhanced + One-Step,NASDAQ:QCOM,3.9499359546362553e-07
2024-04-03,17,AR1 alpha + Enhanced + One-Step,NASDAQ:QCOM,0.0
2024-04-04,17,AR1 alpha + Enhanced + One-Step,NASDAQ:QCOM,0.0
2024-04-05,17,AR1 alpha + Enhanced + One-Step,NASDAQ:QCOM,0.0
2024-04-08,17,AR1 alpha + Enhanced + One-Step,NASDAQ:QCOM,1.769187674429979e-07
2024-04-09,17,AR1 alpha + Enhanced + One-Step,NASDAQ:QCOM,2.298710120038958e-07
2024-04-10,17,AR1 alpha + Enhanced + One-Step,NASDAQ:QCOM,1.5470368474057856e-07
2024-04-11,17,AR1 alpha + Enhanced + One-Step,NASDAQ:QCOM,0.006079111572575791
2024-04-12,17,AR1 alpha + Enhanced + One-Step,NASDAQ:QCOM,0.006079089095891744
2024-04-15,17,AR1 alpha + Enhanced + One-Step,NASDAQ:QCOM,0.006078987617504236
2024-04-16,17,AR1 alpha + Enhanced + One-Step,NASDAQ:QCOM,0.006078167935631218
2024-04-17,17,AR1 alpha + Enhanced + One-Step,NASDAQ:QCOM,0.0
2024-04-18,17,AR1 alpha + Enhanced + One-Step,NASDAQ:QCOM,0.0
2024-04-19,17,AR1 alpha + Enhanced + One-Step,NASDAQ:QCOM,2.2939067229736152e-07
2020-03-25,17,AR1 alpha + Enhanced + One-Step,NYSE:JOE,0.020000000000007227
2020-03-26,17,AR1 alpha + Enhanced + One-Step,NYSE:JOE,0.02000000000001305
2020-03-27,17,AR1 alpha + Enhanced + One-Step,NYSE:JOE,0.019999985044158543
2020-03-30,17,AR1 alpha + Enhanced + One-Step,NYSE:JOE,0.02000111675071338
2020-03-31,17,AR1 alpha + Enhanced + One-Step,NYSE:JOE,0.020003009257410453
2020-04-01,17,AR1 alpha + Enhanced + One-Step,NYSE:JOE,0.020003038654328596
2020-04-02,17,AR1 alpha + Enhanced + One-Step,NYSE:JOE,0.020002350530760042
2020-04-03,17,AR1 alpha + Enhanced + One-Step,NYSE:JOE,0.020003835778116045
2020-04-06,17,AR1 alpha + Enhanced + One-Step,NYSE:JOE,0.020004427223579972
2020-04-07,17,AR1 alpha + Enhanced + One-Step,NYSE:JOE,0.020004181752581018
2020-04-08,17,AR1 alpha + Enhanced + One-Step,NYSE:JOE,0.020004314706709644
2020-04-09,17,AR1 alpha + Enhanced + One-Step,NYSE:JOE,0.020004265636558313
2020-04-13,17,AR1 alpha + Enhanced + One-Step,NYSE:JOE,0.020004071178089
2020-04-14,17,AR1 alpha + Enhanced + One-Step,NYSE:JOE,0.020005322328874513
2020-04-15,17,AR1 alpha + Enhanced + One-Step,NYSE:JOE,0.020006023378269247
2020-04-16,17,AR1 alpha + Enhanced + One-Step,NYSE:JOE,0.020006472364249864
2020-04-17,17,AR1 alpha + Enhanced + One-Step,NYSE:JOE,0.0200064934795571
2020-04-20,17,AR1 alpha + Enhanced + One-Step,NYSE:JOE,0.02000632700261736
2020-04-21,17,AR1 alpha + Enhanced + One-Step,NYSE:JOE,0.020006589897500374
2020-04-22,17,AR1 alpha + Enhanced + One-Step,NYSE:JOE,0.02000685685984637
2020-04-23,17,AR1 alpha + Enhanced + One-Step,NYSE:JOE,0.020006627356265978
2020-04-24,17,AR1 alpha + Enhanced + One-Step,NYSE:JOE,0.02000669839887158
2020-04-27,17,AR1 alpha + Enhanced + One-Step,NYSE:JOE,0.02000669541270645
2020-04-28,17,AR1 alpha + Enhanced + One-Step,NYSE:JOE,0.020006694670677238
2020-04-29,17,AR1 alpha + Enhanced + One-Step,NYSE:JOE,1.3339873839916325e-08
2020-04-30,17,AR1 alpha + Enhanced + One-Step,NYSE:JOE,2.6776145833162638e-08
2020-05-01,17,AR1 alpha + Enhanced + One-Step,NYSE:JOE,0.0
2020-05-04,17,AR1 alpha + Enhanced + One-Step,NYSE:JOE,9.077822385720141e-09
2020-05-05,17,AR1 alpha + Enhanced + One-Step,NYSE:JOE,0.0
2020-05-06,17,AR1 alpha + Enhanced + One-Step,NYSE:JOE,3.7136095738784447e-10
2020-05-07,17,AR1 alpha + Enhanced + One-Step,NYSE:JOE,0.0
2020-05-08,17,AR1 alpha + Enhanced + One-Step,NYSE:JOE,0.0
2020-05-11,17,AR1 alpha + Enhanced + One-Step,NYSE:JOE,0.0
2020-05-12,17,AR1 alpha + Enhanced + One-Step,NYSE:JOE,0.0
2020-05-13,17,AR1 alpha + Enhanced + One-Step,NYSE:JOE,5.575101891411991e-08
2020-05-14,17,AR1 alpha + Enhanced + One-Step,NYSE:JOE,0.0
2020-05-15,17,AR1 alpha + Enhanced + One-Step,NYSE:JOE,3.9145272585782904e-08
2020-05-18,17,AR1 alpha + Enhanced + One-Step,NYSE:JOE,7.865109745380058e-08
2020-05-19,17,AR1 alpha + Enhanced + One-Step,NYSE:JOE,0.0
2020-05-20,17,AR1 alpha + Enhanced + One-Step,NYSE:JOE,2.2898569485560178e-08
2020-05-21,17,AR1 alpha + Enhanced + One-Step,NYSE:JOE,0.0
2020-05-22,17,AR1 alpha + Enhanced + One-Step,NYSE:JOE,0.0
2020-05-26,17,AR1 alpha + Enhanced + One-Step,NYSE:JOE,0.0
2020-05-27,17,AR1 alpha + Enhanced + One-Step,NYSE:JOE,4.8887570086562866e-08
2020-05-28,17,AR1 alpha + Enhanced + One-Step,NYSE:JOE,3.0863231770093484e-08
2020-05-29,17,AR1 alpha + Enhanced + One-Step,NYSE:JOE,1.3861105882159221e-08
2020-06-01,17,AR1 alpha + Enhanced + One-Step,NYSE:JOE,7.368970810123703e-08
2020-06-02,17,AR1 alpha + Enhanced + One-Step,NYSE:JOE,9.033420379848377e-09
2020-06-03,17,AR1 alpha + Enhanced + One-Step,NYSE:JOE,3.6727103360536473e-07
2020-06-04,17,AR1 alpha + Enhanced + One-Step,NYSE:JOE,0.0
2020-06-05,17,AR1 alpha + Enhanced + One-Step,NYSE:JOE,0.0
2020-06-08,17,AR1 alpha + Enhanced + One-Step,NYSE:JOE,0.0
2020-06-09,17,AR1 alpha + Enhanced + One-Step,NYSE:JOE,7.283853343403166e-09
2020-06-10,17,AR1 alpha + Enhanced + One-Step,NYSE:JOE,3.3746760847440095e-09
2020-06-11,17,AR1 alpha + Enhanced + One-Step,NYSE:JOE,1.1556959765321228e-06
2020-06-12,17,AR1 alpha + Enhanced + One-Step,NYSE:JOE,6.485015259800132e-07
2020-06-15,17,AR1 alpha + Enhanced + One-Step,NYSE:JOE,1.5369103659561842e-07
2020-06-16,17,AR1 alpha + Enhanced + One-Step,NYSE:JOE,9.69163234920501e-08
2020-06-17,17,AR1 alpha + Enhanced + One-Step,NYSE:JOE,4.256084045333631e-08
2020-06-18,17,AR1 alpha + Enhanced + One-Step,NYSE:JOE,2.05596565591804e-08
2020-06-19,17,AR1 alpha + Enhanced + One-Step,NYSE:JOE,0.0
2020-06-22,17,AR1 alpha + Enhanced + One-Step,NYSE:JOE,5.2911932946994e-08
2020-06-23,17,AR1 alpha + Enhanced + One-Step,NYSE:JOE,2.2451703102924204e-08
2020-06-24,17,AR1 alpha + Enhanced + One-Step,NYSE:JOE,0.0
2020-06-25,17,AR1 alpha + Enhanced + One-Step,NYSE:JOE,1.8543999767771343e-08
2020-06-26,17,AR1 alpha + Enhanced + One-Step,NYSE:JOE,0.0
2020-06-29,17,AR1 alpha + Enhanced + One-Step,NYSE:JOE,0.0
2020-06-30,17,AR1 alpha + Enhanced + One-Step,NYSE:JOE,0.0
2020-07-01,17,AR1 alpha + Enhanced + One-Step,NYSE:JOE,0.0
2020-07-02,17,AR1 alpha + Enhanced + One-Step,NYSE:JOE,3.316715921640588e-08
2020-07-06,17,AR1 alpha + Enhanced + One-Step,NYSE:JOE,0.0
2020-07-07,17,AR1 alpha + Enhanced + One-Step,NYSE:JOE,0.0
2020-07-08,17,AR1 alpha + Enhanced + One-Step,NYSE:JOE,0.0
2020-07-09,17,AR1 alpha + Enhanced + One-Step,NYSE:JOE,0.0
2020-07-10,17,AR1 alpha + Enhanced + One-Step,NYSE:JOE,0.0
2020-07-13,17,AR1 alpha + Enhanced + One-Step,NYSE:JOE,3.825819950365015e-09
2020-07-14,17,AR1 alpha + Enhanced + One-Step,NYSE:JOE,0.0
2020-07-15,17,AR1 alpha + Enhanced + One-Step,NYSE:JOE,1.1044935602795561e-07
2020-07-16,17,AR1 alpha + Enhanced + One-Step,NYSE:JOE,4.150048847464231e-08
2020-07-17,17,AR1 alpha + Enhanced + One-Step,NYSE:JOE,0.0
2020-07-20,17,AR1 alpha + Enhanced + One-Step,NYSE:JOE,1.5144156503712034e-08
2020-07-21,17,AR1 alpha + Enhanced + One-Step,NYSE:JOE,8.973409042297234e-08
2020-07-22,17,AR1 alpha + Enhanced + One-Step,NYSE:JOE,8.571992452546215e-08
2020-07-23,17,AR1 alpha + Enhanced + One-Step,NYSE:JOE,0.0
2020-07-24,17,AR1 alpha + Enhanced + One-Step,NYSE:JOE,0.0
2020-07-27,17,AR1 alpha + Enhanced + One-Step,NYSE:JOE,0.0
2020-07-28,17,AR1 alpha + Enhanced + One-Step,NYSE:JOE,0.0
2020-07-29,17,AR1 alpha + Enhanced + One-Step,NYSE:JOE,0.0
2020-07-30,17,AR1 alpha + Enhanced + One-Step,NYSE:JOE,0.0
2020-07-31,17,AR1 alpha + Enhanced + One-Step,NYSE:JOE,0.0
2020-08-03,17,AR1 alpha + Enhanced + One-Step,NYSE:JOE,1.1669570821492288e-08
2020-08-04,17,AR1 alpha + Enhanced + One-Step,NYSE:JOE,0.0
2020-08-05,17,AR1 alpha + Enhanced + One-Step,NYSE:JOE,0.0
2020-08-06,17,AR1 alpha + Enhanced + One-Step,NYSE:JOE,0.0
2020-08-07,17,AR1 alpha + Enhanced + One-Step,NYSE:JOE,1.510811038309261e-07
2020-08-10,17,AR1 alpha + Enhanced + One-Step,NYSE:JOE,1.3269393859099476e-07
2020-08-11,17,AR1 alpha + Enhanced + One-Step,NYSE:JOE,0.0
2020-08-12,17,AR1 alpha + Enhanced + One-Step,NYSE:JOE,3.38601942137706e-09
2020-08-13,17,AR1 alpha + Enhanced + One-Step,NYSE:JOE,3.1093490006336864e-09
2020-08-14,17,AR1 alpha + Enhanced + One-Step,NYSE:JOE,3.687025722540501e-09
2020-08-17,17,AR1 alpha + Enhanced + One-Step,NYSE:JOE,1.5732258966214e-07
2020-08-18,17,AR1 alpha + Enhanced + One-Step,NYSE:JOE,1.262596221164522e-07
2020-08-19,17,AR1 alpha + Enhanced + One-Step,NYSE:JOE,1.4477370907236938e-07
2020-08-20,17,AR1 alpha + Enhanced + One-Step,NYSE:JOE,2.5587960469538458e-08
2020-08-21,17,AR1 alpha + Enhanced + One-Step,NYSE:JOE,0.0
2020-08-24,17,AR1 alpha + Enhanced + One-Step,NYSE:JOE,0.0
2020-08-25,17,AR1 alpha + Enhanced + One-Step,NYSE:JOE,1.0385365051188023e-07
2020-08-26,17,AR1 alpha + Enhanced + One-Step,NYSE:JOE,0.0
2020-08-27,17,AR1 alpha + Enhanced + One-Step,NYSE:JOE,0.0
2020-08-28,17,AR1 alpha + Enhanced + One-Step,NYSE:JOE,3.901697658783139e-09
2020-08-31,17,AR1 alpha + Enhanced + One-Step,NYSE:JOE,0.0
2020-09-01,17,AR1 alpha + Enhanced + One-Step,NYSE:JOE,0.0
2020-09-02,17,AR1 alpha + Enhanced + One-Step,NYSE:JOE,2.1356420158094144e-08
2020-09-03,17,AR1 alpha + Enhanced + One-Step,NYSE:JOE,0.0
2020-09-04,17,AR1 alpha + Enhanced + One-Step,NYSE:JOE,4.077558708376636e-08
2020-09-08,17,AR1 alpha + Enhanced + One-Step,NYSE:JOE,1.179655825494831e-07
2020-09-09,17,AR1 alpha + Enhanced + One-Step,NYSE:JOE,6.240758371833698e-08
2020-09-10,17,AR1 alpha + Enhanced + One-Step,NYSE:JOE,1.7622324308524956e-08
2020-09-11,17,AR1 alpha + Enhanced + One-Step,NYSE:JOE,5.188924181473769e-08
2020-09-14,17,AR1 alpha + Enhanced + One-Step,NYSE:JOE,4.850082615128823e-07
2020-09-15,17,AR1 alpha + Enhanced + One-Step,NYSE:JOE,3.1326275148627236e-07
2020-09-16,17,AR1 alpha + Enhanced + One-Step,NYSE:JOE,1.5013097624000178e-07
2020-09-17,17,AR1 alpha + Enhanced + One-Step,NYSE:JOE,0.0
2020-09-18,17,AR1 alpha + Enhanced + One-Step,NYSE:JOE,0.0
2020-09-21,17,AR1 alpha + Enhanced + One-Step,NYSE:JOE,0.0
2020-09-22,17,AR1 alpha + Enhanced + One-Step,NYSE:JOE,0.0
2020-09-23,17,AR1 alpha + Enhanced + One-Step,NYSE:JOE,0.0
2020-09-24,17,AR1 alpha + Enhanced + One-Step,NYSE:JOE,2.2637117771854159e-07
2020-09-25,17,AR1 alpha + Enhanced + One-Step,NYSE:JOE,2.9546255123310137e-08
2020-09-28,17,AR1 alpha + Enhanced + One-Step,NYSE:JOE,0.0
2020-09-29,17,AR1 alpha + Enhanced + One-Step,NYSE:JOE,0.0
2020-09-30,17,AR1 alpha + Enhanced + One-Step,NYSE:JOE,0.0
2020-10-01,17,AR1 alpha + Enhanced + One-Step,NYSE:JOE,1.3295950556648388e-07
2020-10-02,17,AR1 alpha + Enhanced + One-Step,NYSE:JOE,1.6031481088338322e-07
2020-10-05,17,AR1 alpha + Enhanced + One-Step,NYSE:JOE,4.879921832746977e-07
2020-10-06,17,AR1 alpha + Enhanced + One-Step,NYSE:JOE,1.5232258955082465e-07
2020-10-07,17,AR1 alpha + Enhanced + One-Step,NYSE:JOE,4.193367597733089e-07
2020-10-08,17,AR1 alpha + Enhanced + One-Step,NYSE:JOE,2.49167223650884e-07
2020-10-09,17,AR1 alpha + Enhanced + One-Step,NYSE:JOE,1.0756487047713091e-07
2020-10-12,17,AR1 alpha + Enhanced + One-Step,NYSE:JOE,6.597624037546908e-08
2020-10-13,17,AR1 alpha + Enhanced + One-Step,NYSE:JOE,2.0644730465251433e-07
2020-10-14,17,AR1 alpha + Enhanced + One-Step,NYSE:JOE,7.73039294988664e-08
2020-10-15,17,AR1 alpha + Enhanced + One-Step,NYSE:JOE,7.37925795771418e-08
2020-10-16,17,AR1 alpha + Enhanced + One-Step,NYSE:JOE,3.447013826432618e-08
2020-10-19,17,AR1 alpha + Enhanced + One-Step,NYSE:JOE,0.0
2020-10-20,17,AR1 alpha + Enhanced + One-Step,NYSE:JOE,0.0
2020-10-21,17,AR1 alpha + Enhanced + One-Step,NYSE:JOE,0.0
2020-10-22,17,AR1 alpha + Enhanced + One-Step,NYSE:JOE,0.0
2020-10-23,17,AR1 alpha + Enhanced + One-Step,NYSE:JOE,0.0
2020-10-26,17,AR1 alpha + Enhanced + One-Step,NYSE:JOE,0.0
2020-10-27,17,AR1 alpha + Enhanced + One-Step,NYSE:JOE,3.767235007209806e-07
2020-10-28,17,AR1 alpha + Enhanced + One-Step,NYSE:JOE,8.17212391237621e-08
2020-10-29,17,AR1 alpha + Enhanced + One-Step,NYSE:JOE,3.178284795859094e-07
2020-10-30,17,AR1 alpha + Enhanced + One-Step,NYSE:JOE,1.6066413588557443e-07
2020-11-02,17,AR1 alpha + Enhanced + One-Step,NYSE:JOE,6.691483415676686e-07
2020-11-03,17,AR1 alpha + Enhanced + One-Step,NYSE:JOE,0.0
2020-11-04,17,AR1 alpha + Enhanced + One-Step,NYSE:JOE,2.0994744593744866e-06
2020-11-05,17,AR1 alpha + Enhanced + One-Step,NYSE:JOE,1.860794082441902e-06
2020-11-06,17,AR1 alpha + Enhanced + One-Step,NYSE:JOE,1.8443495274380391e-06
2020-11-09,17,AR1 alpha + Enhanced + One-Step,NYSE:JOE,1.1293287617677432e-06
2020-11-10,17,AR1 alpha + Enhanced + One-Step,NYSE:JOE,1.2957268148069215e-06
2020-11-11,17,AR1 alpha + Enhanced + One-Step,NYSE:JOE,9.199545981523153e-07
2020-11-12,17,AR1 alpha + Enhanced + One-Step,NYSE:JOE,3.225618437860388e-07
2020-11-13,17,AR1 alpha + Enhanced + One-Step,NYSE:JOE,1.968827255634682e-07
2020-11-16,17,AR1 alpha + Enhanced + One-Step,NYSE:JOE,1.4721028803705223e-07
2020-11-17,17,AR1 alpha + Enhanced + One-Step,NYSE:JOE,2.344731913925959e-07
2020-11-18,17,AR1 alpha + Enhanced + One-Step,NYSE:JOE,5.264137994959209e-08
2020-11-19,17,AR1 alpha + Enhanced + One-Step,NYSE:JOE,0.0
2020-11-20,17,AR1 alpha + Enhanced + One-Step,NYSE:JOE,1.0383139157654393e-11
2020-11-23,17,AR1 alpha + Enhanced + One-Step,NYSE:JOE,1.4262048266319174e-07
2020-11-24,17,AR1 alpha + Enhanced + One-Step,NYSE:JOE,0.0
2020-11-25,17,AR1 alpha + Enhanced + One-Step,NYSE:JOE,1.179014875363086e-06
2020-11-27,17,AR1 alpha + Enhanced + One-Step,NYSE:JOE,8.129617151598435e-07
2020-11-30,17,AR1 alpha + Enhanced + One-Step,NYSE:JOE,1.919771906038044e-07
2020-12-01,17,AR1 alpha + Enhanced + One-Step,NYSE:JOE,0.01868375886922035
2020-12-04,17,AR1 alpha + Enhanced + One-Step,NYSE:JOE,0.018683765353686026
2020-12-07,17,AR1 alpha + Enhanced + One-Step,NYSE:JOE,0.02997248939185161
2020-12-08,17,AR1 alpha + Enhanced + One-Step,NYSE:JOE,0.049857848854027914
2020-12-09,17,AR1 alpha + Enhanced + One-Step,NYSE:JOE,0.04985621356532778
2020-12-10,17,AR1 alpha + Enhanced + One-Step,NYSE:JOE,0.04985630391024144
2020-12-11,17,AR1 alpha + Enhanced + One-Step,NYSE:JOE,0.04985599423553899
2020-12-14,17,AR1 alpha + Enhanced + One-Step,NYSE:JOE,0.04985595925649125
2020-12-15,17,AR1 alpha + Enhanced + One-Step,NYSE:JOE,0.049856097314442176
2020-12-16,17,AR1 alpha + Enhanced + One-Step,NYSE:JOE,0.0524698236822747
2020-12-17,17,AR1 alpha + Enhanced + One-Step,NYSE:JOE,0.061083479101066124
2020-12-18,17,AR1 alpha + Enhanced + One-Step,NYSE:JOE,0.0670541352765681
2020-12-21,17,AR1 alpha + Enhanced + One-Step,NYSE:JOE,0.07499173072644594
2020-12-22,17,AR1 alpha + Enhanced + One-Step,NYSE:JOE,0.08179324005334204
2020-12-23,17,AR1 alpha + Enhanced + One-Step,NYSE:JOE,0.0999988885048388
2020-12-24,17,AR1 alpha + Enhanced + One-Step,NYSE:JOE,0.09999916799643108
2020-12-28,17,AR1 alpha + Enhanced + One-Step,NYSE:JOE,0.09999926200777563
2020-12-29,17,AR1 alpha + Enhanced + One-Step,NYSE:JOE,0.09999936171482557
2020-12-30,17,AR1 alpha + Enhanced + One-Step,NYSE:JOE,0.09999961866411931
2020-12-31,17,AR1 alpha + Enhanced + One-Step,NYSE:JOE,0.09999911071686399
2021-01-04,17,AR1 alpha + Enhanced + One-Step,NYSE:JOE,0.09999949538682734
2021-01-05,17,AR1 alpha + Enhanced + One-Step,NYSE:JOE,0.0999997014411096
2021-01-06,17,AR1 alpha + Enhanced + One-Step,NYSE:JOE,0.09999980630284551
2021-01-07,17,AR1 alpha + Enhanced + One-Step,NYSE:JOE,0.09999548914793818
2021-01-08,17,AR1 alpha + Enhanced + One-Step,NYSE:JOE,0.09999657668479134
2021-01-11,17,AR1 alpha + Enhanced + One-Step,NYSE:JOE,0.09999618257704833
2021-01-12,17,AR1 alpha + Enhanced + One-Step,NYSE:JOE,0.09998921130412437
2021-01-13,17,AR1 alpha + Enhanced + One-Step,NYSE:JOE,0.09999210140687835
2021-01-14,17,AR1 alpha + Enhanced + One-Step,NYSE:JOE,0.09999537838245055
2021-01-15,17,AR1 alpha + Enhanced + One-Step,NYSE:JOE,0.09999545085597421
2021-01-19,17,AR1 alpha + Enhanced + One-Step,NYSE:JOE,0.0999971470038512
2021-01-20,17,AR1 alpha + Enhanced + One-Step,NYSE:JOE,0.09999836251507983
2021-01-21,17,AR1 alpha + Enhanced + One-Step,NYSE:JOE,0.09999866626815847
2021-01-22,17,AR1 alpha + Enhanced + One-Step,NYSE:JOE,0.09999534651119583
2021-01-25,17,AR1 alpha + Enhanced + One-Step,NYSE:JOE,0.0999959604767335
2021-01-26,17,AR1 alpha + Enhanced + One-Step,NYSE:JOE,0.09999617746048468
2021-01-27,17,AR1 alpha + Enhanced + One-Step,NYSE:JOE,0.09999771159684369
2021-01-28,17,AR1 alpha + Enhanced + One-Step,NYSE:JOE,0.09999867494908513
2021-01-29,17,AR1 alpha + Enhanced + One-Step,NYSE:JOE,0.09999925661566207
2021-02-01,17,AR1 alpha + Enhanced + One-Step,NYSE:JOE,0.09999966938933129
2021-02-02,17,AR1 alpha + Enhanced + One-Step,NYSE:JOE,0.09999982182023205
2021-02-03,17,AR1 alpha + Enhanced + One-Step,NYSE:JOE,0.0999955880552331
2021-02-04,17,AR1 alpha + Enhanced + One-Step,NYSE:JOE,0.09999379450902623
2021-02-05,17,AR1 alpha + Enhanced + One-Step,NYSE:JOE,0.0999955024597608
2021-02-08,17,AR1 alpha + Enhanced + One-Step,NYSE:JOE,0.09999754736374658
2021-02-09,17,AR1 alpha + Enhanced + One-Step,NYSE:JOE,0.09999854152908931
2021-02-10,17,AR1 alpha + Enhanced + One-Step,NYSE:JOE,0.09999950253961562
2021-02-11,17,AR1 alpha + Enhanced + One-Step,NYSE:JOE,0.09999972898830163
2021-02-12,17,AR1 alpha + Enhanced + One-Step,NYSE:JOE,0.09999982428885455
2021-02-16,17,AR1 alpha + Enhanced + One-Step,NYSE:JOE,0.09999985949245123
2021-02-17,17,AR1 alpha + Enhanced + One-Step,NYSE:JOE,0.09999963780614134
2021-02-18,17,AR1 alpha + Enhanced + One-Step,NYSE:JOE,0.0999998222660547
2021-02-19,17,AR1 alpha + Enhanced + One-Step,NYSE:JOE,0.09999927221271991
2021-02-22,17,AR1 alpha + Enhanced + One-Step,NYSE:JOE,0.0999999786943575
2021-02-23,17,AR1 alpha + Enhanced + One-Step,NYSE:JOE,0.1000006645540695
2021-02-24,17,AR1 alpha + Enhanced + One-Step,NYSE:JOE,0.10000049997003638
2021-02-25,17,AR1 alpha + Enhanced + One-Step,NYSE:JOE,0.09998909417539031
2021-02-26,17,AR1 alpha + Enhanced + One-Step,NYSE:JOE,0.09999306127344121
2021-03-01,17,AR1 alpha + Enhanced + One-Step,NYSE:JOE,0.09999617925452302
2021-03-02,17,AR1 alpha + Enhanced + One-Step,NYSE:JOE,0.09999749282790497
2021-03-03,17,AR1 alpha + Enhanced + One-Step,NYSE:JOE,0.09999830464161497
2021-03-04,17,AR1 alpha + Enhanced + One-Step,NYSE:JOE,0.09999899712534603
2021-03-05,17,AR1 alpha + Enhanced + One-Step,NYSE:JOE,0.09999775304363158
2021-03-08,17,AR1 alpha + Enhanced + One-Step,NYSE:JOE,0.0999990513504751
2021-03-09,17,AR1 alpha + Enhanced + One-Step,NYSE:JOE,0.09999810288684263
2021-03-10,17,AR1 alpha + Enhanced + One-Step,NYSE:JOE,0.09999957594942582
2021-03-11,17,AR1 alpha + Enhanced + One-Step,NYSE:JOE,0.09999883489207323
2021-03-12,17,AR1 alpha + Enhanced + One-Step,NYSE:JOE,0.09999928707150628
2021-03-15,17,AR1 alpha + Enhanced + One-Step,NYSE:JOE,0.10000016673910307
2021-03-16,17,AR1 alpha + Enhanced + One-Step,NYSE:JOE,0.10000015815369066
2021-03-17,17,AR1 alpha + Enhanced + One-Step,NYSE:JOE,0.0999996381784692
2021-03-18,17,AR1 alpha + Enhanced + One-Step,NYSE:JOE,0.09999986146330188
2021-03-19,17,AR1 alpha + Enhanced + One-Step,NYSE:JOE,0.09999842706684885
2021-03-22,17,AR1 alpha + Enhanced + One-Step,NYSE:JOE,0.09999944259398538
2021-03-23,17,AR1 alpha + Enhanced + One-Step,NYSE:JOE,0.10000010356356182
2021-03-24,17,AR1 alpha + Enhanced + One-Step,NYSE:JOE,0.10000004818831852
2021-03-25,17,AR1 alpha + Enhanced + One-Step,NYSE:JOE,0.10000012877554759
2021-03-26,17,AR1 alpha + Enhanced + One-Step,NYSE:JOE,0.10000025067695026
2021-03-29,17,AR1 alpha + Enhanced + One-Step,NYSE:JOE,0.10000028960827803
2021-03-30,17,AR1 alpha + Enhanced + One-Step,NYSE:JOE,0.10000009149879854
2021-03-31,17,AR1 alpha + Enhanced + One-Step,NYSE:JOE,0.09999835767474564
2021-04-01,17,AR1 alpha + Enhanced + One-Step,NYSE:JOE,0.09999942430091882
2021-04-05,17,AR1 alpha + Enhanced + One-Step,NYSE:JOE,0.09999981287527138
2021-04-06,17,AR1 alpha + Enhanced + One-Step,NYSE:JOE,0.09999991202818714
2021-04-07,17,AR1 alpha + Enhanced + One-Step,NYSE:JOE,0.09999625336919006
2021-04-08,17,AR1 alpha + Enhanced + One-Step,NYSE:JOE,0.09999456000536792
2021-04-09,17,AR1 alpha + Enhanced + One-Step,NYSE:JOE,0.09999672033039204
2021-04-12,17,AR1 alpha + Enhanced + One-Step,NYSE:JOE,0.09999545700740903
2021-04-13,17,AR1 alpha + Enhanced + One-Step,NYSE:JOE,0.09999189167264963
2021-04-14,17,AR1 alpha + Enhanced + One-Step,NYSE:JOE,0.09999002996439539
2021-04-15,17,AR1 alpha + Enhanced + One-Step,NYSE:JOE,0.0999941955098726
2021-04-16,17,AR1 alpha + Enhanced + One-Step,NYSE:JOE,0.09999648536803568
2021-04-19,17,AR1 alpha + Enhanced + One-Step,NYSE:JOE,0.08661733804708349
2021-04-20,17,AR1 alpha + Enhanced + One-Step,NYSE:JOE,0.08030996442081682
2021-04-21,17,AR1 alpha + Enhanced + One-Step,NYSE:JOE,0.08030823410338726
2021-04-22,17,AR1 alpha + Enhanced + One-Step,NYSE:JOE,0.0803050025164078
2021-04-23,17,AR1 alpha + Enhanced + One-Step,NYSE:JOE,0.08030421205176458
2021-04-26,17,AR1 alpha + Enhanced + One-Step,NYSE:JOE,0.08030274160321532
2021-04-27,17,AR1 alpha + Enhanced + One-Step,NYSE:JOE,0.08030264403363885
2021-04-28,17,AR1 alpha + Enhanced + One-Step,NYSE:JOE,0.08538099709699608
2021-04-29,17,AR1 alpha + Enhanced + One-Step,NYSE:JOE,0.08538092285380991
2021-04-30,17,AR1 alpha + Enhanced + One-Step,NYSE:JOE,0.08537423563228864
2021-05-03,17,AR1 alpha + Enhanced + One-Step,NYSE:JOE,0.08537946290031746
2021-05-04,17,AR1 alpha + Enhanced + One-Step,NYSE:JOE,0.08537920544950024
2021-05-05,17,AR1 alpha + Enhanced + One-Step,NYSE:JOE,0.08537915626491535
2021-05-06,17,AR1 alpha + Enhanced + One-Step,NYSE:JOE,0.0853796738116946
2021-05-07,17,AR1 alpha + Enhanced + One-Step,NYSE:JOE,0.08537989807040182
2021-05-10,17,AR1 alpha + Enhanced + One-Step,NYSE:JOE,0.08538006664372043
2021-05-11,17,AR1 alpha + Enhanced + One-Step,NYSE:JOE,0.08538008216906445
2021-05-12,17,AR1 alpha + Enhanced + One-Step,NYSE:JOE,0.08537998573798881
2021-05-13,17,AR1 alpha + Enhanced + One-Step,NYSE:JOE,0.08537789330696552
2021-05-14,17,AR1 alpha + Enhanced + One-Step,NYSE:JOE,0.0853779184537747
2021-05-17,17,AR1 alpha + Enhanced + One-Step,NYSE:JOE,0.08537715413693245
2021-05-18,17,AR1 alpha + Enhanced + One-Step,NYSE:JOE,0.08537774301533686
2021-05-19,17,AR1 alpha + Enhanced + One-Step,NYSE:JOE,0.08537908904432298
2021-05-20,17,AR1 alpha + Enhanced + One-Step,NYSE:JOE,0.08537917584737356
2021-05-21,17,AR1 alpha + Enhanced + One-Step,NYSE:JOE,0.08537922080809021
2021-05-24,17,AR1 alpha + Enhanced + One-Step,NYSE:JOE,0.08537608355098378
2021-05-25,17,AR1 alpha + Enhanced + One-Step,NYSE:JOE,0.08537007595205166
2021-05-26,17,AR1 alpha + Enhanced + One-Step,NYSE:JOE,0.08536701950030787
2021-05-27,17,AR1 alpha + Enhanced + One-Step,NYSE:JOE,0.08536592183782366
2021-05-28,17,AR1 alpha + Enhanced + One-Step,NYSE:JOE,0.08536388866725257
2021-06-01,17,AR1 alpha + Enhanced + One-Step,NYSE:JOE,0.0889201157112805
2021-06-02,17,AR1 alpha + Enhanced + One-Step,NYSE:JOE,0.0889172454149436
2021-06-03,17,AR1 alpha + Enhanced + One-Step,NYSE:JOE,0.088913489773623
2021-06-04,17,AR1 alpha + Enhanced + One-Step,NYSE:JOE,0.08890754407897636
2021-06-07,17,AR1 alpha + Enhanced + One-Step,NYSE:JOE,0.0889032465007118
2021-06-08,17,AR1 alpha + Enhanced + One-Step,NYSE:JOE,0.088901190729595
2021-06-09,17,AR1 alpha + Enhanced + One-Step,NYSE:JOE,0.08889825591509967
2021-06-10,17,AR1 alpha + Enhanced + One-Step,NYSE:JOE,0.08889280063208096
2021-06-11,17,AR1 alpha + Enhanced + One-Step,NYSE:JOE,0.09201511086961195
2021-06-14,17,AR1 alpha + Enhanced + One-Step,NYSE:JOE,0.0920104419529419
2021-06-15,17,AR1 alpha + Enhanced + One-Step,NYSE:JOE,0.09200378488404731
2021-06-16,17,AR1 alpha + Enhanced + One-Step,NYSE:JOE,0.08979962069920969
2021-06-17,17,AR1 alpha + Enhanced + One-Step,NYSE:JOE,0.07911998270473333
2021-06-18,17,AR1 alpha + Enhanced + One-Step,NYSE:JOE,0.06401803074205521
2021-06-21,17,AR1 alpha + Enhanced + One-Step,NYSE:JOE,0.06401816687156711
2021-06-22,17,AR1 alpha + Enhanced + One-Step,NYSE:JOE,0.0640138754613303
2021-06-23,17,AR1 alpha + Enhanced + One-Step,NYSE:JOE,0.06400941803343634
2021-06-24,17,AR1 alpha + Enhanced + One-Step,NYSE:JOE,0.06401105669098872
2021-06-25,17,AR1 alpha + Enhanced + One-Step,NYSE:JOE,0.06401175827899547
2021-06-28,17,AR1 alpha + Enhanced + One-Step,NYSE:JOE,0.06401189962975243
2021-06-29,17,AR1 alpha + Enhanced + One-Step,NYSE:JOE,0.0640118762671094
2021-06-30,17,AR1 alpha + Enhanced + One-Step,NYSE:JOE,0.06401087453790323
2021-07-01,17,AR1 alpha + Enhanced + One-Step,NYSE:JOE,0.0640107308228001
2021-07-02,17,AR1 alpha + Enhanced + One-Step,NYSE:JOE,0.06400692926660081
2021-07-06,17,AR1 alpha + Enhanced + One-Step,NYSE:JOE,0.0640044960988255
2021-07-07,17,AR1 alpha + Enhanced + One-Step,NYSE:JOE,0.06400590790679961
2021-07-08,17,AR1 alpha + Enhanced + One-Step,NYSE:JOE,0.05139976733920412
2021-07-09,17,AR1 alpha + Enhanced + One-Step,NYSE:JOE,0.05139556981317011
2021-07-12,17,AR1 alpha + Enhanced + One-Step,NYSE:JOE,0.043339719147268294
2021-07-13,17,AR1 alpha + Enhanced + One-Step,NYSE:JOE,0.03354696937674606
2021-07-14,17,AR1 alpha + Enhanced + One-Step,NYSE:JOE,0.033425801879879556
2021-07-15,17,AR1 alpha + Enhanced + One-Step,NYSE:JOE,0.02243886444730331
2021-07-16,17,AR1 alpha + Enhanced + One-Step,NYSE:JOE,0.004762160723935347
2021-07-19,17,AR1 alpha + Enhanced + One-Step,NYSE:JOE,0.0
2021-07-20,17,AR1 alpha + Enhanced + One-Step,NYSE:JOE,0.0062931365585067655
2021-07-21,17,AR1 alpha + Enhanced + One-Step,NYSE:JOE,0.021756753742323703
2021-07-22,17,AR1 alpha + Enhanced + One-Step,NYSE:JOE,0.033151180138392355
2021-07-23,17,AR1 alpha + Enhanced + One-Step,NYSE:JOE,0.04786936382119997
2021-07-26,17,AR1 alpha + Enhanced + One-Step,NYSE:JOE,0.06042823428668405
2021-07-27,17,AR1 alpha + Enhanced + One-Step,NYSE:JOE,0.0542818081012426
2021-07-28,17,AR1 alpha + Enhanced + One-Step,NYSE:JOE,0.059056730309744454
2021-07-29,17,AR1 alpha + Enhanced + One-Step,NYSE:JOE,0.06912002016491621
2021-07-30,17,AR1 alpha + Enhanced + One-Step,NYSE:JOE,0.06877396788018127
2021-08-02,17,AR1 alpha + Enhanced + One-Step,NYSE:JOE,0.053878081564627776
2021-08-03,17,AR1 alpha + Enhanced + One-Step,NYSE:JOE,0.04889012098198578
2021-08-04,17,AR1 alpha + Enhanced + One-Step,NYSE:JOE,0.04888599333934408
2021-08-05,17,AR1 alpha + Enhanced + One-Step,NYSE:JOE,0.04888455019000455
2021-08-06,17,AR1 alpha + Enhanced + One-Step,NYSE:JOE,0.0488820599501478
2021-08-09,17,AR1 alpha + Enhanced + One-Step,NYSE:JOE,0.04131395631575448
2021-08-10,17,AR1 alpha + Enhanced + One-Step,NYSE:JOE,0.04131353755548161
2021-08-11,17,AR1 alpha + Enhanced + One-Step,NYSE:JOE,0.02551483824963968
2021-08-12,17,AR1 alpha + Enhanced + One-Step,NYSE:JOE,0.02551213342501026
2021-08-13,17,AR1 alpha + Enhanced + One-Step,NYSE:JOE,0.025512427157208736
2021-08-16,17,AR1 alpha + Enhanced + One-Step,NYSE:JOE,0.02551319362135242
2021-08-17,17,AR1 alpha + Enhanced + One-Step,NYSE:JOE,0.025513714232081153
2021-08-18,17,AR1 alpha + Enhanced + One-Step,NYSE:JOE,0.025513991032136182
2021-08-19,17,AR1 alpha + Enhanced + One-Step,NYSE:JOE,0.025515638232275734
2021-08-20,17,AR1 alpha + Enhanced + One-Step,NYSE:JOE,0.02551345422657302
2021-08-23,17,AR1 alpha + Enhanced + One-Step,NYSE:JOE,0.02339712746516749
2021-08-24,17,AR1 alpha + Enhanced + One-Step,NYSE:JOE,0.023396495250793747
2021-08-25,17,AR1 alpha + Enhanced + One-Step,NYSE:JOE,0.025708371116194763
2021-08-26,17,AR1 alpha + Enhanced + One-Step,NYSE:JOE,0.02570506562309236
2021-08-27,17,AR1 alpha + Enhanced + One-Step,NYSE:JOE,0.032249958633280174
2021-08-30,17,AR1 alpha + Enhanced + One-Step,NYSE:JOE,0.037589259505035506
2021-08-31,17,AR1 alpha + Enhanced + One-Step,NYSE:JOE,0.037589266911452264
2021-09-01,17,AR1 alpha + Enhanced + One-Step,NYSE:JOE,0.03758642600514091
2021-09-02,17,AR1 alpha + Enhanced + One-Step,NYSE:JOE,0.037585084107011474
2021-09-03,17,AR1 alpha + Enhanced + One-Step,NYSE:JOE,0.037212650196703084
2021-09-07,17,AR1 alpha + Enhanced + One-Step,NYSE:JOE,0.03189479086180619
2021-09-08,17,AR1 alpha + Enhanced + One-Step,NYSE:JOE,0.0296017929466201
2021-09-09,17,AR1 alpha + Enhanced + One-Step,NYSE:JOE,0.015193668946500443
2021-09-10,17,AR1 alpha + Enhanced + One-Step,NYSE:JOE,0.005140366362238317
2021-09-13,17,AR1 alpha + Enhanced + One-Step,NYSE:JOE,0.005140750751193966
2021-09-14,17,AR1 alpha + Enhanced + One-Step,NYSE:JOE,0.005140591508332525
2021-09-15,17,AR1 alpha + Enhanced + One-Step,NYSE:JOE,0.005139569444373276
2021-09-16,17,AR1 alpha + Enhanced + One-Step,NYSE:JOE,0.007390533219472276
2021-09-17,17,AR1 alpha + Enhanced + One-Step,NYSE:JOE,0.007390658184992749
2021-09-20,17,AR1 alpha + Enhanced + One-Step,NYSE:JOE,0.0
2021-09-21,17,AR1 alpha + Enhanced + One-Step,NYSE:JOE,5.949048504786377e-07
2021-09-22,17,AR1 alpha + Enhanced + One-Step,NYSE:JOE,2.3869083646857957e-07
2021-09-23,17,AR1 alpha + Enhanced + One-Step,NYSE:JOE,4.277385928999193e-07
2021-09-24,17,AR1 alpha + Enhanced + One-Step,NYSE:JOE,2.341787543683511e-07
2021-09-27,17,AR1 alpha + Enhanced + One-Step,NYSE:JOE,0.0007129225008002458
2021-09-28,17,AR1 alpha + Enhanced + One-Step,NYSE:JOE,0.0007127809645692596
2021-09-29,17,AR1 alpha + Enhanced + One-Step,NYSE:JOE,0.0007132453876570784
2021-09-30,17,AR1 alpha + Enhanced + One-Step,NYSE:JOE,0.0007131901007534413
2021-10-01,17,AR1 alpha + Enhanced + One-Step,NYSE:JOE,0.016541523814971617
2021-10-04,17,AR1 alpha + Enhanced + One-Step,NYSE:JOE,0.023808062882676215
2021-10-05,17,AR1 alpha + Enhanced + One-Step,NYSE:JOE,0.02386235286461137
2021-10-06,17,AR1 alpha + Enhanced + One-Step,NYSE:JOE,0.021228384276246796
2021-10-07,17,AR1 alpha + Enhanced + One-Step,NYSE:JOE,0.021228123635346263
2021-10-08,17,AR1 alpha + Enhanced + One-Step,NYSE:JOE,0.021228077805602152
2021-10-11,17,AR1 alpha + Enhanced + One-Step,NYSE:JOE,0.015136525219292084
2021-10-12,17,AR1 alpha + Enhanced + One-Step,NYSE:JOE,0.009477423956980296
2021-10-13,17,AR1 alpha + Enhanced + One-Step,NYSE:JOE,0.008582509601937906
2021-10-14,17,AR1 alpha + Enhanced + One-Step,NYSE:JOE,0.008582412486001476
2021-10-15,17,AR1 alpha + Enhanced + One-Step,NYSE:JOE,0.00858226994488846
2021-10-18,17,AR1 alpha + Enhanced + One-Step,NYSE:JOE,0.008581662409051415
2021-10-19,17,AR1 alpha + Enhanced + One-Step,NYSE:JOE,0.009188047900161185
2021-10-20,17,AR1 alpha + Enhanced + One-Step,NYSE:JOE,0.00918837520384889
2021-10-21,17,AR1 alpha + Enhanced + One-Step,NYSE:JOE,0.009188382394099146
2021-10-22,17,AR1 alpha + Enhanced + One-Step,NYSE:JOE,0.009187673446876961
2021-10-25,17,AR1 alpha + Enhanced + One-Step,NYSE:JOE,0.009186922057287192
2021-10-26,17,AR1 alpha + Enhanced + One-Step,NYSE:JOE,0.009242899320227154
2021-10-27,17,AR1 alpha + Enhanced + One-Step,NYSE:JOE,0.009242900775471003
2021-10-28,17,AR1 alpha + Enhanced + One-Step,NYSE:JOE,0.009243040510652582
2021-10-29,17,AR1 alpha + Enhanced + One-Step,NYSE:JOE,0.017181529773190422
2021-11-01,17,AR1 alpha + Enhanced + One-Step,NYSE:JOE,0.017180834968467628
2021-11-02,17,AR1 alpha + Enhanced + One-Step,NYSE:JOE,0.017180429867126472
2021-11-03,17,AR1 alpha + Enhanced + One-Step,NYSE:JOE,0.017181055722541846
2021-11-04,17,AR1 alpha + Enhanced + One-Step,NYSE:JOE,0.017180671715717282
2021-11-05,17,AR1 alpha + Enhanced + One-Step,NYSE:JOE,0.0171803775997239
2021-11-08,17,AR1 alpha + Enhanced + One-Step,NYSE:JOE,0.017179236224993646
2021-11-09,17,AR1 alpha + Enhanced + One-Step,NYSE:JOE,0.017179249841333014
2021-11-10,17,AR1 alpha + Enhanced + One-Step,NYSE:JOE,0.017180561570420427
2021-11-11,17,AR1 alpha + Enhanced + One-Step,NYSE:JOE,0.017180524495062795
2021-11-12,17,AR1 alpha + Enhanced + One-Step,NYSE:JOE,0.02626103281389073
2021-11-15,17,AR1 alpha + Enhanced + One-Step,NYSE:JOE,0.027116880019280833
2021-11-16,17,AR1 alpha + Enhanced + One-Step,NYSE:JOE,0.02711684425619502
2021-11-17,17,AR1 alpha + Enhanced + One-Step,NYSE:JOE,0.027115227610621788
2021-11-18,17,AR1 alpha + Enhanced + One-Step,NYSE:JOE,0.027114837774563454
2021-11-19,17,AR1 alpha + Enhanced + One-Step,NYSE:JOE,0.027115152455686554
2021-11-22,17,AR1 alpha + Enhanced + One-Step,NYSE:JOE,0.027115394886394716
2021-11-23,17,AR1 alpha + Enhanced + One-Step,NYSE:JOE,0.027113292365219793
2021-11-24,17,AR1 alpha + Enhanced + One-Step,NYSE:JOE,0.027113144248085707
2021-11-26,17,AR1 alpha + Enhanced + One-Step,NYSE:JOE,0.01123913087362016
2021-11-29,17,AR1 alpha + Enhanced + One-Step,NYSE:JOE,0.008749357704428827
2021-11-30,17,AR1 alpha + Enhanced + One-Step,NYSE:JOE,0.0
2021-12-01,17,AR1 alpha + Enhanced + One-Step,NYSE:JOE,0.0
2021-12-02,17,AR1 alpha + Enhanced + One-Step,NYSE:JOE,0.0
2021-12-03,17,AR1 alpha + Enhanced + One-Step,NYSE:JOE,3.247265319114534e-08
2021-12-06,17,AR1 alpha + Enhanced + One-Step,NYSE:JOE,0.0
2021-12-07,17,AR1 alpha + Enhanced + One-Step,NYSE:JOE,1.3974094563008826e-08
2021-12-08,17,AR1 alpha + Enhanced + One-Step,NYSE:JOE,6.814606337579614e-08
2021-12-09,17,AR1 alpha + Enhanced + One-Step,NYSE:JOE,0.0
2021-12-10,17,AR1 alpha + Enhanced + One-Step,NYSE:JOE,0.0
2021-12-13,17,AR1 alpha + Enhanced + One-Step,NYSE:JOE,0.0
2021-12-14,17,AR1 alpha + Enhanced + One-Step,NYSE:JOE,0.0
2021-12-15,17,AR1 alpha + Enhanced + One-Step,NYSE:JOE,2.2800333816106534e-07
2021-12-16,17,AR1 alpha + Enhanced + One-Step,NYSE:JOE,2.0652641382558694e-07
2021-12-17,17,AR1 alpha + Enhanced + One-Step,NYSE:JOE,3.578328762428306e-08
2021-12-20,17,AR1 alpha + Enhanced + One-Step,NYSE:JOE,0.0
2021-12-21,17,AR1 alpha + Enhanced + One-Step,NYSE:JOE,1.4640962626987324e-07
2021-12-22,17,AR1 alpha + Enhanced + One-Step,NYSE:JOE,3.8386777687975085e-08
2021-12-23,17,AR1 alpha + Enhanced + One-Step,NYSE:JOE,3.0651983611947676e-07
2021-12-27,17,AR1 alpha + Enhanced + One-Step,NYSE:JOE,2.587658913465327e-07
2021-12-28,17,AR1 alpha + Enhanced + One-Step,NYSE:JOE,2.007825752777312e-07
2021-12-29,17,AR1 alpha + Enhanced + One-Step,NYSE:JOE,4.2787147556816957e-07
2021-12-30,17,AR1 alpha + Enhanced + One-Step,NYSE:JOE,3.2557423847232965e-07
2021-12-31,17,AR1 alpha + Enhanced + One-Step,NYSE:JOE,1.6646806378359743e-07
2022-01-03,17,AR1 alpha + Enhanced + One-Step,NYSE:JOE,1.586392259888587e-07
2022-01-04,17,AR1 alpha + Enhanced + One-Step,NYSE:JOE,1.296361216074659e-07
2022-01-05,17,AR1 alpha + Enhanced + One-Step,NYSE:JOE,7.940348400032105e-08
2022-01-06,17,AR1 alpha + Enhanced + One-Step,NYSE:JOE,8.406056449399676e-08
2022-01-07,17,AR1 alpha + Enhanced + One-Step,NYSE:JOE,1.734947241907477e-09
2022-01-10,17,AR1 alpha + Enhanced + One-Step,NYSE:JOE,0.0
2022-01-11,17,AR1 alpha + Enhanced + One-Step,NYSE:JOE,0.0
2022-01-12,17,AR1 alpha + Enhanced + One-Step,NYSE:JOE,0.0
2022-01-13,17,AR1 alpha + Enhanced + One-Step,NYSE:JOE,0.0
2022-01-14,17,AR1 alpha + Enhanced + One-Step,NYSE:JOE,0.0
2022-01-18,17,AR1 alpha + Enhanced + One-Step,NYSE:JOE,1.5031792070607768e-07
2022-01-19,17,AR1 alpha + Enhanced + One-Step,NYSE:JOE,0.0
2022-01-20,17,AR1 alpha + Enhanced + One-Step,NYSE:JOE,4.647267407843029e-08
2022-01-21,17,AR1 alpha + Enhanced + One-Step,NYSE:JOE,0.0
2022-01-24,17,AR1 alpha + Enhanced + One-Step,NYSE:JOE,0.0
2022-01-25,17,AR1 alpha + Enhanced + One-Step,NYSE:JOE,8.847026734017643e-08
2022-01-26,17,AR1 alpha + Enhanced + One-Step,NYSE:JOE,1.3923569096699627e-07
2022-01-27,17,AR1 alpha + Enhanced + One-Step,NYSE:JOE,1.4761029178049007e-07
2022-01-28,17,AR1 alpha + Enhanced + One-Step,NYSE:JOE,8.142300755201014e-08
2022-01-31,17,AR1 alpha + Enhanced + One-Step,NYSE:JOE,4.915506673480674e-07
2022-02-01,17,AR1 alpha + Enhanced + One-Step,NYSE:JOE,3.107017458086812e-07
2022-02-02,17,AR1 alpha + Enhanced + One-Step,NYSE:JOE,1.4743517563377723e-07
2022-02-03,17,AR1 alpha + Enhanced + One-Step,NYSE:JOE,0.0
2022-02-04,17,AR1 alpha + Enhanced + One-Step,NYSE:JOE,0.0
2022-02-07,17,AR1 alpha + Enhanced + One-Step,NYSE:JOE,0.0
2022-02-08,17,AR1 alpha + Enhanced + One-Step,NYSE:JOE,0.0
2022-02-09,17,AR1 alpha + Enhanced + One-Step,NYSE:JOE,1.4177236800306071e-08
2022-02-10,17,AR1 alpha + Enhanced + One-Step,NYSE:JOE,5.0014573776082694e-09
2022-02-11,17,AR1 alpha + Enhanced + One-Step,NYSE:JOE,4.232968009980931e-07
2022-02-14,17,AR1 alpha + Enhanced + One-Step,NYSE:JOE,0.0
2022-02-15,17,AR1 alpha + Enhanced + One-Step,NYSE:JOE,6.414845524828037e-09
2022-02-16,17,AR1 alpha + Enhanced + One-Step,NYSE:JOE,0.0
2022-02-17,17,AR1 alpha + Enhanced + One-Step,NYSE:JOE,0.0
2022-02-18,17,AR1 alpha + Enhanced + One-Step,NYSE:JOE,3.578614313435481e-08
2022-02-22,17,AR1 alpha + Enhanced + One-Step,NYSE:JOE,3.0131764364863613e-09
2022-02-23,17,AR1 alpha + Enhanced + One-Step,NYSE:JOE,0.0
2022-02-24,17,AR1 alpha + Enhanced + One-Step,NYSE:JOE,0.0
2022-02-25,17,AR1 alpha + Enhanced + One-Step,NYSE:JOE,5.498760237117968e-08
2022-02-28,17,AR1 alpha + Enhanced + One-Step,NYSE:JOE,5.209638804366136e-08
2022-03-01,17,AR1 alpha + Enhanced + One-Step,NYSE:JOE,8.471113810232179e-08
2022-03-02,17,AR1 alpha + Enhanced + One-Step,NYSE:JOE,0.0
2022-03-03,17,AR1 alpha + Enhanced + One-Step,NYSE:JOE,0.0
2022-03-04,17,AR1 alpha + Enhanced + One-Step,NYSE:JOE,0.0
2022-03-07,17,AR1 alpha + Enhanced + One-Step,NYSE:JOE,1.1596738236725828e-06
2022-03-08,17,AR1 alpha + Enhanced + One-Step,NYSE:JOE,6.13841032132465e-07
2022-03-09,17,AR1 alpha + Enhanced + One-Step,NYSE:JOE,2.9531054720296883e-07
2022-03-10,17,AR1 alpha + Enhanced + One-Step,NYSE:JOE,3.116769226339349e-07
2022-03-11,17,AR1 alpha + Enhanced + One-Step,NYSE:JOE,0.0
2022-03-14,17,AR1 alpha + Enhanced + One-Step,NYSE:JOE,0.0
2022-03-15,17,AR1 alpha + Enhanced + One-Step,NYSE:JOE,0.0
2022-03-16,17,AR1 alpha + Enhanced + One-Step,NYSE:JOE,1.3240665396835867e-08
2022-03-17,17,AR1 alpha + Enhanced + One-Step,NYSE:JOE,4.552034242270805e-08
2022-03-18,17,AR1 alpha + Enhanced + One-Step,NYSE:JOE,6.807629791720216e-09
2022-03-21,17,AR1 alpha + Enhanced + One-Step,NYSE:JOE,0.011528812665982331
2022-03-22,17,AR1 alpha + Enhanced + One-Step,NYSE:JOE,0.015551942119206954
2022-03-23,17,AR1 alpha + Enhanced + One-Step,NYSE:JOE,0.015551939239282392
2022-03-24,17,AR1 alpha + Enhanced + One-Step,NYSE:JOE,0.015551979590986517
2022-03-25,17,AR1 alpha + Enhanced + One-Step,NYSE:JOE,0.01913638314827929
2022-03-28,17,AR1 alpha + Enhanced + One-Step,NYSE:JOE,0.019136335593043768
2022-03-29,17,AR1 alpha + Enhanced + One-Step,NYSE:JOE,0.025305890166424122
2022-03-30,17,AR1 alpha + Enhanced + One-Step,NYSE:JOE,0.025305900060031097
2022-03-31,17,AR1 alpha + Enhanced + One-Step,NYSE:JOE,0.025305875483859177
2022-04-01,17,AR1 alpha + Enhanced + One-Step,NYSE:JOE,0.025300369540055663
2022-04-04,17,AR1 alpha + Enhanced + One-Step,NYSE:JOE,0.02529956456203804
2022-04-05,17,AR1 alpha + Enhanced + One-Step,NYSE:JOE,0.025299754850563797
2022-04-06,17,AR1 alpha + Enhanced + One-Step,NYSE:JOE,0.024502338062768296
2022-04-07,17,AR1 alpha + Enhanced + One-Step,NYSE:JOE,0.0245022173044592
2022-04-08,17,AR1 alpha + Enhanced + One-Step,NYSE:JOE,0.00433750072137852
2022-04-11,17,AR1 alpha + Enhanced + One-Step,NYSE:JOE,0.0043354139758875285
2022-04-12,17,AR1 alpha + Enhanced + One-Step,NYSE:JOE,0.0043345565010306005
2022-04-13,17,AR1 alpha + Enhanced + One-Step,NYSE:JOE,0.004334638341024465
2022-04-14,17,AR1 alpha + Enhanced + One-Step,NYSE:JOE,0.004334045270420927
2022-04-18,17,AR1 alpha + Enhanced + One-Step,NYSE:JOE,0.004333860674506855
2022-04-19,17,AR1 alpha + Enhanced + One-Step,NYSE:JOE,0.005658024374179218
2022-04-20,17,AR1 alpha + Enhanced + One-Step,NYSE:JOE,0.029646276884971387
2022-04-21,17,AR1 alpha + Enhanced + One-Step,NYSE:JOE,0.029645598156313503
2022-04-22,17,AR1 alpha + Enhanced + One-Step,NYSE:JOE,0.0126865836672306
2022-04-25,17,AR1 alpha + Enhanced + One-Step,NYSE:JOE,0.006721628145150504
2022-04-26,17,AR1 alpha + Enhanced + One-Step,NYSE:JOE,8.860194401980092e-07
2022-04-27,17,AR1 alpha + Enhanced + One-Step,NYSE:JOE,0.0
2022-04-28,17,AR1 alpha + Enhanced + One-Step,NYSE:JOE,0.0
2022-04-29,17,AR1 alpha + Enhanced + One-Step,NYSE:JOE,0.0
2022-05-02,17,AR1 alpha + Enhanced + One-Step,NYSE:JOE,0.0
2022-05-03,17,AR1 alpha + Enhanced + One-Step,NYSE:JOE,0.0
2022-05-04,17,AR1 alpha + Enhanced + One-Step,NYSE:JOE,1.6310464142334938e-09
2022-05-05,17,AR1 alpha + Enhanced + One-Step,NYSE:JOE,0.0
2022-05-06,17,AR1 alpha + Enhanced + One-Step,NYSE:JOE,0.0
2022-05-09,17,AR1 alpha + Enhanced + One-Step,NYSE:JOE,0.0
2022-05-10,17,AR1 alpha + Enhanced + One-Step,NYSE:JOE,0.0
2022-05-11,17,AR1 alpha + Enhanced + One-Step,NYSE:JOE,0.0
2022-05-12,17,AR1 alpha + Enhanced + One-Step,NYSE:JOE,0.0
2022-05-13,17,AR1 alpha + Enhanced + One-Step,NYSE:JOE,0.0
2022-05-16,17,AR1 alpha + Enhanced + One-Step,NYSE:JOE,3.285147885611336e-08
2022-05-17,17,AR1 alpha + Enhanced + One-Step,NYSE:JOE,0.0
2022-05-18,17,AR1 alpha + Enhanced + One-Step,NYSE:JOE,5.632624105348619e-08
2022-05-19,17,AR1 alpha + Enhanced + One-Step,NYSE:JOE,0.0
2022-05-20,17,AR1 alpha + Enhanced + One-Step,NYSE:JOE,0.0
2022-05-23,17,AR1 alpha + Enhanced + One-Step,NYSE:JOE,0.0
2022-05-24,17,AR1 alpha + Enhanced + One-Step,NYSE:JOE,0.0
2022-05-25,17,AR1 alpha + Enhanced + One-Step,NYSE:JOE,0.0
2022-05-26,17,AR1 alpha + Enhanced + One-Step,NYSE:JOE,1.5731667063708297e-08
2022-05-27,17,AR1 alpha + Enhanced + One-Step,NYSE:JOE,0.0
2022-05-31,17,AR1 alpha + Enhanced + One-Step,NYSE:JOE,0.0
2022-06-01,17,AR1 alpha + Enhanced + One-Step,NYSE:JOE,3.242316585559188e-07
2022-06-02,17,AR1 alpha + Enhanced + One-Step,NYSE:JOE,4.154277852274814e-07
2022-06-03,17,AR1 alpha + Enhanced + One-Step,NYSE:JOE,1.2836726064062292e-07
2022-06-06,17,AR1 alpha + Enhanced + One-Step,NYSE:JOE,0.0
2022-06-07,17,AR1 alpha + Enhanced + One-Step,NYSE:JOE,0.0
2022-06-08,17,AR1 alpha + Enhanced + One-Step,NYSE:JOE,0.0
2022-06-09,17,AR1 alpha + Enhanced + One-Step,NYSE:JOE,0.0
2022-06-10,17,AR1 alpha + Enhanced + One-Step,NYSE:JOE,0.0
2022-06-13,17,AR1 alpha + Enhanced + One-Step,NYSE:JOE,0.0
2022-06-14,17,AR1 alpha + Enhanced + One-Step,NYSE:JOE,0.0
2022-06-15,17,AR1 alpha + Enhanced + One-Step,NYSE:JOE,0.0
2022-06-16,17,AR1 alpha + Enhanced + One-Step,NYSE:JOE,0.0
2022-06-17,17,AR1 alpha + Enhanced + One-Step,NYSE:JOE,2.0647645401921797e-07
2022-06-21,17,AR1 alpha + Enhanced + One-Step,NYSE:JOE,0.0
2022-06-22,17,AR1 alpha + Enhanced + One-Step,NYSE:JOE,0.0
2022-06-23,17,AR1 alpha + Enhanced + One-Step,NYSE:JOE,0.0
2022-06-24,17,AR1 alpha + Enhanced + One-Step,NYSE:JOE,0.0
2022-06-27,17,AR1 alpha + Enhanced + One-Step,NYSE:JOE,1.438645934867772e-07
2022-06-28,17,AR1 alpha + Enhanced + One-Step,NYSE:JOE,8.935434495253663e-08
2022-06-29,17,AR1 alpha + Enhanced + One-Step,NYSE:JOE,0.0
2022-06-30,17,AR1 alpha + Enhanced + One-Step,NYSE:JOE,8.851301582426194e-08
2022-07-01,17,AR1 alpha + Enhanced + One-Step,NYSE:JOE,0.0
2022-07-05,17,AR1 alpha + Enhanced + One-Step,NYSE:JOE,0.0
2022-07-06,17,AR1 alpha + Enhanced + One-Step,NYSE:JOE,0.0
2022-07-07,17,AR1 alpha + Enhanced + One-Step,NYSE:JOE,0.0
2022-07-08,17,AR1 alpha + Enhanced + One-Step,NYSE:JOE,0.0
2022-07-11,17,AR1 alpha + Enhanced + One-Step,NYSE:JOE,0.0
2022-07-12,17,AR1 alpha + Enhanced + One-Step,NYSE:JOE,0.0
2022-07-13,17,AR1 alpha + Enhanced + One-Step,NYSE:JOE,0.0
2022-07-14,17,AR1 alpha + Enhanced + One-Step,NYSE:JOE,1.2695536906261305e-08
2022-07-15,17,AR1 alpha + Enhanced + One-Step,NYSE:JOE,2.7834580408595088e-08
2022-07-18,17,AR1 alpha + Enhanced + One-Step,NYSE:JOE,0.0
2022-07-19,17,AR1 alpha + Enhanced + One-Step,NYSE:JOE,0.0
2022-07-20,17,AR1 alpha + Enhanced + One-Step,NYSE:JOE,0.0
2022-07-21,17,AR1 alpha + Enhanced + One-Step,NYSE:JOE,0.0
2022-07-22,17,AR1 alpha + Enhanced + One-Step,NYSE:JOE,0.0
2022-07-25,17,AR1 alpha + Enhanced + One-Step,NYSE:JOE,2.803816297935486e-07
2022-07-26,17,AR1 alpha + Enhanced + One-Step,NYSE:JOE,1.8811363504503225e-07
2022-07-27,17,AR1 alpha + Enhanced + One-Step,NYSE:JOE,9.48511803478613e-08
2022-07-28,17,AR1 alpha + Enhanced + One-Step,NYSE:JOE,7.422086692982952e-08
2022-07-29,17,AR1 alpha + Enhanced + One-Step,NYSE:JOE,0.0
2022-08-01,17,AR1 alpha + Enhanced + One-Step,NYSE:JOE,0.0
2022-08-02,17,AR1 alpha + Enhanced + One-Step,NYSE:JOE,0.0
2022-08-03,17,AR1 alpha + Enhanced + One-Step,NYSE:JOE,0.0
2022-08-04,17,AR1 alpha + Enhanced + One-Step,NYSE:JOE,1.0154011195248556e-07
2022-08-05,17,AR1 alpha + Enhanced + One-Step,NYSE:JOE,0.0
2022-08-08,17,AR1 alpha + Enhanced + One-Step,NYSE:JOE,0.0
2022-08-09,17,AR1 alpha + Enhanced + One-Step,NYSE:JOE,4.1138872488092e-07
2022-08-10,17,AR1 alpha + Enhanced + One-Step,NYSE:JOE,0.0
2022-08-11,17,AR1 alpha + Enhanced + One-Step,NYSE:JOE,0.0
2022-08-12,17,AR1 alpha + Enhanced + One-Step,NYSE:JOE,1.2184950076517436e-08
2022-08-15,17,AR1 alpha + Enhanced + One-Step,NYSE:JOE,3.6062879643968975e-09
2022-08-16,17,AR1 alpha + Enhanced + One-Step,NYSE:JOE,3.0930339597774635e-08
2022-08-17,17,AR1 alpha + Enhanced + One-Step,NYSE:JOE,2.7748330138408934e-07
2022-08-18,17,AR1 alpha + Enhanced + One-Step,NYSE:JOE,0.0
2022-08-19,17,AR1 alpha + Enhanced + One-Step,NYSE:JOE,0.0
2022-08-22,17,AR1 alpha + Enhanced + One-Step,NYSE:JOE,0.0
2022-08-23,17,AR1 alpha + Enhanced + One-Step,NYSE:JOE,0.0
2022-08-24,17,AR1 alpha + Enhanced + One-Step,NYSE:JOE,0.0
2022-08-25,17,AR1 alpha + Enhanced + One-Step,NYSE:JOE,0.0
2022-08-26,17,AR1 alpha + Enhanced + One-Step,NYSE:JOE,0.0
2022-08-29,17,AR1 alpha + Enhanced + One-Step,NYSE:JOE,2.2531178825916977e-08
2022-08-30,17,AR1 alpha + Enhanced + One-Step,NYSE:JOE,0.0
2022-08-31,17,AR1 alpha + Enhanced + One-Step,NYSE:JOE,0.0
2022-09-01,17,AR1 alpha + Enhanced + One-Step,NYSE:JOE,9.619566089540067e-08
2022-09-02,17,AR1 alpha + Enhanced + One-Step,NYSE:JOE,4.5549477638933975e-08
2022-09-06,17,AR1 alpha + Enhanced + One-Step,NYSE:JOE,2.81709836806851e-08
2022-09-07,17,AR1 alpha + Enhanced + One-Step,NYSE:JOE,3.489249006025888e-08
2022-09-08,17,AR1 alpha + Enhanced + One-Step,NYSE:JOE,1.1099932010526468e-07
2022-09-09,17,AR1 alpha + Enhanced + One-Step,NYSE:JOE,0.0
2022-09-12,17,AR1 alpha + Enhanced + One-Step,NYSE:JOE,0.0
2022-09-13,17,AR1 alpha + Enhanced + One-Step,NYSE:JOE,9.606622772109646e-10
2022-09-14,17,AR1 alpha + Enhanced + One-Step,NYSE:JOE,0.0
2022-09-15,17,AR1 alpha + Enhanced + One-Step,NYSE:JOE,0.0
2022-09-16,17,AR1 alpha + Enhanced + One-Step,NYSE:JOE,3.485730418266258e-08
2022-09-19,17,AR1 alpha + Enhanced + One-Step,NYSE:JOE,0.0
2022-09-20,17,AR1 alpha + Enhanced + One-Step,NYSE:JOE,1.1191402095649525e-07
2022-09-21,17,AR1 alpha + Enhanced + One-Step,NYSE:JOE,0.0
2022-09-22,17,AR1 alpha + Enhanced + One-Step,NYSE:JOE,0.0
2022-09-23,17,AR1 alpha + Enhanced + One-Step,NYSE:JOE,0.0
2022-09-26,17,AR1 alpha + Enhanced + One-Step,NYSE:JOE,0.0
2022-09-27,17,AR1 alpha + Enhanced + One-Step,NYSE:JOE,0.0
2022-09-28,17,AR1 alpha + Enhanced + One-Step,NYSE:JOE,0.0
2022-09-29,17,AR1 alpha + Enhanced + One-Step,NYSE:JOE,2.664027359830982e-07
2022-09-30,17,AR1 alpha + Enhanced + One-Step,NYSE:JOE,1.02996309380796e-07
2022-10-03,17,AR1 alpha + Enhanced + One-Step,NYSE:JOE,5.9187844966200435e-08
2022-10-04,17,AR1 alpha + Enhanced + One-Step,NYSE:JOE,0.0
2022-10-05,17,AR1 alpha + Enhanced + One-Step,NYSE:JOE,0.0
2022-10-06,17,AR1 alpha + Enhanced + One-Step,NYSE:JOE,0.0
2022-10-07,17,AR1 alpha + Enhanced + One-Step,NYSE:JOE,4.106266447785348e-08
2022-10-10,17,AR1 alpha + Enhanced + One-Step,NYSE:JOE,0.0
2022-10-11,17,AR1 alpha + Enhanced + One-Step,NYSE:JOE,0.0
2022-10-12,17,AR1 alpha + Enhanced + One-Step,NYSE:JOE,0.0
2022-10-13,17,AR1 alpha + Enhanced + One-Step,NYSE:JOE,1.0898619699225342e-06
2022-10-14,17,AR1 alpha + Enhanced + One-Step,NYSE:JOE,5.179380470745689e-07
2022-10-17,17,AR1 alpha + Enhanced + One-Step,NYSE:JOE,2.6365987307951007e-07
2022-10-18,17,AR1 alpha + Enhanced + One-Step,NYSE:JOE,1.7191016145059142e-07
2022-10-19,17,AR1 alpha + Enhanced + One-Step,NYSE:JOE,1.1340598740535166e-07
2022-10-20,17,AR1 alpha + Enhanced + One-Step,NYSE:JOE,0.0
2022-10-21,17,AR1 alpha + Enhanced + One-Step,NYSE:JOE,3.337026060325253e-08
2022-10-24,17,AR1 alpha + Enhanced + One-Step,NYSE:JOE,0.0
2022-10-25,17,AR1 alpha + Enhanced + One-Step,NYSE:JOE,1.3569856318897605e-08
2022-10-26,17,AR1 alpha + Enhanced + One-Step,NYSE:JOE,3.0993736920153154e-08
2022-10-27,17,AR1 alpha + Enhanced + One-Step,NYSE:JOE,0.0
2022-10-28,17,AR1 alpha + Enhanced + One-Step,NYSE:JOE,0.0
2022-10-31,17,AR1 alpha + Enhanced + One-Step,NYSE:JOE,0.0
2022-11-01,17,AR1 alpha + Enhanced + One-Step,NYSE:JOE,0.0
2022-11-02,17,AR1 alpha + Enhanced + One-Step,NYSE:JOE,1.6546584198684153e-08
2022-11-03,17,AR1 alpha + Enhanced + One-Step,NYSE:JOE,1.332344273488736e-06
2022-11-04,17,AR1 alpha + Enhanced + One-Step,NYSE:JOE,5.151738323309028e-07
2022-11-07,17,AR1 alpha + Enhanced + One-Step,NYSE:JOE,0.0
2022-11-08,17,AR1 alpha + Enhanced + One-Step,NYSE:JOE,6.972316256256487e-08
2022-11-09,17,AR1 alpha + Enhanced + One-Step,NYSE:JOE,0.0
2022-11-10,17,AR1 alpha + Enhanced + One-Step,NYSE:JOE,1.2338026042036835e-08
2022-11-11,17,AR1 alpha + Enhanced + One-Step,NYSE:JOE,0.0
2022-11-14,17,AR1 alpha + Enhanced + One-Step,NYSE:JOE,0.0
2022-11-15,17,AR1 alpha + Enhanced + One-Step,NYSE:JOE,1.7060987575540473e-08
2022-11-16,17,AR1 alpha + Enhanced + One-Step,NYSE:JOE,1.287516798164338e-08
2022-11-17,17,AR1 alpha + Enhanced + One-Step,NYSE:JOE,0.0
2022-11-18,17,AR1 alpha + Enhanced + One-Step,NYSE:JOE,2.857574631433815e-08
2022-11-21,17,AR1 alpha + Enhanced + One-Step,NYSE:JOE,0.0
2022-11-22,17,AR1 alpha + Enhanced + One-Step,NYSE:JOE,0.0
2022-11-23,17,AR1 alpha + Enhanced + One-Step,NYSE:JOE,3.3035082226452517e-07
2022-11-25,17,AR1 alpha + Enhanced + One-Step,NYSE:JOE,3.386204392088851e-07
2022-11-28,17,AR1 alpha + Enhanced + One-Step,NYSE:JOE,2.730292054679621e-07
2022-11-29,17,AR1 alpha + Enhanced + One-Step,NYSE:JOE,1.788698394818527e-07
2022-11-30,17,AR1 alpha + Enhanced + One-Step,NYSE:JOE,1.1581737946204203e-07
2022-12-01,17,AR1 alpha + Enhanced + One-Step,NYSE:JOE,0.0
2022-12-02,17,AR1 alpha + Enhanced + One-Step,NYSE:JOE,3.079339077796909e-08
2022-12-05,17,AR1 alpha + Enhanced + One-Step,NYSE:JOE,0.0
2022-12-06,17,AR1 alpha + Enhanced + One-Step,NYSE:JOE,0.0
2022-12-07,17,AR1 alpha + Enhanced + One-Step,NYSE:JOE,0.0
2022-12-08,17,AR1 alpha + Enhanced + One-Step,NYSE:JOE,0.0
2022-12-09,17,AR1 alpha + Enhanced + One-Step,NYSE:JOE,0.0
2022-12-12,17,AR1 alpha + Enhanced + One-Step,NYSE:JOE,0.0
2022-12-13,17,AR1 alpha + Enhanced + One-Step,NYSE:JOE,0.0
2022-12-14,17,AR1 alpha + Enhanced + One-Step,NYSE:JOE,0.0
2022-12-15,17,AR1 alpha + Enhanced + One-Step,NYSE:JOE,0.0
2022-12-16,17,AR1 alpha + Enhanced + One-Step,NYSE:JOE,0.0
2022-12-19,17,AR1 alpha + Enhanced + One-Step,NYSE:JOE,0.0
2022-12-20,17,AR1 alpha + Enhanced + One-Step,NYSE:JOE,0.0
2022-12-21,17,AR1 alpha + Enhanced + One-Step,NYSE:JOE,0.0
2022-12-22,17,AR1 alpha + Enhanced + One-Step,NYSE:JOE,0.0
2022-12-23,17,AR1 alpha + Enhanced + One-Step,NYSE:JOE,1.926821109056961e-08
2022-12-27,17,AR1 alpha + Enhanced + One-Step,NYSE:JOE,2.0762347138725123e-08
2022-12-28,17,AR1 alpha + Enhanced + One-Step,NYSE:JOE,0.0
2022-12-29,17,AR1 alpha + Enhanced + One-Step,NYSE:JOE,0.0
2022-12-30,17,AR1 alpha + Enhanced + One-Step,NYSE:JOE,4.33057727706836e-09
2023-01-03,17,AR1 alpha + Enhanced + One-Step,NYSE:JOE,8.040320608071279e-09
2023-01-04,17,AR1 alpha + Enhanced + One-Step,NYSE:JOE,0.0
2023-01-05,17,AR1 alpha + Enhanced + One-Step,NYSE:JOE,4.61914668572135e-07
2023-01-06,17,AR1 alpha + Enhanced + One-Step,NYSE:JOE,1.6933131839808331e-07
2023-01-09,17,AR1 alpha + Enhanced + One-Step,NYSE:JOE,0.0
2023-01-10,17,AR1 alpha + Enhanced + One-Step,NYSE:JOE,2.3068715864303845e-07
2023-01-11,17,AR1 alpha + Enhanced + One-Step,NYSE:JOE,0.0
2023-01-12,17,AR1 alpha + Enhanced + One-Step,NYSE:JOE,0.0
2023-01-13,17,AR1 alpha + Enhanced + One-Step,NYSE:JOE,0.0
2023-01-17,17,AR1 alpha + Enhanced + One-Step,NYSE:JOE,0.0
2023-01-18,17,AR1 alpha + Enhanced + One-Step,NYSE:JOE,1.8006772518085742e-07
2023-01-19,17,AR1 alpha + Enhanced + One-Step,NYSE:JOE,0.0
2023-01-20,17,AR1 alpha + Enhanced + One-Step,NYSE:JOE,0.0
2023-01-23,17,AR1 alpha + Enhanced + One-Step,NYSE:JOE,0.0
2023-01-24,17,AR1 alpha + Enhanced + One-Step,NYSE:JOE,1.1610171855302347e-08
2023-01-25,17,AR1 alpha + Enhanced + One-Step,NYSE:JOE,1.5777659227899166e-08
2023-01-26,17,AR1 alpha + Enhanced + One-Step,NYSE:JOE,0.0
2023-01-27,17,AR1 alpha + Enhanced + One-Step,NYSE:JOE,0.0
2023-01-30,17,AR1 alpha + Enhanced + One-Step,NYSE:JOE,1.4999647868569698e-08
2023-01-31,17,AR1 alpha + Enhanced + One-Step,NYSE:JOE,0.0
2023-02-01,17,AR1 alpha + Enhanced + One-Step,NYSE:JOE,0.0
2023-02-02,17,AR1 alpha + Enhanced + One-Step,NYSE:JOE,8.432067785336889e-07
2023-02-03,17,AR1 alpha + Enhanced + One-Step,NYSE:JOE,5.494768025751009e-07
2023-02-06,17,AR1 alpha + Enhanced + One-Step,NYSE:JOE,5.519030778572488e-07
2023-02-07,17,AR1 alpha + Enhanced + One-Step,NYSE:JOE,2.0522037968321716e-06
2023-02-08,17,AR1 alpha + Enhanced + One-Step,NYSE:JOE,1.2887594564854413e-06
2023-02-09,17,AR1 alpha + Enhanced + One-Step,NYSE:JOE,7.869212429141723e-07
2023-02-10,17,AR1 alpha + Enhanced + One-Step,NYSE:JOE,0.0
2023-02-13,17,AR1 alpha + Enhanced + One-Step,NYSE:JOE,0.0
2023-02-14,17,AR1 alpha + Enhanced + One-Step,NYSE:JOE,7.287394578348446e-07
2023-02-15,17,AR1 alpha + Enhanced + One-Step,NYSE:JOE,4.5709639752818655e-07
2023-02-16,17,AR1 alpha + Enhanced + One-Step,NYSE:JOE,0.0
2023-02-17,17,AR1 alpha + Enhanced + One-Step,NYSE:JOE,0.0
2023-02-21,17,AR1 alpha + Enhanced + One-Step,NYSE:JOE,0.0
2023-02-22,17,AR1 alpha + Enhanced + One-Step,NYSE:JOE,0.0
2023-02-23,17,AR1 alpha + Enhanced + One-Step,NYSE:JOE,0.0
2023-02-24,17,AR1 alpha + Enhanced + One-Step,NYSE:JOE,1.7989586746371044e-06
2023-02-27,17,AR1 alpha + Enhanced + One-Step,NYSE:JOE,1.2177644814840133e-06
2023-02-28,17,AR1 alpha + Enhanced + One-Step,NYSE:JOE,1.3865833290585365e-06
2023-03-01,17,AR1 alpha + Enhanced + One-Step,NYSE:JOE,7.991500773639033e-07
2023-03-02,17,AR1 alpha + Enhanced + One-Step,NYSE:JOE,0.0
2023-03-03,17,AR1 alpha + Enhanced + One-Step,NYSE:JOE,0.0
2023-03-06,17,AR1 alpha + Enhanced + One-Step,NYSE:JOE,0.0
2023-03-07,17,AR1 alpha + Enhanced + One-Step,NYSE:JOE,0.0
2023-03-08,17,AR1 alpha + Enhanced + One-Step,NYSE:JOE,0.0
2023-03-09,17,AR1 alpha + Enhanced + One-Step,NYSE:JOE,0.0
2023-03-10,17,AR1 alpha + Enhanced + One-Step,NYSE:JOE,0.0
2023-03-13,17,AR1 alpha + Enhanced + One-Step,NYSE:JOE,0.0
2023-03-14,17,AR1 alpha + Enhanced + One-Step,NYSE:JOE,0.0
2023-03-15,17,AR1 alpha + Enhanced + One-Step,NYSE:JOE,0.0
2023-03-16,17,AR1 alpha + Enhanced + One-Step,NYSE:JOE,4.49139476052929e-09
2023-03-17,17,AR1 alpha + Enhanced + One-Step,NYSE:JOE,0.0
2023-03-20,17,AR1 alpha + Enhanced + One-Step,NYSE:JOE,0.0
2023-03-21,17,AR1 alpha + Enhanced + One-Step,NYSE:JOE,0.0
2023-03-22,17,AR1 alpha + Enhanced + One-Step,NYSE:JOE,0.0
2023-03-23,17,AR1 alpha + Enhanced + One-Step,NYSE:JOE,0.0
2023-03-24,17,AR1 alpha + Enhanced + One-Step,NYSE:JOE,0.0
2023-03-27,17,AR1 alpha + Enhanced + One-Step,NYSE:JOE,0.0
2023-03-28,17,AR1 alpha + Enhanced + One-Step,NYSE:JOE,0.0
2023-03-29,17,AR1 alpha + Enhanced + One-Step,NYSE:JOE,9.066530928394145e-09
2023-03-30,17,AR1 alpha + Enhanced + One-Step,NYSE:JOE,2.1543492539339386e-08
2023-03-31,17,AR1 alpha + Enhanced + One-Step,NYSE:JOE,1.3671607151218493e-07
2023-04-03,17,AR1 alpha + Enhanced + One-Step,NYSE:JOE,0.0
2023-04-04,17,AR1 alpha + Enhanced + One-Step,NYSE:JOE,0.0
2023-04-05,17,AR1 alpha + Enhanced + One-Step,NYSE:JOE,0.0
2023-04-06,17,AR1 alpha + Enhanced + One-Step,NYSE:JOE,1.9418028293825302e-07
2023-04-10,17,AR1 alpha + Enhanced + One-Step,NYSE:JOE,8.265779975571375e-07
2023-04-11,17,AR1 alpha + Enhanced + One-Step,NYSE:JOE,0.0
2023-04-12,17,AR1 alpha + Enhanced + One-Step,NYSE:JOE,0.0
2023-04-13,17,AR1 alpha + Enhanced + One-Step,NYSE:JOE,0.0
2023-04-14,17,AR1 alpha + Enhanced + One-Step,NYSE:JOE,0.0
2023-04-17,17,AR1 alpha + Enhanced + One-Step,NYSE:JOE,9.423323059863964e-08
2023-04-18,17,AR1 alpha + Enhanced + One-Step,NYSE:JOE,0.0
2023-04-19,17,AR1 alpha + Enhanced + One-Step,NYSE:JOE,0.0
2023-04-20,17,AR1 alpha + Enhanced + One-Step,NYSE:JOE,2.591075319282106e-08
2023-04-21,17,AR1 alpha + Enhanced + One-Step,NYSE:JOE,0.0
2023-04-24,17,AR1 alpha + Enhanced + One-Step,NYSE:JOE,0.0
2023-04-25,17,AR1 alpha + Enhanced + One-Step,NYSE:JOE,0.0
2023-04-26,17,AR1 alpha + Enhanced + One-Step,NYSE:JOE,0.0
2023-04-27,17,AR1 alpha + Enhanced + One-Step,NYSE:JOE,0.0
2023-04-28,17,AR1 alpha + Enhanced + One-Step,NYSE:JOE,0.0
2023-05-01,17,AR1 alpha + Enhanced + One-Step,NYSE:JOE,1.386428226125399e-07
2023-05-02,17,AR1 alpha + Enhanced + One-Step,NYSE:JOE,2.0198514509445488e-07
2023-05-03,17,AR1 alpha + Enhanced + One-Step,NYSE:JOE,0.0
2023-05-04,17,AR1 alpha + Enhanced + One-Step,NYSE:JOE,0.0
2023-05-05,17,AR1 alpha + Enhanced + One-Step,NYSE:JOE,0.0
2023-05-08,17,AR1 alpha + Enhanced + One-Step,NYSE:JOE,5.3181713846592276e-08
2023-05-09,17,AR1 alpha + Enhanced + One-Step,NYSE:JOE,2.6485189220016274e-09
2023-05-10,17,AR1 alpha + Enhanced + One-Step,NYSE:JOE,6.399746462587199e-07
2023-05-11,17,AR1 alpha + Enhanced + One-Step,NYSE:JOE,3.9570003097821207e-07
2023-05-12,17,AR1 alpha + Enhanced + One-Step,NYSE:JOE,4.803577716990076e-07
2023-05-15,17,AR1 alpha + Enhanced + One-Step,NYSE:JOE,2.1003878205976646e-07
2023-05-16,17,AR1 alpha + Enhanced + One-Step,NYSE:JOE,2.4826096619066604e-07
2023-05-17,17,AR1 alpha + Enhanced + One-Step,NYSE:JOE,7.489757379364279e-09
2023-05-18,17,AR1 alpha + Enhanced + One-Step,NYSE:JOE,1.9618121155603004e-06
2023-05-19,17,AR1 alpha + Enhanced + One-Step,NYSE:JOE,6.376476500790602e-09
2023-05-22,17,AR1 alpha + Enhanced + One-Step,NYSE:JOE,0.0
2023-05-23,17,AR1 alpha + Enhanced + One-Step,NYSE:JOE,0.0
2023-05-24,17,AR1 alpha + Enhanced + One-Step,NYSE:JOE,6.410582392990251e-10
2023-05-25,17,AR1 alpha + Enhanced + One-Step,NYSE:JOE,0.0
2023-05-26,17,AR1 alpha + Enhanced + One-Step,NYSE:JOE,5.96390200842772e-08
2023-05-30,17,AR1 alpha + Enhanced + One-Step,NYSE:JOE,5.567526746664967e-08
2023-05-31,17,AR1 alpha + Enhanced + One-Step,NYSE:JOE,0.0
2023-06-01,17,AR1 alpha + Enhanced + One-Step,NYSE:JOE,0.0
2023-06-02,17,AR1 alpha + Enhanced + One-Step,NYSE:JOE,0.0
2023-06-05,17,AR1 alpha + Enhanced + One-Step,NYSE:JOE,0.0
2023-06-06,17,AR1 alpha + Enhanced + One-Step,NYSE:JOE,2.44051995943956e-06
2023-06-07,17,AR1 alpha + Enhanced + One-Step,NYSE:JOE,2.228679813356521e-06
2023-06-08,17,AR1 alpha + Enhanced + One-Step,NYSE:JOE,1.368075467083764e-06
2023-06-09,17,AR1 alpha + Enhanced + One-Step,NYSE:JOE,5.398057519351729e-07
2023-06-12,17,AR1 alpha + Enhanced + One-Step,NYSE:JOE,0.0
2023-06-13,17,AR1 alpha + Enhanced + One-Step,NYSE:JOE,0.0
2023-06-14,17,AR1 alpha + Enhanced + One-Step,NYSE:JOE,0.0
2023-06-15,17,AR1 alpha + Enhanced + One-Step,NYSE:JOE,0.0
2023-06-16,17,AR1 alpha + Enhanced + One-Step,NYSE:JOE,0.0
2023-06-20,17,AR1 alpha + Enhanced + One-Step,NYSE:JOE,0.0
2023-06-21,17,AR1 alpha + Enhanced + One-Step,NYSE:JOE,0.0
2023-06-22,17,AR1 alpha + Enhanced + One-Step,NYSE:JOE,1.0207009250120716e-07
2023-06-23,17,AR1 alpha + Enhanced + One-Step,NYSE:JOE,1.8323722885917712e-07
2023-06-26,17,AR1 alpha + Enhanced + One-Step,NYSE:JOE,0.0
2023-06-27,17,AR1 alpha + Enhanced + One-Step,NYSE:JOE,0.0
2023-06-28,17,AR1 alpha + Enhanced + One-Step,NYSE:JOE,0.0
2023-06-29,17,AR1 alpha + Enhanced + One-Step,NYSE:JOE,0.0
2023-06-30,17,AR1 alpha + Enhanced + One-Step,NYSE:JOE,0.0
2023-07-03,17,AR1 alpha + Enhanced + One-Step,NYSE:JOE,0.0
2023-07-05,17,AR1 alpha + Enhanced + One-Step,NYSE:JOE,0.0
2023-07-06,17,AR1 alpha + Enhanced + One-Step,NYSE:JOE,6.332553714940861e-08
2023-07-07,17,AR1 alpha + Enhanced + One-Step,NYSE:JOE,0.0
2023-07-10,17,AR1 alpha + Enhanced + One-Step,NYSE:JOE,3.995846943324687e-08
2023-07-11,17,AR1 alpha + Enhanced + One-Step,NYSE:JOE,0.0
2023-07-12,17,AR1 alpha + Enhanced + One-Step,NYSE:JOE,1.0259909962655907e-07
2023-07-13,17,AR1 alpha + Enhanced + One-Step,NYSE:JOE,0.0
2023-07-14,17,AR1 alpha + Enhanced + One-Step,NYSE:JOE,0.0
2023-07-17,17,AR1 alpha + Enhanced + One-Step,NYSE:JOE,0.0
2023-07-18,17,AR1 alpha + Enhanced + One-Step,NYSE:JOE,4.041110624183634e-07
2023-07-19,17,AR1 alpha + Enhanced + One-Step,NYSE:JOE,0.0
2023-07-20,17,AR1 alpha + Enhanced + One-Step,NYSE:JOE,0.0
2023-07-21,17,AR1 alpha + Enhanced + One-Step,NYSE:JOE,0.0
2023-07-24,17,AR1 alpha + Enhanced + One-Step,NYSE:JOE,0.0
2023-07-25,17,AR1 alpha + Enhanced + One-Step,NYSE:JOE,2.8169405506522194e-08
2023-07-26,17,AR1 alpha + Enhanced + One-Step,NYSE:JOE,0.0
2023-07-27,17,AR1 alpha + Enhanced + One-Step,NYSE:JOE,0.0
2023-08-01,17,AR1 alpha + Enhanced + One-Step,NYSE:JOE,2.626529357481351e-07
2023-08-02,17,AR1 alpha + Enhanced + One-Step,NYSE:JOE,0.0
2023-08-03,17,AR1 alpha + Enhanced + One-Step,NYSE:JOE,8.36091572160814e-08
2023-08-04,17,AR1 alpha + Enhanced + One-Step,NYSE:JOE,2.10612564005151e-06
2023-08-07,17,AR1 alpha + Enhanced + One-Step,NYSE:JOE,1.3192695002811981e-06
2023-08-08,17,AR1 alpha + Enhanced + One-Step,NYSE:JOE,6.733454709673011e-07
2023-08-09,17,AR1 alpha + Enhanced + One-Step,NYSE:JOE,4.7529680191163484e-07
2023-08-10,17,AR1 alpha + Enhanced + One-Step,NYSE:JOE,0.003103597897977973
2023-08-11,17,AR1 alpha + Enhanced + One-Step,NYSE:JOE,0.02255542838287514
2023-08-14,17,AR1 alpha + Enhanced + One-Step,NYSE:JOE,0.04750700546604005
2023-08-15,17,AR1 alpha + Enhanced + One-Step,NYSE:JOE,0.07245571595053468
2023-08-16,17,AR1 alpha + Enhanced + One-Step,NYSE:JOE,0.09570498903167335
2023-08-17,17,AR1 alpha + Enhanced + One-Step,NYSE:JOE,0.09999966379364042
2023-08-18,17,AR1 alpha + Enhanced + One-Step,NYSE:JOE,0.09999654385632951
2023-08-21,17,AR1 alpha + Enhanced + One-Step,NYSE:JOE,0.09999538233313914
2023-08-22,17,AR1 alpha + Enhanced + One-Step,NYSE:JOE,0.09999654887683304
2023-08-23,17,AR1 alpha + Enhanced + One-Step,NYSE:JOE,0.09999492415955437
2023-08-24,17,AR1 alpha + Enhanced + One-Step,NYSE:JOE,0.09999576700820473
2023-08-25,17,AR1 alpha + Enhanced + One-Step,NYSE:JOE,0.09999694688538381
2023-08-28,17,AR1 alpha + Enhanced + One-Step,NYSE:JOE,0.09999456664492315
2023-08-29,17,AR1 alpha + Enhanced + One-Step,NYSE:JOE,0.0999944244076243
2023-08-30,17,AR1 alpha + Enhanced + One-Step,NYSE:JOE,0.09999568802153995
2023-08-31,17,AR1 alpha + Enhanced + One-Step,NYSE:JOE,0.09999541280291438
2023-09-01,17,AR1 alpha + Enhanced + One-Step,NYSE:JOE,0.09999465264887011
2023-09-05,17,AR1 alpha + Enhanced + One-Step,NYSE:JOE,0.09998878180041733
2023-09-06,17,AR1 alpha + Enhanced + One-Step,NYSE:JOE,0.09998833740182037
2023-09-07,17,AR1 alpha + Enhanced + One-Step,NYSE:JOE,0.09999176146004823
2023-09-08,17,AR1 alpha + Enhanced + One-Step,NYSE:JOE,0.09999335906852018
2023-09-11,17,AR1 alpha + Enhanced + One-Step,NYSE:JOE,0.09999648941769965
2023-09-12,17,AR1 alpha + Enhanced + One-Step,NYSE:JOE,0.0999976414432114
2023-09-13,17,AR1 alpha + Enhanced + One-Step,NYSE:JOE,0.09999503194987225
2023-09-14,17,AR1 alpha + Enhanced + One-Step,NYSE:JOE,0.09999654779135064
2023-09-15,17,AR1 alpha + Enhanced + One-Step,NYSE:JOE,0.09999755616996542
2023-09-18,17,AR1 alpha + Enhanced + One-Step,NYSE:JOE,0.09999829105917066
2023-09-19,17,AR1 alpha + Enhanced + One-Step,NYSE:JOE,0.09999881369453026
2023-09-20,17,AR1 alpha + Enhanced + One-Step,NYSE:JOE,0.09999917702642085
2023-09-21,17,AR1 alpha + Enhanced + One-Step,NYSE:JOE,0.09999946082560983
2023-09-22,17,AR1 alpha + Enhanced + One-Step,NYSE:JOE,0.0999996384906876
2023-09-25,17,AR1 alpha + Enhanced + One-Step,NYSE:JOE,0.09999737779468626
2023-09-26,17,AR1 alpha + Enhanced + One-Step,NYSE:JOE,0.09999822803328004
2023-09-27,17,AR1 alpha + Enhanced + One-Step,NYSE:JOE,0.09999869791458203
2023-09-28,17,AR1 alpha + Enhanced + One-Step,NYSE:JOE,0.09999901537161222
2023-09-29,17,AR1 alpha + Enhanced + One-Step,NYSE:JOE,0.09999929029841362
2023-10-02,17,AR1 alpha + Enhanced + One-Step,NYSE:JOE,0.09999544360048852
2023-10-03,17,AR1 alpha + Enhanced + One-Step,NYSE:JOE,0.09999335824433771
2023-10-04,17,AR1 alpha + Enhanced + One-Step,NYSE:JOE,0.09998700853842628
2023-10-05,17,AR1 alpha + Enhanced + One-Step,NYSE:JOE,0.0999900007008036
2023-10-06,17,AR1 alpha + Enhanced + One-Step,NYSE:JOE,0.09999243501192287
2023-10-09,17,AR1 alpha + Enhanced + One-Step,NYSE:JOE,0.09999396335002775
2023-10-10,17,AR1 alpha + Enhanced + One-Step,NYSE:JOE,0.09999216753243981
2023-10-11,17,AR1 alpha + Enhanced + One-Step,NYSE:JOE,0.09999905521225366
2023-10-12,17,AR1 alpha + Enhanced + One-Step,NYSE:JOE,0.09999932546070453
2023-10-13,17,AR1 alpha + Enhanced + One-Step,NYSE:JOE,0.0999995182762453
2023-10-16,17,AR1 alpha + Enhanced + One-Step,NYSE:JOE,0.099999666096194
2023-10-17,17,AR1 alpha + Enhanced + One-Step,NYSE:JOE,0.09999893228784504
2023-10-18,17,AR1 alpha + Enhanced + One-Step,NYSE:JOE,0.09999938530850909
2023-10-19,17,AR1 alpha + Enhanced + One-Step,NYSE:JOE,0.09999953124976835
2023-10-20,17,AR1 alpha + Enhanced + One-Step,NYSE:JOE,0.09999971680700268
2023-10-23,17,AR1 alpha + Enhanced + One-Step,NYSE:JOE,0.09999928535501934
2023-10-24,17,AR1 alpha + Enhanced + One-Step,NYSE:JOE,0.09999949769437631
2023-10-25,17,AR1 alpha + Enhanced + One-Step,NYSE:JOE,0.09999940151674602
2023-10-26,17,AR1 alpha + Enhanced + One-Step,NYSE:JOE,0.09999954774890571
2023-10-27,17,AR1 alpha + Enhanced + One-Step,NYSE:JOE,0.09999966314741125
2023-10-30,17,AR1 alpha + Enhanced + One-Step,NYSE:JOE,0.09999823614681692
2023-10-31,17,AR1 alpha + Enhanced + One-Step,NYSE:JOE,0.09999886966878281
2023-11-01,17,AR1 alpha + Enhanced + One-Step,NYSE:JOE,0.09999822421106494
2023-11-02,17,AR1 alpha + Enhanced + One-Step,NYSE:JOE,0.09999970202181926
2023-11-03,17,AR1 alpha + Enhanced + One-Step,NYSE:JOE,0.09999986476358405
2023-11-06,17,AR1 alpha + Enhanced + One-Step,NYSE:JOE,0.10000000585757832
2023-11-07,17,AR1 alpha + Enhanced + One-Step,NYSE:JOE,0.09999445065917925
2023-11-08,17,AR1 alpha + Enhanced + One-Step,NYSE:JOE,0.09998903714398351
2023-11-09,17,AR1 alpha + Enhanced + One-Step,NYSE:JOE,0.0999885412823482
2023-11-10,17,AR1 alpha + Enhanced + One-Step,NYSE:JOE,0.09998822000290497
2023-11-13,17,AR1 alpha + Enhanced + One-Step,NYSE:JOE,0.09999164042862461
2023-11-14,17,AR1 alpha + Enhanced + One-Step,NYSE:JOE,0.09999085238896022
2023-11-15,17,AR1 alpha + Enhanced + One-Step,NYSE:JOE,0.09999052167954897
2023-11-16,17,AR1 alpha + Enhanced + One-Step,NYSE:JOE,0.09999183042418597
2023-11-17,17,AR1 alpha + Enhanced + One-Step,NYSE:JOE,0.09999371159923102
2023-11-20,17,AR1 alpha + Enhanced + One-Step,NYSE:JOE,0.0999954899259793
2023-11-21,17,AR1 alpha + Enhanced + One-Step,NYSE:JOE,0.0999967063878178
2023-11-22,17,AR1 alpha + Enhanced + One-Step,NYSE:JOE,0.0999975359471096
2023-11-24,17,AR1 alpha + Enhanced + One-Step,NYSE:JOE,0.09999819032452877
2023-11-27,17,AR1 alpha + Enhanced + One-Step,NYSE:JOE,0.09999845873890022
2023-11-28,17,AR1 alpha + Enhanced + One-Step,NYSE:JOE,0.09999890819953142
2023-11-29,17,AR1 alpha + Enhanced + One-Step,NYSE:JOE,0.09999626994282063
2023-11-30,17,AR1 alpha + Enhanced + One-Step,NYSE:JOE,0.09999404536468674
2023-12-01,17,AR1 alpha + Enhanced + One-Step,NYSE:JOE,0.09999553266735675
2023-12-04,17,AR1 alpha + Enhanced + One-Step,NYSE:JOE,0.0999936466967827
2023-12-05,17,AR1 alpha + Enhanced + One-Step,NYSE:JOE,0.0999932798188234
2023-12-06,17,AR1 alpha + Enhanced + One-Step,NYSE:JOE,0.09999510324832558
2023-12-07,17,AR1 alpha + Enhanced + One-Step,NYSE:JOE,0.09999639556162888
2023-12-08,17,AR1 alpha + Enhanced + One-Step,NYSE:JOE,0.10000066050206818
2023-12-11,17,AR1 alpha + Enhanced + One-Step,NYSE:JOE,0.09999855296257874
2023-12-12,17,AR1 alpha + Enhanced + One-Step,NYSE:JOE,0.09999844791088894
2023-12-13,17,AR1 alpha + Enhanced + One-Step,NYSE:JOE,0.09999917387787978
2023-12-14,17,AR1 alpha + Enhanced + One-Step,NYSE:JOE,0.09999942381224379
2023-12-15,17,AR1 alpha + Enhanced + One-Step,NYSE:JOE,0.09999483547150952
2023-12-18,17,AR1 alpha + Enhanced + One-Step,NYSE:JOE,0.09999561914468721
2023-12-19,17,AR1 alpha + Enhanced + One-Step,NYSE:JOE,0.09999654276635013
2023-12-20,17,AR1 alpha + Enhanced + One-Step,NYSE:JOE,0.10000037249433512
2023-12-21,17,AR1 alpha + Enhanced + One-Step,NYSE:JOE,0.10000029171346216
2023-12-22,17,AR1 alpha + Enhanced + One-Step,NYSE:JOE,0.10000023843054387
2023-12-26,17,AR1 alpha + Enhanced + One-Step,NYSE:JOE,0.09999691134543429
2023-12-27,17,AR1 alpha + Enhanced + One-Step,NYSE:JOE,0.09999772952902
2023-12-28,17,AR1 alpha + Enhanced + One-Step,NYSE:JOE,0.09999837678776721
2023-12-29,17,AR1 alpha + Enhanced + One-Step,NYSE:JOE,0.09999904825724996
2024-01-02,17,AR1 alpha + Enhanced + One-Step,NYSE:JOE,0.09999556880830568
2024-01-03,17,AR1 alpha + Enhanced + One-Step,NYSE:JOE,0.0999955881023266
2024-01-04,17,AR1 alpha + Enhanced + One-Step,NYSE:JOE,0.09999646241858788
2024-01-05,17,AR1 alpha + Enhanced + One-Step,NYSE:JOE,0.09999744265995056
2024-01-08,17,AR1 alpha + Enhanced + One-Step,NYSE:JOE,0.09999827186491062
2024-01-09,17,AR1 alpha + Enhanced + One-Step,NYSE:JOE,0.09999692219153337
2024-01-10,17,AR1 alpha + Enhanced + One-Step,NYSE:JOE,0.09999089328350232
2024-01-11,17,AR1 alpha + Enhanced + One-Step,NYSE:JOE,0.09999438712593439
2024-01-12,17,AR1 alpha + Enhanced + One-Step,NYSE:JOE,0.09999670366951749
2024-01-16,17,AR1 alpha + Enhanced + One-Step,NYSE:JOE,0.09999385182700139
2024-01-17,17,AR1 alpha + Enhanced + One-Step,NYSE:JOE,0.09999101861716796
2024-01-18,17,AR1 alpha + Enhanced + One-Step,NYSE:JOE,0.09999367964772367
2024-01-19,17,AR1 alpha + Enhanced + One-Step,NYSE:JOE,0.0999950703460178
2024-01-22,17,AR1 alpha + Enhanced + One-Step,NYSE:JOE,0.09999582132448169
2024-01-23,17,AR1 alpha + Enhanced + One-Step,NYSE:JOE,0.0942512531675066
2024-01-24,17,AR1 alpha + Enhanced + One-Step,NYSE:JOE,0.08617144625375582
2024-01-25,17,AR1 alpha + Enhanced + One-Step,NYSE:JOE,0.08371193360159561
2024-01-26,17,AR1 alpha + Enhanced + One-Step,NYSE:JOE,0.08370830476427832
2024-01-29,17,AR1 alpha + Enhanced + One-Step,NYSE:JOE,0.07928629569182168
2024-01-30,17,AR1 alpha + Enhanced + One-Step,NYSE:JOE,0.06362881254609697
2024-01-31,17,AR1 alpha + Enhanced + One-Step,NYSE:JOE,0.06362712339035866
2024-02-01,17,AR1 alpha + Enhanced + One-Step,NYSE:JOE,0.06362378469325701
2024-02-02,17,AR1 alpha + Enhanced + One-Step,NYSE:JOE,0.06362113400454966
2024-02-05,17,AR1 alpha + Enhanced + One-Step,NYSE:JOE,0.05196441112428415
2024-02-06,17,AR1 alpha + Enhanced + One-Step,NYSE:JOE,0.0393981334474725
2024-02-07,17,AR1 alpha + Enhanced + One-Step,NYSE:JOE,0.025987014411319218
2024-02-08,17,AR1 alpha + Enhanced + One-Step,NYSE:JOE,0.016113691058697602
2024-02-09,17,AR1 alpha + Enhanced + One-Step,NYSE:JOE,0.016112028121750152
2024-02-12,17,AR1 alpha + Enhanced + One-Step,NYSE:JOE,0.016111367351201392
2024-02-13,17,AR1 alpha + Enhanced + One-Step,NYSE:JOE,0.01611069558525201
2024-02-14,17,AR1 alpha + Enhanced + One-Step,NYSE:JOE,0.016111061869619164
2024-02-15,17,AR1 alpha + Enhanced + One-Step,NYSE:JOE,0.013693402609318027
2024-02-16,17,AR1 alpha + Enhanced + One-Step,NYSE:JOE,0.013693877927757095
2024-02-20,17,AR1 alpha + Enhanced + One-Step,NYSE:JOE,0.01369423144904204
2024-02-21,17,AR1 alpha + Enhanced + One-Step,NYSE:JOE,0.013692884413025599
2024-02-22,17,AR1 alpha + Enhanced + One-Step,NYSE:JOE,0.0136905067568527
2024-02-23,17,AR1 alpha + Enhanced + One-Step,NYSE:JOE,0.013690059354398041
2024-02-26,17,AR1 alpha + Enhanced + One-Step,NYSE:JOE,0.013688189560504214
2024-02-27,17,AR1 alpha + Enhanced + One-Step,NYSE:JOE,0.013685994507016772
2024-02-28,17,AR1 alpha + Enhanced + One-Step,NYSE:JOE,0.013683438369151367
2024-02-29,17,AR1 alpha + Enhanced + One-Step,NYSE:JOE,0.01233382614617413
2024-03-01,17,AR1 alpha + Enhanced + One-Step,NYSE:JOE,0.009565160880118722
2024-03-04,17,AR1 alpha + Enhanced + One-Step,NYSE:JOE,0.0
2024-03-05,17,AR1 alpha + Enhanced + One-Step,NYSE:JOE,0.0
2024-03-06,17,AR1 alpha + Enhanced + One-Step,NYSE:JOE,0.0
2024-03-07,17,AR1 alpha + Enhanced + One-Step,NYSE:JOE,0.0
2024-03-08,17,AR1 alpha + Enhanced + One-Step,NYSE:JOE,0.0
2024-03-11,17,AR1 alpha + Enhanced + One-Step,NYSE:JOE,0.0
2024-03-12,17,AR1 alpha + Enhanced + One-Step,NYSE:JOE,1.525243983443719e-07
2024-03-13,17,AR1 alpha + Enhanced + One-Step,NYSE:JOE,0.0
2024-03-14,17,AR1 alpha + Enhanced + One-Step,NYSE:JOE,0.0
2024-03-15,17,AR1 alpha + Enhanced + One-Step,NYSE:JOE,1.4560512570580332e-07
2024-03-18,17,AR1 alpha + Enhanced + One-Step,NYSE:JOE,0.0
2024-03-19,17,AR1 alpha + Enhanced + One-Step,NYSE:JOE,0.0
2024-03-20,17,AR1 alpha + Enhanced + One-Step,NYSE:JOE,5.616502070923442e-08
2024-03-21,17,AR1 alpha + Enhanced + One-Step,NYSE:JOE,1.178352831726604e-07
2024-03-22,17,AR1 alpha + Enhanced + One-Step,NYSE:JOE,4.310686859907885e-07
2024-03-25,17,AR1 alpha + Enhanced + One-Step,NYSE:JOE,3.45372068672783e-07
2024-03-26,17,AR1 alpha + Enhanced + One-Step,NYSE:JOE,8.443837879110123e-07
2024-03-27,17,AR1 alpha + Enhanced + One-Step,NYSE:JOE,0.0030107574188472964
2024-03-28,17,AR1 alpha + Enhanced + One-Step,NYSE:JOE,0.0002724858894268983
2024-04-01,17,AR1 alpha + Enhanced + One-Step,NYSE:JOE,6.102549719015185e-07
2024-04-02,17,AR1 alpha + Enhanced + One-Step,NYSE:JOE,7.45694756111867e-05
2024-04-03,17,AR1 alpha + Enhanced + One-Step,NYSE:JOE,0.0
2024-04-04,17,AR1 alpha + Enhanced + One-Step,NYSE:JOE,0.01291630913826125
2024-04-05,17,AR1 alpha + Enhanced + One-Step,NYSE:JOE,0.00483786121546503
2024-04-08,17,AR1 alpha + Enhanced + One-Step,NYSE:JOE,4.832240298442579e-07
2024-04-09,17,AR1 alpha + Enhanced + One-Step,NYSE:JOE,3.9597768049206476e-07
2024-04-10,17,AR1 alpha + Enhanced + One-Step,NYSE:JOE,0.018043323717349413
2024-04-11,17,AR1 alpha + Enhanced + One-Step,NYSE:JOE,0.02458371903859959
2024-04-12,17,AR1 alpha + Enhanced + One-Step,NYSE:JOE,0.038144176397780255
2024-04-15,17,AR1 alpha + Enhanced + One-Step,NYSE:JOE,0.04390712511558984
2024-04-16,17,AR1 alpha + Enhanced + One-Step,NYSE:JOE,0.05856657592739148
2024-04-17,17,AR1 alpha + Enhanced + One-Step,NYSE:JOE,0.07146992825099426
2024-04-18,17,AR1 alpha + Enhanced + One-Step,NYSE:JOE,0.07914987220927028
2024-04-19,17,AR1 alpha + Enhanced + One-Step,NYSE:JOE,0.07775072088193963
2020-03-25,17,AR1 alpha + Enhanced + One-Step,NASDAQ:SLM,0.020000000000007227
2020-03-26,17,AR1 alpha + Enhanced + One-Step,NASDAQ:SLM,0.02000000000001305
2020-03-27,17,AR1 alpha + Enhanced + One-Step,NASDAQ:SLM,0.0199999725498577
2020-03-30,17,AR1 alpha + Enhanced + One-Step,NASDAQ:SLM,0.020001234906391947
2020-03-31,17,AR1 alpha + Enhanced + One-Step,NASDAQ:SLM,0.02000264793086688
2020-04-01,17,AR1 alpha + Enhanced + One-Step,NASDAQ:SLM,0.02000260320401081
2020-04-02,17,AR1 alpha + Enhanced + One-Step,NASDAQ:SLM,0.020004075736438056
2020-04-03,17,AR1 alpha + Enhanced + One-Step,NASDAQ:SLM,0.02000456942226349
2020-04-06,17,AR1 alpha + Enhanced + One-Step,NASDAQ:SLM,0.020005349159518425
2020-04-07,17,AR1 alpha + Enhanced + One-Step,NASDAQ:SLM,0.020004286125800585
2020-04-08,17,AR1 alpha + Enhanced + One-Step,NASDAQ:SLM,0.020004543260656187
2020-04-09,17,AR1 alpha + Enhanced + One-Step,NASDAQ:SLM,0.005000993449214458
2020-04-13,17,AR1 alpha + Enhanced + One-Step,NASDAQ:SLM,2.786112296279279e-07
2020-04-14,17,AR1 alpha + Enhanced + One-Step,NASDAQ:SLM,2.469150784321586e-07
2020-04-15,17,AR1 alpha + Enhanced + One-Step,NASDAQ:SLM,4.6374108604114464e-07
2020-04-16,17,AR1 alpha + Enhanced + One-Step,NASDAQ:SLM,3.648876292980746e-07
2020-04-17,17,AR1 alpha + Enhanced + One-Step,NASDAQ:SLM,1.4059855194345414e-07
2020-04-20,17,AR1 alpha + Enhanced + One-Step,NASDAQ:SLM,4.560446396849566e-08
2020-04-21,17,AR1 alpha + Enhanced + One-Step,NASDAQ:SLM,1.32068487754934e-07
2020-04-22,17,AR1 alpha + Enhanced + One-Step,NASDAQ:SLM,1.8455437907115426e-07
2020-04-23,17,AR1 alpha + Enhanced + One-Step,NASDAQ:SLM,8.020158434280894e-08
2020-04-24,17,AR1 alpha + Enhanced + One-Step,NASDAQ:SLM,6.051062882211117e-08
2020-04-27,17,AR1 alpha + Enhanced + One-Step,NASDAQ:SLM,2.4969902593065692e-08
2020-04-28,17,AR1 alpha + Enhanced + One-Step,NASDAQ:SLM,9.6299814194019e-09
2020-04-29,17,AR1 alpha + Enhanced + One-Step,NASDAQ:SLM,3.4840269094509817e-09
2020-04-30,17,AR1 alpha + Enhanced + One-Step,NASDAQ:SLM,0.0
2020-05-01,17,AR1 alpha + Enhanced + One-Step,NASDAQ:SLM,0.0
2020-05-04,17,AR1 alpha + Enhanced + One-Step,NASDAQ:SLM,1.0011314069205545e-08
2020-05-05,17,AR1 alpha + Enhanced + One-Step,NASDAQ:SLM,0.0
2020-05-06,17,AR1 alpha + Enhanced + One-Step,NASDAQ:SLM,0.0
2020-05-07,17,AR1 alpha + Enhanced + One-Step,NASDAQ:SLM,0.0
2020-05-08,17,AR1 alpha + Enhanced + One-Step,NASDAQ:SLM,0.0
2020-05-11,17,AR1 alpha + Enhanced + One-Step,NASDAQ:SLM,0.0
2020-05-12,17,AR1 alpha + Enhanced + One-Step,NASDAQ:SLM,0.0
2020-05-13,17,AR1 alpha + Enhanced + One-Step,NASDAQ:SLM,4.219170666867818e-08
2020-05-14,17,AR1 alpha + Enhanced + One-Step,NASDAQ:SLM,0.0
2020-05-15,17,AR1 alpha + Enhanced + One-Step,NASDAQ:SLM,3.4479535884958545e-08
2020-05-18,17,AR1 alpha + Enhanced + One-Step,NASDAQ:SLM,5.016331583097843e-08
2020-05-19,17,AR1 alpha + Enhanced + One-Step,NASDAQ:SLM,0.0
2020-05-20,17,AR1 alpha + Enhanced + One-Step,NASDAQ:SLM,6.1130213615879145e-09
2020-05-21,17,AR1 alpha + Enhanced + One-Step,NASDAQ:SLM,0.0
2020-05-22,17,AR1 alpha + Enhanced + One-Step,NASDAQ:SLM,4.226364294888386e-09
2020-05-26,17,AR1 alpha + Enhanced + One-Step,NASDAQ:SLM,0.0
2020-05-27,17,AR1 alpha + Enhanced + One-Step,NASDAQ:SLM,4.1028929734151246e-08
2020-05-28,17,AR1 alpha + Enhanced + One-Step,NASDAQ:SLM,2.163918509738763e-08
2020-05-29,17,AR1 alpha + Enhanced + One-Step,NASDAQ:SLM,1.0257024868312051e-08
2020-06-01,17,AR1 alpha + Enhanced + One-Step,NASDAQ:SLM,4.50152050036837e-08
2020-06-02,17,AR1 alpha + Enhanced + One-Step,NASDAQ:SLM,3.468094009900445e-09
2020-06-03,17,AR1 alpha + Enhanced + One-Step,NASDAQ:SLM,4.2062066837741327e-07
2020-06-04,17,AR1 alpha + Enhanced + One-Step,NASDAQ:SLM,2.4666674312113065e-07
2020-06-05,17,AR1 alpha + Enhanced + One-Step,NASDAQ:SLM,6.689933627799295e-08
2020-06-08,17,AR1 alpha + Enhanced + One-Step,NASDAQ:SLM,2.3733611749604674e-08
2020-06-09,17,AR1 alpha + Enhanced + One-Step,NASDAQ:SLM,1.1971727978087877e-08
2020-06-10,17,AR1 alpha + Enhanced + One-Step,NASDAQ:SLM,4.054329923107376e-09
2020-06-11,17,AR1 alpha + Enhanced + One-Step,NASDAQ:SLM,3.4376548918574184e-07
2020-06-12,17,AR1 alpha + Enhanced + One-Step,NASDAQ:SLM,1.7589311618511566e-07
2020-06-15,17,AR1 alpha + Enhanced + One-Step,NASDAQ:SLM,0.0
2020-06-16,17,AR1 alpha + Enhanced + One-Step,NASDAQ:SLM,1.0548204127295088e-08
2020-06-17,17,AR1 alpha + Enhanced + One-Step,NASDAQ:SLM,1.1780978889449444e-09
2020-06-18,17,AR1 alpha + Enhanced + One-Step,NASDAQ:SLM,0.0
2020-06-19,17,AR1 alpha + Enhanced + One-Step,NASDAQ:SLM,2.2907698212306895e-08
2020-06-22,17,AR1 alpha + Enhanced + One-Step,NASDAQ:SLM,5.7197081135028204e-08
2020-06-23,17,AR1 alpha + Enhanced + One-Step,NASDAQ:SLM,0.0
2020-06-24,17,AR1 alpha + Enhanced + One-Step,NASDAQ:SLM,0.0
2020-06-25,17,AR1 alpha + Enhanced + One-Step,NASDAQ:SLM,1.9919111615139874e-08
2020-06-26,17,AR1 alpha + Enhanced + One-Step,NASDAQ:SLM,0.0
2020-06-29,17,AR1 alpha + Enhanced + One-Step,NASDAQ:SLM,0.0
2020-06-30,17,AR1 alpha + Enhanced + One-Step,NASDAQ:SLM,0.0
2020-07-01,17,AR1 alpha + Enhanced + One-Step,NASDAQ:SLM,0.0
2020-07-02,17,AR1 alpha + Enhanced + One-Step,NASDAQ:SLM,0.0
2020-07-06,17,AR1 alpha + Enhanced + One-Step,NASDAQ:SLM,0.0
2020-07-07,17,AR1 alpha + Enhanced + One-Step,NASDAQ:SLM,0.0
2020-07-08,17,AR1 alpha + Enhanced + One-Step,NASDAQ:SLM,0.0
2020-07-09,17,AR1 alpha + Enhanced + One-Step,NASDAQ:SLM,0.0
2020-07-10,17,AR1 alpha + Enhanced + One-Step,NASDAQ:SLM,0.0
2020-07-13,17,AR1 alpha + Enhanced + One-Step,NASDAQ:SLM,0.0
2020-07-14,17,AR1 alpha + Enhanced + One-Step,NASDAQ:SLM,3.823447497786208e-08
2020-07-15,17,AR1 alpha + Enhanced + One-Step,NASDAQ:SLM,1.2154081684681313e-07
2020-07-16,17,AR1 alpha + Enhanced + One-Step,NASDAQ:SLM,5.4068682781347154e-08
2020-07-17,17,AR1 alpha + Enhanced + One-Step,NASDAQ:SLM,0.0
2020-07-20,17,AR1 alpha + Enhanced + One-Step,NASDAQ:SLM,2.1918279939353068e-08
2020-07-21,17,AR1 alpha + Enhanced + One-Step,NASDAQ:SLM,8.039704881223803e-08
2020-07-22,17,AR1 alpha + Enhanced + One-Step,NASDAQ:SLM,7.172194953146382e-08
2020-07-23,17,AR1 alpha + Enhanced + One-Step,NASDAQ:SLM,0.0
2020-07-24,17,AR1 alpha + Enhanced + One-Step,NASDAQ:SLM,0.0
2020-07-27,17,AR1 alpha + Enhanced + One-Step,NASDAQ:SLM,0.0
2020-07-28,17,AR1 alpha + Enhanced + One-Step,NASDAQ:SLM,0.0
2020-07-29,17,AR1 alpha + Enhanced + One-Step,NASDAQ:SLM,0.0
2020-07-30,17,AR1 alpha + Enhanced + One-Step,NASDAQ:SLM,0.0
2020-07-31,17,AR1 alpha + Enhanced + One-Step,NASDAQ:SLM,0.0
2020-08-03,17,AR1 alpha + Enhanced + One-Step,NASDAQ:SLM,1.3264963178518503e-07
2020-08-04,17,AR1 alpha + Enhanced + One-Step,NASDAQ:SLM,3.511531408387803e-08
2020-08-05,17,AR1 alpha + Enhanced + One-Step,NASDAQ:SLM,0.0
2020-08-06,17,AR1 alpha + Enhanced + One-Step,NASDAQ:SLM,0.0
2020-08-07,17,AR1 alpha + Enhanced + One-Step,NASDAQ:SLM,2.807967828132218e-07
2020-08-10,17,AR1 alpha + Enhanced + One-Step,NASDAQ:SLM,3.91991109918574e-07
2020-08-11,17,AR1 alpha + Enhanced + One-Step,NASDAQ:SLM,1.48955394950366e-07
2020-08-12,17,AR1 alpha + Enhanced + One-Step,NASDAQ:SLM,0.0
2020-08-13,17,AR1 alpha + Enhanced + One-Step,NASDAQ:SLM,0.0
2020-08-14,17,AR1 alpha + Enhanced + One-Step,NASDAQ:SLM,7.790859684010858e-10
2020-08-17,17,AR1 alpha + Enhanced + One-Step,NASDAQ:SLM,0.0
2020-08-18,17,AR1 alpha + Enhanced + One-Step,NASDAQ:SLM,0.0
2020-08-19,17,AR1 alpha + Enhanced + One-Step,NASDAQ:SLM,0.0
2020-08-20,17,AR1 alpha + Enhanced + One-Step,NASDAQ:SLM,0.0
2020-08-21,17,AR1 alpha + Enhanced + One-Step,NASDAQ:SLM,0.0
2020-08-24,17,AR1 alpha + Enhanced + One-Step,NASDAQ:SLM,0.0
2020-08-25,17,AR1 alpha + Enhanced + One-Step,NASDAQ:SLM,7.959177635997078e-08
2020-08-26,17,AR1 alpha + Enhanced + One-Step,NASDAQ:SLM,0.0
2020-08-27,17,AR1 alpha + Enhanced + One-Step,NASDAQ:SLM,0.0
2020-08-28,17,AR1 alpha + Enhanced + One-Step,NASDAQ:SLM,2.32892213683821e-09
2020-08-31,17,AR1 alpha + Enhanced + One-Step,NASDAQ:SLM,0.0
2020-09-01,17,AR1 alpha + Enhanced + One-Step,NASDAQ:SLM,0.0
2020-09-02,17,AR1 alpha + Enhanced + One-Step,NASDAQ:SLM,0.0
2020-09-03,17,AR1 alpha + Enhanced + One-Step,NASDAQ:SLM,0.0
2020-09-04,17,AR1 alpha + Enhanced + One-Step,NASDAQ:SLM,2.9457573372109986e-08
2020-09-08,17,AR1 alpha + Enhanced + One-Step,NASDAQ:SLM,2.6326139400087516e-07
2020-09-09,17,AR1 alpha + Enhanced + One-Step,NASDAQ:SLM,1.2998616623577602e-07
2020-09-10,17,AR1 alpha + Enhanced + One-Step,NASDAQ:SLM,1.5919171928449928e-07
2020-09-11,17,AR1 alpha + Enhanced + One-Step,NASDAQ:SLM,1.349385036931651e-07
2020-09-14,17,AR1 alpha + Enhanced + One-Step,NASDAQ:SLM,7.326453763947035e-07
2020-09-15,17,AR1 alpha + Enhanced + One-Step,NASDAQ:SLM,4.3750388505702856e-07
2020-09-16,17,AR1 alpha + Enhanced + One-Step,NASDAQ:SLM,0.0
2020-09-17,17,AR1 alpha + Enhanced + One-Step,NASDAQ:SLM,0.0
2020-09-18,17,AR1 alpha + Enhanced + One-Step,NASDAQ:SLM,0.0
2020-09-21,17,AR1 alpha + Enhanced + One-Step,NASDAQ:SLM,0.0
2020-09-22,17,AR1 alpha + Enhanced + One-Step,NASDAQ:SLM,1.564404507588779e-08
2020-09-23,17,AR1 alpha + Enhanced + One-Step,NASDAQ:SLM,0.0
2020-09-24,17,AR1 alpha + Enhanced + One-Step,NASDAQ:SLM,0.0
2020-09-25,17,AR1 alpha + Enhanced + One-Step,NASDAQ:SLM,0.0
2020-09-28,17,AR1 alpha + Enhanced + One-Step,NASDAQ:SLM,1.425443870303004e-07
2020-09-29,17,AR1 alpha + Enhanced + One-Step,NASDAQ:SLM,1.1469756443201586e-07
2020-09-30,17,AR1 alpha + Enhanced + One-Step,NASDAQ:SLM,0.0
2020-10-01,17,AR1 alpha + Enhanced + One-Step,NASDAQ:SLM,2.918447690583499e-07
2020-10-02,17,AR1 alpha + Enhanced + One-Step,NASDAQ:SLM,2.700149079503968e-07
2020-10-05,17,AR1 alpha + Enhanced + One-Step,NASDAQ:SLM,5.663607071335824e-07
2020-10-06,17,AR1 alpha + Enhanced + One-Step,NASDAQ:SLM,1.768860047252257e-07
2020-10-07,17,AR1 alpha + Enhanced + One-Step,NASDAQ:SLM,4.783513675845262e-07
2020-10-08,17,AR1 alpha + Enhanced + One-Step,NASDAQ:SLM,2.804560477102021e-07
2020-10-09,17,AR1 alpha + Enhanced + One-Step,NASDAQ:SLM,2.737521402397118e-07
2020-10-12,17,AR1 alpha + Enhanced + One-Step,NASDAQ:SLM,1.5995777335716108e-07
2020-10-13,17,AR1 alpha + Enhanced + One-Step,NASDAQ:SLM,4.4364754601480717e-07
2020-10-14,17,AR1 alpha + Enhanced + One-Step,NASDAQ:SLM,0.0
2020-10-15,17,AR1 alpha + Enhanced + One-Step,NASDAQ:SLM,0.0
2020-10-16,17,AR1 alpha + Enhanced + One-Step,NASDAQ:SLM,0.0
2020-10-19,17,AR1 alpha + Enhanced + One-Step,NASDAQ:SLM,0.0
2020-10-20,17,AR1 alpha + Enhanced + One-Step,NASDAQ:SLM,0.0
2020-10-21,17,AR1 alpha + Enhanced + One-Step,NASDAQ:SLM,0.0
2020-10-22,17,AR1 alpha + Enhanced + One-Step,NASDAQ:SLM,0.0
2020-10-23,17,AR1 alpha + Enhanced + One-Step,NASDAQ:SLM,0.0
2020-10-26,17,AR1 alpha + Enhanced + One-Step,NASDAQ:SLM,2.0556749790215968e-09
2020-10-27,17,AR1 alpha + Enhanced + One-Step,NASDAQ:SLM,4.226236098725781e-07
2020-10-28,17,AR1 alpha + Enhanced + One-Step,NASDAQ:SLM,2.766167114342691e-07
2020-10-29,17,AR1 alpha + Enhanced + One-Step,NASDAQ:SLM,5.21543441692933e-07
2020-10-30,17,AR1 alpha + Enhanced + One-Step,NASDAQ:SLM,2.985676897757448e-07
2020-11-02,17,AR1 alpha + Enhanced + One-Step,NASDAQ:SLM,1.103823705437204e-06
2020-11-03,17,AR1 alpha + Enhanced + One-Step,NASDAQ:SLM,2.0616576861573988e-07
2020-11-04,17,AR1 alpha + Enhanced + One-Step,NASDAQ:SLM,1.5951285879333185e-06
2020-11-05,17,AR1 alpha + Enhanced + One-Step,NASDAQ:SLM,1.561771272147096e-06
2020-11-06,17,AR1 alpha + Enhanced + One-Step,NASDAQ:SLM,9.028886376132127e-07
2020-11-09,17,AR1 alpha + Enhanced + One-Step,NASDAQ:SLM,5.280042308064364e-07
2020-11-10,17,AR1 alpha + Enhanced + One-Step,NASDAQ:SLM,9.663228474148652e-07
2020-11-11,17,AR1 alpha + Enhanced + One-Step,NASDAQ:SLM,7.271026334482882e-07
2020-11-12,17,AR1 alpha + Enhanced + One-Step,NASDAQ:SLM,2.5734712118119993e-07
2020-11-13,17,AR1 alpha + Enhanced + One-Step,NASDAQ:SLM,1.5530474567628987e-07
2020-11-16,17,AR1 alpha + Enhanced + One-Step,NASDAQ:SLM,1.5738109813269916e-07
2020-11-17,17,AR1 alpha + Enhanced + One-Step,NASDAQ:SLM,2.3345891251323987e-07
2020-11-18,17,AR1 alpha + Enhanced + One-Step,NASDAQ:SLM,0.0
2020-11-19,17,AR1 alpha + Enhanced + One-Step,NASDAQ:SLM,0.0
2020-11-20,17,AR1 alpha + Enhanced + One-Step,NASDAQ:SLM,0.0
2020-11-23,17,AR1 alpha + Enhanced + One-Step,NASDAQ:SLM,1.9127714433519128e-08
2020-11-24,17,AR1 alpha + Enhanced + One-Step,NASDAQ:SLM,0.0
2020-11-25,17,AR1 alpha + Enhanced + One-Step,NASDAQ:SLM,0.0
2020-11-27,17,AR1 alpha + Enhanced + One-Step,NASDAQ:SLM,0.0
2020-11-30,17,AR1 alpha + Enhanced + One-Step,NASDAQ:SLM,0.0
2020-12-01,17,AR1 alpha + Enhanced + One-Step,NASDAQ:SLM,1.5817807865026994e-07
2020-12-04,17,AR1 alpha + Enhanced + One-Step,NASDAQ:SLM,1.3269004231705428e-07
2020-12-07,17,AR1 alpha + Enhanced + One-Step,NASDAQ:SLM,0.0
2020-12-08,17,AR1 alpha + Enhanced + One-Step,NASDAQ:SLM,1.4631083142534182e-07
2020-12-09,17,AR1 alpha + Enhanced + One-Step,NASDAQ:SLM,0.0
2020-12-10,17,AR1 alpha + Enhanced + One-Step,NASDAQ:SLM,4.929901104250355e-08
2020-12-11,17,AR1 alpha + Enhanced + One-Step,NASDAQ:SLM,0.0
2020-12-14,17,AR1 alpha + Enhanced + One-Step,NASDAQ:SLM,0.0
2020-12-15,17,AR1 alpha + Enhanced + One-Step,NASDAQ:SLM,5.679511313131267e-08
2020-12-16,17,AR1 alpha + Enhanced + One-Step,NASDAQ:SLM,0.0
2020-12-17,17,AR1 alpha + Enhanced + One-Step,NASDAQ:SLM,0.0
2020-12-18,17,AR1 alpha + Enhanced + One-Step,NASDAQ:SLM,9.193435089593822e-07
2020-12-21,17,AR1 alpha + Enhanced + One-Step,NASDAQ:SLM,7.840315039877494e-07
2020-12-22,17,AR1 alpha + Enhanced + One-Step,NASDAQ:SLM,5.127506918044804e-07
2020-12-23,17,AR1 alpha + Enhanced + One-Step,NASDAQ:SLM,2.454762592879508e-07
2020-12-24,17,AR1 alpha + Enhanced + One-Step,NASDAQ:SLM,9.568536710920924e-08
2020-12-28,17,AR1 alpha + Enhanced + One-Step,NASDAQ:SLM,0.0
2020-12-29,17,AR1 alpha + Enhanced + One-Step,NASDAQ:SLM,0.0
2020-12-30,17,AR1 alpha + Enhanced + One-Step,NASDAQ:SLM,5.177345229232875e-10
2020-12-31,17,AR1 alpha + Enhanced + One-Step,NASDAQ:SLM,0.0
2021-01-04,17,AR1 alpha + Enhanced + One-Step,NASDAQ:SLM,1.3379697018013711e-08
2021-01-05,17,AR1 alpha + Enhanced + One-Step,NASDAQ:SLM,1.3428327743636594e-08
2021-01-06,17,AR1 alpha + Enhanced + One-Step,NASDAQ:SLM,2.8942189610970784e-09
2021-01-07,17,AR1 alpha + Enhanced + One-Step,NASDAQ:SLM,0.0
2021-01-08,17,AR1 alpha + Enhanced + One-Step,NASDAQ:SLM,0.0
2021-01-11,17,AR1 alpha + Enhanced + One-Step,NASDAQ:SLM,0.0
2021-01-12,17,AR1 alpha + Enhanced + One-Step,NASDAQ:SLM,0.0
2021-01-13,17,AR1 alpha + Enhanced + One-Step,NASDAQ:SLM,0.0
2021-01-14,17,AR1 alpha + Enhanced + One-Step,NASDAQ:SLM,8.435031446457242e-08
2021-01-15,17,AR1 alpha + Enhanced + One-Step,NASDAQ:SLM,1.3198895274108396e-07
2021-01-19,17,AR1 alpha + Enhanced + One-Step,NASDAQ:SLM,1.797429093831894e-08
2021-01-20,17,AR1 alpha + Enhanced + One-Step,NASDAQ:SLM,2.0476818703155035e-07
2021-01-21,17,AR1 alpha + Enhanced + One-Step,NASDAQ:SLM,8.554026957587041e-07
2021-01-22,17,AR1 alpha + Enhanced + One-Step,NASDAQ:SLM,3.4692953405753114e-08
2021-01-25,17,AR1 alpha + Enhanced + One-Step,NASDAQ:SLM,2.1925490023932287e-08
2021-01-26,17,AR1 alpha + Enhanced + One-Step,NASDAQ:SLM,0.0
2021-01-27,17,AR1 alpha + Enhanced + One-Step,NASDAQ:SLM,3.937196354091533e-08
2021-01-28,17,AR1 alpha + Enhanced + One-Step,NASDAQ:SLM,1.5023110856734442e-06
2021-01-29,17,AR1 alpha + Enhanced + One-Step,NASDAQ:SLM,6.02153569805034e-07
2021-02-01,17,AR1 alpha + Enhanced + One-Step,NASDAQ:SLM,5.374570604936515e-07
2021-02-02,17,AR1 alpha + Enhanced + One-Step,NASDAQ:SLM,3.307825360677942e-07
2021-02-03,17,AR1 alpha + Enhanced + One-Step,NASDAQ:SLM,0.0
2021-02-04,17,AR1 alpha + Enhanced + One-Step,NASDAQ:SLM,0.0
2021-02-05,17,AR1 alpha + Enhanced + One-Step,NASDAQ:SLM,0.0
2021-02-08,17,AR1 alpha + Enhanced + One-Step,NASDAQ:SLM,2.903238834662847e-07
2021-02-09,17,AR1 alpha + Enhanced + One-Step,NASDAQ:SLM,1.2930849515949623e-07
2021-02-10,17,AR1 alpha + Enhanced + One-Step,NASDAQ:SLM,6.4694795876522e-07
2021-02-11,17,AR1 alpha + Enhanced + One-Step,NASDAQ:SLM,4.6456757699857633e-07
2021-02-12,17,AR1 alpha + Enhanced + One-Step,NASDAQ:SLM,4.308771799194727e-07
2021-02-16,17,AR1 alpha + Enhanced + One-Step,NASDAQ:SLM,1.8697120084671991e-07
2021-02-17,17,AR1 alpha + Enhanced + One-Step,NASDAQ:SLM,2.085729857453549e-07
2021-02-18,17,AR1 alpha + Enhanced + One-Step,NASDAQ:SLM,1.69865712318198e-07
2021-02-19,17,AR1 alpha + Enhanced + One-Step,NASDAQ:SLM,0.0
2021-02-22,17,AR1 alpha + Enhanced + One-Step,NASDAQ:SLM,5.250727525291483e-07
2021-02-23,17,AR1 alpha + Enhanced + One-Step,NASDAQ:SLM,1.250599748558083e-06
2021-02-24,17,AR1 alpha + Enhanced + One-Step,NASDAQ:SLM,9.10187518401969e-07
2021-02-25,17,AR1 alpha + Enhanced + One-Step,NASDAQ:SLM,0.0
2021-02-26,17,AR1 alpha + Enhanced + One-Step,NASDAQ:SLM,5.857524855528138e-08
2021-03-01,17,AR1 alpha + Enhanced + One-Step,NASDAQ:SLM,1.9912640594758435e-07
2021-03-02,17,AR1 alpha + Enhanced + One-Step,NASDAQ:SLM,0.0
2021-03-03,17,AR1 alpha + Enhanced + One-Step,NASDAQ:SLM,0.0
2021-03-04,17,AR1 alpha + Enhanced + One-Step,NASDAQ:SLM,2.0665965488952606e-09
2021-03-05,17,AR1 alpha + Enhanced + One-Step,NASDAQ:SLM,0.0
2021-03-08,17,AR1 alpha + Enhanced + One-Step,NASDAQ:SLM,8.919971447214196e-09
2021-03-09,17,AR1 alpha + Enhanced + One-Step,NASDAQ:SLM,0.0
2021-03-10,17,AR1 alpha + Enhanced + One-Step,NASDAQ:SLM,1.9473691337247205e-06
2021-03-11,17,AR1 alpha + Enhanced + One-Step,NASDAQ:SLM,5.777070203829699e-07
2021-03-12,17,AR1 alpha + Enhanced + One-Step,NASDAQ:SLM,2.3719341467459252e-07
2021-03-15,17,AR1 alpha + Enhanced + One-Step,NASDAQ:SLM,1.520339106585956e-06
2021-03-16,17,AR1 alpha + Enhanced + One-Step,NASDAQ:SLM,1.0673366698025926e-06
2021-03-17,17,AR1 alpha + Enhanced + One-Step,NASDAQ:SLM,1.689978761685963e-07
2021-03-18,17,AR1 alpha + Enhanced + One-Step,NASDAQ:SLM,1.8845356436442818e-07
2021-03-19,17,AR1 alpha + Enhanced + One-Step,NASDAQ:SLM,0.0
2021-03-22,17,AR1 alpha + Enhanced + One-Step,NASDAQ:SLM,1.6793516905382813e-07
2021-03-23,17,AR1 alpha + Enhanced + One-Step,NASDAQ:SLM,4.451872069271288e-07
2021-03-24,17,AR1 alpha + Enhanced + One-Step,NASDAQ:SLM,2.667963949654416e-07
2021-03-25,17,AR1 alpha + Enhanced + One-Step,NASDAQ:SLM,2.775415875378581e-07
2021-03-26,17,AR1 alpha + Enhanced + One-Step,NASDAQ:SLM,3.644759857448193e-07
2021-03-29,17,AR1 alpha + Enhanced + One-Step,NASDAQ:SLM,3.785478856056073e-07
2021-03-30,17,AR1 alpha + Enhanced + One-Step,NASDAQ:SLM,1.8737402110335874e-07
2021-03-31,17,AR1 alpha + Enhanced + One-Step,NASDAQ:SLM,5.2538109885499706e-08
2021-04-01,17,AR1 alpha + Enhanced + One-Step,NASDAQ:SLM,5.422174694184371e-07
2021-04-05,17,AR1 alpha + Enhanced + One-Step,NASDAQ:SLM,5.04835063447551e-07
2021-04-06,17,AR1 alpha + Enhanced + One-Step,NASDAQ:SLM,3.643149776083597e-07
2021-04-07,17,AR1 alpha + Enhanced + One-Step,NASDAQ:SLM,3.512012675496768e-07
2021-04-08,17,AR1 alpha + Enhanced + One-Step,NASDAQ:SLM,0.00010593307876882938
2021-04-09,17,AR1 alpha + Enhanced + One-Step,NASDAQ:SLM,0.007802380261639072
2021-04-12,17,AR1 alpha + Enhanced + One-Step,NASDAQ:SLM,0.01899460012557415
2021-04-13,17,AR1 alpha + Enhanced + One-Step,NASDAQ:SLM,0.033202212917020746
2021-04-14,17,AR1 alpha + Enhanced + One-Step,NASDAQ:SLM,0.045209777518899937
2021-04-15,17,AR1 alpha + Enhanced + One-Step,NASDAQ:SLM,0.05504587835340221
2021-04-16,17,AR1 alpha + Enhanced + One-Step,NASDAQ:SLM,0.06256471974378618
2021-04-19,17,AR1 alpha + Enhanced + One-Step,NASDAQ:SLM,0.07546030802792719
2021-04-20,17,AR1 alpha + Enhanced + One-Step,NASDAQ:SLM,0.08902782153443041
2021-04-21,17,AR1 alpha + Enhanced + One-Step,NASDAQ:SLM,0.08902584698309304
2021-04-22,17,AR1 alpha + Enhanced + One-Step,NASDAQ:SLM,0.09999700788549061
2021-04-23,17,AR1 alpha + Enhanced + One-Step,NASDAQ:SLM,0.09999703141315787
2021-04-26,17,AR1 alpha + Enhanced + One-Step,NASDAQ:SLM,0.09999605929699912
2021-04-27,17,AR1 alpha + Enhanced + One-Step,NASDAQ:SLM,0.0999972068810113
2021-04-28,17,AR1 alpha + Enhanced + One-Step,NASDAQ:SLM,0.09999799588857555
2021-04-29,17,AR1 alpha + Enhanced + One-Step,NASDAQ:SLM,0.09999857650972456
2021-04-30,17,AR1 alpha + Enhanced + One-Step,NASDAQ:SLM,0.09999253702132326
2021-05-03,17,AR1 alpha + Enhanced + One-Step,NASDAQ:SLM,0.09999900771763799
2021-05-04,17,AR1 alpha + Enhanced + One-Step,NASDAQ:SLM,0.09999915129641072
2021-05-05,17,AR1 alpha + Enhanced + One-Step,NASDAQ:SLM,0.09999938116832828
2021-05-06,17,AR1 alpha + Enhanced + One-Step,NASDAQ:SLM,0.10000000253038872
2021-05-07,17,AR1 alpha + Enhanced + One-Step,NASDAQ:SLM,0.1000001685221116
2021-05-10,17,AR1 alpha + Enhanced + One-Step,NASDAQ:SLM,0.1000002486332641
2021-05-11,17,AR1 alpha + Enhanced + One-Step,NASDAQ:SLM,0.10000018339605561
2021-05-12,17,AR1 alpha + Enhanced + One-Step,NASDAQ:SLM,0.10000008537170163
2021-05-13,17,AR1 alpha + Enhanced + One-Step,NASDAQ:SLM,0.09999827711857034
2021-05-14,17,AR1 alpha + Enhanced + One-Step,NASDAQ:SLM,0.09999883687807491
2021-05-17,17,AR1 alpha + Enhanced + One-Step,NASDAQ:SLM,0.09999871844838785
2021-05-18,17,AR1 alpha + Enhanced + One-Step,NASDAQ:SLM,0.0999995050844287
2021-05-19,17,AR1 alpha + Enhanced + One-Step,NASDAQ:SLM,0.0999999092119859
2021-05-20,17,AR1 alpha + Enhanced + One-Step,NASDAQ:SLM,0.0999999532604408
2021-05-21,17,AR1 alpha + Enhanced + One-Step,NASDAQ:SLM,0.09999992826215441
2021-05-24,17,AR1 alpha + Enhanced + One-Step,NASDAQ:SLM,0.0999966131388052
2021-05-25,17,AR1 alpha + Enhanced + One-Step,NASDAQ:SLM,0.09999128945266178
2021-05-26,17,AR1 alpha + Enhanced + One-Step,NASDAQ:SLM,0.0999911788592833
2021-05-27,17,AR1 alpha + Enhanced + One-Step,NASDAQ:SLM,0.09999252062443721
2021-05-28,17,AR1 alpha + Enhanced + One-Step,NASDAQ:SLM,0.09999255594698565
2021-06-01,17,AR1 alpha + Enhanced + One-Step,NASDAQ:SLM,0.09998730945805168
2021-06-02,17,AR1 alpha + Enhanced + One-Step,NASDAQ:SLM,0.09998788480380735
2021-06-03,17,AR1 alpha + Enhanced + One-Step,NASDAQ:SLM,0.09998752942735963
2021-06-04,17,AR1 alpha + Enhanced + One-Step,NASDAQ:SLM,0.09998518619562857
2021-06-07,17,AR1 alpha + Enhanced + One-Step,NASDAQ:SLM,0.09998711312486364
2021-06-08,17,AR1 alpha + Enhanced + One-Step,NASDAQ:SLM,0.09998952723517097
2021-06-09,17,AR1 alpha + Enhanced + One-Step,NASDAQ:SLM,0.09998932111793978
2021-06-10,17,AR1 alpha + Enhanced + One-Step,NASDAQ:SLM,0.09998671352385806
2021-06-11,17,AR1 alpha + Enhanced + One-Step,NASDAQ:SLM,0.09999050873938185
2021-06-14,17,AR1 alpha + Enhanced + One-Step,NASDAQ:SLM,0.09998854631934079
2021-06-15,17,AR1 alpha + Enhanced + One-Step,NASDAQ:SLM,0.09998520542517714
2021-06-16,17,AR1 alpha + Enhanced + One-Step,NASDAQ:SLM,0.09998182994045549
2021-06-17,17,AR1 alpha + Enhanced + One-Step,NASDAQ:SLM,0.09998344957113424
2021-06-18,17,AR1 alpha + Enhanced + One-Step,NASDAQ:SLM,0.09998749620949067
2021-06-21,17,AR1 alpha + Enhanced + One-Step,NASDAQ:SLM,0.09999089360688314
2021-06-22,17,AR1 alpha + Enhanced + One-Step,NASDAQ:SLM,0.09998746350479175
2021-06-23,17,AR1 alpha + Enhanced + One-Step,NASDAQ:SLM,0.09998532247507672
2021-06-24,17,AR1 alpha + Enhanced + One-Step,NASDAQ:SLM,0.09998970313858108
2021-06-25,17,AR1 alpha + Enhanced + One-Step,NASDAQ:SLM,0.09999323408806837
2021-06-28,17,AR1 alpha + Enhanced + One-Step,NASDAQ:SLM,0.09999541588896191
2021-06-29,17,AR1 alpha + Enhanced + One-Step,NASDAQ:SLM,0.09999672658329152
2021-06-30,17,AR1 alpha + Enhanced + One-Step,NASDAQ:SLM,0.09999684440582095
2021-07-01,17,AR1 alpha + Enhanced + One-Step,NASDAQ:SLM,0.09999755459179344
2021-07-02,17,AR1 alpha + Enhanced + One-Step,NASDAQ:SLM,0.09999325050772989
2021-07-06,17,AR1 alpha + Enhanced + One-Step,NASDAQ:SLM,0.09999300257194864
2021-07-07,17,AR1 alpha + Enhanced + One-Step,NASDAQ:SLM,0.09999667272410087
2021-07-08,17,AR1 alpha + Enhanced + One-Step,NASDAQ:SLM,0.09999773426848149
2021-07-09,17,AR1 alpha + Enhanced + One-Step,NASDAQ:SLM,0.09998974431126127
2021-07-12,17,AR1 alpha + Enhanced + One-Step,NASDAQ:SLM,0.09998821747358551
2021-07-13,17,AR1 alpha + Enhanced + One-Step,NASDAQ:SLM,0.09998564497893335
2021-07-14,17,AR1 alpha + Enhanced + One-Step,NASDAQ:SLM,0.09998558234684267
2021-07-15,17,AR1 alpha + Enhanced + One-Step,NASDAQ:SLM,0.09998383279644736
2021-07-16,17,AR1 alpha + Enhanced + One-Step,NASDAQ:SLM,0.09998581664061358
2021-07-19,17,AR1 alpha + Enhanced + One-Step,NASDAQ:SLM,0.09998959178358403
2021-07-20,17,AR1 alpha + Enhanced + One-Step,NASDAQ:SLM,0.09998667055531531
2021-07-21,17,AR1 alpha + Enhanced + One-Step,NASDAQ:SLM,0.09999075550446923
2021-07-22,17,AR1 alpha + Enhanced + One-Step,NASDAQ:SLM,0.09998600772770375
2021-07-23,17,AR1 alpha + Enhanced + One-Step,NASDAQ:SLM,0.09998831306276909
2021-07-26,17,AR1 alpha + Enhanced + One-Step,NASDAQ:SLM,0.0999932757206367
2021-07-27,17,AR1 alpha + Enhanced + One-Step,NASDAQ:SLM,0.09999393766476751
2021-07-28,17,AR1 alpha + Enhanced + One-Step,NASDAQ:SLM,0.09998570014018236
2021-07-29,17,AR1 alpha + Enhanced + One-Step,NASDAQ:SLM,0.09999194960676239
2021-07-30,17,AR1 alpha + Enhanced + One-Step,NASDAQ:SLM,0.09999447666816794
2021-08-02,17,AR1 alpha + Enhanced + One-Step,NASDAQ:SLM,0.09999371618550372
2021-08-03,17,AR1 alpha + Enhanced + One-Step,NASDAQ:SLM,0.09999490915040588
2021-08-04,17,AR1 alpha + Enhanced + One-Step,NASDAQ:SLM,0.09998983640189572
2021-08-05,17,AR1 alpha + Enhanced + One-Step,NASDAQ:SLM,0.0999909082554707
2021-08-06,17,AR1 alpha + Enhanced + One-Step,NASDAQ:SLM,0.09998940053503715
2021-08-09,17,AR1 alpha + Enhanced + One-Step,NASDAQ:SLM,0.09998750517788757
2021-08-10,17,AR1 alpha + Enhanced + One-Step,NASDAQ:SLM,0.09999037269026291
2021-08-11,17,AR1 alpha + Enhanced + One-Step,NASDAQ:SLM,0.0999896704285369
2021-08-12,17,AR1 alpha + Enhanced + One-Step,NASDAQ:SLM,0.09998469338139565
2021-08-13,17,AR1 alpha + Enhanced + One-Step,NASDAQ:SLM,0.09998939533736895
2021-08-16,17,AR1 alpha + Enhanced + One-Step,NASDAQ:SLM,0.09999231219244657
2021-08-17,17,AR1 alpha + Enhanced + One-Step,NASDAQ:SLM,0.09999598731422624
2021-08-18,17,AR1 alpha + Enhanced + One-Step,NASDAQ:SLM,0.09999766012483664
2021-08-19,17,AR1 alpha + Enhanced + One-Step,NASDAQ:SLM,0.09999801352176726
2021-08-20,17,AR1 alpha + Enhanced + One-Step,NASDAQ:SLM,0.09999283745933173
2021-08-23,17,AR1 alpha + Enhanced + One-Step,NASDAQ:SLM,0.09999137476819069
2021-08-24,17,AR1 alpha + Enhanced + One-Step,NASDAQ:SLM,0.09999284838698383
2021-08-25,17,AR1 alpha + Enhanced + One-Step,NASDAQ:SLM,0.09999612295305002
2021-08-26,17,AR1 alpha + Enhanced + One-Step,NASDAQ:SLM,0.09998919717173353
2021-08-27,17,AR1 alpha + Enhanced + One-Step,NASDAQ:SLM,0.09998571624731549
2021-08-30,17,AR1 alpha + Enhanced + One-Step,NASDAQ:SLM,0.09998403827759099
2021-08-31,17,AR1 alpha + Enhanced + One-Step,NASDAQ:SLM,0.0999915836660674
2021-09-01,17,AR1 alpha + Enhanced + One-Step,NASDAQ:SLM,0.09998796009320826
2021-09-02,17,AR1 alpha + Enhanced + One-Step,NASDAQ:SLM,0.09998952730220748
2021-09-03,17,AR1 alpha + Enhanced + One-Step,NASDAQ:SLM,0.09998942135829744
2021-09-07,17,AR1 alpha + Enhanced + One-Step,NASDAQ:SLM,0.09998792251429554
2021-09-08,17,AR1 alpha + Enhanced + One-Step,NASDAQ:SLM,0.09998734702744311
2021-09-09,17,AR1 alpha + Enhanced + One-Step,NASDAQ:SLM,0.09999730224592367
2021-09-10,17,AR1 alpha + Enhanced + One-Step,NASDAQ:SLM,0.09999640495884679
2021-09-13,17,AR1 alpha + Enhanced + One-Step,NASDAQ:SLM,0.0999978032081216
2021-09-14,17,AR1 alpha + Enhanced + One-Step,NASDAQ:SLM,0.0999976677052271
2021-09-15,17,AR1 alpha + Enhanced + One-Step,NASDAQ:SLM,0.09999275502138295
2021-09-16,17,AR1 alpha + Enhanced + One-Step,NASDAQ:SLM,0.09999938765098232
2021-09-17,17,AR1 alpha + Enhanced + One-Step,NASDAQ:SLM,0.09999684017769714
2021-09-20,17,AR1 alpha + Enhanced + One-Step,NASDAQ:SLM,0.0999957946701122
2021-09-21,17,AR1 alpha + Enhanced + One-Step,NASDAQ:SLM,0.09999735061056386
2021-09-22,17,AR1 alpha + Enhanced + One-Step,NASDAQ:SLM,0.09999798192021021
2021-09-23,17,AR1 alpha + Enhanced + One-Step,NASDAQ:SLM,0.09999882690301184
2021-09-24,17,AR1 alpha + Enhanced + One-Step,NASDAQ:SLM,0.09999917908041565
2021-09-27,17,AR1 alpha + Enhanced + One-Step,NASDAQ:SLM,0.09999936347566393
2021-09-28,17,AR1 alpha + Enhanced + One-Step,NASDAQ:SLM,0.09999659868084158
2021-09-29,17,AR1 alpha + Enhanced + One-Step,NASDAQ:SLM,0.09999789276145633
2021-09-30,17,AR1 alpha + Enhanced + One-Step,NASDAQ:SLM,0.09999845809769575
2021-10-01,17,AR1 alpha + Enhanced + One-Step,NASDAQ:SLM,0.09999887748576362
2021-10-04,17,AR1 alpha + Enhanced + One-Step,NASDAQ:SLM,0.09999943689934296
2021-10-05,17,AR1 alpha + Enhanced + One-Step,NASDAQ:SLM,0.09999677501949328
2021-10-06,17,AR1 alpha + Enhanced + One-Step,NASDAQ:SLM,0.09999777687717257
2021-10-07,17,AR1 alpha + Enhanced + One-Step,NASDAQ:SLM,0.09999696181575686
2021-10-08,17,AR1 alpha + Enhanced + One-Step,NASDAQ:SLM,0.09999771707227272
2021-10-11,17,AR1 alpha + Enhanced + One-Step,NASDAQ:SLM,0.09999793505136016
2021-10-12,17,AR1 alpha + Enhanced + One-Step,NASDAQ:SLM,0.09999911502468499
2021-10-13,17,AR1 alpha + Enhanced + One-Step,NASDAQ:SLM,0.09999940638248092
2021-10-14,17,AR1 alpha + Enhanced + One-Step,NASDAQ:SLM,0.09999905853232198
2021-10-15,17,AR1 alpha + Enhanced + One-Step,NASDAQ:SLM,0.09999857242195707
2021-10-18,17,AR1 alpha + Enhanced + One-Step,NASDAQ:SLM,0.09999818720611167
2021-10-19,17,AR1 alpha + Enhanced + One-Step,NASDAQ:SLM,0.09999870743254165
2021-10-20,17,AR1 alpha + Enhanced + One-Step,NASDAQ:SLM,0.09999919520452087
2021-10-21,17,AR1 alpha + Enhanced + One-Step,NASDAQ:SLM,0.07576403874173392
2021-10-22,17,AR1 alpha + Enhanced + One-Step,NASDAQ:SLM,0.05566283719273548
2021-10-25,17,AR1 alpha + Enhanced + One-Step,NASDAQ:SLM,0.030747118224866688
2021-10-26,17,AR1 alpha + Enhanced + One-Step,NASDAQ:SLM,0.0363065571729606
2021-10-27,17,AR1 alpha + Enhanced + One-Step,NASDAQ:SLM,0.06132089500089533
2021-10-28,17,AR1 alpha + Enhanced + One-Step,NASDAQ:SLM,0.08439172031458239
2021-10-29,17,AR1 alpha + Enhanced + One-Step,NASDAQ:SLM,0.08438700784227889
2021-11-01,17,AR1 alpha + Enhanced + One-Step,NASDAQ:SLM,0.06129311676347806
2021-11-02,17,AR1 alpha + Enhanced + One-Step,NASDAQ:SLM,0.06129243414416738
2021-11-03,17,AR1 alpha + Enhanced + One-Step,NASDAQ:SLM,0.061292963993351296
2021-11-04,17,AR1 alpha + Enhanced + One-Step,NASDAQ:SLM,0.06129219656373525
2021-11-05,17,AR1 alpha + Enhanced + One-Step,NASDAQ:SLM,0.0612918953063223
2021-11-08,17,AR1 alpha + Enhanced + One-Step,NASDAQ:SLM,0.06128990443161029
2021-11-09,17,AR1 alpha + Enhanced + One-Step,NASDAQ:SLM,0.06128991261431159
2021-11-10,17,AR1 alpha + Enhanced + One-Step,NASDAQ:SLM,0.06129135916191553
2021-11-11,17,AR1 alpha + Enhanced + One-Step,NASDAQ:SLM,0.07338057482657583
2021-11-12,17,AR1 alpha + Enhanced + One-Step,NASDAQ:SLM,0.0733807725062348
2021-11-15,17,AR1 alpha + Enhanced + One-Step,NASDAQ:SLM,0.08669488794651566
2021-11-16,17,AR1 alpha + Enhanced + One-Step,NASDAQ:SLM,0.09999979220458184
2021-11-17,17,AR1 alpha + Enhanced + One-Step,NASDAQ:SLM,0.09999602594717422
2021-11-18,17,AR1 alpha + Enhanced + One-Step,NASDAQ:SLM,0.09999601278581254
2021-11-19,17,AR1 alpha + Enhanced + One-Step,NASDAQ:SLM,0.09999740872269197
2021-11-22,17,AR1 alpha + Enhanced + One-Step,NASDAQ:SLM,0.099998338169039
2021-11-23,17,AR1 alpha + Enhanced + One-Step,NASDAQ:SLM,0.09999298361263888
2021-11-24,17,AR1 alpha + Enhanced + One-Step,NASDAQ:SLM,0.09999443364763916
2021-11-26,17,AR1 alpha + Enhanced + One-Step,NASDAQ:SLM,0.09999142336166503
2021-11-29,17,AR1 alpha + Enhanced + One-Step,NASDAQ:SLM,0.09999383253380868
2021-11-30,17,AR1 alpha + Enhanced + One-Step,NASDAQ:SLM,0.09999292476732341
2021-12-01,17,AR1 alpha + Enhanced + One-Step,NASDAQ:SLM,0.09999290154796392
2021-12-02,17,AR1 alpha + Enhanced + One-Step,NASDAQ:SLM,0.0858452540874007
2021-12-03,17,AR1 alpha + Enhanced + One-Step,NASDAQ:SLM,0.08584376063631224
2021-12-06,17,AR1 alpha + Enhanced + One-Step,NASDAQ:SLM,0.08584357925648813
2021-12-07,17,AR1 alpha + Enhanced + One-Step,NASDAQ:SLM,0.07824472458722292
2021-12-08,17,AR1 alpha + Enhanced + One-Step,NASDAQ:SLM,0.07315689542272079
2021-12-09,17,AR1 alpha + Enhanced + One-Step,NASDAQ:SLM,0.059898647613662086
2021-12-10,17,AR1 alpha + Enhanced + One-Step,NASDAQ:SLM,0.05930284064569973
2021-12-13,17,AR1 alpha + Enhanced + One-Step,NASDAQ:SLM,0.08391585594592518
2021-12-14,17,AR1 alpha + Enhanced + One-Step,NASDAQ:SLM,0.09999982615604854
2021-12-15,17,AR1 alpha + Enhanced + One-Step,NASDAQ:SLM,0.10000013675950291
2021-12-16,17,AR1 alpha + Enhanced + One-Step,NASDAQ:SLM,0.10000015897308895
2021-12-17,17,AR1 alpha + Enhanced + One-Step,NASDAQ:SLM,0.1000000250725687
2021-12-20,17,AR1 alpha + Enhanced + One-Step,NASDAQ:SLM,0.09999760487523845
2021-12-21,17,AR1 alpha + Enhanced + One-Step,NASDAQ:SLM,0.0999976826730368
2021-12-22,17,AR1 alpha + Enhanced + One-Step,NASDAQ:SLM,0.0874774861682206
2021-12-23,17,AR1 alpha + Enhanced + One-Step,NASDAQ:SLM,0.06244721626790794
2021-12-27,17,AR1 alpha + Enhanced + One-Step,NASDAQ:SLM,0.045194219995072483
2021-12-28,17,AR1 alpha + Enhanced + One-Step,NASDAQ:SLM,0.023390602921207752
2021-12-29,17,AR1 alpha + Enhanced + One-Step,NASDAQ:SLM,0.022114503182421332
2021-12-30,17,AR1 alpha + Enhanced + One-Step,NASDAQ:SLM,0.022114536441340028
2021-12-31,17,AR1 alpha + Enhanced + One-Step,NASDAQ:SLM,0.013093933197778308
2022-01-03,17,AR1 alpha + Enhanced + One-Step,NASDAQ:SLM,0.013093931438748
2022-01-04,17,AR1 alpha + Enhanced + One-Step,NASDAQ:SLM,0.013093949137528416
2022-01-05,17,AR1 alpha + Enhanced + One-Step,NASDAQ:SLM,0.013093942907614982
2022-01-06,17,AR1 alpha + Enhanced + One-Step,NASDAQ:SLM,0.013093950468697477
2022-01-07,17,AR1 alpha + Enhanced + One-Step,NASDAQ:SLM,1.2329756973460425e-06
2022-01-10,17,AR1 alpha + Enhanced + One-Step,NASDAQ:SLM,5.17796924602832e-07
2022-01-11,17,AR1 alpha + Enhanced + One-Step,NASDAQ:SLM,2.15325730881689e-07
2022-01-12,17,AR1 alpha + Enhanced + One-Step,NASDAQ:SLM,1.2465561718341587e-07
2022-01-13,17,AR1 alpha + Enhanced + One-Step,NASDAQ:SLM,5.529538444687554e-08
2022-01-14,17,AR1 alpha + Enhanced + One-Step,NASDAQ:SLM,0.0
2022-01-18,17,AR1 alpha + Enhanced + One-Step,NASDAQ:SLM,0.01780613583295072
2022-01-19,17,AR1 alpha + Enhanced + One-Step,NASDAQ:SLM,0.042798544549263885
2022-01-20,17,AR1 alpha + Enhanced + One-Step,NASDAQ:SLM,0.06779896990633348
2022-01-21,17,AR1 alpha + Enhanced + One-Step,NASDAQ:SLM,0.09279508891608336
2022-01-24,17,AR1 alpha + Enhanced + One-Step,NASDAQ:SLM,0.09999952315906149
2022-01-25,17,AR1 alpha + Enhanced + One-Step,NASDAQ:SLM,0.09999958962223895
2022-01-26,17,AR1 alpha + Enhanced + One-Step,NASDAQ:SLM,0.09999964834319912
2022-01-27,17,AR1 alpha + Enhanced + One-Step,NASDAQ:SLM,0.09999896589557533
2022-01-28,17,AR1 alpha + Enhanced + One-Step,NASDAQ:SLM,0.099999246045137
2022-01-31,17,AR1 alpha + Enhanced + One-Step,NASDAQ:SLM,0.10000000594342337
2022-02-01,17,AR1 alpha + Enhanced + One-Step,NASDAQ:SLM,0.09475790167914647
2022-02-02,17,AR1 alpha + Enhanced + One-Step,NASDAQ:SLM,0.09339891655550267
2022-02-03,17,AR1 alpha + Enhanced + One-Step,NASDAQ:SLM,0.07796750614464637
2022-02-04,17,AR1 alpha + Enhanced + One-Step,NASDAQ:SLM,0.05576082911525508
2022-02-07,17,AR1 alpha + Enhanced + One-Step,NASDAQ:SLM,0.055760716769140614
2022-02-08,17,AR1 alpha + Enhanced + One-Step,NASDAQ:SLM,0.05576058214939502
2022-02-09,17,AR1 alpha + Enhanced + One-Step,NASDAQ:SLM,0.055760626470752
2022-02-10,17,AR1 alpha + Enhanced + One-Step,NASDAQ:SLM,0.05576063428595779
2022-02-11,17,AR1 alpha + Enhanced + One-Step,NASDAQ:SLM,0.05576126019082918
2022-02-14,17,AR1 alpha + Enhanced + One-Step,NASDAQ:SLM,0.05576115124788536
2022-02-15,17,AR1 alpha + Enhanced + One-Step,NASDAQ:SLM,0.03949401581823872
2022-02-16,17,AR1 alpha + Enhanced + One-Step,NASDAQ:SLM,0.02239539589954481
2022-02-17,17,AR1 alpha + Enhanced + One-Step,NASDAQ:SLM,0.022394953447740014
2022-02-18,17,AR1 alpha + Enhanced + One-Step,NASDAQ:SLM,0.02239504746109858
2022-02-22,17,AR1 alpha + Enhanced + One-Step,NASDAQ:SLM,0.037520627573951026
2022-02-23,17,AR1 alpha + Enhanced + One-Step,NASDAQ:SLM,0.05383626867132111
2022-02-24,17,AR1 alpha + Enhanced + One-Step,NASDAQ:SLM,0.05383560503626853
2022-02-25,17,AR1 alpha + Enhanced + One-Step,NASDAQ:SLM,0.053835704554081404
2022-02-28,17,AR1 alpha + Enhanced + One-Step,NASDAQ:SLM,0.05383573166671667
2022-03-01,17,AR1 alpha + Enhanced + One-Step,NASDAQ:SLM,0.05383589098410836
2022-03-02,17,AR1 alpha + Enhanced + One-Step,NASDAQ:SLM,0.05383579086502888
2022-03-03,17,AR1 alpha + Enhanced + One-Step,NASDAQ:SLM,0.07883572836809971
2022-03-04,17,AR1 alpha + Enhanced + One-Step,NASDAQ:SLM,0.09641031339952996
2022-03-07,17,AR1 alpha + Enhanced + One-Step,NASDAQ:SLM,0.0964112099803676
2022-03-08,17,AR1 alpha + Enhanced + One-Step,NASDAQ:SLM,0.0964112339519518
2022-03-09,17,AR1 alpha + Enhanced + One-Step,NASDAQ:SLM,0.09447007052919039
2022-03-10,17,AR1 alpha + Enhanced + One-Step,NASDAQ:SLM,0.08768667691423009
2022-03-11,17,AR1 alpha + Enhanced + One-Step,NASDAQ:SLM,0.08768555909070584
2022-03-14,17,AR1 alpha + Enhanced + One-Step,NASDAQ:SLM,0.08768334808864975
2022-03-15,17,AR1 alpha + Enhanced + One-Step,NASDAQ:SLM,0.06921145560522339
2022-03-16,17,AR1 alpha + Enhanced + One-Step,NASDAQ:SLM,0.06077976522010674
2022-03-17,17,AR1 alpha + Enhanced + One-Step,NASDAQ:SLM,0.035771397759061775
2022-03-18,17,AR1 alpha + Enhanced + One-Step,NASDAQ:SLM,0.010776665491705086
2022-03-21,17,AR1 alpha + Enhanced + One-Step,NASDAQ:SLM,0.0018374388003567093
2022-03-22,17,AR1 alpha + Enhanced + One-Step,NASDAQ:SLM,1.0224308321484696e-06
2022-03-23,17,AR1 alpha + Enhanced + One-Step,NASDAQ:SLM,5.75792846823671e-07
2022-03-24,17,AR1 alpha + Enhanced + One-Step,NASDAQ:SLM,0.0
2022-03-25,17,AR1 alpha + Enhanced + One-Step,NASDAQ:SLM,0.0
2022-03-28,17,AR1 alpha + Enhanced + One-Step,NASDAQ:SLM,0.0
2022-03-29,17,AR1 alpha + Enhanced + One-Step,NASDAQ:SLM,0.0
2022-03-30,17,AR1 alpha + Enhanced + One-Step,NASDAQ:SLM,0.0
2022-03-31,17,AR1 alpha + Enhanced + One-Step,NASDAQ:SLM,0.0
2022-04-01,17,AR1 alpha + Enhanced + One-Step,NASDAQ:SLM,0.0
2022-04-04,17,AR1 alpha + Enhanced + One-Step,NASDAQ:SLM,0.0
2022-04-05,17,AR1 alpha + Enhanced + One-Step,NASDAQ:SLM,3.851988989520574e-08
2022-04-06,17,AR1 alpha + Enhanced + One-Step,NASDAQ:SLM,0.0
2022-04-07,17,AR1 alpha + Enhanced + One-Step,NASDAQ:SLM,1.8943927014610426e-09
2022-04-08,17,AR1 alpha + Enhanced + One-Step,NASDAQ:SLM,1.5356528200914245e-07
2022-04-11,17,AR1 alpha + Enhanced + One-Step,NASDAQ:SLM,0.0
2022-04-12,17,AR1 alpha + Enhanced + One-Step,NASDAQ:SLM,0.0
2022-04-13,17,AR1 alpha + Enhanced + One-Step,NASDAQ:SLM,4.810709961836556e-08
2022-04-14,17,AR1 alpha + Enhanced + One-Step,NASDAQ:SLM,0.0
2022-04-18,17,AR1 alpha + Enhanced + One-Step,NASDAQ:SLM,0.0
2022-04-19,17,AR1 alpha + Enhanced + One-Step,NASDAQ:SLM,0.0
2022-04-20,17,AR1 alpha + Enhanced + One-Step,NASDAQ:SLM,0.0
2022-04-21,17,AR1 alpha + Enhanced + One-Step,NASDAQ:SLM,0.0
2022-04-22,17,AR1 alpha + Enhanced + One-Step,NASDAQ:SLM,0.0
2022-04-25,17,AR1 alpha + Enhanced + One-Step,NASDAQ:SLM,0.0
2022-04-26,17,AR1 alpha + Enhanced + One-Step,NASDAQ:SLM,1.082131868258998e-07
2022-04-27,17,AR1 alpha + Enhanced + One-Step,NASDAQ:SLM,0.0
2022-04-28,17,AR1 alpha + Enhanced + One-Step,NASDAQ:SLM,0.0
2022-04-29,17,AR1 alpha + Enhanced + One-Step,NASDAQ:SLM,0.0
2022-05-02,17,AR1 alpha + Enhanced + One-Step,NASDAQ:SLM,0.0
2022-05-03,17,AR1 alpha + Enhanced + One-Step,NASDAQ:SLM,0.0
2022-05-04,17,AR1 alpha + Enhanced + One-Step,NASDAQ:SLM,0.0
2022-05-05,17,AR1 alpha + Enhanced + One-Step,NASDAQ:SLM,0.0
2022-05-06,17,AR1 alpha + Enhanced + One-Step,NASDAQ:SLM,0.0
2022-05-09,17,AR1 alpha + Enhanced + One-Step,NASDAQ:SLM,7.142047433552404e-08
2022-05-10,17,AR1 alpha + Enhanced + One-Step,NASDAQ:SLM,0.0
2022-05-11,17,AR1 alpha + Enhanced + One-Step,NASDAQ:SLM,0.0
2022-05-12,17,AR1 alpha + Enhanced + One-Step,NASDAQ:SLM,0.0
2022-05-13,17,AR1 alpha + Enhanced + One-Step,NASDAQ:SLM,0.0
2022-05-16,17,AR1 alpha + Enhanced + One-Step,NASDAQ:SLM,0.0
2022-05-17,17,AR1 alpha + Enhanced + One-Step,NASDAQ:SLM,0.0
2022-05-18,17,AR1 alpha + Enhanced + One-Step,NASDAQ:SLM,0.0
2022-05-19,17,AR1 alpha + Enhanced + One-Step,NASDAQ:SLM,0.0
2022-05-20,17,AR1 alpha + Enhanced + One-Step,NASDAQ:SLM,0.0
2022-05-23,17,AR1 alpha + Enhanced + One-Step,NASDAQ:SLM,0.0
2022-05-24,17,AR1 alpha + Enhanced + One-Step,NASDAQ:SLM,0.0
2022-05-25,17,AR1 alpha + Enhanced + One-Step,NASDAQ:SLM,0.0
2022-05-26,17,AR1 alpha + Enhanced + One-Step,NASDAQ:SLM,6.197000785597165e-09
2022-05-27,17,AR1 alpha + Enhanced + One-Step,NASDAQ:SLM,7.275420628084075e-08
2022-05-31,17,AR1 alpha + Enhanced + One-Step,NASDAQ:SLM,0.0
2022-06-01,17,AR1 alpha + Enhanced + One-Step,NASDAQ:SLM,6.293376858344503e-07
2022-06-02,17,AR1 alpha + Enhanced + One-Step,NASDAQ:SLM,6.207520326174401e-07
2022-06-03,17,AR1 alpha + Enhanced + One-Step,NASDAQ:SLM,0.0
2022-06-06,17,AR1 alpha + Enhanced + One-Step,NASDAQ:SLM,0.0
2022-06-07,17,AR1 alpha + Enhanced + One-Step,NASDAQ:SLM,0.0
2022-06-08,17,AR1 alpha + Enhanced + One-Step,NASDAQ:SLM,0.0
2022-06-09,17,AR1 alpha + Enhanced + One-Step,NASDAQ:SLM,0.0
2022-06-10,17,AR1 alpha + Enhanced + One-Step,NASDAQ:SLM,0.0
2022-06-13,17,AR1 alpha + Enhanced + One-Step,NASDAQ:SLM,0.0
2022-06-14,17,AR1 alpha + Enhanced + One-Step,NASDAQ:SLM,5.793036654688274e-07
2022-06-15,17,AR1 alpha + Enhanced + One-Step,NASDAQ:SLM,1.314317700199879e-07
2022-06-16,17,AR1 alpha + Enhanced + One-Step,NASDAQ:SLM,0.0
2022-06-17,17,AR1 alpha + Enhanced + One-Step,NASDAQ:SLM,8.021504196858626e-08
2022-06-21,17,AR1 alpha + Enhanced + One-Step,NASDAQ:SLM,0.0
2022-06-22,17,AR1 alpha + Enhanced + One-Step,NASDAQ:SLM,0.0
2022-06-23,17,AR1 alpha + Enhanced + One-Step,NASDAQ:SLM,0.0
2022-06-24,17,AR1 alpha + Enhanced + One-Step,NASDAQ:SLM,0.0
2022-06-27,17,AR1 alpha + Enhanced + One-Step,NASDAQ:SLM,1.1092850661295676e-07
2022-06-28,17,AR1 alpha + Enhanced + One-Step,NASDAQ:SLM,6.890854785962073e-08
2022-06-29,17,AR1 alpha + Enhanced + One-Step,NASDAQ:SLM,0.0
2022-06-30,17,AR1 alpha + Enhanced + One-Step,NASDAQ:SLM,1.3397114673901775e-07
2022-07-01,17,AR1 alpha + Enhanced + One-Step,NASDAQ:SLM,0.0
2022-07-05,17,AR1 alpha + Enhanced + One-Step,NASDAQ:SLM,0.0
2022-07-06,17,AR1 alpha + Enhanced + One-Step,NASDAQ:SLM,0.0
2022-07-07,17,AR1 alpha + Enhanced + One-Step,NASDAQ:SLM,0.0
2022-07-08,17,AR1 alpha + Enhanced + One-Step,NASDAQ:SLM,0.0
2022-07-11,17,AR1 alpha + Enhanced + One-Step,NASDAQ:SLM,0.0
2022-07-12,17,AR1 alpha + Enhanced + One-Step,NASDAQ:SLM,0.0
2022-07-13,17,AR1 alpha + Enhanced + One-Step,NASDAQ:SLM,0.0
2022-07-14,17,AR1 alpha + Enhanced + One-Step,NASDAQ:SLM,4.549861473483968e-09
2022-07-15,17,AR1 alpha + Enhanced + One-Step,NASDAQ:SLM,1.862789903714416e-08
2022-07-18,17,AR1 alpha + Enhanced + One-Step,NASDAQ:SLM,0.0
2022-07-19,17,AR1 alpha + Enhanced + One-Step,NASDAQ:SLM,0.0
2022-07-20,17,AR1 alpha + Enhanced + One-Step,NASDAQ:SLM,0.0
2022-07-21,17,AR1 alpha + Enhanced + One-Step,NASDAQ:SLM,0.0
2022-07-22,17,AR1 alpha + Enhanced + One-Step,NASDAQ:SLM,0.0
2022-07-25,17,AR1 alpha + Enhanced + One-Step,NASDAQ:SLM,3.464689031270157e-07
2022-07-26,17,AR1 alpha + Enhanced + One-Step,NASDAQ:SLM,2.694979901371055e-09
2022-07-27,17,AR1 alpha + Enhanced + One-Step,NASDAQ:SLM,1.6345803118905437e-09
2022-07-28,17,AR1 alpha + Enhanced + One-Step,NASDAQ:SLM,2.601914547796698e-08
2022-07-29,17,AR1 alpha + Enhanced + One-Step,NASDAQ:SLM,0.0
2022-08-01,17,AR1 alpha + Enhanced + One-Step,NASDAQ:SLM,6.123451046706556e-09
2022-08-02,17,AR1 alpha + Enhanced + One-Step,NASDAQ:SLM,1.0722607761920309e-07
2022-08-03,17,AR1 alpha + Enhanced + One-Step,NASDAQ:SLM,6.745288108367474e-08
2022-08-04,17,AR1 alpha + Enhanced + One-Step,NASDAQ:SLM,1.0789234580117577e-07
2022-08-05,17,AR1 alpha + Enhanced + One-Step,NASDAQ:SLM,0.0
2022-08-08,17,AR1 alpha + Enhanced + One-Step,NASDAQ:SLM,0.0
2022-08-09,17,AR1 alpha + Enhanced + One-Step,NASDAQ:SLM,3.5018650290210005e-07
2022-08-10,17,AR1 alpha + Enhanced + One-Step,NASDAQ:SLM,0.0
2022-08-11,17,AR1 alpha + Enhanced + One-Step,NASDAQ:SLM,0.0
2022-08-12,17,AR1 alpha + Enhanced + One-Step,NASDAQ:SLM,0.0
2022-08-15,17,AR1 alpha + Enhanced + One-Step,NASDAQ:SLM,0.0
2022-08-16,17,AR1 alpha + Enhanced + One-Step,NASDAQ:SLM,2.547351726861721e-08
2022-08-17,17,AR1 alpha + Enhanced + One-Step,NASDAQ:SLM,1.8102879299504215e-07
2022-08-18,17,AR1 alpha + Enhanced + One-Step,NASDAQ:SLM,0.0
2022-08-19,17,AR1 alpha + Enhanced + One-Step,NASDAQ:SLM,0.0
2022-08-22,17,AR1 alpha + Enhanced + One-Step,NASDAQ:SLM,2.9398445010746607e-07
2022-08-23,17,AR1 alpha + Enhanced + One-Step,NASDAQ:SLM,3.1814159830786274e-07
2022-08-24,17,AR1 alpha + Enhanced + One-Step,NASDAQ:SLM,0.0
2022-08-25,17,AR1 alpha + Enhanced + One-Step,NASDAQ:SLM,0.0
2022-08-26,17,AR1 alpha + Enhanced + One-Step,NASDAQ:SLM,0.0
2022-08-29,17,AR1 alpha + Enhanced + One-Step,NASDAQ:SLM,2.4203721696304572e-08
2022-08-30,17,AR1 alpha + Enhanced + One-Step,NASDAQ:SLM,0.0
2022-08-31,17,AR1 alpha + Enhanced + One-Step,NASDAQ:SLM,0.0
2022-09-01,17,AR1 alpha + Enhanced + One-Step,NASDAQ:SLM,1.3094922208316834e-07
2022-09-02,17,AR1 alpha + Enhanced + One-Step,NASDAQ:SLM,7.963636735546318e-08
2022-09-06,17,AR1 alpha + Enhanced + One-Step,NASDAQ:SLM,4.44589902520316e-08
2022-09-07,17,AR1 alpha + Enhanced + One-Step,NASDAQ:SLM,5.7922222913457025e-08
2022-09-08,17,AR1 alpha + Enhanced + One-Step,NASDAQ:SLM,1.1239856295263152e-07
2022-09-09,17,AR1 alpha + Enhanced + One-Step,NASDAQ:SLM,0.0
2022-09-12,17,AR1 alpha + Enhanced + One-Step,NASDAQ:SLM,0.0
2022-09-13,17,AR1 alpha + Enhanced + One-Step,NASDAQ:SLM,1.1351026946694051e-09
2022-09-14,17,AR1 alpha + Enhanced + One-Step,NASDAQ:SLM,0.0
2022-09-15,17,AR1 alpha + Enhanced + One-Step,NASDAQ:SLM,0.0
2022-09-16,17,AR1 alpha + Enhanced + One-Step,NASDAQ:SLM,4.830564873919919e-08
2022-09-19,17,AR1 alpha + Enhanced + One-Step,NASDAQ:SLM,0.0
2022-09-20,17,AR1 alpha + Enhanced + One-Step,NASDAQ:SLM,1.2115820465105682e-07
2022-09-21,17,AR1 alpha + Enhanced + One-Step,NASDAQ:SLM,0.0
2022-09-22,17,AR1 alpha + Enhanced + One-Step,NASDAQ:SLM,0.0
2022-09-23,17,AR1 alpha + Enhanced + One-Step,NASDAQ:SLM,0.0
2022-09-26,17,AR1 alpha + Enhanced + One-Step,NASDAQ:SLM,0.0
2022-09-27,17,AR1 alpha + Enhanced + One-Step,NASDAQ:SLM,0.0
2022-09-28,17,AR1 alpha + Enhanced + One-Step,NASDAQ:SLM,0.0
2022-09-29,17,AR1 alpha + Enhanced + One-Step,NASDAQ:SLM,2.7032521948885245e-07
2022-09-30,17,AR1 alpha + Enhanced + One-Step,NASDAQ:SLM,9.374978704778469e-08
2022-10-03,17,AR1 alpha + Enhanced + One-Step,NASDAQ:SLM,6.769926383607646e-08
2022-10-04,17,AR1 alpha + Enhanced + One-Step,NASDAQ:SLM,1.6068030523100233e-08
2022-10-05,17,AR1 alpha + Enhanced + One-Step,NASDAQ:SLM,0.0
2022-10-06,17,AR1 alpha + Enhanced + One-Step,NASDAQ:SLM,0.0
2022-10-07,17,AR1 alpha + Enhanced + One-Step,NASDAQ:SLM,2.3499005316177255e-08
2022-10-10,17,AR1 alpha + Enhanced + One-Step,NASDAQ:SLM,0.0
2022-10-11,17,AR1 alpha + Enhanced + One-Step,NASDAQ:SLM,0.0
2022-10-12,17,AR1 alpha + Enhanced + One-Step,NASDAQ:SLM,0.0
2022-10-13,17,AR1 alpha + Enhanced + One-Step,NASDAQ:SLM,6.227357232294661e-07
2022-10-14,17,AR1 alpha + Enhanced + One-Step,NASDAQ:SLM,2.9996987731968107e-07
2022-10-17,17,AR1 alpha + Enhanced + One-Step,NASDAQ:SLM,1.2504506340041684e-07
2022-10-18,17,AR1 alpha + Enhanced + One-Step,NASDAQ:SLM,8.075419553118013e-08
2022-10-19,17,AR1 alpha + Enhanced + One-Step,NASDAQ:SLM,5.198601221288544e-08
2022-10-20,17,AR1 alpha + Enhanced + One-Step,NASDAQ:SLM,7.112175174032702e-08
2022-10-21,17,AR1 alpha + Enhanced + One-Step,NASDAQ:SLM,7.759650455227549e-08
2022-10-24,17,AR1 alpha + Enhanced + One-Step,NASDAQ:SLM,0.0
2022-10-25,17,AR1 alpha + Enhanced + One-Step,NASDAQ:SLM,1.4110310472985226e-08
2022-10-26,17,AR1 alpha + Enhanced + One-Step,NASDAQ:SLM,2.6525255266959724e-08
2022-10-27,17,AR1 alpha + Enhanced + One-Step,NASDAQ:SLM,0.0
2022-10-28,17,AR1 alpha + Enhanced + One-Step,NASDAQ:SLM,0.0
2022-10-31,17,AR1 alpha + Enhanced + One-Step,NASDAQ:SLM,0.0
2022-11-01,17,AR1 alpha + Enhanced + One-Step,NASDAQ:SLM,0.0
2022-11-02,17,AR1 alpha + Enhanced + One-Step,NASDAQ:SLM,3.678922399191314e-08
2022-11-03,17,AR1 alpha + Enhanced + One-Step,NASDAQ:SLM,1.4848997778031487e-06
2022-11-04,17,AR1 alpha + Enhanced + One-Step,NASDAQ:SLM,5.953792458674461e-07
2022-11-07,17,AR1 alpha + Enhanced + One-Step,NASDAQ:SLM,0.0
2022-11-08,17,AR1 alpha + Enhanced + One-Step,NASDAQ:SLM,6.932412436772702e-08
2022-11-09,17,AR1 alpha + Enhanced + One-Step,NASDAQ:SLM,0.0
2022-11-10,17,AR1 alpha + Enhanced + One-Step,NASDAQ:SLM,9.599933704747006e-09
2022-11-11,17,AR1 alpha + Enhanced + One-Step,NASDAQ:SLM,3.39406390768572e-08
2022-11-14,17,AR1 alpha + Enhanced + One-Step,NASDAQ:SLM,0.0
2022-11-15,17,AR1 alpha + Enhanced + One-Step,NASDAQ:SLM,1.9449884769400685e-08
2022-11-16,17,AR1 alpha + Enhanced + One-Step,NASDAQ:SLM,2.3394629481829798e-08
2022-11-17,17,AR1 alpha + Enhanced + One-Step,NASDAQ:SLM,0.0
2022-11-18,17,AR1 alpha + Enhanced + One-Step,NASDAQ:SLM,2.6249485586100525e-08
2022-11-21,17,AR1 alpha + Enhanced + One-Step,NASDAQ:SLM,0.0
2022-11-22,17,AR1 alpha + Enhanced + One-Step,NASDAQ:SLM,0.0
2022-11-23,17,AR1 alpha + Enhanced + One-Step,NASDAQ:SLM,3.3540012967791863e-07
2022-11-25,17,AR1 alpha + Enhanced + One-Step,NASDAQ:SLM,3.4097125001778774e-07
2022-11-28,17,AR1 alpha + Enhanced + One-Step,NASDAQ:SLM,2.6531649533750916e-07
2022-11-29,17,AR1 alpha + Enhanced + One-Step,NASDAQ:SLM,1.765584083710157e-07
2022-11-30,17,AR1 alpha + Enhanced + One-Step,NASDAQ:SLM,1.1332520334715154e-07
2022-12-01,17,AR1 alpha + Enhanced + One-Step,NASDAQ:SLM,1.457978219046576e-08
2022-12-02,17,AR1 alpha + Enhanced + One-Step,NASDAQ:SLM,5.995058612992063e-08
2022-12-05,17,AR1 alpha + Enhanced + One-Step,NASDAQ:SLM,0.0
2022-12-06,17,AR1 alpha + Enhanced + One-Step,NASDAQ:SLM,0.0
2022-12-07,17,AR1 alpha + Enhanced + One-Step,NASDAQ:SLM,1.6779088550881227e-08
2022-12-08,17,AR1 alpha + Enhanced + One-Step,NASDAQ:SLM,0.0
2022-12-09,17,AR1 alpha + Enhanced + One-Step,NASDAQ:SLM,0.0
2022-12-12,17,AR1 alpha + Enhanced + One-Step,NASDAQ:SLM,0.0
2022-12-13,17,AR1 alpha + Enhanced + One-Step,NASDAQ:SLM,0.0
2022-12-14,17,AR1 alpha + Enhanced + One-Step,NASDAQ:SLM,0.0
2022-12-15,17,AR1 alpha + Enhanced + One-Step,NASDAQ:SLM,0.0
2022-12-16,17,AR1 alpha + Enhanced + One-Step,NASDAQ:SLM,0.0
2022-12-19,17,AR1 alpha + Enhanced + One-Step,NASDAQ:SLM,0.0
2022-12-20,17,AR1 alpha + Enhanced + One-Step,NASDAQ:SLM,0.0
2022-12-21,17,AR1 alpha + Enhanced + One-Step,NASDAQ:SLM,2.246693788362255e-08
2022-12-22,17,AR1 alpha + Enhanced + One-Step,NASDAQ:SLM,1.971576427164527e-08
2022-12-23,17,AR1 alpha + Enhanced + One-Step,NASDAQ:SLM,3.1246174256184536e-08
2022-12-27,17,AR1 alpha + Enhanced + One-Step,NASDAQ:SLM,2.5802513201013505e-08
2022-12-28,17,AR1 alpha + Enhanced + One-Step,NASDAQ:SLM,0.0
2022-12-29,17,AR1 alpha + Enhanced + One-Step,NASDAQ:SLM,0.0
2022-12-30,17,AR1 alpha + Enhanced + One-Step,NASDAQ:SLM,6.721538026732649e-09
2023-01-03,17,AR1 alpha + Enhanced + One-Step,NASDAQ:SLM,9.550009180193288e-09
2023-01-04,17,AR1 alpha + Enhanced + One-Step,NASDAQ:SLM,0.0
2023-01-05,17,AR1 alpha + Enhanced + One-Step,NASDAQ:SLM,3.835162458211359e-07
2023-01-06,17,AR1 alpha + Enhanced + One-Step,NASDAQ:SLM,1.2813937594022596e-07
2023-01-09,17,AR1 alpha + Enhanced + One-Step,NASDAQ:SLM,0.0
2023-01-10,17,AR1 alpha + Enhanced + One-Step,NASDAQ:SLM,1.4593832869266473e-07
2023-01-11,17,AR1 alpha + Enhanced + One-Step,NASDAQ:SLM,0.0
2023-01-12,17,AR1 alpha + Enhanced + One-Step,NASDAQ:SLM,0.0
2023-01-13,17,AR1 alpha + Enhanced + One-Step,NASDAQ:SLM,0.0
2023-01-17,17,AR1 alpha + Enhanced + One-Step,NASDAQ:SLM,0.0
2023-01-18,17,AR1 alpha + Enhanced + One-Step,NASDAQ:SLM,1.993818025253976e-07
2023-01-19,17,AR1 alpha + Enhanced + One-Step,NASDAQ:SLM,0.0
2023-01-20,17,AR1 alpha + Enhanced + One-Step,NASDAQ:SLM,0.0
2023-01-23,17,AR1 alpha + Enhanced + One-Step,NASDAQ:SLM,0.0
2023-01-24,17,AR1 alpha + Enhanced + One-Step,NASDAQ:SLM,1.991950573891694e-08
2023-01-25,17,AR1 alpha + Enhanced + One-Step,NASDAQ:SLM,1.8655979328378916e-08
2023-01-26,17,AR1 alpha + Enhanced + One-Step,NASDAQ:SLM,0.0
2023-01-27,17,AR1 alpha + Enhanced + One-Step,NASDAQ:SLM,0.0
2023-01-30,17,AR1 alpha + Enhanced + One-Step,NASDAQ:SLM,1.727283030401933e-08
2023-01-31,17,AR1 alpha + Enhanced + One-Step,NASDAQ:SLM,0.0
2023-02-01,17,AR1 alpha + Enhanced + One-Step,NASDAQ:SLM,0.0
2023-02-02,17,AR1 alpha + Enhanced + One-Step,NASDAQ:SLM,0.025021647368164538
2023-02-03,17,AR1 alpha + Enhanced + One-Step,NASDAQ:SLM,0.030463454370451143
2023-02-06,17,AR1 alpha + Enhanced + One-Step,NASDAQ:SLM,0.03046361834374172
2023-02-07,17,AR1 alpha + Enhanced + One-Step,NASDAQ:SLM,0.021568064973002506
2023-02-08,17,AR1 alpha + Enhanced + One-Step,NASDAQ:SLM,0.0035278972439875033
2023-02-09,17,AR1 alpha + Enhanced + One-Step,NASDAQ:SLM,0.0
2023-02-10,17,AR1 alpha + Enhanced + One-Step,NASDAQ:SLM,0.0
2023-02-13,17,AR1 alpha + Enhanced + One-Step,NASDAQ:SLM,0.0
2023-02-14,17,AR1 alpha + Enhanced + One-Step,NASDAQ:SLM,6.84297132583365e-07
2023-02-15,17,AR1 alpha + Enhanced + One-Step,NASDAQ:SLM,3.8374178149200573e-07
2023-02-16,17,AR1 alpha + Enhanced + One-Step,NASDAQ:SLM,0.0
2023-02-17,17,AR1 alpha + Enhanced + One-Step,NASDAQ:SLM,0.0
2023-02-21,17,AR1 alpha + Enhanced + One-Step,NASDAQ:SLM,0.0
2023-02-22,17,AR1 alpha + Enhanced + One-Step,NASDAQ:SLM,0.0
2023-02-23,17,AR1 alpha + Enhanced + One-Step,NASDAQ:SLM,0.0
2023-02-24,17,AR1 alpha + Enhanced + One-Step,NASDAQ:SLM,1.3450368136952038e-06
2023-02-27,17,AR1 alpha + Enhanced + One-Step,NASDAQ:SLM,8.586232881893468e-07
2023-02-28,17,AR1 alpha + Enhanced + One-Step,NASDAQ:SLM,1.0941354614103735e-06
2023-03-01,17,AR1 alpha + Enhanced + One-Step,NASDAQ:SLM,4.848406847367729e-07
2023-03-02,17,AR1 alpha + Enhanced + One-Step,NASDAQ:SLM,0.0
2023-03-03,17,AR1 alpha + Enhanced + One-Step,NASDAQ:SLM,0.0
2023-03-06,17,AR1 alpha + Enhanced + One-Step,NASDAQ:SLM,0.0
2023-03-07,17,AR1 alpha + Enhanced + One-Step,NASDAQ:SLM,0.0
2023-03-08,17,AR1 alpha + Enhanced + One-Step,NASDAQ:SLM,0.0
2023-03-09,17,AR1 alpha + Enhanced + One-Step,NASDAQ:SLM,0.0
2023-03-10,17,AR1 alpha + Enhanced + One-Step,NASDAQ:SLM,0.018806053945852098
2023-03-13,17,AR1 alpha + Enhanced + One-Step,NASDAQ:SLM,0.0367544530557218
2023-03-14,17,AR1 alpha + Enhanced + One-Step,NASDAQ:SLM,0.029225338159527246
2023-03-15,17,AR1 alpha + Enhanced + One-Step,NASDAQ:SLM,0.01364384780213833
2023-03-16,17,AR1 alpha + Enhanced + One-Step,NASDAQ:SLM,9.000100296637509e-08
2023-03-17,17,AR1 alpha + Enhanced + One-Step,NASDAQ:SLM,1.1344741178062522e-08
2023-03-20,17,AR1 alpha + Enhanced + One-Step,NASDAQ:SLM,0.0
2023-03-21,17,AR1 alpha + Enhanced + One-Step,NASDAQ:SLM,0.0
2023-03-22,17,AR1 alpha + Enhanced + One-Step,NASDAQ:SLM,0.0
2023-03-23,17,AR1 alpha + Enhanced + One-Step,NASDAQ:SLM,0.0
2023-03-24,17,AR1 alpha + Enhanced + One-Step,NASDAQ:SLM,1.8087718510613317e-08
2023-03-27,17,AR1 alpha + Enhanced + One-Step,NASDAQ:SLM,0.0
2023-03-28,17,AR1 alpha + Enhanced + One-Step,NASDAQ:SLM,0.0
2023-03-29,17,AR1 alpha + Enhanced + One-Step,NASDAQ:SLM,7.478140796518974e-09
2023-03-30,17,AR1 alpha + Enhanced + One-Step,NASDAQ:SLM,1.679606312744372e-08
2023-03-31,17,AR1 alpha + Enhanced + One-Step,NASDAQ:SLM,1.1559351037875367e-07
2023-04-03,17,AR1 alpha + Enhanced + One-Step,NASDAQ:SLM,0.0
2023-04-04,17,AR1 alpha + Enhanced + One-Step,NASDAQ:SLM,0.0
2023-04-05,17,AR1 alpha + Enhanced + One-Step,NASDAQ:SLM,0.0
2023-04-06,17,AR1 alpha + Enhanced + One-Step,NASDAQ:SLM,2.70686656147001e-07
2023-04-10,17,AR1 alpha + Enhanced + One-Step,NASDAQ:SLM,1.0544128677833572e-06
2023-04-11,17,AR1 alpha + Enhanced + One-Step,NASDAQ:SLM,0.0
2023-04-12,17,AR1 alpha + Enhanced + One-Step,NASDAQ:SLM,0.0
2023-04-13,17,AR1 alpha + Enhanced + One-Step,NASDAQ:SLM,0.0
2023-04-14,17,AR1 alpha + Enhanced + One-Step,NASDAQ:SLM,0.0
2023-04-17,17,AR1 alpha + Enhanced + One-Step,NASDAQ:SLM,7.186822401165034e-08
2023-04-18,17,AR1 alpha + Enhanced + One-Step,NASDAQ:SLM,0.0
2023-04-19,17,AR1 alpha + Enhanced + One-Step,NASDAQ:SLM,0.0
2023-04-20,17,AR1 alpha + Enhanced + One-Step,NASDAQ:SLM,5.0022855137982866e-08
2023-04-21,17,AR1 alpha + Enhanced + One-Step,NASDAQ:SLM,0.0
2023-04-24,17,AR1 alpha + Enhanced + One-Step,NASDAQ:SLM,0.0
2023-04-25,17,AR1 alpha + Enhanced + One-Step,NASDAQ:SLM,0.0
2023-04-26,17,AR1 alpha + Enhanced + One-Step,NASDAQ:SLM,0.0
2023-04-27,17,AR1 alpha + Enhanced + One-Step,NASDAQ:SLM,0.0
2023-04-28,17,AR1 alpha + Enhanced + One-Step,NASDAQ:SLM,0.0
2023-05-01,17,AR1 alpha + Enhanced + One-Step,NASDAQ:SLM,1.432638316130971e-08
2023-05-02,17,AR1 alpha + Enhanced + One-Step,NASDAQ:SLM,9.51438391123484e-08
2023-05-03,17,AR1 alpha + Enhanced + One-Step,NASDAQ:SLM,4.97032484023116e-08
2023-05-04,17,AR1 alpha + Enhanced + One-Step,NASDAQ:SLM,1.9515482467760493e-08
2023-05-05,17,AR1 alpha + Enhanced + One-Step,NASDAQ:SLM,2.3404323660857106e-09
2023-05-08,17,AR1 alpha + Enhanced + One-Step,NASDAQ:SLM,4.981200149852339e-08
2023-05-09,17,AR1 alpha + Enhanced + One-Step,NASDAQ:SLM,7.271508849376681e-11
2023-05-10,17,AR1 alpha + Enhanced + One-Step,NASDAQ:SLM,3.573773916634435e-07
2023-05-11,17,AR1 alpha + Enhanced + One-Step,NASDAQ:SLM,1.7498340151395661e-07
2023-05-12,17,AR1 alpha + Enhanced + One-Step,NASDAQ:SLM,2.3339918156387585e-07
2023-05-15,17,AR1 alpha + Enhanced + One-Step,NASDAQ:SLM,3.4757572221768805e-08
2023-05-16,17,AR1 alpha + Enhanced + One-Step,NASDAQ:SLM,1.1179026816766388e-07
2023-05-17,17,AR1 alpha + Enhanced + One-Step,NASDAQ:SLM,0.0
2023-05-18,17,AR1 alpha + Enhanced + One-Step,NASDAQ:SLM,1.3506806070491786e-06
2023-05-19,17,AR1 alpha + Enhanced + One-Step,NASDAQ:SLM,5.721044428733544e-07
2023-05-22,17,AR1 alpha + Enhanced + One-Step,NASDAQ:SLM,3.20084491610663e-07
2023-05-23,17,AR1 alpha + Enhanced + One-Step,NASDAQ:SLM,0.0
2023-05-24,17,AR1 alpha + Enhanced + One-Step,NASDAQ:SLM,0.0
2023-05-25,17,AR1 alpha + Enhanced + One-Step,NASDAQ:SLM,0.0
2023-05-26,17,AR1 alpha + Enhanced + One-Step,NASDAQ:SLM,9.024224474955213e-08
2023-05-30,17,AR1 alpha + Enhanced + One-Step,NASDAQ:SLM,5.6619884366606225e-08
2023-05-31,17,AR1 alpha + Enhanced + One-Step,NASDAQ:SLM,0.0
2023-06-01,17,AR1 alpha + Enhanced + One-Step,NASDAQ:SLM,0.0
2023-06-02,17,AR1 alpha + Enhanced + One-Step,NASDAQ:SLM,0.0
2023-06-05,17,AR1 alpha + Enhanced + One-Step,NASDAQ:SLM,0.0
2023-06-06,17,AR1 alpha + Enhanced + One-Step,NASDAQ:SLM,1.8040274466999156e-06
2023-06-07,17,AR1 alpha + Enhanced + One-Step,NASDAQ:SLM,6.484806937347427e-07
2023-06-08,17,AR1 alpha + Enhanced + One-Step,NASDAQ:SLM,2.1613851590612804e-07
2023-06-09,17,AR1 alpha + Enhanced + One-Step,NASDAQ:SLM,0.0
2023-06-12,17,AR1 alpha + Enhanced + One-Step,NASDAQ:SLM,0.0
2023-06-13,17,AR1 alpha + Enhanced + One-Step,NASDAQ:SLM,0.0
2023-06-14,17,AR1 alpha + Enhanced + One-Step,NASDAQ:SLM,0.0
2023-06-15,17,AR1 alpha + Enhanced + One-Step,NASDAQ:SLM,0.0
2023-06-16,17,AR1 alpha + Enhanced + One-Step,NASDAQ:SLM,0.0
2023-06-20,17,AR1 alpha + Enhanced + One-Step,NASDAQ:SLM,0.0
2023-06-21,17,AR1 alpha + Enhanced + One-Step,NASDAQ:SLM,0.0
2023-06-22,17,AR1 alpha + Enhanced + One-Step,NASDAQ:SLM,0.0
2023-06-23,17,AR1 alpha + Enhanced + One-Step,NASDAQ:SLM,0.0
2023-06-26,17,AR1 alpha + Enhanced + One-Step,NASDAQ:SLM,0.0
2023-06-27,17,AR1 alpha + Enhanced + One-Step,NASDAQ:SLM,0.0
2023-06-28,17,AR1 alpha + Enhanced + One-Step,NASDAQ:SLM,0.0
2023-06-29,17,AR1 alpha + Enhanced + One-Step,NASDAQ:SLM,0.0
2023-06-30,17,AR1 alpha + Enhanced + One-Step,NASDAQ:SLM,0.0
2023-07-03,17,AR1 alpha + Enhanced + One-Step,NASDAQ:SLM,0.0
2023-07-05,17,AR1 alpha + Enhanced + One-Step,NASDAQ:SLM,0.0
2023-07-06,17,AR1 alpha + Enhanced + One-Step,NASDAQ:SLM,7.16120640625324e-08
2023-07-07,17,AR1 alpha + Enhanced + One-Step,NASDAQ:SLM,0.0
2023-07-10,17,AR1 alpha + Enhanced + One-Step,NASDAQ:SLM,2.470768242046243e-08
2023-07-11,17,AR1 alpha + Enhanced + One-Step,NASDAQ:SLM,0.0
2023-07-12,17,AR1 alpha + Enhanced + One-Step,NASDAQ:SLM,8.157378095030161e-08
2023-07-13,17,AR1 alpha + Enhanced + One-Step,NASDAQ:SLM,0.0
2023-07-14,17,AR1 alpha + Enhanced + One-Step,NASDAQ:SLM,0.0
2023-07-17,17,AR1 alpha + Enhanced + One-Step,NASDAQ:SLM,0.0
2023-07-18,17,AR1 alpha + Enhanced + One-Step,NASDAQ:SLM,3.4667736729271014e-07
2023-07-19,17,AR1 alpha + Enhanced + One-Step,NASDAQ:SLM,0.0
2023-07-20,17,AR1 alpha + Enhanced + One-Step,NASDAQ:SLM,0.0
2023-07-21,17,AR1 alpha + Enhanced + One-Step,NASDAQ:SLM,0.0
2023-07-24,17,AR1 alpha + Enhanced + One-Step,NASDAQ:SLM,0.0
2023-07-25,17,AR1 alpha + Enhanced + One-Step,NASDAQ:SLM,0.0
2023-07-26,17,AR1 alpha + Enhanced + One-Step,NASDAQ:SLM,0.0
2023-07-27,17,AR1 alpha + Enhanced + One-Step,NASDAQ:SLM,0.0
2023-08-01,17,AR1 alpha + Enhanced + One-Step,NASDAQ:SLM,0.0
2023-08-02,17,AR1 alpha + Enhanced + One-Step,NASDAQ:SLM,0.0
2023-08-03,17,AR1 alpha + Enhanced + One-Step,NASDAQ:SLM,8.947034822886066e-08
2023-08-04,17,AR1 alpha + Enhanced + One-Step,NASDAQ:SLM,1.8222995152798173e-06
2023-08-07,17,AR1 alpha + Enhanced + One-Step,NASDAQ:SLM,9.797053099835266e-07
2023-08-08,17,AR1 alpha + Enhanced + One-Step,NASDAQ:SLM,5.905660429402354e-07
2023-08-09,17,AR1 alpha + Enhanced + One-Step,NASDAQ:SLM,0.0
2023-08-10,17,AR1 alpha + Enhanced + One-Step,NASDAQ:SLM,0.0
2023-08-11,17,AR1 alpha + Enhanced + One-Step,NASDAQ:SLM,0.0
2023-08-14,17,AR1 alpha + Enhanced + One-Step,NASDAQ:SLM,0.0
2023-08-15,17,AR1 alpha + Enhanced + One-Step,NASDAQ:SLM,0.0
2023-08-16,17,AR1 alpha + Enhanced + One-Step,NASDAQ:SLM,0.0
2023-08-17,17,AR1 alpha + Enhanced + One-Step,NASDAQ:SLM,0.0
2023-08-18,17,AR1 alpha + Enhanced + One-Step,NASDAQ:SLM,0.0
2023-08-21,17,AR1 alpha + Enhanced + One-Step,NASDAQ:SLM,0.0
2023-08-22,17,AR1 alpha + Enhanced + One-Step,NASDAQ:SLM,0.0
2023-08-23,17,AR1 alpha + Enhanced + One-Step,NASDAQ:SLM,0.0
2023-08-24,17,AR1 alpha + Enhanced + One-Step,NASDAQ:SLM,0.0
2023-08-25,17,AR1 alpha + Enhanced + One-Step,NASDAQ:SLM,0.0
2023-08-28,17,AR1 alpha + Enhanced + One-Step,NASDAQ:SLM,0.0
2023-08-29,17,AR1 alpha + Enhanced + One-Step,NASDAQ:SLM,0.0
2023-08-30,17,AR1 alpha + Enhanced + One-Step,NASDAQ:SLM,0.0
2023-08-31,17,AR1 alpha + Enhanced + One-Step,NASDAQ:SLM,0.0
2023-09-01,17,AR1 alpha + Enhanced + One-Step,NASDAQ:SLM,0.0
2023-09-05,17,AR1 alpha + Enhanced + One-Step,NASDAQ:SLM,0.0
2023-09-06,17,AR1 alpha + Enhanced + One-Step,NASDAQ:SLM,0.0
2023-09-07,17,AR1 alpha + Enhanced + One-Step,NASDAQ:SLM,0.0
2023-09-08,17,AR1 alpha + Enhanced + One-Step,NASDAQ:SLM,0.0
2023-09-11,17,AR1 alpha + Enhanced + One-Step,NASDAQ:SLM,1.2974817431515423e-07
2023-09-12,17,AR1 alpha + Enhanced + One-Step,NASDAQ:SLM,1.9423543670162562e-07
2023-09-13,17,AR1 alpha + Enhanced + One-Step,NASDAQ:SLM,0.0
2023-09-14,17,AR1 alpha + Enhanced + One-Step,NASDAQ:SLM,2.6561913655395186e-08
2023-09-15,17,AR1 alpha + Enhanced + One-Step,NASDAQ:SLM,2.8386455854399004e-07
2023-09-18,17,AR1 alpha + Enhanced + One-Step,NASDAQ:SLM,7.713563587975915e-08
2023-09-19,17,AR1 alpha + Enhanced + One-Step,NASDAQ:SLM,6.553914737569116e-08
2023-09-20,17,AR1 alpha + Enhanced + One-Step,NASDAQ:SLM,6.285700217081039e-08
2023-09-21,17,AR1 alpha + Enhanced + One-Step,NASDAQ:SLM,9.81735987410747e-08
2023-09-22,17,AR1 alpha + Enhanced + One-Step,NASDAQ:SLM,7.712194059211177e-08
2023-09-25,17,AR1 alpha + Enhanced + One-Step,NASDAQ:SLM,0.0
2023-09-26,17,AR1 alpha + Enhanced + One-Step,NASDAQ:SLM,0.0
2023-09-27,17,AR1 alpha + Enhanced + One-Step,NASDAQ:SLM,0.0
2023-09-28,17,AR1 alpha + Enhanced + One-Step,NASDAQ:SLM,0.0
2023-09-29,17,AR1 alpha + Enhanced + One-Step,NASDAQ:SLM,0.0
2023-10-02,17,AR1 alpha + Enhanced + One-Step,NASDAQ:SLM,0.0
2023-10-03,17,AR1 alpha + Enhanced + One-Step,NASDAQ:SLM,0.0
2023-10-04,17,AR1 alpha + Enhanced + One-Step,NASDAQ:SLM,0.0
2023-10-05,17,AR1 alpha + Enhanced + One-Step,NASDAQ:SLM,0.0
2023-10-06,17,AR1 alpha + Enhanced + One-Step,NASDAQ:SLM,0.0
2023-10-09,17,AR1 alpha + Enhanced + One-Step,NASDAQ:SLM,0.0
2023-10-10,17,AR1 alpha + Enhanced + One-Step,NASDAQ:SLM,0.0
2023-10-11,17,AR1 alpha + Enhanced + One-Step,NASDAQ:SLM,0.0
2023-10-12,17,AR1 alpha + Enhanced + One-Step,NASDAQ:SLM,0.0
2023-10-13,17,AR1 alpha + Enhanced + One-Step,NASDAQ:SLM,0.0
2023-10-16,17,AR1 alpha + Enhanced + One-Step,NASDAQ:SLM,1.2682740599649552e-08
2023-10-17,17,AR1 alpha + Enhanced + One-Step,NASDAQ:SLM,0.0
2023-10-18,17,AR1 alpha + Enhanced + One-Step,NASDAQ:SLM,1.2109560900905687e-07
2023-10-19,17,AR1 alpha + Enhanced + One-Step,NASDAQ:SLM,5.338352818508184e-08
2023-10-20,17,AR1 alpha + Enhanced + One-Step,NASDAQ:SLM,8.20232537326282e-08
2023-10-23,17,AR1 alpha + Enhanced + One-Step,NASDAQ:SLM,0.0
2023-10-24,17,AR1 alpha + Enhanced + One-Step,NASDAQ:SLM,7.022881563643919e-09
2023-10-25,17,AR1 alpha + Enhanced + One-Step,NASDAQ:SLM,0.0
2023-10-26,17,AR1 alpha + Enhanced + One-Step,NASDAQ:SLM,0.0
2023-10-27,17,AR1 alpha + Enhanced + One-Step,NASDAQ:SLM,0.0
2023-10-30,17,AR1 alpha + Enhanced + One-Step,NASDAQ:SLM,0.0
2023-10-31,17,AR1 alpha + Enhanced + One-Step,NASDAQ:SLM,1.2187450209571908e-07
2023-11-01,17,AR1 alpha + Enhanced + One-Step,NASDAQ:SLM,0.0
2023-11-02,17,AR1 alpha + Enhanced + One-Step,NASDAQ:SLM,1.0778287074048162e-06
2023-11-03,17,AR1 alpha + Enhanced + One-Step,NASDAQ:SLM,7.454427659102641e-07
2023-11-06,17,AR1 alpha + Enhanced + One-Step,NASDAQ:SLM,5.603794733693573e-07
2023-11-07,17,AR1 alpha + Enhanced + One-Step,NASDAQ:SLM,0.0
2023-11-08,17,AR1 alpha + Enhanced + One-Step,NASDAQ:SLM,0.0
2023-11-09,17,AR1 alpha + Enhanced + One-Step,NASDAQ:SLM,0.0
2023-11-10,17,AR1 alpha + Enhanced + One-Step,NASDAQ:SLM,0.0
2023-11-13,17,AR1 alpha + Enhanced + One-Step,NASDAQ:SLM,0.0
2023-11-14,17,AR1 alpha + Enhanced + One-Step,NASDAQ:SLM,1.0844011682955184e-07
2023-11-15,17,AR1 alpha + Enhanced + One-Step,NASDAQ:SLM,0.0
2023-11-16,17,AR1 alpha + Enhanced + One-Step,NASDAQ:SLM,0.0
2023-11-17,17,AR1 alpha + Enhanced + One-Step,NASDAQ:SLM,0.0
2023-11-20,17,AR1 alpha + Enhanced + One-Step,NASDAQ:SLM,7.533448241301813e-08
2023-11-21,17,AR1 alpha + Enhanced + One-Step,NASDAQ:SLM,4.799487811151458e-08
2023-11-22,17,AR1 alpha + Enhanced + One-Step,NASDAQ:SLM,9.460384108361668e-09
2023-11-24,17,AR1 alpha + Enhanced + One-Step,NASDAQ:SLM,7.874565889142331e-09
2023-11-27,17,AR1 alpha + Enhanced + One-Step,NASDAQ:SLM,0.0
2023-11-28,17,AR1 alpha + Enhanced + One-Step,NASDAQ:SLM,6.217219557126511e-08
2023-11-29,17,AR1 alpha + Enhanced + One-Step,NASDAQ:SLM,0.0
2023-11-30,17,AR1 alpha + Enhanced + One-Step,NASDAQ:SLM,0.0
2023-12-01,17,AR1 alpha + Enhanced + One-Step,NASDAQ:SLM,0.0
2023-12-04,17,AR1 alpha + Enhanced + One-Step,NASDAQ:SLM,0.0
2023-12-05,17,AR1 alpha + Enhanced + One-Step,NASDAQ:SLM,0.0
2023-12-06,17,AR1 alpha + Enhanced + One-Step,NASDAQ:SLM,2.1579128186406956e-08
2023-12-07,17,AR1 alpha + Enhanced + One-Step,NASDAQ:SLM,1.2904505864839578e-08
2023-12-08,17,AR1 alpha + Enhanced + One-Step,NASDAQ:SLM,4.7253590579727854e-08
2023-12-11,17,AR1 alpha + Enhanced + One-Step,NASDAQ:SLM,0.0
2023-12-12,17,AR1 alpha + Enhanced + One-Step,NASDAQ:SLM,0.0
2023-12-13,17,AR1 alpha + Enhanced + One-Step,NASDAQ:SLM,5.797435635653493e-07
2023-12-14,17,AR1 alpha + Enhanced + One-Step,NASDAQ:SLM,3.3140749159998497e-07
2023-12-15,17,AR1 alpha + Enhanced + One-Step,NASDAQ:SLM,6.255635090616938e-08
2023-12-18,17,AR1 alpha + Enhanced + One-Step,NASDAQ:SLM,0.0
2023-12-19,17,AR1 alpha + Enhanced + One-Step,NASDAQ:SLM,0.0
2023-12-20,17,AR1 alpha + Enhanced + One-Step,NASDAQ:SLM,1.7729236566953612e-06
2023-12-21,17,AR1 alpha + Enhanced + One-Step,NASDAQ:SLM,9.70505340493452e-07
2023-12-22,17,AR1 alpha + Enhanced + One-Step,NASDAQ:SLM,6.976398139440814e-07
2023-12-26,17,AR1 alpha + Enhanced + One-Step,NASDAQ:SLM,2.7483232781567706e-07
2023-12-27,17,AR1 alpha + Enhanced + One-Step,NASDAQ:SLM,1.9416045439121346e-07
2023-12-28,17,AR1 alpha + Enhanced + One-Step,NASDAQ:SLM,1.6246412269497448e-07
2023-12-29,17,AR1 alpha + Enhanced + One-Step,NASDAQ:SLM,3.936185189718335e-07
2024-01-02,17,AR1 alpha + Enhanced + One-Step,NASDAQ:SLM,0.0
2024-01-03,17,AR1 alpha + Enhanced + One-Step,NASDAQ:SLM,0.0
2024-01-04,17,AR1 alpha + Enhanced + One-Step,NASDAQ:SLM,0.0
2024-01-05,17,AR1 alpha + Enhanced + One-Step,NASDAQ:SLM,8.022581741957224e-08
2024-01-08,17,AR1 alpha + Enhanced + One-Step,NASDAQ:SLM,2.269680708680698e-07
2024-01-09,17,AR1 alpha + Enhanced + One-Step,NASDAQ:SLM,0.0
2024-01-10,17,AR1 alpha + Enhanced + One-Step,NASDAQ:SLM,0.0
2024-01-11,17,AR1 alpha + Enhanced + One-Step,NASDAQ:SLM,0.0
2024-01-12,17,AR1 alpha + Enhanced + One-Step,NASDAQ:SLM,4.612346893043807e-08
2024-01-16,17,AR1 alpha + Enhanced + One-Step,NASDAQ:SLM,0.0
2024-01-17,17,AR1 alpha + Enhanced + One-Step,NASDAQ:SLM,0.0
2024-01-18,17,AR1 alpha + Enhanced + One-Step,NASDAQ:SLM,0.0
2024-01-19,17,AR1 alpha + Enhanced + One-Step,NASDAQ:SLM,0.0
2024-01-22,17,AR1 alpha + Enhanced + One-Step,NASDAQ:SLM,4.217161660916376e-08
2024-01-23,17,AR1 alpha + Enhanced + One-Step,NASDAQ:SLM,0.0
2024-01-24,17,AR1 alpha + Enhanced + One-Step,NASDAQ:SLM,0.0
2024-01-25,17,AR1 alpha + Enhanced + One-Step,NASDAQ:SLM,0.002251022445801367
2024-01-26,17,AR1 alpha + Enhanced + One-Step,NASDAQ:SLM,0.0022503722758455556
2024-01-29,17,AR1 alpha + Enhanced + One-Step,NASDAQ:SLM,0.010881538717072512
2024-01-30,17,AR1 alpha + Enhanced + One-Step,NASDAQ:SLM,0.028000521504587556
2024-01-31,17,AR1 alpha + Enhanced + One-Step,NASDAQ:SLM,0.02296340249235893
2024-02-01,17,AR1 alpha + Enhanced + One-Step,NASDAQ:SLM,0.008785269993681816
2024-02-02,17,AR1 alpha + Enhanced + One-Step,NASDAQ:SLM,0.0
2024-02-05,17,AR1 alpha + Enhanced + One-Step,NASDAQ:SLM,0.0
2024-02-06,17,AR1 alpha + Enhanced + One-Step,NASDAQ:SLM,0.0
2024-02-07,17,AR1 alpha + Enhanced + One-Step,NASDAQ:SLM,5.5372638678431485e-09
2024-02-08,17,AR1 alpha + Enhanced + One-Step,NASDAQ:SLM,8.698774494304873e-09
2024-02-09,17,AR1 alpha + Enhanced + One-Step,NASDAQ:SLM,6.662842488910504e-07
2024-02-12,17,AR1 alpha + Enhanced + One-Step,NASDAQ:SLM,0.024961025920420276
2024-02-13,17,AR1 alpha + Enhanced + One-Step,NASDAQ:SLM,0.024960475229056926
2024-02-14,17,AR1 alpha + Enhanced + One-Step,NASDAQ:SLM,0.024960773596096848
2024-02-15,17,AR1 alpha + Enhanced + One-Step,NASDAQ:SLM,0.024959992352577946
2024-02-16,17,AR1 alpha + Enhanced + One-Step,NASDAQ:SLM,0.026819536492279906
2024-02-20,17,AR1 alpha + Enhanced + One-Step,NASDAQ:SLM,0.03294093454292047
2024-02-21,17,AR1 alpha + Enhanced + One-Step,NASDAQ:SLM,0.032938999933734135
2024-02-22,17,AR1 alpha + Enhanced + One-Step,NASDAQ:SLM,0.03293523701417567
2024-02-23,17,AR1 alpha + Enhanced + One-Step,NASDAQ:SLM,0.027709520336343853
2024-02-26,17,AR1 alpha + Enhanced + One-Step,NASDAQ:SLM,0.02770660486740147
2024-02-27,17,AR1 alpha + Enhanced + One-Step,NASDAQ:SLM,0.027702978331125172
2024-02-28,17,AR1 alpha + Enhanced + One-Step,NASDAQ:SLM,0.02770080682779349
2024-02-29,17,AR1 alpha + Enhanced + One-Step,NASDAQ:SLM,0.027699568781314413
2024-03-01,17,AR1 alpha + Enhanced + One-Step,NASDAQ:SLM,0.02769841040461541
2024-03-04,17,AR1 alpha + Enhanced + One-Step,NASDAQ:SLM,0.04010068618793046
2024-03-05,17,AR1 alpha + Enhanced + One-Step,NASDAQ:SLM,0.04636182872481031
2024-03-06,17,AR1 alpha + Enhanced + One-Step,NASDAQ:SLM,0.04636161273286474
2024-03-07,17,AR1 alpha + Enhanced + One-Step,NASDAQ:SLM,0.05027345368774683
2024-03-08,17,AR1 alpha + Enhanced + One-Step,NASDAQ:SLM,0.05026906342656011
2024-03-11,17,AR1 alpha + Enhanced + One-Step,NASDAQ:SLM,0.05026455431986848
2024-03-12,17,AR1 alpha + Enhanced + One-Step,NASDAQ:SLM,0.05026284881333038
2024-03-13,17,AR1 alpha + Enhanced + One-Step,NASDAQ:SLM,0.05025943882279691
2024-03-14,17,AR1 alpha + Enhanced + One-Step,NASDAQ:SLM,0.05025914665261671
2024-03-15,17,AR1 alpha + Enhanced + One-Step,NASDAQ:SLM,0.05025934527575252
2024-03-18,17,AR1 alpha + Enhanced + One-Step,NASDAQ:SLM,0.05025868441734984
2024-03-19,17,AR1 alpha + Enhanced + One-Step,NASDAQ:SLM,0.053759686355379185
2024-03-20,17,AR1 alpha + Enhanced + One-Step,NASDAQ:SLM,0.07876095462729106
2024-03-21,17,AR1 alpha + Enhanced + One-Step,NASDAQ:SLM,0.09999862145149663
2024-03-22,17,AR1 alpha + Enhanced + One-Step,NASDAQ:SLM,0.09999800068550946
2024-03-25,17,AR1 alpha + Enhanced + One-Step,NASDAQ:SLM,0.09999843324743371
2024-03-26,17,AR1 alpha + Enhanced + One-Step,NASDAQ:SLM,0.09999549651017153
2024-03-27,17,AR1 alpha + Enhanced + One-Step,NASDAQ:SLM,0.09999547710534626
2024-03-28,17,AR1 alpha + Enhanced + One-Step,NASDAQ:SLM,0.09999769572164828
2024-04-01,17,AR1 alpha + Enhanced + One-Step,NASDAQ:SLM,0.09999888630456884
2024-04-02,17,AR1 alpha + Enhanced + One-Step,NASDAQ:SLM,0.0951691798091501
2024-04-03,17,AR1 alpha + Enhanced + One-Step,NASDAQ:SLM,0.09999284856141309
2024-04-04,17,AR1 alpha + Enhanced + One-Step,NASDAQ:SLM,0.09758450254846202
2024-04-05,17,AR1 alpha + Enhanced + One-Step,NASDAQ:SLM,0.09986358373531594
2024-04-08,17,AR1 alpha + Enhanced + One-Step,NASDAQ:SLM,0.10000057815172389
2024-04-09,17,AR1 alpha + Enhanced + One-Step,NASDAQ:SLM,0.09999906038137746
2024-04-10,17,AR1 alpha + Enhanced + One-Step,NASDAQ:SLM,0.09225482779126956
2024-04-11,17,AR1 alpha + Enhanced + One-Step,NASDAQ:SLM,0.08002429602342126
2024-04-12,17,AR1 alpha + Enhanced + One-Step,NASDAQ:SLM,0.05502326680629407
2024-04-15,17,AR1 alpha + Enhanced + One-Step,NASDAQ:SLM,0.04240318415517437
2024-04-16,17,AR1 alpha + Enhanced + One-Step,NASDAQ:SLM,0.04122681168501848
2024-04-17,17,AR1 alpha + Enhanced + One-Step,NASDAQ:SLM,0.026964133008650273
2024-04-18,17,AR1 alpha + Enhanced + One-Step,NASDAQ:SLM,0.035626122477694123
2024-04-19,17,AR1 alpha + Enhanced + One-Step,NASDAQ:SLM,0.060552933449769614
2020-03-25,17,AR1 alpha + Enhanced + One-Step,NYSE:CWK,0.020000000000007227
2020-03-26,17,AR1 alpha + Enhanced + One-Step,NYSE:CWK,0.02000000000001305
2020-03-27,17,AR1 alpha + Enhanced + One-Step,NYSE:CWK,0.015000555753413457
2020-03-30,17,AR1 alpha + Enhanced + One-Step,NYSE:CWK,0.015001707561845518
2020-03-31,17,AR1 alpha + Enhanced + One-Step,NYSE:CWK,0.015003939351505699
2020-04-01,17,AR1 alpha + Enhanced + One-Step,NYSE:CWK,0.015004043382958548
2020-04-02,17,AR1 alpha + Enhanced + One-Step,NYSE:CWK,0.015003703806219426
2020-04-03,17,AR1 alpha + Enhanced + One-Step,NYSE:CWK,0.008052319431200113
2020-04-06,17,AR1 alpha + Enhanced + One-Step,NYSE:CWK,0.008053899835091928
2020-04-07,17,AR1 alpha + Enhanced + One-Step,NYSE:CWK,0.008052977232799829
2020-04-08,17,AR1 alpha + Enhanced + One-Step,NYSE:CWK,0.008053119822176238
2020-04-09,17,AR1 alpha + Enhanced + One-Step,NYSE:CWK,0.008052843555443147
2020-04-13,17,AR1 alpha + Enhanced + One-Step,NYSE:CWK,1.33754254175161e-07
2020-04-14,17,AR1 alpha + Enhanced + One-Step,NYSE:CWK,4.873978765520349e-08
2020-04-15,17,AR1 alpha + Enhanced + One-Step,NYSE:CWK,2.338917687523118e-07
2020-04-16,17,AR1 alpha + Enhanced + One-Step,NYSE:CWK,1.6539378611597323e-07
2020-04-17,17,AR1 alpha + Enhanced + One-Step,NYSE:CWK,3.6192570338254164e-08
2020-04-20,17,AR1 alpha + Enhanced + One-Step,NYSE:CWK,1.1684221112337984e-08
2020-04-21,17,AR1 alpha + Enhanced + One-Step,NYSE:CWK,5.511280732512037e-08
2020-04-22,17,AR1 alpha + Enhanced + One-Step,NYSE:CWK,1.0357112177796191e-07
2020-04-23,17,AR1 alpha + Enhanced + One-Step,NYSE:CWK,2.8382757625876396e-08
2020-04-24,17,AR1 alpha + Enhanced + One-Step,NYSE:CWK,2.421391920267403e-08
2020-04-27,17,AR1 alpha + Enhanced + One-Step,NYSE:CWK,5.671236045209083e-09
2020-04-28,17,AR1 alpha + Enhanced + One-Step,NYSE:CWK,8.236747588216458e-10
2020-04-29,17,AR1 alpha + Enhanced + One-Step,NYSE:CWK,5.296671269773666e-12
2020-04-30,17,AR1 alpha + Enhanced + One-Step,NYSE:CWK,0.0
2020-05-01,17,AR1 alpha + Enhanced + One-Step,NYSE:CWK,0.0
2020-05-04,17,AR1 alpha + Enhanced + One-Step,NYSE:CWK,7.328905998014475e-09
2020-05-05,17,AR1 alpha + Enhanced + One-Step,NYSE:CWK,0.0
2020-05-06,17,AR1 alpha + Enhanced + One-Step,NYSE:CWK,0.0
2020-05-07,17,AR1 alpha + Enhanced + One-Step,NYSE:CWK,5.948704248879335e-08
2020-05-08,17,AR1 alpha + Enhanced + One-Step,NYSE:CWK,2.706833216254231e-08
2020-05-11,17,AR1 alpha + Enhanced + One-Step,NYSE:CWK,0.0
2020-05-12,17,AR1 alpha + Enhanced + One-Step,NYSE:CWK,0.0
2020-05-13,17,AR1 alpha + Enhanced + One-Step,NYSE:CWK,3.5626902321688436e-08
2020-05-14,17,AR1 alpha + Enhanced + One-Step,NYSE:CWK,0.0
2020-05-15,17,AR1 alpha + Enhanced + One-Step,NYSE:CWK,2.9964182676103917e-08
2020-05-18,17,AR1 alpha + Enhanced + One-Step,NYSE:CWK,0.0
2020-05-19,17,AR1 alpha + Enhanced + One-Step,NYSE:CWK,0.0
2020-05-20,17,AR1 alpha + Enhanced + One-Step,NYSE:CWK,0.0
2020-05-21,17,AR1 alpha + Enhanced + One-Step,NYSE:CWK,0.0
2020-05-22,17,AR1 alpha + Enhanced + One-Step,NYSE:CWK,9.458671956334812e-09
2020-05-26,17,AR1 alpha + Enhanced + One-Step,NYSE:CWK,0.0
2020-05-27,17,AR1 alpha + Enhanced + One-Step,NYSE:CWK,1.9715493827370685e-08
2020-05-28,17,AR1 alpha + Enhanced + One-Step,NYSE:CWK,6.621555471361834e-09
2020-05-29,17,AR1 alpha + Enhanced + One-Step,NYSE:CWK,1.3327335340295705e-09
2020-06-01,17,AR1 alpha + Enhanced + One-Step,NYSE:CWK,3.434247023290238e-09
2020-06-02,17,AR1 alpha + Enhanced + One-Step,NYSE:CWK,0.0
2020-06-03,17,AR1 alpha + Enhanced + One-Step,NYSE:CWK,2.857623933107942e-07
2020-06-04,17,AR1 alpha + Enhanced + One-Step,NYSE:CWK,1.8230982443980105e-07
2020-06-05,17,AR1 alpha + Enhanced + One-Step,NYSE:CWK,6.883396862029579e-08
2020-06-08,17,AR1 alpha + Enhanced + One-Step,NYSE:CWK,1.625825975172617e-08
2020-06-09,17,AR1 alpha + Enhanced + One-Step,NYSE:CWK,5.623065425335292e-09
2020-06-10,17,AR1 alpha + Enhanced + One-Step,NYSE:CWK,7.931970242571392e-10
2020-06-11,17,AR1 alpha + Enhanced + One-Step,NYSE:CWK,1.3668457717161108e-07
2020-06-12,17,AR1 alpha + Enhanced + One-Step,NYSE:CWK,4.574582099348784e-08
2020-06-15,17,AR1 alpha + Enhanced + One-Step,NYSE:CWK,0.0
2020-06-16,17,AR1 alpha + Enhanced + One-Step,NYSE:CWK,7.908614675666224e-09
2020-06-17,17,AR1 alpha + Enhanced + One-Step,NYSE:CWK,3.519510980204486e-09
2020-06-18,17,AR1 alpha + Enhanced + One-Step,NYSE:CWK,0.0
2020-06-19,17,AR1 alpha + Enhanced + One-Step,NYSE:CWK,7.539659372256702e-08
2020-06-22,17,AR1 alpha + Enhanced + One-Step,NYSE:CWK,5.624181679547172e-08
2020-06-23,17,AR1 alpha + Enhanced + One-Step,NYSE:CWK,0.0
2020-06-24,17,AR1 alpha + Enhanced + One-Step,NYSE:CWK,0.0
2020-06-25,17,AR1 alpha + Enhanced + One-Step,NYSE:CWK,1.5885801803300845e-08
2020-06-26,17,AR1 alpha + Enhanced + One-Step,NYSE:CWK,0.0
2020-06-29,17,AR1 alpha + Enhanced + One-Step,NYSE:CWK,0.0
2020-06-30,17,AR1 alpha + Enhanced + One-Step,NYSE:CWK,0.0
2020-07-01,17,AR1 alpha + Enhanced + One-Step,NYSE:CWK,0.0
2020-07-02,17,AR1 alpha + Enhanced + One-Step,NYSE:CWK,1.2551706405535762e-08
2020-07-06,17,AR1 alpha + Enhanced + One-Step,NYSE:CWK,0.0
2020-07-07,17,AR1 alpha + Enhanced + One-Step,NYSE:CWK,0.0
2020-07-08,17,AR1 alpha + Enhanced + One-Step,NYSE:CWK,0.0
2020-07-09,17,AR1 alpha + Enhanced + One-Step,NYSE:CWK,0.0
2020-07-10,17,AR1 alpha + Enhanced + One-Step,NYSE:CWK,0.0
2020-07-13,17,AR1 alpha + Enhanced + One-Step,NYSE:CWK,0.0
2020-07-14,17,AR1 alpha + Enhanced + One-Step,NYSE:CWK,1.4355165489396216e-08
2020-07-15,17,AR1 alpha + Enhanced + One-Step,NYSE:CWK,2.3607153964295113e-08
2020-07-16,17,AR1 alpha + Enhanced + One-Step,NYSE:CWK,1.586832569488858e-10
2020-07-17,17,AR1 alpha + Enhanced + One-Step,NYSE:CWK,0.0
2020-07-20,17,AR1 alpha + Enhanced + One-Step,NYSE:CWK,2.8277340050946337e-08
2020-07-21,17,AR1 alpha + Enhanced + One-Step,NYSE:CWK,4.086257545927823e-08
2020-07-22,17,AR1 alpha + Enhanced + One-Step,NYSE:CWK,2.9033372048537035e-08
2020-07-23,17,AR1 alpha + Enhanced + One-Step,NYSE:CWK,0.0
2020-07-24,17,AR1 alpha + Enhanced + One-Step,NYSE:CWK,0.0
2020-07-27,17,AR1 alpha + Enhanced + One-Step,NYSE:CWK,0.0
2020-07-28,17,AR1 alpha + Enhanced + One-Step,NYSE:CWK,0.0
2020-07-29,17,AR1 alpha + Enhanced + One-Step,NYSE:CWK,0.0
2020-07-30,17,AR1 alpha + Enhanced + One-Step,NYSE:CWK,0.0
2020-07-31,17,AR1 alpha + Enhanced + One-Step,NYSE:CWK,0.0
2020-08-03,17,AR1 alpha + Enhanced + One-Step,NYSE:CWK,1.360160552305356e-07
2020-08-04,17,AR1 alpha + Enhanced + One-Step,NYSE:CWK,2.24041049062768e-08
2020-08-05,17,AR1 alpha + Enhanced + One-Step,NYSE:CWK,0.0
2020-08-06,17,AR1 alpha + Enhanced + One-Step,NYSE:CWK,0.0
2020-08-07,17,AR1 alpha + Enhanced + One-Step,NYSE:CWK,1.607557663312943e-07
2020-08-10,17,AR1 alpha + Enhanced + One-Step,NYSE:CWK,3.0923024415163495e-07
2020-08-11,17,AR1 alpha + Enhanced + One-Step,NYSE:CWK,5.890474858703415e-08
2020-08-12,17,AR1 alpha + Enhanced + One-Step,NYSE:CWK,1.383830546470515e-08
2020-08-13,17,AR1 alpha + Enhanced + One-Step,NYSE:CWK,5.06619752008671e-09
2020-08-14,17,AR1 alpha + Enhanced + One-Step,NYSE:CWK,2.332116255831441e-09
2020-08-17,17,AR1 alpha + Enhanced + One-Step,NYSE:CWK,0.0
2020-08-18,17,AR1 alpha + Enhanced + One-Step,NYSE:CWK,2.8507390518923105e-08
2020-08-19,17,AR1 alpha + Enhanced + One-Step,NYSE:CWK,6.269990546554944e-09
2020-08-20,17,AR1 alpha + Enhanced + One-Step,NYSE:CWK,0.0
2020-08-21,17,AR1 alpha + Enhanced + One-Step,NYSE:CWK,0.0
2020-08-24,17,AR1 alpha + Enhanced + One-Step,NYSE:CWK,0.0
2020-08-25,17,AR1 alpha + Enhanced + One-Step,NYSE:CWK,5.3667367384827815e-08
2020-08-26,17,AR1 alpha + Enhanced + One-Step,NYSE:CWK,0.0
2020-08-27,17,AR1 alpha + Enhanced + One-Step,NYSE:CWK,0.0
2020-08-28,17,AR1 alpha + Enhanced + One-Step,NYSE:CWK,1.3655574403036387e-09
2020-08-31,17,AR1 alpha + Enhanced + One-Step,NYSE:CWK,0.0
2020-09-01,17,AR1 alpha + Enhanced + One-Step,NYSE:CWK,0.0
2020-09-02,17,AR1 alpha + Enhanced + One-Step,NYSE:CWK,0.0
2020-09-03,17,AR1 alpha + Enhanced + One-Step,NYSE:CWK,0.0
2020-09-04,17,AR1 alpha + Enhanced + One-Step,NYSE:CWK,1.589391111184984e-08
2020-09-08,17,AR1 alpha + Enhanced + One-Step,NYSE:CWK,1.7729798560083613e-07
2020-09-09,17,AR1 alpha + Enhanced + One-Step,NYSE:CWK,4.4275019988435185e-08
2020-09-10,17,AR1 alpha + Enhanced + One-Step,NYSE:CWK,9.360388815420813e-08
2020-09-11,17,AR1 alpha + Enhanced + One-Step,NYSE:CWK,6.037686345574235e-08
2020-09-14,17,AR1 alpha + Enhanced + One-Step,NYSE:CWK,3.321279735786444e-07
2020-09-15,17,AR1 alpha + Enhanced + One-Step,NYSE:CWK,1.421551584159907e-07
2020-09-16,17,AR1 alpha + Enhanced + One-Step,NYSE:CWK,3.4542546505371807e-08
2020-09-17,17,AR1 alpha + Enhanced + One-Step,NYSE:CWK,0.0
2020-09-18,17,AR1 alpha + Enhanced + One-Step,NYSE:CWK,0.0
2020-09-21,17,AR1 alpha + Enhanced + One-Step,NYSE:CWK,0.0
2020-09-22,17,AR1 alpha + Enhanced + One-Step,NYSE:CWK,1.7095566490045396e-08
2020-09-23,17,AR1 alpha + Enhanced + One-Step,NYSE:CWK,0.0
2020-09-24,17,AR1 alpha + Enhanced + One-Step,NYSE:CWK,0.0
2020-09-25,17,AR1 alpha + Enhanced + One-Step,NYSE:CWK,0.0
2020-09-28,17,AR1 alpha + Enhanced + One-Step,NYSE:CWK,1.167838087976127e-07
2020-09-29,17,AR1 alpha + Enhanced + One-Step,NYSE:CWK,1.5723753868270804e-07
2020-09-30,17,AR1 alpha + Enhanced + One-Step,NYSE:CWK,7.851073125851161e-08
2020-10-01,17,AR1 alpha + Enhanced + One-Step,NYSE:CWK,2.9939939792764224e-07
2020-10-02,17,AR1 alpha + Enhanced + One-Step,NYSE:CWK,1.815164666492281e-07
2020-10-05,17,AR1 alpha + Enhanced + One-Step,NYSE:CWK,4.0057931136634857e-07
2020-10-06,17,AR1 alpha + Enhanced + One-Step,NYSE:CWK,6.342654009092826e-08
2020-10-07,17,AR1 alpha + Enhanced + One-Step,NYSE:CWK,1.0039178672775073e-07
2020-10-08,17,AR1 alpha + Enhanced + One-Step,NYSE:CWK,8.660502414864943e-09
2020-10-09,17,AR1 alpha + Enhanced + One-Step,NYSE:CWK,1.4416913769374637e-07
2020-10-12,17,AR1 alpha + Enhanced + One-Step,NYSE:CWK,5.0762040525531885e-08
2020-10-13,17,AR1 alpha + Enhanced + One-Step,NYSE:CWK,3.896128353271879e-07
2020-10-14,17,AR1 alpha + Enhanced + One-Step,NYSE:CWK,0.0
2020-10-15,17,AR1 alpha + Enhanced + One-Step,NYSE:CWK,0.0
2020-10-16,17,AR1 alpha + Enhanced + One-Step,NYSE:CWK,0.0
2020-10-19,17,AR1 alpha + Enhanced + One-Step,NYSE:CWK,0.0
2020-10-20,17,AR1 alpha + Enhanced + One-Step,NYSE:CWK,0.0
2020-10-21,17,AR1 alpha + Enhanced + One-Step,NYSE:CWK,0.0
2020-10-22,17,AR1 alpha + Enhanced + One-Step,NYSE:CWK,0.0
2020-10-23,17,AR1 alpha + Enhanced + One-Step,NYSE:CWK,0.0
2020-10-26,17,AR1 alpha + Enhanced + One-Step,NYSE:CWK,5.120671231176858e-09
2020-10-27,17,AR1 alpha + Enhanced + One-Step,NYSE:CWK,3.0084524257190177e-07
2020-10-28,17,AR1 alpha + Enhanced + One-Step,NYSE:CWK,2.7341572331914065e-07
2020-10-29,17,AR1 alpha + Enhanced + One-Step,NYSE:CWK,4.491525829879629e-07
2020-10-30,17,AR1 alpha + Enhanced + One-Step,NYSE:CWK,2.192411039845595e-07
2020-11-02,17,AR1 alpha + Enhanced + One-Step,NYSE:CWK,7.121712470103839e-07
2020-11-03,17,AR1 alpha + Enhanced + One-Step,NYSE:CWK,9.742889129278155e-08
2020-11-04,17,AR1 alpha + Enhanced + One-Step,NYSE:CWK,1.4311045120445635e-06
2020-11-05,17,AR1 alpha + Enhanced + One-Step,NYSE:CWK,7.226950508520203e-07
2020-11-06,17,AR1 alpha + Enhanced + One-Step,NYSE:CWK,2.0191157428871367e-07
2020-11-09,17,AR1 alpha + Enhanced + One-Step,NYSE:CWK,2.0442000988608835e-08
2020-11-10,17,AR1 alpha + Enhanced + One-Step,NYSE:CWK,7.081705031234998e-07
2020-11-11,17,AR1 alpha + Enhanced + One-Step,NYSE:CWK,3.6193102748723826e-07
2020-11-12,17,AR1 alpha + Enhanced + One-Step,NYSE:CWK,1.5101255385456045e-07
2020-11-13,17,AR1 alpha + Enhanced + One-Step,NYSE:CWK,5.217425720896463e-08
2020-11-16,17,AR1 alpha + Enhanced + One-Step,NYSE:CWK,4.816160855546551e-08
2020-11-17,17,AR1 alpha + Enhanced + One-Step,NYSE:CWK,0.0
2020-11-18,17,AR1 alpha + Enhanced + One-Step,NYSE:CWK,0.0
2020-11-19,17,AR1 alpha + Enhanced + One-Step,NYSE:CWK,0.0
2020-11-20,17,AR1 alpha + Enhanced + One-Step,NYSE:CWK,0.0
2020-11-23,17,AR1 alpha + Enhanced + One-Step,NYSE:CWK,2.8224825818884616e-08
2020-11-24,17,AR1 alpha + Enhanced + One-Step,NYSE:CWK,0.0
2020-11-25,17,AR1 alpha + Enhanced + One-Step,NYSE:CWK,0.0
2020-11-27,17,AR1 alpha + Enhanced + One-Step,NYSE:CWK,0.0
2020-11-30,17,AR1 alpha + Enhanced + One-Step,NYSE:CWK,0.0
2020-12-01,17,AR1 alpha + Enhanced + One-Step,NYSE:CWK,1.0230823358681825e-07
2020-12-04,17,AR1 alpha + Enhanced + One-Step,NYSE:CWK,7.921873384672627e-08
2020-12-07,17,AR1 alpha + Enhanced + One-Step,NYSE:CWK,0.0
2020-12-08,17,AR1 alpha + Enhanced + One-Step,NYSE:CWK,1.3216967135193263e-07
2020-12-09,17,AR1 alpha + Enhanced + One-Step,NYSE:CWK,0.0
2020-12-10,17,AR1 alpha + Enhanced + One-Step,NYSE:CWK,1.2786854747720095e-08
2020-12-11,17,AR1 alpha + Enhanced + One-Step,NYSE:CWK,0.0
2020-12-14,17,AR1 alpha + Enhanced + One-Step,NYSE:CWK,0.0
2020-12-15,17,AR1 alpha + Enhanced + One-Step,NYSE:CWK,0.0
2020-12-16,17,AR1 alpha + Enhanced + One-Step,NYSE:CWK,0.0
2020-12-17,17,AR1 alpha + Enhanced + One-Step,NYSE:CWK,0.0
2020-12-18,17,AR1 alpha + Enhanced + One-Step,NYSE:CWK,5.540061698833898e-07
2020-12-21,17,AR1 alpha + Enhanced + One-Step,NYSE:CWK,6.24868924590873e-07
2020-12-22,17,AR1 alpha + Enhanced + One-Step,NYSE:CWK,2.44546529950717e-07
2020-12-23,17,AR1 alpha + Enhanced + One-Step,NYSE:CWK,0.0
2020-12-24,17,AR1 alpha + Enhanced + One-Step,NYSE:CWK,0.0
2020-12-28,17,AR1 alpha + Enhanced + One-Step,NYSE:CWK,0.0
2020-12-29,17,AR1 alpha + Enhanced + One-Step,NYSE:CWK,0.0
2020-12-30,17,AR1 alpha + Enhanced + One-Step,NYSE:CWK,0.0
2020-12-31,17,AR1 alpha + Enhanced + One-Step,NYSE:CWK,0.0
2021-01-04,17,AR1 alpha + Enhanced + One-Step,NYSE:CWK,2.99775493370131e-09
2021-01-05,17,AR1 alpha + Enhanced + One-Step,NYSE:CWK,0.0
2021-01-06,17,AR1 alpha + Enhanced + One-Step,NYSE:CWK,0.0
2021-01-07,17,AR1 alpha + Enhanced + One-Step,NYSE:CWK,0.0
2021-01-08,17,AR1 alpha + Enhanced + One-Step,NYSE:CWK,4.6853699628511785e-08
2021-01-11,17,AR1 alpha + Enhanced + One-Step,NYSE:CWK,0.0
2021-01-12,17,AR1 alpha + Enhanced + One-Step,NYSE:CWK,3.4421042505271524e-07
2021-01-13,17,AR1 alpha + Enhanced + One-Step,NYSE:CWK,1.2794087085215152e-08
2021-01-14,17,AR1 alpha + Enhanced + One-Step,NYSE:CWK,6.101521969543972e-08
2021-01-15,17,AR1 alpha + Enhanced + One-Step,NYSE:CWK,0.0
2021-01-19,17,AR1 alpha + Enhanced + One-Step,NYSE:CWK,0.0
2021-01-20,17,AR1 alpha + Enhanced + One-Step,NYSE:CWK,2.1797343094549975e-07
2021-01-21,17,AR1 alpha + Enhanced + One-Step,NYSE:CWK,0.0
2021-01-22,17,AR1 alpha + Enhanced + One-Step,NYSE:CWK,0.0
2021-01-25,17,AR1 alpha + Enhanced + One-Step,NYSE:CWK,0.0
2021-01-26,17,AR1 alpha + Enhanced + One-Step,NYSE:CWK,0.0
2021-01-27,17,AR1 alpha + Enhanced + One-Step,NYSE:CWK,4.579192069165552e-08
2021-01-28,17,AR1 alpha + Enhanced + One-Step,NYSE:CWK,9.407774549529882e-07
2021-01-29,17,AR1 alpha + Enhanced + One-Step,NYSE:CWK,1.3073426994940038e-07
2021-02-01,17,AR1 alpha + Enhanced + One-Step,NYSE:CWK,1.545430290481105e-08
2021-02-02,17,AR1 alpha + Enhanced + One-Step,NYSE:CWK,2.6235501007974436e-09
2021-02-03,17,AR1 alpha + Enhanced + One-Step,NYSE:CWK,0.0
2021-02-04,17,AR1 alpha + Enhanced + One-Step,NYSE:CWK,0.0
2021-02-05,17,AR1 alpha + Enhanced + One-Step,NYSE:CWK,8.994690442981291e-08
2021-02-08,17,AR1 alpha + Enhanced + One-Step,NYSE:CWK,3.690198161798723e-07
2021-02-09,17,AR1 alpha + Enhanced + One-Step,NYSE:CWK,0.0
2021-02-10,17,AR1 alpha + Enhanced + One-Step,NYSE:CWK,1.9544146539274734e-07
2021-02-11,17,AR1 alpha + Enhanced + One-Step,NYSE:CWK,1.4889113764963825e-07
2021-02-12,17,AR1 alpha + Enhanced + One-Step,NYSE:CWK,5.1582306178420936e-08
2021-02-16,17,AR1 alpha + Enhanced + One-Step,NYSE:CWK,2.1752285516111155e-09
2021-02-17,17,AR1 alpha + Enhanced + One-Step,NYSE:CWK,2.5620416028052332e-08
2021-02-18,17,AR1 alpha + Enhanced + One-Step,NYSE:CWK,6.347344102764457e-08
2021-02-19,17,AR1 alpha + Enhanced + One-Step,NYSE:CWK,0.0
2021-02-22,17,AR1 alpha + Enhanced + One-Step,NYSE:CWK,4.911080631099168e-07
2021-02-23,17,AR1 alpha + Enhanced + One-Step,NYSE:CWK,1.4257701653110164e-06
2021-02-24,17,AR1 alpha + Enhanced + One-Step,NYSE:CWK,7.875807085993302e-07
2021-02-25,17,AR1 alpha + Enhanced + One-Step,NYSE:CWK,0.0
2021-02-26,17,AR1 alpha + Enhanced + One-Step,NYSE:CWK,5.216733446836099e-07
2021-03-01,17,AR1 alpha + Enhanced + One-Step,NYSE:CWK,2.660958600994437e-07
2021-03-02,17,AR1 alpha + Enhanced + One-Step,NYSE:CWK,2.2145738002717374e-07
2021-03-03,17,AR1 alpha + Enhanced + One-Step,NYSE:CWK,6.23526022769925e-08
2021-03-04,17,AR1 alpha + Enhanced + One-Step,NYSE:CWK,3.0930360182702646e-08
2021-03-05,17,AR1 alpha + Enhanced + One-Step,NYSE:CWK,0.0
2021-03-08,17,AR1 alpha + Enhanced + One-Step,NYSE:CWK,0.0
2021-03-09,17,AR1 alpha + Enhanced + One-Step,NYSE:CWK,4.561779033775608e-08
2021-03-10,17,AR1 alpha + Enhanced + One-Step,NYSE:CWK,1.2379411837184189e-06
2021-03-11,17,AR1 alpha + Enhanced + One-Step,NYSE:CWK,4.847924744107288e-08
2021-03-12,17,AR1 alpha + Enhanced + One-Step,NYSE:CWK,0.0
2021-03-15,17,AR1 alpha + Enhanced + One-Step,NYSE:CWK,1.4180960461559338e-06
2021-03-16,17,AR1 alpha + Enhanced + One-Step,NYSE:CWK,7.743094608338179e-07
2021-03-17,17,AR1 alpha + Enhanced + One-Step,NYSE:CWK,2.626789230276387e-07
2021-03-18,17,AR1 alpha + Enhanced + One-Step,NYSE:CWK,1.6307042386696524e-07
2021-03-19,17,AR1 alpha + Enhanced + One-Step,NYSE:CWK,5.941765160104343e-08
2021-03-22,17,AR1 alpha + Enhanced + One-Step,NYSE:CWK,1.4289627481583466e-07
2021-03-23,17,AR1 alpha + Enhanced + One-Step,NYSE:CWK,8.8829815689396e-07
2021-03-24,17,AR1 alpha + Enhanced + One-Step,NYSE:CWK,3.840462254985706e-07
2021-03-25,17,AR1 alpha + Enhanced + One-Step,NYSE:CWK,2.5143431158785907e-07
2021-03-26,17,AR1 alpha + Enhanced + One-Step,NYSE:CWK,2.495331464408612e-07
2021-03-29,17,AR1 alpha + Enhanced + One-Step,NYSE:CWK,2.2056180037855253e-07
2021-03-30,17,AR1 alpha + Enhanced + One-Step,NYSE:CWK,1.3654150770047823e-08
2021-03-31,17,AR1 alpha + Enhanced + One-Step,NYSE:CWK,0.0
2021-04-01,17,AR1 alpha + Enhanced + One-Step,NYSE:CWK,6.018031468361597e-07
2021-04-05,17,AR1 alpha + Enhanced + One-Step,NYSE:CWK,8.2492968303969e-08
2021-04-06,17,AR1 alpha + Enhanced + One-Step,NYSE:CWK,2.764692459710683e-08
2021-04-07,17,AR1 alpha + Enhanced + One-Step,NYSE:CWK,0.0
2021-04-08,17,AR1 alpha + Enhanced + One-Step,NYSE:CWK,0.0
2021-04-09,17,AR1 alpha + Enhanced + One-Step,NYSE:CWK,0.0
2021-04-12,17,AR1 alpha + Enhanced + One-Step,NYSE:CWK,0.0
2021-04-13,17,AR1 alpha + Enhanced + One-Step,NYSE:CWK,0.0
2021-04-14,17,AR1 alpha + Enhanced + One-Step,NYSE:CWK,0.0
2021-04-15,17,AR1 alpha + Enhanced + One-Step,NYSE:CWK,5.156208867487357e-07
2021-04-16,17,AR1 alpha + Enhanced + One-Step,NYSE:CWK,2.7726731705921544e-07
2021-04-19,17,AR1 alpha + Enhanced + One-Step,NYSE:CWK,9.320046378211686e-08
2021-04-20,17,AR1 alpha + Enhanced + One-Step,NYSE:CWK,0.0
2021-04-21,17,AR1 alpha + Enhanced + One-Step,NYSE:CWK,0.0
2021-04-22,17,AR1 alpha + Enhanced + One-Step,NYSE:CWK,0.0
2021-04-23,17,AR1 alpha + Enhanced + One-Step,NYSE:CWK,0.0
2021-04-26,17,AR1 alpha + Enhanced + One-Step,NYSE:CWK,0.0
2021-04-27,17,AR1 alpha + Enhanced + One-Step,NYSE:CWK,0.0
2021-04-28,17,AR1 alpha + Enhanced + One-Step,NYSE:CWK,0.0
2021-04-29,17,AR1 alpha + Enhanced + One-Step,NYSE:CWK,0.0
2021-04-30,17,AR1 alpha + Enhanced + One-Step,NYSE:CWK,0.0
2021-05-03,17,AR1 alpha + Enhanced + One-Step,NYSE:CWK,2.8194786772875646e-06
2021-05-04,17,AR1 alpha + Enhanced + One-Step,NYSE:CWK,1.3173831545682881e-06
2021-05-05,17,AR1 alpha + Enhanced + One-Step,NYSE:CWK,5.986836997825953e-07
2021-05-06,17,AR1 alpha + Enhanced + One-Step,NYSE:CWK,5.584138347370811e-07
2021-05-07,17,AR1 alpha + Enhanced + One-Step,NYSE:CWK,3.716625643495138e-07
2021-05-10,17,AR1 alpha + Enhanced + One-Step,NYSE:CWK,4.264520357443626e-07
2021-05-11,17,AR1 alpha + Enhanced + One-Step,NYSE:CWK,2.606897305123695e-07
2021-05-12,17,AR1 alpha + Enhanced + One-Step,NYSE:CWK,9.359980678088157e-08
2021-05-13,17,AR1 alpha + Enhanced + One-Step,NYSE:CWK,0.0
2021-05-14,17,AR1 alpha + Enhanced + One-Step,NYSE:CWK,0.0
2021-05-17,17,AR1 alpha + Enhanced + One-Step,NYSE:CWK,2.9753723827449927e-09
2021-05-18,17,AR1 alpha + Enhanced + One-Step,NYSE:CWK,5.897942831104888e-07
2021-05-19,17,AR1 alpha + Enhanced + One-Step,NYSE:CWK,8.706994684351636e-07
2021-05-20,17,AR1 alpha + Enhanced + One-Step,NYSE:CWK,4.882222746903616e-07
2021-05-21,17,AR1 alpha + Enhanced + One-Step,NYSE:CWK,3.7163483340173233e-07
2021-05-24,17,AR1 alpha + Enhanced + One-Step,NYSE:CWK,0.0
2021-05-25,17,AR1 alpha + Enhanced + One-Step,NYSE:CWK,0.0
2021-05-26,17,AR1 alpha + Enhanced + One-Step,NYSE:CWK,0.0
2021-05-27,17,AR1 alpha + Enhanced + One-Step,NYSE:CWK,0.0
2021-05-28,17,AR1 alpha + Enhanced + One-Step,NYSE:CWK,0.0
2021-06-01,17,AR1 alpha + Enhanced + One-Step,NYSE:CWK,0.0
2021-06-02,17,AR1 alpha + Enhanced + One-Step,NYSE:CWK,0.0
2021-06-03,17,AR1 alpha + Enhanced + One-Step,NYSE:CWK,0.0
2021-06-04,17,AR1 alpha + Enhanced + One-Step,NYSE:CWK,0.0
2021-06-07,17,AR1 alpha + Enhanced + One-Step,NYSE:CWK,0.0
2021-06-08,17,AR1 alpha + Enhanced + One-Step,NYSE:CWK,0.0
2021-06-09,17,AR1 alpha + Enhanced + One-Step,NYSE:CWK,0.0
2021-06-10,17,AR1 alpha + Enhanced + One-Step,NYSE:CWK,0.0
2021-06-11,17,AR1 alpha + Enhanced + One-Step,NYSE:CWK,0.0
2021-06-14,17,AR1 alpha + Enhanced + One-Step,NYSE:CWK,0.0
2021-06-15,17,AR1 alpha + Enhanced + One-Step,NYSE:CWK,0.0
2021-06-16,17,AR1 alpha + Enhanced + One-Step,NYSE:CWK,0.0
2021-06-17,17,AR1 alpha + Enhanced + One-Step,NYSE:CWK,0.0
2021-06-18,17,AR1 alpha + Enhanced + One-Step,NYSE:CWK,0.0
2021-06-21,17,AR1 alpha + Enhanced + One-Step,NYSE:CWK,5.71016440912627e-07
2021-06-22,17,AR1 alpha + Enhanced + One-Step,NYSE:CWK,0.0
2021-06-23,17,AR1 alpha + Enhanced + One-Step,NYSE:CWK,0.0
2021-06-24,17,AR1 alpha + Enhanced + One-Step,NYSE:CWK,1.17691609899961e-06
2021-06-25,17,AR1 alpha + Enhanced + One-Step,NYSE:CWK,1.229862877373316e-06
2021-06-28,17,AR1 alpha + Enhanced + One-Step,NYSE:CWK,7.306110736065826e-07
2021-06-29,17,AR1 alpha + Enhanced + One-Step,NYSE:CWK,0.0
2021-06-30,17,AR1 alpha + Enhanced + One-Step,NYSE:CWK,0.0
2021-07-01,17,AR1 alpha + Enhanced + One-Step,NYSE:CWK,0.0
2021-07-02,17,AR1 alpha + Enhanced + One-Step,NYSE:CWK,0.0
2021-07-06,17,AR1 alpha + Enhanced + One-Step,NYSE:CWK,0.0
2021-07-07,17,AR1 alpha + Enhanced + One-Step,NYSE:CWK,7.122510642790833e-07
2021-07-08,17,AR1 alpha + Enhanced + One-Step,NYSE:CWK,2.6208553604379784e-07
2021-07-09,17,AR1 alpha + Enhanced + One-Step,NYSE:CWK,0.0
2021-07-12,17,AR1 alpha + Enhanced + One-Step,NYSE:CWK,0.0
2021-07-13,17,AR1 alpha + Enhanced + One-Step,NYSE:CWK,0.0
2021-07-14,17,AR1 alpha + Enhanced + One-Step,NYSE:CWK,0.0
2021-07-15,17,AR1 alpha + Enhanced + One-Step,NYSE:CWK,0.0
2021-07-16,17,AR1 alpha + Enhanced + One-Step,NYSE:CWK,0.0
2021-07-19,17,AR1 alpha + Enhanced + One-Step,NYSE:CWK,0.0
2021-07-20,17,AR1 alpha + Enhanced + One-Step,NYSE:CWK,0.0
2021-07-21,17,AR1 alpha + Enhanced + One-Step,NYSE:CWK,2.0622748053406272e-07
2021-07-22,17,AR1 alpha + Enhanced + One-Step,NYSE:CWK,0.0
2021-07-23,17,AR1 alpha + Enhanced + One-Step,NYSE:CWK,0.0
2021-07-26,17,AR1 alpha + Enhanced + One-Step,NYSE:CWK,0.0
2021-07-27,17,AR1 alpha + Enhanced + One-Step,NYSE:CWK,0.0
2021-07-28,17,AR1 alpha + Enhanced + One-Step,NYSE:CWK,0.0
2021-07-29,17,AR1 alpha + Enhanced + One-Step,NYSE:CWK,0.0
2021-07-30,17,AR1 alpha + Enhanced + One-Step,NYSE:CWK,0.0
2021-08-02,17,AR1 alpha + Enhanced + One-Step,NYSE:CWK,0.0
2021-08-03,17,AR1 alpha + Enhanced + One-Step,NYSE:CWK,0.0
2021-08-04,17,AR1 alpha + Enhanced + One-Step,NYSE:CWK,0.0
2021-08-05,17,AR1 alpha + Enhanced + One-Step,NYSE:CWK,0.0
2021-08-06,17,AR1 alpha + Enhanced + One-Step,NYSE:CWK,0.0
2021-08-09,17,AR1 alpha + Enhanced + One-Step,NYSE:CWK,0.0
2021-08-10,17,AR1 alpha + Enhanced + One-Step,NYSE:CWK,0.0
2021-08-11,17,AR1 alpha + Enhanced + One-Step,NYSE:CWK,0.0
2021-08-12,17,AR1 alpha + Enhanced + One-Step,NYSE:CWK,0.0
2021-08-13,17,AR1 alpha + Enhanced + One-Step,NYSE:CWK,8.927272398548184e-08
2021-08-16,17,AR1 alpha + Enhanced + One-Step,NYSE:CWK,1.2152088338628176e-06
2021-08-17,17,AR1 alpha + Enhanced + One-Step,NYSE:CWK,1.6572766357370375e-06
2021-08-18,17,AR1 alpha + Enhanced + One-Step,NYSE:CWK,2.100193244962143e-06
2021-08-19,17,AR1 alpha + Enhanced + One-Step,NYSE:CWK,1.977510151794684e-06
2021-08-20,17,AR1 alpha + Enhanced + One-Step,NYSE:CWK,0.0
2021-08-23,17,AR1 alpha + Enhanced + One-Step,NYSE:CWK,0.0
2021-08-24,17,AR1 alpha + Enhanced + One-Step,NYSE:CWK,0.0
2021-08-25,17,AR1 alpha + Enhanced + One-Step,NYSE:CWK,1.6797356553139814e-08
2021-08-26,17,AR1 alpha + Enhanced + One-Step,NYSE:CWK,0.0
2021-08-27,17,AR1 alpha + Enhanced + One-Step,NYSE:CWK,0.0
2021-08-30,17,AR1 alpha + Enhanced + One-Step,NYSE:CWK,0.0
2021-08-31,17,AR1 alpha + Enhanced + One-Step,NYSE:CWK,4.3643411160028535e-09
2021-09-01,17,AR1 alpha + Enhanced + One-Step,NYSE:CWK,0.0
2021-09-02,17,AR1 alpha + Enhanced + One-Step,NYSE:CWK,0.0
2021-09-03,17,AR1 alpha + Enhanced + One-Step,NYSE:CWK,0.0
2021-09-07,17,AR1 alpha + Enhanced + One-Step,NYSE:CWK,0.0
2021-09-08,17,AR1 alpha + Enhanced + One-Step,NYSE:CWK,0.0
2021-09-09,17,AR1 alpha + Enhanced + One-Step,NYSE:CWK,0.0
2021-09-10,17,AR1 alpha + Enhanced + One-Step,NYSE:CWK,0.0
2021-09-13,17,AR1 alpha + Enhanced + One-Step,NYSE:CWK,3.251589435281434e-07
2021-09-14,17,AR1 alpha + Enhanced + One-Step,NYSE:CWK,0.0
2021-09-15,17,AR1 alpha + Enhanced + One-Step,NYSE:CWK,0.0
2021-09-16,17,AR1 alpha + Enhanced + One-Step,NYSE:CWK,0.0
2021-09-17,17,AR1 alpha + Enhanced + One-Step,NYSE:CWK,0.0
2021-09-20,17,AR1 alpha + Enhanced + One-Step,NYSE:CWK,0.0
2021-09-21,17,AR1 alpha + Enhanced + One-Step,NYSE:CWK,0.0
2021-09-22,17,AR1 alpha + Enhanced + One-Step,NYSE:CWK,0.0
2021-09-23,17,AR1 alpha + Enhanced + One-Step,NYSE:CWK,3.3255211016089775e-07
2021-09-24,17,AR1 alpha + Enhanced + One-Step,NYSE:CWK,1.691009008934975e-07
2021-09-27,17,AR1 alpha + Enhanced + One-Step,NYSE:CWK,7.850411999411722e-08
2021-09-28,17,AR1 alpha + Enhanced + One-Step,NYSE:CWK,0.0
2021-09-29,17,AR1 alpha + Enhanced + One-Step,NYSE:CWK,3.3411290573460803e-07
2021-09-30,17,AR1 alpha + Enhanced + One-Step,NYSE:CWK,1.8018445813865648e-07
2021-10-01,17,AR1 alpha + Enhanced + One-Step,NYSE:CWK,1.176109706862025e-07
2021-10-04,17,AR1 alpha + Enhanced + One-Step,NYSE:CWK,1.0025590528785592e-07
2021-10-05,17,AR1 alpha + Enhanced + One-Step,NYSE:CWK,0.0
2021-10-06,17,AR1 alpha + Enhanced + One-Step,NYSE:CWK,0.0
2021-10-07,17,AR1 alpha + Enhanced + One-Step,NYSE:CWK,0.0
2021-10-08,17,AR1 alpha + Enhanced + One-Step,NYSE:CWK,0.0
2021-10-11,17,AR1 alpha + Enhanced + One-Step,NYSE:CWK,0.0
2021-10-12,17,AR1 alpha + Enhanced + One-Step,NYSE:CWK,1.5952739069395716e-07
2021-10-13,17,AR1 alpha + Enhanced + One-Step,NYSE:CWK,1.3424976317078354e-07
2021-10-14,17,AR1 alpha + Enhanced + One-Step,NYSE:CWK,0.0
2021-10-15,17,AR1 alpha + Enhanced + One-Step,NYSE:CWK,0.0
2021-10-18,17,AR1 alpha + Enhanced + One-Step,NYSE:CWK,0.0
2021-10-19,17,AR1 alpha + Enhanced + One-Step,NYSE:CWK,0.0
2021-10-20,17,AR1 alpha + Enhanced + One-Step,NYSE:CWK,7.02106288368891e-08
2021-10-21,17,AR1 alpha + Enhanced + One-Step,NYSE:CWK,4.049056692799768e-08
2021-10-22,17,AR1 alpha + Enhanced + One-Step,NYSE:CWK,0.0
2021-10-25,17,AR1 alpha + Enhanced + One-Step,NYSE:CWK,0.0
2021-10-26,17,AR1 alpha + Enhanced + One-Step,NYSE:CWK,0.0
2021-10-27,17,AR1 alpha + Enhanced + One-Step,NYSE:CWK,7.045413811764979e-09
2021-10-28,17,AR1 alpha + Enhanced + One-Step,NYSE:CWK,1.1491005663134598e-07
2021-10-29,17,AR1 alpha + Enhanced + One-Step,NYSE:CWK,0.0
2021-11-01,17,AR1 alpha + Enhanced + One-Step,NYSE:CWK,0.0
2021-11-02,17,AR1 alpha + Enhanced + One-Step,NYSE:CWK,0.0
2021-11-03,17,AR1 alpha + Enhanced + One-Step,NYSE:CWK,3.515927485901171e-07
2021-11-04,17,AR1 alpha + Enhanced + One-Step,NYSE:CWK,1.1970785514560328e-07
2021-11-05,17,AR1 alpha + Enhanced + One-Step,NYSE:CWK,0.0
2021-11-08,17,AR1 alpha + Enhanced + One-Step,NYSE:CWK,4.541650932374447e-08
2021-11-09,17,AR1 alpha + Enhanced + One-Step,NYSE:CWK,2.0879831805414117e-08
2021-11-10,17,AR1 alpha + Enhanced + One-Step,NYSE:CWK,9.62406951461244e-07
2021-11-11,17,AR1 alpha + Enhanced + One-Step,NYSE:CWK,6.179349556944678e-07
2021-11-12,17,AR1 alpha + Enhanced + One-Step,NYSE:CWK,5.418531095033924e-07
2021-11-15,17,AR1 alpha + Enhanced + One-Step,NYSE:CWK,7.900601105594774e-07
2021-11-16,17,AR1 alpha + Enhanced + One-Step,NYSE:CWK,0.0
2021-11-17,17,AR1 alpha + Enhanced + One-Step,NYSE:CWK,0.0
2021-11-18,17,AR1 alpha + Enhanced + One-Step,NYSE:CWK,0.0
2021-11-19,17,AR1 alpha + Enhanced + One-Step,NYSE:CWK,2.439706567820756e-07
2021-11-22,17,AR1 alpha + Enhanced + One-Step,NYSE:CWK,3.647071211112935e-07
2021-11-23,17,AR1 alpha + Enhanced + One-Step,NYSE:CWK,0.0
2021-11-24,17,AR1 alpha + Enhanced + One-Step,NYSE:CWK,0.0
2021-11-26,17,AR1 alpha + Enhanced + One-Step,NYSE:CWK,0.0
2021-11-29,17,AR1 alpha + Enhanced + One-Step,NYSE:CWK,0.0
2021-11-30,17,AR1 alpha + Enhanced + One-Step,NYSE:CWK,0.0
2021-12-01,17,AR1 alpha + Enhanced + One-Step,NYSE:CWK,0.0
2021-12-02,17,AR1 alpha + Enhanced + One-Step,NYSE:CWK,0.0
2021-12-03,17,AR1 alpha + Enhanced + One-Step,NYSE:CWK,0.0
2021-12-06,17,AR1 alpha + Enhanced + One-Step,NYSE:CWK,0.0
2021-12-07,17,AR1 alpha + Enhanced + One-Step,NYSE:CWK,1.4528306266547909e-08
2021-12-08,17,AR1 alpha + Enhanced + One-Step,NYSE:CWK,7.911425886940237e-08
2021-12-09,17,AR1 alpha + Enhanced + One-Step,NYSE:CWK,0.0
2021-12-10,17,AR1 alpha + Enhanced + One-Step,NYSE:CWK,0.0
2021-12-13,17,AR1 alpha + Enhanced + One-Step,NYSE:CWK,0.0
2021-12-14,17,AR1 alpha + Enhanced + One-Step,NYSE:CWK,0.0
2021-12-15,17,AR1 alpha + Enhanced + One-Step,NYSE:CWK,2.609069715919011e-07
2021-12-16,17,AR1 alpha + Enhanced + One-Step,NYSE:CWK,2.523389794127838e-07
2021-12-17,17,AR1 alpha + Enhanced + One-Step,NYSE:CWK,6.811529216147532e-08
2021-12-20,17,AR1 alpha + Enhanced + One-Step,NYSE:CWK,0.0
2021-12-21,17,AR1 alpha + Enhanced + One-Step,NYSE:CWK,6.014178343588757e-08
2021-12-22,17,AR1 alpha + Enhanced + One-Step,NYSE:CWK,2.472810540428567e-07
2021-12-23,17,AR1 alpha + Enhanced + One-Step,NYSE:CWK,0.009950215204560364
2021-12-27,17,AR1 alpha + Enhanced + One-Step,NYSE:CWK,0.01653955476181026
2021-12-28,17,AR1 alpha + Enhanced + One-Step,NYSE:CWK,0.026307481951472776
2021-12-29,17,AR1 alpha + Enhanced + One-Step,NYSE:CWK,0.028016452786128493
2021-12-30,17,AR1 alpha + Enhanced + One-Step,NYSE:CWK,0.028016515581935866
2021-12-31,17,AR1 alpha + Enhanced + One-Step,NYSE:CWK,0.028016518803861773
2022-01-03,17,AR1 alpha + Enhanced + One-Step,NYSE:CWK,0.028016375147370282
2022-01-04,17,AR1 alpha + Enhanced + One-Step,NYSE:CWK,0.02801639175686513
2022-01-05,17,AR1 alpha + Enhanced + One-Step,NYSE:CWK,0.028016383496261805
2022-01-06,17,AR1 alpha + Enhanced + One-Step,NYSE:CWK,0.028016410174663588
2022-01-07,17,AR1 alpha + Enhanced + One-Step,NYSE:CWK,0.028016130095414992
2022-01-10,17,AR1 alpha + Enhanced + One-Step,NYSE:CWK,0.028015459831240992
2022-01-11,17,AR1 alpha + Enhanced + One-Step,NYSE:CWK,0.028015253923792813
2022-01-12,17,AR1 alpha + Enhanced + One-Step,NYSE:CWK,0.034734644740141644
2022-01-13,17,AR1 alpha + Enhanced + One-Step,NYSE:CWK,0.03959256070118741
2022-01-14,17,AR1 alpha + Enhanced + One-Step,NYSE:CWK,0.03959098771371814
2022-01-18,17,AR1 alpha + Enhanced + One-Step,NYSE:CWK,0.03959127780434518
2022-01-19,17,AR1 alpha + Enhanced + One-Step,NYSE:CWK,0.03959061672316838
2022-01-20,17,AR1 alpha + Enhanced + One-Step,NYSE:CWK,0.039590683543249156
2022-01-21,17,AR1 alpha + Enhanced + One-Step,NYSE:CWK,0.03959014201028002
2022-01-24,17,AR1 alpha + Enhanced + One-Step,NYSE:CWK,0.0395900903864795
2022-01-25,17,AR1 alpha + Enhanced + One-Step,NYSE:CWK,0.03959016914722115
2022-01-26,17,AR1 alpha + Enhanced + One-Step,NYSE:CWK,0.03959026320070915
2022-01-27,17,AR1 alpha + Enhanced + One-Step,NYSE:CWK,0.039589965696787924
2022-01-28,17,AR1 alpha + Enhanced + One-Step,NYSE:CWK,0.03958996608888896
2022-01-31,17,AR1 alpha + Enhanced + One-Step,NYSE:CWK,0.03959070927091341
2022-02-01,17,AR1 alpha + Enhanced + One-Step,NYSE:CWK,0.039590741031210144
2022-02-02,17,AR1 alpha + Enhanced + One-Step,NYSE:CWK,0.05842125684496237
2022-02-03,17,AR1 alpha + Enhanced + One-Step,NYSE:CWK,0.058420513596092266
2022-02-04,17,AR1 alpha + Enhanced + One-Step,NYSE:CWK,0.05841998152948081
2022-02-07,17,AR1 alpha + Enhanced + One-Step,NYSE:CWK,0.05841992085310689
2022-02-08,17,AR1 alpha + Enhanced + One-Step,NYSE:CWK,0.05841990580534247
2022-02-09,17,AR1 alpha + Enhanced + One-Step,NYSE:CWK,0.058419862886156755
2022-02-10,17,AR1 alpha + Enhanced + One-Step,NYSE:CWK,0.059046614425128735
2022-02-11,17,AR1 alpha + Enhanced + One-Step,NYSE:CWK,0.05904706418993756
2022-02-14,17,AR1 alpha + Enhanced + One-Step,NYSE:CWK,0.05904695184589682
2022-02-15,17,AR1 alpha + Enhanced + One-Step,NYSE:CWK,0.05904697610489046
2022-02-16,17,AR1 alpha + Enhanced + One-Step,NYSE:CWK,0.08398522274115508
2022-02-17,17,AR1 alpha + Enhanced + One-Step,NYSE:CWK,0.08398342684035902
2022-02-18,17,AR1 alpha + Enhanced + One-Step,NYSE:CWK,0.08398350401799048
2022-02-22,17,AR1 alpha + Enhanced + One-Step,NYSE:CWK,0.08398348154880506
2022-02-23,17,AR1 alpha + Enhanced + One-Step,NYSE:CWK,0.08398348468707541
2022-02-24,17,AR1 alpha + Enhanced + One-Step,NYSE:CWK,0.08398243231850161
2022-02-25,17,AR1 alpha + Enhanced + One-Step,NYSE:CWK,0.08398253334932602
2022-02-28,17,AR1 alpha + Enhanced + One-Step,NYSE:CWK,0.08398256207675524
2022-03-01,17,AR1 alpha + Enhanced + One-Step,NYSE:CWK,0.08398273553189121
2022-03-02,17,AR1 alpha + Enhanced + One-Step,NYSE:CWK,0.09317680022907314
2022-03-03,17,AR1 alpha + Enhanced + One-Step,NYSE:CWK,0.09317676988414889
2022-03-04,17,AR1 alpha + Enhanced + One-Step,NYSE:CWK,0.09317488863467724
2022-03-07,17,AR1 alpha + Enhanced + One-Step,NYSE:CWK,0.09317653084856224
2022-03-08,17,AR1 alpha + Enhanced + One-Step,NYSE:CWK,0.0770048081901691
2022-03-09,17,AR1 alpha + Enhanced + One-Step,NYSE:CWK,0.07578782512480332
2022-03-10,17,AR1 alpha + Enhanced + One-Step,NYSE:CWK,0.057563823121765355
2022-03-11,17,AR1 alpha + Enhanced + One-Step,NYSE:CWK,0.057562828346432435
2022-03-14,17,AR1 alpha + Enhanced + One-Step,NYSE:CWK,0.05756089387656827
2022-03-15,17,AR1 alpha + Enhanced + One-Step,NYSE:CWK,0.05755974422724017
2022-03-16,17,AR1 alpha + Enhanced + One-Step,NYSE:CWK,0.057559763999349964
2022-03-17,17,AR1 alpha + Enhanced + One-Step,NYSE:CWK,0.057559810844541974
2022-03-18,17,AR1 alpha + Enhanced + One-Step,NYSE:CWK,0.057559770402003343
2022-03-21,17,AR1 alpha + Enhanced + One-Step,NYSE:CWK,0.057559957505709
2022-03-22,17,AR1 alpha + Enhanced + One-Step,NYSE:CWK,0.05755994848244704
2022-03-23,17,AR1 alpha + Enhanced + One-Step,NYSE:CWK,0.049926286133190924
2022-03-24,17,AR1 alpha + Enhanced + One-Step,NYSE:CWK,0.045563637565981495
2022-03-25,17,AR1 alpha + Enhanced + One-Step,NYSE:CWK,0.04556226816394725
2022-03-28,17,AR1 alpha + Enhanced + One-Step,NYSE:CWK,0.045562050359838166
2022-03-29,17,AR1 alpha + Enhanced + One-Step,NYSE:CWK,0.04556051416034792
2022-03-30,17,AR1 alpha + Enhanced + One-Step,NYSE:CWK,0.045560522024900456
2022-03-31,17,AR1 alpha + Enhanced + One-Step,NYSE:CWK,0.04556050120664209
2022-04-01,17,AR1 alpha + Enhanced + One-Step,NYSE:CWK,0.04555461956274726
2022-04-04,17,AR1 alpha + Enhanced + One-Step,NYSE:CWK,0.04555344968222185
2022-04-05,17,AR1 alpha + Enhanced + One-Step,NYSE:CWK,0.04555350593672072
2022-04-06,17,AR1 alpha + Enhanced + One-Step,NYSE:CWK,0.04555171331692094
2022-04-07,17,AR1 alpha + Enhanced + One-Step,NYSE:CWK,0.026547541709887535
2022-04-08,17,AR1 alpha + Enhanced + One-Step,NYSE:CWK,0.023183995330260446
2022-04-11,17,AR1 alpha + Enhanced + One-Step,NYSE:CWK,0.023181088658879478
2022-04-12,17,AR1 alpha + Enhanced + One-Step,NYSE:CWK,0.023179696887867637
2022-04-13,17,AR1 alpha + Enhanced + One-Step,NYSE:CWK,0.020471683936279145
2022-04-14,17,AR1 alpha + Enhanced + One-Step,NYSE:CWK,0.004707120493519976
2022-04-18,17,AR1 alpha + Enhanced + One-Step,NYSE:CWK,0.0
2022-04-19,17,AR1 alpha + Enhanced + One-Step,NYSE:CWK,0.0
2022-04-20,17,AR1 alpha + Enhanced + One-Step,NYSE:CWK,0.0
2022-04-21,17,AR1 alpha + Enhanced + One-Step,NYSE:CWK,8.731948672123957e-08
2022-04-22,17,AR1 alpha + Enhanced + One-Step,NYSE:CWK,0.0
2022-04-25,17,AR1 alpha + Enhanced + One-Step,NYSE:CWK,0.0
2022-04-26,17,AR1 alpha + Enhanced + One-Step,NYSE:CWK,1.0253204577928184e-07
2022-04-27,17,AR1 alpha + Enhanced + One-Step,NYSE:CWK,0.0
2022-04-28,17,AR1 alpha + Enhanced + One-Step,NYSE:CWK,0.0
2022-04-29,17,AR1 alpha + Enhanced + One-Step,NYSE:CWK,0.0
2022-05-02,17,AR1 alpha + Enhanced + One-Step,NYSE:CWK,0.0
2022-05-03,17,AR1 alpha + Enhanced + One-Step,NYSE:CWK,0.0
2022-05-04,17,AR1 alpha + Enhanced + One-Step,NYSE:CWK,0.004249251634065473
2022-05-05,17,AR1 alpha + Enhanced + One-Step,NYSE:CWK,0.0
2022-05-06,17,AR1 alpha + Enhanced + One-Step,NYSE:CWK,0.0
2022-05-09,17,AR1 alpha + Enhanced + One-Step,NYSE:CWK,7.484545316084902e-08
2022-05-10,17,AR1 alpha + Enhanced + One-Step,NYSE:CWK,0.0
2022-05-11,17,AR1 alpha + Enhanced + One-Step,NYSE:CWK,0.0
2022-05-12,17,AR1 alpha + Enhanced + One-Step,NYSE:CWK,0.0
2022-05-13,17,AR1 alpha + Enhanced + One-Step,NYSE:CWK,0.0
2022-05-16,17,AR1 alpha + Enhanced + One-Step,NYSE:CWK,2.4157901760484588e-08
2022-05-17,17,AR1 alpha + Enhanced + One-Step,NYSE:CWK,2.5468413936783246e-07
2022-05-18,17,AR1 alpha + Enhanced + One-Step,NYSE:CWK,0.0
2022-05-19,17,AR1 alpha + Enhanced + One-Step,NYSE:CWK,0.0
2022-05-20,17,AR1 alpha + Enhanced + One-Step,NYSE:CWK,0.0
2022-05-23,17,AR1 alpha + Enhanced + One-Step,NYSE:CWK,0.0
2022-05-24,17,AR1 alpha + Enhanced + One-Step,NYSE:CWK,0.0
2022-05-25,17,AR1 alpha + Enhanced + One-Step,NYSE:CWK,0.0
2022-05-26,17,AR1 alpha + Enhanced + One-Step,NYSE:CWK,2.1379344711576937e-08
2022-05-27,17,AR1 alpha + Enhanced + One-Step,NYSE:CWK,0.0
2022-05-31,17,AR1 alpha + Enhanced + One-Step,NYSE:CWK,0.0
2022-06-01,17,AR1 alpha + Enhanced + One-Step,NYSE:CWK,4.25976269283276e-07
2022-06-02,17,AR1 alpha + Enhanced + One-Step,NYSE:CWK,5.147222286824692e-07
2022-06-03,17,AR1 alpha + Enhanced + One-Step,NYSE:CWK,0.0
2022-06-06,17,AR1 alpha + Enhanced + One-Step,NYSE:CWK,0.0
2022-06-07,17,AR1 alpha + Enhanced + One-Step,NYSE:CWK,0.0
2022-06-08,17,AR1 alpha + Enhanced + One-Step,NYSE:CWK,0.0
2022-06-09,17,AR1 alpha + Enhanced + One-Step,NYSE:CWK,0.0
2022-06-10,17,AR1 alpha + Enhanced + One-Step,NYSE:CWK,0.0
2022-06-13,17,AR1 alpha + Enhanced + One-Step,NYSE:CWK,0.0
2022-06-14,17,AR1 alpha + Enhanced + One-Step,NYSE:CWK,0.0
2022-06-15,17,AR1 alpha + Enhanced + One-Step,NYSE:CWK,0.0
2022-06-16,17,AR1 alpha + Enhanced + One-Step,NYSE:CWK,0.0
2022-06-17,17,AR1 alpha + Enhanced + One-Step,NYSE:CWK,1.1974625161486114e-07
2022-06-21,17,AR1 alpha + Enhanced + One-Step,NYSE:CWK,0.0
2022-06-22,17,AR1 alpha + Enhanced + One-Step,NYSE:CWK,0.0
2022-06-23,17,AR1 alpha + Enhanced + One-Step,NYSE:CWK,0.0
2022-06-24,17,AR1 alpha + Enhanced + One-Step,NYSE:CWK,0.0
2022-06-27,17,AR1 alpha + Enhanced + One-Step,NYSE:CWK,1.5086277489207842e-07
2022-06-28,17,AR1 alpha + Enhanced + One-Step,NYSE:CWK,9.808677399449093e-08
2022-06-29,17,AR1 alpha + Enhanced + One-Step,NYSE:CWK,0.0
2022-06-30,17,AR1 alpha + Enhanced + One-Step,NYSE:CWK,1.2077392426772878e-07
2022-07-01,17,AR1 alpha + Enhanced + One-Step,NYSE:CWK,0.0
2022-07-05,17,AR1 alpha + Enhanced + One-Step,NYSE:CWK,0.0
2022-07-06,17,AR1 alpha + Enhanced + One-Step,NYSE:CWK,0.0
2022-07-07,17,AR1 alpha + Enhanced + One-Step,NYSE:CWK,0.0
2022-07-08,17,AR1 alpha + Enhanced + One-Step,NYSE:CWK,0.0
2022-07-11,17,AR1 alpha + Enhanced + One-Step,NYSE:CWK,0.0
2022-07-12,17,AR1 alpha + Enhanced + One-Step,NYSE:CWK,0.0
2022-07-13,17,AR1 alpha + Enhanced + One-Step,NYSE:CWK,0.0
2022-07-14,17,AR1 alpha + Enhanced + One-Step,NYSE:CWK,7.761438412177063e-09
2022-07-15,17,AR1 alpha + Enhanced + One-Step,NYSE:CWK,1.7728115891840502e-08
2022-07-18,17,AR1 alpha + Enhanced + One-Step,NYSE:CWK,0.0
2022-07-19,17,AR1 alpha + Enhanced + One-Step,NYSE:CWK,0.0
2022-07-20,17,AR1 alpha + Enhanced + One-Step,NYSE:CWK,0.0
2022-07-21,17,AR1 alpha + Enhanced + One-Step,NYSE:CWK,0.0
2022-07-22,17,AR1 alpha + Enhanced + One-Step,NYSE:CWK,0.0
2022-07-25,17,AR1 alpha + Enhanced + One-Step,NYSE:CWK,3.6416639568565375e-07
2022-07-26,17,AR1 alpha + Enhanced + One-Step,NYSE:CWK,2.528431809522977e-07
2022-07-27,17,AR1 alpha + Enhanced + One-Step,NYSE:CWK,1.3328628540360466e-07
2022-07-28,17,AR1 alpha + Enhanced + One-Step,NYSE:CWK,1.1394895315750192e-07
2022-07-29,17,AR1 alpha + Enhanced + One-Step,NYSE:CWK,2.2574417415255459e-07
2022-08-01,17,AR1 alpha + Enhanced + One-Step,NYSE:CWK,1.7296813138668358e-07
2022-08-02,17,AR1 alpha + Enhanced + One-Step,NYSE:CWK,0.0
2022-08-03,17,AR1 alpha + Enhanced + One-Step,NYSE:CWK,0.0
2022-08-04,17,AR1 alpha + Enhanced + One-Step,NYSE:CWK,5.965755803899241e-08
2022-08-05,17,AR1 alpha + Enhanced + One-Step,NYSE:CWK,0.0
2022-08-08,17,AR1 alpha + Enhanced + One-Step,NYSE:CWK,0.0
2022-08-09,17,AR1 alpha + Enhanced + One-Step,NYSE:CWK,4.4954087607507384e-07
2022-08-10,17,AR1 alpha + Enhanced + One-Step,NYSE:CWK,0.0
2022-08-11,17,AR1 alpha + Enhanced + One-Step,NYSE:CWK,0.0
2022-08-12,17,AR1 alpha + Enhanced + One-Step,NYSE:CWK,1.4457523554583094e-08
2022-08-15,17,AR1 alpha + Enhanced + One-Step,NYSE:CWK,3.835644037441024e-09
2022-08-16,17,AR1 alpha + Enhanced + One-Step,NYSE:CWK,5.079089416737216e-08
2022-08-17,17,AR1 alpha + Enhanced + One-Step,NYSE:CWK,2.8222665445550504e-07
2022-08-18,17,AR1 alpha + Enhanced + One-Step,NYSE:CWK,0.0
2022-08-19,17,AR1 alpha + Enhanced + One-Step,NYSE:CWK,0.0
2022-08-22,17,AR1 alpha + Enhanced + One-Step,NYSE:CWK,0.0
2022-08-23,17,AR1 alpha + Enhanced + One-Step,NYSE:CWK,0.0
2022-08-24,17,AR1 alpha + Enhanced + One-Step,NYSE:CWK,0.0
2022-08-25,17,AR1 alpha + Enhanced + One-Step,NYSE:CWK,0.0
2022-08-26,17,AR1 alpha + Enhanced + One-Step,NYSE:CWK,0.0
2022-08-29,17,AR1 alpha + Enhanced + One-Step,NYSE:CWK,3.07901141116827e-08
2022-08-30,17,AR1 alpha + Enhanced + One-Step,NYSE:CWK,0.0
2022-08-31,17,AR1 alpha + Enhanced + One-Step,NYSE:CWK,0.0
2022-09-01,17,AR1 alpha + Enhanced + One-Step,NYSE:CWK,1.1310461472267366e-07
2022-09-02,17,AR1 alpha + Enhanced + One-Step,NYSE:CWK,5.956555327758266e-08
2022-09-06,17,AR1 alpha + Enhanced + One-Step,NYSE:CWK,3.403988498458248e-08
2022-09-07,17,AR1 alpha + Enhanced + One-Step,NYSE:CWK,4.5511082423186345e-08
2022-09-08,17,AR1 alpha + Enhanced + One-Step,NYSE:CWK,1.1283337457060046e-07
2022-09-09,17,AR1 alpha + Enhanced + One-Step,NYSE:CWK,1.5746732905945567e-07
2022-09-12,17,AR1 alpha + Enhanced + One-Step,NYSE:CWK,2.5397323909936207e-08
2022-09-13,17,AR1 alpha + Enhanced + One-Step,NYSE:CWK,1.7676929053898848e-08
2022-09-14,17,AR1 alpha + Enhanced + One-Step,NYSE:CWK,0.0
2022-09-15,17,AR1 alpha + Enhanced + One-Step,NYSE:CWK,0.0
2022-09-16,17,AR1 alpha + Enhanced + One-Step,NYSE:CWK,4.9203157818984015e-08
2022-09-19,17,AR1 alpha + Enhanced + One-Step,NYSE:CWK,0.0
2022-09-20,17,AR1 alpha + Enhanced + One-Step,NYSE:CWK,1.160833852139722e-07
2022-09-21,17,AR1 alpha + Enhanced + One-Step,NYSE:CWK,0.0
2022-09-22,17,AR1 alpha + Enhanced + One-Step,NYSE:CWK,0.0
2022-09-23,17,AR1 alpha + Enhanced + One-Step,NYSE:CWK,0.0
2022-09-26,17,AR1 alpha + Enhanced + One-Step,NYSE:CWK,0.0
2022-09-27,17,AR1 alpha + Enhanced + One-Step,NYSE:CWK,0.0
2022-09-28,17,AR1 alpha + Enhanced + One-Step,NYSE:CWK,0.0
2022-09-29,17,AR1 alpha + Enhanced + One-Step,NYSE:CWK,2.8450475817452345e-07
2022-09-30,17,AR1 alpha + Enhanced + One-Step,NYSE:CWK,9.267089830039675e-08
2022-10-03,17,AR1 alpha + Enhanced + One-Step,NYSE:CWK,5.808316843243525e-08
2022-10-04,17,AR1 alpha + Enhanced + One-Step,NYSE:CWK,0.0
2022-10-05,17,AR1 alpha + Enhanced + One-Step,NYSE:CWK,0.0
2022-10-06,17,AR1 alpha + Enhanced + One-Step,NYSE:CWK,0.0
2022-10-07,17,AR1 alpha + Enhanced + One-Step,NYSE:CWK,2.3424794680201914e-08
2022-10-10,17,AR1 alpha + Enhanced + One-Step,NYSE:CWK,0.0
2022-10-11,17,AR1 alpha + Enhanced + One-Step,NYSE:CWK,0.0
2022-10-12,17,AR1 alpha + Enhanced + One-Step,NYSE:CWK,0.0
2022-10-13,17,AR1 alpha + Enhanced + One-Step,NYSE:CWK,1.2261599476797879e-06
2022-10-14,17,AR1 alpha + Enhanced + One-Step,NYSE:CWK,5.504613425832972e-07
2022-10-17,17,AR1 alpha + Enhanced + One-Step,NYSE:CWK,2.7380433291278856e-07
2022-10-18,17,AR1 alpha + Enhanced + One-Step,NYSE:CWK,1.7384804089283813e-07
2022-10-19,17,AR1 alpha + Enhanced + One-Step,NYSE:CWK,1.1091280718651993e-07
2022-10-20,17,AR1 alpha + Enhanced + One-Step,NYSE:CWK,0.0
2022-10-21,17,AR1 alpha + Enhanced + One-Step,NYSE:CWK,2.9605339010054587e-08
2022-10-24,17,AR1 alpha + Enhanced + One-Step,NYSE:CWK,0.0
2022-10-25,17,AR1 alpha + Enhanced + One-Step,NYSE:CWK,1.2814754532974869e-08
2022-10-26,17,AR1 alpha + Enhanced + One-Step,NYSE:CWK,3.1296766865793507e-08
2022-10-27,17,AR1 alpha + Enhanced + One-Step,NYSE:CWK,0.0
2022-10-28,17,AR1 alpha + Enhanced + One-Step,NYSE:CWK,0.0
2022-10-31,17,AR1 alpha + Enhanced + One-Step,NYSE:CWK,0.0
2022-11-01,17,AR1 alpha + Enhanced + One-Step,NYSE:CWK,0.0
2022-11-02,17,AR1 alpha + Enhanced + One-Step,NYSE:CWK,1.9537448274937765e-08
2022-11-03,17,AR1 alpha + Enhanced + One-Step,NYSE:CWK,1.2575823887007428e-06
2022-11-04,17,AR1 alpha + Enhanced + One-Step,NYSE:CWK,4.642535048096893e-07
2022-11-07,17,AR1 alpha + Enhanced + One-Step,NYSE:CWK,0.0
2022-11-08,17,AR1 alpha + Enhanced + One-Step,NYSE:CWK,6.724627202021979e-08
2022-11-09,17,AR1 alpha + Enhanced + One-Step,NYSE:CWK,0.0
2022-11-10,17,AR1 alpha + Enhanced + One-Step,NYSE:CWK,7.771833562310786e-09
2022-11-11,17,AR1 alpha + Enhanced + One-Step,NYSE:CWK,2.8904856368600102e-08
2022-11-14,17,AR1 alpha + Enhanced + One-Step,NYSE:CWK,0.0
2022-11-15,17,AR1 alpha + Enhanced + One-Step,NYSE:CWK,1.693728748456105e-08
2022-11-16,17,AR1 alpha + Enhanced + One-Step,NYSE:CWK,1.0519503589694234e-08
2022-11-17,17,AR1 alpha + Enhanced + One-Step,NYSE:CWK,0.0
2022-11-18,17,AR1 alpha + Enhanced + One-Step,NYSE:CWK,2.6845074090021557e-08
2022-11-21,17,AR1 alpha + Enhanced + One-Step,NYSE:CWK,0.0
2022-11-22,17,AR1 alpha + Enhanced + One-Step,NYSE:CWK,0.0
2022-11-23,17,AR1 alpha + Enhanced + One-Step,NYSE:CWK,2.801209468104424e-07
2022-11-25,17,AR1 alpha + Enhanced + One-Step,NYSE:CWK,3.070299391247448e-07
2022-11-28,17,AR1 alpha + Enhanced + One-Step,NYSE:CWK,2.0106832339306486e-07
2022-11-29,17,AR1 alpha + Enhanced + One-Step,NYSE:CWK,1.284611582494022e-07
2022-11-30,17,AR1 alpha + Enhanced + One-Step,NYSE:CWK,8.07580869374817e-08
2022-12-01,17,AR1 alpha + Enhanced + One-Step,NYSE:CWK,0.0
2022-12-02,17,AR1 alpha + Enhanced + One-Step,NYSE:CWK,3.56362304638698e-08
2022-12-05,17,AR1 alpha + Enhanced + One-Step,NYSE:CWK,0.0
2022-12-06,17,AR1 alpha + Enhanced + One-Step,NYSE:CWK,0.0
2022-12-07,17,AR1 alpha + Enhanced + One-Step,NYSE:CWK,0.0
2022-12-08,17,AR1 alpha + Enhanced + One-Step,NYSE:CWK,0.0
2022-12-09,17,AR1 alpha + Enhanced + One-Step,NYSE:CWK,0.0
2022-12-12,17,AR1 alpha + Enhanced + One-Step,NYSE:CWK,0.0
2022-12-13,17,AR1 alpha + Enhanced + One-Step,NYSE:CWK,0.0
2022-12-14,17,AR1 alpha + Enhanced + One-Step,NYSE:CWK,0.0
2022-12-15,17,AR1 alpha + Enhanced + One-Step,NYSE:CWK,0.0
2022-12-16,17,AR1 alpha + Enhanced + One-Step,NYSE:CWK,0.0
2022-12-19,17,AR1 alpha + Enhanced + One-Step,NYSE:CWK,0.0
2022-12-20,17,AR1 alpha + Enhanced + One-Step,NYSE:CWK,0.0
2022-12-21,17,AR1 alpha + Enhanced + One-Step,NYSE:CWK,0.0
2022-12-22,17,AR1 alpha + Enhanced + One-Step,NYSE:CWK,0.0
2022-12-23,17,AR1 alpha + Enhanced + One-Step,NYSE:CWK,2.4167135927273603e-08
2022-12-27,17,AR1 alpha + Enhanced + One-Step,NYSE:CWK,2.8793778744982535e-08
2022-12-28,17,AR1 alpha + Enhanced + One-Step,NYSE:CWK,0.0
2022-12-29,17,AR1 alpha + Enhanced + One-Step,NYSE:CWK,0.0
2022-12-30,17,AR1 alpha + Enhanced + One-Step,NYSE:CWK,3.6969391473932458e-09
2023-01-03,17,AR1 alpha + Enhanced + One-Step,NYSE:CWK,1.029018503584422e-08
2023-01-04,17,AR1 alpha + Enhanced + One-Step,NYSE:CWK,3.0912209913107215e-09
2023-01-05,17,AR1 alpha + Enhanced + One-Step,NYSE:CWK,4.4903042441683486e-07
2023-01-06,17,AR1 alpha + Enhanced + One-Step,NYSE:CWK,1.489273430911637e-07
2023-01-09,17,AR1 alpha + Enhanced + One-Step,NYSE:CWK,0.0
2023-01-10,17,AR1 alpha + Enhanced + One-Step,NYSE:CWK,3.309525288269679e-07
2023-01-11,17,AR1 alpha + Enhanced + One-Step,NYSE:CWK,0.0
2023-01-12,17,AR1 alpha + Enhanced + One-Step,NYSE:CWK,0.0
2023-01-13,17,AR1 alpha + Enhanced + One-Step,NYSE:CWK,0.0
2023-01-17,17,AR1 alpha + Enhanced + One-Step,NYSE:CWK,0.0
2023-01-18,17,AR1 alpha + Enhanced + One-Step,NYSE:CWK,2.0246630111440648e-07
2023-01-19,17,AR1 alpha + Enhanced + One-Step,NYSE:CWK,0.0
2023-01-20,17,AR1 alpha + Enhanced + One-Step,NYSE:CWK,0.0
2023-01-23,17,AR1 alpha + Enhanced + One-Step,NYSE:CWK,0.0
2023-01-24,17,AR1 alpha + Enhanced + One-Step,NYSE:CWK,2.1453307262411583e-08
2023-01-25,17,AR1 alpha + Enhanced + One-Step,NYSE:CWK,3.003794525366555e-08
2023-01-26,17,AR1 alpha + Enhanced + One-Step,NYSE:CWK,0.0
2023-01-27,17,AR1 alpha + Enhanced + One-Step,NYSE:CWK,0.0
2023-01-30,17,AR1 alpha + Enhanced + One-Step,NYSE:CWK,9.580474833951671e-08
2023-01-31,17,AR1 alpha + Enhanced + One-Step,NYSE:CWK,0.0
2023-02-01,17,AR1 alpha + Enhanced + One-Step,NYSE:CWK,0.0
2023-02-02,17,AR1 alpha + Enhanced + One-Step,NYSE:CWK,9.138700000610515e-07
2023-02-03,17,AR1 alpha + Enhanced + One-Step,NYSE:CWK,5.465135328973642e-07
2023-02-06,17,AR1 alpha + Enhanced + One-Step,NYSE:CWK,6.805196941381534e-07
2023-02-07,17,AR1 alpha + Enhanced + One-Step,NYSE:CWK,1.9387213336502286e-06
2023-02-08,17,AR1 alpha + Enhanced + One-Step,NYSE:CWK,8.223520286172222e-07
2023-02-09,17,AR1 alpha + Enhanced + One-Step,NYSE:CWK,3.954841760719998e-07
2023-02-10,17,AR1 alpha + Enhanced + One-Step,NYSE:CWK,0.0
2023-02-13,17,AR1 alpha + Enhanced + One-Step,NYSE:CWK,0.0
2023-02-14,17,AR1 alpha + Enhanced + One-Step,NYSE:CWK,9.486001695111284e-07
2023-02-15,17,AR1 alpha + Enhanced + One-Step,NYSE:CWK,5.70260720751641e-07
2023-02-16,17,AR1 alpha + Enhanced + One-Step,NYSE:CWK,0.0
2023-02-17,17,AR1 alpha + Enhanced + One-Step,NYSE:CWK,0.0
2023-02-21,17,AR1 alpha + Enhanced + One-Step,NYSE:CWK,0.0
2023-02-22,17,AR1 alpha + Enhanced + One-Step,NYSE:CWK,0.0
2023-02-23,17,AR1 alpha + Enhanced + One-Step,NYSE:CWK,0.0
2023-02-24,17,AR1 alpha + Enhanced + One-Step,NYSE:CWK,2.2104052307174972e-06
2023-02-27,17,AR1 alpha + Enhanced + One-Step,NYSE:CWK,1.3906785935280647e-06
2023-02-28,17,AR1 alpha + Enhanced + One-Step,NYSE:CWK,1.4553740919090313e-06
2023-03-01,17,AR1 alpha + Enhanced + One-Step,NYSE:CWK,8.258406182067391e-07
2023-03-02,17,AR1 alpha + Enhanced + One-Step,NYSE:CWK,1.6484290628706927e-08
2023-03-03,17,AR1 alpha + Enhanced + One-Step,NYSE:CWK,0.0
2023-03-06,17,AR1 alpha + Enhanced + One-Step,NYSE:CWK,0.0
2023-03-07,17,AR1 alpha + Enhanced + One-Step,NYSE:CWK,0.0
2023-03-08,17,AR1 alpha + Enhanced + One-Step,NYSE:CWK,0.0
2023-03-09,17,AR1 alpha + Enhanced + One-Step,NYSE:CWK,0.0
2023-03-10,17,AR1 alpha + Enhanced + One-Step,NYSE:CWK,0.0
2023-03-13,17,AR1 alpha + Enhanced + One-Step,NYSE:CWK,0.0
2023-03-14,17,AR1 alpha + Enhanced + One-Step,NYSE:CWK,5.439505537763885e-09
2023-03-15,17,AR1 alpha + Enhanced + One-Step,NYSE:CWK,0.0
2023-03-16,17,AR1 alpha + Enhanced + One-Step,NYSE:CWK,4.937191447608834e-09
2023-03-17,17,AR1 alpha + Enhanced + One-Step,NYSE:CWK,0.0
2023-03-20,17,AR1 alpha + Enhanced + One-Step,NYSE:CWK,0.0
2023-03-21,17,AR1 alpha + Enhanced + One-Step,NYSE:CWK,0.0
2023-03-22,17,AR1 alpha + Enhanced + One-Step,NYSE:CWK,0.0
2023-03-23,17,AR1 alpha + Enhanced + One-Step,NYSE:CWK,0.0
2023-03-24,17,AR1 alpha + Enhanced + One-Step,NYSE:CWK,0.0
2023-03-27,17,AR1 alpha + Enhanced + One-Step,NYSE:CWK,0.0
2023-03-28,17,AR1 alpha + Enhanced + One-Step,NYSE:CWK,0.0
2023-03-29,17,AR1 alpha + Enhanced + One-Step,NYSE:CWK,7.525638058152474e-09
2023-03-30,17,AR1 alpha + Enhanced + One-Step,NYSE:CWK,1.7790741088104172e-08
2023-03-31,17,AR1 alpha + Enhanced + One-Step,NYSE:CWK,1.1274292406447041e-07
2023-04-03,17,AR1 alpha + Enhanced + One-Step,NYSE:CWK,0.0
2023-04-04,17,AR1 alpha + Enhanced + One-Step,NYSE:CWK,0.0
2023-04-05,17,AR1 alpha + Enhanced + One-Step,NYSE:CWK,0.0
2023-04-06,17,AR1 alpha + Enhanced + One-Step,NYSE:CWK,3.432644369960002e-07
2023-04-10,17,AR1 alpha + Enhanced + One-Step,NYSE:CWK,1.2179437077698452e-06
2023-04-11,17,AR1 alpha + Enhanced + One-Step,NYSE:CWK,0.0
2023-04-12,17,AR1 alpha + Enhanced + One-Step,NYSE:CWK,0.0
2023-04-13,17,AR1 alpha + Enhanced + One-Step,NYSE:CWK,0.0
2023-04-14,17,AR1 alpha + Enhanced + One-Step,NYSE:CWK,0.0
2023-04-17,17,AR1 alpha + Enhanced + One-Step,NYSE:CWK,6.144534293978695e-08
2023-04-18,17,AR1 alpha + Enhanced + One-Step,NYSE:CWK,0.0
2023-04-19,17,AR1 alpha + Enhanced + One-Step,NYSE:CWK,0.0
2023-04-20,17,AR1 alpha + Enhanced + One-Step,NYSE:CWK,2.589965058929432e-08
2023-04-21,17,AR1 alpha + Enhanced + One-Step,NYSE:CWK,0.0
2023-04-24,17,AR1 alpha + Enhanced + One-Step,NYSE:CWK,0.0
2023-04-25,17,AR1 alpha + Enhanced + One-Step,NYSE:CWK,0.0
2023-04-26,17,AR1 alpha + Enhanced + One-Step,NYSE:CWK,0.0
2023-04-27,17,AR1 alpha + Enhanced + One-Step,NYSE:CWK,0.0
2023-04-28,17,AR1 alpha + Enhanced + One-Step,NYSE:CWK,4.3996098006259246e-08
2023-05-01,17,AR1 alpha + Enhanced + One-Step,NYSE:CWK,2.56321563612067e-07
2023-05-02,17,AR1 alpha + Enhanced + One-Step,NYSE:CWK,2.7067724995145137e-07
2023-05-03,17,AR1 alpha + Enhanced + One-Step,NYSE:CWK,0.0
2023-05-04,17,AR1 alpha + Enhanced + One-Step,NYSE:CWK,0.0
2023-05-05,17,AR1 alpha + Enhanced + One-Step,NYSE:CWK,0.0
2023-05-08,17,AR1 alpha + Enhanced + One-Step,NYSE:CWK,1.0605506097462366e-06
2023-05-09,17,AR1 alpha + Enhanced + One-Step,NYSE:CWK,5.784608601911606e-07
2023-05-10,17,AR1 alpha + Enhanced + One-Step,NYSE:CWK,1.2548624779853773e-06
2023-05-11,17,AR1 alpha + Enhanced + One-Step,NYSE:CWK,6.426845687360556e-07
2023-05-12,17,AR1 alpha + Enhanced + One-Step,NYSE:CWK,8.461638038337764e-07
2023-05-15,17,AR1 alpha + Enhanced + One-Step,NYSE:CWK,1.0582233597009397e-06
2023-05-16,17,AR1 alpha + Enhanced + One-Step,NYSE:CWK,8.282515103831712e-07
2023-05-17,17,AR1 alpha + Enhanced + One-Step,NYSE:CWK,5.519944008451725e-07
2023-05-18,17,AR1 alpha + Enhanced + One-Step,NYSE:CWK,2.034311201428337e-06
2023-05-19,17,AR1 alpha + Enhanced + One-Step,NYSE:CWK,1.0770797020790306e-06
2023-05-22,17,AR1 alpha + Enhanced + One-Step,NYSE:CWK,5.841270326335953e-07
2023-05-23,17,AR1 alpha + Enhanced + One-Step,NYSE:CWK,0.0
2023-05-24,17,AR1 alpha + Enhanced + One-Step,NYSE:CWK,0.0
2023-05-25,17,AR1 alpha + Enhanced + One-Step,NYSE:CWK,0.0
2023-05-26,17,AR1 alpha + Enhanced + One-Step,NYSE:CWK,3.430368745032751e-07
2023-05-30,17,AR1 alpha + Enhanced + One-Step,NYSE:CWK,2.919037510016729e-07
2023-05-31,17,AR1 alpha + Enhanced + One-Step,NYSE:CWK,0.0
2023-06-01,17,AR1 alpha + Enhanced + One-Step,NYSE:CWK,0.0
2023-06-02,17,AR1 alpha + Enhanced + One-Step,NYSE:CWK,0.0
2023-06-05,17,AR1 alpha + Enhanced + One-Step,NYSE:CWK,0.0
2023-06-06,17,AR1 alpha + Enhanced + One-Step,NYSE:CWK,1.985266466373533e-06
2023-06-07,17,AR1 alpha + Enhanced + One-Step,NYSE:CWK,6.966956642176717e-07
2023-06-08,17,AR1 alpha + Enhanced + One-Step,NYSE:CWK,2.343840430712708e-07
2023-06-09,17,AR1 alpha + Enhanced + One-Step,NYSE:CWK,0.0
2023-06-12,17,AR1 alpha + Enhanced + One-Step,NYSE:CWK,0.0
2023-06-13,17,AR1 alpha + Enhanced + One-Step,NYSE:CWK,0.0
2023-06-14,17,AR1 alpha + Enhanced + One-Step,NYSE:CWK,0.0
2023-06-15,17,AR1 alpha + Enhanced + One-Step,NYSE:CWK,0.0
2023-06-16,17,AR1 alpha + Enhanced + One-Step,NYSE:CWK,0.0
2023-06-20,17,AR1 alpha + Enhanced + One-Step,NYSE:CWK,0.0
2023-06-21,17,AR1 alpha + Enhanced + One-Step,NYSE:CWK,0.0
2023-06-22,17,AR1 alpha + Enhanced + One-Step,NYSE:CWK,0.0
2023-06-23,17,AR1 alpha + Enhanced + One-Step,NYSE:CWK,0.0
2023-06-26,17,AR1 alpha + Enhanced + One-Step,NYSE:CWK,0.0
2023-06-27,17,AR1 alpha + Enhanced + One-Step,NYSE:CWK,0.0
2023-06-28,17,AR1 alpha + Enhanced + One-Step,NYSE:CWK,0.0
2023-06-29,17,AR1 alpha + Enhanced + One-Step,NYSE:CWK,0.0
2023-06-30,17,AR1 alpha + Enhanced + One-Step,NYSE:CWK,0.0
2023-07-03,17,AR1 alpha + Enhanced + One-Step,NYSE:CWK,0.0
2023-07-05,17,AR1 alpha + Enhanced + One-Step,NYSE:CWK,0.0
2023-07-06,17,AR1 alpha + Enhanced + One-Step,NYSE:CWK,0.0
2023-07-07,17,AR1 alpha + Enhanced + One-Step,NYSE:CWK,0.0
2023-07-10,17,AR1 alpha + Enhanced + One-Step,NYSE:CWK,5.5117178633393795e-08
2023-07-11,17,AR1 alpha + Enhanced + One-Step,NYSE:CWK,0.0
2023-07-12,17,AR1 alpha + Enhanced + One-Step,NYSE:CWK,7.585076411898056e-08
2023-07-13,17,AR1 alpha + Enhanced + One-Step,NYSE:CWK,0.0
2023-07-14,17,AR1 alpha + Enhanced + One-Step,NYSE:CWK,0.0
2023-07-17,17,AR1 alpha + Enhanced + One-Step,NYSE:CWK,0.0
2023-07-18,17,AR1 alpha + Enhanced + One-Step,NYSE:CWK,2.911005322677581e-07
2023-07-19,17,AR1 alpha + Enhanced + One-Step,NYSE:CWK,0.0
2023-07-20,17,AR1 alpha + Enhanced + One-Step,NYSE:CWK,0.0
2023-07-21,17,AR1 alpha + Enhanced + One-Step,NYSE:CWK,0.0
2023-07-24,17,AR1 alpha + Enhanced + One-Step,NYSE:CWK,0.0
2023-07-25,17,AR1 alpha + Enhanced + One-Step,NYSE:CWK,0.0
2023-07-26,17,AR1 alpha + Enhanced + One-Step,NYSE:CWK,0.0
2023-07-27,17,AR1 alpha + Enhanced + One-Step,NYSE:CWK,1.9879883659913058e-08
2023-08-01,17,AR1 alpha + Enhanced + One-Step,NYSE:CWK,3.857705678744021e-07
2023-08-02,17,AR1 alpha + Enhanced + One-Step,NYSE:CWK,5.9456777143798725e-08
2023-08-03,17,AR1 alpha + Enhanced + One-Step,NYSE:CWK,8.058289800266561e-08
2023-08-04,17,AR1 alpha + Enhanced + One-Step,NYSE:CWK,2.004308489041554e-06
2023-08-07,17,AR1 alpha + Enhanced + One-Step,NYSE:CWK,6.723837321429245e-07
2023-08-08,17,AR1 alpha + Enhanced + One-Step,NYSE:CWK,2.0619667626346655e-07
2023-08-09,17,AR1 alpha + Enhanced + One-Step,NYSE:CWK,0.0
2023-08-10,17,AR1 alpha + Enhanced + One-Step,NYSE:CWK,0.0
2023-08-11,17,AR1 alpha + Enhanced + One-Step,NYSE:CWK,0.0
2023-08-14,17,AR1 alpha + Enhanced + One-Step,NYSE:CWK,0.0
2023-08-15,17,AR1 alpha + Enhanced + One-Step,NYSE:CWK,0.0
2023-08-16,17,AR1 alpha + Enhanced + One-Step,NYSE:CWK,0.0
2023-08-17,17,AR1 alpha + Enhanced + One-Step,NYSE:CWK,0.0
2023-08-18,17,AR1 alpha + Enhanced + One-Step,NYSE:CWK,0.0
2023-08-21,17,AR1 alpha + Enhanced + One-Step,NYSE:CWK,0.0
2023-08-22,17,AR1 alpha + Enhanced + One-Step,NYSE:CWK,0.0
2023-08-23,17,AR1 alpha + Enhanced + One-Step,NYSE:CWK,0.0
2023-08-24,17,AR1 alpha + Enhanced + One-Step,NYSE:CWK,0.0
2023-08-25,17,AR1 alpha + Enhanced + One-Step,NYSE:CWK,0.0
2023-08-28,17,AR1 alpha + Enhanced + One-Step,NYSE:CWK,0.0
2023-08-29,17,AR1 alpha + Enhanced + One-Step,NYSE:CWK,0.0
2023-08-30,17,AR1 alpha + Enhanced + One-Step,NYSE:CWK,0.0
2023-08-31,17,AR1 alpha + Enhanced + One-Step,NYSE:CWK,0.0
2023-09-01,17,AR1 alpha + Enhanced + One-Step,NYSE:CWK,0.0
2023-09-05,17,AR1 alpha + Enhanced + One-Step,NYSE:CWK,0.0
2023-09-06,17,AR1 alpha + Enhanced + One-Step,NYSE:CWK,0.0
2023-09-07,17,AR1 alpha + Enhanced + One-Step,NYSE:CWK,0.0
2023-09-08,17,AR1 alpha + Enhanced + One-Step,NYSE:CWK,0.0
2023-09-11,17,AR1 alpha + Enhanced + One-Step,NYSE:CWK,7.745959027476486e-08
2023-09-12,17,AR1 alpha + Enhanced + One-Step,NYSE:CWK,1.1042533103420079e-07
2023-09-13,17,AR1 alpha + Enhanced + One-Step,NYSE:CWK,5.081113623056042e-08
2023-09-14,17,AR1 alpha + Enhanced + One-Step,NYSE:CWK,2.6677831524540616e-08
2023-09-15,17,AR1 alpha + Enhanced + One-Step,NYSE:CWK,6.395037151705471e-07
2023-09-18,17,AR1 alpha + Enhanced + One-Step,NYSE:CWK,0.0
2023-09-19,17,AR1 alpha + Enhanced + One-Step,NYSE:CWK,0.0
2023-09-20,17,AR1 alpha + Enhanced + One-Step,NYSE:CWK,5.1437395391302406e-09
2023-09-21,17,AR1 alpha + Enhanced + One-Step,NYSE:CWK,6.71157251672345e-08
2023-09-22,17,AR1 alpha + Enhanced + One-Step,NYSE:CWK,3.7199536884954586e-08
2023-09-25,17,AR1 alpha + Enhanced + One-Step,NYSE:CWK,0.0
2023-09-26,17,AR1 alpha + Enhanced + One-Step,NYSE:CWK,0.0
2023-09-27,17,AR1 alpha + Enhanced + One-Step,NYSE:CWK,0.0
2023-09-28,17,AR1 alpha + Enhanced + One-Step,NYSE:CWK,0.0
2023-09-29,17,AR1 alpha + Enhanced + One-Step,NYSE:CWK,0.0
2023-10-02,17,AR1 alpha + Enhanced + One-Step,NYSE:CWK,4.978930356957375e-08
2023-10-03,17,AR1 alpha + Enhanced + One-Step,NYSE:CWK,0.0
2023-10-04,17,AR1 alpha + Enhanced + One-Step,NYSE:CWK,0.0
2023-10-05,17,AR1 alpha + Enhanced + One-Step,NYSE:CWK,0.0
2023-10-06,17,AR1 alpha + Enhanced + One-Step,NYSE:CWK,0.0
2023-10-09,17,AR1 alpha + Enhanced + One-Step,NYSE:CWK,0.0
2023-10-10,17,AR1 alpha + Enhanced + One-Step,NYSE:CWK,0.0
2023-10-11,17,AR1 alpha + Enhanced + One-Step,NYSE:CWK,0.0
2023-10-12,17,AR1 alpha + Enhanced + One-Step,NYSE:CWK,2.6462737960584556e-09
2023-10-13,17,AR1 alpha + Enhanced + One-Step,NYSE:CWK,1.6347649169002663e-08
2023-10-16,17,AR1 alpha + Enhanced + One-Step,NYSE:CWK,2.4159954779088988e-08
2023-10-17,17,AR1 alpha + Enhanced + One-Step,NYSE:CWK,0.0
2023-10-18,17,AR1 alpha + Enhanced + One-Step,NYSE:CWK,8.792390148336245e-08
2023-10-19,17,AR1 alpha + Enhanced + One-Step,NYSE:CWK,2.419549517587619e-08
2023-10-20,17,AR1 alpha + Enhanced + One-Step,NYSE:CWK,3.227355850691766e-08
2023-10-23,17,AR1 alpha + Enhanced + One-Step,NYSE:CWK,0.0
2023-10-24,17,AR1 alpha + Enhanced + One-Step,NYSE:CWK,2.471351510166223e-09
2023-10-25,17,AR1 alpha + Enhanced + One-Step,NYSE:CWK,0.0
2023-10-26,17,AR1 alpha + Enhanced + One-Step,NYSE:CWK,0.0
2023-10-27,17,AR1 alpha + Enhanced + One-Step,NYSE:CWK,0.0
2023-10-30,17,AR1 alpha + Enhanced + One-Step,NYSE:CWK,0.0
2023-10-31,17,AR1 alpha + Enhanced + One-Step,NYSE:CWK,1.0071429969003168e-07
2023-11-01,17,AR1 alpha + Enhanced + One-Step,NYSE:CWK,0.0
2023-11-02,17,AR1 alpha + Enhanced + One-Step,NYSE:CWK,7.388475878715412e-07
2023-11-03,17,AR1 alpha + Enhanced + One-Step,NYSE:CWK,4.699986334117396e-07
2023-11-06,17,AR1 alpha + Enhanced + One-Step,NYSE:CWK,3.138285560862929e-07
2023-11-07,17,AR1 alpha + Enhanced + One-Step,NYSE:CWK,0.0
2023-11-08,17,AR1 alpha + Enhanced + One-Step,NYSE:CWK,0.0
2023-11-09,17,AR1 alpha + Enhanced + One-Step,NYSE:CWK,0.0
2023-11-10,17,AR1 alpha + Enhanced + One-Step,NYSE:CWK,0.0
2023-11-13,17,AR1 alpha + Enhanced + One-Step,NYSE:CWK,0.0
2023-11-14,17,AR1 alpha + Enhanced + One-Step,NYSE:CWK,0.0
2023-11-15,17,AR1 alpha + Enhanced + One-Step,NYSE:CWK,0.0
2023-11-16,17,AR1 alpha + Enhanced + One-Step,NYSE:CWK,0.0
2023-11-17,17,AR1 alpha + Enhanced + One-Step,NYSE:CWK,0.0
2023-11-20,17,AR1 alpha + Enhanced + One-Step,NYSE:CWK,4.9440223433659395e-08
2023-11-21,17,AR1 alpha + Enhanced + One-Step,NYSE:CWK,4.991879575476403e-08
2023-11-22,17,AR1 alpha + Enhanced + One-Step,NYSE:CWK,3.5885677545063483e-09
2023-11-24,17,AR1 alpha + Enhanced + One-Step,NYSE:CWK,1.894142155179316e-09
2023-11-27,17,AR1 alpha + Enhanced + One-Step,NYSE:CWK,7.133946657614686e-09
2023-11-28,17,AR1 alpha + Enhanced + One-Step,NYSE:CWK,4.577194033207351e-08
2023-11-29,17,AR1 alpha + Enhanced + One-Step,NYSE:CWK,0.0
2023-11-30,17,AR1 alpha + Enhanced + One-Step,NYSE:CWK,0.0
2023-12-01,17,AR1 alpha + Enhanced + One-Step,NYSE:CWK,0.0
2023-12-04,17,AR1 alpha + Enhanced + One-Step,NYSE:CWK,0.0
2023-12-05,17,AR1 alpha + Enhanced + One-Step,NYSE:CWK,0.0
2023-12-06,17,AR1 alpha + Enhanced + One-Step,NYSE:CWK,1.895979509665443e-08
2023-12-07,17,AR1 alpha + Enhanced + One-Step,NYSE:CWK,6.524662103786378e-10
2023-12-08,17,AR1 alpha + Enhanced + One-Step,NYSE:CWK,1.985863860901204e-08
2023-12-11,17,AR1 alpha + Enhanced + One-Step,NYSE:CWK,0.0
2023-12-12,17,AR1 alpha + Enhanced + One-Step,NYSE:CWK,0.0
2023-12-13,17,AR1 alpha + Enhanced + One-Step,NYSE:CWK,4.6907105116186874e-07
2023-12-14,17,AR1 alpha + Enhanced + One-Step,NYSE:CWK,2.6646332594292725e-07
2023-12-15,17,AR1 alpha + Enhanced + One-Step,NYSE:CWK,7.933851309734232e-07
2023-12-18,17,AR1 alpha + Enhanced + One-Step,NYSE:CWK,4.565510407730189e-07
2023-12-19,17,AR1 alpha + Enhanced + One-Step,NYSE:CWK,1.8840636808350692e-07
2023-12-20,17,AR1 alpha + Enhanced + One-Step,NYSE:CWK,1.1164559889615984e-06
2023-12-21,17,AR1 alpha + Enhanced + One-Step,NYSE:CWK,4.71318213729449e-07
2023-12-22,17,AR1 alpha + Enhanced + One-Step,NYSE:CWK,2.8822212181049696e-07
2023-12-26,17,AR1 alpha + Enhanced + One-Step,NYSE:CWK,0.0
2023-12-27,17,AR1 alpha + Enhanced + One-Step,NYSE:CWK,0.0
2023-12-28,17,AR1 alpha + Enhanced + One-Step,NYSE:CWK,8.674564315970178e-09
2023-12-29,17,AR1 alpha + Enhanced + One-Step,NYSE:CWK,1.7277879383632434e-07
2024-01-02,17,AR1 alpha + Enhanced + One-Step,NYSE:CWK,0.0
2024-01-03,17,AR1 alpha + Enhanced + One-Step,NYSE:CWK,0.0
2024-01-04,17,AR1 alpha + Enhanced + One-Step,NYSE:CWK,0.0
2024-01-05,17,AR1 alpha + Enhanced + One-Step,NYSE:CWK,3.50794710352785e-07
2024-01-08,17,AR1 alpha + Enhanced + One-Step,NYSE:CWK,4.84376048712216e-07
2024-01-09,17,AR1 alpha + Enhanced + One-Step,NYSE:CWK,0.0
2024-01-10,17,AR1 alpha + Enhanced + One-Step,NYSE:CWK,0.0
2024-01-11,17,AR1 alpha + Enhanced + One-Step,NYSE:CWK,0.0
2024-01-12,17,AR1 alpha + Enhanced + One-Step,NYSE:CWK,0.0
2024-01-16,17,AR1 alpha + Enhanced + One-Step,NYSE:CWK,0.0
2024-01-17,17,AR1 alpha + Enhanced + One-Step,NYSE:CWK,0.0
2024-01-18,17,AR1 alpha + Enhanced + One-Step,NYSE:CWK,0.0
2024-01-19,17,AR1 alpha + Enhanced + One-Step,NYSE:CWK,0.0
2024-01-22,17,AR1 alpha + Enhanced + One-Step,NYSE:CWK,0.0
2024-01-23,17,AR1 alpha + Enhanced + One-Step,NYSE:CWK,0.0
2024-01-24,17,AR1 alpha + Enhanced + One-Step,NYSE:CWK,0.0
2024-01-25,17,AR1 alpha + Enhanced + One-Step,NYSE:CWK,0.0
2024-01-26,17,AR1 alpha + Enhanced + One-Step,NYSE:CWK,0.0
2024-01-29,17,AR1 alpha + Enhanced + One-Step,NYSE:CWK,0.0
2024-01-30,17,AR1 alpha + Enhanced + One-Step,NYSE:CWK,0.0
2024-01-31,17,AR1 alpha + Enhanced + One-Step,NYSE:CWK,0.0
2024-02-01,17,AR1 alpha + Enhanced + One-Step,NYSE:CWK,0.0
2024-02-02,17,AR1 alpha + Enhanced + One-Step,NYSE:CWK,0.0
2024-02-05,17,AR1 alpha + Enhanced + One-Step,NYSE:CWK,0.0
2024-02-06,17,AR1 alpha + Enhanced + One-Step,NYSE:CWK,0.0
2024-02-07,17,AR1 alpha + Enhanced + One-Step,NYSE:CWK,0.0
2024-02-08,17,AR1 alpha + Enhanced + One-Step,NYSE:CWK,0.0
2024-02-09,17,AR1 alpha + Enhanced + One-Step,NYSE:CWK,0.0
2024-02-12,17,AR1 alpha + Enhanced + One-Step,NYSE:CWK,0.0
2024-02-13,17,AR1 alpha + Enhanced + One-Step,NYSE:CWK,4.726538854029687e-07
2024-02-14,17,AR1 alpha + Enhanced + One-Step,NYSE:CWK,4.471200584846638e-07
2024-02-15,17,AR1 alpha + Enhanced + One-Step,NYSE:CWK,3.6159288006701663e-07
2024-02-16,17,AR1 alpha + Enhanced + One-Step,NYSE:CWK,4.287713314821692e-07
2024-02-20,17,AR1 alpha + Enhanced + One-Step,NYSE:CWK,3.729694357521713e-07
2024-02-21,17,AR1 alpha + Enhanced + One-Step,NYSE:CWK,0.0
2024-02-22,17,AR1 alpha + Enhanced + One-Step,NYSE:CWK,0.0
2024-02-23,17,AR1 alpha + Enhanced + One-Step,NYSE:CWK,0.0
2024-02-26,17,AR1 alpha + Enhanced + One-Step,NYSE:CWK,0.0
2024-02-27,17,AR1 alpha + Enhanced + One-Step,NYSE:CWK,0.0
2024-02-28,17,AR1 alpha + Enhanced + One-Step,NYSE:CWK,0.0
2024-02-29,17,AR1 alpha + Enhanced + One-Step,NYSE:CWK,0.0
2024-03-01,17,AR1 alpha + Enhanced + One-Step,NYSE:CWK,0.0
2024-03-04,17,AR1 alpha + Enhanced + One-Step,NYSE:CWK,0.0
2024-03-05,17,AR1 alpha + Enhanced + One-Step,NYSE:CWK,0.0
2024-03-06,17,AR1 alpha + Enhanced + One-Step,NYSE:CWK,0.0
2024-03-07,17,AR1 alpha + Enhanced + One-Step,NYSE:CWK,0.0
2024-03-08,17,AR1 alpha + Enhanced + One-Step,NYSE:CWK,0.0
2024-03-11,17,AR1 alpha + Enhanced + One-Step,NYSE:CWK,0.0
2024-03-12,17,AR1 alpha + Enhanced + One-Step,NYSE:CWK,0.0
2024-03-13,17,AR1 alpha + Enhanced + One-Step,NYSE:CWK,0.0
2024-03-14,17,AR1 alpha + Enhanced + One-Step,NYSE:CWK,0.0
2024-03-15,17,AR1 alpha + Enhanced + One-Step,NYSE:CWK,5.358868312720006e-08
2024-03-18,17,AR1 alpha + Enhanced + One-Step,NYSE:CWK,0.0
2024-03-19,17,AR1 alpha + Enhanced + One-Step,NYSE:CWK,0.0
2024-03-20,17,AR1 alpha + Enhanced + One-Step,NYSE:CWK,0.0
2024-03-21,17,AR1 alpha + Enhanced + One-Step,NYSE:CWK,0.0
2024-03-22,17,AR1 alpha + Enhanced + One-Step,NYSE:CWK,0.0
2024-03-25,17,AR1 alpha + Enhanced + One-Step,NYSE:CWK,0.0
2024-03-26,17,AR1 alpha + Enhanced + One-Step,NYSE:CWK,0.0
2024-03-27,17,AR1 alpha + Enhanced + One-Step,NYSE:CWK,0.0
2024-03-28,17,AR1 alpha + Enhanced + One-Step,NYSE:CWK,1.3681083586253768e-07
2024-04-01,17,AR1 alpha + Enhanced + One-Step,NYSE:CWK,1.4258832890956976e-07
2024-04-02,17,AR1 alpha + Enhanced + One-Step,NYSE:CWK,2.494958871785009e-09
2024-04-03,17,AR1 alpha + Enhanced + One-Step,NYSE:CWK,0.0
2024-04-04,17,AR1 alpha + Enhanced + One-Step,NYSE:CWK,0.0
2024-04-05,17,AR1 alpha + Enhanced + One-Step,NYSE:CWK,0.0
2024-04-08,17,AR1 alpha + Enhanced + One-Step,NYSE:CWK,1.0334541825011081e-07
2024-04-09,17,AR1 alpha + Enhanced + One-Step,NYSE:CWK,0.0
2024-04-10,17,AR1 alpha + Enhanced + One-Step,NYSE:CWK,0.0
2024-04-11,17,AR1 alpha + Enhanced + One-Step,NYSE:CWK,0.0
2024-04-12,17,AR1 alpha + Enhanced + One-Step,NYSE:CWK,0.0
2024-04-15,17,AR1 alpha + Enhanced + One-Step,NYSE:CWK,0.0
2024-04-16,17,AR1 alpha + Enhanced + One-Step,NYSE:CWK,0.0
2024-04-17,17,AR1 alpha + Enhanced + One-Step,NYSE:CWK,2.3785358805691988e-08
2024-04-18,17,AR1 alpha + Enhanced + One-Step,NYSE:CWK,0.0
2024-04-19,17,AR1 alpha + Enhanced + One-Step,NYSE:CWK,0.0
2020-03-25,17,AR1 alpha + Enhanced + One-Step,NYSE:GM,0.020000000000007227
2020-03-26,17,AR1 alpha + Enhanced + One-Step,NYSE:GM,0.02000000000001305
2020-03-27,17,AR1 alpha + Enhanced + One-Step,NYSE:GM,0.019999987524126937
2020-03-30,17,AR1 alpha + Enhanced + One-Step,NYSE:GM,0.020001255408457565
2020-03-31,17,AR1 alpha + Enhanced + One-Step,NYSE:GM,0.020002598737806975
2020-04-01,17,AR1 alpha + Enhanced + One-Step,NYSE:GM,0.020002537289408654
2020-04-02,17,AR1 alpha + Enhanced + One-Step,NYSE:GM,0.020003790833483623
2020-04-03,17,AR1 alpha + Enhanced + One-Step,NYSE:GM,0.020004360242110362
2020-04-06,17,AR1 alpha + Enhanced + One-Step,NYSE:GM,0.020005115729102036
2020-04-07,17,AR1 alpha + Enhanced + One-Step,NYSE:GM,0.02000469366740637
2020-04-08,17,AR1 alpha + Enhanced + One-Step,NYSE:GM,0.020004725412608997
2020-04-09,17,AR1 alpha + Enhanced + One-Step,NYSE:GM,0.020004735366753398
2020-04-13,17,AR1 alpha + Enhanced + One-Step,NYSE:GM,0.02000574277588607
2020-04-14,17,AR1 alpha + Enhanced + One-Step,NYSE:GM,0.020006018046999856
2020-04-15,17,AR1 alpha + Enhanced + One-Step,NYSE:GM,0.020007706332444634
2020-04-16,17,AR1 alpha + Enhanced + One-Step,NYSE:GM,0.02000871597750314
2020-04-17,17,AR1 alpha + Enhanced + One-Step,NYSE:GM,0.020008844976239292
2020-04-20,17,AR1 alpha + Enhanced + One-Step,NYSE:GM,0.020008620342179317
2020-04-21,17,AR1 alpha + Enhanced + One-Step,NYSE:GM,7.587015683807232e-08
2020-04-22,17,AR1 alpha + Enhanced + One-Step,NYSE:GM,1.1572170989172056e-07
2020-04-23,17,AR1 alpha + Enhanced + One-Step,NYSE:GM,1.916011207411617e-08
2020-04-24,17,AR1 alpha + Enhanced + One-Step,NYSE:GM,2.8042484033696667e-08
2020-04-27,17,AR1 alpha + Enhanced + One-Step,NYSE:GM,9.960275183913896e-09
2020-04-28,17,AR1 alpha + Enhanced + One-Step,NYSE:GM,2.6994920345713395e-09
2020-04-29,17,AR1 alpha + Enhanced + One-Step,NYSE:GM,7.538511070154666e-10
2020-04-30,17,AR1 alpha + Enhanced + One-Step,NYSE:GM,0.0
2020-05-01,17,AR1 alpha + Enhanced + One-Step,NYSE:GM,0.0
2020-05-04,17,AR1 alpha + Enhanced + One-Step,NYSE:GM,9.986571136853139e-09
2020-05-05,17,AR1 alpha + Enhanced + One-Step,NYSE:GM,0.0
2020-05-06,17,AR1 alpha + Enhanced + One-Step,NYSE:GM,0.0
2020-05-07,17,AR1 alpha + Enhanced + One-Step,NYSE:GM,1.591421024072045e-08
2020-05-08,17,AR1 alpha + Enhanced + One-Step,NYSE:GM,0.0
2020-05-11,17,AR1 alpha + Enhanced + One-Step,NYSE:GM,0.0
2020-05-12,17,AR1 alpha + Enhanced + One-Step,NYSE:GM,0.0
2020-05-13,17,AR1 alpha + Enhanced + One-Step,NYSE:GM,4.1425689324265e-08
2020-05-14,17,AR1 alpha + Enhanced + One-Step,NYSE:GM,0.0
2020-05-15,17,AR1 alpha + Enhanced + One-Step,NYSE:GM,3.437161539107176e-08
2020-05-18,17,AR1 alpha + Enhanced + One-Step,NYSE:GM,3.9987069066210565e-08
2020-05-19,17,AR1 alpha + Enhanced + One-Step,NYSE:GM,0.0
2020-05-20,17,AR1 alpha + Enhanced + One-Step,NYSE:GM,1.649250304330265e-08
2020-05-21,17,AR1 alpha + Enhanced + One-Step,NYSE:GM,0.0
2020-05-22,17,AR1 alpha + Enhanced + One-Step,NYSE:GM,0.0
2020-05-26,17,AR1 alpha + Enhanced + One-Step,NYSE:GM,2.1791686393484865e-10
2020-05-27,17,AR1 alpha + Enhanced + One-Step,NYSE:GM,1.3454151743965873e-08
2020-05-28,17,AR1 alpha + Enhanced + One-Step,NYSE:GM,6.971506855007601e-09
2020-05-29,17,AR1 alpha + Enhanced + One-Step,NYSE:GM,3.3349599839291804e-09
2020-06-01,17,AR1 alpha + Enhanced + One-Step,NYSE:GM,3.3265566330200636e-08
2020-06-02,17,AR1 alpha + Enhanced + One-Step,NYSE:GM,0.0
2020-06-03,17,AR1 alpha + Enhanced + One-Step,NYSE:GM,2.4808887363177703e-07
2020-06-04,17,AR1 alpha + Enhanced + One-Step,NYSE:GM,0.0
2020-06-05,17,AR1 alpha + Enhanced + One-Step,NYSE:GM,0.0
2020-06-08,17,AR1 alpha + Enhanced + One-Step,NYSE:GM,0.0
2020-06-09,17,AR1 alpha + Enhanced + One-Step,NYSE:GM,2.732139944120421e-09
2020-06-10,17,AR1 alpha + Enhanced + One-Step,NYSE:GM,1.1946884244727684e-09
2020-06-11,17,AR1 alpha + Enhanced + One-Step,NYSE:GM,2.1930052624777843e-07
2020-06-12,17,AR1 alpha + Enhanced + One-Step,NYSE:GM,9.6337683944815e-08
2020-06-15,17,AR1 alpha + Enhanced + One-Step,NYSE:GM,0.0
2020-06-16,17,AR1 alpha + Enhanced + One-Step,NYSE:GM,6.995788003519826e-09
2020-06-17,17,AR1 alpha + Enhanced + One-Step,NYSE:GM,0.0
2020-06-18,17,AR1 alpha + Enhanced + One-Step,NYSE:GM,0.0
2020-06-19,17,AR1 alpha + Enhanced + One-Step,NYSE:GM,6.215158387095458e-08
2020-06-22,17,AR1 alpha + Enhanced + One-Step,NYSE:GM,5.46063366065122e-08
2020-06-23,17,AR1 alpha + Enhanced + One-Step,NYSE:GM,2.0060940360905536e-08
2020-06-24,17,AR1 alpha + Enhanced + One-Step,NYSE:GM,1.2409810255174463e-08
2020-06-25,17,AR1 alpha + Enhanced + One-Step,NYSE:GM,2.5997524392003287e-08
2020-06-26,17,AR1 alpha + Enhanced + One-Step,NYSE:GM,0.0
2020-06-29,17,AR1 alpha + Enhanced + One-Step,NYSE:GM,0.0
2020-06-30,17,AR1 alpha + Enhanced + One-Step,NYSE:GM,0.0
2020-07-01,17,AR1 alpha + Enhanced + One-Step,NYSE:GM,0.0
2020-07-02,17,AR1 alpha + Enhanced + One-Step,NYSE:GM,0.0
2020-07-06,17,AR1 alpha + Enhanced + One-Step,NYSE:GM,0.0
2020-07-07,17,AR1 alpha + Enhanced + One-Step,NYSE:GM,0.0
2020-07-08,17,AR1 alpha + Enhanced + One-Step,NYSE:GM,0.0
2020-07-09,17,AR1 alpha + Enhanced + One-Step,NYSE:GM,0.0
2020-07-10,17,AR1 alpha + Enhanced + One-Step,NYSE:GM,0.0
2020-07-13,17,AR1 alpha + Enhanced + One-Step,NYSE:GM,0.0
2020-07-14,17,AR1 alpha + Enhanced + One-Step,NYSE:GM,0.0
2020-07-15,17,AR1 alpha + Enhanced + One-Step,NYSE:GM,2.140042650118892e-08
2020-07-16,17,AR1 alpha + Enhanced + One-Step,NYSE:GM,0.0
2020-07-17,17,AR1 alpha + Enhanced + One-Step,NYSE:GM,0.0
2020-07-20,17,AR1 alpha + Enhanced + One-Step,NYSE:GM,4.123093818755523e-08
2020-07-21,17,AR1 alpha + Enhanced + One-Step,NYSE:GM,6.851999910833163e-08
2020-07-22,17,AR1 alpha + Enhanced + One-Step,NYSE:GM,6.360137862588672e-08
2020-07-23,17,AR1 alpha + Enhanced + One-Step,NYSE:GM,0.0
2020-07-24,17,AR1 alpha + Enhanced + One-Step,NYSE:GM,0.0
2020-07-27,17,AR1 alpha + Enhanced + One-Step,NYSE:GM,0.0
2020-07-28,17,AR1 alpha + Enhanced + One-Step,NYSE:GM,1.079837837589644e-08
2020-07-29,17,AR1 alpha + Enhanced + One-Step,NYSE:GM,0.0
2020-07-30,17,AR1 alpha + Enhanced + One-Step,NYSE:GM,0.0
2020-07-31,17,AR1 alpha + Enhanced + One-Step,NYSE:GM,0.0
2020-08-03,17,AR1 alpha + Enhanced + One-Step,NYSE:GM,1.0890358025968585e-07
2020-08-04,17,AR1 alpha + Enhanced + One-Step,NYSE:GM,3.083405911415819e-08
2020-08-05,17,AR1 alpha + Enhanced + One-Step,NYSE:GM,0.0
2020-08-06,17,AR1 alpha + Enhanced + One-Step,NYSE:GM,0.0
2020-08-07,17,AR1 alpha + Enhanced + One-Step,NYSE:GM,2.5767097260792633e-08
2020-08-10,17,AR1 alpha + Enhanced + One-Step,NYSE:GM,5.011075380085321e-08
2020-08-11,17,AR1 alpha + Enhanced + One-Step,NYSE:GM,0.0
2020-08-12,17,AR1 alpha + Enhanced + One-Step,NYSE:GM,4.6150059300431725e-10
2020-08-13,17,AR1 alpha + Enhanced + One-Step,NYSE:GM,6.48278689867593e-10
2020-08-14,17,AR1 alpha + Enhanced + One-Step,NYSE:GM,1.5253208439305016e-09
2020-08-17,17,AR1 alpha + Enhanced + One-Step,NYSE:GM,1.952437584760379e-07
2020-08-18,17,AR1 alpha + Enhanced + One-Step,NYSE:GM,2.0215107884810342e-07
2020-08-19,17,AR1 alpha + Enhanced + One-Step,NYSE:GM,2.2004949105715963e-07
2020-08-20,17,AR1 alpha + Enhanced + One-Step,NYSE:GM,0.0
2020-08-21,17,AR1 alpha + Enhanced + One-Step,NYSE:GM,0.0
2020-08-24,17,AR1 alpha + Enhanced + One-Step,NYSE:GM,0.0
2020-08-25,17,AR1 alpha + Enhanced + One-Step,NYSE:GM,6.861993166347777e-08
2020-08-26,17,AR1 alpha + Enhanced + One-Step,NYSE:GM,0.0
2020-08-27,17,AR1 alpha + Enhanced + One-Step,NYSE:GM,0.0
2020-08-28,17,AR1 alpha + Enhanced + One-Step,NYSE:GM,2.9877471861615207e-09
2020-08-31,17,AR1 alpha + Enhanced + One-Step,NYSE:GM,0.0
2020-09-01,17,AR1 alpha + Enhanced + One-Step,NYSE:GM,0.0
2020-09-02,17,AR1 alpha + Enhanced + One-Step,NYSE:GM,0.0
2020-09-03,17,AR1 alpha + Enhanced + One-Step,NYSE:GM,0.0
2020-09-04,17,AR1 alpha + Enhanced + One-Step,NYSE:GM,3.126548632116114e-08
2020-09-08,17,AR1 alpha + Enhanced + One-Step,NYSE:GM,1.9117158667700848e-08
2020-09-09,17,AR1 alpha + Enhanced + One-Step,NYSE:GM,5.169435141800615e-08
2020-09-10,17,AR1 alpha + Enhanced + One-Step,NYSE:GM,0.0
2020-09-11,17,AR1 alpha + Enhanced + One-Step,NYSE:GM,3.780192915638559e-08
2020-09-14,17,AR1 alpha + Enhanced + One-Step,NYSE:GM,3.081764402506291e-07
2020-09-15,17,AR1 alpha + Enhanced + One-Step,NYSE:GM,1.7898226907830235e-07
2020-09-16,17,AR1 alpha + Enhanced + One-Step,NYSE:GM,6.081330498296857e-08
2020-09-17,17,AR1 alpha + Enhanced + One-Step,NYSE:GM,0.0
2020-09-18,17,AR1 alpha + Enhanced + One-Step,NYSE:GM,2.56607113524183e-08
2020-09-21,17,AR1 alpha + Enhanced + One-Step,NYSE:GM,0.0
2020-09-22,17,AR1 alpha + Enhanced + One-Step,NYSE:GM,3.1164263983812147e-08
2020-09-23,17,AR1 alpha + Enhanced + One-Step,NYSE:GM,0.0
2020-09-24,17,AR1 alpha + Enhanced + One-Step,NYSE:GM,0.0
2020-09-25,17,AR1 alpha + Enhanced + One-Step,NYSE:GM,0.0
2020-09-28,17,AR1 alpha + Enhanced + One-Step,NYSE:GM,1.2452574584778116e-07
2020-09-29,17,AR1 alpha + Enhanced + One-Step,NYSE:GM,1.0380735295345747e-07
2020-09-30,17,AR1 alpha + Enhanced + One-Step,NYSE:GM,0.0
2020-10-01,17,AR1 alpha + Enhanced + One-Step,NYSE:GM,1.2217780392480452e-07
2020-10-02,17,AR1 alpha + Enhanced + One-Step,NYSE:GM,1.1821842697657067e-07
2020-10-05,17,AR1 alpha + Enhanced + One-Step,NYSE:GM,3.3707261743799476e-07
2020-10-06,17,AR1 alpha + Enhanced + One-Step,NYSE:GM,6.801487571460021e-08
2020-10-07,17,AR1 alpha + Enhanced + One-Step,NYSE:GM,6.442902451367148e-07
2020-10-08,17,AR1 alpha + Enhanced + One-Step,NYSE:GM,2.602980125924439e-07
2020-10-09,17,AR1 alpha + Enhanced + One-Step,NYSE:GM,4.429884176021838e-08
2020-10-12,17,AR1 alpha + Enhanced + One-Step,NYSE:GM,2.6168042600375292e-08
2020-10-13,17,AR1 alpha + Enhanced + One-Step,NYSE:GM,3.1545304250516294e-07
2020-10-14,17,AR1 alpha + Enhanced + One-Step,NYSE:GM,9.74047694977895e-08
2020-10-15,17,AR1 alpha + Enhanced + One-Step,NYSE:GM,0.0
2020-10-16,17,AR1 alpha + Enhanced + One-Step,NYSE:GM,0.0
2020-10-19,17,AR1 alpha + Enhanced + One-Step,NYSE:GM,0.0
2020-10-20,17,AR1 alpha + Enhanced + One-Step,NYSE:GM,0.01990595305340225
2020-10-21,17,AR1 alpha + Enhanced + One-Step,NYSE:GM,0.028102589890252362
2020-10-22,17,AR1 alpha + Enhanced + One-Step,NYSE:GM,0.051311634517556375
2020-10-23,17,AR1 alpha + Enhanced + One-Step,NYSE:GM,0.06735279261571404
2020-10-26,17,AR1 alpha + Enhanced + One-Step,NYSE:GM,0.055899384333024896
2020-10-27,17,AR1 alpha + Enhanced + One-Step,NYSE:GM,0.05590014609634855
2020-10-28,17,AR1 alpha + Enhanced + One-Step,NYSE:GM,0.04767202954482982
2020-10-29,17,AR1 alpha + Enhanced + One-Step,NYSE:GM,0.04767264421420521
2020-10-30,17,AR1 alpha + Enhanced + One-Step,NYSE:GM,0.047672391838152736
2020-11-02,17,AR1 alpha + Enhanced + One-Step,NYSE:GM,0.047674272581270306
2020-11-03,17,AR1 alpha + Enhanced + One-Step,NYSE:GM,0.04767297148078777
2020-11-04,17,AR1 alpha + Enhanced + One-Step,NYSE:GM,0.04767626741889925
2020-11-05,17,AR1 alpha + Enhanced + One-Step,NYSE:GM,0.0476761209657729
2020-11-06,17,AR1 alpha + Enhanced + One-Step,NYSE:GM,0.047676103454371704
2020-11-09,17,AR1 alpha + Enhanced + One-Step,NYSE:GM,0.047676140916165115
2020-11-10,17,AR1 alpha + Enhanced + One-Step,NYSE:GM,0.04767394673699345
2020-11-11,17,AR1 alpha + Enhanced + One-Step,NYSE:GM,0.05750854994981005
2020-11-12,17,AR1 alpha + Enhanced + One-Step,NYSE:GM,0.057508211610118945
2020-11-13,17,AR1 alpha + Enhanced + One-Step,NYSE:GM,0.0575082178711871
2020-11-16,17,AR1 alpha + Enhanced + One-Step,NYSE:GM,0.057508200516321606
2020-11-17,17,AR1 alpha + Enhanced + One-Step,NYSE:GM,0.057507279199405015
2020-11-18,17,AR1 alpha + Enhanced + One-Step,NYSE:GM,0.057505969579982004
2020-11-19,17,AR1 alpha + Enhanced + One-Step,NYSE:GM,0.05750430762385699
2020-11-20,17,AR1 alpha + Enhanced + One-Step,NYSE:GM,0.057504308293174704
2020-11-23,17,AR1 alpha + Enhanced + One-Step,NYSE:GM,0.06913094689059505
2020-11-24,17,AR1 alpha + Enhanced + One-Step,NYSE:GM,0.09153521522921422
2020-11-25,17,AR1 alpha + Enhanced + One-Step,NYSE:GM,0.09153410242131414
2020-11-27,17,AR1 alpha + Enhanced + One-Step,NYSE:GM,0.09152975258818186
2020-11-30,17,AR1 alpha + Enhanced + One-Step,NYSE:GM,0.06663428025677276
2020-12-01,17,AR1 alpha + Enhanced + One-Step,NYSE:GM,0.06663453806889685
2020-12-04,17,AR1 alpha + Enhanced + One-Step,NYSE:GM,0.06663470169506842
2020-12-07,17,AR1 alpha + Enhanced + One-Step,NYSE:GM,0.06663309375704914
2020-12-08,17,AR1 alpha + Enhanced + One-Step,NYSE:GM,0.06663329442911871
2020-12-09,17,AR1 alpha + Enhanced + One-Step,NYSE:GM,0.059017643696223664
2020-12-10,17,AR1 alpha + Enhanced + One-Step,NYSE:GM,0.03436121808720007
2020-12-11,17,AR1 alpha + Enhanced + One-Step,NYSE:GM,0.024954474286901784
2020-12-14,17,AR1 alpha + Enhanced + One-Step,NYSE:GM,0.024954451902385037
2020-12-15,17,AR1 alpha + Enhanced + One-Step,NYSE:GM,0.013220302847073344
2020-12-16,17,AR1 alpha + Enhanced + One-Step,NYSE:GM,0.00736954181360868
2020-12-17,17,AR1 alpha + Enhanced + One-Step,NYSE:GM,0.00736938188384899
2020-12-18,17,AR1 alpha + Enhanced + One-Step,NYSE:GM,0.007370988057602314
2020-12-21,17,AR1 alpha + Enhanced + One-Step,NYSE:GM,0.007371238740085862
2020-12-22,17,AR1 alpha + Enhanced + One-Step,NYSE:GM,0.00737125008636091
2020-12-23,17,AR1 alpha + Enhanced + One-Step,NYSE:GM,0.007370970317986263
2020-12-24,17,AR1 alpha + Enhanced + One-Step,NYSE:GM,0.007370934461843807
2020-12-28,17,AR1 alpha + Enhanced + One-Step,NYSE:GM,0.007370817737523399
2020-12-29,17,AR1 alpha + Enhanced + One-Step,NYSE:GM,0.007370573030741678
2020-12-30,17,AR1 alpha + Enhanced + One-Step,NYSE:GM,0.004083232946850011
2020-12-31,17,AR1 alpha + Enhanced + One-Step,NYSE:GM,0.0040829713825888975
2021-01-04,17,AR1 alpha + Enhanced + One-Step,NYSE:GM,3.1474082697436156e-08
2021-01-05,17,AR1 alpha + Enhanced + One-Step,NYSE:GM,2.7990743182764994e-08
2021-01-06,17,AR1 alpha + Enhanced + One-Step,NYSE:GM,2.188349466320859e-09
2021-01-07,17,AR1 alpha + Enhanced + One-Step,NYSE:GM,2.0479107278750773e-07
2021-01-08,17,AR1 alpha + Enhanced + One-Step,NYSE:GM,0.0
2021-01-11,17,AR1 alpha + Enhanced + One-Step,NYSE:GM,1.7698368393751952e-06
2021-01-12,17,AR1 alpha + Enhanced + One-Step,NYSE:GM,0.0
2021-01-13,17,AR1 alpha + Enhanced + One-Step,NYSE:GM,0.011599132694539695
2021-01-14,17,AR1 alpha + Enhanced + One-Step,NYSE:GM,0.029698172714438767
2021-01-15,17,AR1 alpha + Enhanced + One-Step,NYSE:GM,0.02969788250602358
2021-01-19,17,AR1 alpha + Enhanced + One-Step,NYSE:GM,0.05470155493396908
2021-01-20,17,AR1 alpha + Enhanced + One-Step,NYSE:GM,0.07972120716518027
2021-01-21,17,AR1 alpha + Enhanced + One-Step,NYSE:GM,0.10000130445590694
2021-01-22,17,AR1 alpha + Enhanced + One-Step,NYSE:GM,0.09999678033895322
2021-01-25,17,AR1 alpha + Enhanced + One-Step,NYSE:GM,0.09999687204254988
2021-01-26,17,AR1 alpha + Enhanced + One-Step,NYSE:GM,0.07903084376411323
2021-01-27,17,AR1 alpha + Enhanced + One-Step,NYSE:GM,0.053994989067374835
2021-01-28,17,AR1 alpha + Enhanced + One-Step,NYSE:GM,0.05399550430975001
2021-01-29,17,AR1 alpha + Enhanced + One-Step,NYSE:GM,0.05399509193000394
2021-02-01,17,AR1 alpha + Enhanced + One-Step,NYSE:GM,0.05399505211294785
2021-02-02,17,AR1 alpha + Enhanced + One-Step,NYSE:GM,0.05399507831509582
2021-02-03,17,AR1 alpha + Enhanced + One-Step,NYSE:GM,0.057698863703385485
2021-02-04,17,AR1 alpha + Enhanced + One-Step,NYSE:GM,0.058048397089868635
2021-02-05,17,AR1 alpha + Enhanced + One-Step,NYSE:GM,0.05804728068889251
2021-02-08,17,AR1 alpha + Enhanced + One-Step,NYSE:GM,0.058047631662847765
2021-02-09,17,AR1 alpha + Enhanced + One-Step,NYSE:GM,0.058047632427829975
2021-02-10,17,AR1 alpha + Enhanced + One-Step,NYSE:GM,0.05804803874622204
2021-02-11,17,AR1 alpha + Enhanced + One-Step,NYSE:GM,0.058048430877339886
2021-02-12,17,AR1 alpha + Enhanced + One-Step,NYSE:GM,0.058048403497263514
2021-02-16,17,AR1 alpha + Enhanced + One-Step,NYSE:GM,0.05804835582840992
2021-02-17,17,AR1 alpha + Enhanced + One-Step,NYSE:GM,0.05281308795345252
2021-02-18,17,AR1 alpha + Enhanced + One-Step,NYSE:GM,0.04859637550798354
2021-02-19,17,AR1 alpha + Enhanced + One-Step,NYSE:GM,0.04634261918325306
2021-02-22,17,AR1 alpha + Enhanced + One-Step,NYSE:GM,0.046343797221431
2021-02-23,17,AR1 alpha + Enhanced + One-Step,NYSE:GM,0.04634700526977583
2021-02-24,17,AR1 alpha + Enhanced + One-Step,NYSE:GM,0.04634715007087586
2021-02-25,17,AR1 alpha + Enhanced + One-Step,NYSE:GM,0.04633412899331778
2021-02-26,17,AR1 alpha + Enhanced + One-Step,NYSE:GM,0.04633424447379092
2021-03-01,17,AR1 alpha + Enhanced + One-Step,NYSE:GM,0.046334533246060905
2021-03-02,17,AR1 alpha + Enhanced + One-Step,NYSE:GM,0.046334164736680165
2021-03-03,17,AR1 alpha + Enhanced + One-Step,NYSE:GM,0.04633396302173123
2021-03-04,17,AR1 alpha + Enhanced + One-Step,NYSE:GM,0.04633396479531546
2021-03-05,17,AR1 alpha + Enhanced + One-Step,NYSE:GM,0.04633279942775193
2021-03-08,17,AR1 alpha + Enhanced + One-Step,NYSE:GM,0.04633282399434014
2021-03-09,17,AR1 alpha + Enhanced + One-Step,NYSE:GM,0.050422815606945046
2021-03-10,17,AR1 alpha + Enhanced + One-Step,NYSE:GM,0.07222141166188907
2021-03-11,17,AR1 alpha + Enhanced + One-Step,NYSE:GM,0.07222020553423977
2021-03-12,17,AR1 alpha + Enhanced + One-Step,NYSE:GM,0.07222018927759483
2021-03-15,17,AR1 alpha + Enhanced + One-Step,NYSE:GM,0.0722229031572404
2021-03-16,17,AR1 alpha + Enhanced + One-Step,NYSE:GM,0.07222309190271556
2021-03-17,17,AR1 alpha + Enhanced + One-Step,NYSE:GM,0.07222216775379435
2021-03-18,17,AR1 alpha + Enhanced + One-Step,NYSE:GM,0.07222217442578173
2021-03-19,17,AR1 alpha + Enhanced + One-Step,NYSE:GM,0.07754435099739168
2021-03-22,17,AR1 alpha + Enhanced + One-Step,NYSE:GM,0.07754458145785598
2021-03-23,17,AR1 alpha + Enhanced + One-Step,NYSE:GM,0.07754630127935838
2021-03-24,17,AR1 alpha + Enhanced + One-Step,NYSE:GM,0.07754626763962882
2021-03-25,17,AR1 alpha + Enhanced + One-Step,NYSE:GM,0.07754643074888345
2021-03-26,17,AR1 alpha + Enhanced + One-Step,NYSE:GM,0.07754671790709973
2021-03-29,17,AR1 alpha + Enhanced + One-Step,NYSE:GM,0.07754695474355452
2021-03-30,17,AR1 alpha + Enhanced + One-Step,NYSE:GM,0.07754693648414968
2021-03-31,17,AR1 alpha + Enhanced + One-Step,NYSE:GM,0.07754591688239432
2021-04-01,17,AR1 alpha + Enhanced + One-Step,NYSE:GM,0.07754663465447814
2021-04-05,17,AR1 alpha + Enhanced + One-Step,NYSE:GM,0.09802477843497488
2021-04-06,17,AR1 alpha + Enhanced + One-Step,NYSE:GM,0.10000104991995099
2021-04-07,17,AR1 alpha + Enhanced + One-Step,NYSE:GM,0.09999740943089397
2021-04-08,17,AR1 alpha + Enhanced + One-Step,NYSE:GM,0.09999525422586397
2021-04-09,17,AR1 alpha + Enhanced + One-Step,NYSE:GM,0.09999722539997735
2021-04-12,17,AR1 alpha + Enhanced + One-Step,NYSE:GM,0.09999575873582174
2021-04-13,17,AR1 alpha + Enhanced + One-Step,NYSE:GM,0.09999207320382505
2021-04-14,17,AR1 alpha + Enhanced + One-Step,NYSE:GM,0.09999023823721323
2021-04-15,17,AR1 alpha + Enhanced + One-Step,NYSE:GM,0.09999442903425347
2021-04-16,17,AR1 alpha + Enhanced + One-Step,NYSE:GM,0.09999668964311993
2021-04-19,17,AR1 alpha + Enhanced + One-Step,NYSE:GM,0.09999803875738131
2021-04-20,17,AR1 alpha + Enhanced + One-Step,NYSE:GM,0.09999655629637665
2021-04-21,17,AR1 alpha + Enhanced + One-Step,NYSE:GM,0.09999597065549527
2021-04-22,17,AR1 alpha + Enhanced + One-Step,NYSE:GM,0.09999406420465047
2021-04-23,17,AR1 alpha + Enhanced + One-Step,NYSE:GM,0.0999954351963254
2021-04-26,17,AR1 alpha + Enhanced + One-Step,NYSE:GM,0.09999606706794799
2021-04-27,17,AR1 alpha + Enhanced + One-Step,NYSE:GM,0.09999744472888979
2021-04-28,17,AR1 alpha + Enhanced + One-Step,NYSE:GM,0.09999831751412008
2021-04-29,17,AR1 alpha + Enhanced + One-Step,NYSE:GM,0.09999890247354459
2021-04-30,17,AR1 alpha + Enhanced + One-Step,NYSE:GM,0.09999299952768963
2021-05-03,17,AR1 alpha + Enhanced + One-Step,NYSE:GM,0.09999935907398666
2021-05-04,17,AR1 alpha + Enhanced + One-Step,NYSE:GM,0.09999948920160177
2021-05-05,17,AR1 alpha + Enhanced + One-Step,NYSE:GM,0.09999967484793179
2021-05-06,17,AR1 alpha + Enhanced + One-Step,NYSE:GM,0.10000007524376088
2021-05-07,17,AR1 alpha + Enhanced + One-Step,NYSE:GM,0.10000018410942257
2021-05-10,17,AR1 alpha + Enhanced + One-Step,NYSE:GM,0.10000024429680845
2021-05-11,17,AR1 alpha + Enhanced + One-Step,NYSE:GM,0.10000017095929113
2021-05-12,17,AR1 alpha + Enhanced + One-Step,NYSE:GM,0.09999996240609071
2021-05-13,17,AR1 alpha + Enhanced + One-Step,NYSE:GM,0.0999981959220415
2021-05-14,17,AR1 alpha + Enhanced + One-Step,NYSE:GM,0.09999888544485674
2021-05-17,17,AR1 alpha + Enhanced + One-Step,NYSE:GM,0.09999814103353859
2021-05-18,17,AR1 alpha + Enhanced + One-Step,NYSE:GM,0.09999925518006093
2021-05-19,17,AR1 alpha + Enhanced + One-Step,NYSE:GM,0.09999988403212666
2021-05-20,17,AR1 alpha + Enhanced + One-Step,NYSE:GM,0.09999995437771289
2021-05-21,17,AR1 alpha + Enhanced + One-Step,NYSE:GM,0.09999996722306728
2021-05-24,17,AR1 alpha + Enhanced + One-Step,NYSE:GM,0.09999654071165696
2021-05-25,17,AR1 alpha + Enhanced + One-Step,NYSE:GM,0.09998947219395198
2021-05-26,17,AR1 alpha + Enhanced + One-Step,NYSE:GM,0.09998612404599204
2021-05-27,17,AR1 alpha + Enhanced + One-Step,NYSE:GM,0.09999230295422258
2021-05-28,17,AR1 alpha + Enhanced + One-Step,NYSE:GM,0.09999291398976588
2021-06-01,17,AR1 alpha + Enhanced + One-Step,NYSE:GM,0.09998816574534768
2021-06-02,17,AR1 alpha + Enhanced + One-Step,NYSE:GM,0.09998921589139162
2021-06-03,17,AR1 alpha + Enhanced + One-Step,NYSE:GM,0.099985210633761
2021-06-04,17,AR1 alpha + Enhanced + One-Step,NYSE:GM,0.09998459356200888
2021-06-07,17,AR1 alpha + Enhanced + One-Step,NYSE:GM,0.09998794890400818
2021-06-08,17,AR1 alpha + Enhanced + One-Step,NYSE:GM,0.09998612671891619
2021-06-09,17,AR1 alpha + Enhanced + One-Step,NYSE:GM,0.09999008276278325
2021-06-10,17,AR1 alpha + Enhanced + One-Step,NYSE:GM,0.09998786829793822
2021-06-11,17,AR1 alpha + Enhanced + One-Step,NYSE:GM,0.09999204475974958
2021-06-14,17,AR1 alpha + Enhanced + One-Step,NYSE:GM,0.09999013735154143
2021-06-15,17,AR1 alpha + Enhanced + One-Step,NYSE:GM,0.0999870492159153
2021-06-16,17,AR1 alpha + Enhanced + One-Step,NYSE:GM,0.09998394528935685
2021-06-17,17,AR1 alpha + Enhanced + One-Step,NYSE:GM,0.09997982933176439
2021-06-18,17,AR1 alpha + Enhanced + One-Step,NYSE:GM,0.09997879757513176
2021-06-21,17,AR1 alpha + Enhanced + One-Step,NYSE:GM,0.09998612579295417
2021-06-22,17,AR1 alpha + Enhanced + One-Step,NYSE:GM,0.09998709187420957
2021-06-23,17,AR1 alpha + Enhanced + One-Step,NYSE:GM,0.09998784205229677
2021-06-24,17,AR1 alpha + Enhanced + One-Step,NYSE:GM,0.09999472727702323
2021-06-25,17,AR1 alpha + Enhanced + One-Step,NYSE:GM,0.099996983192352
2021-06-28,17,AR1 alpha + Enhanced + One-Step,NYSE:GM,0.09999813484253656
2021-06-29,17,AR1 alpha + Enhanced + One-Step,NYSE:GM,0.09999874278136925
2021-06-30,17,AR1 alpha + Enhanced + One-Step,NYSE:GM,0.09999836609222527
2021-07-01,17,AR1 alpha + Enhanced + One-Step,NYSE:GM,0.09999873595085447
2021-07-02,17,AR1 alpha + Enhanced + One-Step,NYSE:GM,0.09999421331038048
2021-07-06,17,AR1 alpha + Enhanced + One-Step,NYSE:GM,0.09999403875772268
2021-07-07,17,AR1 alpha + Enhanced + One-Step,NYSE:GM,0.0999976978296879
2021-07-08,17,AR1 alpha + Enhanced + One-Step,NYSE:GM,0.09999770392853079
2021-07-09,17,AR1 alpha + Enhanced + One-Step,NYSE:GM,0.09999117075902808
2021-07-12,17,AR1 alpha + Enhanced + One-Step,NYSE:GM,0.0999897394655112
2021-07-13,17,AR1 alpha + Enhanced + One-Step,NYSE:GM,0.0999873422250264
2021-07-14,17,AR1 alpha + Enhanced + One-Step,NYSE:GM,0.09998954400405587
2021-07-15,17,AR1 alpha + Enhanced + One-Step,NYSE:GM,0.09998720911885887
2021-07-16,17,AR1 alpha + Enhanced + One-Step,NYSE:GM,0.09998832991661097
2021-07-19,17,AR1 alpha + Enhanced + One-Step,NYSE:GM,0.09731378357198588
2021-07-20,17,AR1 alpha + Enhanced + One-Step,NYSE:GM,0.09999484676246602
2021-07-21,17,AR1 alpha + Enhanced + One-Step,NYSE:GM,0.0999967423521971
2021-07-22,17,AR1 alpha + Enhanced + One-Step,NYSE:GM,0.09999045528512182
2021-07-23,17,AR1 alpha + Enhanced + One-Step,NYSE:GM,0.09999159407786298
2021-07-26,17,AR1 alpha + Enhanced + One-Step,NYSE:GM,0.09999534823670052
2021-07-27,17,AR1 alpha + Enhanced + One-Step,NYSE:GM,0.09999535247732384
2021-07-28,17,AR1 alpha + Enhanced + One-Step,NYSE:GM,0.09998754612119834
2021-07-29,17,AR1 alpha + Enhanced + One-Step,NYSE:GM,0.09999351767535718
2021-07-30,17,AR1 alpha + Enhanced + One-Step,NYSE:GM,0.09999566673512107
2021-08-02,17,AR1 alpha + Enhanced + One-Step,NYSE:GM,0.0999947515107566
2021-08-03,17,AR1 alpha + Enhanced + One-Step,NYSE:GM,0.09999586240078238
2021-08-04,17,AR1 alpha + Enhanced + One-Step,NYSE:GM,0.09999079918190586
2021-08-05,17,AR1 alpha + Enhanced + One-Step,NYSE:GM,0.0999883806965323
2021-08-06,17,AR1 alpha + Enhanced + One-Step,NYSE:GM,0.09998801712168717
2021-08-09,17,AR1 alpha + Enhanced + One-Step,NYSE:GM,0.09998698078475575
2021-08-10,17,AR1 alpha + Enhanced + One-Step,NYSE:GM,0.09999260958771297
2021-08-11,17,AR1 alpha + Enhanced + One-Step,NYSE:GM,0.09999164644272526
2021-08-12,17,AR1 alpha + Enhanced + One-Step,NYSE:GM,0.09998679372006661
2021-08-13,17,AR1 alpha + Enhanced + One-Step,NYSE:GM,0.09999375657678614
2021-08-16,17,AR1 alpha + Enhanced + One-Step,NYSE:GM,0.09999715299387116
2021-08-17,17,AR1 alpha + Enhanced + One-Step,NYSE:GM,0.0999987866968318
2021-08-18,17,AR1 alpha + Enhanced + One-Step,NYSE:GM,0.09999972774910468
2021-08-19,17,AR1 alpha + Enhanced + One-Step,NYSE:GM,0.10000047900867313
2021-08-20,17,AR1 alpha + Enhanced + One-Step,NYSE:GM,0.09999439248202728
2021-08-23,17,AR1 alpha + Enhanced + One-Step,NYSE:GM,0.09999195682446863
2021-08-24,17,AR1 alpha + Enhanced + One-Step,NYSE:GM,0.09999125620088872
2021-08-25,17,AR1 alpha + Enhanced + One-Step,NYSE:GM,0.09999574632010218
2021-08-26,17,AR1 alpha + Enhanced + One-Step,NYSE:GM,0.09998922066523262
2021-08-27,17,AR1 alpha + Enhanced + One-Step,NYSE:GM,0.09998619444730392
2021-08-30,17,AR1 alpha + Enhanced + One-Step,NYSE:GM,0.09997954871288038
2021-08-31,17,AR1 alpha + Enhanced + One-Step,NYSE:GM,0.09251772378368049
2021-09-01,17,AR1 alpha + Enhanced + One-Step,NYSE:GM,0.08008299208871754
2021-09-02,17,AR1 alpha + Enhanced + One-Step,NYSE:GM,0.07889207029702987
2021-09-03,17,AR1 alpha + Enhanced + One-Step,NYSE:GM,0.0722095807589264
2021-09-07,17,AR1 alpha + Enhanced + One-Step,NYSE:GM,0.07220578286336844
2021-09-08,17,AR1 alpha + Enhanced + One-Step,NYSE:GM,0.06982661953344108
2021-09-09,17,AR1 alpha + Enhanced + One-Step,NYSE:GM,0.06421223141983343
2021-09-10,17,AR1 alpha + Enhanced + One-Step,NYSE:GM,0.05422386831739558
2021-09-13,17,AR1 alpha + Enhanced + One-Step,NYSE:GM,0.054224432819059594
2021-09-14,17,AR1 alpha + Enhanced + One-Step,NYSE:GM,0.041127916930515894
2021-09-15,17,AR1 alpha + Enhanced + One-Step,NYSE:GM,0.039818714623715265
2021-09-16,17,AR1 alpha + Enhanced + One-Step,NYSE:GM,0.02801923229717638
2021-09-17,17,AR1 alpha + Enhanced + One-Step,NYSE:GM,0.01379137703521299
2021-09-20,17,AR1 alpha + Enhanced + One-Step,NYSE:GM,0.0069508426082807795
2021-09-21,17,AR1 alpha + Enhanced + One-Step,NYSE:GM,0.0014660893412966431
2021-09-22,17,AR1 alpha + Enhanced + One-Step,NYSE:GM,0.0014660166408723824
2021-09-23,17,AR1 alpha + Enhanced + One-Step,NYSE:GM,0.001466845611648864
2021-09-24,17,AR1 alpha + Enhanced + One-Step,NYSE:GM,0.0014668800589447363
2021-09-27,17,AR1 alpha + Enhanced + One-Step,NYSE:GM,0.001466829210760361
2021-09-28,17,AR1 alpha + Enhanced + One-Step,NYSE:GM,0.0014667989008808138
2021-09-29,17,AR1 alpha + Enhanced + One-Step,NYSE:GM,0.0014672424784478925
2021-09-30,17,AR1 alpha + Enhanced + One-Step,NYSE:GM,0.0014671847459266087
2021-10-01,17,AR1 alpha + Enhanced + One-Step,NYSE:GM,0.0070341954646376366
2021-10-04,17,AR1 alpha + Enhanced + One-Step,NYSE:GM,0.010558110597556587
2021-10-05,17,AR1 alpha + Enhanced + One-Step,NYSE:GM,0.011530425434004185
2021-10-06,17,AR1 alpha + Enhanced + One-Step,NYSE:GM,0.011530256707824552
2021-10-07,17,AR1 alpha + Enhanced + One-Step,NYSE:GM,0.01153010509621385
2021-10-08,17,AR1 alpha + Enhanced + One-Step,NYSE:GM,0.011530072300213834
2021-10-11,17,AR1 alpha + Enhanced + One-Step,NYSE:GM,0.011529903157061146
2021-10-12,17,AR1 alpha + Enhanced + One-Step,NYSE:GM,0.015167168174614781
2021-10-13,17,AR1 alpha + Enhanced + One-Step,NYSE:GM,0.024018155417619563
2021-10-14,17,AR1 alpha + Enhanced + One-Step,NYSE:GM,0.037951289627349456
2021-10-15,17,AR1 alpha + Enhanced + One-Step,NYSE:GM,0.04442125473619142
2021-10-18,17,AR1 alpha + Enhanced + One-Step,NYSE:GM,0.04442051877464771
2021-10-19,17,AR1 alpha + Enhanced + One-Step,NYSE:GM,0.05168836598364635
2021-10-20,17,AR1 alpha + Enhanced + One-Step,NYSE:GM,0.055394803853445605
2021-10-21,17,AR1 alpha + Enhanced + One-Step,NYSE:GM,0.0553947921040952
2021-10-22,17,AR1 alpha + Enhanced + One-Step,NYSE:GM,0.055393898949915685
2021-10-25,17,AR1 alpha + Enhanced + One-Step,NYSE:GM,0.05539155971114602
2021-10-26,17,AR1 alpha + Enhanced + One-Step,NYSE:GM,0.05538802685532104
2021-10-27,17,AR1 alpha + Enhanced + One-Step,NYSE:GM,0.05538806570735579
2021-10-28,17,AR1 alpha + Enhanced + One-Step,NYSE:GM,0.055388201480813144
2021-10-29,17,AR1 alpha + Enhanced + One-Step,NYSE:GM,0.05538492909512575
2021-11-01,17,AR1 alpha + Enhanced + One-Step,NYSE:GM,0.05538310184571978
2021-11-02,17,AR1 alpha + Enhanced + One-Step,NYSE:GM,0.04764762760673977
2021-11-03,17,AR1 alpha + Enhanced + One-Step,NYSE:GM,0.04764812453664522
2021-11-04,17,AR1 alpha + Enhanced + One-Step,NYSE:GM,0.03673777455071647
2021-11-05,17,AR1 alpha + Enhanced + One-Step,NYSE:GM,0.03673736652744688
2021-11-08,17,AR1 alpha + Enhanced + One-Step,NYSE:GM,0.024670755937969212
2021-11-09,17,AR1 alpha + Enhanced + One-Step,NYSE:GM,0.016943436128302423
2021-11-10,17,AR1 alpha + Enhanced + One-Step,NYSE:GM,0.016945004330284175
2021-11-11,17,AR1 alpha + Enhanced + One-Step,NYSE:GM,0.011405610120441032
2021-11-12,17,AR1 alpha + Enhanced + One-Step,NYSE:GM,0.011405854014462672
2021-11-15,17,AR1 alpha + Enhanced + One-Step,NYSE:GM,0.011406336637824753
2021-11-16,17,AR1 alpha + Enhanced + One-Step,NYSE:GM,0.011406302591216916
2021-11-17,17,AR1 alpha + Enhanced + One-Step,NYSE:GM,0.010610557386544517
2021-11-18,17,AR1 alpha + Enhanced + One-Step,NYSE:GM,0.00741554997988416
2021-11-19,17,AR1 alpha + Enhanced + One-Step,NYSE:GM,0.007415842734373765
2021-11-22,17,AR1 alpha + Enhanced + One-Step,NYSE:GM,0.0074160599823025666
2021-11-23,17,AR1 alpha + Enhanced + One-Step,NYSE:GM,0.0074153270365672225
2021-11-24,17,AR1 alpha + Enhanced + One-Step,NYSE:GM,0.007415300099167535
2021-11-26,17,AR1 alpha + Enhanced + One-Step,NYSE:GM,0.007414585726877578
2021-11-29,17,AR1 alpha + Enhanced + One-Step,NYSE:GM,0.007414583875987777
2021-11-30,17,AR1 alpha + Enhanced + One-Step,NYSE:GM,0.007414142445450228
2021-12-01,17,AR1 alpha + Enhanced + One-Step,NYSE:GM,0.00741387264925964
2021-12-02,17,AR1 alpha + Enhanced + One-Step,NYSE:GM,0.0074134493286997704
2021-12-03,17,AR1 alpha + Enhanced + One-Step,NYSE:GM,0.007413427724611784
2021-12-06,17,AR1 alpha + Enhanced + One-Step,NYSE:GM,0.0074133051247872814
2021-12-07,17,AR1 alpha + Enhanced + One-Step,NYSE:GM,0.007413324864045484
2021-12-08,17,AR1 alpha + Enhanced + One-Step,NYSE:GM,0.007413402977774144
2021-12-09,17,AR1 alpha + Enhanced + One-Step,NYSE:GM,0.007413096991474488
2021-12-10,17,AR1 alpha + Enhanced + One-Step,NYSE:GM,0.0
2021-12-13,17,AR1 alpha + Enhanced + One-Step,NYSE:GM,0.0
2021-12-14,17,AR1 alpha + Enhanced + One-Step,NYSE:GM,1.3355390975006731e-06
2021-12-15,17,AR1 alpha + Enhanced + One-Step,NYSE:GM,0.007190793104756513
2021-12-16,17,AR1 alpha + Enhanced + One-Step,NYSE:GM,0.007190902788027189
2021-12-17,17,AR1 alpha + Enhanced + One-Step,NYSE:GM,0.007190827633515143
2021-12-20,17,AR1 alpha + Enhanced + One-Step,NYSE:GM,0.0071888881166300815
2021-12-21,17,AR1 alpha + Enhanced + One-Step,NYSE:GM,0.02390093736382737
2021-12-22,17,AR1 alpha + Enhanced + One-Step,NYSE:GM,0.023901019929442144
2021-12-23,17,AR1 alpha + Enhanced + One-Step,NYSE:GM,0.0239014208123963
2021-12-27,17,AR1 alpha + Enhanced + One-Step,NYSE:GM,0.023901544620424556
2021-12-28,17,AR1 alpha + Enhanced + One-Step,NYSE:GM,0.023901551267166456
2021-12-29,17,AR1 alpha + Enhanced + One-Step,NYSE:GM,0.02390111548970596
2021-12-30,17,AR1 alpha + Enhanced + One-Step,NYSE:GM,0.023901149557867058
2021-12-31,17,AR1 alpha + Enhanced + One-Step,NYSE:GM,0.02390114569635105
2022-01-03,17,AR1 alpha + Enhanced + One-Step,NYSE:GM,0.02390129702561911
2022-01-04,17,AR1 alpha + Enhanced + One-Step,NYSE:GM,0.023901305752086485
2022-01-05,17,AR1 alpha + Enhanced + One-Step,NYSE:GM,0.02390129892571095
2022-01-06,17,AR1 alpha + Enhanced + One-Step,NYSE:GM,0.023901304404353497
2022-01-07,17,AR1 alpha + Enhanced + One-Step,NYSE:GM,0.023900959047957967
2022-01-10,17,AR1 alpha + Enhanced + One-Step,NYSE:GM,0.023900194270621518
2022-01-11,17,AR1 alpha + Enhanced + One-Step,NYSE:GM,0.023900011523451718
2022-01-12,17,AR1 alpha + Enhanced + One-Step,NYSE:GM,0.03235241768822404
2022-01-13,17,AR1 alpha + Enhanced + One-Step,NYSE:GM,0.03235234821390148
2022-01-14,17,AR1 alpha + Enhanced + One-Step,NYSE:GM,0.03235092029104756
2022-01-18,17,AR1 alpha + Enhanced + One-Step,NYSE:GM,0.0323511813340149
2022-01-19,17,AR1 alpha + Enhanced + One-Step,NYSE:GM,0.032350565895142486
2022-01-20,17,AR1 alpha + Enhanced + One-Step,NYSE:GM,0.03235063194888297
2022-01-21,17,AR1 alpha + Enhanced + One-Step,NYSE:GM,0.03235007404105223
2022-01-24,17,AR1 alpha + Enhanced + One-Step,NYSE:GM,0.032350041759467714
2022-01-25,17,AR1 alpha + Enhanced + One-Step,NYSE:GM,0.03235013113673409
2022-01-26,17,AR1 alpha + Enhanced + One-Step,NYSE:GM,0.03235021175633847
2022-01-27,17,AR1 alpha + Enhanced + One-Step,NYSE:GM,0.03234997459739353
2022-01-28,17,AR1 alpha + Enhanced + One-Step,NYSE:GM,0.032349966859615
2022-01-31,17,AR1 alpha + Enhanced + One-Step,NYSE:GM,0.032350775516783364
2022-02-01,17,AR1 alpha + Enhanced + One-Step,NYSE:GM,0.02417383917952282
2022-02-02,17,AR1 alpha + Enhanced + One-Step,NYSE:GM,0.009147047670983949
2022-02-03,17,AR1 alpha + Enhanced + One-Step,NYSE:GM,0.003503983049218089
2022-02-04,17,AR1 alpha + Enhanced + One-Step,NYSE:GM,0.003503714199599463
2022-02-07,17,AR1 alpha + Enhanced + One-Step,NYSE:GM,0.0012479860224086639
2022-02-08,17,AR1 alpha + Enhanced + One-Step,NYSE:GM,0.001247984884887768
2022-02-09,17,AR1 alpha + Enhanced + One-Step,NYSE:GM,6.726845455364569e-07
2022-02-10,17,AR1 alpha + Enhanced + One-Step,NYSE:GM,4.590538915095194e-07
2022-02-11,17,AR1 alpha + Enhanced + One-Step,NYSE:GM,7.190133231132821e-07
2022-02-14,17,AR1 alpha + Enhanced + One-Step,NYSE:GM,3.2911763360919236e-07
2022-02-15,17,AR1 alpha + Enhanced + One-Step,NYSE:GM,1.8473555186577253e-07
2022-02-16,17,AR1 alpha + Enhanced + One-Step,NYSE:GM,2.2099640545905114e-07
2022-02-17,17,AR1 alpha + Enhanced + One-Step,NYSE:GM,1.835898425170041e-08
2022-02-18,17,AR1 alpha + Enhanced + One-Step,NYSE:GM,5.1508699812999205e-08
2022-02-22,17,AR1 alpha + Enhanced + One-Step,NYSE:GM,2.0752296388222293e-08
2022-02-23,17,AR1 alpha + Enhanced + One-Step,NYSE:GM,1.4897864352282985e-08
2022-02-24,17,AR1 alpha + Enhanced + One-Step,NYSE:GM,0.0
2022-02-25,17,AR1 alpha + Enhanced + One-Step,NYSE:GM,6.308595073260472e-08
2022-02-28,17,AR1 alpha + Enhanced + One-Step,NYSE:GM,5.820216296762046e-08
2022-03-01,17,AR1 alpha + Enhanced + One-Step,NYSE:GM,1.0679344967425248e-07
2022-03-02,17,AR1 alpha + Enhanced + One-Step,NYSE:GM,1.8219936269036325e-08
2022-03-03,17,AR1 alpha + Enhanced + One-Step,NYSE:GM,0.0
2022-03-04,17,AR1 alpha + Enhanced + One-Step,NYSE:GM,0.0
2022-03-07,17,AR1 alpha + Enhanced + One-Step,NYSE:GM,1.2921294970353391e-06
2022-03-08,17,AR1 alpha + Enhanced + One-Step,NYSE:GM,8.731032781586855e-07
2022-03-09,17,AR1 alpha + Enhanced + One-Step,NYSE:GM,4.34836603731489e-07
2022-03-10,17,AR1 alpha + Enhanced + One-Step,NYSE:GM,4.097726261029597e-07
2022-03-11,17,AR1 alpha + Enhanced + One-Step,NYSE:GM,3.5972089111346145e-08
2022-03-14,17,AR1 alpha + Enhanced + One-Step,NYSE:GM,0.0
2022-03-15,17,AR1 alpha + Enhanced + One-Step,NYSE:GM,0.0
2022-03-16,17,AR1 alpha + Enhanced + One-Step,NYSE:GM,1.1476704989189283e-08
2022-03-17,17,AR1 alpha + Enhanced + One-Step,NYSE:GM,0.0
2022-03-18,17,AR1 alpha + Enhanced + One-Step,NYSE:GM,0.0
2022-03-21,17,AR1 alpha + Enhanced + One-Step,NYSE:GM,1.8077040169828543e-07
2022-03-22,17,AR1 alpha + Enhanced + One-Step,NYSE:GM,1.206118601506287e-07
2022-03-23,17,AR1 alpha + Enhanced + One-Step,NYSE:GM,5.792922073598261e-08
2022-03-24,17,AR1 alpha + Enhanced + One-Step,NYSE:GM,1.0861634341007999e-07
2022-03-25,17,AR1 alpha + Enhanced + One-Step,NYSE:GM,0.0
2022-03-28,17,AR1 alpha + Enhanced + One-Step,NYSE:GM,1.0313131887136839e-07
2022-03-29,17,AR1 alpha + Enhanced + One-Step,NYSE:GM,0.0
2022-03-30,17,AR1 alpha + Enhanced + One-Step,NYSE:GM,0.0
2022-03-31,17,AR1 alpha + Enhanced + One-Step,NYSE:GM,0.0
2022-04-01,17,AR1 alpha + Enhanced + One-Step,NYSE:GM,0.0
2022-04-04,17,AR1 alpha + Enhanced + One-Step,NYSE:GM,0.0
2022-04-05,17,AR1 alpha + Enhanced + One-Step,NYSE:GM,5.60407345862864e-09
2022-04-06,17,AR1 alpha + Enhanced + One-Step,NYSE:GM,7.539570669581991e-07
2022-04-07,17,AR1 alpha + Enhanced + One-Step,NYSE:GM,2.965568524407723e-07
2022-04-08,17,AR1 alpha + Enhanced + One-Step,NYSE:GM,5.4460664503308e-07
2022-04-11,17,AR1 alpha + Enhanced + One-Step,NYSE:GM,0.0
2022-04-12,17,AR1 alpha + Enhanced + One-Step,NYSE:GM,0.0
2022-04-13,17,AR1 alpha + Enhanced + One-Step,NYSE:GM,2.9293989220276143e-08
2022-04-14,17,AR1 alpha + Enhanced + One-Step,NYSE:GM,0.0
2022-04-18,17,AR1 alpha + Enhanced + One-Step,NYSE:GM,0.0
2022-04-19,17,AR1 alpha + Enhanced + One-Step,NYSE:GM,0.0
2022-04-20,17,AR1 alpha + Enhanced + One-Step,NYSE:GM,0.0
2022-04-21,17,AR1 alpha + Enhanced + One-Step,NYSE:GM,0.0
2022-04-22,17,AR1 alpha + Enhanced + One-Step,NYSE:GM,0.0
2022-04-25,17,AR1 alpha + Enhanced + One-Step,NYSE:GM,0.0
2022-04-26,17,AR1 alpha + Enhanced + One-Step,NYSE:GM,9.211795487325915e-08
2022-04-27,17,AR1 alpha + Enhanced + One-Step,NYSE:GM,0.0
2022-04-28,17,AR1 alpha + Enhanced + One-Step,NYSE:GM,0.0
2022-04-29,17,AR1 alpha + Enhanced + One-Step,NYSE:GM,0.0
2022-05-02,17,AR1 alpha + Enhanced + One-Step,NYSE:GM,0.0
2022-05-03,17,AR1 alpha + Enhanced + One-Step,NYSE:GM,0.0
2022-05-04,17,AR1 alpha + Enhanced + One-Step,NYSE:GM,0.0
2022-05-05,17,AR1 alpha + Enhanced + One-Step,NYSE:GM,0.0
2022-05-06,17,AR1 alpha + Enhanced + One-Step,NYSE:GM,0.0
2022-05-09,17,AR1 alpha + Enhanced + One-Step,NYSE:GM,0.0
2022-05-10,17,AR1 alpha + Enhanced + One-Step,NYSE:GM,0.0
2022-05-11,17,AR1 alpha + Enhanced + One-Step,NYSE:GM,0.0
2022-05-12,17,AR1 alpha + Enhanced + One-Step,NYSE:GM,0.0
2022-05-13,17,AR1 alpha + Enhanced + One-Step,NYSE:GM,0.0
2022-05-16,17,AR1 alpha + Enhanced + One-Step,NYSE:GM,0.0
2022-05-17,17,AR1 alpha + Enhanced + One-Step,NYSE:GM,0.0
2022-05-18,17,AR1 alpha + Enhanced + One-Step,NYSE:GM,0.0
2022-05-19,17,AR1 alpha + Enhanced + One-Step,NYSE:GM,0.0
2022-05-20,17,AR1 alpha + Enhanced + One-Step,NYSE:GM,0.0
2022-05-23,17,AR1 alpha + Enhanced + One-Step,NYSE:GM,0.0
2022-05-24,17,AR1 alpha + Enhanced + One-Step,NYSE:GM,0.0
2022-05-25,17,AR1 alpha + Enhanced + One-Step,NYSE:GM,0.0
2022-05-26,17,AR1 alpha + Enhanced + One-Step,NYSE:GM,0.0
2022-05-27,17,AR1 alpha + Enhanced + One-Step,NYSE:GM,1.7560463007541682e-07
2022-05-31,17,AR1 alpha + Enhanced + One-Step,NYSE:GM,0.0
2022-06-01,17,AR1 alpha + Enhanced + One-Step,NYSE:GM,1.1720786633703022e-06
2022-06-02,17,AR1 alpha + Enhanced + One-Step,NYSE:GM,4.626962353172615e-08
2022-06-03,17,AR1 alpha + Enhanced + One-Step,NYSE:GM,0.0
2022-06-06,17,AR1 alpha + Enhanced + One-Step,NYSE:GM,0.0
2022-06-07,17,AR1 alpha + Enhanced + One-Step,NYSE:GM,0.0
2022-06-08,17,AR1 alpha + Enhanced + One-Step,NYSE:GM,0.0
2022-06-09,17,AR1 alpha + Enhanced + One-Step,NYSE:GM,0.0
2022-06-10,17,AR1 alpha + Enhanced + One-Step,NYSE:GM,0.0
2022-06-13,17,AR1 alpha + Enhanced + One-Step,NYSE:GM,0.0
2022-06-14,17,AR1 alpha + Enhanced + One-Step,NYSE:GM,0.0
2022-06-15,17,AR1 alpha + Enhanced + One-Step,NYSE:GM,0.0
2022-06-16,17,AR1 alpha + Enhanced + One-Step,NYSE:GM,0.0
2022-06-17,17,AR1 alpha + Enhanced + One-Step,NYSE:GM,3.1891536474313204e-07
2022-06-21,17,AR1 alpha + Enhanced + One-Step,NYSE:GM,1.4828920097120147e-08
2022-06-22,17,AR1 alpha + Enhanced + One-Step,NYSE:GM,0.0
2022-06-23,17,AR1 alpha + Enhanced + One-Step,NYSE:GM,0.0
2022-06-24,17,AR1 alpha + Enhanced + One-Step,NYSE:GM,0.0
2022-06-27,17,AR1 alpha + Enhanced + One-Step,NYSE:GM,5.622742228384309e-08
2022-06-28,17,AR1 alpha + Enhanced + One-Step,NYSE:GM,2.979745126060418e-08
2022-06-29,17,AR1 alpha + Enhanced + One-Step,NYSE:GM,0.0
2022-06-30,17,AR1 alpha + Enhanced + One-Step,NYSE:GM,1.354943977047319e-07
2022-07-01,17,AR1 alpha + Enhanced + One-Step,NYSE:GM,6.096816806082785e-08
2022-07-05,17,AR1 alpha + Enhanced + One-Step,NYSE:GM,3.62604289822482e-08
2022-07-06,17,AR1 alpha + Enhanced + One-Step,NYSE:GM,0.0
2022-07-07,17,AR1 alpha + Enhanced + One-Step,NYSE:GM,0.0
2022-07-08,17,AR1 alpha + Enhanced + One-Step,NYSE:GM,0.0
2022-07-11,17,AR1 alpha + Enhanced + One-Step,NYSE:GM,0.0
2022-07-12,17,AR1 alpha + Enhanced + One-Step,NYSE:GM,0.0
2022-07-13,17,AR1 alpha + Enhanced + One-Step,NYSE:GM,0.0
2022-07-14,17,AR1 alpha + Enhanced + One-Step,NYSE:GM,5.564698163811802e-09
2022-07-15,17,AR1 alpha + Enhanced + One-Step,NYSE:GM,1.967197259126845e-08
2022-07-18,17,AR1 alpha + Enhanced + One-Step,NYSE:GM,0.0
2022-07-19,17,AR1 alpha + Enhanced + One-Step,NYSE:GM,0.0
2022-07-20,17,AR1 alpha + Enhanced + One-Step,NYSE:GM,0.0
2022-07-21,17,AR1 alpha + Enhanced + One-Step,NYSE:GM,0.0
2022-07-22,17,AR1 alpha + Enhanced + One-Step,NYSE:GM,0.0
2022-07-25,17,AR1 alpha + Enhanced + One-Step,NYSE:GM,3.0714566502236696e-07
2022-07-26,17,AR1 alpha + Enhanced + One-Step,NYSE:GM,0.0
2022-07-27,17,AR1 alpha + Enhanced + One-Step,NYSE:GM,0.0
2022-07-28,17,AR1 alpha + Enhanced + One-Step,NYSE:GM,7.14861824799979e-09
2022-07-29,17,AR1 alpha + Enhanced + One-Step,NYSE:GM,0.0
2022-08-01,17,AR1 alpha + Enhanced + One-Step,NYSE:GM,0.0
2022-08-02,17,AR1 alpha + Enhanced + One-Step,NYSE:GM,0.0
2022-08-03,17,AR1 alpha + Enhanced + One-Step,NYSE:GM,0.0
2022-08-04,17,AR1 alpha + Enhanced + One-Step,NYSE:GM,1.3326760518596182e-07
2022-08-05,17,AR1 alpha + Enhanced + One-Step,NYSE:GM,0.0
2022-08-08,17,AR1 alpha + Enhanced + One-Step,NYSE:GM,0.0
2022-08-09,17,AR1 alpha + Enhanced + One-Step,NYSE:GM,4.0596637155155873e-07
2022-08-10,17,AR1 alpha + Enhanced + One-Step,NYSE:GM,0.0
2022-08-11,17,AR1 alpha + Enhanced + One-Step,NYSE:GM,0.0
2022-08-12,17,AR1 alpha + Enhanced + One-Step,NYSE:GM,0.0
2022-08-15,17,AR1 alpha + Enhanced + One-Step,NYSE:GM,0.0
2022-08-16,17,AR1 alpha + Enhanced + One-Step,NYSE:GM,2.97403098496547e-08
2022-08-17,17,AR1 alpha + Enhanced + One-Step,NYSE:GM,3.4200521155916565e-07
2022-08-18,17,AR1 alpha + Enhanced + One-Step,NYSE:GM,0.0
2022-08-19,17,AR1 alpha + Enhanced + One-Step,NYSE:GM,0.0
2022-08-22,17,AR1 alpha + Enhanced + One-Step,NYSE:GM,0.0
2022-08-23,17,AR1 alpha + Enhanced + One-Step,NYSE:GM,0.0
2022-08-24,17,AR1 alpha + Enhanced + One-Step,NYSE:GM,0.0
2022-08-25,17,AR1 alpha + Enhanced + One-Step,NYSE:GM,0.0
2022-08-26,17,AR1 alpha + Enhanced + One-Step,NYSE:GM,0.0
2022-08-29,17,AR1 alpha + Enhanced + One-Step,NYSE:GM,1.9303286626048688e-08
2022-08-30,17,AR1 alpha + Enhanced + One-Step,NYSE:GM,0.0
2022-08-31,17,AR1 alpha + Enhanced + One-Step,NYSE:GM,0.0
2022-09-01,17,AR1 alpha + Enhanced + One-Step,NYSE:GM,1.269407013204907e-07
2022-09-02,17,AR1 alpha + Enhanced + One-Step,NYSE:GM,7.058717380045132e-08
2022-09-06,17,AR1 alpha + Enhanced + One-Step,NYSE:GM,3.829111156178544e-08
2022-09-07,17,AR1 alpha + Enhanced + One-Step,NYSE:GM,4.209177109824724e-08
2022-09-08,17,AR1 alpha + Enhanced + One-Step,NYSE:GM,9.392894509449153e-08
2022-09-09,17,AR1 alpha + Enhanced + One-Step,NYSE:GM,0.0
2022-09-12,17,AR1 alpha + Enhanced + One-Step,NYSE:GM,0.0
2022-09-13,17,AR1 alpha + Enhanced + One-Step,NYSE:GM,7.471368478737118e-10
2022-09-14,17,AR1 alpha + Enhanced + One-Step,NYSE:GM,0.0
2022-09-15,17,AR1 alpha + Enhanced + One-Step,NYSE:GM,0.0
2022-09-16,17,AR1 alpha + Enhanced + One-Step,NYSE:GM,4.8189978910189236e-08
2022-09-19,17,AR1 alpha + Enhanced + One-Step,NYSE:GM,0.0
2022-09-20,17,AR1 alpha + Enhanced + One-Step,NYSE:GM,1.0597843603903099e-07
2022-09-21,17,AR1 alpha + Enhanced + One-Step,NYSE:GM,0.0
2022-09-22,17,AR1 alpha + Enhanced + One-Step,NYSE:GM,0.0
2022-09-23,17,AR1 alpha + Enhanced + One-Step,NYSE:GM,0.0
2022-09-26,17,AR1 alpha + Enhanced + One-Step,NYSE:GM,0.0
2022-09-27,17,AR1 alpha + Enhanced + One-Step,NYSE:GM,0.0
2022-09-28,17,AR1 alpha + Enhanced + One-Step,NYSE:GM,0.0
2022-09-29,17,AR1 alpha + Enhanced + One-Step,NYSE:GM,2.4449421820921014e-07
2022-09-30,17,AR1 alpha + Enhanced + One-Step,NYSE:GM,7.744087423939199e-08
2022-10-03,17,AR1 alpha + Enhanced + One-Step,NYSE:GM,4.7372313194705974e-08
2022-10-04,17,AR1 alpha + Enhanced + One-Step,NYSE:GM,4.471669491200354e-08
2022-10-05,17,AR1 alpha + Enhanced + One-Step,NYSE:GM,0.0
2022-10-06,17,AR1 alpha + Enhanced + One-Step,NYSE:GM,0.0
2022-10-07,17,AR1 alpha + Enhanced + One-Step,NYSE:GM,0.0
2022-10-10,17,AR1 alpha + Enhanced + One-Step,NYSE:GM,0.0
2022-10-11,17,AR1 alpha + Enhanced + One-Step,NYSE:GM,0.0
2022-10-12,17,AR1 alpha + Enhanced + One-Step,NYSE:GM,0.0
2022-10-13,17,AR1 alpha + Enhanced + One-Step,NYSE:GM,1.0546641915717913e-06
2022-10-14,17,AR1 alpha + Enhanced + One-Step,NYSE:GM,4.302948224119416e-07
2022-10-17,17,AR1 alpha + Enhanced + One-Step,NYSE:GM,1.6984581095313608e-07
2022-10-18,17,AR1 alpha + Enhanced + One-Step,NYSE:GM,9.50150887933611e-08
2022-10-19,17,AR1 alpha + Enhanced + One-Step,NYSE:GM,5.551484311801761e-08
2022-10-20,17,AR1 alpha + Enhanced + One-Step,NYSE:GM,0.0
2022-10-21,17,AR1 alpha + Enhanced + One-Step,NYSE:GM,2.7944653408239915e-08
2022-10-24,17,AR1 alpha + Enhanced + One-Step,NYSE:GM,0.0
2022-10-25,17,AR1 alpha + Enhanced + One-Step,NYSE:GM,9.75117965460042e-09
2022-10-26,17,AR1 alpha + Enhanced + One-Step,NYSE:GM,3.7688346739586074e-08
2022-10-27,17,AR1 alpha + Enhanced + One-Step,NYSE:GM,0.0
2022-10-28,17,AR1 alpha + Enhanced + One-Step,NYSE:GM,0.0
2022-10-31,17,AR1 alpha + Enhanced + One-Step,NYSE:GM,0.0
2022-11-01,17,AR1 alpha + Enhanced + One-Step,NYSE:GM,0.0
2022-11-02,17,AR1 alpha + Enhanced + One-Step,NYSE:GM,4.1128951208061095e-08
2022-11-03,17,AR1 alpha + Enhanced + One-Step,NYSE:GM,1.2457033952135733e-06
2022-11-04,17,AR1 alpha + Enhanced + One-Step,NYSE:GM,4.2223557066824205e-07
2022-11-07,17,AR1 alpha + Enhanced + One-Step,NYSE:GM,0.0
2022-11-08,17,AR1 alpha + Enhanced + One-Step,NYSE:GM,6.290245393507865e-08
2022-11-09,17,AR1 alpha + Enhanced + One-Step,NYSE:GM,0.0
2022-11-10,17,AR1 alpha + Enhanced + One-Step,NYSE:GM,4.3161662928579585e-09
2022-11-11,17,AR1 alpha + Enhanced + One-Step,NYSE:GM,0.0
2022-11-14,17,AR1 alpha + Enhanced + One-Step,NYSE:GM,0.0
2022-11-15,17,AR1 alpha + Enhanced + One-Step,NYSE:GM,1.63053049688943e-08
2022-11-16,17,AR1 alpha + Enhanced + One-Step,NYSE:GM,2.3654242507410227e-09
2022-11-17,17,AR1 alpha + Enhanced + One-Step,NYSE:GM,0.0
2022-11-18,17,AR1 alpha + Enhanced + One-Step,NYSE:GM,2.416050379307715e-08
2022-11-21,17,AR1 alpha + Enhanced + One-Step,NYSE:GM,0.0
2022-11-22,17,AR1 alpha + Enhanced + One-Step,NYSE:GM,0.0
2022-11-23,17,AR1 alpha + Enhanced + One-Step,NYSE:GM,2.702954092829256e-07
2022-11-25,17,AR1 alpha + Enhanced + One-Step,NYSE:GM,2.7755952112542495e-07
2022-11-28,17,AR1 alpha + Enhanced + One-Step,NYSE:GM,2.1808476612594386e-07
2022-11-29,17,AR1 alpha + Enhanced + One-Step,NYSE:GM,1.3771507697077323e-07
2022-11-30,17,AR1 alpha + Enhanced + One-Step,NYSE:GM,8.244680158117443e-08
2022-12-01,17,AR1 alpha + Enhanced + One-Step,NYSE:GM,0.0
2022-12-02,17,AR1 alpha + Enhanced + One-Step,NYSE:GM,4.0870365761716767e-08
2022-12-05,17,AR1 alpha + Enhanced + One-Step,NYSE:GM,0.0
2022-12-06,17,AR1 alpha + Enhanced + One-Step,NYSE:GM,0.0
2022-12-07,17,AR1 alpha + Enhanced + One-Step,NYSE:GM,0.0
2022-12-08,17,AR1 alpha + Enhanced + One-Step,NYSE:GM,0.0
2022-12-09,17,AR1 alpha + Enhanced + One-Step,NYSE:GM,0.0
2022-12-12,17,AR1 alpha + Enhanced + One-Step,NYSE:GM,0.0
2022-12-13,17,AR1 alpha + Enhanced + One-Step,NYSE:GM,0.0
2022-12-14,17,AR1 alpha + Enhanced + One-Step,NYSE:GM,0.0
2022-12-15,17,AR1 alpha + Enhanced + One-Step,NYSE:GM,0.0
2022-12-16,17,AR1 alpha + Enhanced + One-Step,NYSE:GM,0.0
2022-12-19,17,AR1 alpha + Enhanced + One-Step,NYSE:GM,0.0
2022-12-20,17,AR1 alpha + Enhanced + One-Step,NYSE:GM,0.0
2022-12-21,17,AR1 alpha + Enhanced + One-Step,NYSE:GM,0.0
2022-12-22,17,AR1 alpha + Enhanced + One-Step,NYSE:GM,0.0
2022-12-23,17,AR1 alpha + Enhanced + One-Step,NYSE:GM,1.3677333096944096e-08
2022-12-27,17,AR1 alpha + Enhanced + One-Step,NYSE:GM,1.5840944386339167e-08
2022-12-28,17,AR1 alpha + Enhanced + One-Step,NYSE:GM,0.0
2022-12-29,17,AR1 alpha + Enhanced + One-Step,NYSE:GM,0.0
2022-12-30,17,AR1 alpha + Enhanced + One-Step,NYSE:GM,0.0
2023-01-03,17,AR1 alpha + Enhanced + One-Step,NYSE:GM,4.512475580871583e-09
2023-01-04,17,AR1 alpha + Enhanced + One-Step,NYSE:GM,0.0
2023-01-05,17,AR1 alpha + Enhanced + One-Step,NYSE:GM,4.4255017020748796e-07
2023-01-06,17,AR1 alpha + Enhanced + One-Step,NYSE:GM,2.1603036191079242e-07
2023-01-09,17,AR1 alpha + Enhanced + One-Step,NYSE:GM,0.0
2023-01-10,17,AR1 alpha + Enhanced + One-Step,NYSE:GM,4.22152335916073e-07
2023-01-11,17,AR1 alpha + Enhanced + One-Step,NYSE:GM,0.0
2023-01-12,17,AR1 alpha + Enhanced + One-Step,NYSE:GM,0.0
2023-01-13,17,AR1 alpha + Enhanced + One-Step,NYSE:GM,0.0
2023-01-17,17,AR1 alpha + Enhanced + One-Step,NYSE:GM,0.0
2023-01-18,17,AR1 alpha + Enhanced + One-Step,NYSE:GM,2.76593500823278e-07
2023-01-19,17,AR1 alpha + Enhanced + One-Step,NYSE:GM,0.0
2023-01-20,17,AR1 alpha + Enhanced + One-Step,NYSE:GM,0.0
2023-01-23,17,AR1 alpha + Enhanced + One-Step,NYSE:GM,0.0
2023-01-24,17,AR1 alpha + Enhanced + One-Step,NYSE:GM,2.3245976342915364e-08
2023-01-25,17,AR1 alpha + Enhanced + One-Step,NYSE:GM,3.674531402472632e-08
2023-01-26,17,AR1 alpha + Enhanced + One-Step,NYSE:GM,5.7373656370650395e-09
2023-01-27,17,AR1 alpha + Enhanced + One-Step,NYSE:GM,0.0
2023-01-30,17,AR1 alpha + Enhanced + One-Step,NYSE:GM,9.1482999765322e-08
2023-01-31,17,AR1 alpha + Enhanced + One-Step,NYSE:GM,0.0
2023-02-01,17,AR1 alpha + Enhanced + One-Step,NYSE:GM,0.0
2023-02-02,17,AR1 alpha + Enhanced + One-Step,NYSE:GM,9.496622310993999e-07
2023-02-03,17,AR1 alpha + Enhanced + One-Step,NYSE:GM,4.933543700422864e-07
2023-02-06,17,AR1 alpha + Enhanced + One-Step,NYSE:GM,6.058461154963738e-07
2023-02-07,17,AR1 alpha + Enhanced + One-Step,NYSE:GM,1.8178544912588738e-06
2023-02-08,17,AR1 alpha + Enhanced + One-Step,NYSE:GM,8.009395797042896e-07
2023-02-09,17,AR1 alpha + Enhanced + One-Step,NYSE:GM,3.87171637989357e-07
2023-02-10,17,AR1 alpha + Enhanced + One-Step,NYSE:GM,0.0
2023-02-13,17,AR1 alpha + Enhanced + One-Step,NYSE:GM,1.32547049009278e-08
2023-02-14,17,AR1 alpha + Enhanced + One-Step,NYSE:GM,9.217781176733222e-07
2023-02-15,17,AR1 alpha + Enhanced + One-Step,NYSE:GM,5.35554076090149e-07
2023-02-16,17,AR1 alpha + Enhanced + One-Step,NYSE:GM,0.0
2023-02-17,17,AR1 alpha + Enhanced + One-Step,NYSE:GM,0.0
2023-02-21,17,AR1 alpha + Enhanced + One-Step,NYSE:GM,0.0
2023-02-22,17,AR1 alpha + Enhanced + One-Step,NYSE:GM,0.0
2023-02-23,17,AR1 alpha + Enhanced + One-Step,NYSE:GM,3.924873749216303e-09
2023-02-24,17,AR1 alpha + Enhanced + One-Step,NYSE:GM,1.2221783275528736e-06
2023-02-27,17,AR1 alpha + Enhanced + One-Step,NYSE:GM,7.7870612466566e-07
2023-02-28,17,AR1 alpha + Enhanced + One-Step,NYSE:GM,1.01240741434849e-06
2023-03-01,17,AR1 alpha + Enhanced + One-Step,NYSE:GM,3.68589734152087e-07
2023-03-02,17,AR1 alpha + Enhanced + One-Step,NYSE:GM,0.0
2023-03-03,17,AR1 alpha + Enhanced + One-Step,NYSE:GM,0.0
2023-03-06,17,AR1 alpha + Enhanced + One-Step,NYSE:GM,0.0
2023-03-07,17,AR1 alpha + Enhanced + One-Step,NYSE:GM,0.0
2023-03-08,17,AR1 alpha + Enhanced + One-Step,NYSE:GM,0.0
2023-03-09,17,AR1 alpha + Enhanced + One-Step,NYSE:GM,2.6879735403240056e-09
2023-03-10,17,AR1 alpha + Enhanced + One-Step,NYSE:GM,0.0
2023-03-13,17,AR1 alpha + Enhanced + One-Step,NYSE:GM,0.0
2023-03-14,17,AR1 alpha + Enhanced + One-Step,NYSE:GM,8.089758462509563e-09
2023-03-15,17,AR1 alpha + Enhanced + One-Step,NYSE:GM,0.0
2023-03-16,17,AR1 alpha + Enhanced + One-Step,NYSE:GM,6.189887932851204e-09
2023-03-17,17,AR1 alpha + Enhanced + One-Step,NYSE:GM,0.0
2023-03-20,17,AR1 alpha + Enhanced + One-Step,NYSE:GM,0.0
2023-03-21,17,AR1 alpha + Enhanced + One-Step,NYSE:GM,0.0
2023-03-22,17,AR1 alpha + Enhanced + One-Step,NYSE:GM,0.0
2023-03-23,17,AR1 alpha + Enhanced + One-Step,NYSE:GM,0.0
2023-03-24,17,AR1 alpha + Enhanced + One-Step,NYSE:GM,9.050802425636082e-09
2023-03-27,17,AR1 alpha + Enhanced + One-Step,NYSE:GM,0.0
2023-03-28,17,AR1 alpha + Enhanced + One-Step,NYSE:GM,0.0
2023-03-29,17,AR1 alpha + Enhanced + One-Step,NYSE:GM,7.601255110485561e-09
2023-03-30,17,AR1 alpha + Enhanced + One-Step,NYSE:GM,1.828633229842985e-08
2023-03-31,17,AR1 alpha + Enhanced + One-Step,NYSE:GM,1.1674515196225097e-07
2023-04-03,17,AR1 alpha + Enhanced + One-Step,NYSE:GM,0.0
2023-04-04,17,AR1 alpha + Enhanced + One-Step,NYSE:GM,0.0
2023-04-05,17,AR1 alpha + Enhanced + One-Step,NYSE:GM,0.0
2023-04-06,17,AR1 alpha + Enhanced + One-Step,NYSE:GM,6.861255818552182e-08
2023-04-10,17,AR1 alpha + Enhanced + One-Step,NYSE:GM,6.463793404766755e-07
2023-04-11,17,AR1 alpha + Enhanced + One-Step,NYSE:GM,0.0
2023-04-12,17,AR1 alpha + Enhanced + One-Step,NYSE:GM,0.0
2023-04-13,17,AR1 alpha + Enhanced + One-Step,NYSE:GM,0.0
2023-04-14,17,AR1 alpha + Enhanced + One-Step,NYSE:GM,8.014204684274876e-08
2023-04-17,17,AR1 alpha + Enhanced + One-Step,NYSE:GM,1.1767009590616046e-07
2023-04-18,17,AR1 alpha + Enhanced + One-Step,NYSE:GM,0.0
2023-04-19,17,AR1 alpha + Enhanced + One-Step,NYSE:GM,0.0
2023-04-20,17,AR1 alpha + Enhanced + One-Step,NYSE:GM,4.72478561706766e-08
2023-04-21,17,AR1 alpha + Enhanced + One-Step,NYSE:GM,0.0
2023-04-24,17,AR1 alpha + Enhanced + One-Step,NYSE:GM,0.0
2023-04-25,17,AR1 alpha + Enhanced + One-Step,NYSE:GM,0.0
2023-04-26,17,AR1 alpha + Enhanced + One-Step,NYSE:GM,0.0
2023-04-27,17,AR1 alpha + Enhanced + One-Step,NYSE:GM,0.0
2023-04-28,17,AR1 alpha + Enhanced + One-Step,NYSE:GM,1.279342272525109e-08
2023-05-01,17,AR1 alpha + Enhanced + One-Step,NYSE:GM,0.0
2023-05-02,17,AR1 alpha + Enhanced + One-Step,NYSE:GM,8.305704508710216e-08
2023-05-03,17,AR1 alpha + Enhanced + One-Step,NYSE:GM,0.0
2023-05-04,17,AR1 alpha + Enhanced + One-Step,NYSE:GM,0.0
2023-05-05,17,AR1 alpha + Enhanced + One-Step,NYSE:GM,0.0
2023-05-08,17,AR1 alpha + Enhanced + One-Step,NYSE:GM,8.528090606412295e-08
2023-05-09,17,AR1 alpha + Enhanced + One-Step,NYSE:GM,2.667118247202508e-08
2023-05-10,17,AR1 alpha + Enhanced + One-Step,NYSE:GM,3.9607775466523256e-07
2023-05-11,17,AR1 alpha + Enhanced + One-Step,NYSE:GM,2.46692027395608e-07
2023-05-12,17,AR1 alpha + Enhanced + One-Step,NYSE:GM,2.995056113546239e-07
2023-05-15,17,AR1 alpha + Enhanced + One-Step,NYSE:GM,0.0
2023-05-16,17,AR1 alpha + Enhanced + One-Step,NYSE:GM,4.666978346185645e-08
2023-05-17,17,AR1 alpha + Enhanced + One-Step,NYSE:GM,0.0
2023-05-18,17,AR1 alpha + Enhanced + One-Step,NYSE:GM,1.3814724062188747e-06
2023-05-19,17,AR1 alpha + Enhanced + One-Step,NYSE:GM,5.6209363477156176e-08
2023-05-22,17,AR1 alpha + Enhanced + One-Step,NYSE:GM,0.0
2023-05-23,17,AR1 alpha + Enhanced + One-Step,NYSE:GM,0.0
2023-05-24,17,AR1 alpha + Enhanced + One-Step,NYSE:GM,0.0
2023-05-25,17,AR1 alpha + Enhanced + One-Step,NYSE:GM,0.0
2023-05-26,17,AR1 alpha + Enhanced + One-Step,NYSE:GM,2.871687493379592e-08
2023-05-30,17,AR1 alpha + Enhanced + One-Step,NYSE:GM,2.4478478006502413e-08
2023-05-31,17,AR1 alpha + Enhanced + One-Step,NYSE:GM,0.0
2023-06-01,17,AR1 alpha + Enhanced + One-Step,NYSE:GM,0.0
2023-06-02,17,AR1 alpha + Enhanced + One-Step,NYSE:GM,0.0
2023-06-05,17,AR1 alpha + Enhanced + One-Step,NYSE:GM,0.0
2023-06-06,17,AR1 alpha + Enhanced + One-Step,NYSE:GM,1.5837618625510791e-06
2023-06-07,17,AR1 alpha + Enhanced + One-Step,NYSE:GM,5.687010409158723e-07
2023-06-08,17,AR1 alpha + Enhanced + One-Step,NYSE:GM,1.6946768870188504e-07
2023-06-09,17,AR1 alpha + Enhanced + One-Step,NYSE:GM,0.0
2023-06-12,17,AR1 alpha + Enhanced + One-Step,NYSE:GM,0.0
2023-06-13,17,AR1 alpha + Enhanced + One-Step,NYSE:GM,0.0
2023-06-14,17,AR1 alpha + Enhanced + One-Step,NYSE:GM,0.0
2023-06-15,17,AR1 alpha + Enhanced + One-Step,NYSE:GM,0.0
2023-06-16,17,AR1 alpha + Enhanced + One-Step,NYSE:GM,0.0
2023-06-20,17,AR1 alpha + Enhanced + One-Step,NYSE:GM,0.0
2023-06-21,17,AR1 alpha + Enhanced + One-Step,NYSE:GM,0.0
2023-06-22,17,AR1 alpha + Enhanced + One-Step,NYSE:GM,0.0
2023-06-23,17,AR1 alpha + Enhanced + One-Step,NYSE:GM,0.0
2023-06-26,17,AR1 alpha + Enhanced + One-Step,NYSE:GM,0.0
2023-06-27,17,AR1 alpha + Enhanced + One-Step,NYSE:GM,0.0
2023-06-28,17,AR1 alpha + Enhanced + One-Step,NYSE:GM,0.0
2023-06-29,17,AR1 alpha + Enhanced + One-Step,NYSE:GM,0.0
2023-06-30,17,AR1 alpha + Enhanced + One-Step,NYSE:GM,0.0
2023-07-03,17,AR1 alpha + Enhanced + One-Step,NYSE:GM,0.0
2023-07-05,17,AR1 alpha + Enhanced + One-Step,NYSE:GM,0.0
2023-07-06,17,AR1 alpha + Enhanced + One-Step,NYSE:GM,4.104207939066511e-08
2023-07-07,17,AR1 alpha + Enhanced + One-Step,NYSE:GM,3.265812905767991e-07
2023-07-10,17,AR1 alpha + Enhanced + One-Step,NYSE:GM,2.727062523861246e-07
2023-07-11,17,AR1 alpha + Enhanced + One-Step,NYSE:GM,0.0
2023-07-12,17,AR1 alpha + Enhanced + One-Step,NYSE:GM,1.0021753721913021e-07
2023-07-13,17,AR1 alpha + Enhanced + One-Step,NYSE:GM,0.0
2023-07-14,17,AR1 alpha + Enhanced + One-Step,NYSE:GM,0.0
2023-07-17,17,AR1 alpha + Enhanced + One-Step,NYSE:GM,0.0005584521579688125
2023-07-18,17,AR1 alpha + Enhanced + One-Step,NYSE:GM,0.0005591259166580687
2023-07-19,17,AR1 alpha + Enhanced + One-Step,NYSE:GM,0.0005583410516654943
2023-07-20,17,AR1 alpha + Enhanced + One-Step,NYSE:GM,0.0005581653725288388
2023-07-21,17,AR1 alpha + Enhanced + One-Step,NYSE:GM,0.0005581032945743512
2023-07-24,17,AR1 alpha + Enhanced + One-Step,NYSE:GM,0.0
2023-07-25,17,AR1 alpha + Enhanced + One-Step,NYSE:GM,9.391775892803052e-08
2023-07-26,17,AR1 alpha + Enhanced + One-Step,NYSE:GM,0.0
2023-07-27,17,AR1 alpha + Enhanced + One-Step,NYSE:GM,0.0
2023-08-01,17,AR1 alpha + Enhanced + One-Step,NYSE:GM,0.0
2023-08-02,17,AR1 alpha + Enhanced + One-Step,NYSE:GM,0.0
2023-08-03,17,AR1 alpha + Enhanced + One-Step,NYSE:GM,9.1290715037899e-08
2023-08-04,17,AR1 alpha + Enhanced + One-Step,NYSE:GM,1.9546958522212923e-06
2023-08-07,17,AR1 alpha + Enhanced + One-Step,NYSE:GM,1.0923572674363302e-06
2023-08-08,17,AR1 alpha + Enhanced + One-Step,NYSE:GM,6.593363341371106e-07
2023-08-09,17,AR1 alpha + Enhanced + One-Step,NYSE:GM,0.0
2023-08-10,17,AR1 alpha + Enhanced + One-Step,NYSE:GM,0.0
2023-08-11,17,AR1 alpha + Enhanced + One-Step,NYSE:GM,0.0
2023-08-14,17,AR1 alpha + Enhanced + One-Step,NYSE:GM,0.0
2023-08-15,17,AR1 alpha + Enhanced + One-Step,NYSE:GM,0.0
2023-08-16,17,AR1 alpha + Enhanced + One-Step,NYSE:GM,0.0
2023-08-17,17,AR1 alpha + Enhanced + One-Step,NYSE:GM,0.0
2023-08-18,17,AR1 alpha + Enhanced + One-Step,NYSE:GM,0.0
2023-08-21,17,AR1 alpha + Enhanced + One-Step,NYSE:GM,0.0
2023-08-22,17,AR1 alpha + Enhanced + One-Step,NYSE:GM,0.0
2023-08-23,17,AR1 alpha + Enhanced + One-Step,NYSE:GM,0.0
2023-08-24,17,AR1 alpha + Enhanced + One-Step,NYSE:GM,0.0
2023-08-25,17,AR1 alpha + Enhanced + One-Step,NYSE:GM,0.0
2023-08-28,17,AR1 alpha + Enhanced + One-Step,NYSE:GM,0.0
2023-08-29,17,AR1 alpha + Enhanced + One-Step,NYSE:GM,0.0
2023-08-30,17,AR1 alpha + Enhanced + One-Step,NYSE:GM,0.0
2023-08-31,17,AR1 alpha + Enhanced + One-Step,NYSE:GM,0.0
2023-09-01,17,AR1 alpha + Enhanced + One-Step,NYSE:GM,0.0
2023-09-05,17,AR1 alpha + Enhanced + One-Step,NYSE:GM,0.0
2023-09-06,17,AR1 alpha + Enhanced + One-Step,NYSE:GM,0.0
2023-09-07,17,AR1 alpha + Enhanced + One-Step,NYSE:GM,0.0
2023-09-08,17,AR1 alpha + Enhanced + One-Step,NYSE:GM,0.0
2023-09-11,17,AR1 alpha + Enhanced + One-Step,NYSE:GM,1.5511230476226246e-07
2023-09-12,17,AR1 alpha + Enhanced + One-Step,NYSE:GM,2.1126582393357806e-07
2023-09-13,17,AR1 alpha + Enhanced + One-Step,NYSE:GM,0.0
2023-09-14,17,AR1 alpha + Enhanced + One-Step,NYSE:GM,3.608296625201064e-08
2023-09-15,17,AR1 alpha + Enhanced + One-Step,NYSE:GM,3.248735126884627e-07
2023-09-18,17,AR1 alpha + Enhanced + One-Step,NYSE:GM,4.522584243527197e-08
2023-09-19,17,AR1 alpha + Enhanced + One-Step,NYSE:GM,3.9512899624391285e-08
2023-09-20,17,AR1 alpha + Enhanced + One-Step,NYSE:GM,4.7884479370260155e-08
2023-09-21,17,AR1 alpha + Enhanced + One-Step,NYSE:GM,8.832154906581521e-08
2023-09-22,17,AR1 alpha + Enhanced + One-Step,NYSE:GM,6.676378886175895e-08
2023-09-25,17,AR1 alpha + Enhanced + One-Step,NYSE:GM,0.0
2023-09-26,17,AR1 alpha + Enhanced + One-Step,NYSE:GM,0.0
2023-09-27,17,AR1 alpha + Enhanced + One-Step,NYSE:GM,0.0
2023-09-28,17,AR1 alpha + Enhanced + One-Step,NYSE:GM,0.0
2023-09-29,17,AR1 alpha + Enhanced + One-Step,NYSE:GM,0.0
2023-10-02,17,AR1 alpha + Enhanced + One-Step,NYSE:GM,0.0
2023-10-03,17,AR1 alpha + Enhanced + One-Step,NYSE:GM,0.0
2023-10-04,17,AR1 alpha + Enhanced + One-Step,NYSE:GM,0.0
2023-10-05,17,AR1 alpha + Enhanced + One-Step,NYSE:GM,0.0
2023-10-06,17,AR1 alpha + Enhanced + One-Step,NYSE:GM,0.0
2023-10-09,17,AR1 alpha + Enhanced + One-Step,NYSE:GM,0.0
2023-10-10,17,AR1 alpha + Enhanced + One-Step,NYSE:GM,0.0
2023-10-11,17,AR1 alpha + Enhanced + One-Step,NYSE:GM,0.0
2023-10-12,17,AR1 alpha + Enhanced + One-Step,NYSE:GM,3.138512010618492e-09
2023-10-13,17,AR1 alpha + Enhanced + One-Step,NYSE:GM,5.518016041040074e-09
2023-10-16,17,AR1 alpha + Enhanced + One-Step,NYSE:GM,2.175828759217425e-08
2023-10-17,17,AR1 alpha + Enhanced + One-Step,NYSE:GM,0.0
2023-10-18,17,AR1 alpha + Enhanced + One-Step,NYSE:GM,1.242174596170472e-07
2023-10-19,17,AR1 alpha + Enhanced + One-Step,NYSE:GM,5.5882958146096817e-08
2023-10-20,17,AR1 alpha + Enhanced + One-Step,NYSE:GM,7.646431832222587e-08
2023-10-23,17,AR1 alpha + Enhanced + One-Step,NYSE:GM,0.0
2023-10-24,17,AR1 alpha + Enhanced + One-Step,NYSE:GM,7.334655915997886e-09
2023-10-25,17,AR1 alpha + Enhanced + One-Step,NYSE:GM,0.0
2023-10-26,17,AR1 alpha + Enhanced + One-Step,NYSE:GM,0.0
2023-10-27,17,AR1 alpha + Enhanced + One-Step,NYSE:GM,0.0
2023-10-30,17,AR1 alpha + Enhanced + One-Step,NYSE:GM,0.0
2023-10-31,17,AR1 alpha + Enhanced + One-Step,NYSE:GM,1.1910179105338692e-07
2023-11-01,17,AR1 alpha + Enhanced + One-Step,NYSE:GM,0.0
2023-11-02,17,AR1 alpha + Enhanced + One-Step,NYSE:GM,1.2603204411341626e-06
2023-11-03,17,AR1 alpha + Enhanced + One-Step,NYSE:GM,8.485761986919666e-07
2023-11-06,17,AR1 alpha + Enhanced + One-Step,NYSE:GM,6.304151757705167e-07
2023-11-07,17,AR1 alpha + Enhanced + One-Step,NYSE:GM,0.0
2023-11-08,17,AR1 alpha + Enhanced + One-Step,NYSE:GM,0.0
2023-11-09,17,AR1 alpha + Enhanced + One-Step,NYSE:GM,0.0
2023-11-10,17,AR1 alpha + Enhanced + One-Step,NYSE:GM,0.0
2023-11-13,17,AR1 alpha + Enhanced + One-Step,NYSE:GM,0.0
2023-11-14,17,AR1 alpha + Enhanced + One-Step,NYSE:GM,5.899036374384991e-07
2023-11-15,17,AR1 alpha + Enhanced + One-Step,NYSE:GM,2.2734257810419318e-07
2023-11-16,17,AR1 alpha + Enhanced + One-Step,NYSE:GM,0.0
2023-11-17,17,AR1 alpha + Enhanced + One-Step,NYSE:GM,0.0
2023-11-20,17,AR1 alpha + Enhanced + One-Step,NYSE:GM,6.23723192839715e-08
2023-11-21,17,AR1 alpha + Enhanced + One-Step,NYSE:GM,4.732431211248952e-08
2023-11-22,17,AR1 alpha + Enhanced + One-Step,NYSE:GM,3.17751587847061e-10
2023-11-24,17,AR1 alpha + Enhanced + One-Step,NYSE:GM,0.0
2023-11-27,17,AR1 alpha + Enhanced + One-Step,NYSE:GM,0.0
2023-11-28,17,AR1 alpha + Enhanced + One-Step,NYSE:GM,5.010535479323037e-08
2023-11-29,17,AR1 alpha + Enhanced + One-Step,NYSE:GM,0.0
2023-11-30,17,AR1 alpha + Enhanced + One-Step,NYSE:GM,0.0
2023-12-01,17,AR1 alpha + Enhanced + One-Step,NYSE:GM,0.0
2023-12-04,17,AR1 alpha + Enhanced + One-Step,NYSE:GM,0.0
2023-12-05,17,AR1 alpha + Enhanced + One-Step,NYSE:GM,0.0
2023-12-06,17,AR1 alpha + Enhanced + One-Step,NYSE:GM,6.024247379185618e-09
2023-12-07,17,AR1 alpha + Enhanced + One-Step,NYSE:GM,0.0
2023-12-08,17,AR1 alpha + Enhanced + One-Step,NYSE:GM,4.085149975701956e-08
2023-12-11,17,AR1 alpha + Enhanced + One-Step,NYSE:GM,0.0
2023-12-12,17,AR1 alpha + Enhanced + One-Step,NYSE:GM,0.0
2023-12-13,17,AR1 alpha + Enhanced + One-Step,NYSE:GM,7.414275063424764e-07
2023-12-14,17,AR1 alpha + Enhanced + One-Step,NYSE:GM,3.9599949158661606e-07
2023-12-15,17,AR1 alpha + Enhanced + One-Step,NYSE:GM,0.0
2023-12-18,17,AR1 alpha + Enhanced + One-Step,NYSE:GM,0.0
2023-12-19,17,AR1 alpha + Enhanced + One-Step,NYSE:GM,0.0
2023-12-20,17,AR1 alpha + Enhanced + One-Step,NYSE:GM,7.434099468187774e-07
2023-12-21,17,AR1 alpha + Enhanced + One-Step,NYSE:GM,5.22541270176694e-07
2023-12-22,17,AR1 alpha + Enhanced + One-Step,NYSE:GM,3.8045389942845643e-07
2023-12-26,17,AR1 alpha + Enhanced + One-Step,NYSE:GM,0.0
2023-12-27,17,AR1 alpha + Enhanced + One-Step,NYSE:GM,0.0
2023-12-28,17,AR1 alpha + Enhanced + One-Step,NYSE:GM,2.5304379503072413e-08
2023-12-29,17,AR1 alpha + Enhanced + One-Step,NYSE:GM,2.8133379801312833e-07
2024-01-02,17,AR1 alpha + Enhanced + One-Step,NYSE:GM,0.0
2024-01-03,17,AR1 alpha + Enhanced + One-Step,NYSE:GM,0.0
2024-01-04,17,AR1 alpha + Enhanced + One-Step,NYSE:GM,0.0
2024-01-05,17,AR1 alpha + Enhanced + One-Step,NYSE:GM,1.4626895219194453e-07
2024-01-08,17,AR1 alpha + Enhanced + One-Step,NYSE:GM,4.2413270296144506e-07
2024-01-09,17,AR1 alpha + Enhanced + One-Step,NYSE:GM,0.0
2024-01-10,17,AR1 alpha + Enhanced + One-Step,NYSE:GM,0.0
2024-01-11,17,AR1 alpha + Enhanced + One-Step,NYSE:GM,0.0
2024-01-12,17,AR1 alpha + Enhanced + One-Step,NYSE:GM,8.188472033973674e-09
2024-01-16,17,AR1 alpha + Enhanced + One-Step,NYSE:GM,0.0
2024-01-17,17,AR1 alpha + Enhanced + One-Step,NYSE:GM,0.0
2024-01-18,17,AR1 alpha + Enhanced + One-Step,NYSE:GM,0.0
2024-01-19,17,AR1 alpha + Enhanced + One-Step,NYSE:GM,0.0
2024-01-22,17,AR1 alpha + Enhanced + One-Step,NYSE:GM,0.0
2024-01-23,17,AR1 alpha + Enhanced + One-Step,NYSE:GM,0.0
2024-01-24,17,AR1 alpha + Enhanced + One-Step,NYSE:GM,0.0
2024-01-25,17,AR1 alpha + Enhanced + One-Step,NYSE:GM,0.0
2024-01-26,17,AR1 alpha + Enhanced + One-Step,NYSE:GM,0.0
2024-01-29,17,AR1 alpha + Enhanced + One-Step,NYSE:GM,0.0
2024-01-30,17,AR1 alpha + Enhanced + One-Step,NYSE:GM,0.0
2024-01-31,17,AR1 alpha + Enhanced + One-Step,NYSE:GM,0.0
2024-02-01,17,AR1 alpha + Enhanced + One-Step,NYSE:GM,0.0
2024-02-02,17,AR1 alpha + Enhanced + One-Step,NYSE:GM,0.0
2024-02-05,17,AR1 alpha + Enhanced + One-Step,NYSE:GM,0.0
2024-02-06,17,AR1 alpha + Enhanced + One-Step,NYSE:GM,0.0
2024-02-07,17,AR1 alpha + Enhanced + One-Step,NYSE:GM,0.0
2024-02-08,17,AR1 alpha + Enhanced + One-Step,NYSE:GM,0.0
2024-02-09,17,AR1 alpha + Enhanced + One-Step,NYSE:GM,0.0
2024-02-12,17,AR1 alpha + Enhanced + One-Step,NYSE:GM,0.0
2024-02-13,17,AR1 alpha + Enhanced + One-Step,NYSE:GM,2.0066578615802397e-08
2024-02-14,17,AR1 alpha + Enhanced + One-Step,NYSE:GM,2.9593666583573534e-07
2024-02-15,17,AR1 alpha + Enhanced + One-Step,NYSE:GM,0.0
2024-02-16,17,AR1 alpha + Enhanced + One-Step,NYSE:GM,3.8848612717931877e-07
2024-02-20,17,AR1 alpha + Enhanced + One-Step,NYSE:GM,4.855847493091382e-07
2024-02-21,17,AR1 alpha + Enhanced + One-Step,NYSE:GM,0.0
2024-02-22,17,AR1 alpha + Enhanced + One-Step,NYSE:GM,0.0
2024-02-23,17,AR1 alpha + Enhanced + One-Step,NYSE:GM,0.0
2024-02-26,17,AR1 alpha + Enhanced + One-Step,NYSE:GM,0.0
2024-02-27,17,AR1 alpha + Enhanced + One-Step,NYSE:GM,0.0
2024-02-28,17,AR1 alpha + Enhanced + One-Step,NYSE:GM,0.0
2024-02-29,17,AR1 alpha + Enhanced + One-Step,NYSE:GM,0.0
2024-03-01,17,AR1 alpha + Enhanced + One-Step,NYSE:GM,0.0
2024-03-04,17,AR1 alpha + Enhanced + One-Step,NYSE:GM,0.0
2024-03-05,17,AR1 alpha + Enhanced + One-Step,NYSE:GM,0.0
2024-03-06,17,AR1 alpha + Enhanced + One-Step,NYSE:GM,0.0
2024-03-07,17,AR1 alpha + Enhanced + One-Step,NYSE:GM,0.0
2024-03-08,17,AR1 alpha + Enhanced + One-Step,NYSE:GM,0.0
2024-03-11,17,AR1 alpha + Enhanced + One-Step,NYSE:GM,0.0
2024-03-12,17,AR1 alpha + Enhanced + One-Step,NYSE:GM,0.0
2024-03-13,17,AR1 alpha + Enhanced + One-Step,NYSE:GM,0.0
2024-03-14,17,AR1 alpha + Enhanced + One-Step,NYSE:GM,0.0
2024-03-15,17,AR1 alpha + Enhanced + One-Step,NYSE:GM,1.3227309325159992e-07
2024-03-18,17,AR1 alpha + Enhanced + One-Step,NYSE:GM,0.0
2024-03-19,17,AR1 alpha + Enhanced + One-Step,NYSE:GM,0.0
2024-03-20,17,AR1 alpha + Enhanced + One-Step,NYSE:GM,3.528060859870434e-08
2024-03-21,17,AR1 alpha + Enhanced + One-Step,NYSE:GM,6.940849045830805e-08
2024-03-22,17,AR1 alpha + Enhanced + One-Step,NYSE:GM,0.0
2024-03-25,17,AR1 alpha + Enhanced + One-Step,NYSE:GM,1.5481911705812098e-08
2024-03-26,17,AR1 alpha + Enhanced + One-Step,NYSE:GM,0.0
2024-03-27,17,AR1 alpha + Enhanced + One-Step,NYSE:GM,7.906338237250665e-08
2024-03-28,17,AR1 alpha + Enhanced + One-Step,NYSE:GM,3.0738007323443457e-07
2024-04-01,17,AR1 alpha + Enhanced + One-Step,NYSE:GM,3.9648840301505734e-07
2024-04-02,17,AR1 alpha + Enhanced + One-Step,NYSE:GM,1.809508498871549e-07
2024-04-03,17,AR1 alpha + Enhanced + One-Step,NYSE:GM,0.0
2024-04-04,17,AR1 alpha + Enhanced + One-Step,NYSE:GM,0.0
2024-04-05,17,AR1 alpha + Enhanced + One-Step,NYSE:GM,0.0
2024-04-08,17,AR1 alpha + Enhanced + One-Step,NYSE:GM,1.7062623397360403e-07
2024-04-09,17,AR1 alpha + Enhanced + One-Step,NYSE:GM,0.0
2024-04-10,17,AR1 alpha + Enhanced + One-Step,NYSE:GM,0.0
2024-04-11,17,AR1 alpha + Enhanced + One-Step,NYSE:GM,0.0
2024-04-12,17,AR1 alpha + Enhanced + One-Step,NYSE:GM,0.0
2024-04-15,17,AR1 alpha + Enhanced + One-Step,NYSE:GM,0.0
2024-04-16,17,AR1 alpha + Enhanced + One-Step,NYSE:GM,0.0
2024-04-17,17,AR1 alpha + Enhanced + One-Step,NYSE:GM,1.1249126590214006e-07
2024-04-18,17,AR1 alpha + Enhanced + One-Step,NYSE:GM,0.0
2024-04-19,17,AR1 alpha + Enhanced + One-Step,NYSE:GM,0.0
2020-03-25,17,AR1 alpha + Enhanced + One-Step,NYSE:USM,0.020000000000007227
2020-03-26,17,AR1 alpha + Enhanced + One-Step,NYSE:USM,0.02000000000001305
2020-03-27,17,AR1 alpha + Enhanced + One-Step,NYSE:USM,0.02000001089318481
2020-03-30,17,AR1 alpha + Enhanced + One-Step,NYSE:USM,0.020001387523200794
2020-03-31,17,AR1 alpha + Enhanced + One-Step,NYSE:USM,0.020003255779435503
2020-04-01,17,AR1 alpha + Enhanced + One-Step,NYSE:USM,0.020003063213640995
2020-04-02,17,AR1 alpha + Enhanced + One-Step,NYSE:USM,0.020004270051896568
2020-04-03,17,AR1 alpha + Enhanced + One-Step,NYSE:USM,0.02000505264792083
2020-04-06,17,AR1 alpha + Enhanced + One-Step,NYSE:USM,0.020005635289379178
2020-04-07,17,AR1 alpha + Enhanced + One-Step,NYSE:USM,0.020006160118264813
2020-04-08,17,AR1 alpha + Enhanced + One-Step,NYSE:USM,0.020006242546862445
2020-04-09,17,AR1 alpha + Enhanced + One-Step,NYSE:USM,0.020006212870314163
2020-04-13,17,AR1 alpha + Enhanced + One-Step,NYSE:USM,0.020005987879467127
2020-04-14,17,AR1 alpha + Enhanced + One-Step,NYSE:USM,0.020007231665189508
2020-04-15,17,AR1 alpha + Enhanced + One-Step,NYSE:USM,0.02000825563582374
2020-04-16,17,AR1 alpha + Enhanced + One-Step,NYSE:USM,0.02000867807279878
2020-04-17,17,AR1 alpha + Enhanced + One-Step,NYSE:USM,0.020008616974407686
2020-04-20,17,AR1 alpha + Enhanced + One-Step,NYSE:USM,0.020008642197300055
2020-04-21,17,AR1 alpha + Enhanced + One-Step,NYSE:USM,0.020008991735722955
2020-04-22,17,AR1 alpha + Enhanced + One-Step,NYSE:USM,0.02000930313760324
2020-04-23,17,AR1 alpha + Enhanced + One-Step,NYSE:USM,0.02000928162816703
2020-04-24,17,AR1 alpha + Enhanced + One-Step,NYSE:USM,0.020009369297349325
2020-04-27,17,AR1 alpha + Enhanced + One-Step,NYSE:USM,0.020009367156329866
2020-04-28,17,AR1 alpha + Enhanced + One-Step,NYSE:USM,0.020009365916339526
2020-04-29,17,AR1 alpha + Enhanced + One-Step,NYSE:USM,0.02000936233395326
2020-04-30,17,AR1 alpha + Enhanced + One-Step,NYSE:USM,0.020009415860407595
2020-05-01,17,AR1 alpha + Enhanced + One-Step,NYSE:USM,0.020008486577217748
2020-05-04,17,AR1 alpha + Enhanced + One-Step,NYSE:USM,0.020008506582043246
2020-05-05,17,AR1 alpha + Enhanced + One-Step,NYSE:USM,0.020008463700262883
2020-05-06,17,AR1 alpha + Enhanced + One-Step,NYSE:USM,0.004155037230372549
2020-05-07,17,AR1 alpha + Enhanced + One-Step,NYSE:USM,0.0
2020-05-08,17,AR1 alpha + Enhanced + One-Step,NYSE:USM,0.0
2020-05-11,17,AR1 alpha + Enhanced + One-Step,NYSE:USM,0.0
2020-05-12,17,AR1 alpha + Enhanced + One-Step,NYSE:USM,0.0
2020-05-13,17,AR1 alpha + Enhanced + One-Step,NYSE:USM,6.094607635181185e-08
2020-05-14,17,AR1 alpha + Enhanced + One-Step,NYSE:USM,0.0
2020-05-15,17,AR1 alpha + Enhanced + One-Step,NYSE:USM,3.9280039218331246e-08
2020-05-18,17,AR1 alpha + Enhanced + One-Step,NYSE:USM,5.103823948354517e-08
2020-05-19,17,AR1 alpha + Enhanced + One-Step,NYSE:USM,0.0
2020-05-20,17,AR1 alpha + Enhanced + One-Step,NYSE:USM,1.736596035797772e-08
2020-05-21,17,AR1 alpha + Enhanced + One-Step,NYSE:USM,0.0
2020-05-22,17,AR1 alpha + Enhanced + One-Step,NYSE:USM,0.0
2020-05-26,17,AR1 alpha + Enhanced + One-Step,NYSE:USM,0.0
2020-05-27,17,AR1 alpha + Enhanced + One-Step,NYSE:USM,4.37771690581364e-08
2020-05-28,17,AR1 alpha + Enhanced + One-Step,NYSE:USM,2.7401947179139685e-08
2020-05-29,17,AR1 alpha + Enhanced + One-Step,NYSE:USM,1.6873017917831598e-08
2020-06-01,17,AR1 alpha + Enhanced + One-Step,NYSE:USM,7.294838335607525e-08
2020-06-02,17,AR1 alpha + Enhanced + One-Step,NYSE:USM,1.407922370476176e-08
2020-06-03,17,AR1 alpha + Enhanced + One-Step,NYSE:USM,3.1886195944043055e-07
2020-06-04,17,AR1 alpha + Enhanced + One-Step,NYSE:USM,0.0
2020-06-05,17,AR1 alpha + Enhanced + One-Step,NYSE:USM,0.0
2020-06-08,17,AR1 alpha + Enhanced + One-Step,NYSE:USM,0.0
2020-06-09,17,AR1 alpha + Enhanced + One-Step,NYSE:USM,1.671694797894462e-08
2020-06-10,17,AR1 alpha + Enhanced + One-Step,NYSE:USM,9.650233342393465e-09
2020-06-11,17,AR1 alpha + Enhanced + One-Step,NYSE:USM,4.725432457127328e-07
2020-06-12,17,AR1 alpha + Enhanced + One-Step,NYSE:USM,2.6686173497892343e-07
2020-06-15,17,AR1 alpha + Enhanced + One-Step,NYSE:USM,0.0
2020-06-16,17,AR1 alpha + Enhanced + One-Step,NYSE:USM,8.690884681966741e-09
2020-06-17,17,AR1 alpha + Enhanced + One-Step,NYSE:USM,6.959885101170332e-10
2020-06-18,17,AR1 alpha + Enhanced + One-Step,NYSE:USM,0.0
2020-06-19,17,AR1 alpha + Enhanced + One-Step,NYSE:USM,0.0
2020-06-22,17,AR1 alpha + Enhanced + One-Step,NYSE:USM,4.1838497544630184e-08
2020-06-23,17,AR1 alpha + Enhanced + One-Step,NYSE:USM,0.0
2020-06-24,17,AR1 alpha + Enhanced + One-Step,NYSE:USM,0.0
2020-06-25,17,AR1 alpha + Enhanced + One-Step,NYSE:USM,1.5353659103339184e-08
2020-06-26,17,AR1 alpha + Enhanced + One-Step,NYSE:USM,0.0
2020-06-29,17,AR1 alpha + Enhanced + One-Step,NYSE:USM,0.0
2020-06-30,17,AR1 alpha + Enhanced + One-Step,NYSE:USM,0.0
2020-07-01,17,AR1 alpha + Enhanced + One-Step,NYSE:USM,0.0
2020-07-02,17,AR1 alpha + Enhanced + One-Step,NYSE:USM,0.0
2020-07-06,17,AR1 alpha + Enhanced + One-Step,NYSE:USM,0.0
2020-07-07,17,AR1 alpha + Enhanced + One-Step,NYSE:USM,0.0
2020-07-08,17,AR1 alpha + Enhanced + One-Step,NYSE:USM,0.0
2020-07-09,17,AR1 alpha + Enhanced + One-Step,NYSE:USM,0.0
2020-07-10,17,AR1 alpha + Enhanced + One-Step,NYSE:USM,0.0
2020-07-13,17,AR1 alpha + Enhanced + One-Step,NYSE:USM,0.0
2020-07-14,17,AR1 alpha + Enhanced + One-Step,NYSE:USM,4.3504582734571725e-08
2020-07-15,17,AR1 alpha + Enhanced + One-Step,NYSE:USM,2.5113948399757827e-07
2020-07-16,17,AR1 alpha + Enhanced + One-Step,NYSE:USM,1.0387678697929476e-07
2020-07-17,17,AR1 alpha + Enhanced + One-Step,NYSE:USM,0.0
2020-07-20,17,AR1 alpha + Enhanced + One-Step,NYSE:USM,3.2599300705909705e-09
2020-07-21,17,AR1 alpha + Enhanced + One-Step,NYSE:USM,8.24097243312305e-08
2020-07-22,17,AR1 alpha + Enhanced + One-Step,NYSE:USM,7.277557583054367e-08
2020-07-23,17,AR1 alpha + Enhanced + One-Step,NYSE:USM,0.0
2020-07-24,17,AR1 alpha + Enhanced + One-Step,NYSE:USM,0.0
2020-07-27,17,AR1 alpha + Enhanced + One-Step,NYSE:USM,0.0
2020-07-28,17,AR1 alpha + Enhanced + One-Step,NYSE:USM,0.0
2020-07-29,17,AR1 alpha + Enhanced + One-Step,NYSE:USM,0.0
2020-07-30,17,AR1 alpha + Enhanced + One-Step,NYSE:USM,0.0
2020-07-31,17,AR1 alpha + Enhanced + One-Step,NYSE:USM,0.0
2020-08-03,17,AR1 alpha + Enhanced + One-Step,NYSE:USM,5.130256203942155e-08
2020-08-04,17,AR1 alpha + Enhanced + One-Step,NYSE:USM,0.0
2020-08-05,17,AR1 alpha + Enhanced + One-Step,NYSE:USM,0.0
2020-08-06,17,AR1 alpha + Enhanced + One-Step,NYSE:USM,0.0
2020-08-07,17,AR1 alpha + Enhanced + One-Step,NYSE:USM,3.005791229495044e-07
2020-08-10,17,AR1 alpha + Enhanced + One-Step,NYSE:USM,2.201451255598376e-07
2020-08-11,17,AR1 alpha + Enhanced + One-Step,NYSE:USM,2.7491988953200634e-08
2020-08-12,17,AR1 alpha + Enhanced + One-Step,NYSE:USM,0.0
2020-08-13,17,AR1 alpha + Enhanced + One-Step,NYSE:USM,5.201470809102385e-10
2020-08-14,17,AR1 alpha + Enhanced + One-Step,NYSE:USM,1.5282658721828194e-09
2020-08-17,17,AR1 alpha + Enhanced + One-Step,NYSE:USM,0.0
2020-08-18,17,AR1 alpha + Enhanced + One-Step,NYSE:USM,0.0
2020-08-19,17,AR1 alpha + Enhanced + One-Step,NYSE:USM,0.0
2020-08-20,17,AR1 alpha + Enhanced + One-Step,NYSE:USM,0.0
2020-08-21,17,AR1 alpha + Enhanced + One-Step,NYSE:USM,0.0
2020-08-24,17,AR1 alpha + Enhanced + One-Step,NYSE:USM,0.0
2020-08-25,17,AR1 alpha + Enhanced + One-Step,NYSE:USM,8.39615530122639e-08
2020-08-26,17,AR1 alpha + Enhanced + One-Step,NYSE:USM,0.0
2020-08-27,17,AR1 alpha + Enhanced + One-Step,NYSE:USM,0.0
2020-08-28,17,AR1 alpha + Enhanced + One-Step,NYSE:USM,3.792664003983557e-09
2020-08-31,17,AR1 alpha + Enhanced + One-Step,NYSE:USM,0.0
2020-09-01,17,AR1 alpha + Enhanced + One-Step,NYSE:USM,0.0
2020-09-02,17,AR1 alpha + Enhanced + One-Step,NYSE:USM,8.889228813135219e-09
2020-09-03,17,AR1 alpha + Enhanced + One-Step,NYSE:USM,0.0
2020-09-04,17,AR1 alpha + Enhanced + One-Step,NYSE:USM,3.5194891108814584e-08
2020-09-08,17,AR1 alpha + Enhanced + One-Step,NYSE:USM,1.606943064957413e-07
2020-09-09,17,AR1 alpha + Enhanced + One-Step,NYSE:USM,7.974766521972811e-08
2020-09-10,17,AR1 alpha + Enhanced + One-Step,NYSE:USM,3.94641759042335e-08
2020-09-11,17,AR1 alpha + Enhanced + One-Step,NYSE:USM,6.346428912706824e-08
2020-09-14,17,AR1 alpha + Enhanced + One-Step,NYSE:USM,4.5450893123562815e-07
2020-09-15,17,AR1 alpha + Enhanced + One-Step,NYSE:USM,2.603989063415903e-07
2020-09-16,17,AR1 alpha + Enhanced + One-Step,NYSE:USM,1.1003679186912221e-07
2020-09-17,17,AR1 alpha + Enhanced + One-Step,NYSE:USM,0.0
2020-09-18,17,AR1 alpha + Enhanced + One-Step,NYSE:USM,0.0
2020-09-21,17,AR1 alpha + Enhanced + One-Step,NYSE:USM,0.0
2020-09-22,17,AR1 alpha + Enhanced + One-Step,NYSE:USM,0.0
2020-09-23,17,AR1 alpha + Enhanced + One-Step,NYSE:USM,0.0
2020-09-24,17,AR1 alpha + Enhanced + One-Step,NYSE:USM,0.0
2020-09-25,17,AR1 alpha + Enhanced + One-Step,NYSE:USM,0.0
2020-09-28,17,AR1 alpha + Enhanced + One-Step,NYSE:USM,0.0
2020-09-29,17,AR1 alpha + Enhanced + One-Step,NYSE:USM,0.0
2020-09-30,17,AR1 alpha + Enhanced + One-Step,NYSE:USM,0.0
2020-10-01,17,AR1 alpha + Enhanced + One-Step,NYSE:USM,2.0242762073212172e-07
2020-10-02,17,AR1 alpha + Enhanced + One-Step,NYSE:USM,2.0044965361575366e-07
2020-10-05,17,AR1 alpha + Enhanced + One-Step,NYSE:USM,4.852606613167784e-07
2020-10-06,17,AR1 alpha + Enhanced + One-Step,NYSE:USM,1.558895069105035e-07
2020-10-07,17,AR1 alpha + Enhanced + One-Step,NYSE:USM,4.800174037325631e-07
2020-10-08,17,AR1 alpha + Enhanced + One-Step,NYSE:USM,2.821610149435514e-07
2020-10-09,17,AR1 alpha + Enhanced + One-Step,NYSE:USM,2.588538838366325e-07
2020-10-12,17,AR1 alpha + Enhanced + One-Step,NYSE:USM,1.5189987439355376e-07
2020-10-13,17,AR1 alpha + Enhanced + One-Step,NYSE:USM,3.26344525936459e-07
2020-10-14,17,AR1 alpha + Enhanced + One-Step,NYSE:USM,0.0
2020-10-15,17,AR1 alpha + Enhanced + One-Step,NYSE:USM,0.0
2020-10-16,17,AR1 alpha + Enhanced + One-Step,NYSE:USM,0.0
2020-10-19,17,AR1 alpha + Enhanced + One-Step,NYSE:USM,0.0
2020-10-20,17,AR1 alpha + Enhanced + One-Step,NYSE:USM,0.0
2020-10-21,17,AR1 alpha + Enhanced + One-Step,NYSE:USM,0.0
2020-10-22,17,AR1 alpha + Enhanced + One-Step,NYSE:USM,0.0
2020-10-23,17,AR1 alpha + Enhanced + One-Step,NYSE:USM,0.0
2020-10-26,17,AR1 alpha + Enhanced + One-Step,NYSE:USM,0.0
2020-10-27,17,AR1 alpha + Enhanced + One-Step,NYSE:USM,4.241288630752409e-07
2020-10-28,17,AR1 alpha + Enhanced + One-Step,NYSE:USM,4.2485704011856515e-07
2020-10-29,17,AR1 alpha + Enhanced + One-Step,NYSE:USM,7.339463938514975e-07
2020-10-30,17,AR1 alpha + Enhanced + One-Step,NYSE:USM,4.5365019168203897e-07
2020-11-02,17,AR1 alpha + Enhanced + One-Step,NYSE:USM,1.1671919247525296e-06
2020-11-03,17,AR1 alpha + Enhanced + One-Step,NYSE:USM,7.62440818437133e-07
2020-11-04,17,AR1 alpha + Enhanced + One-Step,NYSE:USM,2.176239338656782e-06
2020-11-05,17,AR1 alpha + Enhanced + One-Step,NYSE:USM,1.315532036121952e-06
2020-11-06,17,AR1 alpha + Enhanced + One-Step,NYSE:USM,6.848049099308205e-07
2020-11-09,17,AR1 alpha + Enhanced + One-Step,NYSE:USM,3.519725727510817e-07
2020-11-10,17,AR1 alpha + Enhanced + One-Step,NYSE:USM,6.507882268488199e-07
2020-11-11,17,AR1 alpha + Enhanced + One-Step,NYSE:USM,5.273883136795119e-07
2020-11-12,17,AR1 alpha + Enhanced + One-Step,NYSE:USM,2.1379642373462918e-07
2020-11-13,17,AR1 alpha + Enhanced + One-Step,NYSE:USM,1.1959535572491247e-07
2020-11-16,17,AR1 alpha + Enhanced + One-Step,NYSE:USM,6.089170615027388e-08
2020-11-17,17,AR1 alpha + Enhanced + One-Step,NYSE:USM,0.0
2020-11-18,17,AR1 alpha + Enhanced + One-Step,NYSE:USM,0.0
2020-11-19,17,AR1 alpha + Enhanced + One-Step,NYSE:USM,0.0
2020-11-20,17,AR1 alpha + Enhanced + One-Step,NYSE:USM,0.0
2020-11-23,17,AR1 alpha + Enhanced + One-Step,NYSE:USM,0.0
2020-11-24,17,AR1 alpha + Enhanced + One-Step,NYSE:USM,0.0
2020-11-25,17,AR1 alpha + Enhanced + One-Step,NYSE:USM,0.0
2020-11-27,17,AR1 alpha + Enhanced + One-Step,NYSE:USM,0.0
2020-11-30,17,AR1 alpha + Enhanced + One-Step,NYSE:USM,0.0
2020-12-01,17,AR1 alpha + Enhanced + One-Step,NYSE:USM,1.9707856729806703e-07
2020-12-04,17,AR1 alpha + Enhanced + One-Step,NYSE:USM,1.5158402149279806e-07
2020-12-07,17,AR1 alpha + Enhanced + One-Step,NYSE:USM,0.0
2020-12-08,17,AR1 alpha + Enhanced + One-Step,NYSE:USM,1.5368589573874866e-07
2020-12-09,17,AR1 alpha + Enhanced + One-Step,NYSE:USM,0.0
2020-12-10,17,AR1 alpha + Enhanced + One-Step,NYSE:USM,9.202501514111898e-08
2020-12-11,17,AR1 alpha + Enhanced + One-Step,NYSE:USM,0.0
2020-12-14,17,AR1 alpha + Enhanced + One-Step,NYSE:USM,0.0
2020-12-15,17,AR1 alpha + Enhanced + One-Step,NYSE:USM,0.0
2020-12-16,17,AR1 alpha + Enhanced + One-Step,NYSE:USM,0.0
2020-12-17,17,AR1 alpha + Enhanced + One-Step,NYSE:USM,0.0
2020-12-18,17,AR1 alpha + Enhanced + One-Step,NYSE:USM,1.3249464672733597e-06
2020-12-21,17,AR1 alpha + Enhanced + One-Step,NYSE:USM,1.4609849297668119e-06
2020-12-22,17,AR1 alpha + Enhanced + One-Step,NYSE:USM,8.406585421445339e-07
2020-12-23,17,AR1 alpha + Enhanced + One-Step,NYSE:USM,0.0
2020-12-24,17,AR1 alpha + Enhanced + One-Step,NYSE:USM,0.0
2020-12-28,17,AR1 alpha + Enhanced + One-Step,NYSE:USM,0.0
2020-12-29,17,AR1 alpha + Enhanced + One-Step,NYSE:USM,0.0
2020-12-30,17,AR1 alpha + Enhanced + One-Step,NYSE:USM,0.0
2020-12-31,17,AR1 alpha + Enhanced + One-Step,NYSE:USM,0.0
2021-01-04,17,AR1 alpha + Enhanced + One-Step,NYSE:USM,4.664026422899275e-09
2021-01-05,17,AR1 alpha + Enhanced + One-Step,NYSE:USM,1.1677276336522097e-09
2021-01-06,17,AR1 alpha + Enhanced + One-Step,NYSE:USM,0.0
2021-01-07,17,AR1 alpha + Enhanced + One-Step,NYSE:USM,0.0
2021-01-08,17,AR1 alpha + Enhanced + One-Step,NYSE:USM,0.0
2021-01-11,17,AR1 alpha + Enhanced + One-Step,NYSE:USM,0.0
2021-01-12,17,AR1 alpha + Enhanced + One-Step,NYSE:USM,0.0
2021-01-13,17,AR1 alpha + Enhanced + One-Step,NYSE:USM,0.0
2021-01-14,17,AR1 alpha + Enhanced + One-Step,NYSE:USM,1.490094489059127e-07
2021-01-15,17,AR1 alpha + Enhanced + One-Step,NYSE:USM,0.0
2021-01-19,17,AR1 alpha + Enhanced + One-Step,NYSE:USM,0.0
2021-01-20,17,AR1 alpha + Enhanced + One-Step,NYSE:USM,2.633471586481708e-07
2021-01-21,17,AR1 alpha + Enhanced + One-Step,NYSE:USM,0.0
2021-01-22,17,AR1 alpha + Enhanced + One-Step,NYSE:USM,0.0
2021-01-25,17,AR1 alpha + Enhanced + One-Step,NYSE:USM,0.0
2021-01-26,17,AR1 alpha + Enhanced + One-Step,NYSE:USM,0.0
2021-01-27,17,AR1 alpha + Enhanced + One-Step,NYSE:USM,2.17217188831774e-07
2021-01-28,17,AR1 alpha + Enhanced + One-Step,NYSE:USM,1.7643786792220281e-06
2021-01-29,17,AR1 alpha + Enhanced + One-Step,NYSE:USM,7.780682539600904e-07
2021-02-01,17,AR1 alpha + Enhanced + One-Step,NYSE:USM,4.4585117026130807e-07
2021-02-02,17,AR1 alpha + Enhanced + One-Step,NYSE:USM,2.8881283249006526e-07
2021-02-03,17,AR1 alpha + Enhanced + One-Step,NYSE:USM,0.0
2021-02-04,17,AR1 alpha + Enhanced + One-Step,NYSE:USM,0.0
2021-02-05,17,AR1 alpha + Enhanced + One-Step,NYSE:USM,0.0
2021-02-08,17,AR1 alpha + Enhanced + One-Step,NYSE:USM,3.3515552413547663e-07
2021-02-09,17,AR1 alpha + Enhanced + One-Step,NYSE:USM,5.3705743620026626e-09
2021-02-10,17,AR1 alpha + Enhanced + One-Step,NYSE:USM,3.514464404260574e-07
2021-02-11,17,AR1 alpha + Enhanced + One-Step,NYSE:USM,3.062499969482698e-07
2021-02-12,17,AR1 alpha + Enhanced + One-Step,NYSE:USM,1.6140613311424332e-07
2021-02-16,17,AR1 alpha + Enhanced + One-Step,NYSE:USM,0.0
2021-02-17,17,AR1 alpha + Enhanced + One-Step,NYSE:USM,0.0
2021-02-18,17,AR1 alpha + Enhanced + One-Step,NYSE:USM,8.418272030566736e-08
2021-02-19,17,AR1 alpha + Enhanced + One-Step,NYSE:USM,0.0
2021-02-22,17,AR1 alpha + Enhanced + One-Step,NYSE:USM,8.805434212366897e-07
2021-02-23,17,AR1 alpha + Enhanced + One-Step,NYSE:USM,2.2324144224032157e-06
2021-02-24,17,AR1 alpha + Enhanced + One-Step,NYSE:USM,1.5908284106542284e-06
2021-02-25,17,AR1 alpha + Enhanced + One-Step,NYSE:USM,0.0
2021-02-26,17,AR1 alpha + Enhanced + One-Step,NYSE:USM,6.397685605509206e-07
2021-03-01,17,AR1 alpha + Enhanced + One-Step,NYSE:USM,4.4258154311142535e-07
2021-03-02,17,AR1 alpha + Enhanced + One-Step,NYSE:USM,2.8314179501408794e-07
2021-03-03,17,AR1 alpha + Enhanced + One-Step,NYSE:USM,9.904320851277692e-08
2021-03-04,17,AR1 alpha + Enhanced + One-Step,NYSE:USM,6.570125961915198e-08
2021-03-05,17,AR1 alpha + Enhanced + One-Step,NYSE:USM,0.0
2021-03-08,17,AR1 alpha + Enhanced + One-Step,NYSE:USM,2.2461697005311974e-09
2021-03-09,17,AR1 alpha + Enhanced + One-Step,NYSE:USM,0.0
2021-03-10,17,AR1 alpha + Enhanced + One-Step,NYSE:USM,2.3722119807109137e-06
2021-03-11,17,AR1 alpha + Enhanced + One-Step,NYSE:USM,8.157431299540045e-07
2021-03-12,17,AR1 alpha + Enhanced + One-Step,NYSE:USM,4.944519989511091e-07
2021-03-15,17,AR1 alpha + Enhanced + One-Step,NYSE:USM,2.033066890671392e-06
2021-03-16,17,AR1 alpha + Enhanced + One-Step,NYSE:USM,1.410888466730962e-06
2021-03-17,17,AR1 alpha + Enhanced + One-Step,NYSE:USM,3.8351822625195467e-07
2021-03-18,17,AR1 alpha + Enhanced + One-Step,NYSE:USM,3.8646141830654195e-07
2021-03-19,17,AR1 alpha + Enhanced + One-Step,NYSE:USM,0.0
2021-03-22,17,AR1 alpha + Enhanced + One-Step,NYSE:USM,2.5692548812846716e-07
2021-03-23,17,AR1 alpha + Enhanced + One-Step,NYSE:USM,1.2941289548403431e-06
2021-03-24,17,AR1 alpha + Enhanced + One-Step,NYSE:USM,7.8338852358192e-07
2021-03-25,17,AR1 alpha + Enhanced + One-Step,NYSE:USM,6.115980959695451e-07
2021-03-26,17,AR1 alpha + Enhanced + One-Step,NYSE:USM,5.788385884113012e-07
2021-03-29,17,AR1 alpha + Enhanced + One-Step,NYSE:USM,5.277229108246794e-07
2021-03-30,17,AR1 alpha + Enhanced + One-Step,NYSE:USM,5.486150761732899e-09
2021-03-31,17,AR1 alpha + Enhanced + One-Step,NYSE:USM,0.0
2021-04-01,17,AR1 alpha + Enhanced + One-Step,NYSE:USM,7.56589691376163e-07
2021-04-05,17,AR1 alpha + Enhanced + One-Step,NYSE:USM,6.377972097508452e-07
2021-04-06,17,AR1 alpha + Enhanced + One-Step,NYSE:USM,4.1870128432366146e-07
2021-04-07,17,AR1 alpha + Enhanced + One-Step,NYSE:USM,0.0
2021-04-08,17,AR1 alpha + Enhanced + One-Step,NYSE:USM,0.0
2021-04-09,17,AR1 alpha + Enhanced + One-Step,NYSE:USM,1.4233680723594228e-09
2021-04-12,17,AR1 alpha + Enhanced + One-Step,NYSE:USM,0.0
2021-04-13,17,AR1 alpha + Enhanced + One-Step,NYSE:USM,0.0
2021-04-14,17,AR1 alpha + Enhanced + One-Step,NYSE:USM,0.0
2021-04-15,17,AR1 alpha + Enhanced + One-Step,NYSE:USM,6.786816845651668e-07
2021-04-16,17,AR1 alpha + Enhanced + One-Step,NYSE:USM,4.486021249952927e-07
2021-04-19,17,AR1 alpha + Enhanced + One-Step,NYSE:USM,1.5795843782000732e-07
2021-04-20,17,AR1 alpha + Enhanced + One-Step,NYSE:USM,0.0
2021-04-21,17,AR1 alpha + Enhanced + One-Step,NYSE:USM,0.0
2021-04-22,17,AR1 alpha + Enhanced + One-Step,NYSE:USM,0.0
2021-04-23,17,AR1 alpha + Enhanced + One-Step,NYSE:USM,0.0
2021-04-26,17,AR1 alpha + Enhanced + One-Step,NYSE:USM,0.0
2021-04-27,17,AR1 alpha + Enhanced + One-Step,NYSE:USM,0.0
2021-04-28,17,AR1 alpha + Enhanced + One-Step,NYSE:USM,0.0
2021-04-29,17,AR1 alpha + Enhanced + One-Step,NYSE:USM,0.0
2021-04-30,17,AR1 alpha + Enhanced + One-Step,NYSE:USM,0.0
2021-05-03,17,AR1 alpha + Enhanced + One-Step,NYSE:USM,3.701926560786721e-06
2021-05-04,17,AR1 alpha + Enhanced + One-Step,NYSE:USM,2.200146217242408e-06
2021-05-05,17,AR1 alpha + Enhanced + One-Step,NYSE:USM,1.3202820270181206e-06
2021-05-06,17,AR1 alpha + Enhanced + One-Step,NYSE:USM,1.2029333098152325e-06
2021-05-07,17,AR1 alpha + Enhanced + One-Step,NYSE:USM,8.676774353724915e-07
2021-05-10,17,AR1 alpha + Enhanced + One-Step,NYSE:USM,7.770421943699758e-07
2021-05-11,17,AR1 alpha + Enhanced + One-Step,NYSE:USM,5.549476258690928e-07
2021-05-12,17,AR1 alpha + Enhanced + One-Step,NYSE:USM,2.9871427083062453e-07
2021-05-13,17,AR1 alpha + Enhanced + One-Step,NYSE:USM,0.0
2021-05-14,17,AR1 alpha + Enhanced + One-Step,NYSE:USM,7.252107313593549e-09
2021-05-17,17,AR1 alpha + Enhanced + One-Step,NYSE:USM,0.0
2021-05-18,17,AR1 alpha + Enhanced + One-Step,NYSE:USM,5.019472170861738e-07
2021-05-19,17,AR1 alpha + Enhanced + One-Step,NYSE:USM,1.4512388921945118e-06
2021-05-20,17,AR1 alpha + Enhanced + One-Step,NYSE:USM,1.0816990181610495e-06
2021-05-21,17,AR1 alpha + Enhanced + One-Step,NYSE:USM,8.032795987474352e-07
2021-05-24,17,AR1 alpha + Enhanced + One-Step,NYSE:USM,0.0
2021-05-25,17,AR1 alpha + Enhanced + One-Step,NYSE:USM,0.0
2021-05-26,17,AR1 alpha + Enhanced + One-Step,NYSE:USM,0.0
2021-05-27,17,AR1 alpha + Enhanced + One-Step,NYSE:USM,0.0
2021-05-28,17,AR1 alpha + Enhanced + One-Step,NYSE:USM,0.0
2021-06-01,17,AR1 alpha + Enhanced + One-Step,NYSE:USM,0.0
2021-06-02,17,AR1 alpha + Enhanced + One-Step,NYSE:USM,0.0
2021-06-03,17,AR1 alpha + Enhanced + One-Step,NYSE:USM,0.0
2021-06-04,17,AR1 alpha + Enhanced + One-Step,NYSE:USM,0.0
2021-06-07,17,AR1 alpha + Enhanced + One-Step,NYSE:USM,0.0
2021-06-08,17,AR1 alpha + Enhanced + One-Step,NYSE:USM,0.0
2021-06-09,17,AR1 alpha + Enhanced + One-Step,NYSE:USM,0.0
2021-06-10,17,AR1 alpha + Enhanced + One-Step,NYSE:USM,0.0
2021-06-11,17,AR1 alpha + Enhanced + One-Step,NYSE:USM,0.0
2021-06-14,17,AR1 alpha + Enhanced + One-Step,NYSE:USM,0.0
2021-06-15,17,AR1 alpha + Enhanced + One-Step,NYSE:USM,0.0
2021-06-16,17,AR1 alpha + Enhanced + One-Step,NYSE:USM,0.0
2021-06-17,17,AR1 alpha + Enhanced + One-Step,NYSE:USM,0.0
2021-06-18,17,AR1 alpha + Enhanced + One-Step,NYSE:USM,0.0
2021-06-21,17,AR1 alpha + Enhanced + One-Step,NYSE:USM,4.026439129209102e-07
2021-06-22,17,AR1 alpha + Enhanced + One-Step,NYSE:USM,0.0
2021-06-23,17,AR1 alpha + Enhanced + One-Step,NYSE:USM,0.0
2021-06-24,17,AR1 alpha + Enhanced + One-Step,NYSE:USM,1.4765251140641244e-06
2021-06-25,17,AR1 alpha + Enhanced + One-Step,NYSE:USM,1.7066228762504495e-06
2021-06-28,17,AR1 alpha + Enhanced + One-Step,NYSE:USM,9.775820723787516e-07
2021-06-29,17,AR1 alpha + Enhanced + One-Step,NYSE:USM,0.0
2021-06-30,17,AR1 alpha + Enhanced + One-Step,NYSE:USM,0.0
2021-07-01,17,AR1 alpha + Enhanced + One-Step,NYSE:USM,0.0
2021-07-02,17,AR1 alpha + Enhanced + One-Step,NYSE:USM,0.0
2021-07-06,17,AR1 alpha + Enhanced + One-Step,NYSE:USM,0.0
2021-07-07,17,AR1 alpha + Enhanced + One-Step,NYSE:USM,8.617137118773104e-07
2021-07-08,17,AR1 alpha + Enhanced + One-Step,NYSE:USM,4.4006817139932704e-07
2021-07-09,17,AR1 alpha + Enhanced + One-Step,NYSE:USM,0.0
2021-07-12,17,AR1 alpha + Enhanced + One-Step,NYSE:USM,0.0
2021-07-13,17,AR1 alpha + Enhanced + One-Step,NYSE:USM,0.0
2021-07-14,17,AR1 alpha + Enhanced + One-Step,NYSE:USM,0.0
2021-07-15,17,AR1 alpha + Enhanced + One-Step,NYSE:USM,0.0
2021-07-16,17,AR1 alpha + Enhanced + One-Step,NYSE:USM,0.0
2021-07-19,17,AR1 alpha + Enhanced + One-Step,NYSE:USM,0.0
2021-07-20,17,AR1 alpha + Enhanced + One-Step,NYSE:USM,0.0
2021-07-21,17,AR1 alpha + Enhanced + One-Step,NYSE:USM,3.273530733849128e-07
2021-07-22,17,AR1 alpha + Enhanced + One-Step,NYSE:USM,0.0
2021-07-23,17,AR1 alpha + Enhanced + One-Step,NYSE:USM,0.0
2021-07-26,17,AR1 alpha + Enhanced + One-Step,NYSE:USM,0.0
2021-07-27,17,AR1 alpha + Enhanced + One-Step,NYSE:USM,0.0
2021-07-28,17,AR1 alpha + Enhanced + One-Step,NYSE:USM,0.0
2021-07-29,17,AR1 alpha + Enhanced + One-Step,NYSE:USM,0.0
2021-07-30,17,AR1 alpha + Enhanced + One-Step,NYSE:USM,0.0
2021-08-02,17,AR1 alpha + Enhanced + One-Step,NYSE:USM,0.0
2021-08-03,17,AR1 alpha + Enhanced + One-Step,NYSE:USM,0.0
2021-08-04,17,AR1 alpha + Enhanced + One-Step,NYSE:USM,0.0
2021-08-05,17,AR1 alpha + Enhanced + One-Step,NYSE:USM,0.0
2021-08-06,17,AR1 alpha + Enhanced + One-Step,NYSE:USM,0.0
2021-08-09,17,AR1 alpha + Enhanced + One-Step,NYSE:USM,0.0
2021-08-10,17,AR1 alpha + Enhanced + One-Step,NYSE:USM,0.0
2021-08-11,17,AR1 alpha + Enhanced + One-Step,NYSE:USM,0.0
2021-08-12,17,AR1 alpha + Enhanced + One-Step,NYSE:USM,0.0
2021-08-13,17,AR1 alpha + Enhanced + One-Step,NYSE:USM,1.662724856162346e-07
2021-08-16,17,AR1 alpha + Enhanced + One-Step,NYSE:USM,1.6503684365495755e-06
2021-08-17,17,AR1 alpha + Enhanced + One-Step,NYSE:USM,1.4907126662774668e-06
2021-08-18,17,AR1 alpha + Enhanced + One-Step,NYSE:USM,1.3366515996966134e-06
2021-08-19,17,AR1 alpha + Enhanced + One-Step,NYSE:USM,2.8860507444193337e-06
2021-08-20,17,AR1 alpha + Enhanced + One-Step,NYSE:USM,0.0
2021-08-23,17,AR1 alpha + Enhanced + One-Step,NYSE:USM,0.0
2021-08-24,17,AR1 alpha + Enhanced + One-Step,NYSE:USM,2.7404298872380884e-07
2021-08-25,17,AR1 alpha + Enhanced + One-Step,NYSE:USM,2.125175661173994e-07
2021-08-26,17,AR1 alpha + Enhanced + One-Step,NYSE:USM,0.0
2021-08-27,17,AR1 alpha + Enhanced + One-Step,NYSE:USM,0.0
2021-08-30,17,AR1 alpha + Enhanced + One-Step,NYSE:USM,0.0
2021-08-31,17,AR1 alpha + Enhanced + One-Step,NYSE:USM,0.0
2021-09-01,17,AR1 alpha + Enhanced + One-Step,NYSE:USM,0.0
2021-09-02,17,AR1 alpha + Enhanced + One-Step,NYSE:USM,2.2107260658962107e-07
2021-09-03,17,AR1 alpha + Enhanced + One-Step,NYSE:USM,0.0
2021-09-07,17,AR1 alpha + Enhanced + One-Step,NYSE:USM,0.0
2021-09-08,17,AR1 alpha + Enhanced + One-Step,NYSE:USM,0.0
2021-09-09,17,AR1 alpha + Enhanced + One-Step,NYSE:USM,0.0
2021-09-10,17,AR1 alpha + Enhanced + One-Step,NYSE:USM,0.0
2021-09-13,17,AR1 alpha + Enhanced + One-Step,NYSE:USM,4.5592136329712787e-07
2021-09-14,17,AR1 alpha + Enhanced + One-Step,NYSE:USM,0.0
2021-09-15,17,AR1 alpha + Enhanced + One-Step,NYSE:USM,0.0
2021-09-16,17,AR1 alpha + Enhanced + One-Step,NYSE:USM,0.0
2021-09-17,17,AR1 alpha + Enhanced + One-Step,NYSE:USM,0.0
2021-09-20,17,AR1 alpha + Enhanced + One-Step,NYSE:USM,0.0
2021-09-21,17,AR1 alpha + Enhanced + One-Step,NYSE:USM,0.0
2021-09-22,17,AR1 alpha + Enhanced + One-Step,NYSE:USM,0.0
2021-09-23,17,AR1 alpha + Enhanced + One-Step,NYSE:USM,6.164405818819907e-07
2021-09-24,17,AR1 alpha + Enhanced + One-Step,NYSE:USM,0.0
2021-09-27,17,AR1 alpha + Enhanced + One-Step,NYSE:USM,2.7415515891170408e-08
2021-09-28,17,AR1 alpha + Enhanced + One-Step,NYSE:USM,0.0
2021-09-29,17,AR1 alpha + Enhanced + One-Step,NYSE:USM,4.5249875806559386e-07
2021-09-30,17,AR1 alpha + Enhanced + One-Step,NYSE:USM,2.833824113197372e-07
2021-10-01,17,AR1 alpha + Enhanced + One-Step,NYSE:USM,2.1965793209844287e-07
2021-10-04,17,AR1 alpha + Enhanced + One-Step,NYSE:USM,1.4620288883573418e-07
2021-10-05,17,AR1 alpha + Enhanced + One-Step,NYSE:USM,0.0
2021-10-06,17,AR1 alpha + Enhanced + One-Step,NYSE:USM,0.0
2021-10-07,17,AR1 alpha + Enhanced + One-Step,NYSE:USM,0.0
2021-10-08,17,AR1 alpha + Enhanced + One-Step,NYSE:USM,0.0
2021-10-11,17,AR1 alpha + Enhanced + One-Step,NYSE:USM,0.0
2021-10-12,17,AR1 alpha + Enhanced + One-Step,NYSE:USM,2.3129807399466437e-07
2021-10-13,17,AR1 alpha + Enhanced + One-Step,NYSE:USM,1.8607020046194488e-07
2021-10-14,17,AR1 alpha + Enhanced + One-Step,NYSE:USM,0.0
2021-10-15,17,AR1 alpha + Enhanced + One-Step,NYSE:USM,0.0
2021-10-18,17,AR1 alpha + Enhanced + One-Step,NYSE:USM,0.0
2021-10-19,17,AR1 alpha + Enhanced + One-Step,NYSE:USM,0.0
2021-10-20,17,AR1 alpha + Enhanced + One-Step,NYSE:USM,2.1252889719896937e-07
2021-10-21,17,AR1 alpha + Enhanced + One-Step,NYSE:USM,1.6135682965588373e-07
2021-10-22,17,AR1 alpha + Enhanced + One-Step,NYSE:USM,0.0
2021-10-25,17,AR1 alpha + Enhanced + One-Step,NYSE:USM,0.0
2021-10-26,17,AR1 alpha + Enhanced + One-Step,NYSE:USM,0.0
2021-10-27,17,AR1 alpha + Enhanced + One-Step,NYSE:USM,9.447118584140403e-09
2021-10-28,17,AR1 alpha + Enhanced + One-Step,NYSE:USM,8.187406714712187e-08
2021-10-29,17,AR1 alpha + Enhanced + One-Step,NYSE:USM,0.0
2021-11-01,17,AR1 alpha + Enhanced + One-Step,NYSE:USM,0.0
2021-11-02,17,AR1 alpha + Enhanced + One-Step,NYSE:USM,0.0
2021-11-03,17,AR1 alpha + Enhanced + One-Step,NYSE:USM,1.0546418667385556e-06
2021-11-04,17,AR1 alpha + Enhanced + One-Step,NYSE:USM,8.360324747028858e-07
2021-11-05,17,AR1 alpha + Enhanced + One-Step,NYSE:USM,4.154740407951035e-07
2021-11-08,17,AR1 alpha + Enhanced + One-Step,NYSE:USM,5.186616847424355e-07
2021-11-09,17,AR1 alpha + Enhanced + One-Step,NYSE:USM,4.489753361545873e-07
2021-11-10,17,AR1 alpha + Enhanced + One-Step,NYSE:USM,1.3277118346868638e-06
2021-11-11,17,AR1 alpha + Enhanced + One-Step,NYSE:USM,9.381889840640749e-07
2021-11-12,17,AR1 alpha + Enhanced + One-Step,NYSE:USM,7.961898730408522e-07
2021-11-15,17,AR1 alpha + Enhanced + One-Step,NYSE:USM,1.0547632393523759e-06
2021-11-16,17,AR1 alpha + Enhanced + One-Step,NYSE:USM,0.0
2021-11-17,17,AR1 alpha + Enhanced + One-Step,NYSE:USM,0.0
2021-11-18,17,AR1 alpha + Enhanced + One-Step,NYSE:USM,0.0
2021-11-19,17,AR1 alpha + Enhanced + One-Step,NYSE:USM,2.550444461334571e-07
2021-11-22,17,AR1 alpha + Enhanced + One-Step,NYSE:USM,3.8900518857902063e-07
2021-11-23,17,AR1 alpha + Enhanced + One-Step,NYSE:USM,0.0
2021-11-24,17,AR1 alpha + Enhanced + One-Step,NYSE:USM,0.0
2021-11-26,17,AR1 alpha + Enhanced + One-Step,NYSE:USM,0.0
2021-11-29,17,AR1 alpha + Enhanced + One-Step,NYSE:USM,0.0
2021-11-30,17,AR1 alpha + Enhanced + One-Step,NYSE:USM,0.0
2021-12-01,17,AR1 alpha + Enhanced + One-Step,NYSE:USM,0.0
2021-12-02,17,AR1 alpha + Enhanced + One-Step,NYSE:USM,0.0
2021-12-03,17,AR1 alpha + Enhanced + One-Step,NYSE:USM,0.0
2021-12-06,17,AR1 alpha + Enhanced + One-Step,NYSE:USM,0.0
2021-12-07,17,AR1 alpha + Enhanced + One-Step,NYSE:USM,0.0
2021-12-08,17,AR1 alpha + Enhanced + One-Step,NYSE:USM,7.29451657076118e-08
2021-12-09,17,AR1 alpha + Enhanced + One-Step,NYSE:USM,0.0
2021-12-10,17,AR1 alpha + Enhanced + One-Step,NYSE:USM,0.0
2021-12-13,17,AR1 alpha + Enhanced + One-Step,NYSE:USM,0.0
2021-12-14,17,AR1 alpha + Enhanced + One-Step,NYSE:USM,0.0
2021-12-15,17,AR1 alpha + Enhanced + One-Step,NYSE:USM,6.482339181236522e-07
2021-12-16,17,AR1 alpha + Enhanced + One-Step,NYSE:USM,5.485197456467987e-07
2021-12-17,17,AR1 alpha + Enhanced + One-Step,NYSE:USM,2.336879136324268e-07
2021-12-20,17,AR1 alpha + Enhanced + One-Step,NYSE:USM,0.0
2021-12-21,17,AR1 alpha + Enhanced + One-Step,NYSE:USM,1.048763357249309e-07
2021-12-22,17,AR1 alpha + Enhanced + One-Step,NYSE:USM,1.0467561014928328e-07
2021-12-23,17,AR1 alpha + Enhanced + One-Step,NYSE:USM,4.474118223745976e-07
2021-12-27,17,AR1 alpha + Enhanced + One-Step,NYSE:USM,4.698433849084226e-07
2021-12-28,17,AR1 alpha + Enhanced + One-Step,NYSE:USM,3.9809399119764626e-07
2021-12-29,17,AR1 alpha + Enhanced + One-Step,NYSE:USM,5.153938629615496e-07
2021-12-30,17,AR1 alpha + Enhanced + One-Step,NYSE:USM,4.199467414981802e-07
2021-12-31,17,AR1 alpha + Enhanced + One-Step,NYSE:USM,2.589488882112112e-07
2022-01-03,17,AR1 alpha + Enhanced + One-Step,NYSE:USM,3.7709151478407763e-07
2022-01-04,17,AR1 alpha + Enhanced + One-Step,NYSE:USM,3.2369327331171e-07
2022-01-05,17,AR1 alpha + Enhanced + One-Step,NYSE:USM,2.3085142254397346e-07
2022-01-06,17,AR1 alpha + Enhanced + One-Step,NYSE:USM,1.8251513578658336e-07
2022-01-07,17,AR1 alpha + Enhanced + One-Step,NYSE:USM,2.1775020210789616e-08
2022-01-10,17,AR1 alpha + Enhanced + One-Step,NYSE:USM,0.0
2022-01-11,17,AR1 alpha + Enhanced + One-Step,NYSE:USM,0.0
2022-01-12,17,AR1 alpha + Enhanced + One-Step,NYSE:USM,0.0
2022-01-13,17,AR1 alpha + Enhanced + One-Step,NYSE:USM,0.0
2022-01-14,17,AR1 alpha + Enhanced + One-Step,NYSE:USM,0.0
2022-01-18,17,AR1 alpha + Enhanced + One-Step,NYSE:USM,1.7856463528962085e-07
2022-01-19,17,AR1 alpha + Enhanced + One-Step,NYSE:USM,0.0
2022-01-20,17,AR1 alpha + Enhanced + One-Step,NYSE:USM,5.527294781528622e-08
2022-01-21,17,AR1 alpha + Enhanced + One-Step,NYSE:USM,0.0
2022-01-24,17,AR1 alpha + Enhanced + One-Step,NYSE:USM,0.0
2022-01-25,17,AR1 alpha + Enhanced + One-Step,NYSE:USM,1.059466763604207e-07
2022-01-26,17,AR1 alpha + Enhanced + One-Step,NYSE:USM,1.895501529906344e-07
2022-01-27,17,AR1 alpha + Enhanced + One-Step,NYSE:USM,8.221886612059024e-09
2022-01-28,17,AR1 alpha + Enhanced + One-Step,NYSE:USM,0.0
2022-01-31,17,AR1 alpha + Enhanced + One-Step,NYSE:USM,4.829255246654828e-07
2022-02-01,17,AR1 alpha + Enhanced + One-Step,NYSE:USM,4.390150410350575e-07
2022-02-02,17,AR1 alpha + Enhanced + One-Step,NYSE:USM,3.3029525134613913e-07
2022-02-03,17,AR1 alpha + Enhanced + One-Step,NYSE:USM,4.210905955821549e-08
2022-02-04,17,AR1 alpha + Enhanced + One-Step,NYSE:USM,0.0
2022-02-07,17,AR1 alpha + Enhanced + One-Step,NYSE:USM,0.0
2022-02-08,17,AR1 alpha + Enhanced + One-Step,NYSE:USM,1.1165889813019502e-08
2022-02-09,17,AR1 alpha + Enhanced + One-Step,NYSE:USM,7.545400420830501e-08
2022-02-10,17,AR1 alpha + Enhanced + One-Step,NYSE:USM,4.99425510910587e-08
2022-02-11,17,AR1 alpha + Enhanced + One-Step,NYSE:USM,4.847623464491125e-07
2022-02-14,17,AR1 alpha + Enhanced + One-Step,NYSE:USM,2.3427394313273398e-07
2022-02-15,17,AR1 alpha + Enhanced + One-Step,NYSE:USM,1.6233998125168988e-07
2022-02-16,17,AR1 alpha + Enhanced + One-Step,NYSE:USM,2.5029409427084787e-07
2022-02-17,17,AR1 alpha + Enhanced + One-Step,NYSE:USM,2.1689729328673123e-07
2022-02-18,17,AR1 alpha + Enhanced + One-Step,NYSE:USM,2.2752919995751924e-07
2022-02-22,17,AR1 alpha + Enhanced + One-Step,NYSE:USM,3.734838918148079e-08
2022-02-23,17,AR1 alpha + Enhanced + One-Step,NYSE:USM,3.389084852283374e-08
2022-02-24,17,AR1 alpha + Enhanced + One-Step,NYSE:USM,0.0
2022-02-25,17,AR1 alpha + Enhanced + One-Step,NYSE:USM,7.058783957602343e-08
2022-02-28,17,AR1 alpha + Enhanced + One-Step,NYSE:USM,9.36071524242982e-08
2022-03-01,17,AR1 alpha + Enhanced + One-Step,NYSE:USM,1.5626220099754867e-07
2022-03-02,17,AR1 alpha + Enhanced + One-Step,NYSE:USM,5.4269575588750846e-08
2022-03-03,17,AR1 alpha + Enhanced + One-Step,NYSE:USM,2.3251195091646358e-08
2022-03-04,17,AR1 alpha + Enhanced + One-Step,NYSE:USM,0.0
2022-03-07,17,AR1 alpha + Enhanced + One-Step,NYSE:USM,1.2204432271544817e-06
2022-03-08,17,AR1 alpha + Enhanced + One-Step,NYSE:USM,7.435829057777514e-07
2022-03-09,17,AR1 alpha + Enhanced + One-Step,NYSE:USM,0.0
2022-03-10,17,AR1 alpha + Enhanced + One-Step,NYSE:USM,5.7083003110682225e-08
2022-03-11,17,AR1 alpha + Enhanced + One-Step,NYSE:USM,0.0
2022-03-14,17,AR1 alpha + Enhanced + One-Step,NYSE:USM,0.0
2022-03-15,17,AR1 alpha + Enhanced + One-Step,NYSE:USM,0.0
2022-03-16,17,AR1 alpha + Enhanced + One-Step,NYSE:USM,6.475498784378827e-09
2022-03-17,17,AR1 alpha + Enhanced + One-Step,NYSE:USM,4.736880864326272e-08
2022-03-18,17,AR1 alpha + Enhanced + One-Step,NYSE:USM,8.029170374827135e-09
2022-03-21,17,AR1 alpha + Enhanced + One-Step,NYSE:USM,1.7121772575378105e-07
2022-03-22,17,AR1 alpha + Enhanced + One-Step,NYSE:USM,1.2318990730882473e-07
2022-03-23,17,AR1 alpha + Enhanced + One-Step,NYSE:USM,4.173023143488495e-08
2022-03-24,17,AR1 alpha + Enhanced + One-Step,NYSE:USM,0.0
2022-03-25,17,AR1 alpha + Enhanced + One-Step,NYSE:USM,0.0
2022-03-28,17,AR1 alpha + Enhanced + One-Step,NYSE:USM,0.0
2022-03-29,17,AR1 alpha + Enhanced + One-Step,NYSE:USM,0.0
2022-03-30,17,AR1 alpha + Enhanced + One-Step,NYSE:USM,0.0
2022-03-31,17,AR1 alpha + Enhanced + One-Step,NYSE:USM,0.0
2022-04-01,17,AR1 alpha + Enhanced + One-Step,NYSE:USM,0.0
2022-04-04,17,AR1 alpha + Enhanced + One-Step,NYSE:USM,0.0
2022-04-05,17,AR1 alpha + Enhanced + One-Step,NYSE:USM,0.0
2022-04-06,17,AR1 alpha + Enhanced + One-Step,NYSE:USM,0.0
2022-04-07,17,AR1 alpha + Enhanced + One-Step,NYSE:USM,0.0
2022-04-08,17,AR1 alpha + Enhanced + One-Step,NYSE:USM,2.272718356327776e-07
2022-04-11,17,AR1 alpha + Enhanced + One-Step,NYSE:USM,0.0
2022-04-12,17,AR1 alpha + Enhanced + One-Step,NYSE:USM,0.0
2022-04-13,17,AR1 alpha + Enhanced + One-Step,NYSE:USM,4.256361423983352e-08
2022-04-14,17,AR1 alpha + Enhanced + One-Step,NYSE:USM,0.0
2022-04-18,17,AR1 alpha + Enhanced + One-Step,NYSE:USM,0.0
2022-04-19,17,AR1 alpha + Enhanced + One-Step,NYSE:USM,0.0
2022-04-20,17,AR1 alpha + Enhanced + One-Step,NYSE:USM,0.0
2022-04-21,17,AR1 alpha + Enhanced + One-Step,NYSE:USM,0.0
2022-04-22,17,AR1 alpha + Enhanced + One-Step,NYSE:USM,0.0
2022-04-25,17,AR1 alpha + Enhanced + One-Step,NYSE:USM,0.0
2022-04-26,17,AR1 alpha + Enhanced + One-Step,NYSE:USM,1.0735404070130681e-07
2022-04-27,17,AR1 alpha + Enhanced + One-Step,NYSE:USM,0.0
2022-04-28,17,AR1 alpha + Enhanced + One-Step,NYSE:USM,0.0
2022-04-29,17,AR1 alpha + Enhanced + One-Step,NYSE:USM,0.0
2022-05-02,17,AR1 alpha + Enhanced + One-Step,NYSE:USM,0.0
2022-05-03,17,AR1 alpha + Enhanced + One-Step,NYSE:USM,0.0
2022-05-04,17,AR1 alpha + Enhanced + One-Step,NYSE:USM,0.0
2022-05-05,17,AR1 alpha + Enhanced + One-Step,NYSE:USM,0.0
2022-05-06,17,AR1 alpha + Enhanced + One-Step,NYSE:USM,0.0
2022-05-09,17,AR1 alpha + Enhanced + One-Step,NYSE:USM,3.0168922045190206e-08
2022-05-10,17,AR1 alpha + Enhanced + One-Step,NYSE:USM,0.0
2022-05-11,17,AR1 alpha + Enhanced + One-Step,NYSE:USM,0.0
2022-05-12,17,AR1 alpha + Enhanced + One-Step,NYSE:USM,0.0
2022-05-13,17,AR1 alpha + Enhanced + One-Step,NYSE:USM,0.0
2022-05-16,17,AR1 alpha + Enhanced + One-Step,NYSE:USM,0.0
2022-05-17,17,AR1 alpha + Enhanced + One-Step,NYSE:USM,0.0
2022-05-18,17,AR1 alpha + Enhanced + One-Step,NYSE:USM,0.0
2022-05-19,17,AR1 alpha + Enhanced + One-Step,NYSE:USM,0.0
2022-05-20,17,AR1 alpha + Enhanced + One-Step,NYSE:USM,0.0
2022-05-23,17,AR1 alpha + Enhanced + One-Step,NYSE:USM,0.0
2022-05-24,17,AR1 alpha + Enhanced + One-Step,NYSE:USM,5.150448817640627e-08
2022-05-25,17,AR1 alpha + Enhanced + One-Step,NYSE:USM,0.0
2022-05-26,17,AR1 alpha + Enhanced + One-Step,NYSE:USM,2.389018179510435e-08
2022-05-27,17,AR1 alpha + Enhanced + One-Step,NYSE:USM,0.0
2022-05-31,17,AR1 alpha + Enhanced + One-Step,NYSE:USM,0.0
2022-06-01,17,AR1 alpha + Enhanced + One-Step,NYSE:USM,8.571687463885767e-07
2022-06-02,17,AR1 alpha + Enhanced + One-Step,NYSE:USM,6.235315267542904e-07
2022-06-03,17,AR1 alpha + Enhanced + One-Step,NYSE:USM,0.0
2022-06-06,17,AR1 alpha + Enhanced + One-Step,NYSE:USM,0.0
2022-06-07,17,AR1 alpha + Enhanced + One-Step,NYSE:USM,0.0
2022-06-08,17,AR1 alpha + Enhanced + One-Step,NYSE:USM,0.0
2022-06-09,17,AR1 alpha + Enhanced + One-Step,NYSE:USM,0.0
2022-06-10,17,AR1 alpha + Enhanced + One-Step,NYSE:USM,0.0
2022-06-13,17,AR1 alpha + Enhanced + One-Step,NYSE:USM,0.0
2022-06-14,17,AR1 alpha + Enhanced + One-Step,NYSE:USM,3.559672211280736e-07
2022-06-15,17,AR1 alpha + Enhanced + One-Step,NYSE:USM,0.0
2022-06-16,17,AR1 alpha + Enhanced + One-Step,NYSE:USM,0.0
2022-06-17,17,AR1 alpha + Enhanced + One-Step,NYSE:USM,0.0
2022-06-21,17,AR1 alpha + Enhanced + One-Step,NYSE:USM,0.0
2022-06-22,17,AR1 alpha + Enhanced + One-Step,NYSE:USM,0.0
2022-06-23,17,AR1 alpha + Enhanced + One-Step,NYSE:USM,0.0
2022-06-24,17,AR1 alpha + Enhanced + One-Step,NYSE:USM,0.0
2022-06-27,17,AR1 alpha + Enhanced + One-Step,NYSE:USM,2.1043180508086832e-07
2022-06-28,17,AR1 alpha + Enhanced + One-Step,NYSE:USM,1.492635826098353e-07
2022-06-29,17,AR1 alpha + Enhanced + One-Step,NYSE:USM,7.185353708372278e-08
2022-06-30,17,AR1 alpha + Enhanced + One-Step,NYSE:USM,2.0198761964603625e-07
2022-07-01,17,AR1 alpha + Enhanced + One-Step,NYSE:USM,0.0
2022-07-05,17,AR1 alpha + Enhanced + One-Step,NYSE:USM,0.0
2022-07-06,17,AR1 alpha + Enhanced + One-Step,NYSE:USM,0.0
2022-07-07,17,AR1 alpha + Enhanced + One-Step,NYSE:USM,0.0
2022-07-08,17,AR1 alpha + Enhanced + One-Step,NYSE:USM,0.0
2022-07-11,17,AR1 alpha + Enhanced + One-Step,NYSE:USM,0.0
2022-07-12,17,AR1 alpha + Enhanced + One-Step,NYSE:USM,0.0
2022-07-13,17,AR1 alpha + Enhanced + One-Step,NYSE:USM,0.0
2022-07-14,17,AR1 alpha + Enhanced + One-Step,NYSE:USM,2.2726182940564462e-08
2022-07-15,17,AR1 alpha + Enhanced + One-Step,NYSE:USM,4.9311178384268905e-08
2022-07-18,17,AR1 alpha + Enhanced + One-Step,NYSE:USM,0.0
2022-07-19,17,AR1 alpha + Enhanced + One-Step,NYSE:USM,0.0
2022-07-20,17,AR1 alpha + Enhanced + One-Step,NYSE:USM,0.0
2022-07-21,17,AR1 alpha + Enhanced + One-Step,NYSE:USM,0.0
2022-07-22,17,AR1 alpha + Enhanced + One-Step,NYSE:USM,0.0
2022-07-25,17,AR1 alpha + Enhanced + One-Step,NYSE:USM,4.144543810465327e-07
2022-07-26,17,AR1 alpha + Enhanced + One-Step,NYSE:USM,5.331453554641666e-09
2022-07-27,17,AR1 alpha + Enhanced + One-Step,NYSE:USM,4.739553126825811e-09
2022-07-28,17,AR1 alpha + Enhanced + One-Step,NYSE:USM,1.1481068008303461e-08
2022-07-29,17,AR1 alpha + Enhanced + One-Step,NYSE:USM,0.0
2022-08-01,17,AR1 alpha + Enhanced + One-Step,NYSE:USM,1.697141970790961e-08
2022-08-02,17,AR1 alpha + Enhanced + One-Step,NYSE:USM,0.0
2022-08-03,17,AR1 alpha + Enhanced + One-Step,NYSE:USM,0.0
2022-08-04,17,AR1 alpha + Enhanced + One-Step,NYSE:USM,0.0
2022-08-05,17,AR1 alpha + Enhanced + One-Step,NYSE:USM,2.0910272812045835e-08
2022-08-08,17,AR1 alpha + Enhanced + One-Step,NYSE:USM,0.0030698601328403487
2022-08-09,17,AR1 alpha + Enhanced + One-Step,NYSE:USM,0.003070371014141279
2022-08-10,17,AR1 alpha + Enhanced + One-Step,NYSE:USM,0.003069230292228509
2022-08-11,17,AR1 alpha + Enhanced + One-Step,NYSE:USM,0.0030687452364468464
2022-08-12,17,AR1 alpha + Enhanced + One-Step,NYSE:USM,0.0030687702035334407
2022-08-15,17,AR1 alpha + Enhanced + One-Step,NYSE:USM,0.00306876024360608
2022-08-16,17,AR1 alpha + Enhanced + One-Step,NYSE:USM,0.0030688196543298776
2022-08-17,17,AR1 alpha + Enhanced + One-Step,NYSE:USM,0.0030687481353546594
2022-08-18,17,AR1 alpha + Enhanced + One-Step,NYSE:USM,0.0030672548964122766
2022-08-19,17,AR1 alpha + Enhanced + One-Step,NYSE:USM,0.0005791365554374704
2022-08-22,17,AR1 alpha + Enhanced + One-Step,NYSE:USM,0.0
2022-08-23,17,AR1 alpha + Enhanced + One-Step,NYSE:USM,0.0
2022-08-24,17,AR1 alpha + Enhanced + One-Step,NYSE:USM,0.0
2022-08-25,17,AR1 alpha + Enhanced + One-Step,NYSE:USM,0.0
2022-08-26,17,AR1 alpha + Enhanced + One-Step,NYSE:USM,0.0
2022-08-29,17,AR1 alpha + Enhanced + One-Step,NYSE:USM,1.1514118299577754e-07
2022-08-30,17,AR1 alpha + Enhanced + One-Step,NYSE:USM,0.0
2022-08-31,17,AR1 alpha + Enhanced + One-Step,NYSE:USM,0.0
2022-09-01,17,AR1 alpha + Enhanced + One-Step,NYSE:USM,1.013555340554644e-08
2022-09-02,17,AR1 alpha + Enhanced + One-Step,NYSE:USM,0.0
2022-09-06,17,AR1 alpha + Enhanced + One-Step,NYSE:USM,0.0
2022-09-07,17,AR1 alpha + Enhanced + One-Step,NYSE:USM,1.4428750997317931e-08
2022-09-08,17,AR1 alpha + Enhanced + One-Step,NYSE:USM,1.2121115138880875e-07
2022-09-09,17,AR1 alpha + Enhanced + One-Step,NYSE:USM,0.0
2022-09-12,17,AR1 alpha + Enhanced + One-Step,NYSE:USM,0.0
2022-09-13,17,AR1 alpha + Enhanced + One-Step,NYSE:USM,1.3719173265017974e-08
2022-09-14,17,AR1 alpha + Enhanced + One-Step,NYSE:USM,0.0
2022-09-15,17,AR1 alpha + Enhanced + One-Step,NYSE:USM,0.0
2022-09-16,17,AR1 alpha + Enhanced + One-Step,NYSE:USM,2.6388795905014417e-08
2022-09-19,17,AR1 alpha + Enhanced + One-Step,NYSE:USM,0.0
2022-09-20,17,AR1 alpha + Enhanced + One-Step,NYSE:USM,1.3141715982143864e-07
2022-09-21,17,AR1 alpha + Enhanced + One-Step,NYSE:USM,0.0
2022-09-22,17,AR1 alpha + Enhanced + One-Step,NYSE:USM,0.0
2022-09-23,17,AR1 alpha + Enhanced + One-Step,NYSE:USM,0.0
2022-09-26,17,AR1 alpha + Enhanced + One-Step,NYSE:USM,0.0
2022-09-27,17,AR1 alpha + Enhanced + One-Step,NYSE:USM,0.0
2022-09-28,17,AR1 alpha + Enhanced + One-Step,NYSE:USM,0.0
2022-09-29,17,AR1 alpha + Enhanced + One-Step,NYSE:USM,3.5663381524222e-07
2022-09-30,17,AR1 alpha + Enhanced + One-Step,NYSE:USM,1.7930993335709366e-07
2022-10-03,17,AR1 alpha + Enhanced + One-Step,NYSE:USM,1.2269478583759535e-07
2022-10-04,17,AR1 alpha + Enhanced + One-Step,NYSE:USM,3.425000968945268e-08
2022-10-05,17,AR1 alpha + Enhanced + One-Step,NYSE:USM,0.0
2022-10-06,17,AR1 alpha + Enhanced + One-Step,NYSE:USM,0.0
2022-10-07,17,AR1 alpha + Enhanced + One-Step,NYSE:USM,5.30629617143614e-08
2022-10-10,17,AR1 alpha + Enhanced + One-Step,NYSE:USM,0.0
2022-10-11,17,AR1 alpha + Enhanced + One-Step,NYSE:USM,9.053361724613743e-08
2022-10-12,17,AR1 alpha + Enhanced + One-Step,NYSE:USM,0.0
2022-10-13,17,AR1 alpha + Enhanced + One-Step,NYSE:USM,5.446257728564618e-07
2022-10-14,17,AR1 alpha + Enhanced + One-Step,NYSE:USM,4.3958518203960686e-07
2022-10-17,17,AR1 alpha + Enhanced + One-Step,NYSE:USM,3.456701874752961e-07
2022-10-18,17,AR1 alpha + Enhanced + One-Step,NYSE:USM,2.986977663908789e-07
2022-10-19,17,AR1 alpha + Enhanced + One-Step,NYSE:USM,2.2111095124234378e-07
2022-10-20,17,AR1 alpha + Enhanced + One-Step,NYSE:USM,6.654967322272239e-08
2022-10-21,17,AR1 alpha + Enhanced + One-Step,NYSE:USM,0.011204518828791131
2022-10-24,17,AR1 alpha + Enhanced + One-Step,NYSE:USM,0.020762561168628894
2022-10-25,17,AR1 alpha + Enhanced + One-Step,NYSE:USM,0.020762589714263226
2022-10-26,17,AR1 alpha + Enhanced + One-Step,NYSE:USM,0.020762582271796306
2022-10-27,17,AR1 alpha + Enhanced + One-Step,NYSE:USM,0.02076160247555793
2022-10-28,17,AR1 alpha + Enhanced + One-Step,NYSE:USM,0.02076156692173799
2022-10-31,17,AR1 alpha + Enhanced + One-Step,NYSE:USM,0.020761234970420775
2022-11-01,17,AR1 alpha + Enhanced + One-Step,NYSE:USM,0.008687257991353321
2022-11-02,17,AR1 alpha + Enhanced + One-Step,NYSE:USM,0.008687281020775714
2022-11-03,17,AR1 alpha + Enhanced + One-Step,NYSE:USM,0.008689951126661651
2022-11-04,17,AR1 alpha + Enhanced + One-Step,NYSE:USM,0.0
2022-11-07,17,AR1 alpha + Enhanced + One-Step,NYSE:USM,0.0
2022-11-08,17,AR1 alpha + Enhanced + One-Step,NYSE:USM,6.568786837602091e-08
2022-11-09,17,AR1 alpha + Enhanced + One-Step,NYSE:USM,0.0
2022-11-10,17,AR1 alpha + Enhanced + One-Step,NYSE:USM,0.0
2022-11-11,17,AR1 alpha + Enhanced + One-Step,NYSE:USM,4.9993952002417454e-08
2022-11-14,17,AR1 alpha + Enhanced + One-Step,NYSE:USM,0.0
2022-11-15,17,AR1 alpha + Enhanced + One-Step,NYSE:USM,2.1956431923304687e-08
2022-11-16,17,AR1 alpha + Enhanced + One-Step,NYSE:USM,1.0533203575342046e-09
2022-11-17,17,AR1 alpha + Enhanced + One-Step,NYSE:USM,1.7633463038895824e-08
2022-11-18,17,AR1 alpha + Enhanced + One-Step,NYSE:USM,3.924037406242372e-08
2022-11-21,17,AR1 alpha + Enhanced + One-Step,NYSE:USM,0.0
2022-11-22,17,AR1 alpha + Enhanced + One-Step,NYSE:USM,0.0
2022-11-23,17,AR1 alpha + Enhanced + One-Step,NYSE:USM,3.606043568589415e-07
2022-11-25,17,AR1 alpha + Enhanced + One-Step,NYSE:USM,3.70053015515532e-07
2022-11-28,17,AR1 alpha + Enhanced + One-Step,NYSE:USM,2.6432350188096225e-07
2022-11-29,17,AR1 alpha + Enhanced + One-Step,NYSE:USM,1.6978856653509877e-07
2022-11-30,17,AR1 alpha + Enhanced + One-Step,NYSE:USM,1.1151305960138496e-07
2022-12-01,17,AR1 alpha + Enhanced + One-Step,NYSE:USM,0.0
2022-12-02,17,AR1 alpha + Enhanced + One-Step,NYSE:USM,2.7725071496849074e-08
2022-12-05,17,AR1 alpha + Enhanced + One-Step,NYSE:USM,0.0
2022-12-06,17,AR1 alpha + Enhanced + One-Step,NYSE:USM,0.0
2022-12-07,17,AR1 alpha + Enhanced + One-Step,NYSE:USM,0.0
2022-12-08,17,AR1 alpha + Enhanced + One-Step,NYSE:USM,0.0
2022-12-09,17,AR1 alpha + Enhanced + One-Step,NYSE:USM,0.0
2022-12-12,17,AR1 alpha + Enhanced + One-Step,NYSE:USM,0.0
2022-12-13,17,AR1 alpha + Enhanced + One-Step,NYSE:USM,0.0
2022-12-14,17,AR1 alpha + Enhanced + One-Step,NYSE:USM,0.0
2022-12-15,17,AR1 alpha + Enhanced + One-Step,NYSE:USM,0.0
2022-12-16,17,AR1 alpha + Enhanced + One-Step,NYSE:USM,0.0
2022-12-19,17,AR1 alpha + Enhanced + One-Step,NYSE:USM,0.0
2022-12-20,17,AR1 alpha + Enhanced + One-Step,NYSE:USM,0.0
2022-12-21,17,AR1 alpha + Enhanced + One-Step,NYSE:USM,0.0
2022-12-22,17,AR1 alpha + Enhanced + One-Step,NYSE:USM,0.0
2022-12-23,17,AR1 alpha + Enhanced + One-Step,NYSE:USM,2.989984517805588e-08
2022-12-27,17,AR1 alpha + Enhanced + One-Step,NYSE:USM,2.8377191230086674e-08
2022-12-28,17,AR1 alpha + Enhanced + One-Step,NYSE:USM,0.0
2022-12-29,17,AR1 alpha + Enhanced + One-Step,NYSE:USM,0.0
2022-12-30,17,AR1 alpha + Enhanced + One-Step,NYSE:USM,2.2755558246772058e-08
2023-01-03,17,AR1 alpha + Enhanced + One-Step,NYSE:USM,2.6246743451286962e-08
2023-01-04,17,AR1 alpha + Enhanced + One-Step,NYSE:USM,0.024335978176887672
2023-01-05,17,AR1 alpha + Enhanced + One-Step,NYSE:USM,0.03494386352084788
2023-01-06,17,AR1 alpha + Enhanced + One-Step,NYSE:USM,0.03494386854791179
2023-01-09,17,AR1 alpha + Enhanced + One-Step,NYSE:USM,0.03215854683608749
2023-01-10,17,AR1 alpha + Enhanced + One-Step,NYSE:USM,0.017698914476934818
2023-01-11,17,AR1 alpha + Enhanced + One-Step,NYSE:USM,0.006887064803821261
2023-01-12,17,AR1 alpha + Enhanced + One-Step,NYSE:USM,0.0
2023-01-13,17,AR1 alpha + Enhanced + One-Step,NYSE:USM,0.0
2023-01-17,17,AR1 alpha + Enhanced + One-Step,NYSE:USM,0.0
2023-01-18,17,AR1 alpha + Enhanced + One-Step,NYSE:USM,1.6900490415084346e-07
2023-01-19,17,AR1 alpha + Enhanced + One-Step,NYSE:USM,0.0
2023-01-20,17,AR1 alpha + Enhanced + One-Step,NYSE:USM,0.0
2023-01-23,17,AR1 alpha + Enhanced + One-Step,NYSE:USM,2.925468276479344e-07
2023-01-24,17,AR1 alpha + Enhanced + One-Step,NYSE:USM,2.100002155731753e-07
2023-01-25,17,AR1 alpha + Enhanced + One-Step,NYSE:USM,1.2772511428236392e-07
2023-01-26,17,AR1 alpha + Enhanced + One-Step,NYSE:USM,3.370795232286694e-08
2023-01-27,17,AR1 alpha + Enhanced + One-Step,NYSE:USM,0.009662572813756223
2023-01-30,17,AR1 alpha + Enhanced + One-Step,NYSE:USM,0.009662438973991706
2023-01-31,17,AR1 alpha + Enhanced + One-Step,NYSE:USM,0.016567249085997153
2023-02-01,17,AR1 alpha + Enhanced + One-Step,NYSE:USM,0.016566242482799347
2023-02-02,17,AR1 alpha + Enhanced + One-Step,NYSE:USM,0.016567749592470087
2023-02-03,17,AR1 alpha + Enhanced + One-Step,NYSE:USM,0.016567780828221725
2023-02-06,17,AR1 alpha + Enhanced + One-Step,NYSE:USM,0.016201902767192224
2023-02-07,17,AR1 alpha + Enhanced + One-Step,NYSE:USM,5.621790829346705e-06
2023-02-08,17,AR1 alpha + Enhanced + One-Step,NYSE:USM,2.7996966713319484e-06
2023-02-09,17,AR1 alpha + Enhanced + One-Step,NYSE:USM,1.5454898648741015e-06
2023-02-10,17,AR1 alpha + Enhanced + One-Step,NYSE:USM,2.999642596081293e-07
2023-02-13,17,AR1 alpha + Enhanced + One-Step,NYSE:USM,1.8897802259953364e-07
2023-02-14,17,AR1 alpha + Enhanced + One-Step,NYSE:USM,1.2244311755896738e-06
2023-02-15,17,AR1 alpha + Enhanced + One-Step,NYSE:USM,7.383090063113945e-07
2023-02-16,17,AR1 alpha + Enhanced + One-Step,NYSE:USM,0.0
2023-02-17,17,AR1 alpha + Enhanced + One-Step,NYSE:USM,0.0
2023-02-21,17,AR1 alpha + Enhanced + One-Step,NYSE:USM,0.0
2023-02-22,17,AR1 alpha + Enhanced + One-Step,NYSE:USM,8.26220519926375e-08
2023-02-23,17,AR1 alpha + Enhanced + One-Step,NYSE:USM,6.602659777661251e-08
2023-02-24,17,AR1 alpha + Enhanced + One-Step,NYSE:USM,7.539835110382556e-07
2023-02-27,17,AR1 alpha + Enhanced + One-Step,NYSE:USM,5.094289030558346e-07
2023-02-28,17,AR1 alpha + Enhanced + One-Step,NYSE:USM,8.191090729305726e-07
2023-03-01,17,AR1 alpha + Enhanced + One-Step,NYSE:USM,0.0023205555344613677
2023-03-02,17,AR1 alpha + Enhanced + One-Step,NYSE:USM,0.00725950544038769
2023-03-03,17,AR1 alpha + Enhanced + One-Step,NYSE:USM,0.00725872633201663
2023-03-06,17,AR1 alpha + Enhanced + One-Step,NYSE:USM,0.005372088267231094
2023-03-07,17,AR1 alpha + Enhanced + One-Step,NYSE:USM,0.0
2023-03-08,17,AR1 alpha + Enhanced + One-Step,NYSE:USM,0.0
2023-03-09,17,AR1 alpha + Enhanced + One-Step,NYSE:USM,5.419079422705569e-08
2023-03-10,17,AR1 alpha + Enhanced + One-Step,NYSE:USM,0.0
2023-03-13,17,AR1 alpha + Enhanced + One-Step,NYSE:USM,3.4562158208555193e-09
2023-03-14,17,AR1 alpha + Enhanced + One-Step,NYSE:USM,1.5080727196909703e-08
2023-03-15,17,AR1 alpha + Enhanced + One-Step,NYSE:USM,0.0
2023-03-16,17,AR1 alpha + Enhanced + One-Step,NYSE:USM,3.9341196875877426e-10
2023-03-17,17,AR1 alpha + Enhanced + One-Step,NYSE:USM,0.0
2023-03-20,17,AR1 alpha + Enhanced + One-Step,NYSE:USM,0.0
2023-03-21,17,AR1 alpha + Enhanced + One-Step,NYSE:USM,0.0
2023-03-22,17,AR1 alpha + Enhanced + One-Step,NYSE:USM,0.0
2023-03-23,17,AR1 alpha + Enhanced + One-Step,NYSE:USM,0.0
2023-03-24,17,AR1 alpha + Enhanced + One-Step,NYSE:USM,0.0
2023-03-27,17,AR1 alpha + Enhanced + One-Step,NYSE:USM,0.0
2023-03-28,17,AR1 alpha + Enhanced + One-Step,NYSE:USM,0.0
2023-03-29,17,AR1 alpha + Enhanced + One-Step,NYSE:USM,7.209192793748589e-09
2023-03-30,17,AR1 alpha + Enhanced + One-Step,NYSE:USM,1.5651384295721756e-08
2023-03-31,17,AR1 alpha + Enhanced + One-Step,NYSE:USM,1.0821926969669701e-07
2023-04-03,17,AR1 alpha + Enhanced + One-Step,NYSE:USM,0.0
2023-04-04,17,AR1 alpha + Enhanced + One-Step,NYSE:USM,0.0
2023-04-05,17,AR1 alpha + Enhanced + One-Step,NYSE:USM,0.0
2023-04-06,17,AR1 alpha + Enhanced + One-Step,NYSE:USM,0.0
2023-04-10,17,AR1 alpha + Enhanced + One-Step,NYSE:USM,4.4119879386151337e-07
2023-04-11,17,AR1 alpha + Enhanced + One-Step,NYSE:USM,0.0
2023-04-12,17,AR1 alpha + Enhanced + One-Step,NYSE:USM,0.0
2023-04-13,17,AR1 alpha + Enhanced + One-Step,NYSE:USM,0.0
2023-04-14,17,AR1 alpha + Enhanced + One-Step,NYSE:USM,0.0
2023-04-17,17,AR1 alpha + Enhanced + One-Step,NYSE:USM,8.571717905958874e-08
2023-04-18,17,AR1 alpha + Enhanced + One-Step,NYSE:USM,0.0
2023-04-19,17,AR1 alpha + Enhanced + One-Step,NYSE:USM,0.0
2023-04-20,17,AR1 alpha + Enhanced + One-Step,NYSE:USM,5.01598814990072e-08
2023-04-21,17,AR1 alpha + Enhanced + One-Step,NYSE:USM,0.0
2023-04-24,17,AR1 alpha + Enhanced + One-Step,NYSE:USM,0.0
2023-04-25,17,AR1 alpha + Enhanced + One-Step,NYSE:USM,2.5393491403490883e-08
2023-04-26,17,AR1 alpha + Enhanced + One-Step,NYSE:USM,0.0
2023-04-27,17,AR1 alpha + Enhanced + One-Step,NYSE:USM,6.438460227698359e-09
2023-04-28,17,AR1 alpha + Enhanced + One-Step,NYSE:USM,0.0
2023-05-01,17,AR1 alpha + Enhanced + One-Step,NYSE:USM,0.0
2023-05-02,17,AR1 alpha + Enhanced + One-Step,NYSE:USM,8.363077049921537e-08
2023-05-03,17,AR1 alpha + Enhanced + One-Step,NYSE:USM,1.0770947680467866e-07
2023-05-04,17,AR1 alpha + Enhanced + One-Step,NYSE:USM,5.253274423382913e-08
2023-05-05,17,AR1 alpha + Enhanced + One-Step,NYSE:USM,2.4499724791844746e-08
2023-05-08,17,AR1 alpha + Enhanced + One-Step,NYSE:USM,0.0
2023-05-09,17,AR1 alpha + Enhanced + One-Step,NYSE:USM,0.0
2023-05-10,17,AR1 alpha + Enhanced + One-Step,NYSE:USM,9.106177330732385e-08
2023-05-11,17,AR1 alpha + Enhanced + One-Step,NYSE:USM,2.7579595639089988e-08
2023-05-12,17,AR1 alpha + Enhanced + One-Step,NYSE:USM,1.8033467149360856e-07
2023-05-15,17,AR1 alpha + Enhanced + One-Step,NYSE:USM,1.1926697595417546e-07
2023-05-16,17,AR1 alpha + Enhanced + One-Step,NYSE:USM,1.669134994075092e-07
2023-05-17,17,AR1 alpha + Enhanced + One-Step,NYSE:USM,0.0
2023-05-18,17,AR1 alpha + Enhanced + One-Step,NYSE:USM,1.0966028052473528e-06
2023-05-19,17,AR1 alpha + Enhanced + One-Step,NYSE:USM,3.4719344248169204e-07
2023-05-22,17,AR1 alpha + Enhanced + One-Step,NYSE:USM,1.48542910956377e-07
2023-05-23,17,AR1 alpha + Enhanced + One-Step,NYSE:USM,0.0
2023-05-24,17,AR1 alpha + Enhanced + One-Step,NYSE:USM,5.563771407569305e-08
2023-05-25,17,AR1 alpha + Enhanced + One-Step,NYSE:USM,0.0
2023-05-26,17,AR1 alpha + Enhanced + One-Step,NYSE:USM,3.030211913024414e-08
2023-05-30,17,AR1 alpha + Enhanced + One-Step,NYSE:USM,1.614176893844637e-08
2023-05-31,17,AR1 alpha + Enhanced + One-Step,NYSE:USM,0.0
2023-06-01,17,AR1 alpha + Enhanced + One-Step,NYSE:USM,0.0
2023-06-02,17,AR1 alpha + Enhanced + One-Step,NYSE:USM,0.0
2023-06-05,17,AR1 alpha + Enhanced + One-Step,NYSE:USM,0.0
2023-06-06,17,AR1 alpha + Enhanced + One-Step,NYSE:USM,9.9525154030534e-07
2023-06-07,17,AR1 alpha + Enhanced + One-Step,NYSE:USM,2.461384381901317e-07
2023-06-08,17,AR1 alpha + Enhanced + One-Step,NYSE:USM,0.0
2023-06-09,17,AR1 alpha + Enhanced + One-Step,NYSE:USM,0.0
2023-06-12,17,AR1 alpha + Enhanced + One-Step,NYSE:USM,0.0
2023-06-13,17,AR1 alpha + Enhanced + One-Step,NYSE:USM,0.0
2023-06-14,17,AR1 alpha + Enhanced + One-Step,NYSE:USM,0.0
2023-06-15,17,AR1 alpha + Enhanced + One-Step,NYSE:USM,0.0
2023-06-16,17,AR1 alpha + Enhanced + One-Step,NYSE:USM,0.0
2023-06-20,17,AR1 alpha + Enhanced + One-Step,NYSE:USM,0.0
2023-06-21,17,AR1 alpha + Enhanced + One-Step,NYSE:USM,0.0
2023-06-22,17,AR1 alpha + Enhanced + One-Step,NYSE:USM,0.0
2023-06-23,17,AR1 alpha + Enhanced + One-Step,NYSE:USM,0.0
2023-06-26,17,AR1 alpha + Enhanced + One-Step,NYSE:USM,0.0
2023-06-27,17,AR1 alpha + Enhanced + One-Step,NYSE:USM,0.0
2023-06-28,17,AR1 alpha + Enhanced + One-Step,NYSE:USM,0.0
2023-06-29,17,AR1 alpha + Enhanced + One-Step,NYSE:USM,0.0
2023-06-30,17,AR1 alpha + Enhanced + One-Step,NYSE:USM,0.0
2023-07-03,17,AR1 alpha + Enhanced + One-Step,NYSE:USM,0.0
2023-07-05,17,AR1 alpha + Enhanced + One-Step,NYSE:USM,0.0
2023-07-06,17,AR1 alpha + Enhanced + One-Step,NYSE:USM,1.7363941413789286e-08
2023-07-07,17,AR1 alpha + Enhanced + One-Step,NYSE:USM,0.0
2023-07-10,17,AR1 alpha + Enhanced + One-Step,NYSE:USM,1.6339709520882424e-08
2023-07-11,17,AR1 alpha + Enhanced + One-Step,NYSE:USM,0.0
2023-07-12,17,AR1 alpha + Enhanced + One-Step,NYSE:USM,7.645109586381572e-08
2023-07-13,17,AR1 alpha + Enhanced + One-Step,NYSE:USM,0.0
2023-07-14,17,AR1 alpha + Enhanced + One-Step,NYSE:USM,0.0
2023-07-17,17,AR1 alpha + Enhanced + One-Step,NYSE:USM,0.0
2023-07-18,17,AR1 alpha + Enhanced + One-Step,NYSE:USM,1.9279999720942852e-07
2023-07-19,17,AR1 alpha + Enhanced + One-Step,NYSE:USM,0.0
2023-07-20,17,AR1 alpha + Enhanced + One-Step,NYSE:USM,0.0
2023-07-21,17,AR1 alpha + Enhanced + One-Step,NYSE:USM,0.0
2023-07-24,17,AR1 alpha + Enhanced + One-Step,NYSE:USM,0.0
2023-07-25,17,AR1 alpha + Enhanced + One-Step,NYSE:USM,9.830114981518449e-09
2023-07-26,17,AR1 alpha + Enhanced + One-Step,NYSE:USM,0.0
2023-07-27,17,AR1 alpha + Enhanced + One-Step,NYSE:USM,0.0
2023-08-01,17,AR1 alpha + Enhanced + One-Step,NYSE:USM,2.3771925897751405e-07
2023-08-02,17,AR1 alpha + Enhanced + One-Step,NYSE:USM,5.6276126689523625e-08
2023-08-03,17,AR1 alpha + Enhanced + One-Step,NYSE:USM,8.137246105671923e-08
2023-08-04,17,AR1 alpha + Enhanced + One-Step,NYSE:USM,0.025006938307332822
2023-08-07,17,AR1 alpha + Enhanced + One-Step,NYSE:USM,0.05003069131087589
2023-08-08,17,AR1 alpha + Enhanced + One-Step,NYSE:USM,0.07266727012197388
2023-08-09,17,AR1 alpha + Enhanced + One-Step,NYSE:USM,0.07985361145198584
2023-08-10,17,AR1 alpha + Enhanced + One-Step,NYSE:USM,0.0798512387163872
2023-08-11,17,AR1 alpha + Enhanced + One-Step,NYSE:USM,0.07442770079322052
2023-08-14,17,AR1 alpha + Enhanced + One-Step,NYSE:USM,0.0693847343123532
2023-08-15,17,AR1 alpha + Enhanced + One-Step,NYSE:USM,0.0663322569469518
2023-08-16,17,AR1 alpha + Enhanced + One-Step,NYSE:USM,0.06568116512638422
2023-08-17,17,AR1 alpha + Enhanced + One-Step,NYSE:USM,0.06522018998651184
2023-08-18,17,AR1 alpha + Enhanced + One-Step,NYSE:USM,0.0649038839636687
2023-08-21,17,AR1 alpha + Enhanced + One-Step,NYSE:USM,0.0604945952699553
2023-08-22,17,AR1 alpha + Enhanced + One-Step,NYSE:USM,0.057181272428597
2023-08-23,17,AR1 alpha + Enhanced + One-Step,NYSE:USM,0.05717948214907591
2023-08-24,17,AR1 alpha + Enhanced + One-Step,NYSE:USM,0.05717891368314478
2023-08-25,17,AR1 alpha + Enhanced + One-Step,NYSE:USM,0.05717890708035669
2023-08-28,17,AR1 alpha + Enhanced + One-Step,NYSE:USM,0.05115274442998657
2023-08-29,17,AR1 alpha + Enhanced + One-Step,NYSE:USM,0.04034629304095714
2023-08-30,17,AR1 alpha + Enhanced + One-Step,NYSE:USM,0.04034633293187381
2023-08-31,17,AR1 alpha + Enhanced + One-Step,NYSE:USM,0.0403457416242022
2023-09-01,17,AR1 alpha + Enhanced + One-Step,NYSE:USM,0.04567480944942554
2023-09-05,17,AR1 alpha + Enhanced + One-Step,NYSE:USM,0.04567086257450438
2023-09-06,17,AR1 alpha + Enhanced + One-Step,NYSE:USM,0.05141016358709876
2023-09-07,17,AR1 alpha + Enhanced + One-Step,NYSE:USM,0.054542481849298614
2023-09-08,17,AR1 alpha + Enhanced + One-Step,NYSE:USM,0.06101628567888606
2023-09-11,17,AR1 alpha + Enhanced + One-Step,NYSE:USM,0.06281941524981205
2023-09-12,17,AR1 alpha + Enhanced + One-Step,NYSE:USM,0.06281957566883017
2023-09-13,17,AR1 alpha + Enhanced + One-Step,NYSE:USM,0.05943174616263245
2023-09-14,17,AR1 alpha + Enhanced + One-Step,NYSE:USM,0.05991069060221028
2023-09-15,17,AR1 alpha + Enhanced + One-Step,NYSE:USM,0.0599109273595441
2023-09-18,17,AR1 alpha + Enhanced + One-Step,NYSE:USM,0.062374617834988995
2023-09-19,17,AR1 alpha + Enhanced + One-Step,NYSE:USM,0.06125419137236767
2023-09-20,17,AR1 alpha + Enhanced + One-Step,NYSE:USM,0.05855951176446267
2023-09-21,17,AR1 alpha + Enhanced + One-Step,NYSE:USM,0.058777797422015485
2023-09-22,17,AR1 alpha + Enhanced + One-Step,NYSE:USM,0.059985414951995594
2023-09-25,17,AR1 alpha + Enhanced + One-Step,NYSE:USM,0.059983881191470634
2023-09-26,17,AR1 alpha + Enhanced + One-Step,NYSE:USM,0.059116240892588566
2023-09-27,17,AR1 alpha + Enhanced + One-Step,NYSE:USM,0.05744732163268376
2023-09-28,17,AR1 alpha + Enhanced + One-Step,NYSE:USM,0.050158688386987706
2023-09-29,17,AR1 alpha + Enhanced + One-Step,NYSE:USM,0.05015868203186835
2023-10-02,17,AR1 alpha + Enhanced + One-Step,NYSE:USM,0.050157096892543995
2023-10-03,17,AR1 alpha + Enhanced + One-Step,NYSE:USM,0.054863985401715706
2023-10-04,17,AR1 alpha + Enhanced + One-Step,NYSE:USM,0.05485896060892054
2023-10-05,17,AR1 alpha + Enhanced + One-Step,NYSE:USM,0.05485857314456212
2023-10-06,17,AR1 alpha + Enhanced + One-Step,NYSE:USM,0.054858343873702343
2023-10-09,17,AR1 alpha + Enhanced + One-Step,NYSE:USM,0.05234436514775059
2023-10-10,17,AR1 alpha + Enhanced + One-Step,NYSE:USM,0.05060647732927125
2023-10-11,17,AR1 alpha + Enhanced + One-Step,NYSE:USM,0.05166479996054824
2023-10-12,17,AR1 alpha + Enhanced + One-Step,NYSE:USM,0.051664814814894454
2023-10-13,17,AR1 alpha + Enhanced + One-Step,NYSE:USM,0.05413484365762868
2023-10-16,17,AR1 alpha + Enhanced + One-Step,NYSE:USM,0.048957999435404013
2023-10-17,17,AR1 alpha + Enhanced + One-Step,NYSE:USM,0.04895750757636823
2023-10-18,17,AR1 alpha + Enhanced + One-Step,NYSE:USM,0.048957684662410045
2023-10-19,17,AR1 alpha + Enhanced + One-Step,NYSE:USM,0.051722981773402885
2023-10-20,17,AR1 alpha + Enhanced + One-Step,NYSE:USM,0.05395568311156484
2023-10-23,17,AR1 alpha + Enhanced + One-Step,NYSE:USM,0.053955314132231154
2023-10-24,17,AR1 alpha + Enhanced + One-Step,NYSE:USM,0.053955319465950766
2023-10-25,17,AR1 alpha + Enhanced + One-Step,NYSE:USM,0.05395513815289608
2023-10-26,17,AR1 alpha + Enhanced + One-Step,NYSE:USM,0.05395514092599684
2023-10-27,17,AR1 alpha + Enhanced + One-Step,NYSE:USM,0.053955124576407276
2023-10-30,17,AR1 alpha + Enhanced + One-Step,NYSE:USM,0.05395436310078435
2023-10-31,17,AR1 alpha + Enhanced + One-Step,NYSE:USM,0.05395426375524133
2023-11-01,17,AR1 alpha + Enhanced + One-Step,NYSE:USM,0.05395355030887607
2023-11-02,17,AR1 alpha + Enhanced + One-Step,NYSE:USM,0.05395472524354418
2023-11-03,17,AR1 alpha + Enhanced + One-Step,NYSE:USM,0.05395471883225675
2023-11-06,17,AR1 alpha + Enhanced + One-Step,NYSE:USM,0.05395484961719005
2023-11-07,17,AR1 alpha + Enhanced + One-Step,NYSE:USM,0.05394534426263103
2023-11-08,17,AR1 alpha + Enhanced + One-Step,NYSE:USM,0.053942193036187365
2023-11-09,17,AR1 alpha + Enhanced + One-Step,NYSE:USM,0.05394041520856533
2023-11-10,17,AR1 alpha + Enhanced + One-Step,NYSE:USM,0.053940163625232185
2023-11-13,17,AR1 alpha + Enhanced + One-Step,NYSE:USM,0.05841039854561113
2023-11-14,17,AR1 alpha + Enhanced + One-Step,NYSE:USM,0.05840968252502129
2023-11-15,17,AR1 alpha + Enhanced + One-Step,NYSE:USM,0.05748346885148881
2023-11-16,17,AR1 alpha + Enhanced + One-Step,NYSE:USM,0.05469326958946049
2023-11-17,17,AR1 alpha + Enhanced + One-Step,NYSE:USM,0.0546930675527597
2023-11-20,17,AR1 alpha + Enhanced + One-Step,NYSE:USM,0.05469299566789946
2023-11-21,17,AR1 alpha + Enhanced + One-Step,NYSE:USM,0.06108343903974983
2023-11-22,17,AR1 alpha + Enhanced + One-Step,NYSE:USM,0.061984112905504644
2023-11-24,17,AR1 alpha + Enhanced + One-Step,NYSE:USM,0.061984113532458474
2023-11-27,17,AR1 alpha + Enhanced + One-Step,NYSE:USM,0.06670027784438495
2023-11-28,17,AR1 alpha + Enhanced + One-Step,NYSE:USM,0.06670045636260606
2023-11-29,17,AR1 alpha + Enhanced + One-Step,NYSE:USM,0.06575768334202667
2023-11-30,17,AR1 alpha + Enhanced + One-Step,NYSE:USM,0.06575561416544351
2023-12-01,17,AR1 alpha + Enhanced + One-Step,NYSE:USM,0.060734783837737234
2023-12-04,17,AR1 alpha + Enhanced + One-Step,NYSE:USM,0.07260859084536
2023-12-05,17,AR1 alpha + Enhanced + One-Step,NYSE:USM,0.07949051452307304
2023-12-06,17,AR1 alpha + Enhanced + One-Step,NYSE:USM,0.08033557426256878
2023-12-07,17,AR1 alpha + Enhanced + One-Step,NYSE:USM,0.07533920951065907
2023-12-08,17,AR1 alpha + Enhanced + One-Step,NYSE:USM,0.07533920192751446
2023-12-11,17,AR1 alpha + Enhanced + One-Step,NYSE:USM,0.07533811365891985
2023-12-12,17,AR1 alpha + Enhanced + One-Step,NYSE:USM,0.07908849998147145
2023-12-13,17,AR1 alpha + Enhanced + One-Step,NYSE:USM,0.07908938611518862
2023-12-14,17,AR1 alpha + Enhanced + One-Step,NYSE:USM,0.07908932343535999
2023-12-15,17,AR1 alpha + Enhanced + One-Step,NYSE:USM,0.07908532602797665
2023-12-18,17,AR1 alpha + Enhanced + One-Step,NYSE:USM,0.07745211409707044
2023-12-19,17,AR1 alpha + Enhanced + One-Step,NYSE:USM,0.07420975195654422
2023-12-20,17,AR1 alpha + Enhanced + One-Step,NYSE:USM,0.07421071625051581
2023-12-21,17,AR1 alpha + Enhanced + One-Step,NYSE:USM,0.0697117170671483
2023-12-22,17,AR1 alpha + Enhanced + One-Step,NYSE:USM,0.07049995630693172
2023-12-26,17,AR1 alpha + Enhanced + One-Step,NYSE:USM,0.06877899661438831
2023-12-27,17,AR1 alpha + Enhanced + One-Step,NYSE:USM,0.06575413482805996
2023-12-28,17,AR1 alpha + Enhanced + One-Step,NYSE:USM,0.0608553958273237
2023-12-29,17,AR1 alpha + Enhanced + One-Step,NYSE:USM,0.06012402712350824
2024-01-02,17,AR1 alpha + Enhanced + One-Step,NYSE:USM,0.06012270853571954
2024-01-03,17,AR1 alpha + Enhanced + One-Step,NYSE:USM,0.06012171104985426
2024-01-04,17,AR1 alpha + Enhanced + One-Step,NYSE:USM,0.06012152182689867
2024-01-05,17,AR1 alpha + Enhanced + One-Step,NYSE:USM,0.06012158473801608
2024-01-08,17,AR1 alpha + Enhanced + One-Step,NYSE:USM,0.06211299817490994
2024-01-09,17,AR1 alpha + Enhanced + One-Step,NYSE:USM,0.06211165935679382
2024-01-10,17,AR1 alpha + Enhanced + One-Step,NYSE:USM,0.06561691281595154
2024-01-11,17,AR1 alpha + Enhanced + One-Step,NYSE:USM,0.06477914347119389
2024-01-12,17,AR1 alpha + Enhanced + One-Step,NYSE:USM,0.05599145562929126
2024-01-16,17,AR1 alpha + Enhanced + One-Step,NYSE:USM,0.05599002539096767
2024-01-17,17,AR1 alpha + Enhanced + One-Step,NYSE:USM,0.0635190058029948
2024-01-18,17,AR1 alpha + Enhanced + One-Step,NYSE:USM,0.061106261575370864
2024-01-19,17,AR1 alpha + Enhanced + One-Step,NYSE:USM,0.05717747121468526
2024-01-22,17,AR1 alpha + Enhanced + One-Step,NYSE:USM,0.05138536081862811
2024-01-23,17,AR1 alpha + Enhanced + One-Step,NYSE:USM,0.05579006137150503
2024-01-24,17,AR1 alpha + Enhanced + One-Step,NYSE:USM,0.06435054088752856
2024-01-25,17,AR1 alpha + Enhanced + One-Step,NYSE:USM,0.05673764934593457
2024-01-26,17,AR1 alpha + Enhanced + One-Step,NYSE:USM,0.05400526703612502
2024-01-29,17,AR1 alpha + Enhanced + One-Step,NYSE:USM,0.06289229765513962
2024-01-30,17,AR1 alpha + Enhanced + One-Step,NYSE:USM,0.06446076174997531
2024-01-31,17,AR1 alpha + Enhanced + One-Step,NYSE:USM,0.06445909668180339
2024-02-01,17,AR1 alpha + Enhanced + One-Step,NYSE:USM,0.06445548260865987
2024-02-02,17,AR1 alpha + Enhanced + One-Step,NYSE:USM,0.06726056036472156
2024-02-05,17,AR1 alpha + Enhanced + One-Step,NYSE:USM,0.06882490426088166
2024-02-06,17,AR1 alpha + Enhanced + One-Step,NYSE:USM,0.06882452210497958
2024-02-07,17,AR1 alpha + Enhanced + One-Step,NYSE:USM,0.07160140998987073
2024-02-08,17,AR1 alpha + Enhanced + One-Step,NYSE:USM,0.07160128322136816
2024-02-09,17,AR1 alpha + Enhanced + One-Step,NYSE:USM,0.07159725139704186
2024-02-12,17,AR1 alpha + Enhanced + One-Step,NYSE:USM,0.07159500635492054
2024-02-13,17,AR1 alpha + Enhanced + One-Step,NYSE:USM,0.07159401121193606
2024-02-14,17,AR1 alpha + Enhanced + One-Step,NYSE:USM,0.07159423348650219
2024-02-15,17,AR1 alpha + Enhanced + One-Step,NYSE:USM,0.07159134105448325
2024-02-16,17,AR1 alpha + Enhanced + One-Step,NYSE:USM,0.09474978577960788
2024-02-20,17,AR1 alpha + Enhanced + One-Step,NYSE:USM,0.09528159488951933
2024-02-21,17,AR1 alpha + Enhanced + One-Step,NYSE:USM,0.09527842597312211
2024-02-22,17,AR1 alpha + Enhanced + One-Step,NYSE:USM,0.08892308544361652
2024-02-23,17,AR1 alpha + Enhanced + One-Step,NYSE:USM,0.07989501311717384
2024-02-26,17,AR1 alpha + Enhanced + One-Step,NYSE:USM,0.07339299501253746
2024-02-27,17,AR1 alpha + Enhanced + One-Step,NYSE:USM,0.061536442110297754
2024-02-28,17,AR1 alpha + Enhanced + One-Step,NYSE:USM,0.05903013766902636
2024-02-29,17,AR1 alpha + Enhanced + One-Step,NYSE:USM,0.048908796151648615
2024-03-01,17,AR1 alpha + Enhanced + One-Step,NYSE:USM,0.042297884546960575
2024-03-04,17,AR1 alpha + Enhanced + One-Step,NYSE:USM,0.04229645524785149
2024-03-05,17,AR1 alpha + Enhanced + One-Step,NYSE:USM,0.04229599279575029
2024-03-06,17,AR1 alpha + Enhanced + One-Step,NYSE:USM,0.04229582699287023
2024-03-07,17,AR1 alpha + Enhanced + One-Step,NYSE:USM,0.04229232059483582
2024-03-08,17,AR1 alpha + Enhanced + One-Step,NYSE:USM,0.04228868846990116
2024-03-11,17,AR1 alpha + Enhanced + One-Step,NYSE:USM,0.04228520623549284
2024-03-12,17,AR1 alpha + Enhanced + One-Step,NYSE:USM,0.04045026764758698
2024-03-13,17,AR1 alpha + Enhanced + One-Step,NYSE:USM,0.04044598197721651
2024-03-14,17,AR1 alpha + Enhanced + One-Step,NYSE:USM,0.0404457239102615
2024-03-15,17,AR1 alpha + Enhanced + One-Step,NYSE:USM,0.044467023695103886
2024-03-18,17,AR1 alpha + Enhanced + One-Step,NYSE:USM,0.04601097563332462
2024-03-19,17,AR1 alpha + Enhanced + One-Step,NYSE:USM,0.046010617094482856
2024-03-20,17,AR1 alpha + Enhanced + One-Step,NYSE:USM,0.04600948233371157
2024-03-21,17,AR1 alpha + Enhanced + One-Step,NYSE:USM,0.04600793472171541
2024-03-22,17,AR1 alpha + Enhanced + One-Step,NYSE:USM,0.04600750046244817
2024-03-25,17,AR1 alpha + Enhanced + One-Step,NYSE:USM,0.04600737279697208
2024-03-26,17,AR1 alpha + Enhanced + One-Step,NYSE:USM,0.04715041568251573
2024-03-27,17,AR1 alpha + Enhanced + One-Step,NYSE:USM,0.04716110086393093
2024-03-28,17,AR1 alpha + Enhanced + One-Step,NYSE:USM,0.04466431353263311
2024-04-01,17,AR1 alpha + Enhanced + One-Step,NYSE:USM,0.04728751374187251
2024-04-02,17,AR1 alpha + Enhanced + One-Step,NYSE:USM,0.04743836629506823
2024-04-03,17,AR1 alpha + Enhanced + One-Step,NYSE:USM,0.04654658108027328
2024-04-04,17,AR1 alpha + Enhanced + One-Step,NYSE:USM,0.05176501268849236
2024-04-05,17,AR1 alpha + Enhanced + One-Step,NYSE:USM,0.05165174101347039
2024-04-08,17,AR1 alpha + Enhanced + One-Step,NYSE:USM,0.05154831559296286
2024-04-09,17,AR1 alpha + Enhanced + One-Step,NYSE:USM,0.046577785586950846
2024-04-10,17,AR1 alpha + Enhanced + One-Step,NYSE:USM,0.05061972012925397
2024-04-11,17,AR1 alpha + Enhanced + One-Step,NYSE:USM,0.049390112136071335
2024-04-12,17,AR1 alpha + Enhanced + One-Step,NYSE:USM,0.05085605513285062
2024-04-15,17,AR1 alpha + Enhanced + One-Step,NYSE:USM,0.05085496991617004
2024-04-16,17,AR1 alpha + Enhanced + One-Step,NYSE:USM,0.05547121085663916
2024-04-17,17,AR1 alpha + Enhanced + One-Step,NYSE:USM,0.05520346512900517
2024-04-18,17,AR1 alpha + Enhanced + One-Step,NYSE:USM,0.05037814876491388
2024-04-19,17,AR1 alpha + Enhanced + One-Step,NYSE:USM,0.0463131212589403
2020-03-25,17,AR1 alpha + Enhanced + One-Step,NASDAQ:MRNA,0.020000000000007227
2020-03-26,17,AR1 alpha + Enhanced + One-Step,NASDAQ:MRNA,0.02000000000001305
2020-03-27,17,AR1 alpha + Enhanced + One-Step,NASDAQ:MRNA,0.020000053908772648
2020-03-30,17,AR1 alpha + Enhanced + One-Step,NASDAQ:MRNA,0.020001599512839526
2020-03-31,17,AR1 alpha + Enhanced + One-Step,NASDAQ:MRNA,0.020003819483080026
2020-04-01,17,AR1 alpha + Enhanced + One-Step,NASDAQ:MRNA,0.0200038436702169
2020-04-02,17,AR1 alpha + Enhanced + One-Step,NASDAQ:MRNA,0.03995591492168533
2020-04-03,17,AR1 alpha + Enhanced + One-Step,NASDAQ:MRNA,0.06494248854085807
2020-04-06,17,AR1 alpha + Enhanced + One-Step,NASDAQ:MRNA,0.08992473509918118
2020-04-07,17,AR1 alpha + Enhanced + One-Step,NASDAQ:MRNA,0.10000110750381182
2020-04-08,17,AR1 alpha + Enhanced + One-Step,NASDAQ:MRNA,0.1000004017595272
2020-04-09,17,AR1 alpha + Enhanced + One-Step,NASDAQ:MRNA,0.1000001388698315
2020-04-13,17,AR1 alpha + Enhanced + One-Step,NASDAQ:MRNA,0.09999979905919133
2020-04-14,17,AR1 alpha + Enhanced + One-Step,NASDAQ:MRNA,0.10000005213169896
2020-04-15,17,AR1 alpha + Enhanced + One-Step,NASDAQ:MRNA,0.0999997815073458
2020-04-16,17,AR1 alpha + Enhanced + One-Step,NASDAQ:MRNA,0.09999979794135307
2020-04-17,17,AR1 alpha + Enhanced + One-Step,NASDAQ:MRNA,0.09999996250394157
2020-04-20,17,AR1 alpha + Enhanced + One-Step,NASDAQ:MRNA,0.09999987442446691
2020-04-21,17,AR1 alpha + Enhanced + One-Step,NASDAQ:MRNA,0.10000007646985408
2020-04-22,17,AR1 alpha + Enhanced + One-Step,NASDAQ:MRNA,0.10000007021191994
2020-04-23,17,AR1 alpha + Enhanced + One-Step,NASDAQ:MRNA,0.09999992344709872
2020-04-24,17,AR1 alpha + Enhanced + One-Step,NASDAQ:MRNA,0.10000000159657567
2020-04-27,17,AR1 alpha + Enhanced + One-Step,NASDAQ:MRNA,0.09999999980265119
2020-04-28,17,AR1 alpha + Enhanced + One-Step,NASDAQ:MRNA,0.09999999774822821
2020-04-29,17,AR1 alpha + Enhanced + One-Step,NASDAQ:MRNA,0.09999999685622539
2020-04-30,17,AR1 alpha + Enhanced + One-Step,NASDAQ:MRNA,0.10000004079438125
2020-05-01,17,AR1 alpha + Enhanced + One-Step,NASDAQ:MRNA,0.09999907563267228
2020-05-04,17,AR1 alpha + Enhanced + One-Step,NASDAQ:MRNA,0.09999982559486159
2020-05-05,17,AR1 alpha + Enhanced + One-Step,NASDAQ:MRNA,0.0999999077591574
2020-05-06,17,AR1 alpha + Enhanced + One-Step,NASDAQ:MRNA,0.09999997131751134
2020-05-07,17,AR1 alpha + Enhanced + One-Step,NASDAQ:MRNA,0.0999995697378144
2020-05-08,17,AR1 alpha + Enhanced + One-Step,NASDAQ:MRNA,0.09999964082511384
2020-05-11,17,AR1 alpha + Enhanced + One-Step,NASDAQ:MRNA,0.09999981999737086
2020-05-12,17,AR1 alpha + Enhanced + One-Step,NASDAQ:MRNA,0.09999984918051369
2020-05-13,17,AR1 alpha + Enhanced + One-Step,NASDAQ:MRNA,0.09999997314770598
2020-05-14,17,AR1 alpha + Enhanced + One-Step,NASDAQ:MRNA,0.09999704837956282
2020-05-15,17,AR1 alpha + Enhanced + One-Step,NASDAQ:MRNA,0.09999910382065971
2020-05-18,17,AR1 alpha + Enhanced + One-Step,NASDAQ:MRNA,0.09999982320615236
2020-05-19,17,AR1 alpha + Enhanced + One-Step,NASDAQ:MRNA,0.09999977997615957
2020-05-20,17,AR1 alpha + Enhanced + One-Step,NASDAQ:MRNA,0.09999999063065833
2020-05-21,17,AR1 alpha + Enhanced + One-Step,NASDAQ:MRNA,0.0999990931856147
2020-05-22,17,AR1 alpha + Enhanced + One-Step,NASDAQ:MRNA,0.09999973935775643
2020-05-26,17,AR1 alpha + Enhanced + One-Step,NASDAQ:MRNA,0.09999993918494918
2020-05-27,17,AR1 alpha + Enhanced + One-Step,NASDAQ:MRNA,0.10000002783688304
2020-05-28,17,AR1 alpha + Enhanced + One-Step,NASDAQ:MRNA,0.10000000942807842
2020-05-29,17,AR1 alpha + Enhanced + One-Step,NASDAQ:MRNA,0.10000000611243293
2020-06-01,17,AR1 alpha + Enhanced + One-Step,NASDAQ:MRNA,0.10000002307472922
2020-06-02,17,AR1 alpha + Enhanced + One-Step,NASDAQ:MRNA,0.09999995422025432
2020-06-03,17,AR1 alpha + Enhanced + One-Step,NASDAQ:MRNA,0.0999999059978506
2020-06-04,17,AR1 alpha + Enhanced + One-Step,NASDAQ:MRNA,0.0999994515676374
2020-06-05,17,AR1 alpha + Enhanced + One-Step,NASDAQ:MRNA,0.09999936807481646
2020-06-08,17,AR1 alpha + Enhanced + One-Step,NASDAQ:MRNA,0.0999998503655656
2020-06-09,17,AR1 alpha + Enhanced + One-Step,NASDAQ:MRNA,0.09999998189630485
2020-06-10,17,AR1 alpha + Enhanced + One-Step,NASDAQ:MRNA,0.09999999902080153
2020-06-11,17,AR1 alpha + Enhanced + One-Step,NASDAQ:MRNA,0.1000002485614352
2020-06-12,17,AR1 alpha + Enhanced + One-Step,NASDAQ:MRNA,0.10000003712106109
2020-06-15,17,AR1 alpha + Enhanced + One-Step,NASDAQ:MRNA,0.09999990073103708
2020-06-16,17,AR1 alpha + Enhanced + One-Step,NASDAQ:MRNA,0.09999998032789498
2020-06-17,17,AR1 alpha + Enhanced + One-Step,NASDAQ:MRNA,0.0999999936354139
2020-06-18,17,AR1 alpha + Enhanced + One-Step,NASDAQ:MRNA,0.0999999708143047
2020-06-19,17,AR1 alpha + Enhanced + One-Step,NASDAQ:MRNA,0.0999997673933825
2020-06-22,17,AR1 alpha + Enhanced + One-Step,NASDAQ:MRNA,0.09999995621286592
2020-06-23,17,AR1 alpha + Enhanced + One-Step,NASDAQ:MRNA,0.09999998593520999
2020-06-24,17,AR1 alpha + Enhanced + One-Step,NASDAQ:MRNA,0.099999877725468
2020-06-25,17,AR1 alpha + Enhanced + One-Step,NASDAQ:MRNA,0.09999996250297219
2020-06-26,17,AR1 alpha + Enhanced + One-Step,NASDAQ:MRNA,0.09999911739984638
2020-06-29,17,AR1 alpha + Enhanced + One-Step,NASDAQ:MRNA,0.09999837764297828
2020-06-30,17,AR1 alpha + Enhanced + One-Step,NASDAQ:MRNA,0.09999883987224834
2020-07-01,17,AR1 alpha + Enhanced + One-Step,NASDAQ:MRNA,0.09999711056824703
2020-07-02,17,AR1 alpha + Enhanced + One-Step,NASDAQ:MRNA,0.09999951661451131
2020-07-06,17,AR1 alpha + Enhanced + One-Step,NASDAQ:MRNA,0.09999986057217257
2020-07-07,17,AR1 alpha + Enhanced + One-Step,NASDAQ:MRNA,0.09999933730508546
2020-07-08,17,AR1 alpha + Enhanced + One-Step,NASDAQ:MRNA,0.09999938128801318
2020-07-09,17,AR1 alpha + Enhanced + One-Step,NASDAQ:MRNA,0.0999989109142438
2020-07-10,17,AR1 alpha + Enhanced + One-Step,NASDAQ:MRNA,0.09999970268484637
2020-07-13,17,AR1 alpha + Enhanced + One-Step,NASDAQ:MRNA,0.0999999162221757
2020-07-14,17,AR1 alpha + Enhanced + One-Step,NASDAQ:MRNA,0.09999991879281461
2020-07-15,17,AR1 alpha + Enhanced + One-Step,NASDAQ:MRNA,0.10000004725842573
2020-07-16,17,AR1 alpha + Enhanced + One-Step,NASDAQ:MRNA,0.10000001939302326
2020-07-17,17,AR1 alpha + Enhanced + One-Step,NASDAQ:MRNA,0.10000000035479745
2020-07-20,17,AR1 alpha + Enhanced + One-Step,NASDAQ:MRNA,0.09999996676870715
2020-07-21,17,AR1 alpha + Enhanced + One-Step,NASDAQ:MRNA,0.09999998445975082
2020-07-22,17,AR1 alpha + Enhanced + One-Step,NASDAQ:MRNA,0.09999998872184578
2020-07-23,17,AR1 alpha + Enhanced + One-Step,NASDAQ:MRNA,0.09999853857086517
2020-07-24,17,AR1 alpha + Enhanced + One-Step,NASDAQ:MRNA,0.09999850791942852
2020-07-27,17,AR1 alpha + Enhanced + One-Step,NASDAQ:MRNA,0.09999833396185118
2020-07-28,17,AR1 alpha + Enhanced + One-Step,NASDAQ:MRNA,0.0999995436243954
2020-07-29,17,AR1 alpha + Enhanced + One-Step,NASDAQ:MRNA,0.09999915000466958
2020-07-30,17,AR1 alpha + Enhanced + One-Step,NASDAQ:MRNA,0.09999789726108169
2020-07-31,17,AR1 alpha + Enhanced + One-Step,NASDAQ:MRNA,0.09999810195467915
2020-08-03,17,AR1 alpha + Enhanced + One-Step,NASDAQ:MRNA,0.09999930687308231
2020-08-04,17,AR1 alpha + Enhanced + One-Step,NASDAQ:MRNA,0.09999979146628
2020-08-05,17,AR1 alpha + Enhanced + One-Step,NASDAQ:MRNA,0.0999994039825231
2020-08-06,17,AR1 alpha + Enhanced + One-Step,NASDAQ:MRNA,0.09999977512165385
2020-08-07,17,AR1 alpha + Enhanced + One-Step,NASDAQ:MRNA,0.0999999869615424
2020-08-10,17,AR1 alpha + Enhanced + One-Step,NASDAQ:MRNA,0.10000000118996981
2020-08-11,17,AR1 alpha + Enhanced + One-Step,NASDAQ:MRNA,0.09999988180254449
2020-08-12,17,AR1 alpha + Enhanced + One-Step,NASDAQ:MRNA,0.09999996116745398
2020-08-13,17,AR1 alpha + Enhanced + One-Step,NASDAQ:MRNA,0.09999999030308658
2020-08-14,17,AR1 alpha + Enhanced + One-Step,NASDAQ:MRNA,0.09999999830184424
2020-08-17,17,AR1 alpha + Enhanced + One-Step,NASDAQ:MRNA,0.09999799135790759
2020-08-18,17,AR1 alpha + Enhanced + One-Step,NASDAQ:MRNA,0.0999975029943605
2020-08-19,17,AR1 alpha + Enhanced + One-Step,NASDAQ:MRNA,0.09999778808150302
2020-08-20,17,AR1 alpha + Enhanced + One-Step,NASDAQ:MRNA,0.09999911097115212
2020-08-21,17,AR1 alpha + Enhanced + One-Step,NASDAQ:MRNA,0.0999996797916337
2020-08-24,17,AR1 alpha + Enhanced + One-Step,NASDAQ:MRNA,0.09999963649040002
2020-08-25,17,AR1 alpha + Enhanced + One-Step,NASDAQ:MRNA,0.09999992354051786
2020-08-26,17,AR1 alpha + Enhanced + One-Step,NASDAQ:MRNA,0.09999953385401779
2020-08-27,17,AR1 alpha + Enhanced + One-Step,NASDAQ:MRNA,0.09999989271940887
2020-08-28,17,AR1 alpha + Enhanced + One-Step,NASDAQ:MRNA,0.09999997042755203
2020-08-31,17,AR1 alpha + Enhanced + One-Step,NASDAQ:MRNA,0.09999556590102086
2020-09-01,17,AR1 alpha + Enhanced + One-Step,NASDAQ:MRNA,0.09999667973217599
2020-09-02,17,AR1 alpha + Enhanced + One-Step,NASDAQ:MRNA,0.09999943348804703
2020-09-03,17,AR1 alpha + Enhanced + One-Step,NASDAQ:MRNA,0.09999950762954699
2020-09-04,17,AR1 alpha + Enhanced + One-Step,NASDAQ:MRNA,0.09999992920270666
2020-09-08,17,AR1 alpha + Enhanced + One-Step,NASDAQ:MRNA,0.10000006473424138
2020-09-09,17,AR1 alpha + Enhanced + One-Step,NASDAQ:MRNA,0.09331120938953102
2020-09-10,17,AR1 alpha + Enhanced + One-Step,NASDAQ:MRNA,0.09331116768866142
2020-09-11,17,AR1 alpha + Enhanced + One-Step,NASDAQ:MRNA,0.09331124509849509
2020-09-14,17,AR1 alpha + Enhanced + One-Step,NASDAQ:MRNA,0.09657481967446295
2020-09-15,17,AR1 alpha + Enhanced + One-Step,NASDAQ:MRNA,0.0999999150543045
2020-09-16,17,AR1 alpha + Enhanced + One-Step,NASDAQ:MRNA,0.09999996483722892
2020-09-17,17,AR1 alpha + Enhanced + One-Step,NASDAQ:MRNA,0.09999674873602718
2020-09-18,17,AR1 alpha + Enhanced + One-Step,NASDAQ:MRNA,0.09999878605848686
2020-09-21,17,AR1 alpha + Enhanced + One-Step,NASDAQ:MRNA,0.09999935467978882
2020-09-22,17,AR1 alpha + Enhanced + One-Step,NASDAQ:MRNA,0.09999976763981873
2020-09-23,17,AR1 alpha + Enhanced + One-Step,NASDAQ:MRNA,0.09999941115153277
2020-09-24,17,AR1 alpha + Enhanced + One-Step,NASDAQ:MRNA,0.09999818317052996
2020-09-25,17,AR1 alpha + Enhanced + One-Step,NASDAQ:MRNA,0.09999782755421283
2020-09-28,17,AR1 alpha + Enhanced + One-Step,NASDAQ:MRNA,0.09999901956229357
2020-09-29,17,AR1 alpha + Enhanced + One-Step,NASDAQ:MRNA,0.09999923326823917
2020-09-30,17,AR1 alpha + Enhanced + One-Step,NASDAQ:MRNA,0.09999898845523067
2020-10-01,17,AR1 alpha + Enhanced + One-Step,NASDAQ:MRNA,0.09999969152363546
2020-10-02,17,AR1 alpha + Enhanced + One-Step,NASDAQ:MRNA,0.09999994267847451
2020-10-05,17,AR1 alpha + Enhanced + One-Step,NASDAQ:MRNA,0.10000008666149002
2020-10-06,17,AR1 alpha + Enhanced + One-Step,NASDAQ:MRNA,0.09999999369040802
2020-10-07,17,AR1 alpha + Enhanced + One-Step,NASDAQ:MRNA,0.10000039196240448
2020-10-08,17,AR1 alpha + Enhanced + One-Step,NASDAQ:MRNA,0.10000003339480854
2020-10-09,17,AR1 alpha + Enhanced + One-Step,NASDAQ:MRNA,0.09999981705043398
2020-10-12,17,AR1 alpha + Enhanced + One-Step,NASDAQ:MRNA,0.09999995013353252
2020-10-13,17,AR1 alpha + Enhanced + One-Step,NASDAQ:MRNA,0.09999974660365027
2020-10-14,17,AR1 alpha + Enhanced + One-Step,NASDAQ:MRNA,0.09999982096620544
2020-10-15,17,AR1 alpha + Enhanced + One-Step,NASDAQ:MRNA,0.09999925125904534
2020-10-16,17,AR1 alpha + Enhanced + One-Step,NASDAQ:MRNA,0.09999969253669733
2020-10-19,17,AR1 alpha + Enhanced + One-Step,NASDAQ:MRNA,0.09999665048114054
2020-10-20,17,AR1 alpha + Enhanced + One-Step,NASDAQ:MRNA,0.09999445398649583
2020-10-21,17,AR1 alpha + Enhanced + One-Step,NASDAQ:MRNA,0.09999498415915453
2020-10-22,17,AR1 alpha + Enhanced + One-Step,NASDAQ:MRNA,0.09999487292905147
2020-10-23,17,AR1 alpha + Enhanced + One-Step,NASDAQ:MRNA,0.09999547859205192
2020-10-26,17,AR1 alpha + Enhanced + One-Step,NASDAQ:MRNA,0.09999831928584697
2020-10-27,17,AR1 alpha + Enhanced + One-Step,NASDAQ:MRNA,0.09999954211985547
2020-10-28,17,AR1 alpha + Enhanced + One-Step,NASDAQ:MRNA,0.10000000280591656
2020-10-29,17,AR1 alpha + Enhanced + One-Step,NASDAQ:MRNA,0.10000010541727071
2020-10-30,17,AR1 alpha + Enhanced + One-Step,NASDAQ:MRNA,0.10000001398105267
2020-11-02,17,AR1 alpha + Enhanced + One-Step,NASDAQ:MRNA,0.10000022224388752
2020-11-03,17,AR1 alpha + Enhanced + One-Step,NASDAQ:MRNA,0.09999984899000422
2020-11-04,17,AR1 alpha + Enhanced + One-Step,NASDAQ:MRNA,0.09999990364390071
2020-11-05,17,AR1 alpha + Enhanced + One-Step,NASDAQ:MRNA,0.09999973619561944
2020-11-06,17,AR1 alpha + Enhanced + One-Step,NASDAQ:MRNA,0.09999992072268656
2020-11-09,17,AR1 alpha + Enhanced + One-Step,NASDAQ:MRNA,0.10000000223927615
2020-11-10,17,AR1 alpha + Enhanced + One-Step,NASDAQ:MRNA,0.09999964726272821
2020-11-11,17,AR1 alpha + Enhanced + One-Step,NASDAQ:MRNA,0.0999999809759145
2020-11-12,17,AR1 alpha + Enhanced + One-Step,NASDAQ:MRNA,0.09999994139847339
2020-11-13,17,AR1 alpha + Enhanced + One-Step,NASDAQ:MRNA,0.09999998592879415
2020-11-16,17,AR1 alpha + Enhanced + One-Step,NASDAQ:MRNA,0.1000000854490004
2020-11-17,17,AR1 alpha + Enhanced + One-Step,NASDAQ:MRNA,0.09999843678604797
2020-11-18,17,AR1 alpha + Enhanced + One-Step,NASDAQ:MRNA,0.099996697802922
2020-11-19,17,AR1 alpha + Enhanced + One-Step,NASDAQ:MRNA,0.09999777187177812
2020-11-20,17,AR1 alpha + Enhanced + One-Step,NASDAQ:MRNA,0.09999924272425056
2020-11-23,17,AR1 alpha + Enhanced + One-Step,NASDAQ:MRNA,0.09999969374022416
2020-11-24,17,AR1 alpha + Enhanced + One-Step,NASDAQ:MRNA,0.09999634916111783
2020-11-25,17,AR1 alpha + Enhanced + One-Step,NASDAQ:MRNA,0.09999694902999723
2020-11-27,17,AR1 alpha + Enhanced + One-Step,NASDAQ:MRNA,0.09999474827750546
2020-11-30,17,AR1 alpha + Enhanced + One-Step,NASDAQ:MRNA,0.09999378724646638
2020-12-01,17,AR1 alpha + Enhanced + One-Step,NASDAQ:MRNA,0.09999818643783856
2020-12-04,17,AR1 alpha + Enhanced + One-Step,NASDAQ:MRNA,0.0999993880683666
2020-12-07,17,AR1 alpha + Enhanced + One-Step,NASDAQ:MRNA,0.09999628427197281
2020-12-08,17,AR1 alpha + Enhanced + One-Step,NASDAQ:MRNA,0.09999878052303776
2020-12-09,17,AR1 alpha + Enhanced + One-Step,NASDAQ:MRNA,0.09999689782670299
2020-12-10,17,AR1 alpha + Enhanced + One-Step,NASDAQ:MRNA,0.09999909857088163
2020-12-11,17,AR1 alpha + Enhanced + One-Step,NASDAQ:MRNA,0.09999953555616273
2020-12-14,17,AR1 alpha + Enhanced + One-Step,NASDAQ:MRNA,0.09999980165044081
2020-12-15,17,AR1 alpha + Enhanced + One-Step,NASDAQ:MRNA,0.09999995095852084
2020-12-16,17,AR1 alpha + Enhanced + One-Step,NASDAQ:MRNA,0.09999890397457982
2020-12-17,17,AR1 alpha + Enhanced + One-Step,NASDAQ:MRNA,0.09999914236121792
2020-12-18,17,AR1 alpha + Enhanced + One-Step,NASDAQ:MRNA,0.10000017907775327
2020-12-21,17,AR1 alpha + Enhanced + One-Step,NASDAQ:MRNA,0.09999985418640726
2020-12-22,17,AR1 alpha + Enhanced + One-Step,NASDAQ:MRNA,0.09999996491470711
2020-12-23,17,AR1 alpha + Enhanced + One-Step,NASDAQ:MRNA,0.09999845943632588
2020-12-24,17,AR1 alpha + Enhanced + One-Step,NASDAQ:MRNA,0.09999936970201016
2020-12-28,17,AR1 alpha + Enhanced + One-Step,NASDAQ:MRNA,0.09999966964969484
2020-12-29,17,AR1 alpha + Enhanced + One-Step,NASDAQ:MRNA,0.09999940294058586
2020-12-30,17,AR1 alpha + Enhanced + One-Step,NASDAQ:MRNA,0.09885935445891753
2020-12-31,17,AR1 alpha + Enhanced + One-Step,NASDAQ:MRNA,0.09308348164035571
2021-01-04,17,AR1 alpha + Enhanced + One-Step,NASDAQ:MRNA,0.09308350411622318
2021-01-05,17,AR1 alpha + Enhanced + One-Step,NASDAQ:MRNA,0.0934199474402468
2021-01-06,17,AR1 alpha + Enhanced + One-Step,NASDAQ:MRNA,0.09341993114167942
2021-01-07,17,AR1 alpha + Enhanced + One-Step,NASDAQ:MRNA,0.09999704385718614
2021-01-08,17,AR1 alpha + Enhanced + One-Step,NASDAQ:MRNA,0.09999854565842901
2021-01-11,17,AR1 alpha + Enhanced + One-Step,NASDAQ:MRNA,0.09999763460788211
2021-01-12,17,AR1 alpha + Enhanced + One-Step,NASDAQ:MRNA,0.0999921543038184
2021-01-13,17,AR1 alpha + Enhanced + One-Step,NASDAQ:MRNA,0.09999610222725247
2021-01-14,17,AR1 alpha + Enhanced + One-Step,NASDAQ:MRNA,0.09999879076755272
2021-01-15,17,AR1 alpha + Enhanced + One-Step,NASDAQ:MRNA,0.09999783607291843
2021-01-19,17,AR1 alpha + Enhanced + One-Step,NASDAQ:MRNA,0.09999918133539987
2021-01-20,17,AR1 alpha + Enhanced + One-Step,NASDAQ:MRNA,0.09999968260012836
2021-01-21,17,AR1 alpha + Enhanced + One-Step,NASDAQ:MRNA,0.09999933419673195
2021-01-22,17,AR1 alpha + Enhanced + One-Step,NASDAQ:MRNA,0.0999962589533378
2021-01-25,17,AR1 alpha + Enhanced + One-Step,NASDAQ:MRNA,0.09999751327653218
2021-01-26,17,AR1 alpha + Enhanced + One-Step,NASDAQ:MRNA,0.09999785588692543
2021-01-27,17,AR1 alpha + Enhanced + One-Step,NASDAQ:MRNA,0.09999937117381125
2021-01-28,17,AR1 alpha + Enhanced + One-Step,NASDAQ:MRNA,0.0999998283004633
2021-01-29,17,AR1 alpha + Enhanced + One-Step,NASDAQ:MRNA,0.0999999065205427
2021-02-01,17,AR1 alpha + Enhanced + One-Step,NASDAQ:MRNA,0.09999997872232862
2021-02-02,17,AR1 alpha + Enhanced + One-Step,NASDAQ:MRNA,0.10000000656245821
2021-02-03,17,AR1 alpha + Enhanced + One-Step,NASDAQ:MRNA,0.09999578921258417
2021-02-04,17,AR1 alpha + Enhanced + One-Step,NASDAQ:MRNA,0.09999513617476495
2021-02-05,17,AR1 alpha + Enhanced + One-Step,NASDAQ:MRNA,0.09999755153131017
2021-02-08,17,AR1 alpha + Enhanced + One-Step,NASDAQ:MRNA,0.09999924950095757
2021-02-09,17,AR1 alpha + Enhanced + One-Step,NASDAQ:MRNA,0.09999975241430463
2021-02-10,17,AR1 alpha + Enhanced + One-Step,NASDAQ:MRNA,0.09999999481403889
2021-02-11,17,AR1 alpha + Enhanced + One-Step,NASDAQ:MRNA,0.09999995446080658
2021-02-12,17,AR1 alpha + Enhanced + One-Step,NASDAQ:MRNA,0.09999997648864759
2021-02-16,17,AR1 alpha + Enhanced + One-Step,NASDAQ:MRNA,0.09999995346804852
2021-02-17,17,AR1 alpha + Enhanced + One-Step,NASDAQ:MRNA,0.09999966513722447
2021-02-18,17,AR1 alpha + Enhanced + One-Step,NASDAQ:MRNA,0.09999991822395289
2021-02-19,17,AR1 alpha + Enhanced + One-Step,NASDAQ:MRNA,0.09999955710177225
2021-02-22,17,AR1 alpha + Enhanced + One-Step,NASDAQ:MRNA,0.10000003358838774
2021-02-23,17,AR1 alpha + Enhanced + One-Step,NASDAQ:MRNA,0.10000019325747471
2021-02-24,17,AR1 alpha + Enhanced + One-Step,NASDAQ:MRNA,0.10000009943993053
2021-02-25,17,AR1 alpha + Enhanced + One-Step,NASDAQ:MRNA,0.09999146205109856
2021-02-26,17,AR1 alpha + Enhanced + One-Step,NASDAQ:MRNA,0.09999690143033724
2021-03-01,17,AR1 alpha + Enhanced + One-Step,NASDAQ:MRNA,0.09999910095228987
2021-03-02,17,AR1 alpha + Enhanced + One-Step,NASDAQ:MRNA,0.09999950174738906
2021-03-03,17,AR1 alpha + Enhanced + One-Step,NASDAQ:MRNA,0.09999911111172477
2021-03-04,17,AR1 alpha + Enhanced + One-Step,NASDAQ:MRNA,0.09999910923522644
2021-03-05,17,AR1 alpha + Enhanced + One-Step,NASDAQ:MRNA,0.0999982076657542
2021-03-08,17,AR1 alpha + Enhanced + One-Step,NASDAQ:MRNA,0.09999940751000688
2021-03-09,17,AR1 alpha + Enhanced + One-Step,NASDAQ:MRNA,0.09999869256801838
2021-03-10,17,AR1 alpha + Enhanced + One-Step,NASDAQ:MRNA,0.09999986961129893
2021-03-11,17,AR1 alpha + Enhanced + One-Step,NASDAQ:MRNA,0.09999944623308482
2021-03-12,17,AR1 alpha + Enhanced + One-Step,NASDAQ:MRNA,0.0999998111532237
2021-03-15,17,AR1 alpha + Enhanced + One-Step,NASDAQ:MRNA,0.10000012359243673
2021-03-16,17,AR1 alpha + Enhanced + One-Step,NASDAQ:MRNA,0.0999999769424129
2021-03-17,17,AR1 alpha + Enhanced + One-Step,NASDAQ:MRNA,0.0999998187066344
2021-03-18,17,AR1 alpha + Enhanced + One-Step,NASDAQ:MRNA,0.10000002329212694
2021-03-19,17,AR1 alpha + Enhanced + One-Step,NASDAQ:MRNA,0.09999851914442989
2021-03-22,17,AR1 alpha + Enhanced + One-Step,NASDAQ:MRNA,0.09999980712619
2021-03-23,17,AR1 alpha + Enhanced + One-Step,NASDAQ:MRNA,0.09999999358444446
2021-03-24,17,AR1 alpha + Enhanced + One-Step,NASDAQ:MRNA,0.09999998799766174
2021-03-25,17,AR1 alpha + Enhanced + One-Step,NASDAQ:MRNA,0.10000004755042334
2021-03-26,17,AR1 alpha + Enhanced + One-Step,NASDAQ:MRNA,0.10000009607061758
2021-03-29,17,AR1 alpha + Enhanced + One-Step,NASDAQ:MRNA,0.10000009558349902
2021-03-30,17,AR1 alpha + Enhanced + One-Step,NASDAQ:MRNA,0.09079015653960193
2021-03-31,17,AR1 alpha + Enhanced + One-Step,NASDAQ:MRNA,0.09706079832787426
2021-04-01,17,AR1 alpha + Enhanced + One-Step,NASDAQ:MRNA,0.0970620069743964
2021-04-05,17,AR1 alpha + Enhanced + One-Step,NASDAQ:MRNA,0.09706340396820455
2021-04-06,17,AR1 alpha + Enhanced + One-Step,NASDAQ:MRNA,0.09706334286526513
2021-04-07,17,AR1 alpha + Enhanced + One-Step,NASDAQ:MRNA,0.09706057610850385
2021-04-08,17,AR1 alpha + Enhanced + One-Step,NASDAQ:MRNA,0.09705749465106134
2021-04-09,17,AR1 alpha + Enhanced + One-Step,NASDAQ:MRNA,0.10000000554605669
2021-04-12,17,AR1 alpha + Enhanced + One-Step,NASDAQ:MRNA,0.09999755201461709
2021-04-13,17,AR1 alpha + Enhanced + One-Step,NASDAQ:MRNA,0.09999422669206817
2021-04-14,17,AR1 alpha + Enhanced + One-Step,NASDAQ:MRNA,0.0999939667518798
2021-04-15,17,AR1 alpha + Enhanced + One-Step,NASDAQ:MRNA,0.09999802145950315
2021-04-16,17,AR1 alpha + Enhanced + One-Step,NASDAQ:MRNA,0.09999936199914834
2021-04-19,17,AR1 alpha + Enhanced + One-Step,NASDAQ:MRNA,0.09999979532085787
2021-04-20,17,AR1 alpha + Enhanced + One-Step,NASDAQ:MRNA,0.09999775198935704
2021-04-21,17,AR1 alpha + Enhanced + One-Step,NASDAQ:MRNA,0.09999742049447329
2021-04-22,17,AR1 alpha + Enhanced + One-Step,NASDAQ:MRNA,0.0999956851839771
2021-04-23,17,AR1 alpha + Enhanced + One-Step,NASDAQ:MRNA,0.09999761162295173
2021-04-26,17,AR1 alpha + Enhanced + One-Step,NASDAQ:MRNA,0.09999726061246664
2021-04-27,17,AR1 alpha + Enhanced + One-Step,NASDAQ:MRNA,0.09999925380990804
2021-04-28,17,AR1 alpha + Enhanced + One-Step,NASDAQ:MRNA,0.09855460336007292
2021-04-29,17,AR1 alpha + Enhanced + One-Step,NASDAQ:MRNA,0.09855453454930437
2021-04-30,17,AR1 alpha + Enhanced + One-Step,NASDAQ:MRNA,0.09854783496452205
2021-05-03,17,AR1 alpha + Enhanced + One-Step,NASDAQ:MRNA,0.09855084944222817
2021-05-04,17,AR1 alpha + Enhanced + One-Step,NASDAQ:MRNA,0.09855065873209348
2021-05-05,17,AR1 alpha + Enhanced + One-Step,NASDAQ:MRNA,0.09855052164587005
2021-05-06,17,AR1 alpha + Enhanced + One-Step,NASDAQ:MRNA,0.09855097329722777
2021-05-07,17,AR1 alpha + Enhanced + One-Step,NASDAQ:MRNA,0.09855117729612663
2021-05-10,17,AR1 alpha + Enhanced + One-Step,NASDAQ:MRNA,0.09497140356937392
2021-05-11,17,AR1 alpha + Enhanced + One-Step,NASDAQ:MRNA,0.0931477007169301
2021-05-12,17,AR1 alpha + Enhanced + One-Step,NASDAQ:MRNA,0.09314757952508769
2021-05-13,17,AR1 alpha + Enhanced + One-Step,NASDAQ:MRNA,0.09133098741492802
2021-05-14,17,AR1 alpha + Enhanced + One-Step,NASDAQ:MRNA,0.09133099197695745
2021-05-17,17,AR1 alpha + Enhanced + One-Step,NASDAQ:MRNA,0.0913303316548416
2021-05-18,17,AR1 alpha + Enhanced + One-Step,NASDAQ:MRNA,0.0851368707409767
2021-05-19,17,AR1 alpha + Enhanced + One-Step,NASDAQ:MRNA,0.08511789414290324
2021-05-20,17,AR1 alpha + Enhanced + One-Step,NASDAQ:MRNA,0.08511805938012114
2021-05-21,17,AR1 alpha + Enhanced + One-Step,NASDAQ:MRNA,0.08368188295066391
2021-05-24,17,AR1 alpha + Enhanced + One-Step,NASDAQ:MRNA,0.08367921109833738
2021-05-25,17,AR1 alpha + Enhanced + One-Step,NASDAQ:MRNA,0.08367404505072074
2021-05-26,17,AR1 alpha + Enhanced + One-Step,NASDAQ:MRNA,0.0836713234364882
2021-05-27,17,AR1 alpha + Enhanced + One-Step,NASDAQ:MRNA,0.08456481820644654
2021-05-28,17,AR1 alpha + Enhanced + One-Step,NASDAQ:MRNA,0.09018757522009266
2021-06-01,17,AR1 alpha + Enhanced + One-Step,NASDAQ:MRNA,0.09018003344799443
2021-06-02,17,AR1 alpha + Enhanced + One-Step,NASDAQ:MRNA,0.09044852959573285
2021-06-03,17,AR1 alpha + Enhanced + One-Step,NASDAQ:MRNA,0.09044492320180787
2021-06-04,17,AR1 alpha + Enhanced + One-Step,NASDAQ:MRNA,0.09543859459487178
2021-06-07,17,AR1 alpha + Enhanced + One-Step,NASDAQ:MRNA,0.09999565626245327
2021-06-08,17,AR1 alpha + Enhanced + One-Step,NASDAQ:MRNA,0.09999381751201089
2021-06-09,17,AR1 alpha + Enhanced + One-Step,NASDAQ:MRNA,0.09999521682142612
2021-06-10,17,AR1 alpha + Enhanced + One-Step,NASDAQ:MRNA,0.099993383398665
2021-06-11,17,AR1 alpha + Enhanced + One-Step,NASDAQ:MRNA,0.09999854376549154
2021-06-14,17,AR1 alpha + Enhanced + One-Step,NASDAQ:MRNA,0.09999493694725226
2021-06-15,17,AR1 alpha + Enhanced + One-Step,NASDAQ:MRNA,0.09999160947353095
2021-06-16,17,AR1 alpha + Enhanced + One-Step,NASDAQ:MRNA,0.09998378795412169
2021-06-17,17,AR1 alpha + Enhanced + One-Step,NASDAQ:MRNA,0.09997974310838176
2021-06-18,17,AR1 alpha + Enhanced + One-Step,NASDAQ:MRNA,0.09997921203966793
2021-06-21,17,AR1 alpha + Enhanced + One-Step,NASDAQ:MRNA,0.0999795417356189
2021-06-22,17,AR1 alpha + Enhanced + One-Step,NASDAQ:MRNA,0.09998908861314397
2021-06-23,17,AR1 alpha + Enhanced + One-Step,NASDAQ:MRNA,0.09999176286701733
2021-06-24,17,AR1 alpha + Enhanced + One-Step,NASDAQ:MRNA,0.09999825461341572
2021-06-25,17,AR1 alpha + Enhanced + One-Step,NASDAQ:MRNA,0.09999948907782566
2021-06-28,17,AR1 alpha + Enhanced + One-Step,NASDAQ:MRNA,0.09999966192356091
2021-06-29,17,AR1 alpha + Enhanced + One-Step,NASDAQ:MRNA,0.09999983583492668
2021-06-30,17,AR1 alpha + Enhanced + One-Step,NASDAQ:MRNA,0.09999939980791617
2021-07-01,17,AR1 alpha + Enhanced + One-Step,NASDAQ:MRNA,0.09999960416717059
2021-07-02,17,AR1 alpha + Enhanced + One-Step,NASDAQ:MRNA,0.09999511595329513
2021-07-06,17,AR1 alpha + Enhanced + One-Step,NASDAQ:MRNA,0.09999598131174187
2021-07-07,17,AR1 alpha + Enhanced + One-Step,NASDAQ:MRNA,0.09999923061098608
2021-07-08,17,AR1 alpha + Enhanced + One-Step,NASDAQ:MRNA,0.09999971460309787
2021-07-09,17,AR1 alpha + Enhanced + One-Step,NASDAQ:MRNA,0.09999260292209042
2021-07-12,17,AR1 alpha + Enhanced + One-Step,NASDAQ:MRNA,0.09999378301424412
2021-07-13,17,AR1 alpha + Enhanced + One-Step,NASDAQ:MRNA,0.09999266235677713
2021-07-14,17,AR1 alpha + Enhanced + One-Step,NASDAQ:MRNA,0.09999405082079575
2021-07-15,17,AR1 alpha + Enhanced + One-Step,NASDAQ:MRNA,0.09999457411462369
2021-07-16,17,AR1 alpha + Enhanced + One-Step,NASDAQ:MRNA,0.09999343930909378
2021-07-19,17,AR1 alpha + Enhanced + One-Step,NASDAQ:MRNA,0.09999572519837868
2021-07-20,17,AR1 alpha + Enhanced + One-Step,NASDAQ:MRNA,0.09999240454073423
2021-07-21,17,AR1 alpha + Enhanced + One-Step,NASDAQ:MRNA,0.09999802646532613
2021-07-22,17,AR1 alpha + Enhanced + One-Step,NASDAQ:MRNA,0.09999174318730183
2021-07-23,17,AR1 alpha + Enhanced + One-Step,NASDAQ:MRNA,0.09999677555530574
2021-07-26,17,AR1 alpha + Enhanced + One-Step,NASDAQ:MRNA,0.09999873029805938
2021-07-27,17,AR1 alpha + Enhanced + One-Step,NASDAQ:MRNA,0.09999770633873661
2021-07-28,17,AR1 alpha + Enhanced + One-Step,NASDAQ:MRNA,0.09998980455784752
2021-07-29,17,AR1 alpha + Enhanced + One-Step,NASDAQ:MRNA,0.0999971394155134
2021-07-30,17,AR1 alpha + Enhanced + One-Step,NASDAQ:MRNA,0.09999840031069905
2021-08-02,17,AR1 alpha + Enhanced + One-Step,NASDAQ:MRNA,0.09999698947840094
2021-08-03,17,AR1 alpha + Enhanced + One-Step,NASDAQ:MRNA,0.09999814905326906
2021-08-04,17,AR1 alpha + Enhanced + One-Step,NASDAQ:MRNA,0.09999297854511306
2021-08-05,17,AR1 alpha + Enhanced + One-Step,NASDAQ:MRNA,0.0999957099142289
2021-08-06,17,AR1 alpha + Enhanced + One-Step,NASDAQ:MRNA,0.09999415349898434
2021-08-09,17,AR1 alpha + Enhanced + One-Step,NASDAQ:MRNA,0.0999935878949314
2021-08-10,17,AR1 alpha + Enhanced + One-Step,NASDAQ:MRNA,0.09999769060559768
2021-08-11,17,AR1 alpha + Enhanced + One-Step,NASDAQ:MRNA,0.09999557605220581
2021-08-12,17,AR1 alpha + Enhanced + One-Step,NASDAQ:MRNA,0.0999905013796394
2021-08-13,17,AR1 alpha + Enhanced + One-Step,NASDAQ:MRNA,0.09999789780629395
2021-08-16,17,AR1 alpha + Enhanced + One-Step,NASDAQ:MRNA,0.0999991215246491
2021-08-17,17,AR1 alpha + Enhanced + One-Step,NASDAQ:MRNA,0.09999987621914123
2021-08-18,17,AR1 alpha + Enhanced + One-Step,NASDAQ:MRNA,0.10000054752365192
2021-08-19,17,AR1 alpha + Enhanced + One-Step,NASDAQ:MRNA,0.09999998644784457
2021-08-20,17,AR1 alpha + Enhanced + One-Step,NASDAQ:MRNA,0.09999457896588235
2021-08-23,17,AR1 alpha + Enhanced + One-Step,NASDAQ:MRNA,0.09999392559441696
2021-08-24,17,AR1 alpha + Enhanced + One-Step,NASDAQ:MRNA,0.09999711787224706
2021-08-25,17,AR1 alpha + Enhanced + One-Step,NASDAQ:MRNA,0.09999935962553645
2021-08-26,17,AR1 alpha + Enhanced + One-Step,NASDAQ:MRNA,0.09999216323350951
2021-08-27,17,AR1 alpha + Enhanced + One-Step,NASDAQ:MRNA,0.09999062738913114
2021-08-30,17,AR1 alpha + Enhanced + One-Step,NASDAQ:MRNA,0.0999922609176114
2021-08-31,17,AR1 alpha + Enhanced + One-Step,NASDAQ:MRNA,0.09999818295524729
2021-09-01,17,AR1 alpha + Enhanced + One-Step,NASDAQ:MRNA,0.09999335650646918
2021-09-02,17,AR1 alpha + Enhanced + One-Step,NASDAQ:MRNA,0.09999610602649679
2021-09-03,17,AR1 alpha + Enhanced + One-Step,NASDAQ:MRNA,0.0999953275644084
2021-09-07,17,AR1 alpha + Enhanced + One-Step,NASDAQ:MRNA,0.0999937244729432
2021-09-08,17,AR1 alpha + Enhanced + One-Step,NASDAQ:MRNA,0.09999344430133006
2021-09-09,17,AR1 alpha + Enhanced + One-Step,NASDAQ:MRNA,0.09999424927655053
2021-09-10,17,AR1 alpha + Enhanced + One-Step,NASDAQ:MRNA,0.09999616116385016
2021-09-13,17,AR1 alpha + Enhanced + One-Step,NASDAQ:MRNA,0.09999866502933831
2021-09-14,17,AR1 alpha + Enhanced + One-Step,NASDAQ:MRNA,0.0999987179036571
2021-09-15,17,AR1 alpha + Enhanced + One-Step,NASDAQ:MRNA,0.09999400668395549
2021-09-16,17,AR1 alpha + Enhanced + One-Step,NASDAQ:MRNA,0.09999764082759381
2021-09-17,17,AR1 alpha + Enhanced + One-Step,NASDAQ:MRNA,0.09999652387868237
2021-09-20,17,AR1 alpha + Enhanced + One-Step,NASDAQ:MRNA,0.09999703298850281
2021-09-21,17,AR1 alpha + Enhanced + One-Step,NASDAQ:MRNA,0.09999820569412231
2021-09-22,17,AR1 alpha + Enhanced + One-Step,NASDAQ:MRNA,0.09999918233879483
2021-09-23,17,AR1 alpha + Enhanced + One-Step,NASDAQ:MRNA,0.099999788137003
2021-09-24,17,AR1 alpha + Enhanced + One-Step,NASDAQ:MRNA,0.0999999113776707
2021-09-27,17,AR1 alpha + Enhanced + One-Step,NASDAQ:MRNA,0.09999993506766047
2021-09-28,17,AR1 alpha + Enhanced + One-Step,NASDAQ:MRNA,0.09999704302049381
2021-09-29,17,AR1 alpha + Enhanced + One-Step,NASDAQ:MRNA,0.0999989662656321
2021-09-30,17,AR1 alpha + Enhanced + One-Step,NASDAQ:MRNA,0.09999958148003654
2021-10-01,17,AR1 alpha + Enhanced + One-Step,NASDAQ:MRNA,0.0999998104191577
2021-10-04,17,AR1 alpha + Enhanced + One-Step,NASDAQ:MRNA,0.09999992329211022
2021-10-05,17,AR1 alpha + Enhanced + One-Step,NASDAQ:MRNA,0.09999721235657148
2021-10-06,17,AR1 alpha + Enhanced + One-Step,NASDAQ:MRNA,0.0999990148001238
2021-10-07,17,AR1 alpha + Enhanced + One-Step,NASDAQ:MRNA,0.09999814712901069
2021-10-08,17,AR1 alpha + Enhanced + One-Step,NASDAQ:MRNA,0.09999918190309544
2021-10-11,17,AR1 alpha + Enhanced + One-Step,NASDAQ:MRNA,0.09999931419502073
2021-10-12,17,AR1 alpha + Enhanced + One-Step,NASDAQ:MRNA,0.0999999251391976
2021-10-13,17,AR1 alpha + Enhanced + One-Step,NASDAQ:MRNA,0.09999999131541634
2021-10-14,17,AR1 alpha + Enhanced + One-Step,NASDAQ:MRNA,0.0999995080633935
2021-10-15,17,AR1 alpha + Enhanced + One-Step,NASDAQ:MRNA,0.09999909418796672
2021-10-18,17,AR1 alpha + Enhanced + One-Step,NASDAQ:MRNA,0.09999894227594626
2021-10-19,17,AR1 alpha + Enhanced + One-Step,NASDAQ:MRNA,0.0999995978516413
2021-10-20,17,AR1 alpha + Enhanced + One-Step,NASDAQ:MRNA,0.09999992660531937
2021-10-21,17,AR1 alpha + Enhanced + One-Step,NASDAQ:MRNA,0.1000000074537969
2021-10-22,17,AR1 alpha + Enhanced + One-Step,NASDAQ:MRNA,0.09999950345907975
2021-10-25,17,AR1 alpha + Enhanced + One-Step,NASDAQ:MRNA,0.0999963625616103
2021-10-26,17,AR1 alpha + Enhanced + One-Step,NASDAQ:MRNA,0.09999392994452298
2021-10-27,17,AR1 alpha + Enhanced + One-Step,NASDAQ:MRNA,0.09999761960543178
2021-10-28,17,AR1 alpha + Enhanced + One-Step,NASDAQ:MRNA,0.09999911865231109
2021-10-29,17,AR1 alpha + Enhanced + One-Step,NASDAQ:MRNA,0.09999504141268914
2021-11-01,17,AR1 alpha + Enhanced + One-Step,NASDAQ:MRNA,0.09999507162461273
2021-11-02,17,AR1 alpha + Enhanced + One-Step,NASDAQ:MRNA,0.09999459776154292
2021-11-03,17,AR1 alpha + Enhanced + One-Step,NASDAQ:MRNA,0.09999789517545646
2021-11-04,17,AR1 alpha + Enhanced + One-Step,NASDAQ:MRNA,0.09999755326210957
2021-11-05,17,AR1 alpha + Enhanced + One-Step,NASDAQ:MRNA,0.07499874324668149
2021-11-08,17,AR1 alpha + Enhanced + One-Step,NASDAQ:MRNA,0.064937073514822
2021-11-09,17,AR1 alpha + Enhanced + One-Step,NASDAQ:MRNA,0.05898385647930817
2021-11-10,17,AR1 alpha + Enhanced + One-Step,NASDAQ:MRNA,0.05898484852629627
2021-11-11,17,AR1 alpha + Enhanced + One-Step,NASDAQ:MRNA,0.05898478539139083
2021-11-12,17,AR1 alpha + Enhanced + One-Step,NASDAQ:MRNA,0.07235617489989239
2021-11-15,17,AR1 alpha + Enhanced + One-Step,NASDAQ:MRNA,0.08322701563249806
2021-11-16,17,AR1 alpha + Enhanced + One-Step,NASDAQ:MRNA,0.08516719771266736
2021-11-17,17,AR1 alpha + Enhanced + One-Step,NASDAQ:MRNA,0.0936927120981093
2021-11-18,17,AR1 alpha + Enhanced + One-Step,NASDAQ:MRNA,0.09999889427832054
2021-11-19,17,AR1 alpha + Enhanced + One-Step,NASDAQ:MRNA,0.09999968793710401
2021-11-22,17,AR1 alpha + Enhanced + One-Step,NASDAQ:MRNA,0.09999996221617896
2021-11-23,17,AR1 alpha + Enhanced + One-Step,NASDAQ:MRNA,0.09999402765999528
2021-11-24,17,AR1 alpha + Enhanced + One-Step,NASDAQ:MRNA,0.09999729675674365
2021-11-26,17,AR1 alpha + Enhanced + One-Step,NASDAQ:MRNA,0.09999456949881037
2021-11-29,17,AR1 alpha + Enhanced + One-Step,NASDAQ:MRNA,0.09999810436727352
2021-11-30,17,AR1 alpha + Enhanced + One-Step,NASDAQ:MRNA,0.09999677598029906
2021-12-01,17,AR1 alpha + Enhanced + One-Step,NASDAQ:MRNA,0.099996911517082
2021-12-02,17,AR1 alpha + Enhanced + One-Step,NASDAQ:MRNA,0.09999177531532451
2021-12-03,17,AR1 alpha + Enhanced + One-Step,NASDAQ:MRNA,0.09999512741122155
2021-12-06,17,AR1 alpha + Enhanced + One-Step,NASDAQ:MRNA,0.08221353420994877
2021-12-07,17,AR1 alpha + Enhanced + One-Step,NASDAQ:MRNA,0.08221354215683374
2021-12-08,17,AR1 alpha + Enhanced + One-Step,NASDAQ:MRNA,0.08221316435538906
2021-12-09,17,AR1 alpha + Enhanced + One-Step,NASDAQ:MRNA,0.07054435740631493
2021-12-10,17,AR1 alpha + Enhanced + One-Step,NASDAQ:MRNA,0.053643389721435356
2021-12-13,17,AR1 alpha + Enhanced + One-Step,NASDAQ:MRNA,0.05364008083103362
2021-12-14,17,AR1 alpha + Enhanced + One-Step,NASDAQ:MRNA,0.058199802098042853
2021-12-15,17,AR1 alpha + Enhanced + One-Step,NASDAQ:MRNA,0.07484153099836927
2021-12-16,17,AR1 alpha + Enhanced + One-Step,NASDAQ:MRNA,0.07484156704695895
2021-12-17,17,AR1 alpha + Enhanced + One-Step,NASDAQ:MRNA,0.07484153431024644
2021-12-20,17,AR1 alpha + Enhanced + One-Step,NASDAQ:MRNA,0.07484008696684057
2021-12-21,17,AR1 alpha + Enhanced + One-Step,NASDAQ:MRNA,0.07483938421601549
2021-12-22,17,AR1 alpha + Enhanced + One-Step,NASDAQ:MRNA,0.0748393680997015
2021-12-23,17,AR1 alpha + Enhanced + One-Step,NASDAQ:MRNA,0.07483954810196615
2021-12-27,17,AR1 alpha + Enhanced + One-Step,NASDAQ:MRNA,0.07483946333867143
2021-12-28,17,AR1 alpha + Enhanced + One-Step,NASDAQ:MRNA,0.07483959803721213
2021-12-29,17,AR1 alpha + Enhanced + One-Step,NASDAQ:MRNA,0.07650790151079416
2021-12-30,17,AR1 alpha + Enhanced + One-Step,NASDAQ:MRNA,0.0854374866375456
2021-12-31,17,AR1 alpha + Enhanced + One-Step,NASDAQ:MRNA,0.09350802727212451
2022-01-03,17,AR1 alpha + Enhanced + One-Step,NASDAQ:MRNA,0.0857138092340448
2022-01-04,17,AR1 alpha + Enhanced + One-Step,NASDAQ:MRNA,0.0857139104040656
2022-01-05,17,AR1 alpha + Enhanced + One-Step,NASDAQ:MRNA,0.060714733204722524
2022-01-06,17,AR1 alpha + Enhanced + One-Step,NASDAQ:MRNA,0.058049763333690156
2022-01-07,17,AR1 alpha + Enhanced + One-Step,NASDAQ:MRNA,0.05452330540697692
2022-01-10,17,AR1 alpha + Enhanced + One-Step,NASDAQ:MRNA,0.06004645092310959
2022-01-11,17,AR1 alpha + Enhanced + One-Step,NASDAQ:MRNA,0.06004626637219354
2022-01-12,17,AR1 alpha + Enhanced + One-Step,NASDAQ:MRNA,0.06500023937003133
2022-01-13,17,AR1 alpha + Enhanced + One-Step,NASDAQ:MRNA,0.06500013396578723
2022-01-14,17,AR1 alpha + Enhanced + One-Step,NASDAQ:MRNA,0.05875838276368547
2022-01-18,17,AR1 alpha + Enhanced + One-Step,NASDAQ:MRNA,0.0373690310144828
2022-01-19,17,AR1 alpha + Enhanced + One-Step,NASDAQ:MRNA,0.023631823028855116
2022-01-20,17,AR1 alpha + Enhanced + One-Step,NASDAQ:MRNA,0.01990618202533795
2022-01-21,17,AR1 alpha + Enhanced + One-Step,NASDAQ:MRNA,0.005425456519052825
2022-01-24,17,AR1 alpha + Enhanced + One-Step,NASDAQ:MRNA,1.0764862014771586e-08
2022-01-25,17,AR1 alpha + Enhanced + One-Step,NASDAQ:MRNA,2.96784286494282e-08
2022-01-26,17,AR1 alpha + Enhanced + One-Step,NASDAQ:MRNA,4.442953329873862e-08
2022-01-27,17,AR1 alpha + Enhanced + One-Step,NASDAQ:MRNA,8.522732962507817e-08
2022-01-28,17,AR1 alpha + Enhanced + One-Step,NASDAQ:MRNA,0.005133147913747891
2022-01-31,17,AR1 alpha + Enhanced + One-Step,NASDAQ:MRNA,0.028661182730548747
2022-02-01,17,AR1 alpha + Enhanced + One-Step,NASDAQ:MRNA,0.042562255325657154
2022-02-02,17,AR1 alpha + Enhanced + One-Step,NASDAQ:MRNA,0.04256203251178677
2022-02-03,17,AR1 alpha + Enhanced + One-Step,NASDAQ:MRNA,0.03860554520771638
2022-02-04,17,AR1 alpha + Enhanced + One-Step,NASDAQ:MRNA,0.03662179740359406
2022-02-07,17,AR1 alpha + Enhanced + One-Step,NASDAQ:MRNA,0.026578215268800467
2022-02-08,17,AR1 alpha + Enhanced + One-Step,NASDAQ:MRNA,0.010437518847165
2022-02-09,17,AR1 alpha + Enhanced + One-Step,NASDAQ:MRNA,0.01043746441320068
2022-02-10,17,AR1 alpha + Enhanced + One-Step,NASDAQ:MRNA,0.010437509169907136
2022-02-11,17,AR1 alpha + Enhanced + One-Step,NASDAQ:MRNA,0.010437957976513403
2022-02-14,17,AR1 alpha + Enhanced + One-Step,NASDAQ:MRNA,0.0
2022-02-15,17,AR1 alpha + Enhanced + One-Step,NASDAQ:MRNA,9.46853947624615e-09
2022-02-16,17,AR1 alpha + Enhanced + One-Step,NASDAQ:MRNA,2.1367885300590172e-07
2022-02-17,17,AR1 alpha + Enhanced + One-Step,NASDAQ:MRNA,2.2980760598759403e-07
2022-02-18,17,AR1 alpha + Enhanced + One-Step,NASDAQ:MRNA,1.1753359096518017e-07
2022-02-22,17,AR1 alpha + Enhanced + One-Step,NASDAQ:MRNA,4.685139818233841e-08
2022-02-23,17,AR1 alpha + Enhanced + One-Step,NASDAQ:MRNA,1.2425530779666027e-08
2022-02-24,17,AR1 alpha + Enhanced + One-Step,NASDAQ:MRNA,0.020057637476961234
2022-02-25,17,AR1 alpha + Enhanced + One-Step,NASDAQ:MRNA,0.020057714322136936
2022-02-28,17,AR1 alpha + Enhanced + One-Step,NASDAQ:MRNA,0.030276733604210224
2022-03-01,17,AR1 alpha + Enhanced + One-Step,NASDAQ:MRNA,0.030276902886560736
2022-03-02,17,AR1 alpha + Enhanced + One-Step,NASDAQ:MRNA,0.03345667675225531
2022-03-03,17,AR1 alpha + Enhanced + One-Step,NASDAQ:MRNA,0.03345664667565381
2022-03-04,17,AR1 alpha + Enhanced + One-Step,NASDAQ:MRNA,0.03345477657438788
2022-03-07,17,AR1 alpha + Enhanced + One-Step,NASDAQ:MRNA,0.022165681653281748
2022-03-08,17,AR1 alpha + Enhanced + One-Step,NASDAQ:MRNA,0.022165646337768085
2022-03-09,17,AR1 alpha + Enhanced + One-Step,NASDAQ:MRNA,0.032042729030206815
2022-03-10,17,AR1 alpha + Enhanced + One-Step,NASDAQ:MRNA,0.03249238097244383
2022-03-11,17,AR1 alpha + Enhanced + One-Step,NASDAQ:MRNA,0.03249145373361607
2022-03-14,17,AR1 alpha + Enhanced + One-Step,NASDAQ:MRNA,0.0442820679065588
2022-03-15,17,AR1 alpha + Enhanced + One-Step,NASDAQ:MRNA,0.045782560859455514
2022-03-16,17,AR1 alpha + Enhanced + One-Step,NASDAQ:MRNA,0.06937229151888034
2022-03-17,17,AR1 alpha + Enhanced + One-Step,NASDAQ:MRNA,0.06937236240629242
2022-03-18,17,AR1 alpha + Enhanced + One-Step,NASDAQ:MRNA,0.07429832029737356
2022-03-21,17,AR1 alpha + Enhanced + One-Step,NASDAQ:MRNA,0.07429859068118834
2022-03-22,17,AR1 alpha + Enhanced + One-Step,NASDAQ:MRNA,0.0771733277179193
2022-03-23,17,AR1 alpha + Enhanced + One-Step,NASDAQ:MRNA,0.0771734272926544
2022-03-24,17,AR1 alpha + Enhanced + One-Step,NASDAQ:MRNA,0.07635318315765585
2022-03-25,17,AR1 alpha + Enhanced + One-Step,NASDAQ:MRNA,0.06500485626285299
2022-03-28,17,AR1 alpha + Enhanced + One-Step,NASDAQ:MRNA,0.06500456531181839
2022-03-29,17,AR1 alpha + Enhanced + One-Step,NASDAQ:MRNA,0.06500245254642113
2022-03-30,17,AR1 alpha + Enhanced + One-Step,NASDAQ:MRNA,0.06500249907520426
2022-03-31,17,AR1 alpha + Enhanced + One-Step,NASDAQ:MRNA,0.06500246408126521
2022-04-01,17,AR1 alpha + Enhanced + One-Step,NASDAQ:MRNA,0.0649948222979276
2022-04-04,17,AR1 alpha + Enhanced + One-Step,NASDAQ:MRNA,0.06499380127554766
2022-04-05,17,AR1 alpha + Enhanced + One-Step,NASDAQ:MRNA,0.05732706292976488
2022-04-06,17,AR1 alpha + Enhanced + One-Step,NASDAQ:MRNA,0.051135077636380054
2022-04-07,17,AR1 alpha + Enhanced + One-Step,NASDAQ:MRNA,0.05113502682587435
2022-04-08,17,AR1 alpha + Enhanced + One-Step,NASDAQ:MRNA,0.051135398110924976
2022-04-11,17,AR1 alpha + Enhanced + One-Step,NASDAQ:MRNA,0.051132989322930464
2022-04-12,17,AR1 alpha + Enhanced + One-Step,NASDAQ:MRNA,0.05113101139809652
2022-04-13,17,AR1 alpha + Enhanced + One-Step,NASDAQ:MRNA,0.051131081747029176
2022-04-14,17,AR1 alpha + Enhanced + One-Step,NASDAQ:MRNA,0.051128586168987515
2022-04-18,17,AR1 alpha + Enhanced + One-Step,NASDAQ:MRNA,0.044239873516241805
2022-04-19,17,AR1 alpha + Enhanced + One-Step,NASDAQ:MRNA,0.04421359439071361
2022-04-20,17,AR1 alpha + Enhanced + One-Step,NASDAQ:MRNA,0.04258813899491727
2022-04-21,17,AR1 alpha + Enhanced + One-Step,NASDAQ:MRNA,0.027403968914492937
2022-04-22,17,AR1 alpha + Enhanced + One-Step,NASDAQ:MRNA,0.021615439612271893
2022-04-25,17,AR1 alpha + Enhanced + One-Step,NASDAQ:MRNA,0.02161504953195907
2022-04-26,17,AR1 alpha + Enhanced + One-Step,NASDAQ:MRNA,0.021615183111322638
2022-04-27,17,AR1 alpha + Enhanced + One-Step,NASDAQ:MRNA,0.01913979430448708
2022-04-28,17,AR1 alpha + Enhanced + One-Step,NASDAQ:MRNA,0.019139037529997904
2022-04-29,17,AR1 alpha + Enhanced + One-Step,NASDAQ:MRNA,0.00926956487552437
2022-05-02,17,AR1 alpha + Enhanced + One-Step,NASDAQ:MRNA,0.016629147407759032
2022-05-03,17,AR1 alpha + Enhanced + One-Step,NASDAQ:MRNA,0.016629042768628925
2022-05-04,17,AR1 alpha + Enhanced + One-Step,NASDAQ:MRNA,0.036744171563886534
2022-05-05,17,AR1 alpha + Enhanced + One-Step,NASDAQ:MRNA,0.026173218316576142
2022-05-06,17,AR1 alpha + Enhanced + One-Step,NASDAQ:MRNA,0.012312349820622008
2022-05-09,17,AR1 alpha + Enhanced + One-Step,NASDAQ:MRNA,0.009438659107461228
2022-05-10,17,AR1 alpha + Enhanced + One-Step,NASDAQ:MRNA,0.009437230184503261
2022-05-11,17,AR1 alpha + Enhanced + One-Step,NASDAQ:MRNA,0.0
2022-05-12,17,AR1 alpha + Enhanced + One-Step,NASDAQ:MRNA,0.00026361045307093234
2022-05-13,17,AR1 alpha + Enhanced + One-Step,NASDAQ:MRNA,0.01988652265842478
2022-05-16,17,AR1 alpha + Enhanced + One-Step,NASDAQ:MRNA,0.019886184448072823
2022-05-17,17,AR1 alpha + Enhanced + One-Step,NASDAQ:MRNA,0.03524786649154667
2022-05-18,17,AR1 alpha + Enhanced + One-Step,NASDAQ:MRNA,0.033226131092207664
2022-05-19,17,AR1 alpha + Enhanced + One-Step,NASDAQ:MRNA,0.033225844540803844
2022-05-20,17,AR1 alpha + Enhanced + One-Step,NASDAQ:MRNA,0.033225833654959236
2022-05-23,17,AR1 alpha + Enhanced + One-Step,NASDAQ:MRNA,0.03322562925195284
2022-05-24,17,AR1 alpha + Enhanced + One-Step,NASDAQ:MRNA,0.03322421745154641
2022-05-25,17,AR1 alpha + Enhanced + One-Step,NASDAQ:MRNA,0.03143737487756339
2022-05-26,17,AR1 alpha + Enhanced + One-Step,NASDAQ:MRNA,0.03143743481245576
2022-05-27,17,AR1 alpha + Enhanced + One-Step,NASDAQ:MRNA,0.031437227834957414
2022-05-31,17,AR1 alpha + Enhanced + One-Step,NASDAQ:MRNA,0.03143700081812618
2022-06-01,17,AR1 alpha + Enhanced + One-Step,NASDAQ:MRNA,0.0314358289049724
2022-06-02,17,AR1 alpha + Enhanced + One-Step,NASDAQ:MRNA,0.03143660342072923
2022-06-03,17,AR1 alpha + Enhanced + One-Step,NASDAQ:MRNA,0.03143620168203919
2022-06-06,17,AR1 alpha + Enhanced + One-Step,NASDAQ:MRNA,0.02623018953298147
2022-06-07,17,AR1 alpha + Enhanced + One-Step,NASDAQ:MRNA,0.027861855051467037
2022-06-08,17,AR1 alpha + Enhanced + One-Step,NASDAQ:MRNA,0.025939937243791206
2022-06-09,17,AR1 alpha + Enhanced + One-Step,NASDAQ:MRNA,0.008758736240531171
2022-06-10,17,AR1 alpha + Enhanced + One-Step,NASDAQ:MRNA,0.0
2022-06-13,17,AR1 alpha + Enhanced + One-Step,NASDAQ:MRNA,0.0
2022-06-14,17,AR1 alpha + Enhanced + One-Step,NASDAQ:MRNA,2.9222217913920907e-08
2022-06-15,17,AR1 alpha + Enhanced + One-Step,NASDAQ:MRNA,6.350785666391513e-08
2022-06-16,17,AR1 alpha + Enhanced + One-Step,NASDAQ:MRNA,0.0
2022-06-17,17,AR1 alpha + Enhanced + One-Step,NASDAQ:MRNA,0.0
2022-06-21,17,AR1 alpha + Enhanced + One-Step,NASDAQ:MRNA,2.5662628157090224e-08
2022-06-22,17,AR1 alpha + Enhanced + One-Step,NASDAQ:MRNA,0.006558597654629333
2022-06-23,17,AR1 alpha + Enhanced + One-Step,NASDAQ:MRNA,0.016627102947517753
2022-06-24,17,AR1 alpha + Enhanced + One-Step,NASDAQ:MRNA,0.01758198795368502
2022-06-27,17,AR1 alpha + Enhanced + One-Step,NASDAQ:MRNA,0.01758228739745428
2022-06-28,17,AR1 alpha + Enhanced + One-Step,NASDAQ:MRNA,0.01758224968346092
2022-06-29,17,AR1 alpha + Enhanced + One-Step,NASDAQ:MRNA,0.01758145754795759
2022-06-30,17,AR1 alpha + Enhanced + One-Step,NASDAQ:MRNA,0.017581602905270565
2022-07-01,17,AR1 alpha + Enhanced + One-Step,NASDAQ:MRNA,0.017581614702578276
2022-07-05,17,AR1 alpha + Enhanced + One-Step,NASDAQ:MRNA,0.022318706190779858
2022-07-06,17,AR1 alpha + Enhanced + One-Step,NASDAQ:MRNA,0.028312094143439687
2022-07-07,17,AR1 alpha + Enhanced + One-Step,NASDAQ:MRNA,0.040143130780426035
2022-07-08,17,AR1 alpha + Enhanced + One-Step,NASDAQ:MRNA,0.05001719060232332
2022-07-11,17,AR1 alpha + Enhanced + One-Step,NASDAQ:MRNA,0.050013622237874436
2022-07-12,17,AR1 alpha + Enhanced + One-Step,NASDAQ:MRNA,0.048835741049947985
2022-07-13,17,AR1 alpha + Enhanced + One-Step,NASDAQ:MRNA,0.042690691197737496
2022-07-14,17,AR1 alpha + Enhanced + One-Step,NASDAQ:MRNA,0.025906152367820484
2022-07-15,17,AR1 alpha + Enhanced + One-Step,NASDAQ:MRNA,0.025906157850718158
2022-07-18,17,AR1 alpha + Enhanced + One-Step,NASDAQ:MRNA,0.021472096883096176
2022-07-19,17,AR1 alpha + Enhanced + One-Step,NASDAQ:MRNA,0.021471982444990153
2022-07-20,17,AR1 alpha + Enhanced + One-Step,NASDAQ:MRNA,0.021471941793028415
2022-07-21,17,AR1 alpha + Enhanced + One-Step,NASDAQ:MRNA,0.016351269420580815
2022-07-22,17,AR1 alpha + Enhanced + One-Step,NASDAQ:MRNA,0.0
2022-07-25,17,AR1 alpha + Enhanced + One-Step,NASDAQ:MRNA,1.8539337637350202e-07
2022-07-26,17,AR1 alpha + Enhanced + One-Step,NASDAQ:MRNA,3.8767327073948915e-08
2022-07-27,17,AR1 alpha + Enhanced + One-Step,NASDAQ:MRNA,1.0934454420806759e-08
2022-07-28,17,AR1 alpha + Enhanced + One-Step,NASDAQ:MRNA,4.042312667588908e-08
2022-07-29,17,AR1 alpha + Enhanced + One-Step,NASDAQ:MRNA,0.0
2022-08-01,17,AR1 alpha + Enhanced + One-Step,NASDAQ:MRNA,0.0
2022-08-02,17,AR1 alpha + Enhanced + One-Step,NASDAQ:MRNA,0.0
2022-08-03,17,AR1 alpha + Enhanced + One-Step,NASDAQ:MRNA,0.0
2022-08-04,17,AR1 alpha + Enhanced + One-Step,NASDAQ:MRNA,8.098454771640605e-08
2022-08-05,17,AR1 alpha + Enhanced + One-Step,NASDAQ:MRNA,0.0
2022-08-08,17,AR1 alpha + Enhanced + One-Step,NASDAQ:MRNA,0.0
2022-08-09,17,AR1 alpha + Enhanced + One-Step,NASDAQ:MRNA,1.8893016085414806e-07
2022-08-10,17,AR1 alpha + Enhanced + One-Step,NASDAQ:MRNA,0.0
2022-08-11,17,AR1 alpha + Enhanced + One-Step,NASDAQ:MRNA,0.0
2022-08-12,17,AR1 alpha + Enhanced + One-Step,NASDAQ:MRNA,0.0
2022-08-15,17,AR1 alpha + Enhanced + One-Step,NASDAQ:MRNA,0.0
2022-08-16,17,AR1 alpha + Enhanced + One-Step,NASDAQ:MRNA,1.2829971895948554e-08
2022-08-17,17,AR1 alpha + Enhanced + One-Step,NASDAQ:MRNA,2.5989008408368227e-07
2022-08-18,17,AR1 alpha + Enhanced + One-Step,NASDAQ:MRNA,0.0
2022-08-19,17,AR1 alpha + Enhanced + One-Step,NASDAQ:MRNA,0.0
2022-08-22,17,AR1 alpha + Enhanced + One-Step,NASDAQ:MRNA,0.0
2022-08-23,17,AR1 alpha + Enhanced + One-Step,NASDAQ:MRNA,0.0
2022-08-24,17,AR1 alpha + Enhanced + One-Step,NASDAQ:MRNA,0.0
2022-08-25,17,AR1 alpha + Enhanced + One-Step,NASDAQ:MRNA,0.0
2022-08-26,17,AR1 alpha + Enhanced + One-Step,NASDAQ:MRNA,0.0
2022-08-29,17,AR1 alpha + Enhanced + One-Step,NASDAQ:MRNA,0.0
2022-08-30,17,AR1 alpha + Enhanced + One-Step,NASDAQ:MRNA,0.0
2022-08-31,17,AR1 alpha + Enhanced + One-Step,NASDAQ:MRNA,0.0
2022-09-01,17,AR1 alpha + Enhanced + One-Step,NASDAQ:MRNA,1.0129306283371666e-07
2022-09-02,17,AR1 alpha + Enhanced + One-Step,NASDAQ:MRNA,3.571211575453361e-08
2022-09-06,17,AR1 alpha + Enhanced + One-Step,NASDAQ:MRNA,1.2243936344149296e-08
2022-09-07,17,AR1 alpha + Enhanced + One-Step,NASDAQ:MRNA,5.895470774048378e-09
2022-09-08,17,AR1 alpha + Enhanced + One-Step,NASDAQ:MRNA,4.386180455949203e-08
2022-09-09,17,AR1 alpha + Enhanced + One-Step,NASDAQ:MRNA,0.0
2022-09-12,17,AR1 alpha + Enhanced + One-Step,NASDAQ:MRNA,0.0
2022-09-13,17,AR1 alpha + Enhanced + One-Step,NASDAQ:MRNA,0.0
2022-09-14,17,AR1 alpha + Enhanced + One-Step,NASDAQ:MRNA,0.0
2022-09-15,17,AR1 alpha + Enhanced + One-Step,NASDAQ:MRNA,0.0
2022-09-16,17,AR1 alpha + Enhanced + One-Step,NASDAQ:MRNA,2.7380143058124288e-08
2022-09-19,17,AR1 alpha + Enhanced + One-Step,NASDAQ:MRNA,0.0
2022-09-20,17,AR1 alpha + Enhanced + One-Step,NASDAQ:MRNA,4.0452401632451135e-08
2022-09-21,17,AR1 alpha + Enhanced + One-Step,NASDAQ:MRNA,0.0
2022-09-22,17,AR1 alpha + Enhanced + One-Step,NASDAQ:MRNA,0.0
2022-09-23,17,AR1 alpha + Enhanced + One-Step,NASDAQ:MRNA,0.0
2022-09-26,17,AR1 alpha + Enhanced + One-Step,NASDAQ:MRNA,0.0
2022-09-27,17,AR1 alpha + Enhanced + One-Step,NASDAQ:MRNA,0.0
2022-09-28,17,AR1 alpha + Enhanced + One-Step,NASDAQ:MRNA,0.0
2022-09-29,17,AR1 alpha + Enhanced + One-Step,NASDAQ:MRNA,1.3030311376939177e-07
2022-09-30,17,AR1 alpha + Enhanced + One-Step,NASDAQ:MRNA,8.952028413578153e-10
2022-10-03,17,AR1 alpha + Enhanced + One-Step,NASDAQ:MRNA,3.5706750574547643e-09
2022-10-04,17,AR1 alpha + Enhanced + One-Step,NASDAQ:MRNA,2.8737520386274554e-08
2022-10-05,17,AR1 alpha + Enhanced + One-Step,NASDAQ:MRNA,0.0
2022-10-06,17,AR1 alpha + Enhanced + One-Step,NASDAQ:MRNA,0.0
2022-10-07,17,AR1 alpha + Enhanced + One-Step,NASDAQ:MRNA,2.8940959437747565e-08
2022-10-10,17,AR1 alpha + Enhanced + One-Step,NASDAQ:MRNA,0.0
2022-10-11,17,AR1 alpha + Enhanced + One-Step,NASDAQ:MRNA,0.0
2022-10-12,17,AR1 alpha + Enhanced + One-Step,NASDAQ:MRNA,0.0
2022-10-13,17,AR1 alpha + Enhanced + One-Step,NASDAQ:MRNA,3.932772037882915e-07
2022-10-14,17,AR1 alpha + Enhanced + One-Step,NASDAQ:MRNA,7.710142956685179e-08
2022-10-17,17,AR1 alpha + Enhanced + One-Step,NASDAQ:MRNA,0.0
2022-10-18,17,AR1 alpha + Enhanced + One-Step,NASDAQ:MRNA,0.0
2022-10-19,17,AR1 alpha + Enhanced + One-Step,NASDAQ:MRNA,0.0
2022-10-20,17,AR1 alpha + Enhanced + One-Step,NASDAQ:MRNA,0.0
2022-10-21,17,AR1 alpha + Enhanced + One-Step,NASDAQ:MRNA,1.4616020979696389e-08
2022-10-24,17,AR1 alpha + Enhanced + One-Step,NASDAQ:MRNA,0.0
2022-10-25,17,AR1 alpha + Enhanced + One-Step,NASDAQ:MRNA,3.358513345627877e-09
2022-10-26,17,AR1 alpha + Enhanced + One-Step,NASDAQ:MRNA,1.649288504572655e-08
2022-10-27,17,AR1 alpha + Enhanced + One-Step,NASDAQ:MRNA,0.0
2022-10-28,17,AR1 alpha + Enhanced + One-Step,NASDAQ:MRNA,0.0
2022-10-31,17,AR1 alpha + Enhanced + One-Step,NASDAQ:MRNA,5.911088070243206e-08
2022-11-01,17,AR1 alpha + Enhanced + One-Step,NASDAQ:MRNA,0.0
2022-11-02,17,AR1 alpha + Enhanced + One-Step,NASDAQ:MRNA,1.8032560852306795e-08
2022-11-03,17,AR1 alpha + Enhanced + One-Step,NASDAQ:MRNA,7.332504920297149e-07
2022-11-04,17,AR1 alpha + Enhanced + One-Step,NASDAQ:MRNA,8.026489255798955e-08
2022-11-07,17,AR1 alpha + Enhanced + One-Step,NASDAQ:MRNA,0.0
2022-11-08,17,AR1 alpha + Enhanced + One-Step,NASDAQ:MRNA,3.6597623974199364e-08
2022-11-09,17,AR1 alpha + Enhanced + One-Step,NASDAQ:MRNA,0.0
2022-11-10,17,AR1 alpha + Enhanced + One-Step,NASDAQ:MRNA,1.510484863316181e-08
2022-11-11,17,AR1 alpha + Enhanced + One-Step,NASDAQ:MRNA,0.0
2022-11-14,17,AR1 alpha + Enhanced + One-Step,NASDAQ:MRNA,0.0
2022-11-15,17,AR1 alpha + Enhanced + One-Step,NASDAQ:MRNA,0.0017071180981867748
2022-11-16,17,AR1 alpha + Enhanced + One-Step,NASDAQ:MRNA,0.0071733689261095895
2022-11-17,17,AR1 alpha + Enhanced + One-Step,NASDAQ:MRNA,0.0071730736563815675
2022-11-18,17,AR1 alpha + Enhanced + One-Step,NASDAQ:MRNA,0.011551866072085934
2022-11-21,17,AR1 alpha + Enhanced + One-Step,NASDAQ:MRNA,0.013208624106947236
2022-11-22,17,AR1 alpha + Enhanced + One-Step,NASDAQ:MRNA,0.01002797434418007
2022-11-23,17,AR1 alpha + Enhanced + One-Step,NASDAQ:MRNA,0.008794207397132632
2022-11-25,17,AR1 alpha + Enhanced + One-Step,NASDAQ:MRNA,0.0017570342886281927
2022-11-28,17,AR1 alpha + Enhanced + One-Step,NASDAQ:MRNA,1.884458612982656e-07
2022-11-29,17,AR1 alpha + Enhanced + One-Step,NASDAQ:MRNA,8.163696803046262e-08
2022-11-30,17,AR1 alpha + Enhanced + One-Step,NASDAQ:MRNA,3.321018443825535e-08
2022-12-01,17,AR1 alpha + Enhanced + One-Step,NASDAQ:MRNA,0.0
2022-12-02,17,AR1 alpha + Enhanced + One-Step,NASDAQ:MRNA,1.1940149018598341e-08
2022-12-05,17,AR1 alpha + Enhanced + One-Step,NASDAQ:MRNA,0.0
2022-12-06,17,AR1 alpha + Enhanced + One-Step,NASDAQ:MRNA,0.0
2022-12-07,17,AR1 alpha + Enhanced + One-Step,NASDAQ:MRNA,0.0
2022-12-08,17,AR1 alpha + Enhanced + One-Step,NASDAQ:MRNA,0.0
2022-12-09,17,AR1 alpha + Enhanced + One-Step,NASDAQ:MRNA,0.0
2022-12-12,17,AR1 alpha + Enhanced + One-Step,NASDAQ:MRNA,0.0
2022-12-13,17,AR1 alpha + Enhanced + One-Step,NASDAQ:MRNA,0.0
2022-12-14,17,AR1 alpha + Enhanced + One-Step,NASDAQ:MRNA,0.0
2022-12-15,17,AR1 alpha + Enhanced + One-Step,NASDAQ:MRNA,0.0
2022-12-16,17,AR1 alpha + Enhanced + One-Step,NASDAQ:MRNA,0.0
2022-12-19,17,AR1 alpha + Enhanced + One-Step,NASDAQ:MRNA,0.0
2022-12-20,17,AR1 alpha + Enhanced + One-Step,NASDAQ:MRNA,2.98120268567393e-08
2022-12-21,17,AR1 alpha + Enhanced + One-Step,NASDAQ:MRNA,2.8805362372231933e-08
2022-12-22,17,AR1 alpha + Enhanced + One-Step,NASDAQ:MRNA,1.4274477209882432e-08
2022-12-23,17,AR1 alpha + Enhanced + One-Step,NASDAQ:MRNA,2.975419379456147e-08
2022-12-27,17,AR1 alpha + Enhanced + One-Step,NASDAQ:MRNA,2.0974658703785066e-08
2022-12-28,17,AR1 alpha + Enhanced + One-Step,NASDAQ:MRNA,1.0950755175201175e-08
2022-12-29,17,AR1 alpha + Enhanced + One-Step,NASDAQ:MRNA,0.0
2022-12-30,17,AR1 alpha + Enhanced + One-Step,NASDAQ:MRNA,0.0
2023-01-03,17,AR1 alpha + Enhanced + One-Step,NASDAQ:MRNA,2.7386899018769094e-09
2023-01-04,17,AR1 alpha + Enhanced + One-Step,NASDAQ:MRNA,2.2061252324033784e-09
2023-01-05,17,AR1 alpha + Enhanced + One-Step,NASDAQ:MRNA,1.466878161362991e-07
2023-01-06,17,AR1 alpha + Enhanced + One-Step,NASDAQ:MRNA,1.4433821755940271e-08
2023-01-09,17,AR1 alpha + Enhanced + One-Step,NASDAQ:MRNA,7.25201143540579e-08
2023-01-10,17,AR1 alpha + Enhanced + One-Step,NASDAQ:MRNA,1.3161967636199613e-07
2023-01-11,17,AR1 alpha + Enhanced + One-Step,NASDAQ:MRNA,0.0
2023-01-12,17,AR1 alpha + Enhanced + One-Step,NASDAQ:MRNA,0.0
2023-01-13,17,AR1 alpha + Enhanced + One-Step,NASDAQ:MRNA,0.0
2023-01-17,17,AR1 alpha + Enhanced + One-Step,NASDAQ:MRNA,0.0
2023-01-18,17,AR1 alpha + Enhanced + One-Step,NASDAQ:MRNA,7.887247264611406e-08
2023-01-19,17,AR1 alpha + Enhanced + One-Step,NASDAQ:MRNA,1.0901492169729706e-09
2023-01-20,17,AR1 alpha + Enhanced + One-Step,NASDAQ:MRNA,6.34184926755681e-08
2023-01-23,17,AR1 alpha + Enhanced + One-Step,NASDAQ:MRNA,5.5078335255638245e-08
2023-01-24,17,AR1 alpha + Enhanced + One-Step,NASDAQ:MRNA,0.012443278481348383
2023-01-25,17,AR1 alpha + Enhanced + One-Step,NASDAQ:MRNA,0.022676455429114523
2023-01-26,17,AR1 alpha + Enhanced + One-Step,NASDAQ:MRNA,0.02267640174067071
2023-01-27,17,AR1 alpha + Enhanced + One-Step,NASDAQ:MRNA,0.022674842177759277
2023-01-30,17,AR1 alpha + Enhanced + One-Step,NASDAQ:MRNA,0.02669256714346992
2023-01-31,17,AR1 alpha + Enhanced + One-Step,NASDAQ:MRNA,0.04058124311133706
2023-02-01,17,AR1 alpha + Enhanced + One-Step,NASDAQ:MRNA,0.04058015330962953
2023-02-02,17,AR1 alpha + Enhanced + One-Step,NASDAQ:MRNA,0.040581771587934995
2023-02-03,17,AR1 alpha + Enhanced + One-Step,NASDAQ:MRNA,0.040581855710455014
2023-02-06,17,AR1 alpha + Enhanced + One-Step,NASDAQ:MRNA,0.0405829540573572
2023-02-07,17,AR1 alpha + Enhanced + One-Step,NASDAQ:MRNA,0.04058576269342241
2023-02-08,17,AR1 alpha + Enhanced + One-Step,NASDAQ:MRNA,0.04058601510477362
2023-02-09,17,AR1 alpha + Enhanced + One-Step,NASDAQ:MRNA,0.04058595546684699
2023-02-10,17,AR1 alpha + Enhanced + One-Step,NASDAQ:MRNA,0.03082067469051875
2023-02-13,17,AR1 alpha + Enhanced + One-Step,NASDAQ:MRNA,0.02764760698613157
2023-02-14,17,AR1 alpha + Enhanced + One-Step,NASDAQ:MRNA,0.027647317185861435
2023-02-15,17,AR1 alpha + Enhanced + One-Step,NASDAQ:MRNA,0.027647209389351543
2023-02-16,17,AR1 alpha + Enhanced + One-Step,NASDAQ:MRNA,0.02764510265097517
2023-02-17,17,AR1 alpha + Enhanced + One-Step,NASDAQ:MRNA,0.02764252383152
2023-02-21,17,AR1 alpha + Enhanced + One-Step,NASDAQ:MRNA,0.027639908824853666
2023-02-22,17,AR1 alpha + Enhanced + One-Step,NASDAQ:MRNA,0.027638731860452247
2023-02-23,17,AR1 alpha + Enhanced + One-Step,NASDAQ:MRNA,0.027638702872133106
2023-02-24,17,AR1 alpha + Enhanced + One-Step,NASDAQ:MRNA,0.027640916482452326
2023-02-27,17,AR1 alpha + Enhanced + One-Step,NASDAQ:MRNA,0.024756189347459136
2023-02-28,17,AR1 alpha + Enhanced + One-Step,NASDAQ:MRNA,0.024757513834622224
2023-03-01,17,AR1 alpha + Enhanced + One-Step,NASDAQ:MRNA,0.024756968928296326
2023-03-02,17,AR1 alpha + Enhanced + One-Step,NASDAQ:MRNA,0.024111963542776053
2023-03-03,17,AR1 alpha + Enhanced + One-Step,NASDAQ:MRNA,0.024110615310341914
2023-03-06,17,AR1 alpha + Enhanced + One-Step,NASDAQ:MRNA,0.02411061703420772
2023-03-07,17,AR1 alpha + Enhanced + One-Step,NASDAQ:MRNA,0.02384086641701961
2023-03-08,17,AR1 alpha + Enhanced + One-Step,NASDAQ:MRNA,0.02384005555824959
2023-03-09,17,AR1 alpha + Enhanced + One-Step,NASDAQ:MRNA,0.01869287487508389
2023-03-10,17,AR1 alpha + Enhanced + One-Step,NASDAQ:MRNA,0.014296726692508331
2023-03-13,17,AR1 alpha + Enhanced + One-Step,NASDAQ:MRNA,0.02134640273780926
2023-03-14,17,AR1 alpha + Enhanced + One-Step,NASDAQ:MRNA,0.0398458518334282
2023-03-15,17,AR1 alpha + Enhanced + One-Step,NASDAQ:MRNA,0.03984574480532288
2023-03-16,17,AR1 alpha + Enhanced + One-Step,NASDAQ:MRNA,0.04160343971665752
2023-03-17,17,AR1 alpha + Enhanced + One-Step,NASDAQ:MRNA,0.032346804238348945
2023-03-20,17,AR1 alpha + Enhanced + One-Step,NASDAQ:MRNA,0.03963323965486193
2023-03-21,17,AR1 alpha + Enhanced + One-Step,NASDAQ:MRNA,0.0396328164660643
2023-03-22,17,AR1 alpha + Enhanced + One-Step,NASDAQ:MRNA,0.021124642299717906
2023-03-23,17,AR1 alpha + Enhanced + One-Step,NASDAQ:MRNA,0.014537374587516852
2023-03-24,17,AR1 alpha + Enhanced + One-Step,NASDAQ:MRNA,0.014537290546532904
2023-03-27,17,AR1 alpha + Enhanced + One-Step,NASDAQ:MRNA,0.01453698019956583
2023-03-28,17,AR1 alpha + Enhanced + One-Step,NASDAQ:MRNA,0.00876625031430934
2023-03-29,17,AR1 alpha + Enhanced + One-Step,NASDAQ:MRNA,0.00876626262493598
2023-03-30,17,AR1 alpha + Enhanced + One-Step,NASDAQ:MRNA,0.008766290296778601
2023-03-31,17,AR1 alpha + Enhanced + One-Step,NASDAQ:MRNA,0.01599285839540646
2023-04-03,17,AR1 alpha + Enhanced + One-Step,NASDAQ:MRNA,0.03301265623304828
2023-04-04,17,AR1 alpha + Enhanced + One-Step,NASDAQ:MRNA,0.03301234938864895
2023-04-05,17,AR1 alpha + Enhanced + One-Step,NASDAQ:MRNA,0.03301185367628767
2023-04-06,17,AR1 alpha + Enhanced + One-Step,NASDAQ:MRNA,0.03301194707941956
2023-04-10,17,AR1 alpha + Enhanced + One-Step,NASDAQ:MRNA,0.034134475312306824
2023-04-11,17,AR1 alpha + Enhanced + One-Step,NASDAQ:MRNA,0.02744524547113441
2023-04-12,17,AR1 alpha + Enhanced + One-Step,NASDAQ:MRNA,0.023996815008247015
2023-04-13,17,AR1 alpha + Enhanced + One-Step,NASDAQ:MRNA,0.03445888820944012
2023-04-14,17,AR1 alpha + Enhanced + One-Step,NASDAQ:MRNA,0.026977567783711378
2023-04-17,17,AR1 alpha + Enhanced + One-Step,NASDAQ:MRNA,0.0019625912466161746
2023-04-18,17,AR1 alpha + Enhanced + One-Step,NASDAQ:MRNA,0.0
2023-04-19,17,AR1 alpha + Enhanced + One-Step,NASDAQ:MRNA,0.0
2023-04-20,17,AR1 alpha + Enhanced + One-Step,NASDAQ:MRNA,1.667384249545041e-08
2023-04-21,17,AR1 alpha + Enhanced + One-Step,NASDAQ:MRNA,0.0
2023-04-24,17,AR1 alpha + Enhanced + One-Step,NASDAQ:MRNA,0.0
2023-04-25,17,AR1 alpha + Enhanced + One-Step,NASDAQ:MRNA,0.0
2023-04-26,17,AR1 alpha + Enhanced + One-Step,NASDAQ:MRNA,0.0
2023-04-27,17,AR1 alpha + Enhanced + One-Step,NASDAQ:MRNA,0.0
2023-04-28,17,AR1 alpha + Enhanced + One-Step,NASDAQ:MRNA,7.204530732183151e-08
2023-05-01,17,AR1 alpha + Enhanced + One-Step,NASDAQ:MRNA,0.0
2023-05-02,17,AR1 alpha + Enhanced + One-Step,NASDAQ:MRNA,6.536746755206033e-08
2023-05-03,17,AR1 alpha + Enhanced + One-Step,NASDAQ:MRNA,0.0
2023-05-04,17,AR1 alpha + Enhanced + One-Step,NASDAQ:MRNA,0.0
2023-05-05,17,AR1 alpha + Enhanced + One-Step,NASDAQ:MRNA,1.4067928667942287e-09
2023-05-08,17,AR1 alpha + Enhanced + One-Step,NASDAQ:MRNA,0.0
2023-05-09,17,AR1 alpha + Enhanced + One-Step,NASDAQ:MRNA,0.0
2023-05-10,17,AR1 alpha + Enhanced + One-Step,NASDAQ:MRNA,1.2901445881887608e-07
2023-05-11,17,AR1 alpha + Enhanced + One-Step,NASDAQ:MRNA,0.0
2023-05-12,17,AR1 alpha + Enhanced + One-Step,NASDAQ:MRNA,6.480767047281407e-08
2023-05-15,17,AR1 alpha + Enhanced + One-Step,NASDAQ:MRNA,0.0
2023-05-16,17,AR1 alpha + Enhanced + One-Step,NASDAQ:MRNA,8.843647008147406e-08
2023-05-17,17,AR1 alpha + Enhanced + One-Step,NASDAQ:MRNA,2.8331807332246324e-08
2023-05-18,17,AR1 alpha + Enhanced + One-Step,NASDAQ:MRNA,8.21194924505096e-07
2023-05-19,17,AR1 alpha + Enhanced + One-Step,NASDAQ:MRNA,2.589557380679641e-07
2023-05-22,17,AR1 alpha + Enhanced + One-Step,NASDAQ:MRNA,1.120978319435019e-07
2023-05-23,17,AR1 alpha + Enhanced + One-Step,NASDAQ:MRNA,0.024994087225306952
2023-05-24,17,AR1 alpha + Enhanced + One-Step,NASDAQ:MRNA,0.024994102366392483
2023-05-25,17,AR1 alpha + Enhanced + One-Step,NASDAQ:MRNA,0.0
2023-05-26,17,AR1 alpha + Enhanced + One-Step,NASDAQ:MRNA,1.925087515264827e-08
2023-05-30,17,AR1 alpha + Enhanced + One-Step,NASDAQ:MRNA,0.0
2023-05-31,17,AR1 alpha + Enhanced + One-Step,NASDAQ:MRNA,7.434342556025088e-08
2023-06-01,17,AR1 alpha + Enhanced + One-Step,NASDAQ:MRNA,0.0
2023-06-02,17,AR1 alpha + Enhanced + One-Step,NASDAQ:MRNA,0.006878220498407376
2023-06-05,17,AR1 alpha + Enhanced + One-Step,NASDAQ:MRNA,0.0
2023-06-06,17,AR1 alpha + Enhanced + One-Step,NASDAQ:MRNA,2.5770900237017873e-06
2023-06-07,17,AR1 alpha + Enhanced + One-Step,NASDAQ:MRNA,2.387981275186089e-06
2023-06-08,17,AR1 alpha + Enhanced + One-Step,NASDAQ:MRNA,1.0779751438867216e-06
2023-06-09,17,AR1 alpha + Enhanced + One-Step,NASDAQ:MRNA,2.8597576184830937e-07
2023-06-12,17,AR1 alpha + Enhanced + One-Step,NASDAQ:MRNA,5.744654073496855e-08
2023-06-13,17,AR1 alpha + Enhanced + One-Step,NASDAQ:MRNA,1.0539996985580005e-08
2023-06-14,17,AR1 alpha + Enhanced + One-Step,NASDAQ:MRNA,0.0
2023-06-15,17,AR1 alpha + Enhanced + One-Step,NASDAQ:MRNA,1.5824966959510006e-07
2023-06-16,17,AR1 alpha + Enhanced + One-Step,NASDAQ:MRNA,5.104506769551731e-08
2023-06-20,17,AR1 alpha + Enhanced + One-Step,NASDAQ:MRNA,0.0
2023-06-21,17,AR1 alpha + Enhanced + One-Step,NASDAQ:MRNA,0.0
2023-06-22,17,AR1 alpha + Enhanced + One-Step,NASDAQ:MRNA,0.0
2023-06-23,17,AR1 alpha + Enhanced + One-Step,NASDAQ:MRNA,0.0
2023-06-26,17,AR1 alpha + Enhanced + One-Step,NASDAQ:MRNA,0.0
2023-06-27,17,AR1 alpha + Enhanced + One-Step,NASDAQ:MRNA,0.0
2023-06-28,17,AR1 alpha + Enhanced + One-Step,NASDAQ:MRNA,0.0
2023-06-29,17,AR1 alpha + Enhanced + One-Step,NASDAQ:MRNA,0.0
2023-06-30,17,AR1 alpha + Enhanced + One-Step,NASDAQ:MRNA,0.0
2023-07-03,17,AR1 alpha + Enhanced + One-Step,NASDAQ:MRNA,0.0
2023-07-05,17,AR1 alpha + Enhanced + One-Step,NASDAQ:MRNA,0.0
2023-07-06,17,AR1 alpha + Enhanced + One-Step,NASDAQ:MRNA,0.0
2023-07-07,17,AR1 alpha + Enhanced + One-Step,NASDAQ:MRNA,0.0
2023-07-10,17,AR1 alpha + Enhanced + One-Step,NASDAQ:MRNA,0.0
2023-07-11,17,AR1 alpha + Enhanced + One-Step,NASDAQ:MRNA,0.0
2023-07-12,17,AR1 alpha + Enhanced + One-Step,NASDAQ:MRNA,5.6772242490420415e-08
2023-07-13,17,AR1 alpha + Enhanced + One-Step,NASDAQ:MRNA,0.0
2023-07-14,17,AR1 alpha + Enhanced + One-Step,NASDAQ:MRNA,0.0
2023-07-17,17,AR1 alpha + Enhanced + One-Step,NASDAQ:MRNA,0.0
2023-07-18,17,AR1 alpha + Enhanced + One-Step,NASDAQ:MRNA,2.464309200906043e-07
2023-07-19,17,AR1 alpha + Enhanced + One-Step,NASDAQ:MRNA,0.0
2023-07-20,17,AR1 alpha + Enhanced + One-Step,NASDAQ:MRNA,0.0
2023-07-21,17,AR1 alpha + Enhanced + One-Step,NASDAQ:MRNA,0.0
2023-07-24,17,AR1 alpha + Enhanced + One-Step,NASDAQ:MRNA,0.0
2023-07-25,17,AR1 alpha + Enhanced + One-Step,NASDAQ:MRNA,0.0
2023-07-26,17,AR1 alpha + Enhanced + One-Step,NASDAQ:MRNA,0.0
2023-07-27,17,AR1 alpha + Enhanced + One-Step,NASDAQ:MRNA,0.0
2023-08-01,17,AR1 alpha + Enhanced + One-Step,NASDAQ:MRNA,3.077499217251901e-07
2023-08-02,17,AR1 alpha + Enhanced + One-Step,NASDAQ:MRNA,1.055168851342181e-07
2023-08-03,17,AR1 alpha + Enhanced + One-Step,NASDAQ:MRNA,8.766398917709853e-08
2023-08-04,17,AR1 alpha + Enhanced + One-Step,NASDAQ:MRNA,1.7551213069431582e-06
2023-08-07,17,AR1 alpha + Enhanced + One-Step,NASDAQ:MRNA,3.3336727877615985e-07
2023-08-08,17,AR1 alpha + Enhanced + One-Step,NASDAQ:MRNA,0.0
2023-08-09,17,AR1 alpha + Enhanced + One-Step,NASDAQ:MRNA,0.0
2023-08-10,17,AR1 alpha + Enhanced + One-Step,NASDAQ:MRNA,0.0
2023-08-11,17,AR1 alpha + Enhanced + One-Step,NASDAQ:MRNA,0.0
2023-08-14,17,AR1 alpha + Enhanced + One-Step,NASDAQ:MRNA,0.0
2023-08-15,17,AR1 alpha + Enhanced + One-Step,NASDAQ:MRNA,0.0
2023-08-16,17,AR1 alpha + Enhanced + One-Step,NASDAQ:MRNA,0.0
2023-08-17,17,AR1 alpha + Enhanced + One-Step,NASDAQ:MRNA,0.0
2023-08-18,17,AR1 alpha + Enhanced + One-Step,NASDAQ:MRNA,0.0
2023-08-21,17,AR1 alpha + Enhanced + One-Step,NASDAQ:MRNA,0.0
2023-08-22,17,AR1 alpha + Enhanced + One-Step,NASDAQ:MRNA,0.0
2023-08-23,17,AR1 alpha + Enhanced + One-Step,NASDAQ:MRNA,6.254813408198083e-08
2023-08-24,17,AR1 alpha + Enhanced + One-Step,NASDAQ:MRNA,0.0
2023-08-25,17,AR1 alpha + Enhanced + One-Step,NASDAQ:MRNA,0.0
2023-08-28,17,AR1 alpha + Enhanced + One-Step,NASDAQ:MRNA,0.0
2023-08-29,17,AR1 alpha + Enhanced + One-Step,NASDAQ:MRNA,9.359192740923441e-08
2023-08-30,17,AR1 alpha + Enhanced + One-Step,NASDAQ:MRNA,1.575597505117582e-07
2023-08-31,17,AR1 alpha + Enhanced + One-Step,NASDAQ:MRNA,0.0
2023-09-01,17,AR1 alpha + Enhanced + One-Step,NASDAQ:MRNA,0.0
2023-09-05,17,AR1 alpha + Enhanced + One-Step,NASDAQ:MRNA,0.0
2023-09-06,17,AR1 alpha + Enhanced + One-Step,NASDAQ:MRNA,0.0
2023-09-07,17,AR1 alpha + Enhanced + One-Step,NASDAQ:MRNA,2.0123712024970857e-10
2023-09-08,17,AR1 alpha + Enhanced + One-Step,NASDAQ:MRNA,0.0
2023-09-11,17,AR1 alpha + Enhanced + One-Step,NASDAQ:MRNA,6.309214713454103e-08
2023-09-12,17,AR1 alpha + Enhanced + One-Step,NASDAQ:MRNA,1.0525045554383007e-07
2023-09-13,17,AR1 alpha + Enhanced + One-Step,NASDAQ:MRNA,0.0
2023-09-14,17,AR1 alpha + Enhanced + One-Step,NASDAQ:MRNA,6.480730886640865e-08
2023-09-15,17,AR1 alpha + Enhanced + One-Step,NASDAQ:MRNA,1.1621699154135036e-07
2023-09-18,17,AR1 alpha + Enhanced + One-Step,NASDAQ:MRNA,5.886739364875932e-09
2023-09-19,17,AR1 alpha + Enhanced + One-Step,NASDAQ:MRNA,1.2386702872604417e-08
2023-09-20,17,AR1 alpha + Enhanced + One-Step,NASDAQ:MRNA,8.602146707645952e-09
2023-09-21,17,AR1 alpha + Enhanced + One-Step,NASDAQ:MRNA,4.8274413851386043e-08
2023-09-22,17,AR1 alpha + Enhanced + One-Step,NASDAQ:MRNA,3.107450810534523e-08
2023-09-25,17,AR1 alpha + Enhanced + One-Step,NASDAQ:MRNA,0.0
2023-09-26,17,AR1 alpha + Enhanced + One-Step,NASDAQ:MRNA,0.0
2023-09-27,17,AR1 alpha + Enhanced + One-Step,NASDAQ:MRNA,0.0
2023-09-28,17,AR1 alpha + Enhanced + One-Step,NASDAQ:MRNA,0.0
2023-09-29,17,AR1 alpha + Enhanced + One-Step,NASDAQ:MRNA,0.0
2023-10-02,17,AR1 alpha + Enhanced + One-Step,NASDAQ:MRNA,0.0
2023-10-03,17,AR1 alpha + Enhanced + One-Step,NASDAQ:MRNA,0.0
2023-10-04,17,AR1 alpha + Enhanced + One-Step,NASDAQ:MRNA,0.0
2023-10-05,17,AR1 alpha + Enhanced + One-Step,NASDAQ:MRNA,0.0
2023-10-06,17,AR1 alpha + Enhanced + One-Step,NASDAQ:MRNA,0.0
2023-10-09,17,AR1 alpha + Enhanced + One-Step,NASDAQ:MRNA,0.0
2023-10-10,17,AR1 alpha + Enhanced + One-Step,NASDAQ:MRNA,1.2980262394601782e-07
2023-10-11,17,AR1 alpha + Enhanced + One-Step,NASDAQ:MRNA,0.0
2023-10-12,17,AR1 alpha + Enhanced + One-Step,NASDAQ:MRNA,2.422033789866783e-09
2023-10-13,17,AR1 alpha + Enhanced + One-Step,NASDAQ:MRNA,5.613902519218657e-09
2023-10-16,17,AR1 alpha + Enhanced + One-Step,NASDAQ:MRNA,2.0399100127817125e-08
2023-10-17,17,AR1 alpha + Enhanced + One-Step,NASDAQ:MRNA,0.0
2023-10-18,17,AR1 alpha + Enhanced + One-Step,NASDAQ:MRNA,7.066746490415167e-08
2023-10-19,17,AR1 alpha + Enhanced + One-Step,NASDAQ:MRNA,1.0763673714030257e-08
2023-10-20,17,AR1 alpha + Enhanced + One-Step,NASDAQ:MRNA,5.336868788635838e-09
2023-10-23,17,AR1 alpha + Enhanced + One-Step,NASDAQ:MRNA,0.0
2023-10-24,17,AR1 alpha + Enhanced + One-Step,NASDAQ:MRNA,3.31418020113641e-09
2023-10-25,17,AR1 alpha + Enhanced + One-Step,NASDAQ:MRNA,0.0
2023-10-26,17,AR1 alpha + Enhanced + One-Step,NASDAQ:MRNA,0.0
2023-10-27,17,AR1 alpha + Enhanced + One-Step,NASDAQ:MRNA,0.0
2023-10-30,17,AR1 alpha + Enhanced + One-Step,NASDAQ:MRNA,0.0
2023-10-31,17,AR1 alpha + Enhanced + One-Step,NASDAQ:MRNA,8.486123988360765e-08
2023-11-01,17,AR1 alpha + Enhanced + One-Step,NASDAQ:MRNA,0.0
2023-11-02,17,AR1 alpha + Enhanced + One-Step,NASDAQ:MRNA,1.218194437402506e-06
2023-11-03,17,AR1 alpha + Enhanced + One-Step,NASDAQ:MRNA,6.613335310794438e-07
2023-11-06,17,AR1 alpha + Enhanced + One-Step,NASDAQ:MRNA,3.885936788847531e-07
2023-11-07,17,AR1 alpha + Enhanced + One-Step,NASDAQ:MRNA,0.0
2023-11-08,17,AR1 alpha + Enhanced + One-Step,NASDAQ:MRNA,0.0
2023-11-09,17,AR1 alpha + Enhanced + One-Step,NASDAQ:MRNA,0.0
2023-11-10,17,AR1 alpha + Enhanced + One-Step,NASDAQ:MRNA,0.0
2023-11-13,17,AR1 alpha + Enhanced + One-Step,NASDAQ:MRNA,0.0
2023-11-14,17,AR1 alpha + Enhanced + One-Step,NASDAQ:MRNA,5.455095759843768e-07
2023-11-15,17,AR1 alpha + Enhanced + One-Step,NASDAQ:MRNA,1.5936503828114305e-07
2023-11-16,17,AR1 alpha + Enhanced + One-Step,NASDAQ:MRNA,0.0
2023-11-17,17,AR1 alpha + Enhanced + One-Step,NASDAQ:MRNA,0.0
2023-11-20,17,AR1 alpha + Enhanced + One-Step,NASDAQ:MRNA,4.082902677805494e-08
2023-11-21,17,AR1 alpha + Enhanced + One-Step,NASDAQ:MRNA,1.7489878337623803e-08
2023-11-22,17,AR1 alpha + Enhanced + One-Step,NASDAQ:MRNA,0.0
2023-11-24,17,AR1 alpha + Enhanced + One-Step,NASDAQ:MRNA,0.0
2023-11-27,17,AR1 alpha + Enhanced + One-Step,NASDAQ:MRNA,4.419917689426086e-08
2023-11-28,17,AR1 alpha + Enhanced + One-Step,NASDAQ:MRNA,6.828236799289853e-08
2023-11-29,17,AR1 alpha + Enhanced + One-Step,NASDAQ:MRNA,0.0
2023-11-30,17,AR1 alpha + Enhanced + One-Step,NASDAQ:MRNA,0.0
2023-12-01,17,AR1 alpha + Enhanced + One-Step,NASDAQ:MRNA,0.0
2023-12-04,17,AR1 alpha + Enhanced + One-Step,NASDAQ:MRNA,0.0
2023-12-05,17,AR1 alpha + Enhanced + One-Step,NASDAQ:MRNA,0.0
2023-12-06,17,AR1 alpha + Enhanced + One-Step,NASDAQ:MRNA,0.0
2023-12-07,17,AR1 alpha + Enhanced + One-Step,NASDAQ:MRNA,0.0
2023-12-08,17,AR1 alpha + Enhanced + One-Step,NASDAQ:MRNA,2.5975013902880225e-08
2023-12-11,17,AR1 alpha + Enhanced + One-Step,NASDAQ:MRNA,0.0
2023-12-12,17,AR1 alpha + Enhanced + One-Step,NASDAQ:MRNA,0.0
2023-12-13,17,AR1 alpha + Enhanced + One-Step,NASDAQ:MRNA,6.710252466983114e-07
2023-12-14,17,AR1 alpha + Enhanced + One-Step,NASDAQ:MRNA,2.3991701791110773e-07
2023-12-15,17,AR1 alpha + Enhanced + One-Step,NASDAQ:MRNA,7.389037039455691e-08
2023-12-18,17,AR1 alpha + Enhanced + One-Step,NASDAQ:MRNA,0.0
2023-12-19,17,AR1 alpha + Enhanced + One-Step,NASDAQ:MRNA,0.0
2023-12-20,17,AR1 alpha + Enhanced + One-Step,NASDAQ:MRNA,0.0
2023-12-21,17,AR1 alpha + Enhanced + One-Step,NASDAQ:MRNA,0.0
2023-12-22,17,AR1 alpha + Enhanced + One-Step,NASDAQ:MRNA,0.0
2023-12-26,17,AR1 alpha + Enhanced + One-Step,NASDAQ:MRNA,0.0
2023-12-27,17,AR1 alpha + Enhanced + One-Step,NASDAQ:MRNA,0.0
2023-12-28,17,AR1 alpha + Enhanced + One-Step,NASDAQ:MRNA,6.437268952303294e-09
2023-12-29,17,AR1 alpha + Enhanced + One-Step,NASDAQ:MRNA,1.919538924689425e-07
2024-01-02,17,AR1 alpha + Enhanced + One-Step,NASDAQ:MRNA,0.0
2024-01-03,17,AR1 alpha + Enhanced + One-Step,NASDAQ:MRNA,0.0
2024-01-04,17,AR1 alpha + Enhanced + One-Step,NASDAQ:MRNA,0.0
2024-01-05,17,AR1 alpha + Enhanced + One-Step,NASDAQ:MRNA,2.170232940190901e-07
2024-01-08,17,AR1 alpha + Enhanced + One-Step,NASDAQ:MRNA,3.6483432743430496e-07
2024-01-09,17,AR1 alpha + Enhanced + One-Step,NASDAQ:MRNA,0.0
2024-01-10,17,AR1 alpha + Enhanced + One-Step,NASDAQ:MRNA,0.0
2024-01-11,17,AR1 alpha + Enhanced + One-Step,NASDAQ:MRNA,0.0
2024-01-12,17,AR1 alpha + Enhanced + One-Step,NASDAQ:MRNA,0.0
2024-01-16,17,AR1 alpha + Enhanced + One-Step,NASDAQ:MRNA,0.0
2024-01-17,17,AR1 alpha + Enhanced + One-Step,NASDAQ:MRNA,0.0
2024-01-18,17,AR1 alpha + Enhanced + One-Step,NASDAQ:MRNA,0.0
2024-01-19,17,AR1 alpha + Enhanced + One-Step,NASDAQ:MRNA,0.0
2024-01-22,17,AR1 alpha + Enhanced + One-Step,NASDAQ:MRNA,0.0
2024-01-23,17,AR1 alpha + Enhanced + One-Step,NASDAQ:MRNA,0.0
2024-01-24,17,AR1 alpha + Enhanced + One-Step,NASDAQ:MRNA,0.0
2024-01-25,17,AR1 alpha + Enhanced + One-Step,NASDAQ:MRNA,0.0
2024-01-26,17,AR1 alpha + Enhanced + One-Step,NASDAQ:MRNA,0.0
2024-01-29,17,AR1 alpha + Enhanced + One-Step,NASDAQ:MRNA,0.0
2024-01-30,17,AR1 alpha + Enhanced + One-Step,NASDAQ:MRNA,0.0
2024-01-31,17,AR1 alpha + Enhanced + One-Step,NASDAQ:MRNA,0.0
2024-02-01,17,AR1 alpha + Enhanced + One-Step,NASDAQ:MRNA,0.0
2024-02-02,17,AR1 alpha + Enhanced + One-Step,NASDAQ:MRNA,0.0
2024-02-05,17,AR1 alpha + Enhanced + One-Step,NASDAQ:MRNA,0.0
2024-02-06,17,AR1 alpha + Enhanced + One-Step,NASDAQ:MRNA,0.0
2024-02-07,17,AR1 alpha + Enhanced + One-Step,NASDAQ:MRNA,0.0
2024-02-08,17,AR1 alpha + Enhanced + One-Step,NASDAQ:MRNA,0.0
2024-02-09,17,AR1 alpha + Enhanced + One-Step,NASDAQ:MRNA,0.0
2024-02-12,17,AR1 alpha + Enhanced + One-Step,NASDAQ:MRNA,0.0
2024-02-13,17,AR1 alpha + Enhanced + One-Step,NASDAQ:MRNA,2.4625866354187297e-07
2024-02-14,17,AR1 alpha + Enhanced + One-Step,NASDAQ:MRNA,3.2271107778261593e-07
2024-02-15,17,AR1 alpha + Enhanced + One-Step,NASDAQ:MRNA,0.0
2024-02-16,17,AR1 alpha + Enhanced + One-Step,NASDAQ:MRNA,2.7958525006434333e-07
2024-02-20,17,AR1 alpha + Enhanced + One-Step,NASDAQ:MRNA,2.970145572717092e-07
2024-02-21,17,AR1 alpha + Enhanced + One-Step,NASDAQ:MRNA,0.0
2024-02-22,17,AR1 alpha + Enhanced + One-Step,NASDAQ:MRNA,0.0
2024-02-23,17,AR1 alpha + Enhanced + One-Step,NASDAQ:MRNA,0.0
2024-02-26,17,AR1 alpha + Enhanced + One-Step,NASDAQ:MRNA,0.0
2024-02-27,17,AR1 alpha + Enhanced + One-Step,NASDAQ:MRNA,0.0
2024-02-28,17,AR1 alpha + Enhanced + One-Step,NASDAQ:MRNA,0.0
2024-02-29,17,AR1 alpha + Enhanced + One-Step,NASDAQ:MRNA,0.0
2024-03-01,17,AR1 alpha + Enhanced + One-Step,NASDAQ:MRNA,0.0
2024-03-04,17,AR1 alpha + Enhanced + One-Step,NASDAQ:MRNA,0.0
2024-03-05,17,AR1 alpha + Enhanced + One-Step,NASDAQ:MRNA,0.0
2024-03-06,17,AR1 alpha + Enhanced + One-Step,NASDAQ:MRNA,0.0
2024-03-07,17,AR1 alpha + Enhanced + One-Step,NASDAQ:MRNA,0.0
2024-03-08,17,AR1 alpha + Enhanced + One-Step,NASDAQ:MRNA,0.0
2024-03-11,17,AR1 alpha + Enhanced + One-Step,NASDAQ:MRNA,0.0
2024-03-12,17,AR1 alpha + Enhanced + One-Step,NASDAQ:MRNA,0.0
2024-03-13,17,AR1 alpha + Enhanced + One-Step,NASDAQ:MRNA,0.0
2024-03-14,17,AR1 alpha + Enhanced + One-Step,NASDAQ:MRNA,0.0
2024-03-15,17,AR1 alpha + Enhanced + One-Step,NASDAQ:MRNA,6.066348324329278e-08
2024-03-18,17,AR1 alpha + Enhanced + One-Step,NASDAQ:MRNA,0.0
2024-03-19,17,AR1 alpha + Enhanced + One-Step,NASDAQ:MRNA,0.0
2024-03-20,17,AR1 alpha + Enhanced + One-Step,NASDAQ:MRNA,0.0
2024-03-21,17,AR1 alpha + Enhanced + One-Step,NASDAQ:MRNA,0.0
2024-03-22,17,AR1 alpha + Enhanced + One-Step,NASDAQ:MRNA,0.0
2024-03-25,17,AR1 alpha + Enhanced + One-Step,NASDAQ:MRNA,0.0
2024-03-26,17,AR1 alpha + Enhanced + One-Step,NASDAQ:MRNA,0.0
2024-03-27,17,AR1 alpha + Enhanced + One-Step,NASDAQ:MRNA,0.0
2024-03-28,17,AR1 alpha + Enhanced + One-Step,NASDAQ:MRNA,1.0158043638233834e-07
2024-04-01,17,AR1 alpha + Enhanced + One-Step,NASDAQ:MRNA,1.2450264712891966e-07
2024-04-02,17,AR1 alpha + Enhanced + One-Step,NASDAQ:MRNA,0.0
2024-04-03,17,AR1 alpha + Enhanced + One-Step,NASDAQ:MRNA,0.0
2024-04-04,17,AR1 alpha + Enhanced + One-Step,NASDAQ:MRNA,0.0
2024-04-05,17,AR1 alpha + Enhanced + One-Step,NASDAQ:MRNA,0.0
2024-04-08,17,AR1 alpha + Enhanced + One-Step,NASDAQ:MRNA,7.838854176404594e-08
2024-04-09,17,AR1 alpha + Enhanced + One-Step,NASDAQ:MRNA,0.0
2024-04-10,17,AR1 alpha + Enhanced + One-Step,NASDAQ:MRNA,0.0
2024-04-11,17,AR1 alpha + Enhanced + One-Step,NASDAQ:MRNA,0.0
2024-04-12,17,AR1 alpha + Enhanced + One-Step,NASDAQ:MRNA,0.0
2024-04-15,17,AR1 alpha + Enhanced + One-Step,NASDAQ:MRNA,0.0
2024-04-16,17,AR1 alpha + Enhanced + One-Step,NASDAQ:MRNA,0.0
2024-04-17,17,AR1 alpha + Enhanced + One-Step,NASDAQ:MRNA,6.064694941176864e-08
2024-04-18,17,AR1 alpha + Enhanced + One-Step,NASDAQ:MRNA,0.0
2024-04-19,17,AR1 alpha + Enhanced + One-Step,NASDAQ:MRNA,0.0
2020-03-25,17,AR1 alpha + Enhanced + One-Step,NYSE:HII,0.020000000000007227
2020-03-26,17,AR1 alpha + Enhanced + One-Step,NYSE:HII,0.02000000000001305
2020-03-27,17,AR1 alpha + Enhanced + One-Step,NYSE:HII,0.02000000266582776
2020-03-30,17,AR1 alpha + Enhanced + One-Step,NYSE:HII,0.020001156276964804
2020-03-31,17,AR1 alpha + Enhanced + One-Step,NYSE:HII,0.0200026115704125
2020-04-01,17,AR1 alpha + Enhanced + One-Step,NYSE:HII,0.020002585265075055
2020-04-02,17,AR1 alpha + Enhanced + One-Step,NYSE:HII,0.020001863975212954
2020-04-03,17,AR1 alpha + Enhanced + One-Step,NYSE:HII,0.020002048285212185
2020-04-06,17,AR1 alpha + Enhanced + One-Step,NYSE:HII,0.020002714959837152
2020-04-07,17,AR1 alpha + Enhanced + One-Step,NYSE:HII,0.02000313765289892
2020-04-08,17,AR1 alpha + Enhanced + One-Step,NYSE:HII,0.02000326752163265
2020-04-09,17,AR1 alpha + Enhanced + One-Step,NYSE:HII,0.020003204692205498
2020-04-13,17,AR1 alpha + Enhanced + One-Step,NYSE:HII,0.020003240180391676
2020-04-14,17,AR1 alpha + Enhanced + One-Step,NYSE:HII,0.020003715410780703
2020-04-15,17,AR1 alpha + Enhanced + One-Step,NYSE:HII,0.020004778869798838
2020-04-16,17,AR1 alpha + Enhanced + One-Step,NYSE:HII,0.020005374036784103
2020-04-17,17,AR1 alpha + Enhanced + One-Step,NYSE:HII,0.02000531623621091
2020-04-20,17,AR1 alpha + Enhanced + One-Step,NYSE:HII,0.020005284201718647
2020-04-21,17,AR1 alpha + Enhanced + One-Step,NYSE:HII,0.02000563680697213
2020-04-22,17,AR1 alpha + Enhanced + One-Step,NYSE:HII,0.020005971895447276
2020-04-23,17,AR1 alpha + Enhanced + One-Step,NYSE:HII,0.02000589733284556
2020-04-24,17,AR1 alpha + Enhanced + One-Step,NYSE:HII,0.020005981515231214
2020-04-27,17,AR1 alpha + Enhanced + One-Step,NYSE:HII,0.020005978208897986
2020-04-28,17,AR1 alpha + Enhanced + One-Step,NYSE:HII,0.0
2020-04-29,17,AR1 alpha + Enhanced + One-Step,NYSE:HII,0.0
2020-04-30,17,AR1 alpha + Enhanced + One-Step,NYSE:HII,2.1394306630629877e-09
2020-05-01,17,AR1 alpha + Enhanced + One-Step,NYSE:HII,0.0
2020-05-04,17,AR1 alpha + Enhanced + One-Step,NYSE:HII,1.0464405645213244e-08
2020-05-05,17,AR1 alpha + Enhanced + One-Step,NYSE:HII,0.0
2020-05-06,17,AR1 alpha + Enhanced + One-Step,NYSE:HII,1.2399598085846127e-10
2020-05-07,17,AR1 alpha + Enhanced + One-Step,NYSE:HII,0.0
2020-05-08,17,AR1 alpha + Enhanced + One-Step,NYSE:HII,0.0
2020-05-11,17,AR1 alpha + Enhanced + One-Step,NYSE:HII,0.0
2020-05-12,17,AR1 alpha + Enhanced + One-Step,NYSE:HII,0.0
2020-05-13,17,AR1 alpha + Enhanced + One-Step,NYSE:HII,6.431318412503812e-08
2020-05-14,17,AR1 alpha + Enhanced + One-Step,NYSE:HII,0.0
2020-05-15,17,AR1 alpha + Enhanced + One-Step,NYSE:HII,3.879289998771048e-08
2020-05-18,17,AR1 alpha + Enhanced + One-Step,NYSE:HII,2.9006104605072935e-08
2020-05-19,17,AR1 alpha + Enhanced + One-Step,NYSE:HII,0.0
2020-05-20,17,AR1 alpha + Enhanced + One-Step,NYSE:HII,7.266520869439226e-09
2020-05-21,17,AR1 alpha + Enhanced + One-Step,NYSE:HII,0.0
2020-05-22,17,AR1 alpha + Enhanced + One-Step,NYSE:HII,4.04173130552679e-09
2020-05-26,17,AR1 alpha + Enhanced + One-Step,NYSE:HII,0.0
2020-05-27,17,AR1 alpha + Enhanced + One-Step,NYSE:HII,5.401729646773058e-08
2020-05-28,17,AR1 alpha + Enhanced + One-Step,NYSE:HII,3.124522529808624e-08
2020-05-29,17,AR1 alpha + Enhanced + One-Step,NYSE:HII,1.6753696123104498e-08
2020-06-01,17,AR1 alpha + Enhanced + One-Step,NYSE:HII,6.344264348535913e-08
2020-06-02,17,AR1 alpha + Enhanced + One-Step,NYSE:HII,8.453149367760226e-09
2020-06-03,17,AR1 alpha + Enhanced + One-Step,NYSE:HII,4.0119331414350534e-07
2020-06-04,17,AR1 alpha + Enhanced + One-Step,NYSE:HII,2.0627847557156083e-07
2020-06-05,17,AR1 alpha + Enhanced + One-Step,NYSE:HII,7.969029055865027e-09
2020-06-08,17,AR1 alpha + Enhanced + One-Step,NYSE:HII,3.832917242960392e-11
2020-06-09,17,AR1 alpha + Enhanced + One-Step,NYSE:HII,1.3952100331037443e-08
2020-06-10,17,AR1 alpha + Enhanced + One-Step,NYSE:HII,4.413038715328086e-09
2020-06-11,17,AR1 alpha + Enhanced + One-Step,NYSE:HII,1.2290148949517434e-06
2020-06-12,17,AR1 alpha + Enhanced + One-Step,NYSE:HII,6.615950201293342e-07
2020-06-15,17,AR1 alpha + Enhanced + One-Step,NYSE:HII,1.7095224433093712e-07
2020-06-16,17,AR1 alpha + Enhanced + One-Step,NYSE:HII,1.0426419257621152e-07
2020-06-17,17,AR1 alpha + Enhanced + One-Step,NYSE:HII,5.6417195449149074e-08
2020-06-18,17,AR1 alpha + Enhanced + One-Step,NYSE:HII,2.0661969802721636e-08
2020-06-19,17,AR1 alpha + Enhanced + One-Step,NYSE:HII,0.0
2020-06-22,17,AR1 alpha + Enhanced + One-Step,NYSE:HII,5.962997397073403e-08
2020-06-23,17,AR1 alpha + Enhanced + One-Step,NYSE:HII,0.0
2020-06-24,17,AR1 alpha + Enhanced + One-Step,NYSE:HII,0.0
2020-06-25,17,AR1 alpha + Enhanced + One-Step,NYSE:HII,1.6278790050766753e-08
2020-06-26,17,AR1 alpha + Enhanced + One-Step,NYSE:HII,0.0
2020-06-29,17,AR1 alpha + Enhanced + One-Step,NYSE:HII,0.0
2020-06-30,17,AR1 alpha + Enhanced + One-Step,NYSE:HII,0.0
2020-07-01,17,AR1 alpha + Enhanced + One-Step,NYSE:HII,0.0
2020-07-02,17,AR1 alpha + Enhanced + One-Step,NYSE:HII,4.61309560567785e-08
2020-07-06,17,AR1 alpha + Enhanced + One-Step,NYSE:HII,0.0
2020-07-07,17,AR1 alpha + Enhanced + One-Step,NYSE:HII,0.0
2020-07-08,17,AR1 alpha + Enhanced + One-Step,NYSE:HII,0.0
2020-07-09,17,AR1 alpha + Enhanced + One-Step,NYSE:HII,0.0
2020-07-10,17,AR1 alpha + Enhanced + One-Step,NYSE:HII,0.0
2020-07-13,17,AR1 alpha + Enhanced + One-Step,NYSE:HII,0.0
2020-07-14,17,AR1 alpha + Enhanced + One-Step,NYSE:HII,7.18496582007863e-08
2020-07-15,17,AR1 alpha + Enhanced + One-Step,NYSE:HII,1.4664431231692378e-07
2020-07-16,17,AR1 alpha + Enhanced + One-Step,NYSE:HII,7.24288363149634e-08
2020-07-17,17,AR1 alpha + Enhanced + One-Step,NYSE:HII,0.0
2020-07-20,17,AR1 alpha + Enhanced + One-Step,NYSE:HII,9.090429214532973e-09
2020-07-21,17,AR1 alpha + Enhanced + One-Step,NYSE:HII,7.256513106458015e-08
2020-07-22,17,AR1 alpha + Enhanced + One-Step,NYSE:HII,5.732012811233944e-08
2020-07-23,17,AR1 alpha + Enhanced + One-Step,NYSE:HII,0.0
2020-07-24,17,AR1 alpha + Enhanced + One-Step,NYSE:HII,0.0
2020-07-27,17,AR1 alpha + Enhanced + One-Step,NYSE:HII,0.0
2020-07-28,17,AR1 alpha + Enhanced + One-Step,NYSE:HII,0.0
2020-07-29,17,AR1 alpha + Enhanced + One-Step,NYSE:HII,0.0
2020-07-30,17,AR1 alpha + Enhanced + One-Step,NYSE:HII,0.0
2020-07-31,17,AR1 alpha + Enhanced + One-Step,NYSE:HII,0.0
2020-08-03,17,AR1 alpha + Enhanced + One-Step,NYSE:HII,9.010915572514436e-08
2020-08-04,17,AR1 alpha + Enhanced + One-Step,NYSE:HII,1.620361297940193e-08
2020-08-05,17,AR1 alpha + Enhanced + One-Step,NYSE:HII,0.0
2020-08-06,17,AR1 alpha + Enhanced + One-Step,NYSE:HII,0.0
2020-08-07,17,AR1 alpha + Enhanced + One-Step,NYSE:HII,3.554971319293245e-07
2020-08-10,17,AR1 alpha + Enhanced + One-Step,NYSE:HII,5.190526943277999e-07
2020-08-11,17,AR1 alpha + Enhanced + One-Step,NYSE:HII,9.940831567886208e-08
2020-08-12,17,AR1 alpha + Enhanced + One-Step,NYSE:HII,0.0
2020-08-13,17,AR1 alpha + Enhanced + One-Step,NYSE:HII,1.6262841069108343e-10
2020-08-14,17,AR1 alpha + Enhanced + One-Step,NYSE:HII,7.521444987818311e-10
2020-08-17,17,AR1 alpha + Enhanced + One-Step,NYSE:HII,0.0
2020-08-18,17,AR1 alpha + Enhanced + One-Step,NYSE:HII,0.0
2020-08-19,17,AR1 alpha + Enhanced + One-Step,NYSE:HII,0.0
2020-08-20,17,AR1 alpha + Enhanced + One-Step,NYSE:HII,0.0
2020-08-21,17,AR1 alpha + Enhanced + One-Step,NYSE:HII,0.0
2020-08-24,17,AR1 alpha + Enhanced + One-Step,NYSE:HII,0.0
2020-08-25,17,AR1 alpha + Enhanced + One-Step,NYSE:HII,8.643194039567881e-08
2020-08-26,17,AR1 alpha + Enhanced + One-Step,NYSE:HII,0.0
2020-08-27,17,AR1 alpha + Enhanced + One-Step,NYSE:HII,0.0
2020-08-28,17,AR1 alpha + Enhanced + One-Step,NYSE:HII,2.351599727515666e-09
2020-08-31,17,AR1 alpha + Enhanced + One-Step,NYSE:HII,0.0
2020-09-01,17,AR1 alpha + Enhanced + One-Step,NYSE:HII,0.0
2020-09-02,17,AR1 alpha + Enhanced + One-Step,NYSE:HII,1.1631204979813958e-08
2020-09-03,17,AR1 alpha + Enhanced + One-Step,NYSE:HII,0.0
2020-09-04,17,AR1 alpha + Enhanced + One-Step,NYSE:HII,2.831142058854547e-08
2020-09-08,17,AR1 alpha + Enhanced + One-Step,NYSE:HII,2.3119368867538734e-07
2020-09-09,17,AR1 alpha + Enhanced + One-Step,NYSE:HII,1.1080235306143871e-07
2020-09-10,17,AR1 alpha + Enhanced + One-Step,NYSE:HII,8.827929647648803e-08
2020-09-11,17,AR1 alpha + Enhanced + One-Step,NYSE:HII,8.515404989052583e-08
2020-09-14,17,AR1 alpha + Enhanced + One-Step,NYSE:HII,9.461837082704724e-07
2020-09-15,17,AR1 alpha + Enhanced + One-Step,NYSE:HII,5.85916656043503e-07
2020-09-16,17,AR1 alpha + Enhanced + One-Step,NYSE:HII,0.0
2020-09-17,17,AR1 alpha + Enhanced + One-Step,NYSE:HII,0.0
2020-09-18,17,AR1 alpha + Enhanced + One-Step,NYSE:HII,0.0
2020-09-21,17,AR1 alpha + Enhanced + One-Step,NYSE:HII,0.0
2020-09-22,17,AR1 alpha + Enhanced + One-Step,NYSE:HII,2.7682156061635616e-08
2020-09-23,17,AR1 alpha + Enhanced + One-Step,NYSE:HII,0.0
2020-09-24,17,AR1 alpha + Enhanced + One-Step,NYSE:HII,0.0
2020-09-25,17,AR1 alpha + Enhanced + One-Step,NYSE:HII,0.0
2020-09-28,17,AR1 alpha + Enhanced + One-Step,NYSE:HII,1.9538488858970433e-07
2020-09-29,17,AR1 alpha + Enhanced + One-Step,NYSE:HII,2.272221274140828e-07
2020-09-30,17,AR1 alpha + Enhanced + One-Step,NYSE:HII,1.2799254168872596e-07
2020-10-01,17,AR1 alpha + Enhanced + One-Step,NYSE:HII,6.738292988229612e-07
2020-10-02,17,AR1 alpha + Enhanced + One-Step,NYSE:HII,5.43673678612886e-07
2020-10-05,17,AR1 alpha + Enhanced + One-Step,NYSE:HII,1.110551265039174e-06
2020-10-06,17,AR1 alpha + Enhanced + One-Step,NYSE:HII,4.074075707682144e-07
2020-10-07,17,AR1 alpha + Enhanced + One-Step,NYSE:HII,0.0
2020-10-08,17,AR1 alpha + Enhanced + One-Step,NYSE:HII,0.0
2020-10-09,17,AR1 alpha + Enhanced + One-Step,NYSE:HII,5.927669824723602e-07
2020-10-12,17,AR1 alpha + Enhanced + One-Step,NYSE:HII,3.4263858888963936e-07
2020-10-13,17,AR1 alpha + Enhanced + One-Step,NYSE:HII,8.192404863130117e-07
2020-10-14,17,AR1 alpha + Enhanced + One-Step,NYSE:HII,0.0
2020-10-15,17,AR1 alpha + Enhanced + One-Step,NYSE:HII,0.0
2020-10-16,17,AR1 alpha + Enhanced + One-Step,NYSE:HII,0.0
2020-10-19,17,AR1 alpha + Enhanced + One-Step,NYSE:HII,0.0
2020-10-20,17,AR1 alpha + Enhanced + One-Step,NYSE:HII,0.0
2020-10-21,17,AR1 alpha + Enhanced + One-Step,NYSE:HII,0.0
2020-10-22,17,AR1 alpha + Enhanced + One-Step,NYSE:HII,0.0
2020-10-23,17,AR1 alpha + Enhanced + One-Step,NYSE:HII,0.0
2020-10-26,17,AR1 alpha + Enhanced + One-Step,NYSE:HII,0.0
2020-10-27,17,AR1 alpha + Enhanced + One-Step,NYSE:HII,4.5346512073502065e-07
2020-10-28,17,AR1 alpha + Enhanced + One-Step,NYSE:HII,4.0891596496502666e-07
2020-10-29,17,AR1 alpha + Enhanced + One-Step,NYSE:HII,7.610368241008521e-07
2020-10-30,17,AR1 alpha + Enhanced + One-Step,NYSE:HII,4.898897024882788e-07
2020-11-02,17,AR1 alpha + Enhanced + One-Step,NYSE:HII,1.3507462095984562e-06
2020-11-03,17,AR1 alpha + Enhanced + One-Step,NYSE:HII,1.3249088085736414e-06
2020-11-04,17,AR1 alpha + Enhanced + One-Step,NYSE:HII,3.4982010977207987e-06
2020-11-05,17,AR1 alpha + Enhanced + One-Step,NYSE:HII,2.3375407940983545e-06
2020-11-06,17,AR1 alpha + Enhanced + One-Step,NYSE:HII,1.2373788241661208e-06
2020-11-09,17,AR1 alpha + Enhanced + One-Step,NYSE:HII,6.487720815315624e-07
2020-11-10,17,AR1 alpha + Enhanced + One-Step,NYSE:HII,6.310479722424744e-07
2020-11-11,17,AR1 alpha + Enhanced + One-Step,NYSE:HII,5.029391166242459e-07
2020-11-12,17,AR1 alpha + Enhanced + One-Step,NYSE:HII,3.7548319628076556e-07
2020-11-13,17,AR1 alpha + Enhanced + One-Step,NYSE:HII,2.0695242056160217e-07
2020-11-16,17,AR1 alpha + Enhanced + One-Step,NYSE:HII,4.368458046049929e-08
2020-11-17,17,AR1 alpha + Enhanced + One-Step,NYSE:HII,0.0
2020-11-18,17,AR1 alpha + Enhanced + One-Step,NYSE:HII,0.0
2020-11-19,17,AR1 alpha + Enhanced + One-Step,NYSE:HII,0.0
2020-11-20,17,AR1 alpha + Enhanced + One-Step,NYSE:HII,0.0
2020-11-23,17,AR1 alpha + Enhanced + One-Step,NYSE:HII,0.0
2020-11-24,17,AR1 alpha + Enhanced + One-Step,NYSE:HII,0.0
2020-11-25,17,AR1 alpha + Enhanced + One-Step,NYSE:HII,0.0
2020-11-27,17,AR1 alpha + Enhanced + One-Step,NYSE:HII,0.0
2020-11-30,17,AR1 alpha + Enhanced + One-Step,NYSE:HII,0.0
2020-12-01,17,AR1 alpha + Enhanced + One-Step,NYSE:HII,1.3631813909349152e-07
2020-12-04,17,AR1 alpha + Enhanced + One-Step,NYSE:HII,1.1545272185545854e-07
2020-12-07,17,AR1 alpha + Enhanced + One-Step,NYSE:HII,0.0
2020-12-08,17,AR1 alpha + Enhanced + One-Step,NYSE:HII,1.2934173082719262e-07
2020-12-09,17,AR1 alpha + Enhanced + One-Step,NYSE:HII,0.0
2020-12-10,17,AR1 alpha + Enhanced + One-Step,NYSE:HII,1.9296062344146525e-07
2020-12-11,17,AR1 alpha + Enhanced + One-Step,NYSE:HII,7.29216389807492e-10
2020-12-14,17,AR1 alpha + Enhanced + One-Step,NYSE:HII,1.63545763956176e-09
2020-12-15,17,AR1 alpha + Enhanced + One-Step,NYSE:HII,0.0
2020-12-16,17,AR1 alpha + Enhanced + One-Step,NYSE:HII,0.0
2020-12-17,17,AR1 alpha + Enhanced + One-Step,NYSE:HII,0.0
2020-12-18,17,AR1 alpha + Enhanced + One-Step,NYSE:HII,1.3816050969249971e-06
2020-12-21,17,AR1 alpha + Enhanced + One-Step,NYSE:HII,1.3399263346416278e-06
2020-12-22,17,AR1 alpha + Enhanced + One-Step,NYSE:HII,8.121586332843635e-07
2020-12-23,17,AR1 alpha + Enhanced + One-Step,NYSE:HII,0.0
2020-12-24,17,AR1 alpha + Enhanced + One-Step,NYSE:HII,0.0
2020-12-28,17,AR1 alpha + Enhanced + One-Step,NYSE:HII,0.0
2020-12-29,17,AR1 alpha + Enhanced + One-Step,NYSE:HII,0.0
2020-12-30,17,AR1 alpha + Enhanced + One-Step,NYSE:HII,0.0
2020-12-31,17,AR1 alpha + Enhanced + One-Step,NYSE:HII,0.0
2021-01-04,17,AR1 alpha + Enhanced + One-Step,NYSE:HII,3.865596062503697e-09
2021-01-05,17,AR1 alpha + Enhanced + One-Step,NYSE:HII,4.547439354244936e-09
2021-01-06,17,AR1 alpha + Enhanced + One-Step,NYSE:HII,0.0
2021-01-07,17,AR1 alpha + Enhanced + One-Step,NYSE:HII,0.0
2021-01-08,17,AR1 alpha + Enhanced + One-Step,NYSE:HII,1.2799337348902436e-07
2021-01-11,17,AR1 alpha + Enhanced + One-Step,NYSE:HII,0.0
2021-01-12,17,AR1 alpha + Enhanced + One-Step,NYSE:HII,0.0
2021-01-13,17,AR1 alpha + Enhanced + One-Step,NYSE:HII,0.0
2021-01-14,17,AR1 alpha + Enhanced + One-Step,NYSE:HII,1.7342609315341193e-07
2021-01-15,17,AR1 alpha + Enhanced + One-Step,NYSE:HII,0.0
2021-01-19,17,AR1 alpha + Enhanced + One-Step,NYSE:HII,0.0
2021-01-20,17,AR1 alpha + Enhanced + One-Step,NYSE:HII,2.9801211098625974e-07
2021-01-21,17,AR1 alpha + Enhanced + One-Step,NYSE:HII,0.0
2021-01-22,17,AR1 alpha + Enhanced + One-Step,NYSE:HII,0.0
2021-01-25,17,AR1 alpha + Enhanced + One-Step,NYSE:HII,0.0
2021-01-26,17,AR1 alpha + Enhanced + One-Step,NYSE:HII,0.0
2021-01-27,17,AR1 alpha + Enhanced + One-Step,NYSE:HII,2.5781333560570154e-07
2021-01-28,17,AR1 alpha + Enhanced + One-Step,NYSE:HII,2.1097611475455996e-06
2021-01-29,17,AR1 alpha + Enhanced + One-Step,NYSE:HII,1.0088737729845332e-06
2021-02-01,17,AR1 alpha + Enhanced + One-Step,NYSE:HII,6.006454409404753e-07
2021-02-02,17,AR1 alpha + Enhanced + One-Step,NYSE:HII,3.8937910864002525e-07
2021-02-03,17,AR1 alpha + Enhanced + One-Step,NYSE:HII,0.0
2021-02-04,17,AR1 alpha + Enhanced + One-Step,NYSE:HII,0.0
2021-02-05,17,AR1 alpha + Enhanced + One-Step,NYSE:HII,9.641143092396151e-08
2021-02-08,17,AR1 alpha + Enhanced + One-Step,NYSE:HII,6.745242728420019e-07
2021-02-09,17,AR1 alpha + Enhanced + One-Step,NYSE:HII,0.0
2021-02-10,17,AR1 alpha + Enhanced + One-Step,NYSE:HII,4.631494474584374e-07
2021-02-11,17,AR1 alpha + Enhanced + One-Step,NYSE:HII,3.738578910041435e-07
2021-02-12,17,AR1 alpha + Enhanced + One-Step,NYSE:HII,1.9713200416237445e-07
2021-02-16,17,AR1 alpha + Enhanced + One-Step,NYSE:HII,7.297940457113914e-08
2021-02-17,17,AR1 alpha + Enhanced + One-Step,NYSE:HII,0.0
2021-02-18,17,AR1 alpha + Enhanced + One-Step,NYSE:HII,1.299749659822672e-07
2021-02-19,17,AR1 alpha + Enhanced + One-Step,NYSE:HII,2.6027380933657377e-07
2021-02-22,17,AR1 alpha + Enhanced + One-Step,NYSE:HII,1.3443224576768103e-06
2021-02-23,17,AR1 alpha + Enhanced + One-Step,NYSE:HII,2.9212522662495026e-06
2021-02-24,17,AR1 alpha + Enhanced + One-Step,NYSE:HII,2.106207428065249e-06
2021-02-25,17,AR1 alpha + Enhanced + One-Step,NYSE:HII,0.0
2021-02-26,17,AR1 alpha + Enhanced + One-Step,NYSE:HII,6.715799763052863e-07
2021-03-01,17,AR1 alpha + Enhanced + One-Step,NYSE:HII,4.686657822218681e-07
2021-03-02,17,AR1 alpha + Enhanced + One-Step,NYSE:HII,3.772252330314642e-07
2021-03-03,17,AR1 alpha + Enhanced + One-Step,NYSE:HII,1.8364616956175784e-07
2021-03-04,17,AR1 alpha + Enhanced + One-Step,NYSE:HII,1.2339772437002333e-07
2021-03-05,17,AR1 alpha + Enhanced + One-Step,NYSE:HII,0.0
2021-03-08,17,AR1 alpha + Enhanced + One-Step,NYSE:HII,0.0
2021-03-09,17,AR1 alpha + Enhanced + One-Step,NYSE:HII,5.384913741586433e-08
2021-03-10,17,AR1 alpha + Enhanced + One-Step,NYSE:HII,2.3416281619075134e-06
2021-03-11,17,AR1 alpha + Enhanced + One-Step,NYSE:HII,7.712475562740815e-07
2021-03-12,17,AR1 alpha + Enhanced + One-Step,NYSE:HII,4.3358555744439195e-07
2021-03-15,17,AR1 alpha + Enhanced + One-Step,NYSE:HII,3.0420785161774903e-06
2021-03-16,17,AR1 alpha + Enhanced + One-Step,NYSE:HII,2.180925894974903e-06
2021-03-17,17,AR1 alpha + Enhanced + One-Step,NYSE:HII,1.3810142158979396e-06
2021-03-18,17,AR1 alpha + Enhanced + One-Step,NYSE:HII,1.0810782270699118e-06
2021-03-19,17,AR1 alpha + Enhanced + One-Step,NYSE:HII,0.0
2021-03-22,17,AR1 alpha + Enhanced + One-Step,NYSE:HII,3.084709755861856e-07
2021-03-23,17,AR1 alpha + Enhanced + One-Step,NYSE:HII,1.591232852989302e-06
2021-03-24,17,AR1 alpha + Enhanced + One-Step,NYSE:HII,1.0036296089780008e-06
2021-03-25,17,AR1 alpha + Enhanced + One-Step,NYSE:HII,7.80352050113551e-07
2021-03-26,17,AR1 alpha + Enhanced + One-Step,NYSE:HII,7.237967414648053e-07
2021-03-29,17,AR1 alpha + Enhanced + One-Step,NYSE:HII,6.432929700334254e-07
2021-03-30,17,AR1 alpha + Enhanced + One-Step,NYSE:HII,1.0511967274247885e-08
2021-03-31,17,AR1 alpha + Enhanced + One-Step,NYSE:HII,0.0
2021-04-01,17,AR1 alpha + Enhanced + One-Step,NYSE:HII,9.683154470005895e-07
2021-04-05,17,AR1 alpha + Enhanced + One-Step,NYSE:HII,5.340966194186215e-07
2021-04-06,17,AR1 alpha + Enhanced + One-Step,NYSE:HII,3.4479264768814484e-07
2021-04-07,17,AR1 alpha + Enhanced + One-Step,NYSE:HII,0.0
2021-04-08,17,AR1 alpha + Enhanced + One-Step,NYSE:HII,0.0
2021-04-09,17,AR1 alpha + Enhanced + One-Step,NYSE:HII,6.282423245255416e-10
2021-04-12,17,AR1 alpha + Enhanced + One-Step,NYSE:HII,0.0
2021-04-13,17,AR1 alpha + Enhanced + One-Step,NYSE:HII,0.0
2021-04-14,17,AR1 alpha + Enhanced + One-Step,NYSE:HII,0.0
2021-04-15,17,AR1 alpha + Enhanced + One-Step,NYSE:HII,7.822384972565018e-07
2021-04-16,17,AR1 alpha + Enhanced + One-Step,NYSE:HII,5.431629324418405e-07
2021-04-19,17,AR1 alpha + Enhanced + One-Step,NYSE:HII,1.7357249940271768e-07
2021-04-20,17,AR1 alpha + Enhanced + One-Step,NYSE:HII,0.0
2021-04-21,17,AR1 alpha + Enhanced + One-Step,NYSE:HII,0.0
2021-04-22,17,AR1 alpha + Enhanced + One-Step,NYSE:HII,0.0
2021-04-23,17,AR1 alpha + Enhanced + One-Step,NYSE:HII,0.0
2021-04-26,17,AR1 alpha + Enhanced + One-Step,NYSE:HII,0.0
2021-04-27,17,AR1 alpha + Enhanced + One-Step,NYSE:HII,0.0
2021-04-28,17,AR1 alpha + Enhanced + One-Step,NYSE:HII,0.0
2021-04-29,17,AR1 alpha + Enhanced + One-Step,NYSE:HII,0.0
2021-04-30,17,AR1 alpha + Enhanced + One-Step,NYSE:HII,0.0
2021-05-03,17,AR1 alpha + Enhanced + One-Step,NYSE:HII,4.263824560423802e-06
2021-05-04,17,AR1 alpha + Enhanced + One-Step,NYSE:HII,2.7061418616849074e-06
2021-05-05,17,AR1 alpha + Enhanced + One-Step,NYSE:HII,1.7440728838730523e-06
2021-05-06,17,AR1 alpha + Enhanced + One-Step,NYSE:HII,1.6088355340700804e-06
2021-05-07,17,AR1 alpha + Enhanced + One-Step,NYSE:HII,1.1660732100268263e-06
2021-05-10,17,AR1 alpha + Enhanced + One-Step,NYSE:HII,1.076147845912807e-06
2021-05-11,17,AR1 alpha + Enhanced + One-Step,NYSE:HII,8.000666710526321e-07
2021-05-12,17,AR1 alpha + Enhanced + One-Step,NYSE:HII,4.828542559845594e-07
2021-05-13,17,AR1 alpha + Enhanced + One-Step,NYSE:HII,0.0
2021-05-14,17,AR1 alpha + Enhanced + One-Step,NYSE:HII,5.48556755054738e-10
2021-05-17,17,AR1 alpha + Enhanced + One-Step,NYSE:HII,0.0
2021-05-18,17,AR1 alpha + Enhanced + One-Step,NYSE:HII,6.022094329803571e-07
2021-05-19,17,AR1 alpha + Enhanced + One-Step,NYSE:HII,1.676164898648573e-06
2021-05-20,17,AR1 alpha + Enhanced + One-Step,NYSE:HII,1.2831193829123066e-06
2021-05-21,17,AR1 alpha + Enhanced + One-Step,NYSE:HII,1.0364533539227967e-06
2021-05-24,17,AR1 alpha + Enhanced + One-Step,NYSE:HII,0.0
2021-05-25,17,AR1 alpha + Enhanced + One-Step,NYSE:HII,0.0
2021-05-26,17,AR1 alpha + Enhanced + One-Step,NYSE:HII,0.0
2021-05-27,17,AR1 alpha + Enhanced + One-Step,NYSE:HII,0.0
2021-05-28,17,AR1 alpha + Enhanced + One-Step,NYSE:HII,0.0
2021-06-01,17,AR1 alpha + Enhanced + One-Step,NYSE:HII,0.0
2021-06-02,17,AR1 alpha + Enhanced + One-Step,NYSE:HII,0.0
2021-06-03,17,AR1 alpha + Enhanced + One-Step,NYSE:HII,0.0
2021-06-04,17,AR1 alpha + Enhanced + One-Step,NYSE:HII,0.0
2021-06-07,17,AR1 alpha + Enhanced + One-Step,NYSE:HII,0.0
2021-06-08,17,AR1 alpha + Enhanced + One-Step,NYSE:HII,0.0
2021-06-09,17,AR1 alpha + Enhanced + One-Step,NYSE:HII,0.0
2021-06-10,17,AR1 alpha + Enhanced + One-Step,NYSE:HII,0.0
2021-06-11,17,AR1 alpha + Enhanced + One-Step,NYSE:HII,0.0
2021-06-14,17,AR1 alpha + Enhanced + One-Step,NYSE:HII,0.0
2021-06-15,17,AR1 alpha + Enhanced + One-Step,NYSE:HII,0.0
2021-06-16,17,AR1 alpha + Enhanced + One-Step,NYSE:HII,0.0
2021-06-17,17,AR1 alpha + Enhanced + One-Step,NYSE:HII,0.0
2021-06-18,17,AR1 alpha + Enhanced + One-Step,NYSE:HII,0.0
2021-06-21,17,AR1 alpha + Enhanced + One-Step,NYSE:HII,4.1036812471087014e-07
2021-06-22,17,AR1 alpha + Enhanced + One-Step,NYSE:HII,0.0
2021-06-23,17,AR1 alpha + Enhanced + One-Step,NYSE:HII,0.0
2021-06-24,17,AR1 alpha + Enhanced + One-Step,NYSE:HII,1.7450471988886097e-06
2021-06-25,17,AR1 alpha + Enhanced + One-Step,NYSE:HII,2.0875626551908944e-06
2021-06-28,17,AR1 alpha + Enhanced + One-Step,NYSE:HII,1.2848084410855863e-06
2021-06-29,17,AR1 alpha + Enhanced + One-Step,NYSE:HII,2.739068278917243e-08
2021-06-30,17,AR1 alpha + Enhanced + One-Step,NYSE:HII,0.0
2021-07-01,17,AR1 alpha + Enhanced + One-Step,NYSE:HII,0.0
2021-07-02,17,AR1 alpha + Enhanced + One-Step,NYSE:HII,0.0
2021-07-06,17,AR1 alpha + Enhanced + One-Step,NYSE:HII,0.0
2021-07-07,17,AR1 alpha + Enhanced + One-Step,NYSE:HII,9.81076837837891e-07
2021-07-08,17,AR1 alpha + Enhanced + One-Step,NYSE:HII,5.478571609035768e-07
2021-07-09,17,AR1 alpha + Enhanced + One-Step,NYSE:HII,0.0
2021-07-12,17,AR1 alpha + Enhanced + One-Step,NYSE:HII,0.0
2021-07-13,17,AR1 alpha + Enhanced + One-Step,NYSE:HII,0.0
2021-07-14,17,AR1 alpha + Enhanced + One-Step,NYSE:HII,0.0
2021-07-15,17,AR1 alpha + Enhanced + One-Step,NYSE:HII,0.0
2021-07-16,17,AR1 alpha + Enhanced + One-Step,NYSE:HII,0.0
2021-07-19,17,AR1 alpha + Enhanced + One-Step,NYSE:HII,0.0
2021-07-20,17,AR1 alpha + Enhanced + One-Step,NYSE:HII,0.0
2021-07-21,17,AR1 alpha + Enhanced + One-Step,NYSE:HII,3.18774576963389e-07
2021-07-22,17,AR1 alpha + Enhanced + One-Step,NYSE:HII,0.0
2021-07-23,17,AR1 alpha + Enhanced + One-Step,NYSE:HII,0.0
2021-07-26,17,AR1 alpha + Enhanced + One-Step,NYSE:HII,0.0
2021-07-27,17,AR1 alpha + Enhanced + One-Step,NYSE:HII,0.0
2021-07-28,17,AR1 alpha + Enhanced + One-Step,NYSE:HII,0.0
2021-07-29,17,AR1 alpha + Enhanced + One-Step,NYSE:HII,0.0
2021-07-30,17,AR1 alpha + Enhanced + One-Step,NYSE:HII,0.0
2021-08-02,17,AR1 alpha + Enhanced + One-Step,NYSE:HII,0.0
2021-08-03,17,AR1 alpha + Enhanced + One-Step,NYSE:HII,0.0
2021-08-04,17,AR1 alpha + Enhanced + One-Step,NYSE:HII,0.0
2021-08-05,17,AR1 alpha + Enhanced + One-Step,NYSE:HII,0.0
2021-08-06,17,AR1 alpha + Enhanced + One-Step,NYSE:HII,0.0
2021-08-09,17,AR1 alpha + Enhanced + One-Step,NYSE:HII,0.0
2021-08-10,17,AR1 alpha + Enhanced + One-Step,NYSE:HII,0.0
2021-08-11,17,AR1 alpha + Enhanced + One-Step,NYSE:HII,0.0
2021-08-12,17,AR1 alpha + Enhanced + One-Step,NYSE:HII,0.0
2021-08-13,17,AR1 alpha + Enhanced + One-Step,NYSE:HII,2.28488024764238e-07
2021-08-16,17,AR1 alpha + Enhanced + One-Step,NYSE:HII,1.8829442505092275e-06
2021-08-17,17,AR1 alpha + Enhanced + One-Step,NYSE:HII,2.487684301318521e-06
2021-08-18,17,AR1 alpha + Enhanced + One-Step,NYSE:HII,2.638869384240509e-06
2021-08-19,17,AR1 alpha + Enhanced + One-Step,NYSE:HII,4.78084104140315e-06
2021-08-20,17,AR1 alpha + Enhanced + One-Step,NYSE:HII,0.0
2021-08-23,17,AR1 alpha + Enhanced + One-Step,NYSE:HII,0.0
2021-08-24,17,AR1 alpha + Enhanced + One-Step,NYSE:HII,0.0
2021-08-25,17,AR1 alpha + Enhanced + One-Step,NYSE:HII,2.361724162700461e-08
2021-08-26,17,AR1 alpha + Enhanced + One-Step,NYSE:HII,0.0
2021-08-27,17,AR1 alpha + Enhanced + One-Step,NYSE:HII,0.0
2021-08-30,17,AR1 alpha + Enhanced + One-Step,NYSE:HII,0.0
2021-08-31,17,AR1 alpha + Enhanced + One-Step,NYSE:HII,3.175780609139844e-08
2021-09-01,17,AR1 alpha + Enhanced + One-Step,NYSE:HII,0.0
2021-09-02,17,AR1 alpha + Enhanced + One-Step,NYSE:HII,0.0
2021-09-03,17,AR1 alpha + Enhanced + One-Step,NYSE:HII,1.2594224750992807e-07
2021-09-07,17,AR1 alpha + Enhanced + One-Step,NYSE:HII,0.0
2021-09-08,17,AR1 alpha + Enhanced + One-Step,NYSE:HII,0.0
2021-09-09,17,AR1 alpha + Enhanced + One-Step,NYSE:HII,0.0
2021-09-10,17,AR1 alpha + Enhanced + One-Step,NYSE:HII,0.0
2021-09-13,17,AR1 alpha + Enhanced + One-Step,NYSE:HII,4.1471966340522013e-07
2021-09-14,17,AR1 alpha + Enhanced + One-Step,NYSE:HII,1.644761952310287e-07
2021-09-15,17,AR1 alpha + Enhanced + One-Step,NYSE:HII,0.0
2021-09-16,17,AR1 alpha + Enhanced + One-Step,NYSE:HII,0.0
2021-09-17,17,AR1 alpha + Enhanced + One-Step,NYSE:HII,3.5511184517079184e-07
2021-09-20,17,AR1 alpha + Enhanced + One-Step,NYSE:HII,5.527875015427549e-07
2021-09-21,17,AR1 alpha + Enhanced + One-Step,NYSE:HII,1.1805514579537008e-06
2021-09-22,17,AR1 alpha + Enhanced + One-Step,NYSE:HII,6.407302345128509e-07
2021-09-23,17,AR1 alpha + Enhanced + One-Step,NYSE:HII,8.779912398396216e-07
2021-09-24,17,AR1 alpha + Enhanced + One-Step,NYSE:HII,5.342489515015031e-07
2021-09-27,17,AR1 alpha + Enhanced + One-Step,NYSE:HII,3.1202011321381335e-07
2021-09-28,17,AR1 alpha + Enhanced + One-Step,NYSE:HII,2.517278028121088e-07
2021-09-29,17,AR1 alpha + Enhanced + One-Step,NYSE:HII,5.729719968727204e-07
2021-09-30,17,AR1 alpha + Enhanced + One-Step,NYSE:HII,3.764826137915841e-07
2021-10-01,17,AR1 alpha + Enhanced + One-Step,NYSE:HII,2.9464387968383986e-07
2021-10-04,17,AR1 alpha + Enhanced + One-Step,NYSE:HII,2.2427008301566084e-07
2021-10-05,17,AR1 alpha + Enhanced + One-Step,NYSE:HII,0.0
2021-10-06,17,AR1 alpha + Enhanced + One-Step,NYSE:HII,0.0
2021-10-07,17,AR1 alpha + Enhanced + One-Step,NYSE:HII,0.0
2021-10-08,17,AR1 alpha + Enhanced + One-Step,NYSE:HII,0.0
2021-10-11,17,AR1 alpha + Enhanced + One-Step,NYSE:HII,0.0
2021-10-12,17,AR1 alpha + Enhanced + One-Step,NYSE:HII,2.3387161243979667e-07
2021-10-13,17,AR1 alpha + Enhanced + One-Step,NYSE:HII,1.9438339318533208e-07
2021-10-14,17,AR1 alpha + Enhanced + One-Step,NYSE:HII,5.6747641063737774e-08
2021-10-15,17,AR1 alpha + Enhanced + One-Step,NYSE:HII,0.0
2021-10-18,17,AR1 alpha + Enhanced + One-Step,NYSE:HII,0.0
2021-10-19,17,AR1 alpha + Enhanced + One-Step,NYSE:HII,3.1875665971324433e-09
2021-10-20,17,AR1 alpha + Enhanced + One-Step,NYSE:HII,2.0622884821209977e-07
2021-10-21,17,AR1 alpha + Enhanced + One-Step,NYSE:HII,1.645955810285022e-07
2021-10-22,17,AR1 alpha + Enhanced + One-Step,NYSE:HII,0.0
2021-10-25,17,AR1 alpha + Enhanced + One-Step,NYSE:HII,0.0
2021-10-26,17,AR1 alpha + Enhanced + One-Step,NYSE:HII,6.470451327858322e-08
2021-10-27,17,AR1 alpha + Enhanced + One-Step,NYSE:HII,2.467572261078135e-08
2021-10-28,17,AR1 alpha + Enhanced + One-Step,NYSE:HII,1.0411842229262402e-07
2021-10-29,17,AR1 alpha + Enhanced + One-Step,NYSE:HII,3.218674282727821e-07
2021-11-01,17,AR1 alpha + Enhanced + One-Step,NYSE:HII,2.7872348739646955e-08
2021-11-02,17,AR1 alpha + Enhanced + One-Step,NYSE:HII,7.856775929115191e-08
2021-11-03,17,AR1 alpha + Enhanced + One-Step,NYSE:HII,2.1839176162770228e-07
2021-11-04,17,AR1 alpha + Enhanced + One-Step,NYSE:HII,0.0
2021-11-05,17,AR1 alpha + Enhanced + One-Step,NYSE:HII,0.0
2021-11-08,17,AR1 alpha + Enhanced + One-Step,NYSE:HII,0.0
2021-11-09,17,AR1 alpha + Enhanced + One-Step,NYSE:HII,0.0
2021-11-10,17,AR1 alpha + Enhanced + One-Step,NYSE:HII,1.0009124905442164e-06
2021-11-11,17,AR1 alpha + Enhanced + One-Step,NYSE:HII,7.053320974858565e-07
2021-11-12,17,AR1 alpha + Enhanced + One-Step,NYSE:HII,9.686714078332626e-07
2021-11-15,17,AR1 alpha + Enhanced + One-Step,NYSE:HII,1.1268411143821158e-06
2021-11-16,17,AR1 alpha + Enhanced + One-Step,NYSE:HII,6.461996265179155e-07
2021-11-17,17,AR1 alpha + Enhanced + One-Step,NYSE:HII,0.0
2021-11-18,17,AR1 alpha + Enhanced + One-Step,NYSE:HII,0.0
2021-11-19,17,AR1 alpha + Enhanced + One-Step,NYSE:HII,2.4654641086748037e-07
2021-11-22,17,AR1 alpha + Enhanced + One-Step,NYSE:HII,3.7525421277287427e-07
2021-11-23,17,AR1 alpha + Enhanced + One-Step,NYSE:HII,0.0
2021-11-24,17,AR1 alpha + Enhanced + One-Step,NYSE:HII,0.0
2021-11-26,17,AR1 alpha + Enhanced + One-Step,NYSE:HII,0.0
2021-11-29,17,AR1 alpha + Enhanced + One-Step,NYSE:HII,3.332983264711557e-09
2021-11-30,17,AR1 alpha + Enhanced + One-Step,NYSE:HII,0.0
2021-12-01,17,AR1 alpha + Enhanced + One-Step,NYSE:HII,0.0
2021-12-02,17,AR1 alpha + Enhanced + One-Step,NYSE:HII,0.0
2021-12-03,17,AR1 alpha + Enhanced + One-Step,NYSE:HII,0.0
2021-12-06,17,AR1 alpha + Enhanced + One-Step,NYSE:HII,0.0
2021-12-07,17,AR1 alpha + Enhanced + One-Step,NYSE:HII,0.0
2021-12-08,17,AR1 alpha + Enhanced + One-Step,NYSE:HII,0.0
2021-12-09,17,AR1 alpha + Enhanced + One-Step,NYSE:HII,0.0
2021-12-10,17,AR1 alpha + Enhanced + One-Step,NYSE:HII,0.0
2021-12-13,17,AR1 alpha + Enhanced + One-Step,NYSE:HII,0.0
2021-12-14,17,AR1 alpha + Enhanced + One-Step,NYSE:HII,0.0
2021-12-15,17,AR1 alpha + Enhanced + One-Step,NYSE:HII,5.723438734849206e-07
2021-12-16,17,AR1 alpha + Enhanced + One-Step,NYSE:HII,4.833219807060173e-07
2021-12-17,17,AR1 alpha + Enhanced + One-Step,NYSE:HII,1.9535432009976924e-07
2021-12-20,17,AR1 alpha + Enhanced + One-Step,NYSE:HII,0.0
2021-12-21,17,AR1 alpha + Enhanced + One-Step,NYSE:HII,1.1489846840919331e-07
2021-12-22,17,AR1 alpha + Enhanced + One-Step,NYSE:HII,9.549999950271626e-08
2021-12-23,17,AR1 alpha + Enhanced + One-Step,NYSE:HII,4.195633853402238e-07
2021-12-27,17,AR1 alpha + Enhanced + One-Step,NYSE:HII,4.315255614451828e-07
2021-12-28,17,AR1 alpha + Enhanced + One-Step,NYSE:HII,3.591650657822575e-07
2021-12-29,17,AR1 alpha + Enhanced + One-Step,NYSE:HII,4.284503341120805e-07
2021-12-30,17,AR1 alpha + Enhanced + One-Step,NYSE:HII,3.951718658218635e-07
2021-12-31,17,AR1 alpha + Enhanced + One-Step,NYSE:HII,2.3379058898749416e-07
2022-01-03,17,AR1 alpha + Enhanced + One-Step,NYSE:HII,2.2835494857020848e-07
2022-01-04,17,AR1 alpha + Enhanced + One-Step,NYSE:HII,2.1395971809977175e-07
2022-01-05,17,AR1 alpha + Enhanced + One-Step,NYSE:HII,1.4904983216899025e-07
2022-01-06,17,AR1 alpha + Enhanced + One-Step,NYSE:HII,1.1566816063765208e-07
2022-01-07,17,AR1 alpha + Enhanced + One-Step,NYSE:HII,1.7598473390282245e-09
2022-01-10,17,AR1 alpha + Enhanced + One-Step,NYSE:HII,0.0
2022-01-11,17,AR1 alpha + Enhanced + One-Step,NYSE:HII,0.0
2022-01-12,17,AR1 alpha + Enhanced + One-Step,NYSE:HII,0.0
2022-01-13,17,AR1 alpha + Enhanced + One-Step,NYSE:HII,0.0
2022-01-14,17,AR1 alpha + Enhanced + One-Step,NYSE:HII,0.0
2022-01-18,17,AR1 alpha + Enhanced + One-Step,NYSE:HII,1.7385054133320057e-07
2022-01-19,17,AR1 alpha + Enhanced + One-Step,NYSE:HII,0.0
2022-01-20,17,AR1 alpha + Enhanced + One-Step,NYSE:HII,4.8326990237839516e-08
2022-01-21,17,AR1 alpha + Enhanced + One-Step,NYSE:HII,0.0
2022-01-24,17,AR1 alpha + Enhanced + One-Step,NYSE:HII,0.0
2022-01-25,17,AR1 alpha + Enhanced + One-Step,NYSE:HII,8.408577750698019e-08
2022-01-26,17,AR1 alpha + Enhanced + One-Step,NYSE:HII,1.7673254993212149e-07
2022-01-27,17,AR1 alpha + Enhanced + One-Step,NYSE:HII,0.0
2022-01-28,17,AR1 alpha + Enhanced + One-Step,NYSE:HII,8.656011310698658e-09
2022-01-31,17,AR1 alpha + Enhanced + One-Step,NYSE:HII,2.8944905260740493e-07
2022-02-01,17,AR1 alpha + Enhanced + One-Step,NYSE:HII,2.697271633960602e-07
2022-02-02,17,AR1 alpha + Enhanced + One-Step,NYSE:HII,1.6257749471041726e-07
2022-02-03,17,AR1 alpha + Enhanced + One-Step,NYSE:HII,0.0
2022-02-04,17,AR1 alpha + Enhanced + One-Step,NYSE:HII,0.0
2022-02-07,17,AR1 alpha + Enhanced + One-Step,NYSE:HII,0.0
2022-02-08,17,AR1 alpha + Enhanced + One-Step,NYSE:HII,3.4199001608709025e-09
2022-02-09,17,AR1 alpha + Enhanced + One-Step,NYSE:HII,2.727256600209617e-08
2022-02-10,17,AR1 alpha + Enhanced + One-Step,NYSE:HII,2.6008886661576806e-08
2022-02-11,17,AR1 alpha + Enhanced + One-Step,NYSE:HII,4.034660263963217e-07
2022-02-14,17,AR1 alpha + Enhanced + One-Step,NYSE:HII,1.921178523093626e-07
2022-02-15,17,AR1 alpha + Enhanced + One-Step,NYSE:HII,1.4111412396839286e-07
2022-02-16,17,AR1 alpha + Enhanced + One-Step,NYSE:HII,2.239208194419742e-07
2022-02-17,17,AR1 alpha + Enhanced + One-Step,NYSE:HII,1.7731372104121066e-07
2022-02-18,17,AR1 alpha + Enhanced + One-Step,NYSE:HII,1.819207313700984e-07
2022-02-22,17,AR1 alpha + Enhanced + One-Step,NYSE:HII,0.0
2022-02-23,17,AR1 alpha + Enhanced + One-Step,NYSE:HII,1.55337225809745e-08
2022-02-24,17,AR1 alpha + Enhanced + One-Step,NYSE:HII,0.0
2022-02-25,17,AR1 alpha + Enhanced + One-Step,NYSE:HII,6.953807798330009e-08
2022-02-28,17,AR1 alpha + Enhanced + One-Step,NYSE:HII,6.88399678183152e-08
2022-03-01,17,AR1 alpha + Enhanced + One-Step,NYSE:HII,1.4239316753504874e-07
2022-03-02,17,AR1 alpha + Enhanced + One-Step,NYSE:HII,4.177792403176576e-08
2022-03-03,17,AR1 alpha + Enhanced + One-Step,NYSE:HII,1.559628594560797e-08
2022-03-04,17,AR1 alpha + Enhanced + One-Step,NYSE:HII,0.0
2022-03-07,17,AR1 alpha + Enhanced + One-Step,NYSE:HII,1.0593868837822253e-06
2022-03-08,17,AR1 alpha + Enhanced + One-Step,NYSE:HII,6.52290378754559e-07
2022-03-09,17,AR1 alpha + Enhanced + One-Step,NYSE:HII,2.852985704771657e-07
2022-03-10,17,AR1 alpha + Enhanced + One-Step,NYSE:HII,2.48310935003319e-07
2022-03-11,17,AR1 alpha + Enhanced + One-Step,NYSE:HII,0.0
2022-03-14,17,AR1 alpha + Enhanced + One-Step,NYSE:HII,0.0
2022-03-15,17,AR1 alpha + Enhanced + One-Step,NYSE:HII,0.0
2022-03-16,17,AR1 alpha + Enhanced + One-Step,NYSE:HII,1.0809280092944481e-08
2022-03-17,17,AR1 alpha + Enhanced + One-Step,NYSE:HII,6.956204245076558e-08
2022-03-18,17,AR1 alpha + Enhanced + One-Step,NYSE:HII,2.7206309089876176e-08
2022-03-21,17,AR1 alpha + Enhanced + One-Step,NYSE:HII,1.6199123549845122e-07
2022-03-22,17,AR1 alpha + Enhanced + One-Step,NYSE:HII,1.1529244749207077e-07
2022-03-23,17,AR1 alpha + Enhanced + One-Step,NYSE:HII,4.676587155226604e-08
2022-03-24,17,AR1 alpha + Enhanced + One-Step,NYSE:HII,1.8008658306712136e-07
2022-03-25,17,AR1 alpha + Enhanced + One-Step,NYSE:HII,0.0
2022-03-28,17,AR1 alpha + Enhanced + One-Step,NYSE:HII,1.2547790050855653e-07
2022-03-29,17,AR1 alpha + Enhanced + One-Step,NYSE:HII,0.0
2022-03-30,17,AR1 alpha + Enhanced + One-Step,NYSE:HII,4.309755406462092e-10
2022-03-31,17,AR1 alpha + Enhanced + One-Step,NYSE:HII,0.0
2022-04-01,17,AR1 alpha + Enhanced + One-Step,NYSE:HII,0.0
2022-04-04,17,AR1 alpha + Enhanced + One-Step,NYSE:HII,0.0
2022-04-05,17,AR1 alpha + Enhanced + One-Step,NYSE:HII,0.0
2022-04-06,17,AR1 alpha + Enhanced + One-Step,NYSE:HII,0.0
2022-04-07,17,AR1 alpha + Enhanced + One-Step,NYSE:HII,0.0
2022-04-08,17,AR1 alpha + Enhanced + One-Step,NYSE:HII,2.314810995552597e-07
2022-04-11,17,AR1 alpha + Enhanced + One-Step,NYSE:HII,0.0
2022-04-12,17,AR1 alpha + Enhanced + One-Step,NYSE:HII,0.0
2022-04-13,17,AR1 alpha + Enhanced + One-Step,NYSE:HII,3.8909135271628214e-08
2022-04-14,17,AR1 alpha + Enhanced + One-Step,NYSE:HII,0.0
2022-04-18,17,AR1 alpha + Enhanced + One-Step,NYSE:HII,0.0
2022-04-19,17,AR1 alpha + Enhanced + One-Step,NYSE:HII,0.0
2022-04-20,17,AR1 alpha + Enhanced + One-Step,NYSE:HII,0.0
2022-04-21,17,AR1 alpha + Enhanced + One-Step,NYSE:HII,9.681606045472288e-10
2022-04-22,17,AR1 alpha + Enhanced + One-Step,NYSE:HII,0.0
2022-04-25,17,AR1 alpha + Enhanced + One-Step,NYSE:HII,0.0
2022-04-26,17,AR1 alpha + Enhanced + One-Step,NYSE:HII,1.0646182932175851e-07
2022-04-27,17,AR1 alpha + Enhanced + One-Step,NYSE:HII,1.1720329672952914e-07
2022-04-28,17,AR1 alpha + Enhanced + One-Step,NYSE:HII,0.0
2022-04-29,17,AR1 alpha + Enhanced + One-Step,NYSE:HII,0.0
2022-05-02,17,AR1 alpha + Enhanced + One-Step,NYSE:HII,1.5257236285222742e-07
2022-05-03,17,AR1 alpha + Enhanced + One-Step,NYSE:HII,4.346666377630215e-09
2022-05-04,17,AR1 alpha + Enhanced + One-Step,NYSE:HII,1.3245789517700996e-08
2022-05-05,17,AR1 alpha + Enhanced + One-Step,NYSE:HII,0.0
2022-05-06,17,AR1 alpha + Enhanced + One-Step,NYSE:HII,0.0
2022-05-09,17,AR1 alpha + Enhanced + One-Step,NYSE:HII,9.898137573681218e-08
2022-05-10,17,AR1 alpha + Enhanced + One-Step,NYSE:HII,0.0
2022-05-11,17,AR1 alpha + Enhanced + One-Step,NYSE:HII,2.3310897685709048e-07
2022-05-12,17,AR1 alpha + Enhanced + One-Step,NYSE:HII,0.0
2022-05-13,17,AR1 alpha + Enhanced + One-Step,NYSE:HII,0.0
2022-05-16,17,AR1 alpha + Enhanced + One-Step,NYSE:HII,5.7509242947967716e-08
2022-05-17,17,AR1 alpha + Enhanced + One-Step,NYSE:HII,0.0
2022-05-18,17,AR1 alpha + Enhanced + One-Step,NYSE:HII,1.3209019872472924e-07
2022-05-19,17,AR1 alpha + Enhanced + One-Step,NYSE:HII,0.0
2022-05-20,17,AR1 alpha + Enhanced + One-Step,NYSE:HII,4.0456710479955376e-09
2022-05-23,17,AR1 alpha + Enhanced + One-Step,NYSE:HII,0.0
2022-05-24,17,AR1 alpha + Enhanced + One-Step,NYSE:HII,5.0799193501423456e-08
2022-05-25,17,AR1 alpha + Enhanced + One-Step,NYSE:HII,0.0
2022-05-26,17,AR1 alpha + Enhanced + One-Step,NYSE:HII,3.42744612395086e-08
2022-05-27,17,AR1 alpha + Enhanced + One-Step,NYSE:HII,0.0
2022-05-31,17,AR1 alpha + Enhanced + One-Step,NYSE:HII,1.1632735562553664e-09
2022-06-01,17,AR1 alpha + Enhanced + One-Step,NYSE:HII,7.123621957763501e-07
2022-06-02,17,AR1 alpha + Enhanced + One-Step,NYSE:HII,6.732491852054169e-07
2022-06-03,17,AR1 alpha + Enhanced + One-Step,NYSE:HII,3.163910356292126e-07
2022-06-06,17,AR1 alpha + Enhanced + One-Step,NYSE:HII,2.903114792971969e-07
2022-06-07,17,AR1 alpha + Enhanced + One-Step,NYSE:HII,0.0
2022-06-08,17,AR1 alpha + Enhanced + One-Step,NYSE:HII,0.0
2022-06-09,17,AR1 alpha + Enhanced + One-Step,NYSE:HII,0.0
2022-06-10,17,AR1 alpha + Enhanced + One-Step,NYSE:HII,0.0
2022-06-13,17,AR1 alpha + Enhanced + One-Step,NYSE:HII,0.0
2022-06-14,17,AR1 alpha + Enhanced + One-Step,NYSE:HII,6.919137169890006e-07
2022-06-15,17,AR1 alpha + Enhanced + One-Step,NYSE:HII,2.2409558597013807e-07
2022-06-16,17,AR1 alpha + Enhanced + One-Step,NYSE:HII,3.168777901915115e-07
2022-06-17,17,AR1 alpha + Enhanced + One-Step,NYSE:HII,5.126715967756246e-09
2022-06-21,17,AR1 alpha + Enhanced + One-Step,NYSE:HII,0.0
2022-06-22,17,AR1 alpha + Enhanced + One-Step,NYSE:HII,0.0
2022-06-23,17,AR1 alpha + Enhanced + One-Step,NYSE:HII,0.0
2022-06-24,17,AR1 alpha + Enhanced + One-Step,NYSE:HII,0.0
2022-06-27,17,AR1 alpha + Enhanced + One-Step,NYSE:HII,2.5462970964543434e-07
2022-06-28,17,AR1 alpha + Enhanced + One-Step,NYSE:HII,1.407021395123147e-07
2022-06-29,17,AR1 alpha + Enhanced + One-Step,NYSE:HII,9.574087016962642e-09
2022-06-30,17,AR1 alpha + Enhanced + One-Step,NYSE:HII,1.3866763364661174e-07
2022-07-01,17,AR1 alpha + Enhanced + One-Step,NYSE:HII,0.0
2022-07-05,17,AR1 alpha + Enhanced + One-Step,NYSE:HII,0.0
2022-07-06,17,AR1 alpha + Enhanced + One-Step,NYSE:HII,0.0
2022-07-07,17,AR1 alpha + Enhanced + One-Step,NYSE:HII,0.0
2022-07-08,17,AR1 alpha + Enhanced + One-Step,NYSE:HII,0.0
2022-07-11,17,AR1 alpha + Enhanced + One-Step,NYSE:HII,0.002826916143075217
2022-07-12,17,AR1 alpha + Enhanced + One-Step,NYSE:HII,0.0028268295192035347
2022-07-13,17,AR1 alpha + Enhanced + One-Step,NYSE:HII,0.002826613712932395
2022-07-14,17,AR1 alpha + Enhanced + One-Step,NYSE:HII,0.002826644429381783
2022-07-15,17,AR1 alpha + Enhanced + One-Step,NYSE:HII,0.00282668538089281
2022-07-18,17,AR1 alpha + Enhanced + One-Step,NYSE:HII,0.0028265705587688086
2022-07-19,17,AR1 alpha + Enhanced + One-Step,NYSE:HII,0.002826511695751815
2022-07-20,17,AR1 alpha + Enhanced + One-Step,NYSE:HII,0.0028264801926665447
2022-07-21,17,AR1 alpha + Enhanced + One-Step,NYSE:HII,0.002826445385479002
2022-07-22,17,AR1 alpha + Enhanced + One-Step,NYSE:HII,0.0028264414089338116
2022-07-25,17,AR1 alpha + Enhanced + One-Step,NYSE:HII,0.002826885941043599
2022-07-26,17,AR1 alpha + Enhanced + One-Step,NYSE:HII,0.002826881720859915
2022-07-27,17,AR1 alpha + Enhanced + One-Step,NYSE:HII,0.002826883591866444
2022-07-28,17,AR1 alpha + Enhanced + One-Step,NYSE:HII,0.002826897877283198
2022-07-29,17,AR1 alpha + Enhanced + One-Step,NYSE:HII,0.003033795018501883
2022-08-01,17,AR1 alpha + Enhanced + One-Step,NYSE:HII,0.0030338241682907213
2022-08-02,17,AR1 alpha + Enhanced + One-Step,NYSE:HII,0.0030340633922964788
2022-08-03,17,AR1 alpha + Enhanced + One-Step,NYSE:HII,0.0030340600389577887
2022-08-04,17,AR1 alpha + Enhanced + One-Step,NYSE:HII,0.0030336854894854495
2022-08-05,17,AR1 alpha + Enhanced + One-Step,NYSE:HII,0.006833400888596172
2022-08-08,17,AR1 alpha + Enhanced + One-Step,NYSE:HII,0.008308347025273045
2022-08-09,17,AR1 alpha + Enhanced + One-Step,NYSE:HII,0.008309025409034438
2022-08-10,17,AR1 alpha + Enhanced + One-Step,NYSE:HII,0.013813964507921687
2022-08-11,17,AR1 alpha + Enhanced + One-Step,NYSE:HII,0.013813680147546688
2022-08-12,17,AR1 alpha + Enhanced + One-Step,NYSE:HII,0.02649217457624589
2022-08-15,17,AR1 alpha + Enhanced + One-Step,NYSE:HII,0.03920828498393803
2022-08-16,17,AR1 alpha + Enhanced + One-Step,NYSE:HII,0.039208347231051266
2022-08-17,17,AR1 alpha + Enhanced + One-Step,NYSE:HII,0.03920836960270565
2022-08-18,17,AR1 alpha + Enhanced + One-Step,NYSE:HII,0.055462281759440506
2022-08-19,17,AR1 alpha + Enhanced + One-Step,NYSE:HII,0.061371025011853805
2022-08-22,17,AR1 alpha + Enhanced + One-Step,NYSE:HII,0.06137184997934754
2022-08-23,17,AR1 alpha + Enhanced + One-Step,NYSE:HII,0.061371180132193996
2022-08-24,17,AR1 alpha + Enhanced + One-Step,NYSE:HII,0.06137109127354311
2022-08-25,17,AR1 alpha + Enhanced + One-Step,NYSE:HII,0.0639374739086394
2022-08-26,17,AR1 alpha + Enhanced + One-Step,NYSE:HII,0.0639369270390718
2022-08-29,17,AR1 alpha + Enhanced + One-Step,NYSE:HII,0.06393711339558622
2022-08-30,17,AR1 alpha + Enhanced + One-Step,NYSE:HII,0.06276544495951908
2022-08-31,17,AR1 alpha + Enhanced + One-Step,NYSE:HII,0.059767639538561575
2022-09-01,17,AR1 alpha + Enhanced + One-Step,NYSE:HII,0.0542591133458333
2022-09-02,17,AR1 alpha + Enhanced + One-Step,NYSE:HII,0.054259062278447984
2022-09-06,17,AR1 alpha + Enhanced + One-Step,NYSE:HII,0.052435835649035464
2022-09-07,17,AR1 alpha + Enhanced + One-Step,NYSE:HII,0.055723864216262964
2022-09-08,17,AR1 alpha + Enhanced + One-Step,NYSE:HII,0.06316992465813992
2022-09-09,17,AR1 alpha + Enhanced + One-Step,NYSE:HII,0.07652029775497794
2022-09-12,17,AR1 alpha + Enhanced + One-Step,NYSE:HII,0.08063359572774387
2022-09-13,17,AR1 alpha + Enhanced + One-Step,NYSE:HII,0.0806336198535675
2022-09-14,17,AR1 alpha + Enhanced + One-Step,NYSE:HII,0.08063238209644176
2022-09-15,17,AR1 alpha + Enhanced + One-Step,NYSE:HII,0.07908312233725442
2022-09-16,17,AR1 alpha + Enhanced + One-Step,NYSE:HII,0.07908319121809905
2022-09-19,17,AR1 alpha + Enhanced + One-Step,NYSE:HII,0.08553170565296227
2022-09-20,17,AR1 alpha + Enhanced + One-Step,NYSE:HII,0.08014410618012863
2022-09-21,17,AR1 alpha + Enhanced + One-Step,NYSE:HII,0.08114313788186099
2022-09-22,17,AR1 alpha + Enhanced + One-Step,NYSE:HII,0.08114312318472128
2022-09-23,17,AR1 alpha + Enhanced + One-Step,NYSE:HII,0.06956596103323827
2022-09-26,17,AR1 alpha + Enhanced + One-Step,NYSE:HII,0.060734134363560816
2022-09-27,17,AR1 alpha + Enhanced + One-Step,NYSE:HII,0.06073406833076403
2022-09-28,17,AR1 alpha + Enhanced + One-Step,NYSE:HII,0.07668113306936492
2022-09-29,17,AR1 alpha + Enhanced + One-Step,NYSE:HII,0.0831748781743003
2022-09-30,17,AR1 alpha + Enhanced + One-Step,NYSE:HII,0.08407155393382855
2022-10-03,17,AR1 alpha + Enhanced + One-Step,NYSE:HII,0.0949522160196814
2022-10-04,17,AR1 alpha + Enhanced + One-Step,NYSE:HII,0.09999900106906012
2022-10-05,17,AR1 alpha + Enhanced + One-Step,NYSE:HII,0.09999438867580131
2022-10-06,17,AR1 alpha + Enhanced + One-Step,NYSE:HII,0.09999363647967012
2022-10-07,17,AR1 alpha + Enhanced + One-Step,NYSE:HII,0.09999536780656369
2022-10-10,17,AR1 alpha + Enhanced + One-Step,NYSE:HII,0.09999493736875663
2022-10-11,17,AR1 alpha + Enhanced + One-Step,NYSE:HII,0.0999919663150297
2022-10-12,17,AR1 alpha + Enhanced + One-Step,NYSE:HII,0.09999316468077879
2022-10-13,17,AR1 alpha + Enhanced + One-Step,NYSE:HII,0.09999557743974037
2022-10-14,17,AR1 alpha + Enhanced + One-Step,NYSE:HII,0.09999678255609015
2022-10-17,17,AR1 alpha + Enhanced + One-Step,NYSE:HII,0.09999756413795237
2022-10-18,17,AR1 alpha + Enhanced + One-Step,NYSE:HII,0.09999822130635565
2022-10-19,17,AR1 alpha + Enhanced + One-Step,NYSE:HII,0.09999868444538945
2022-10-20,17,AR1 alpha + Enhanced + One-Step,NYSE:HII,0.09999815449173774
2022-10-21,17,AR1 alpha + Enhanced + One-Step,NYSE:HII,0.09999867799515168
2022-10-24,17,AR1 alpha + Enhanced + One-Step,NYSE:HII,0.09999679434122771
2022-10-25,17,AR1 alpha + Enhanced + One-Step,NYSE:HII,0.09999765167410762
2022-10-26,17,AR1 alpha + Enhanced + One-Step,NYSE:HII,0.09999825263907443
2022-10-27,17,AR1 alpha + Enhanced + One-Step,NYSE:HII,0.09999540914109889
2022-10-28,17,AR1 alpha + Enhanced + One-Step,NYSE:HII,0.09999642624577568
2022-10-31,17,AR1 alpha + Enhanced + One-Step,NYSE:HII,0.09999625743077435
2022-11-01,17,AR1 alpha + Enhanced + One-Step,NYSE:HII,0.09999554412599425
2022-11-02,17,AR1 alpha + Enhanced + One-Step,NYSE:HII,0.09999671651374396
2022-11-03,17,AR1 alpha + Enhanced + One-Step,NYSE:HII,0.09999936503733003
2022-11-04,17,AR1 alpha + Enhanced + One-Step,NYSE:HII,0.09999902309329099
2022-11-07,17,AR1 alpha + Enhanced + One-Step,NYSE:HII,0.09999551100679531
2022-11-08,17,AR1 alpha + Enhanced + One-Step,NYSE:HII,0.09999677688679487
2022-11-09,17,AR1 alpha + Enhanced + One-Step,NYSE:HII,0.09999704039541081
2022-11-10,17,AR1 alpha + Enhanced + One-Step,NYSE:HII,0.09999780664994046
2022-11-11,17,AR1 alpha + Enhanced + One-Step,NYSE:HII,0.09999775828755016
2022-11-14,17,AR1 alpha + Enhanced + One-Step,NYSE:HII,0.0999980041636381
2022-11-15,17,AR1 alpha + Enhanced + One-Step,NYSE:HII,0.09999803510656799
2022-11-16,17,AR1 alpha + Enhanced + One-Step,NYSE:HII,0.09999854752150643
2022-11-17,17,AR1 alpha + Enhanced + One-Step,NYSE:HII,0.09999866776163317
2022-11-18,17,AR1 alpha + Enhanced + One-Step,NYSE:HII,0.0999990507029129
2022-11-21,17,AR1 alpha + Enhanced + One-Step,NYSE:HII,0.09999856253935453
2022-11-22,17,AR1 alpha + Enhanced + One-Step,NYSE:HII,0.09999635197065808
2022-11-23,17,AR1 alpha + Enhanced + One-Step,NYSE:HII,0.0999983571784741
2022-11-25,17,AR1 alpha + Enhanced + One-Step,NYSE:HII,0.09999930370589283
2022-11-28,17,AR1 alpha + Enhanced + One-Step,NYSE:HII,0.09999950991732266
2022-11-29,17,AR1 alpha + Enhanced + One-Step,NYSE:HII,0.09999963568744234
2022-11-30,17,AR1 alpha + Enhanced + One-Step,NYSE:HII,0.09999973324708833
2022-12-01,17,AR1 alpha + Enhanced + One-Step,NYSE:HII,0.09999931104742613
2022-12-02,17,AR1 alpha + Enhanced + One-Step,NYSE:HII,0.09999954671505067
2022-12-05,17,AR1 alpha + Enhanced + One-Step,NYSE:HII,0.09999604765327956
2022-12-06,17,AR1 alpha + Enhanced + One-Step,NYSE:HII,0.0999934874530133
2022-12-07,17,AR1 alpha + Enhanced + One-Step,NYSE:HII,0.09999365007577918
2022-12-08,17,AR1 alpha + Enhanced + One-Step,NYSE:HII,0.0999952496559351
2022-12-09,17,AR1 alpha + Enhanced + One-Step,NYSE:HII,0.09999185034561194
2022-12-12,17,AR1 alpha + Enhanced + One-Step,NYSE:HII,0.0999911766032631
2022-12-13,17,AR1 alpha + Enhanced + One-Step,NYSE:HII,0.0999898309975679
2022-12-14,17,AR1 alpha + Enhanced + One-Step,NYSE:HII,0.09998719006865624
2022-12-15,17,AR1 alpha + Enhanced + One-Step,NYSE:HII,0.09998574284494692
2022-12-16,17,AR1 alpha + Enhanced + One-Step,NYSE:HII,0.09998491915103451
2022-12-19,17,AR1 alpha + Enhanced + One-Step,NYSE:HII,0.09999085711624416
2022-12-20,17,AR1 alpha + Enhanced + One-Step,NYSE:HII,0.09999147369407277
2022-12-21,17,AR1 alpha + Enhanced + One-Step,NYSE:HII,0.09999373160290793
2022-12-22,17,AR1 alpha + Enhanced + One-Step,NYSE:HII,0.09999536265250913
2022-12-23,17,AR1 alpha + Enhanced + One-Step,NYSE:HII,0.0999965972686495
2022-12-27,17,AR1 alpha + Enhanced + One-Step,NYSE:HII,0.09999749915996119
2022-12-28,17,AR1 alpha + Enhanced + One-Step,NYSE:HII,0.0999985012456575
2022-12-29,17,AR1 alpha + Enhanced + One-Step,NYSE:HII,0.09999838152125921
2022-12-30,17,AR1 alpha + Enhanced + One-Step,NYSE:HII,0.09999880856753417
2023-01-03,17,AR1 alpha + Enhanced + One-Step,NYSE:HII,0.09999913051632493
2023-01-04,17,AR1 alpha + Enhanced + One-Step,NYSE:HII,0.09999925966644076
2023-01-05,17,AR1 alpha + Enhanced + One-Step,NYSE:HII,0.10000009523732624
2023-01-06,17,AR1 alpha + Enhanced + One-Step,NYSE:HII,0.10000008305499583
2023-01-09,17,AR1 alpha + Enhanced + One-Step,NYSE:HII,0.09999596132156927
2023-01-10,17,AR1 alpha + Enhanced + One-Step,NYSE:HII,0.09999628647848581
2023-01-11,17,AR1 alpha + Enhanced + One-Step,NYSE:HII,0.09999383798706807
2023-01-12,17,AR1 alpha + Enhanced + One-Step,NYSE:HII,0.09999197197392934
2023-01-13,17,AR1 alpha + Enhanced + One-Step,NYSE:HII,0.09998957590212879
2023-01-17,17,AR1 alpha + Enhanced + One-Step,NYSE:HII,0.09999145159869227
2023-01-18,17,AR1 alpha + Enhanced + One-Step,NYSE:HII,0.09999127541955946
2023-01-19,17,AR1 alpha + Enhanced + One-Step,NYSE:HII,0.09998967200729414
2023-01-20,17,AR1 alpha + Enhanced + One-Step,NYSE:HII,0.09998827522010587
2023-01-23,17,AR1 alpha + Enhanced + One-Step,NYSE:HII,0.09998678165369577
2023-01-24,17,AR1 alpha + Enhanced + One-Step,NYSE:HII,0.09999027274291707
2023-01-25,17,AR1 alpha + Enhanced + One-Step,NYSE:HII,0.09999029187771478
2023-01-26,17,AR1 alpha + Enhanced + One-Step,NYSE:HII,0.09999021090442625
2023-01-27,17,AR1 alpha + Enhanced + One-Step,NYSE:HII,0.09998580527295317
2023-01-30,17,AR1 alpha + Enhanced + One-Step,NYSE:HII,0.09999154219422736
2023-01-31,17,AR1 alpha + Enhanced + One-Step,NYSE:HII,0.09999005374617077
2023-02-01,17,AR1 alpha + Enhanced + One-Step,NYSE:HII,0.0999873904981065
2023-02-02,17,AR1 alpha + Enhanced + One-Step,NYSE:HII,0.09998870989795813
2023-02-03,17,AR1 alpha + Enhanced + One-Step,NYSE:HII,0.09999348937639307
2023-02-06,17,AR1 alpha + Enhanced + One-Step,NYSE:HII,0.09999515588042071
2023-02-07,17,AR1 alpha + Enhanced + One-Step,NYSE:HII,0.09999956928170872
2023-02-08,17,AR1 alpha + Enhanced + One-Step,NYSE:HII,0.10000000094710117
2023-02-09,17,AR1 alpha + Enhanced + One-Step,NYSE:HII,0.09999994318489287
2023-02-10,17,AR1 alpha + Enhanced + One-Step,NYSE:HII,0.09999746343888286
2023-02-13,17,AR1 alpha + Enhanced + One-Step,NYSE:HII,0.0999980078703165
2023-02-14,17,AR1 alpha + Enhanced + One-Step,NYSE:HII,0.0999975403903906
2023-02-15,17,AR1 alpha + Enhanced + One-Step,NYSE:HII,0.09999843687562225
2023-02-16,17,AR1 alpha + Enhanced + One-Step,NYSE:HII,0.09999379880120446
2023-02-17,17,AR1 alpha + Enhanced + One-Step,NYSE:HII,0.09999173257581036
2023-02-21,17,AR1 alpha + Enhanced + One-Step,NYSE:HII,0.09998702959349955
2023-02-22,17,AR1 alpha + Enhanced + One-Step,NYSE:HII,0.0999843329193287
2023-02-23,17,AR1 alpha + Enhanced + One-Step,NYSE:HII,0.09998432549082971
2023-02-24,17,AR1 alpha + Enhanced + One-Step,NYSE:HII,0.09999227768769019
2023-02-27,17,AR1 alpha + Enhanced + One-Step,NYSE:HII,0.09999437055881809
2023-02-28,17,AR1 alpha + Enhanced + One-Step,NYSE:HII,0.0999974997866277
2023-03-01,17,AR1 alpha + Enhanced + One-Step,NYSE:HII,0.09999810822492018
2023-03-02,17,AR1 alpha + Enhanced + One-Step,NYSE:HII,0.09999603535989579
2023-03-03,17,AR1 alpha + Enhanced + One-Step,NYSE:HII,0.09999228392821291
2023-03-06,17,AR1 alpha + Enhanced + One-Step,NYSE:HII,0.09225566160751549
2023-03-07,17,AR1 alpha + Enhanced + One-Step,NYSE:HII,0.08730455943152868
2023-03-08,17,AR1 alpha + Enhanced + One-Step,NYSE:HII,0.08194173592532754
2023-03-09,17,AR1 alpha + Enhanced + One-Step,NYSE:HII,0.08049173572722938
2023-03-10,17,AR1 alpha + Enhanced + One-Step,NYSE:HII,0.06734632224245922
2023-03-13,17,AR1 alpha + Enhanced + One-Step,NYSE:HII,0.05905384252905929
2023-03-14,17,AR1 alpha + Enhanced + One-Step,NYSE:HII,0.059053854976659784
2023-03-15,17,AR1 alpha + Enhanced + One-Step,NYSE:HII,0.059053695574685726
2023-03-16,17,AR1 alpha + Enhanced + One-Step,NYSE:HII,0.0637185931978485
2023-03-17,17,AR1 alpha + Enhanced + One-Step,NYSE:HII,0.06371840053997774
2023-03-20,17,AR1 alpha + Enhanced + One-Step,NYSE:HII,0.06905474134689317
2023-03-21,17,AR1 alpha + Enhanced + One-Step,NYSE:HII,0.06905414858810033
2023-03-22,17,AR1 alpha + Enhanced + One-Step,NYSE:HII,0.0783935061376113
2023-03-23,17,AR1 alpha + Enhanced + One-Step,NYSE:HII,0.07839037223992784
2023-03-24,17,AR1 alpha + Enhanced + One-Step,NYSE:HII,0.08566670577389678
2023-03-27,17,AR1 alpha + Enhanced + One-Step,NYSE:HII,0.08566655560397246
2023-03-28,17,AR1 alpha + Enhanced + One-Step,NYSE:HII,0.08566634599794389
2023-03-29,17,AR1 alpha + Enhanced + One-Step,NYSE:HII,0.09129763987465492
2023-03-30,17,AR1 alpha + Enhanced + One-Step,NYSE:HII,0.0952962499533411
2023-03-31,17,AR1 alpha + Enhanced + One-Step,NYSE:HII,0.09529632684604668
2023-04-03,17,AR1 alpha + Enhanced + One-Step,NYSE:HII,0.09529559227944603
2023-04-04,17,AR1 alpha + Enhanced + One-Step,NYSE:HII,0.09529482699581324
2023-04-05,17,AR1 alpha + Enhanced + One-Step,NYSE:HII,0.09529373607429702
2023-04-06,17,AR1 alpha + Enhanced + One-Step,NYSE:HII,0.09529354666735892
2023-04-10,17,AR1 alpha + Enhanced + One-Step,NYSE:HII,0.09999958559333369
2023-04-11,17,AR1 alpha + Enhanced + One-Step,NYSE:HII,0.09999640083196501
2023-04-12,17,AR1 alpha + Enhanced + One-Step,NYSE:HII,0.0999965357297494
2023-04-13,17,AR1 alpha + Enhanced + One-Step,NYSE:HII,0.09999707819247414
2023-04-14,17,AR1 alpha + Enhanced + One-Step,NYSE:HII,0.09999578266921394
2023-04-17,17,AR1 alpha + Enhanced + One-Step,NYSE:HII,0.0999976684936963
2023-04-18,17,AR1 alpha + Enhanced + One-Step,NYSE:HII,0.09999718059895923
2023-04-19,17,AR1 alpha + Enhanced + One-Step,NYSE:HII,0.09999705928152577
2023-04-20,17,AR1 alpha + Enhanced + One-Step,NYSE:HII,0.0999979145405242
2023-04-21,17,AR1 alpha + Enhanced + One-Step,NYSE:HII,0.09999320308507736
2023-04-24,17,AR1 alpha + Enhanced + One-Step,NYSE:HII,0.0999909886769714
2023-04-25,17,AR1 alpha + Enhanced + One-Step,NYSE:HII,0.09999336515823319
2023-04-26,17,AR1 alpha + Enhanced + One-Step,NYSE:HII,0.09999400356219519
2023-04-27,17,AR1 alpha + Enhanced + One-Step,NYSE:HII,0.0999935820900584
2023-04-28,17,AR1 alpha + Enhanced + One-Step,NYSE:HII,0.09730743096331833
2023-05-01,17,AR1 alpha + Enhanced + One-Step,NYSE:HII,0.09730711614545917
2023-05-02,17,AR1 alpha + Enhanced + One-Step,NYSE:HII,0.09730725329552416
2023-05-03,17,AR1 alpha + Enhanced + One-Step,NYSE:HII,0.09730727784331203
2023-05-04,17,AR1 alpha + Enhanced + One-Step,NYSE:HII,0.09730723231477074
2023-05-05,17,AR1 alpha + Enhanced + One-Step,NYSE:HII,0.09730721655062723
2023-05-08,17,AR1 alpha + Enhanced + One-Step,NYSE:HII,0.09730665905241606
2023-05-09,17,AR1 alpha + Enhanced + One-Step,NYSE:HII,0.08257881173538714
2023-05-10,17,AR1 alpha + Enhanced + One-Step,NYSE:HII,0.06373165380063618
2023-05-11,17,AR1 alpha + Enhanced + One-Step,NYSE:HII,0.06373162493516983
2023-05-12,17,AR1 alpha + Enhanced + One-Step,NYSE:HII,0.06373179105465246
2023-05-15,17,AR1 alpha + Enhanced + One-Step,NYSE:HII,0.06373116968374785
2023-05-16,17,AR1 alpha + Enhanced + One-Step,NYSE:HII,0.0637312504903833
2023-05-17,17,AR1 alpha + Enhanced + One-Step,NYSE:HII,0.05628285590843763
2023-05-18,17,AR1 alpha + Enhanced + One-Step,NYSE:HII,0.05628538908876396
2023-05-19,17,AR1 alpha + Enhanced + One-Step,NYSE:HII,0.0562853882140866
2023-05-22,17,AR1 alpha + Enhanced + One-Step,NYSE:HII,0.056285319044627205
2023-05-23,17,AR1 alpha + Enhanced + One-Step,NYSE:HII,0.05628368929946588
2023-05-24,17,AR1 alpha + Enhanced + One-Step,NYSE:HII,0.056283688221329065
2023-05-25,17,AR1 alpha + Enhanced + One-Step,NYSE:HII,0.05628330818566065
2023-05-26,17,AR1 alpha + Enhanced + One-Step,NYSE:HII,0.05628291256252118
2023-05-30,17,AR1 alpha + Enhanced + One-Step,NYSE:HII,0.05628268188085547
2023-05-31,17,AR1 alpha + Enhanced + One-Step,NYSE:HII,0.05567016044687446
2023-06-01,17,AR1 alpha + Enhanced + One-Step,NYSE:HII,0.05566721197019245
2023-06-02,17,AR1 alpha + Enhanced + One-Step,NYSE:HII,0.05566640977488661
2023-06-05,17,AR1 alpha + Enhanced + One-Step,NYSE:HII,0.05566496494481432
2023-06-06,17,AR1 alpha + Enhanced + One-Step,NYSE:HII,0.055666658283028574
2023-06-07,17,AR1 alpha + Enhanced + One-Step,NYSE:HII,0.05566643722184865
2023-06-08,17,AR1 alpha + Enhanced + One-Step,NYSE:HII,0.055666120057261695
2023-06-09,17,AR1 alpha + Enhanced + One-Step,NYSE:HII,0.055664228061567796
2023-06-12,17,AR1 alpha + Enhanced + One-Step,NYSE:HII,0.05566346403641692
2023-06-13,17,AR1 alpha + Enhanced + One-Step,NYSE:HII,0.04843842032499662
2023-06-14,17,AR1 alpha + Enhanced + One-Step,NYSE:HII,0.04172093247110424
2023-06-15,17,AR1 alpha + Enhanced + One-Step,NYSE:HII,0.04058113828826267
2023-06-16,17,AR1 alpha + Enhanced + One-Step,NYSE:HII,0.028304284347514537
2023-06-20,17,AR1 alpha + Enhanced + One-Step,NYSE:HII,0.020799383800730507
2023-06-21,17,AR1 alpha + Enhanced + One-Step,NYSE:HII,0.012654407946422955
2023-06-22,17,AR1 alpha + Enhanced + One-Step,NYSE:HII,0.010856027120048793
2023-06-23,17,AR1 alpha + Enhanced + One-Step,NYSE:HII,0.0005560171896059202
2023-06-26,17,AR1 alpha + Enhanced + One-Step,NYSE:HII,0.0005552168830458921
2023-06-27,17,AR1 alpha + Enhanced + One-Step,NYSE:HII,0.0
2023-06-28,17,AR1 alpha + Enhanced + One-Step,NYSE:HII,0.0
2023-06-29,17,AR1 alpha + Enhanced + One-Step,NYSE:HII,0.0
2023-06-30,17,AR1 alpha + Enhanced + One-Step,NYSE:HII,0.0
2023-07-03,17,AR1 alpha + Enhanced + One-Step,NYSE:HII,0.0
2023-07-05,17,AR1 alpha + Enhanced + One-Step,NYSE:HII,3.7834540687464e-07
2023-07-06,17,AR1 alpha + Enhanced + One-Step,NYSE:HII,4.666737444412129e-07
2023-07-07,17,AR1 alpha + Enhanced + One-Step,NYSE:HII,3.1608402944196897e-06
2023-07-10,17,AR1 alpha + Enhanced + One-Step,NYSE:HII,1.8509942450925476e-06
2023-07-11,17,AR1 alpha + Enhanced + One-Step,NYSE:HII,6.85618712230974e-07
2023-07-12,17,AR1 alpha + Enhanced + One-Step,NYSE:HII,8.487279960560056e-07
2023-07-13,17,AR1 alpha + Enhanced + One-Step,NYSE:HII,0.005594851439761145
2023-07-14,17,AR1 alpha + Enhanced + One-Step,NYSE:HII,0.015037722164715037
2023-07-17,17,AR1 alpha + Enhanced + One-Step,NYSE:HII,0.015037403647981552
2023-07-18,17,AR1 alpha + Enhanced + One-Step,NYSE:HII,0.027428093478100136
2023-07-19,17,AR1 alpha + Enhanced + One-Step,NYSE:HII,0.04236502363717076
2023-07-20,17,AR1 alpha + Enhanced + One-Step,NYSE:HII,0.042364524759472534
2023-07-21,17,AR1 alpha + Enhanced + One-Step,NYSE:HII,0.04236373928312781
2023-07-24,17,AR1 alpha + Enhanced + One-Step,NYSE:HII,0.04235924891150209
2023-07-25,17,AR1 alpha + Enhanced + One-Step,NYSE:HII,0.042358049677935945
2023-07-26,17,AR1 alpha + Enhanced + One-Step,NYSE:HII,0.04235506244743559
2023-07-27,17,AR1 alpha + Enhanced + One-Step,NYSE:HII,0.04235388351794326
2023-08-01,17,AR1 alpha + Enhanced + One-Step,NYSE:HII,0.04235303835960454
2023-08-02,17,AR1 alpha + Enhanced + One-Step,NYSE:HII,0.042352641321918245
2023-08-03,17,AR1 alpha + Enhanced + One-Step,NYSE:HII,0.04235284627033931
2023-08-04,17,AR1 alpha + Enhanced + One-Step,NYSE:HII,0.04235585213465064
2023-08-07,17,AR1 alpha + Enhanced + One-Step,NYSE:HII,0.04235551151941387
2023-08-08,17,AR1 alpha + Enhanced + One-Step,NYSE:HII,0.0423554235993844
2023-08-09,17,AR1 alpha + Enhanced + One-Step,NYSE:HII,0.028737879093033398
2023-08-10,17,AR1 alpha + Enhanced + One-Step,NYSE:HII,0.028737227849053696
2023-08-11,17,AR1 alpha + Enhanced + One-Step,NYSE:HII,0.028736341185137865
2023-08-14,17,AR1 alpha + Enhanced + One-Step,NYSE:HII,0.02873491752421026
2023-08-15,17,AR1 alpha + Enhanced + One-Step,NYSE:HII,0.02873492443393463
2023-08-16,17,AR1 alpha + Enhanced + One-Step,NYSE:HII,0.028733954416414013
2023-08-17,17,AR1 alpha + Enhanced + One-Step,NYSE:HII,0.02873343324783699
2023-08-18,17,AR1 alpha + Enhanced + One-Step,NYSE:HII,0.028732359898676486
2023-08-21,17,AR1 alpha + Enhanced + One-Step,NYSE:HII,0.028731770394879882
2023-08-22,17,AR1 alpha + Enhanced + One-Step,NYSE:HII,0.025969138743178268
2023-08-23,17,AR1 alpha + Enhanced + One-Step,NYSE:HII,0.02596801327489501
2023-08-24,17,AR1 alpha + Enhanced + One-Step,NYSE:HII,0.02596775151210054
2023-08-25,17,AR1 alpha + Enhanced + One-Step,NYSE:HII,0.021789065605492416
2023-08-28,17,AR1 alpha + Enhanced + One-Step,NYSE:HII,0.01975761145039975
2023-08-29,17,AR1 alpha + Enhanced + One-Step,NYSE:HII,0.01859773454060264
2023-08-30,17,AR1 alpha + Enhanced + One-Step,NYSE:HII,0.0007782882311513766
2023-08-31,17,AR1 alpha + Enhanced + One-Step,NYSE:HII,0.0
2023-09-01,17,AR1 alpha + Enhanced + One-Step,NYSE:HII,0.0
2023-09-05,17,AR1 alpha + Enhanced + One-Step,NYSE:HII,0.0
2023-09-06,17,AR1 alpha + Enhanced + One-Step,NYSE:HII,1.5988966014035105e-06
2023-09-07,17,AR1 alpha + Enhanced + One-Step,NYSE:HII,1.2541644069717954e-06
2023-09-08,17,AR1 alpha + Enhanced + One-Step,NYSE:HII,0.0
2023-09-11,17,AR1 alpha + Enhanced + One-Step,NYSE:HII,2.62872836749618e-08
2023-09-12,17,AR1 alpha + Enhanced + One-Step,NYSE:HII,1.4937367627605679e-07
2023-09-13,17,AR1 alpha + Enhanced + One-Step,NYSE:HII,0.0
2023-09-14,17,AR1 alpha + Enhanced + One-Step,NYSE:HII,4.8276313066384155e-08
2023-09-15,17,AR1 alpha + Enhanced + One-Step,NYSE:HII,3.150734272361064e-07
2023-09-18,17,AR1 alpha + Enhanced + One-Step,NYSE:HII,1.7282649026590256e-07
2023-09-19,17,AR1 alpha + Enhanced + One-Step,NYSE:HII,1.5283244474540021e-07
2023-09-20,17,AR1 alpha + Enhanced + One-Step,NYSE:HII,1.1052434469327421e-07
2023-09-21,17,AR1 alpha + Enhanced + One-Step,NYSE:HII,1.3142778418076082e-07
2023-09-22,17,AR1 alpha + Enhanced + One-Step,NYSE:HII,1.0778611937218929e-07
2023-09-25,17,AR1 alpha + Enhanced + One-Step,NYSE:HII,0.0
2023-09-26,17,AR1 alpha + Enhanced + One-Step,NYSE:HII,0.0
2023-09-27,17,AR1 alpha + Enhanced + One-Step,NYSE:HII,6.423285842890375e-10
2023-09-28,17,AR1 alpha + Enhanced + One-Step,NYSE:HII,5.381245342760535e-09
2023-09-29,17,AR1 alpha + Enhanced + One-Step,NYSE:HII,0.0
2023-10-02,17,AR1 alpha + Enhanced + One-Step,NYSE:HII,0.0
2023-10-03,17,AR1 alpha + Enhanced + One-Step,NYSE:HII,0.0
2023-10-04,17,AR1 alpha + Enhanced + One-Step,NYSE:HII,0.0
2023-10-05,17,AR1 alpha + Enhanced + One-Step,NYSE:HII,0.0
2023-10-06,17,AR1 alpha + Enhanced + One-Step,NYSE:HII,0.0
2023-10-09,17,AR1 alpha + Enhanced + One-Step,NYSE:HII,0.0
2023-10-10,17,AR1 alpha + Enhanced + One-Step,NYSE:HII,0.0
2023-10-11,17,AR1 alpha + Enhanced + One-Step,NYSE:HII,0.0
2023-10-12,17,AR1 alpha + Enhanced + One-Step,NYSE:HII,0.0
2023-10-13,17,AR1 alpha + Enhanced + One-Step,NYSE:HII,0.0
2023-10-16,17,AR1 alpha + Enhanced + One-Step,NYSE:HII,0.0
2023-10-17,17,AR1 alpha + Enhanced + One-Step,NYSE:HII,0.0
2023-10-18,17,AR1 alpha + Enhanced + One-Step,NYSE:HII,1.3571983877159868e-07
2023-10-19,17,AR1 alpha + Enhanced + One-Step,NYSE:HII,6.807521978261709e-08
2023-10-20,17,AR1 alpha + Enhanced + One-Step,NYSE:HII,1.1596692523665717e-07
2023-10-23,17,AR1 alpha + Enhanced + One-Step,NYSE:HII,0.0
2023-10-24,17,AR1 alpha + Enhanced + One-Step,NYSE:HII,1.025376758427899e-08
2023-10-25,17,AR1 alpha + Enhanced + One-Step,NYSE:HII,0.0
2023-10-26,17,AR1 alpha + Enhanced + One-Step,NYSE:HII,0.0
2023-10-27,17,AR1 alpha + Enhanced + One-Step,NYSE:HII,9.603654900243968e-11
2023-10-30,17,AR1 alpha + Enhanced + One-Step,NYSE:HII,0.0
2023-10-31,17,AR1 alpha + Enhanced + One-Step,NYSE:HII,1.281628022973045e-07
2023-11-01,17,AR1 alpha + Enhanced + One-Step,NYSE:HII,0.0
2023-11-02,17,AR1 alpha + Enhanced + One-Step,NYSE:HII,1.2761894653729767e-06
2023-11-03,17,AR1 alpha + Enhanced + One-Step,NYSE:HII,9.018662054519133e-07
2023-11-06,17,AR1 alpha + Enhanced + One-Step,NYSE:HII,6.910305560224709e-07
2023-11-07,17,AR1 alpha + Enhanced + One-Step,NYSE:HII,0.0
2023-11-08,17,AR1 alpha + Enhanced + One-Step,NYSE:HII,0.0
2023-11-09,17,AR1 alpha + Enhanced + One-Step,NYSE:HII,0.0
2023-11-10,17,AR1 alpha + Enhanced + One-Step,NYSE:HII,0.0
2023-11-13,17,AR1 alpha + Enhanced + One-Step,NYSE:HII,0.0
2023-11-14,17,AR1 alpha + Enhanced + One-Step,NYSE:HII,0.0
2023-11-15,17,AR1 alpha + Enhanced + One-Step,NYSE:HII,0.0
2023-11-16,17,AR1 alpha + Enhanced + One-Step,NYSE:HII,0.0
2023-11-17,17,AR1 alpha + Enhanced + One-Step,NYSE:HII,0.0
2023-11-20,17,AR1 alpha + Enhanced + One-Step,NYSE:HII,8.524685635619362e-08
2023-11-21,17,AR1 alpha + Enhanced + One-Step,NYSE:HII,6.282052760100403e-08
2023-11-22,17,AR1 alpha + Enhanced + One-Step,NYSE:HII,4.975556843989491e-09
2023-11-24,17,AR1 alpha + Enhanced + One-Step,NYSE:HII,6.171334725720468e-09
2023-11-27,17,AR1 alpha + Enhanced + One-Step,NYSE:HII,0.0
2023-11-28,17,AR1 alpha + Enhanced + One-Step,NYSE:HII,8.427899919280446e-08
2023-11-29,17,AR1 alpha + Enhanced + One-Step,NYSE:HII,0.0
2023-11-30,17,AR1 alpha + Enhanced + One-Step,NYSE:HII,1.0015535012867243e-07
2023-12-01,17,AR1 alpha + Enhanced + One-Step,NYSE:HII,0.0
2023-12-04,17,AR1 alpha + Enhanced + One-Step,NYSE:HII,0.0
2023-12-05,17,AR1 alpha + Enhanced + One-Step,NYSE:HII,0.0
2023-12-06,17,AR1 alpha + Enhanced + One-Step,NYSE:HII,2.744318783357443e-08
2023-12-07,17,AR1 alpha + Enhanced + One-Step,NYSE:HII,2.0493414601404506e-08
2023-12-08,17,AR1 alpha + Enhanced + One-Step,NYSE:HII,5.254049561049925e-08
2023-12-11,17,AR1 alpha + Enhanced + One-Step,NYSE:HII,0.0
2023-12-12,17,AR1 alpha + Enhanced + One-Step,NYSE:HII,0.0
2023-12-13,17,AR1 alpha + Enhanced + One-Step,NYSE:HII,6.946704232950377e-07
2023-12-14,17,AR1 alpha + Enhanced + One-Step,NYSE:HII,4.0893548996516837e-07
2023-12-15,17,AR1 alpha + Enhanced + One-Step,NYSE:HII,1.3377686655613932e-07
2023-12-18,17,AR1 alpha + Enhanced + One-Step,NYSE:HII,0.0
2023-12-19,17,AR1 alpha + Enhanced + One-Step,NYSE:HII,0.0
2023-12-20,17,AR1 alpha + Enhanced + One-Step,NYSE:HII,1.706078556680475e-06
2023-12-21,17,AR1 alpha + Enhanced + One-Step,NYSE:HII,1.2698204211616384e-06
2023-12-22,17,AR1 alpha + Enhanced + One-Step,NYSE:HII,9.563108545429092e-07
2023-12-26,17,AR1 alpha + Enhanced + One-Step,NYSE:HII,0.0
2023-12-27,17,AR1 alpha + Enhanced + One-Step,NYSE:HII,2.8819489817330854e-10
2023-12-28,17,AR1 alpha + Enhanced + One-Step,NYSE:HII,4.6898860976788115e-08
2023-12-29,17,AR1 alpha + Enhanced + One-Step,NYSE:HII,3.1850165459470275e-07
2024-01-02,17,AR1 alpha + Enhanced + One-Step,NYSE:HII,0.0
2024-01-03,17,AR1 alpha + Enhanced + One-Step,NYSE:HII,0.0
2024-01-04,17,AR1 alpha + Enhanced + One-Step,NYSE:HII,0.0
2024-01-05,17,AR1 alpha + Enhanced + One-Step,NYSE:HII,2.471298650535386e-08
2024-01-08,17,AR1 alpha + Enhanced + One-Step,NYSE:HII,1.6816583852614446e-07
2024-01-09,17,AR1 alpha + Enhanced + One-Step,NYSE:HII,0.0
2024-01-10,17,AR1 alpha + Enhanced + One-Step,NYSE:HII,0.001091541684284652
2024-01-11,17,AR1 alpha + Enhanced + One-Step,NYSE:HII,0.007033390667179556
2024-01-12,17,AR1 alpha + Enhanced + One-Step,NYSE:HII,0.003257840153889827
2024-01-16,17,AR1 alpha + Enhanced + One-Step,NYSE:HII,0.0
2024-01-17,17,AR1 alpha + Enhanced + One-Step,NYSE:HII,0.0009181472177699706
2024-01-18,17,AR1 alpha + Enhanced + One-Step,NYSE:HII,0.0
2024-01-19,17,AR1 alpha + Enhanced + One-Step,NYSE:HII,0.0027608632496964364
2024-01-22,17,AR1 alpha + Enhanced + One-Step,NYSE:HII,0.0027609102478147597
2024-01-23,17,AR1 alpha + Enhanced + One-Step,NYSE:HII,0.007464750464011627
2024-01-24,17,AR1 alpha + Enhanced + One-Step,NYSE:HII,0.018490407490018342
2024-01-25,17,AR1 alpha + Enhanced + One-Step,NYSE:HII,0.026621126461922932
2024-01-26,17,AR1 alpha + Enhanced + One-Step,NYSE:HII,0.02747789263332212
2024-01-29,17,AR1 alpha + Enhanced + One-Step,NYSE:HII,0.027474996075529702
2024-01-30,17,AR1 alpha + Enhanced + One-Step,NYSE:HII,0.02141281787312523
2024-01-31,17,AR1 alpha + Enhanced + One-Step,NYSE:HII,0.023726690673396635
2024-02-01,17,AR1 alpha + Enhanced + One-Step,NYSE:HII,0.023725365279023466
2024-02-02,17,AR1 alpha + Enhanced + One-Step,NYSE:HII,0.023724040667925595
2024-02-05,17,AR1 alpha + Enhanced + One-Step,NYSE:HII,0.023724047581888313
2024-02-06,17,AR1 alpha + Enhanced + One-Step,NYSE:HII,0.02372375355804957
2024-02-07,17,AR1 alpha + Enhanced + One-Step,NYSE:HII,0.019235829660260596
2024-02-08,17,AR1 alpha + Enhanced + One-Step,NYSE:HII,0.019235800241116683
2024-02-09,17,AR1 alpha + Enhanced + One-Step,NYSE:HII,0.019234055172164363
2024-02-12,17,AR1 alpha + Enhanced + One-Step,NYSE:HII,0.019233380420217917
2024-02-13,17,AR1 alpha + Enhanced + One-Step,NYSE:HII,0.019232584637677803
2024-02-14,17,AR1 alpha + Enhanced + One-Step,NYSE:HII,0.019232864629124276
2024-02-15,17,AR1 alpha + Enhanced + One-Step,NYSE:HII,0.01923221963313949
2024-02-16,17,AR1 alpha + Enhanced + One-Step,NYSE:HII,0.019232673723894127
2024-02-20,17,AR1 alpha + Enhanced + One-Step,NYSE:HII,0.019233204204345093
2024-02-21,17,AR1 alpha + Enhanced + One-Step,NYSE:HII,0.019231814578791837
2024-02-22,17,AR1 alpha + Enhanced + One-Step,NYSE:HII,0.020784497639752788
2024-02-23,17,AR1 alpha + Enhanced + One-Step,NYSE:HII,0.020784069708170743
2024-02-26,17,AR1 alpha + Enhanced + One-Step,NYSE:HII,0.02078168245207741
2024-02-27,17,AR1 alpha + Enhanced + One-Step,NYSE:HII,0.023629486080508143
2024-02-28,17,AR1 alpha + Enhanced + One-Step,NYSE:HII,0.0236266444525415
2024-02-29,17,AR1 alpha + Enhanced + One-Step,NYSE:HII,0.023625405426490522
2024-03-01,17,AR1 alpha + Enhanced + One-Step,NYSE:HII,0.023624356358185394
2024-03-04,17,AR1 alpha + Enhanced + One-Step,NYSE:HII,0.023623280145441367
2024-03-05,17,AR1 alpha + Enhanced + One-Step,NYSE:HII,0.023623021761921686
2024-03-06,17,AR1 alpha + Enhanced + One-Step,NYSE:HII,0.02362287364877069
2024-03-07,17,AR1 alpha + Enhanced + One-Step,NYSE:HII,0.023620004874294595
2024-03-08,17,AR1 alpha + Enhanced + One-Step,NYSE:HII,0.028787999875306145
2024-03-11,17,AR1 alpha + Enhanced + One-Step,NYSE:HII,0.041796492354026354
2024-03-12,17,AR1 alpha + Enhanced + One-Step,NYSE:HII,0.04179516882836405
2024-03-13,17,AR1 alpha + Enhanced + One-Step,NYSE:HII,0.04179062221216369
2024-03-14,17,AR1 alpha + Enhanced + One-Step,NYSE:HII,0.05279516261747477
2024-03-15,17,AR1 alpha + Enhanced + One-Step,NYSE:HII,0.06892677605041375
2024-03-18,17,AR1 alpha + Enhanced + One-Step,NYSE:HII,0.07933414055275062
2024-03-19,17,AR1 alpha + Enhanced + One-Step,NYSE:HII,0.08972684713230922
2024-03-20,17,AR1 alpha + Enhanced + One-Step,NYSE:HII,0.08972662106798021
2024-03-21,17,AR1 alpha + Enhanced + One-Step,NYSE:HII,0.08972345106825416
2024-03-22,17,AR1 alpha + Enhanced + One-Step,NYSE:HII,0.0897225646196365
2024-03-25,17,AR1 alpha + Enhanced + One-Step,NYSE:HII,0.09201570103404699
2024-03-26,17,AR1 alpha + Enhanced + One-Step,NYSE:HII,0.09878999903861041
2024-03-27,17,AR1 alpha + Enhanced + One-Step,NYSE:HII,0.09999894243990815
2024-03-28,17,AR1 alpha + Enhanced + One-Step,NYSE:HII,0.09440270745086804
2024-04-01,17,AR1 alpha + Enhanced + One-Step,NYSE:HII,0.10000052832893182
2024-04-02,17,AR1 alpha + Enhanced + One-Step,NYSE:HII,0.1000002603994728
2024-04-03,17,AR1 alpha + Enhanced + One-Step,NYSE:HII,0.09999295083289482
2024-04-04,17,AR1 alpha + Enhanced + One-Step,NYSE:HII,0.0999944003384461
2024-04-05,17,AR1 alpha + Enhanced + One-Step,NYSE:HII,0.09999619636337875
2024-04-08,17,AR1 alpha + Enhanced + One-Step,NYSE:HII,0.09999795482742868
2024-04-09,17,AR1 alpha + Enhanced + One-Step,NYSE:HII,0.09999787457418688
2024-04-10,17,AR1 alpha + Enhanced + One-Step,NYSE:HII,0.09999808369448139
2024-04-11,17,AR1 alpha + Enhanced + One-Step,NYSE:HII,0.09999803000633033
2024-04-12,17,AR1 alpha + Enhanced + One-Step,NYSE:HII,0.09999847222665523
2024-04-15,17,AR1 alpha + Enhanced + One-Step,NYSE:HII,0.09999686066575078
2024-04-16,17,AR1 alpha + Enhanced + One-Step,NYSE:HII,0.09999394573962186
2024-04-17,17,AR1 alpha + Enhanced + One-Step,NYSE:HII,0.09999549669591952
2024-04-18,17,AR1 alpha + Enhanced + One-Step,NYSE:HII,0.099996498841596
2024-04-19,17,AR1 alpha + Enhanced + One-Step,NYSE:HII,0.09999474907705053
2020-03-25,17,AR1 alpha + Enhanced + One-Step,NYSE:HLIO,0.020000000000007227
2020-03-26,17,AR1 alpha + Enhanced + One-Step,NYSE:HLIO,0.02000000000001305
2020-03-27,17,AR1 alpha + Enhanced + One-Step,NYSE:HLIO,0.020000030516436857
2020-03-30,17,AR1 alpha + Enhanced + One-Step,NYSE:HLIO,0.020000902197404163
2020-03-31,17,AR1 alpha + Enhanced + One-Step,NYSE:HLIO,0.02000238210278194
2020-04-01,17,AR1 alpha + Enhanced + One-Step,NYSE:HLIO,0.020002120947121393
2020-04-02,17,AR1 alpha + Enhanced + One-Step,NYSE:HLIO,0.020002124140209014
2020-04-03,17,AR1 alpha + Enhanced + One-Step,NYSE:HLIO,0.020004600182656387
2020-04-06,17,AR1 alpha + Enhanced + One-Step,NYSE:HLIO,0.020005381544923297
2020-04-07,17,AR1 alpha + Enhanced + One-Step,NYSE:HLIO,0.02000936819376174
2020-04-08,17,AR1 alpha + Enhanced + One-Step,NYSE:HLIO,0.020009565524986415
2020-04-09,17,AR1 alpha + Enhanced + One-Step,NYSE:HLIO,0.020009457234174684
2020-04-13,17,AR1 alpha + Enhanced + One-Step,NYSE:HLIO,0.020010133744206817
2020-04-14,17,AR1 alpha + Enhanced + One-Step,NYSE:HLIO,2.8222228901049277e-07
2020-04-15,17,AR1 alpha + Enhanced + One-Step,NYSE:HLIO,2.221655383629552e-07
2020-04-16,17,AR1 alpha + Enhanced + One-Step,NYSE:HLIO,1.4913748444735577e-07
2020-04-17,17,AR1 alpha + Enhanced + One-Step,NYSE:HLIO,2.9120473758991877e-08
2020-04-20,17,AR1 alpha + Enhanced + One-Step,NYSE:HLIO,1.058050497902475e-08
2020-04-21,17,AR1 alpha + Enhanced + One-Step,NYSE:HLIO,9.884023781784286e-08
2020-04-22,17,AR1 alpha + Enhanced + One-Step,NYSE:HLIO,1.0973604452603676e-07
2020-04-23,17,AR1 alpha + Enhanced + One-Step,NYSE:HLIO,5.133099275910364e-08
2020-04-24,17,AR1 alpha + Enhanced + One-Step,NYSE:HLIO,3.6524164978963864e-08
2020-04-27,17,AR1 alpha + Enhanced + One-Step,NYSE:HLIO,1.0931871485452683e-08
2020-04-28,17,AR1 alpha + Enhanced + One-Step,NYSE:HLIO,2.8812049717253275e-09
2020-04-29,17,AR1 alpha + Enhanced + One-Step,NYSE:HLIO,8.465460230772847e-10
2020-04-30,17,AR1 alpha + Enhanced + One-Step,NYSE:HLIO,0.0
2020-05-01,17,AR1 alpha + Enhanced + One-Step,NYSE:HLIO,0.0
2020-05-04,17,AR1 alpha + Enhanced + One-Step,NYSE:HLIO,1.1800736698303224e-08
2020-05-05,17,AR1 alpha + Enhanced + One-Step,NYSE:HLIO,0.0
2020-05-06,17,AR1 alpha + Enhanced + One-Step,NYSE:HLIO,0.0
2020-05-07,17,AR1 alpha + Enhanced + One-Step,NYSE:HLIO,1.539074832561122e-07
2020-05-08,17,AR1 alpha + Enhanced + One-Step,NYSE:HLIO,1.2689642953807912e-08
2020-05-11,17,AR1 alpha + Enhanced + One-Step,NYSE:HLIO,0.0
2020-05-12,17,AR1 alpha + Enhanced + One-Step,NYSE:HLIO,1.3941493467525882e-08
2020-05-13,17,AR1 alpha + Enhanced + One-Step,NYSE:HLIO,4.2180368513270615e-08
2020-05-14,17,AR1 alpha + Enhanced + One-Step,NYSE:HLIO,0.0
2020-05-15,17,AR1 alpha + Enhanced + One-Step,NYSE:HLIO,2.275918834925462e-08
2020-05-18,17,AR1 alpha + Enhanced + One-Step,NYSE:HLIO,2.349200731761558e-08
2020-05-19,17,AR1 alpha + Enhanced + One-Step,NYSE:HLIO,0.0
2020-05-20,17,AR1 alpha + Enhanced + One-Step,NYSE:HLIO,7.766647360937591e-09
2020-05-21,17,AR1 alpha + Enhanced + One-Step,NYSE:HLIO,0.0
2020-05-22,17,AR1 alpha + Enhanced + One-Step,NYSE:HLIO,6.855716547226497e-11
2020-05-26,17,AR1 alpha + Enhanced + One-Step,NYSE:HLIO,0.0
2020-05-27,17,AR1 alpha + Enhanced + One-Step,NYSE:HLIO,3.2889765960505094e-08
2020-05-28,17,AR1 alpha + Enhanced + One-Step,NYSE:HLIO,1.420886509782719e-08
2020-05-29,17,AR1 alpha + Enhanced + One-Step,NYSE:HLIO,4.060257044162874e-09
2020-06-01,17,AR1 alpha + Enhanced + One-Step,NYSE:HLIO,2.78894231977913e-08
2020-06-02,17,AR1 alpha + Enhanced + One-Step,NYSE:HLIO,0.0
2020-06-03,17,AR1 alpha + Enhanced + One-Step,NYSE:HLIO,3.43823665592042e-07
2020-06-04,17,AR1 alpha + Enhanced + One-Step,NYSE:HLIO,2.796229164855905e-07
2020-06-05,17,AR1 alpha + Enhanced + One-Step,NYSE:HLIO,1.0419811046966735e-07
2020-06-08,17,AR1 alpha + Enhanced + One-Step,NYSE:HLIO,2.8754090056608846e-08
2020-06-09,17,AR1 alpha + Enhanced + One-Step,NYSE:HLIO,9.892299867551053e-09
2020-06-10,17,AR1 alpha + Enhanced + One-Step,NYSE:HLIO,9.698483113177806e-10
2020-06-11,17,AR1 alpha + Enhanced + One-Step,NYSE:HLIO,2.784115585547157e-07
2020-06-12,17,AR1 alpha + Enhanced + One-Step,NYSE:HLIO,1.11191252532288e-07
2020-06-15,17,AR1 alpha + Enhanced + One-Step,NYSE:HLIO,0.0
2020-06-16,17,AR1 alpha + Enhanced + One-Step,NYSE:HLIO,1.1274409805245505e-08
2020-06-17,17,AR1 alpha + Enhanced + One-Step,NYSE:HLIO,0.0
2020-06-18,17,AR1 alpha + Enhanced + One-Step,NYSE:HLIO,0.0
2020-06-19,17,AR1 alpha + Enhanced + One-Step,NYSE:HLIO,6.244807236192095e-08
2020-06-22,17,AR1 alpha + Enhanced + One-Step,NYSE:HLIO,7.768250290710078e-08
2020-06-23,17,AR1 alpha + Enhanced + One-Step,NYSE:HLIO,0.0
2020-06-24,17,AR1 alpha + Enhanced + One-Step,NYSE:HLIO,0.0
2020-06-25,17,AR1 alpha + Enhanced + One-Step,NYSE:HLIO,1.3196019991822297e-08
2020-06-26,17,AR1 alpha + Enhanced + One-Step,NYSE:HLIO,0.0
2020-06-29,17,AR1 alpha + Enhanced + One-Step,NYSE:HLIO,0.0
2020-06-30,17,AR1 alpha + Enhanced + One-Step,NYSE:HLIO,0.0
2020-07-01,17,AR1 alpha + Enhanced + One-Step,NYSE:HLIO,0.0
2020-07-02,17,AR1 alpha + Enhanced + One-Step,NYSE:HLIO,4.176424618014076e-08
2020-07-06,17,AR1 alpha + Enhanced + One-Step,NYSE:HLIO,0.0
2020-07-07,17,AR1 alpha + Enhanced + One-Step,NYSE:HLIO,0.0
2020-07-08,17,AR1 alpha + Enhanced + One-Step,NYSE:HLIO,0.0
2020-07-09,17,AR1 alpha + Enhanced + One-Step,NYSE:HLIO,0.0
2020-07-10,17,AR1 alpha + Enhanced + One-Step,NYSE:HLIO,0.0
2020-07-13,17,AR1 alpha + Enhanced + One-Step,NYSE:HLIO,0.0
2020-07-14,17,AR1 alpha + Enhanced + One-Step,NYSE:HLIO,2.236124276523767e-08
2020-07-15,17,AR1 alpha + Enhanced + One-Step,NYSE:HLIO,4.476625834814587e-08
2020-07-16,17,AR1 alpha + Enhanced + One-Step,NYSE:HLIO,1.2033901346797212e-08
2020-07-17,17,AR1 alpha + Enhanced + One-Step,NYSE:HLIO,0.0
2020-07-20,17,AR1 alpha + Enhanced + One-Step,NYSE:HLIO,3.158426952602673e-08
2020-07-21,17,AR1 alpha + Enhanced + One-Step,NYSE:HLIO,8.090977390379789e-08
2020-07-22,17,AR1 alpha + Enhanced + One-Step,NYSE:HLIO,5.8307208877157655e-08
2020-07-23,17,AR1 alpha + Enhanced + One-Step,NYSE:HLIO,0.0
2020-07-24,17,AR1 alpha + Enhanced + One-Step,NYSE:HLIO,0.0
2020-07-27,17,AR1 alpha + Enhanced + One-Step,NYSE:HLIO,0.0
2020-07-28,17,AR1 alpha + Enhanced + One-Step,NYSE:HLIO,0.0
2020-07-29,17,AR1 alpha + Enhanced + One-Step,NYSE:HLIO,0.0
2020-07-30,17,AR1 alpha + Enhanced + One-Step,NYSE:HLIO,0.0
2020-07-31,17,AR1 alpha + Enhanced + One-Step,NYSE:HLIO,0.0
2020-08-03,17,AR1 alpha + Enhanced + One-Step,NYSE:HLIO,5.294487858033513e-08
2020-08-04,17,AR1 alpha + Enhanced + One-Step,NYSE:HLIO,0.0
2020-08-05,17,AR1 alpha + Enhanced + One-Step,NYSE:HLIO,0.0
2020-08-06,17,AR1 alpha + Enhanced + One-Step,NYSE:HLIO,0.0
2020-08-07,17,AR1 alpha + Enhanced + One-Step,NYSE:HLIO,2.568552517557279e-07
2020-08-10,17,AR1 alpha + Enhanced + One-Step,NYSE:HLIO,2.0088461380590782e-07
2020-08-11,17,AR1 alpha + Enhanced + One-Step,NYSE:HLIO,0.0
2020-08-12,17,AR1 alpha + Enhanced + One-Step,NYSE:HLIO,0.0
2020-08-13,17,AR1 alpha + Enhanced + One-Step,NYSE:HLIO,3.016348548230224e-10
2020-08-14,17,AR1 alpha + Enhanced + One-Step,NYSE:HLIO,9.39795832149443e-10
2020-08-17,17,AR1 alpha + Enhanced + One-Step,NYSE:HLIO,0.0
2020-08-18,17,AR1 alpha + Enhanced + One-Step,NYSE:HLIO,0.0
2020-08-19,17,AR1 alpha + Enhanced + One-Step,NYSE:HLIO,0.0
2020-08-20,17,AR1 alpha + Enhanced + One-Step,NYSE:HLIO,0.0
2020-08-21,17,AR1 alpha + Enhanced + One-Step,NYSE:HLIO,0.0
2020-08-24,17,AR1 alpha + Enhanced + One-Step,NYSE:HLIO,0.0
2020-08-25,17,AR1 alpha + Enhanced + One-Step,NYSE:HLIO,7.347006609801238e-08
2020-08-26,17,AR1 alpha + Enhanced + One-Step,NYSE:HLIO,0.0
2020-08-27,17,AR1 alpha + Enhanced + One-Step,NYSE:HLIO,0.0
2020-08-28,17,AR1 alpha + Enhanced + One-Step,NYSE:HLIO,2.5977819359050714e-09
2020-08-31,17,AR1 alpha + Enhanced + One-Step,NYSE:HLIO,0.0
2020-09-01,17,AR1 alpha + Enhanced + One-Step,NYSE:HLIO,0.0
2020-09-02,17,AR1 alpha + Enhanced + One-Step,NYSE:HLIO,0.0
2020-09-03,17,AR1 alpha + Enhanced + One-Step,NYSE:HLIO,0.0
2020-09-04,17,AR1 alpha + Enhanced + One-Step,NYSE:HLIO,1.2042435943833778e-08
2020-09-08,17,AR1 alpha + Enhanced + One-Step,NYSE:HLIO,1.1414299358103377e-07
2020-09-09,17,AR1 alpha + Enhanced + One-Step,NYSE:HLIO,1.3104755122552611e-08
2020-09-10,17,AR1 alpha + Enhanced + One-Step,NYSE:HLIO,1.4730412322264578e-08
2020-09-11,17,AR1 alpha + Enhanced + One-Step,NYSE:HLIO,3.336343044949667e-08
2020-09-14,17,AR1 alpha + Enhanced + One-Step,NYSE:HLIO,4.2817521449238747e-07
2020-09-15,17,AR1 alpha + Enhanced + One-Step,NYSE:HLIO,2.200198692514454e-07
2020-09-16,17,AR1 alpha + Enhanced + One-Step,NYSE:HLIO,7.32884364347402e-08
2020-09-17,17,AR1 alpha + Enhanced + One-Step,NYSE:HLIO,0.0
2020-09-18,17,AR1 alpha + Enhanced + One-Step,NYSE:HLIO,0.0
2020-09-21,17,AR1 alpha + Enhanced + One-Step,NYSE:HLIO,0.0
2020-09-22,17,AR1 alpha + Enhanced + One-Step,NYSE:HLIO,3.553587043533781e-09
2020-09-23,17,AR1 alpha + Enhanced + One-Step,NYSE:HLIO,0.0
2020-09-24,17,AR1 alpha + Enhanced + One-Step,NYSE:HLIO,0.0
2020-09-25,17,AR1 alpha + Enhanced + One-Step,NYSE:HLIO,0.0
2020-09-28,17,AR1 alpha + Enhanced + One-Step,NYSE:HLIO,1.0533868007039585e-07
2020-09-29,17,AR1 alpha + Enhanced + One-Step,NYSE:HLIO,0.0
2020-09-30,17,AR1 alpha + Enhanced + One-Step,NYSE:HLIO,0.0
2020-10-01,17,AR1 alpha + Enhanced + One-Step,NYSE:HLIO,1.7798651109763414e-07
2020-10-02,17,AR1 alpha + Enhanced + One-Step,NYSE:HLIO,1.3816842958958834e-07
2020-10-05,17,AR1 alpha + Enhanced + One-Step,NYSE:HLIO,3.807114594898191e-07
2020-10-06,17,AR1 alpha + Enhanced + One-Step,NYSE:HLIO,7.596457464017978e-08
2020-10-07,17,AR1 alpha + Enhanced + One-Step,NYSE:HLIO,0.0
2020-10-08,17,AR1 alpha + Enhanced + One-Step,NYSE:HLIO,0.0
2020-10-09,17,AR1 alpha + Enhanced + One-Step,NYSE:HLIO,2.2308128803111543e-07
2020-10-12,17,AR1 alpha + Enhanced + One-Step,NYSE:HLIO,9.577176595735966e-08
2020-10-13,17,AR1 alpha + Enhanced + One-Step,NYSE:HLIO,3.845192000959953e-07
2020-10-14,17,AR1 alpha + Enhanced + One-Step,NYSE:HLIO,0.0
2020-10-15,17,AR1 alpha + Enhanced + One-Step,NYSE:HLIO,0.0
2020-10-16,17,AR1 alpha + Enhanced + One-Step,NYSE:HLIO,0.0
2020-10-19,17,AR1 alpha + Enhanced + One-Step,NYSE:HLIO,0.0
2020-10-20,17,AR1 alpha + Enhanced + One-Step,NYSE:HLIO,0.0
2020-10-21,17,AR1 alpha + Enhanced + One-Step,NYSE:HLIO,0.0
2020-10-22,17,AR1 alpha + Enhanced + One-Step,NYSE:HLIO,0.0
2020-10-23,17,AR1 alpha + Enhanced + One-Step,NYSE:HLIO,0.0
2020-10-26,17,AR1 alpha + Enhanced + One-Step,NYSE:HLIO,0.0
2020-10-27,17,AR1 alpha + Enhanced + One-Step,NYSE:HLIO,2.9517881246503216e-07
2020-10-28,17,AR1 alpha + Enhanced + One-Step,NYSE:HLIO,1.4366682275873363e-07
2020-10-29,17,AR1 alpha + Enhanced + One-Step,NYSE:HLIO,2.7188262817662387e-07
2020-10-30,17,AR1 alpha + Enhanced + One-Step,NYSE:HLIO,1.4573818238321338e-07
2020-11-02,17,AR1 alpha + Enhanced + One-Step,NYSE:HLIO,7.481176437965445e-07
2020-11-03,17,AR1 alpha + Enhanced + One-Step,NYSE:HLIO,5.07814908264883e-07
2020-11-04,17,AR1 alpha + Enhanced + One-Step,NYSE:HLIO,1.4647149246038213e-06
2020-11-05,17,AR1 alpha + Enhanced + One-Step,NYSE:HLIO,8.805097667922144e-07
2020-11-06,17,AR1 alpha + Enhanced + One-Step,NYSE:HLIO,3.6363332180346534e-07
2020-11-09,17,AR1 alpha + Enhanced + One-Step,NYSE:HLIO,8.828530286319979e-08
2020-11-10,17,AR1 alpha + Enhanced + One-Step,NYSE:HLIO,3.6781833561977143e-07
2020-11-11,17,AR1 alpha + Enhanced + One-Step,NYSE:HLIO,3.1947034075581163e-07
2020-11-12,17,AR1 alpha + Enhanced + One-Step,NYSE:HLIO,1.903449853200844e-07
2020-11-13,17,AR1 alpha + Enhanced + One-Step,NYSE:HLIO,9.140887002007653e-08
2020-11-16,17,AR1 alpha + Enhanced + One-Step,NYSE:HLIO,4.139944669070391e-08
2020-11-17,17,AR1 alpha + Enhanced + One-Step,NYSE:HLIO,0.0
2020-11-18,17,AR1 alpha + Enhanced + One-Step,NYSE:HLIO,0.0
2020-11-19,17,AR1 alpha + Enhanced + One-Step,NYSE:HLIO,0.0
2020-11-20,17,AR1 alpha + Enhanced + One-Step,NYSE:HLIO,0.0
2020-11-23,17,AR1 alpha + Enhanced + One-Step,NYSE:HLIO,0.0
2020-11-24,17,AR1 alpha + Enhanced + One-Step,NYSE:HLIO,0.0
2020-11-25,17,AR1 alpha + Enhanced + One-Step,NYSE:HLIO,0.0
2020-11-27,17,AR1 alpha + Enhanced + One-Step,NYSE:HLIO,0.0
2020-11-30,17,AR1 alpha + Enhanced + One-Step,NYSE:HLIO,0.0
2020-12-01,17,AR1 alpha + Enhanced + One-Step,NYSE:HLIO,1.7615806889315303e-07
2020-12-04,17,AR1 alpha + Enhanced + One-Step,NYSE:HLIO,1.066327533073726e-07
2020-12-07,17,AR1 alpha + Enhanced + One-Step,NYSE:HLIO,0.0
2020-12-08,17,AR1 alpha + Enhanced + One-Step,NYSE:HLIO,1.289485647898614e-07
2020-12-09,17,AR1 alpha + Enhanced + One-Step,NYSE:HLIO,0.0
2020-12-10,17,AR1 alpha + Enhanced + One-Step,NYSE:HLIO,1.0222208577678378e-07
2020-12-11,17,AR1 alpha + Enhanced + One-Step,NYSE:HLIO,0.0
2020-12-14,17,AR1 alpha + Enhanced + One-Step,NYSE:HLIO,0.0
2020-12-15,17,AR1 alpha + Enhanced + One-Step,NYSE:HLIO,0.0
2020-12-16,17,AR1 alpha + Enhanced + One-Step,NYSE:HLIO,0.0
2020-12-17,17,AR1 alpha + Enhanced + One-Step,NYSE:HLIO,0.0
2020-12-18,17,AR1 alpha + Enhanced + One-Step,NYSE:HLIO,9.211479570767745e-07
2020-12-21,17,AR1 alpha + Enhanced + One-Step,NYSE:HLIO,8.564089895921895e-07
2020-12-22,17,AR1 alpha + Enhanced + One-Step,NYSE:HLIO,4.546874322078224e-07
2020-12-23,17,AR1 alpha + Enhanced + One-Step,NYSE:HLIO,1.9436040719604064e-07
2020-12-24,17,AR1 alpha + Enhanced + One-Step,NYSE:HLIO,0.0
2020-12-28,17,AR1 alpha + Enhanced + One-Step,NYSE:HLIO,0.0
2020-12-29,17,AR1 alpha + Enhanced + One-Step,NYSE:HLIO,0.0
2020-12-30,17,AR1 alpha + Enhanced + One-Step,NYSE:HLIO,0.0
2020-12-31,17,AR1 alpha + Enhanced + One-Step,NYSE:HLIO,0.0
2021-01-04,17,AR1 alpha + Enhanced + One-Step,NYSE:HLIO,8.627271966011796e-09
2021-01-05,17,AR1 alpha + Enhanced + One-Step,NYSE:HLIO,1.6894188318115885e-09
2021-01-06,17,AR1 alpha + Enhanced + One-Step,NYSE:HLIO,0.0
2021-01-07,17,AR1 alpha + Enhanced + One-Step,NYSE:HLIO,0.0
2021-01-08,17,AR1 alpha + Enhanced + One-Step,NYSE:HLIO,0.0
2021-01-11,17,AR1 alpha + Enhanced + One-Step,NYSE:HLIO,0.0
2021-01-12,17,AR1 alpha + Enhanced + One-Step,NYSE:HLIO,0.0
2021-01-13,17,AR1 alpha + Enhanced + One-Step,NYSE:HLIO,0.0
2021-01-14,17,AR1 alpha + Enhanced + One-Step,NYSE:HLIO,9.091023609372852e-08
2021-01-15,17,AR1 alpha + Enhanced + One-Step,NYSE:HLIO,0.0
2021-01-19,17,AR1 alpha + Enhanced + One-Step,NYSE:HLIO,0.0
2021-01-20,17,AR1 alpha + Enhanced + One-Step,NYSE:HLIO,1.415085905178461e-07
2021-01-21,17,AR1 alpha + Enhanced + One-Step,NYSE:HLIO,0.0
2021-01-22,17,AR1 alpha + Enhanced + One-Step,NYSE:HLIO,0.0
2021-01-25,17,AR1 alpha + Enhanced + One-Step,NYSE:HLIO,0.0
2021-01-26,17,AR1 alpha + Enhanced + One-Step,NYSE:HLIO,0.0
2021-01-27,17,AR1 alpha + Enhanced + One-Step,NYSE:HLIO,3.686897444548791e-08
2021-01-28,17,AR1 alpha + Enhanced + One-Step,NYSE:HLIO,7.694270394937161e-07
2021-01-29,17,AR1 alpha + Enhanced + One-Step,NYSE:HLIO,2.571953155885248e-07
2021-02-01,17,AR1 alpha + Enhanced + One-Step,NYSE:HLIO,1.8717807389606732e-07
2021-02-02,17,AR1 alpha + Enhanced + One-Step,NYSE:HLIO,1.094643855490945e-07
2021-02-03,17,AR1 alpha + Enhanced + One-Step,NYSE:HLIO,0.0
2021-02-04,17,AR1 alpha + Enhanced + One-Step,NYSE:HLIO,0.0
2021-02-05,17,AR1 alpha + Enhanced + One-Step,NYSE:HLIO,0.0
2021-02-08,17,AR1 alpha + Enhanced + One-Step,NYSE:HLIO,4.4804959893535754e-07
2021-02-09,17,AR1 alpha + Enhanced + One-Step,NYSE:HLIO,1.1379896023514044e-11
2021-02-10,17,AR1 alpha + Enhanced + One-Step,NYSE:HLIO,2.646691811648625e-07
2021-02-11,17,AR1 alpha + Enhanced + One-Step,NYSE:HLIO,2.3077841616831982e-07
2021-02-12,17,AR1 alpha + Enhanced + One-Step,NYSE:HLIO,9.954015012936725e-08
2021-02-16,17,AR1 alpha + Enhanced + One-Step,NYSE:HLIO,2.3643021205486453e-08
2021-02-17,17,AR1 alpha + Enhanced + One-Step,NYSE:HLIO,0.0
2021-02-18,17,AR1 alpha + Enhanced + One-Step,NYSE:HLIO,6.538893408466492e-08
2021-02-19,17,AR1 alpha + Enhanced + One-Step,NYSE:HLIO,0.0
2021-02-22,17,AR1 alpha + Enhanced + One-Step,NYSE:HLIO,6.762181497267587e-07
2021-02-23,17,AR1 alpha + Enhanced + One-Step,NYSE:HLIO,1.7702396630999721e-06
2021-02-24,17,AR1 alpha + Enhanced + One-Step,NYSE:HLIO,1.1420616024615386e-06
2021-02-25,17,AR1 alpha + Enhanced + One-Step,NYSE:HLIO,0.0
2021-02-26,17,AR1 alpha + Enhanced + One-Step,NYSE:HLIO,1.8828885604931935e-07
2021-03-01,17,AR1 alpha + Enhanced + One-Step,NYSE:HLIO,2.1919364252884115e-07
2021-03-02,17,AR1 alpha + Enhanced + One-Step,NYSE:HLIO,1.3837660013279746e-07
2021-03-03,17,AR1 alpha + Enhanced + One-Step,NYSE:HLIO,5.876901020897527e-09
2021-03-04,17,AR1 alpha + Enhanced + One-Step,NYSE:HLIO,4.8376587989600955e-09
2021-03-05,17,AR1 alpha + Enhanced + One-Step,NYSE:HLIO,0.0
2021-03-08,17,AR1 alpha + Enhanced + One-Step,NYSE:HLIO,0.0
2021-03-09,17,AR1 alpha + Enhanced + One-Step,NYSE:HLIO,0.0
2021-03-10,17,AR1 alpha + Enhanced + One-Step,NYSE:HLIO,9.929587752146455e-07
2021-03-11,17,AR1 alpha + Enhanced + One-Step,NYSE:HLIO,3.501081454496431e-08
2021-03-12,17,AR1 alpha + Enhanced + One-Step,NYSE:HLIO,0.0
2021-03-15,17,AR1 alpha + Enhanced + One-Step,NYSE:HLIO,1.4022896870924478e-06
2021-03-16,17,AR1 alpha + Enhanced + One-Step,NYSE:HLIO,9.007137223718952e-07
2021-03-17,17,AR1 alpha + Enhanced + One-Step,NYSE:HLIO,1.0602836533101071e-07
2021-03-18,17,AR1 alpha + Enhanced + One-Step,NYSE:HLIO,1.7676854757404462e-07
2021-03-19,17,AR1 alpha + Enhanced + One-Step,NYSE:HLIO,0.0
2021-03-22,17,AR1 alpha + Enhanced + One-Step,NYSE:HLIO,3.410489353356829e-07
2021-03-23,17,AR1 alpha + Enhanced + One-Step,NYSE:HLIO,6.837532296342095e-07
2021-03-24,17,AR1 alpha + Enhanced + One-Step,NYSE:HLIO,3.844778613798947e-07
2021-03-25,17,AR1 alpha + Enhanced + One-Step,NYSE:HLIO,3.2954284273259177e-07
2021-03-26,17,AR1 alpha + Enhanced + One-Step,NYSE:HLIO,3.6697433013228256e-07
2021-03-29,17,AR1 alpha + Enhanced + One-Step,NYSE:HLIO,3.522292445125617e-07
2021-03-30,17,AR1 alpha + Enhanced + One-Step,NYSE:HLIO,1.5564083195118757e-07
2021-03-31,17,AR1 alpha + Enhanced + One-Step,NYSE:HLIO,1.5204835600620544e-08
2021-04-01,17,AR1 alpha + Enhanced + One-Step,NYSE:HLIO,5.597180332316559e-07
2021-04-05,17,AR1 alpha + Enhanced + One-Step,NYSE:HLIO,5.345922281520008e-07
2021-04-06,17,AR1 alpha + Enhanced + One-Step,NYSE:HLIO,3.776269668389468e-07
2021-04-07,17,AR1 alpha + Enhanced + One-Step,NYSE:HLIO,0.0
2021-04-08,17,AR1 alpha + Enhanced + One-Step,NYSE:HLIO,0.0
2021-04-09,17,AR1 alpha + Enhanced + One-Step,NYSE:HLIO,7.024449595701979e-09
2021-04-12,17,AR1 alpha + Enhanced + One-Step,NYSE:HLIO,0.0
2021-04-13,17,AR1 alpha + Enhanced + One-Step,NYSE:HLIO,0.0
2021-04-14,17,AR1 alpha + Enhanced + One-Step,NYSE:HLIO,0.0
2021-04-15,17,AR1 alpha + Enhanced + One-Step,NYSE:HLIO,4.87148293311337e-07
2021-04-16,17,AR1 alpha + Enhanced + One-Step,NYSE:HLIO,3.4011344785131137e-07
2021-04-19,17,AR1 alpha + Enhanced + One-Step,NYSE:HLIO,2.0033887095046296e-07
2021-04-20,17,AR1 alpha + Enhanced + One-Step,NYSE:HLIO,0.0
2021-04-21,17,AR1 alpha + Enhanced + One-Step,NYSE:HLIO,0.0
2021-04-22,17,AR1 alpha + Enhanced + One-Step,NYSE:HLIO,0.0
2021-04-23,17,AR1 alpha + Enhanced + One-Step,NYSE:HLIO,0.0
2021-04-26,17,AR1 alpha + Enhanced + One-Step,NYSE:HLIO,2.993254410846892e-08
2021-04-27,17,AR1 alpha + Enhanced + One-Step,NYSE:HLIO,1.764600796674795e-07
2021-04-28,17,AR1 alpha + Enhanced + One-Step,NYSE:HLIO,0.002458689927080815
2021-04-29,17,AR1 alpha + Enhanced + One-Step,NYSE:HLIO,0.0024586614837607034
2021-04-30,17,AR1 alpha + Enhanced + One-Step,NYSE:HLIO,0.00245684719965636
2021-05-03,17,AR1 alpha + Enhanced + One-Step,NYSE:HLIO,0.0024627088278697676
2021-05-04,17,AR1 alpha + Enhanced + One-Step,NYSE:HLIO,0.0024624318107553185
2021-05-05,17,AR1 alpha + Enhanced + One-Step,NYSE:HLIO,0.0024624457331859145
2021-05-06,17,AR1 alpha + Enhanced + One-Step,NYSE:HLIO,0.0024630265745084357
2021-05-07,17,AR1 alpha + Enhanced + One-Step,NYSE:HLIO,0.0024632685625822163
2021-05-10,17,AR1 alpha + Enhanced + One-Step,NYSE:HLIO,0.0024635065254173054
2021-05-11,17,AR1 alpha + Enhanced + One-Step,NYSE:HLIO,0.002463544008332018
2021-05-12,17,AR1 alpha + Enhanced + One-Step,NYSE:HLIO,0.002463460380948378
2021-05-13,17,AR1 alpha + Enhanced + One-Step,NYSE:HLIO,0.0024625356495474094
2021-05-14,17,AR1 alpha + Enhanced + One-Step,NYSE:HLIO,0.002462573446241814
2021-05-17,17,AR1 alpha + Enhanced + One-Step,NYSE:HLIO,0.0024617791219201804
2021-05-18,17,AR1 alpha + Enhanced + One-Step,NYSE:HLIO,0.008635971387329435
2021-05-19,17,AR1 alpha + Enhanced + One-Step,NYSE:HLIO,0.011989271346383428
2021-05-20,17,AR1 alpha + Enhanced + One-Step,NYSE:HLIO,0.02424561298749511
2021-05-21,17,AR1 alpha + Enhanced + One-Step,NYSE:HLIO,0.03085969049856658
2021-05-24,17,AR1 alpha + Enhanced + One-Step,NYSE:HLIO,0.048215155051381194
2021-05-25,17,AR1 alpha + Enhanced + One-Step,NYSE:HLIO,0.0482111107199162
2021-05-26,17,AR1 alpha + Enhanced + One-Step,NYSE:HLIO,0.048208782118135
2021-05-27,17,AR1 alpha + Enhanced + One-Step,NYSE:HLIO,0.04820833588346502
2021-05-28,17,AR1 alpha + Enhanced + One-Step,NYSE:HLIO,0.055380407243005025
2021-06-01,17,AR1 alpha + Enhanced + One-Step,NYSE:HLIO,0.055375666055850356
2021-06-02,17,AR1 alpha + Enhanced + One-Step,NYSE:HLIO,0.05537390624658723
2021-06-03,17,AR1 alpha + Enhanced + One-Step,NYSE:HLIO,0.05537169138937965
2021-06-04,17,AR1 alpha + Enhanced + One-Step,NYSE:HLIO,0.05536781595725888
2021-06-07,17,AR1 alpha + Enhanced + One-Step,NYSE:HLIO,0.05536506297088846
2021-06-08,17,AR1 alpha + Enhanced + One-Step,NYSE:HLIO,0.05536342918175137
2021-06-09,17,AR1 alpha + Enhanced + One-Step,NYSE:HLIO,0.05536165879457154
2021-06-10,17,AR1 alpha + Enhanced + One-Step,NYSE:HLIO,0.05535803764233325
2021-06-11,17,AR1 alpha + Enhanced + One-Step,NYSE:HLIO,0.05535789665186097
2021-06-14,17,AR1 alpha + Enhanced + One-Step,NYSE:HLIO,0.05535467194935158
2021-06-15,17,AR1 alpha + Enhanced + One-Step,NYSE:HLIO,0.055350145057460144
2021-06-16,17,AR1 alpha + Enhanced + One-Step,NYSE:HLIO,0.05534497546268944
2021-06-17,17,AR1 alpha + Enhanced + One-Step,NYSE:HLIO,0.05534239230684772
2021-06-18,17,AR1 alpha + Enhanced + One-Step,NYSE:HLIO,0.05534151534414193
2021-06-21,17,AR1 alpha + Enhanced + One-Step,NYSE:HLIO,0.05534160581744851
2021-06-22,17,AR1 alpha + Enhanced + One-Step,NYSE:HLIO,0.055337664668765406
2021-06-23,17,AR1 alpha + Enhanced + One-Step,NYSE:HLIO,0.06830485460281294
2021-06-24,17,AR1 alpha + Enhanced + One-Step,NYSE:HLIO,0.06830657620794904
2021-06-25,17,AR1 alpha + Enhanced + One-Step,NYSE:HLIO,0.08034306482056866
2021-06-28,17,AR1 alpha + Enhanced + One-Step,NYSE:HLIO,0.08034323181398983
2021-06-29,17,AR1 alpha + Enhanced + One-Step,NYSE:HLIO,0.08034320288058543
2021-06-30,17,AR1 alpha + Enhanced + One-Step,NYSE:HLIO,0.08034161678762612
2021-07-01,17,AR1 alpha + Enhanced + One-Step,NYSE:HLIO,0.08034141228710284
2021-07-02,17,AR1 alpha + Enhanced + One-Step,NYSE:HLIO,0.08033663924342588
2021-07-06,17,AR1 alpha + Enhanced + One-Step,NYSE:HLIO,0.08033361275844968
2021-07-07,17,AR1 alpha + Enhanced + One-Step,NYSE:HLIO,0.08033502103013358
2021-07-08,17,AR1 alpha + Enhanced + One-Step,NYSE:HLIO,0.08033503078073845
2021-07-09,17,AR1 alpha + Enhanced + One-Step,NYSE:HLIO,0.08032859830101534
2021-07-12,17,AR1 alpha + Enhanced + One-Step,NYSE:HLIO,0.0803249410074106
2021-07-13,17,AR1 alpha + Enhanced + One-Step,NYSE:HLIO,0.08741559819419503
2021-07-14,17,AR1 alpha + Enhanced + One-Step,NYSE:HLIO,0.09999735573900691
2021-07-15,17,AR1 alpha + Enhanced + One-Step,NYSE:HLIO,0.09999154392199204
2021-07-16,17,AR1 alpha + Enhanced + One-Step,NYSE:HLIO,0.09998847681898784
2021-07-19,17,AR1 alpha + Enhanced + One-Step,NYSE:HLIO,0.09998881033873468
2021-07-20,17,AR1 alpha + Enhanced + One-Step,NYSE:HLIO,0.09998576465160747
2021-07-21,17,AR1 alpha + Enhanced + One-Step,NYSE:HLIO,0.09998976497519668
2021-07-22,17,AR1 alpha + Enhanced + One-Step,NYSE:HLIO,0.09998514827161661
2021-07-23,17,AR1 alpha + Enhanced + One-Step,NYSE:HLIO,0.09998753503948597
2021-07-26,17,AR1 alpha + Enhanced + One-Step,NYSE:HLIO,0.09999233395977697
2021-07-27,17,AR1 alpha + Enhanced + One-Step,NYSE:HLIO,0.0999930168453689
2021-07-28,17,AR1 alpha + Enhanced + One-Step,NYSE:HLIO,0.09998524746121375
2021-07-29,17,AR1 alpha + Enhanced + One-Step,NYSE:HLIO,0.0999911655076089
2021-07-30,17,AR1 alpha + Enhanced + One-Step,NYSE:HLIO,0.09999367580632078
2021-08-02,17,AR1 alpha + Enhanced + One-Step,NYSE:HLIO,0.09999300000091478
2021-08-03,17,AR1 alpha + Enhanced + One-Step,NYSE:HLIO,0.09999421317022952
2021-08-04,17,AR1 alpha + Enhanced + One-Step,NYSE:HLIO,0.09998912096887824
2021-08-05,17,AR1 alpha + Enhanced + One-Step,NYSE:HLIO,0.09999044434047302
2021-08-06,17,AR1 alpha + Enhanced + One-Step,NYSE:HLIO,0.09998866028724537
2021-08-09,17,AR1 alpha + Enhanced + One-Step,NYSE:HLIO,0.0999865994546321
2021-08-10,17,AR1 alpha + Enhanced + One-Step,NYSE:HLIO,0.09998938969474228
2021-08-11,17,AR1 alpha + Enhanced + One-Step,NYSE:HLIO,0.09998871534062782
2021-08-12,17,AR1 alpha + Enhanced + One-Step,NYSE:HLIO,0.09998383048339508
2021-08-13,17,AR1 alpha + Enhanced + One-Step,NYSE:HLIO,0.0999909516497535
2021-08-16,17,AR1 alpha + Enhanced + One-Step,NYSE:HLIO,0.09999512550636067
2021-08-17,17,AR1 alpha + Enhanced + One-Step,NYSE:HLIO,0.0999974570148197
2021-08-18,17,AR1 alpha + Enhanced + One-Step,NYSE:HLIO,0.09999849865495103
2021-08-19,17,AR1 alpha + Enhanced + One-Step,NYSE:HLIO,0.09999980135962028
2021-08-20,17,AR1 alpha + Enhanced + One-Step,NYSE:HLIO,0.09999388808707818
2021-08-23,17,AR1 alpha + Enhanced + One-Step,NYSE:HLIO,0.09999132309749369
2021-08-24,17,AR1 alpha + Enhanced + One-Step,NYSE:HLIO,0.09999306466383494
2021-08-25,17,AR1 alpha + Enhanced + One-Step,NYSE:HLIO,0.09999603886555081
2021-08-26,17,AR1 alpha + Enhanced + One-Step,NYSE:HLIO,0.09998899757370296
2021-08-27,17,AR1 alpha + Enhanced + One-Step,NYSE:HLIO,0.09998519913759624
2021-08-30,17,AR1 alpha + Enhanced + One-Step,NYSE:HLIO,0.09998324506768985
2021-08-31,17,AR1 alpha + Enhanced + One-Step,NYSE:HLIO,0.09998938557625106
2021-09-01,17,AR1 alpha + Enhanced + One-Step,NYSE:HLIO,0.09998621341554359
2021-09-02,17,AR1 alpha + Enhanced + One-Step,NYSE:HLIO,0.09998835325015823
2021-09-03,17,AR1 alpha + Enhanced + One-Step,NYSE:HLIO,0.09998821885194091
2021-09-07,17,AR1 alpha + Enhanced + One-Step,NYSE:HLIO,0.09998664906793588
2021-09-08,17,AR1 alpha + Enhanced + One-Step,NYSE:HLIO,0.09998598604665583
2021-09-09,17,AR1 alpha + Enhanced + One-Step,NYSE:HLIO,0.09998639099777724
2021-09-10,17,AR1 alpha + Enhanced + One-Step,NYSE:HLIO,0.09998830602091044
2021-09-13,17,AR1 alpha + Enhanced + One-Step,NYSE:HLIO,0.09999184137552782
2021-09-14,17,AR1 alpha + Enhanced + One-Step,NYSE:HLIO,0.09999321229141006
2021-09-15,17,AR1 alpha + Enhanced + One-Step,NYSE:HLIO,0.09998938510103758
2021-09-16,17,AR1 alpha + Enhanced + One-Step,NYSE:HLIO,0.09999213051544337
2021-09-17,17,AR1 alpha + Enhanced + One-Step,NYSE:HLIO,0.09999300657643272
2021-09-20,17,AR1 alpha + Enhanced + One-Step,NYSE:HLIO,0.09999401570269091
2021-09-21,17,AR1 alpha + Enhanced + One-Step,NYSE:HLIO,0.099996063724039
2021-09-22,17,AR1 alpha + Enhanced + One-Step,NYSE:HLIO,0.09999695322890634
2021-09-23,17,AR1 alpha + Enhanced + One-Step,NYSE:HLIO,0.09999867458440731
2021-09-24,17,AR1 alpha + Enhanced + One-Step,NYSE:HLIO,0.09999904455171635
2021-09-27,17,AR1 alpha + Enhanced + One-Step,NYSE:HLIO,0.0999992246927185
2021-09-28,17,AR1 alpha + Enhanced + One-Step,NYSE:HLIO,0.09999654350995198
2021-09-29,17,AR1 alpha + Enhanced + One-Step,NYSE:HLIO,0.09999775562402466
2021-09-30,17,AR1 alpha + Enhanced + One-Step,NYSE:HLIO,0.09999829863523484
2021-10-01,17,AR1 alpha + Enhanced + One-Step,NYSE:HLIO,0.09999872682711118
2021-10-04,17,AR1 alpha + Enhanced + One-Step,NYSE:HLIO,0.09999910159695316
2021-10-05,17,AR1 alpha + Enhanced + One-Step,NYSE:HLIO,0.09999647753581782
2021-10-06,17,AR1 alpha + Enhanced + One-Step,NYSE:HLIO,0.09999701419747972
2021-10-07,17,AR1 alpha + Enhanced + One-Step,NYSE:HLIO,0.0999963739772717
2021-10-08,17,AR1 alpha + Enhanced + One-Step,NYSE:HLIO,0.09999720082836139
2021-10-11,17,AR1 alpha + Enhanced + One-Step,NYSE:HLIO,0.09999748443830776
2021-10-12,17,AR1 alpha + Enhanced + One-Step,NYSE:HLIO,0.09999879604685981
2021-10-13,17,AR1 alpha + Enhanced + One-Step,NYSE:HLIO,0.09999914537600242
2021-10-14,17,AR1 alpha + Enhanced + One-Step,NYSE:HLIO,0.0999988485736716
2021-10-15,17,AR1 alpha + Enhanced + One-Step,NYSE:HLIO,0.09999837881010873
2021-10-18,17,AR1 alpha + Enhanced + One-Step,NYSE:HLIO,0.0999980058485886
2021-10-19,17,AR1 alpha + Enhanced + One-Step,NYSE:HLIO,0.09999853230092194
2021-10-20,17,AR1 alpha + Enhanced + One-Step,NYSE:HLIO,0.09999900911751632
2021-10-21,17,AR1 alpha + Enhanced + One-Step,NYSE:HLIO,0.09999924824050208
2021-10-22,17,AR1 alpha + Enhanced + One-Step,NYSE:HLIO,0.09999866878492299
2021-10-25,17,AR1 alpha + Enhanced + One-Step,NYSE:HLIO,0.09999543515322352
2021-10-26,17,AR1 alpha + Enhanced + One-Step,NYSE:HLIO,0.0999916527159431
2021-10-27,17,AR1 alpha + Enhanced + One-Step,NYSE:HLIO,0.0999937882955674
2021-10-28,17,AR1 alpha + Enhanced + One-Step,NYSE:HLIO,0.0999955407367379
2021-10-29,17,AR1 alpha + Enhanced + One-Step,NYSE:HLIO,0.09999188627486752
2021-11-01,17,AR1 alpha + Enhanced + One-Step,NYSE:HLIO,0.09999104344474422
2021-11-02,17,AR1 alpha + Enhanced + One-Step,NYSE:HLIO,0.0999902763745533
2021-11-03,17,AR1 alpha + Enhanced + One-Step,NYSE:HLIO,0.09999262511532145
2021-11-04,17,AR1 alpha + Enhanced + One-Step,NYSE:HLIO,0.0999938428767278
2021-11-05,17,AR1 alpha + Enhanced + One-Step,NYSE:HLIO,0.0999964720821045
2021-11-08,17,AR1 alpha + Enhanced + One-Step,NYSE:HLIO,0.09999580757438878
2021-11-09,17,AR1 alpha + Enhanced + One-Step,NYSE:HLIO,0.09999697670283919
2021-11-10,17,AR1 alpha + Enhanced + One-Step,NYSE:HLIO,0.0999990696790249
2021-11-11,17,AR1 alpha + Enhanced + One-Step,NYSE:HLIO,0.09999931094962461
2021-11-12,17,AR1 alpha + Enhanced + One-Step,NYSE:HLIO,0.0999997009343339
2021-11-15,17,AR1 alpha + Enhanced + One-Step,NYSE:HLIO,0.1000001185256416
2021-11-16,17,AR1 alpha + Enhanced + One-Step,NYSE:HLIO,0.09999980040440065
2021-11-17,17,AR1 alpha + Enhanced + One-Step,NYSE:HLIO,0.09999602994422767
2021-11-18,17,AR1 alpha + Enhanced + One-Step,NYSE:HLIO,0.09999592608823862
2021-11-19,17,AR1 alpha + Enhanced + One-Step,NYSE:HLIO,0.09999724924838986
2021-11-22,17,AR1 alpha + Enhanced + One-Step,NYSE:HLIO,0.09999815623598725
2021-11-23,17,AR1 alpha + Enhanced + One-Step,NYSE:HLIO,0.09999269831925876
2021-11-24,17,AR1 alpha + Enhanced + One-Step,NYSE:HLIO,0.09999412802823969
2021-11-26,17,AR1 alpha + Enhanced + One-Step,NYSE:HLIO,0.0999910207240283
2021-11-29,17,AR1 alpha + Enhanced + One-Step,NYSE:HLIO,0.09999343115540826
2021-11-30,17,AR1 alpha + Enhanced + One-Step,NYSE:HLIO,0.09999246805286544
2021-12-01,17,AR1 alpha + Enhanced + One-Step,NYSE:HLIO,0.09999242434358409
2021-12-02,17,AR1 alpha + Enhanced + One-Step,NYSE:HLIO,0.09998750482275365
2021-12-03,17,AR1 alpha + Enhanced + One-Step,NYSE:HLIO,0.09998910520088483
2021-12-06,17,AR1 alpha + Enhanced + One-Step,NYSE:HLIO,0.09999178432643156
2021-12-07,17,AR1 alpha + Enhanced + One-Step,NYSE:HLIO,0.09999405063988806
2021-12-08,17,AR1 alpha + Enhanced + One-Step,NYSE:HLIO,0.09999523038387285
2021-12-09,17,AR1 alpha + Enhanced + One-Step,NYSE:HLIO,0.09999320065191947
2021-12-10,17,AR1 alpha + Enhanced + One-Step,NYSE:HLIO,0.0999913941735418
2021-12-13,17,AR1 alpha + Enhanced + One-Step,NYSE:HLIO,0.09998741734009628
2021-12-14,17,AR1 alpha + Enhanced + One-Step,NYSE:HLIO,0.09998765910832576
2021-12-15,17,AR1 alpha + Enhanced + One-Step,NYSE:HLIO,0.09999126243201195
2021-12-16,17,AR1 alpha + Enhanced + One-Step,NYSE:HLIO,0.0999936995811317
2021-12-17,17,AR1 alpha + Enhanced + One-Step,NYSE:HLIO,0.0999953405446429
2021-12-20,17,AR1 alpha + Enhanced + One-Step,NYSE:HLIO,0.09999274662618965
2021-12-21,17,AR1 alpha + Enhanced + One-Step,NYSE:HLIO,0.09999469562382565
2021-12-22,17,AR1 alpha + Enhanced + One-Step,NYSE:HLIO,0.09999625420919457
2021-12-23,17,AR1 alpha + Enhanced + One-Step,NYSE:HLIO,0.09999741810979745
2021-12-27,17,AR1 alpha + Enhanced + One-Step,NYSE:HLIO,0.09999824905720442
2021-12-28,17,AR1 alpha + Enhanced + One-Step,NYSE:HLIO,0.09999875271917645
2021-12-29,17,AR1 alpha + Enhanced + One-Step,NYSE:HLIO,0.0999984686479125
2021-12-30,17,AR1 alpha + Enhanced + One-Step,NYSE:HLIO,0.0999984217223662
2021-12-31,17,AR1 alpha + Enhanced + One-Step,NYSE:HLIO,0.09999885703211742
2022-01-03,17,AR1 alpha + Enhanced + One-Step,NYSE:HLIO,0.0999991198259004
2022-01-04,17,AR1 alpha + Enhanced + One-Step,NYSE:HLIO,0.09999934556324068
2022-01-05,17,AR1 alpha + Enhanced + One-Step,NYSE:HLIO,0.09999962756690309
2022-01-06,17,AR1 alpha + Enhanced + One-Step,NYSE:HLIO,0.09999973083458188
2022-01-07,17,AR1 alpha + Enhanced + One-Step,NYSE:HLIO,0.09999954411760838
2022-01-10,17,AR1 alpha + Enhanced + One-Step,NYSE:HLIO,0.09999900539760025
2022-01-11,17,AR1 alpha + Enhanced + One-Step,NYSE:HLIO,0.09999907378540582
2022-01-12,17,AR1 alpha + Enhanced + One-Step,NYSE:HLIO,0.09999912833791068
2022-01-13,17,AR1 alpha + Enhanced + One-Step,NYSE:HLIO,0.09999922700314275
2022-01-14,17,AR1 alpha + Enhanced + One-Step,NYSE:HLIO,0.0999972273538687
2022-01-18,17,AR1 alpha + Enhanced + One-Step,NYSE:HLIO,0.09999815303951425
2022-01-19,17,AR1 alpha + Enhanced + One-Step,NYSE:HLIO,0.09999765902215246
2022-01-20,17,AR1 alpha + Enhanced + One-Step,NYSE:HLIO,0.08814974659265425
2022-01-21,17,AR1 alpha + Enhanced + One-Step,NYSE:HLIO,0.07985021052623151
2022-01-24,17,AR1 alpha + Enhanced + One-Step,NYSE:HLIO,0.07985014204966279
2022-01-25,17,AR1 alpha + Enhanced + One-Step,NYSE:HLIO,0.0548151649513089
2022-01-26,17,AR1 alpha + Enhanced + One-Step,NYSE:HLIO,0.03866345806306849
2022-01-27,17,AR1 alpha + Enhanced + One-Step,NYSE:HLIO,0.013638596619866217
2022-01-28,17,AR1 alpha + Enhanced + One-Step,NYSE:HLIO,0.013638593456862457
2022-01-31,17,AR1 alpha + Enhanced + One-Step,NYSE:HLIO,0.013639370809181275
2022-02-01,17,AR1 alpha + Enhanced + One-Step,NYSE:HLIO,0.013639318724530784
2022-02-02,17,AR1 alpha + Enhanced + One-Step,NYSE:HLIO,0.013639275490670044
2022-02-03,17,AR1 alpha + Enhanced + One-Step,NYSE:HLIO,0.013638777353630374
2022-02-04,17,AR1 alpha + Enhanced + One-Step,NYSE:HLIO,0.013638440365291877
2022-02-07,17,AR1 alpha + Enhanced + One-Step,NYSE:HLIO,0.013638391571917458
2022-02-08,17,AR1 alpha + Enhanced + One-Step,NYSE:HLIO,0.013638360005477908
2022-02-09,17,AR1 alpha + Enhanced + One-Step,NYSE:HLIO,0.0136383079024862
2022-02-10,17,AR1 alpha + Enhanced + One-Step,NYSE:HLIO,0.0136383308074811
2022-02-11,17,AR1 alpha + Enhanced + One-Step,NYSE:HLIO,0.013638858883757514
2022-02-14,17,AR1 alpha + Enhanced + One-Step,NYSE:HLIO,0.013638808993319667
2022-02-15,17,AR1 alpha + Enhanced + One-Step,NYSE:HLIO,0.013638834639373642
2022-02-16,17,AR1 alpha + Enhanced + One-Step,NYSE:HLIO,0.013638793756471736
2022-02-17,17,AR1 alpha + Enhanced + One-Step,NYSE:HLIO,0.009274465953160728
2022-02-18,17,AR1 alpha + Enhanced + One-Step,NYSE:HLIO,0.0058370148121380284
2022-02-22,17,AR1 alpha + Enhanced + One-Step,NYSE:HLIO,8.171294796338907e-08
2022-02-23,17,AR1 alpha + Enhanced + One-Step,NYSE:HLIO,7.009717788522904e-08
2022-02-24,17,AR1 alpha + Enhanced + One-Step,NYSE:HLIO,0.0
2022-02-25,17,AR1 alpha + Enhanced + One-Step,NYSE:HLIO,6.484191402640581e-08
2022-02-28,17,AR1 alpha + Enhanced + One-Step,NYSE:HLIO,0.0024544696503011223
2022-03-01,17,AR1 alpha + Enhanced + One-Step,NYSE:HLIO,0.0024546417729779915
2022-03-02,17,AR1 alpha + Enhanced + One-Step,NYSE:HLIO,0.0024545511599227228
2022-03-03,17,AR1 alpha + Enhanced + One-Step,NYSE:HLIO,0.0024545355960128392
2022-03-04,17,AR1 alpha + Enhanced + One-Step,NYSE:HLIO,0.002453975663079408
2022-03-07,17,AR1 alpha + Enhanced + One-Step,NYSE:HLIO,0.002455536131499647
2022-03-08,17,AR1 alpha + Enhanced + One-Step,NYSE:HLIO,0.0
2022-03-09,17,AR1 alpha + Enhanced + One-Step,NYSE:HLIO,0.0
2022-03-10,17,AR1 alpha + Enhanced + One-Step,NYSE:HLIO,1.0268049702003993e-07
2022-03-11,17,AR1 alpha + Enhanced + One-Step,NYSE:HLIO,0.0
2022-03-14,17,AR1 alpha + Enhanced + One-Step,NYSE:HLIO,0.0
2022-03-15,17,AR1 alpha + Enhanced + One-Step,NYSE:HLIO,0.0
2022-03-16,17,AR1 alpha + Enhanced + One-Step,NYSE:HLIO,2.06770328195671e-08
2022-03-17,17,AR1 alpha + Enhanced + One-Step,NYSE:HLIO,3.4983795862044775e-08
2022-03-18,17,AR1 alpha + Enhanced + One-Step,NYSE:HLIO,3.989595960611751e-09
2022-03-21,17,AR1 alpha + Enhanced + One-Step,NYSE:HLIO,1.602803582898011e-07
2022-03-22,17,AR1 alpha + Enhanced + One-Step,NYSE:HLIO,1.0568650879532568e-07
2022-03-23,17,AR1 alpha + Enhanced + One-Step,NYSE:HLIO,4.881577510715579e-08
2022-03-24,17,AR1 alpha + Enhanced + One-Step,NYSE:HLIO,1.5053743084598796e-07
2022-03-25,17,AR1 alpha + Enhanced + One-Step,NYSE:HLIO,0.0
2022-03-28,17,AR1 alpha + Enhanced + One-Step,NYSE:HLIO,1.4296231367289073e-07
2022-03-29,17,AR1 alpha + Enhanced + One-Step,NYSE:HLIO,0.0
2022-03-30,17,AR1 alpha + Enhanced + One-Step,NYSE:HLIO,3.3247526772383666e-09
2022-03-31,17,AR1 alpha + Enhanced + One-Step,NYSE:HLIO,3.1203684752329936e-10
2022-04-01,17,AR1 alpha + Enhanced + One-Step,NYSE:HLIO,0.0
2022-04-04,17,AR1 alpha + Enhanced + One-Step,NYSE:HLIO,0.0
2022-04-05,17,AR1 alpha + Enhanced + One-Step,NYSE:HLIO,5.266699665943279e-08
2022-04-06,17,AR1 alpha + Enhanced + One-Step,NYSE:HLIO,0.0
2022-04-07,17,AR1 alpha + Enhanced + One-Step,NYSE:HLIO,0.0
2022-04-08,17,AR1 alpha + Enhanced + One-Step,NYSE:HLIO,7.267674524419928e-08
2022-04-11,17,AR1 alpha + Enhanced + One-Step,NYSE:HLIO,0.0
2022-04-12,17,AR1 alpha + Enhanced + One-Step,NYSE:HLIO,0.0
2022-04-13,17,AR1 alpha + Enhanced + One-Step,NYSE:HLIO,4.968916622440304e-08
2022-04-14,17,AR1 alpha + Enhanced + One-Step,NYSE:HLIO,0.0
2022-04-18,17,AR1 alpha + Enhanced + One-Step,NYSE:HLIO,0.0
2022-04-19,17,AR1 alpha + Enhanced + One-Step,NYSE:HLIO,0.0
2022-04-20,17,AR1 alpha + Enhanced + One-Step,NYSE:HLIO,0.0
2022-04-21,17,AR1 alpha + Enhanced + One-Step,NYSE:HLIO,1.0557748961560129e-07
2022-04-22,17,AR1 alpha + Enhanced + One-Step,NYSE:HLIO,0.0
2022-04-25,17,AR1 alpha + Enhanced + One-Step,NYSE:HLIO,0.0
2022-04-26,17,AR1 alpha + Enhanced + One-Step,NYSE:HLIO,9.60074612701718e-08
2022-04-27,17,AR1 alpha + Enhanced + One-Step,NYSE:HLIO,1.1349583894358981e-07
2022-04-28,17,AR1 alpha + Enhanced + One-Step,NYSE:HLIO,0.0
2022-04-29,17,AR1 alpha + Enhanced + One-Step,NYSE:HLIO,0.0
2022-05-02,17,AR1 alpha + Enhanced + One-Step,NYSE:HLIO,0.0
2022-05-03,17,AR1 alpha + Enhanced + One-Step,NYSE:HLIO,0.0
2022-05-04,17,AR1 alpha + Enhanced + One-Step,NYSE:HLIO,0.0
2022-05-05,17,AR1 alpha + Enhanced + One-Step,NYSE:HLIO,0.0
2022-05-06,17,AR1 alpha + Enhanced + One-Step,NYSE:HLIO,0.0
2022-05-09,17,AR1 alpha + Enhanced + One-Step,NYSE:HLIO,6.035669193738093e-08
2022-05-10,17,AR1 alpha + Enhanced + One-Step,NYSE:HLIO,0.0
2022-05-11,17,AR1 alpha + Enhanced + One-Step,NYSE:HLIO,1.1149165571703203e-07
2022-05-12,17,AR1 alpha + Enhanced + One-Step,NYSE:HLIO,0.0
2022-05-13,17,AR1 alpha + Enhanced + One-Step,NYSE:HLIO,0.0
2022-05-16,17,AR1 alpha + Enhanced + One-Step,NYSE:HLIO,3.5547958836940644e-08
2022-05-17,17,AR1 alpha + Enhanced + One-Step,NYSE:HLIO,0.0
2022-05-18,17,AR1 alpha + Enhanced + One-Step,NYSE:HLIO,4.382823262413532e-08
2022-05-19,17,AR1 alpha + Enhanced + One-Step,NYSE:HLIO,0.0
2022-05-20,17,AR1 alpha + Enhanced + One-Step,NYSE:HLIO,4.194094400479596e-09
2022-05-23,17,AR1 alpha + Enhanced + One-Step,NYSE:HLIO,0.0
2022-05-24,17,AR1 alpha + Enhanced + One-Step,NYSE:HLIO,0.0
2022-05-25,17,AR1 alpha + Enhanced + One-Step,NYSE:HLIO,0.0
2022-05-26,17,AR1 alpha + Enhanced + One-Step,NYSE:HLIO,1.606859030411353e-08
2022-05-27,17,AR1 alpha + Enhanced + One-Step,NYSE:HLIO,0.0
2022-05-31,17,AR1 alpha + Enhanced + One-Step,NYSE:HLIO,2.302801795115736e-09
2022-06-01,17,AR1 alpha + Enhanced + One-Step,NYSE:HLIO,3.0778390999819303e-07
2022-06-02,17,AR1 alpha + Enhanced + One-Step,NYSE:HLIO,4.186627631786686e-07
2022-06-03,17,AR1 alpha + Enhanced + One-Step,NYSE:HLIO,1.3637877258260138e-07
2022-06-06,17,AR1 alpha + Enhanced + One-Step,NYSE:HLIO,1.1335954731787938e-07
2022-06-07,17,AR1 alpha + Enhanced + One-Step,NYSE:HLIO,0.0
2022-06-08,17,AR1 alpha + Enhanced + One-Step,NYSE:HLIO,0.0
2022-06-09,17,AR1 alpha + Enhanced + One-Step,NYSE:HLIO,0.0
2022-06-10,17,AR1 alpha + Enhanced + One-Step,NYSE:HLIO,0.0
2022-06-13,17,AR1 alpha + Enhanced + One-Step,NYSE:HLIO,0.0
2022-06-14,17,AR1 alpha + Enhanced + One-Step,NYSE:HLIO,6.582894849486501e-07
2022-06-15,17,AR1 alpha + Enhanced + One-Step,NYSE:HLIO,2.494039959321213e-07
2022-06-16,17,AR1 alpha + Enhanced + One-Step,NYSE:HLIO,1.8350450468316527e-07
2022-06-17,17,AR1 alpha + Enhanced + One-Step,NYSE:HLIO,0.0
2022-06-21,17,AR1 alpha + Enhanced + One-Step,NYSE:HLIO,0.0
2022-06-22,17,AR1 alpha + Enhanced + One-Step,NYSE:HLIO,0.0
2022-06-23,17,AR1 alpha + Enhanced + One-Step,NYSE:HLIO,0.0
2022-06-24,17,AR1 alpha + Enhanced + One-Step,NYSE:HLIO,0.0
2022-06-27,17,AR1 alpha + Enhanced + One-Step,NYSE:HLIO,1.6375049014621366e-07
2022-06-28,17,AR1 alpha + Enhanced + One-Step,NYSE:HLIO,7.378261725345794e-08
2022-06-29,17,AR1 alpha + Enhanced + One-Step,NYSE:HLIO,0.0
2022-06-30,17,AR1 alpha + Enhanced + One-Step,NYSE:HLIO,1.1070968217144026e-07
2022-07-01,17,AR1 alpha + Enhanced + One-Step,NYSE:HLIO,0.0
2022-07-05,17,AR1 alpha + Enhanced + One-Step,NYSE:HLIO,0.0
2022-07-06,17,AR1 alpha + Enhanced + One-Step,NYSE:HLIO,0.0
2022-07-07,17,AR1 alpha + Enhanced + One-Step,NYSE:HLIO,0.0
2022-07-08,17,AR1 alpha + Enhanced + One-Step,NYSE:HLIO,0.0
2022-07-11,17,AR1 alpha + Enhanced + One-Step,NYSE:HLIO,0.0
2022-07-12,17,AR1 alpha + Enhanced + One-Step,NYSE:HLIO,0.0
2022-07-13,17,AR1 alpha + Enhanced + One-Step,NYSE:HLIO,0.0
2022-07-14,17,AR1 alpha + Enhanced + One-Step,NYSE:HLIO,8.680091412698298e-09
2022-07-15,17,AR1 alpha + Enhanced + One-Step,NYSE:HLIO,2.4116830407523366e-08
2022-07-18,17,AR1 alpha + Enhanced + One-Step,NYSE:HLIO,0.0
2022-07-19,17,AR1 alpha + Enhanced + One-Step,NYSE:HLIO,0.0
2022-07-20,17,AR1 alpha + Enhanced + One-Step,NYSE:HLIO,0.0
2022-07-21,17,AR1 alpha + Enhanced + One-Step,NYSE:HLIO,0.0
2022-07-22,17,AR1 alpha + Enhanced + One-Step,NYSE:HLIO,0.0
2022-07-25,17,AR1 alpha + Enhanced + One-Step,NYSE:HLIO,3.587221768443589e-07
2022-07-26,17,AR1 alpha + Enhanced + One-Step,NYSE:HLIO,3.7044166672649324e-09
2022-07-27,17,AR1 alpha + Enhanced + One-Step,NYSE:HLIO,2.9584038911929014e-09
2022-07-28,17,AR1 alpha + Enhanced + One-Step,NYSE:HLIO,9.907059714810832e-09
2022-07-29,17,AR1 alpha + Enhanced + One-Step,NYSE:HLIO,0.0
2022-08-01,17,AR1 alpha + Enhanced + One-Step,NYSE:HLIO,5.175747967600329e-09
2022-08-02,17,AR1 alpha + Enhanced + One-Step,NYSE:HLIO,0.0
2022-08-03,17,AR1 alpha + Enhanced + One-Step,NYSE:HLIO,0.0
2022-08-04,17,AR1 alpha + Enhanced + One-Step,NYSE:HLIO,7.157322063988674e-08
2022-08-05,17,AR1 alpha + Enhanced + One-Step,NYSE:HLIO,0.0
2022-08-08,17,AR1 alpha + Enhanced + One-Step,NYSE:HLIO,0.0
2022-08-09,17,AR1 alpha + Enhanced + One-Step,NYSE:HLIO,3.874418373235641e-07
2022-08-10,17,AR1 alpha + Enhanced + One-Step,NYSE:HLIO,0.0
2022-08-11,17,AR1 alpha + Enhanced + One-Step,NYSE:HLIO,0.0
2022-08-12,17,AR1 alpha + Enhanced + One-Step,NYSE:HLIO,0.0
2022-08-15,17,AR1 alpha + Enhanced + One-Step,NYSE:HLIO,0.0
2022-08-16,17,AR1 alpha + Enhanced + One-Step,NYSE:HLIO,3.04459198966938e-08
2022-08-17,17,AR1 alpha + Enhanced + One-Step,NYSE:HLIO,2.910864324024186e-07
2022-08-18,17,AR1 alpha + Enhanced + One-Step,NYSE:HLIO,0.0
2022-08-19,17,AR1 alpha + Enhanced + One-Step,NYSE:HLIO,0.0
2022-08-22,17,AR1 alpha + Enhanced + One-Step,NYSE:HLIO,3.328668369918547e-07
2022-08-23,17,AR1 alpha + Enhanced + One-Step,NYSE:HLIO,3.9181136903799885e-07
2022-08-24,17,AR1 alpha + Enhanced + One-Step,NYSE:HLIO,1.7644668885524707e-07
2022-08-25,17,AR1 alpha + Enhanced + One-Step,NYSE:HLIO,0.0
2022-08-26,17,AR1 alpha + Enhanced + One-Step,NYSE:HLIO,0.0
2022-08-29,17,AR1 alpha + Enhanced + One-Step,NYSE:HLIO,4.029759374603596e-08
2022-08-30,17,AR1 alpha + Enhanced + One-Step,NYSE:HLIO,2.229336071694041e-08
2022-08-31,17,AR1 alpha + Enhanced + One-Step,NYSE:HLIO,0.0
2022-09-01,17,AR1 alpha + Enhanced + One-Step,NYSE:HLIO,1.0795037933360615e-07
2022-09-02,17,AR1 alpha + Enhanced + One-Step,NYSE:HLIO,5.8241467835333945e-08
2022-09-06,17,AR1 alpha + Enhanced + One-Step,NYSE:HLIO,4.053899266632299e-08
2022-09-07,17,AR1 alpha + Enhanced + One-Step,NYSE:HLIO,3.8866074006198245e-08
2022-09-08,17,AR1 alpha + Enhanced + One-Step,NYSE:HLIO,1.0131969458122708e-07
2022-09-09,17,AR1 alpha + Enhanced + One-Step,NYSE:HLIO,0.0
2022-09-12,17,AR1 alpha + Enhanced + One-Step,NYSE:HLIO,0.0
2022-09-13,17,AR1 alpha + Enhanced + One-Step,NYSE:HLIO,1.904048360418881e-09
2022-09-14,17,AR1 alpha + Enhanced + One-Step,NYSE:HLIO,0.0
2022-09-15,17,AR1 alpha + Enhanced + One-Step,NYSE:HLIO,0.0
2022-09-16,17,AR1 alpha + Enhanced + One-Step,NYSE:HLIO,3.907030702082507e-08
2022-09-19,17,AR1 alpha + Enhanced + One-Step,NYSE:HLIO,0.0
2022-09-20,17,AR1 alpha + Enhanced + One-Step,NYSE:HLIO,1.0236876491851042e-07
2022-09-21,17,AR1 alpha + Enhanced + One-Step,NYSE:HLIO,0.0
2022-09-22,17,AR1 alpha + Enhanced + One-Step,NYSE:HLIO,0.0
2022-09-23,17,AR1 alpha + Enhanced + One-Step,NYSE:HLIO,0.0
2022-09-26,17,AR1 alpha + Enhanced + One-Step,NYSE:HLIO,0.0
2022-09-27,17,AR1 alpha + Enhanced + One-Step,NYSE:HLIO,0.0
2022-09-28,17,AR1 alpha + Enhanced + One-Step,NYSE:HLIO,0.0
2022-09-29,17,AR1 alpha + Enhanced + One-Step,NYSE:HLIO,2.7179840103345146e-07
2022-09-30,17,AR1 alpha + Enhanced + One-Step,NYSE:HLIO,8.906059258317634e-08
2022-10-03,17,AR1 alpha + Enhanced + One-Step,NYSE:HLIO,4.873767675318851e-08
2022-10-04,17,AR1 alpha + Enhanced + One-Step,NYSE:HLIO,7.546774773183437e-08
2022-10-05,17,AR1 alpha + Enhanced + One-Step,NYSE:HLIO,0.0
2022-10-06,17,AR1 alpha + Enhanced + One-Step,NYSE:HLIO,0.0
2022-10-07,17,AR1 alpha + Enhanced + One-Step,NYSE:HLIO,5.661028779369417e-08
2022-10-10,17,AR1 alpha + Enhanced + One-Step,NYSE:HLIO,0.0
2022-10-11,17,AR1 alpha + Enhanced + One-Step,NYSE:HLIO,0.0
2022-10-12,17,AR1 alpha + Enhanced + One-Step,NYSE:HLIO,0.0
2022-10-13,17,AR1 alpha + Enhanced + One-Step,NYSE:HLIO,1.1326665345058353e-06
2022-10-14,17,AR1 alpha + Enhanced + One-Step,NYSE:HLIO,4.936851536245666e-07
2022-10-17,17,AR1 alpha + Enhanced + One-Step,NYSE:HLIO,2.3760189615982303e-07
2022-10-18,17,AR1 alpha + Enhanced + One-Step,NYSE:HLIO,1.440385873715607e-07
2022-10-19,17,AR1 alpha + Enhanced + One-Step,NYSE:HLIO,9.061486903624217e-08
2022-10-20,17,AR1 alpha + Enhanced + One-Step,NYSE:HLIO,0.0
2022-10-21,17,AR1 alpha + Enhanced + One-Step,NYSE:HLIO,2.8287055895725723e-08
2022-10-24,17,AR1 alpha + Enhanced + One-Step,NYSE:HLIO,0.0
2022-10-25,17,AR1 alpha + Enhanced + One-Step,NYSE:HLIO,1.187496216649548e-08
2022-10-26,17,AR1 alpha + Enhanced + One-Step,NYSE:HLIO,4.672590073824289e-08
2022-10-27,17,AR1 alpha + Enhanced + One-Step,NYSE:HLIO,0.0
2022-10-28,17,AR1 alpha + Enhanced + One-Step,NYSE:HLIO,0.0
2022-10-31,17,AR1 alpha + Enhanced + One-Step,NYSE:HLIO,0.0
2022-11-01,17,AR1 alpha + Enhanced + One-Step,NYSE:HLIO,0.0
2022-11-02,17,AR1 alpha + Enhanced + One-Step,NYSE:HLIO,1.4453645687788013e-08
2022-11-03,17,AR1 alpha + Enhanced + One-Step,NYSE:HLIO,1.252293270540384e-06
2022-11-04,17,AR1 alpha + Enhanced + One-Step,NYSE:HLIO,4.578019025412794e-07
2022-11-07,17,AR1 alpha + Enhanced + One-Step,NYSE:HLIO,0.0
2022-11-08,17,AR1 alpha + Enhanced + One-Step,NYSE:HLIO,6.576331734404308e-08
2022-11-09,17,AR1 alpha + Enhanced + One-Step,NYSE:HLIO,0.0
2022-11-10,17,AR1 alpha + Enhanced + One-Step,NYSE:HLIO,6.075465751201031e-09
2022-11-11,17,AR1 alpha + Enhanced + One-Step,NYSE:HLIO,0.0
2022-11-14,17,AR1 alpha + Enhanced + One-Step,NYSE:HLIO,0.0
2022-11-15,17,AR1 alpha + Enhanced + One-Step,NYSE:HLIO,1.57293690976334e-08
2022-11-16,17,AR1 alpha + Enhanced + One-Step,NYSE:HLIO,0.0
2022-11-17,17,AR1 alpha + Enhanced + One-Step,NYSE:HLIO,1.1561592870589907e-07
2022-11-18,17,AR1 alpha + Enhanced + One-Step,NYSE:HLIO,1.0001278086201601e-07
2022-11-21,17,AR1 alpha + Enhanced + One-Step,NYSE:HLIO,0.0
2022-11-22,17,AR1 alpha + Enhanced + One-Step,NYSE:HLIO,0.0
2022-11-23,17,AR1 alpha + Enhanced + One-Step,NYSE:HLIO,2.886563579817326e-07
2022-11-25,17,AR1 alpha + Enhanced + One-Step,NYSE:HLIO,2.964440296805282e-07
2022-11-28,17,AR1 alpha + Enhanced + One-Step,NYSE:HLIO,2.451626831815415e-07
2022-11-29,17,AR1 alpha + Enhanced + One-Step,NYSE:HLIO,1.5887249289729856e-07
2022-11-30,17,AR1 alpha + Enhanced + One-Step,NYSE:HLIO,9.81099324860992e-08
2022-12-01,17,AR1 alpha + Enhanced + One-Step,NYSE:HLIO,0.0
2022-12-02,17,AR1 alpha + Enhanced + One-Step,NYSE:HLIO,2.8334136828952706e-08
2022-12-05,17,AR1 alpha + Enhanced + One-Step,NYSE:HLIO,0.0
2022-12-06,17,AR1 alpha + Enhanced + One-Step,NYSE:HLIO,0.0
2022-12-07,17,AR1 alpha + Enhanced + One-Step,NYSE:HLIO,0.0
2022-12-08,17,AR1 alpha + Enhanced + One-Step,NYSE:HLIO,0.0
2022-12-09,17,AR1 alpha + Enhanced + One-Step,NYSE:HLIO,0.0
2022-12-12,17,AR1 alpha + Enhanced + One-Step,NYSE:HLIO,0.0
2022-12-13,17,AR1 alpha + Enhanced + One-Step,NYSE:HLIO,0.0
2022-12-14,17,AR1 alpha + Enhanced + One-Step,NYSE:HLIO,0.0
2022-12-15,17,AR1 alpha + Enhanced + One-Step,NYSE:HLIO,0.0
2022-12-16,17,AR1 alpha + Enhanced + One-Step,NYSE:HLIO,0.0
2022-12-19,17,AR1 alpha + Enhanced + One-Step,NYSE:HLIO,0.0
2022-12-20,17,AR1 alpha + Enhanced + One-Step,NYSE:HLIO,0.0
2022-12-21,17,AR1 alpha + Enhanced + One-Step,NYSE:HLIO,0.0
2022-12-22,17,AR1 alpha + Enhanced + One-Step,NYSE:HLIO,0.0
2022-12-23,17,AR1 alpha + Enhanced + One-Step,NYSE:HLIO,1.887841282061207e-08
2022-12-27,17,AR1 alpha + Enhanced + One-Step,NYSE:HLIO,2.136371946473347e-08
2022-12-28,17,AR1 alpha + Enhanced + One-Step,NYSE:HLIO,0.0
2022-12-29,17,AR1 alpha + Enhanced + One-Step,NYSE:HLIO,0.0
2022-12-30,17,AR1 alpha + Enhanced + One-Step,NYSE:HLIO,0.0
2023-01-03,17,AR1 alpha + Enhanced + One-Step,NYSE:HLIO,5.017016977398051e-09
2023-01-04,17,AR1 alpha + Enhanced + One-Step,NYSE:HLIO,9.196737558496684e-10
2023-01-05,17,AR1 alpha + Enhanced + One-Step,NYSE:HLIO,4.583090877124086e-07
2023-01-06,17,AR1 alpha + Enhanced + One-Step,NYSE:HLIO,2.0595281673231034e-07
2023-01-09,17,AR1 alpha + Enhanced + One-Step,NYSE:HLIO,0.0
2023-01-10,17,AR1 alpha + Enhanced + One-Step,NYSE:HLIO,6.034965357922399e-07
2023-01-11,17,AR1 alpha + Enhanced + One-Step,NYSE:HLIO,3.592068873872276e-09
2023-01-12,17,AR1 alpha + Enhanced + One-Step,NYSE:HLIO,0.0
2023-01-13,17,AR1 alpha + Enhanced + One-Step,NYSE:HLIO,0.0
2023-01-17,17,AR1 alpha + Enhanced + One-Step,NYSE:HLIO,0.0
2023-01-18,17,AR1 alpha + Enhanced + One-Step,NYSE:HLIO,3.358628668795215e-07
2023-01-19,17,AR1 alpha + Enhanced + One-Step,NYSE:HLIO,5.76104707201297e-08
2023-01-20,17,AR1 alpha + Enhanced + One-Step,NYSE:HLIO,0.0
2023-01-23,17,AR1 alpha + Enhanced + One-Step,NYSE:HLIO,0.0
2023-01-24,17,AR1 alpha + Enhanced + One-Step,NYSE:HLIO,2.1596752709834887e-08
2023-01-25,17,AR1 alpha + Enhanced + One-Step,NYSE:HLIO,2.738076587538006e-08
2023-01-26,17,AR1 alpha + Enhanced + One-Step,NYSE:HLIO,1.482125363418268e-08
2023-01-27,17,AR1 alpha + Enhanced + One-Step,NYSE:HLIO,0.0
2023-01-30,17,AR1 alpha + Enhanced + One-Step,NYSE:HLIO,7.398420661074909e-08
2023-01-31,17,AR1 alpha + Enhanced + One-Step,NYSE:HLIO,0.0
2023-02-01,17,AR1 alpha + Enhanced + One-Step,NYSE:HLIO,0.0
2023-02-02,17,AR1 alpha + Enhanced + One-Step,NYSE:HLIO,1.1594989431092371e-06
2023-02-03,17,AR1 alpha + Enhanced + One-Step,NYSE:HLIO,6.677385296946249e-07
2023-02-06,17,AR1 alpha + Enhanced + One-Step,NYSE:HLIO,6.91153202885267e-07
2023-02-07,17,AR1 alpha + Enhanced + One-Step,NYSE:HLIO,2.00580711112292e-06
2023-02-08,17,AR1 alpha + Enhanced + One-Step,NYSE:HLIO,1.2020799045207286e-06
2023-02-09,17,AR1 alpha + Enhanced + One-Step,NYSE:HLIO,7.217259945787835e-07
2023-02-10,17,AR1 alpha + Enhanced + One-Step,NYSE:HLIO,0.0
2023-02-13,17,AR1 alpha + Enhanced + One-Step,NYSE:HLIO,4.624175304972896e-08
2023-02-14,17,AR1 alpha + Enhanced + One-Step,NYSE:HLIO,3.7587621559441605e-07
2023-02-15,17,AR1 alpha + Enhanced + One-Step,NYSE:HLIO,1.9715000149111258e-07
2023-02-16,17,AR1 alpha + Enhanced + One-Step,NYSE:HLIO,0.0
2023-02-17,17,AR1 alpha + Enhanced + One-Step,NYSE:HLIO,0.0
2023-02-21,17,AR1 alpha + Enhanced + One-Step,NYSE:HLIO,0.0
2023-02-22,17,AR1 alpha + Enhanced + One-Step,NYSE:HLIO,0.0
2023-02-23,17,AR1 alpha + Enhanced + One-Step,NYSE:HLIO,0.0
2023-02-24,17,AR1 alpha + Enhanced + One-Step,NYSE:HLIO,1.3036940971795038e-06
2023-02-27,17,AR1 alpha + Enhanced + One-Step,NYSE:HLIO,8.734151660108317e-07
2023-02-28,17,AR1 alpha + Enhanced + One-Step,NYSE:HLIO,1.2322909943192804e-06
2023-03-01,17,AR1 alpha + Enhanced + One-Step,NYSE:HLIO,7.777053874252139e-07
2023-03-02,17,AR1 alpha + Enhanced + One-Step,NYSE:HLIO,8.041547221496489e-08
2023-03-03,17,AR1 alpha + Enhanced + One-Step,NYSE:HLIO,0.0
2023-03-06,17,AR1 alpha + Enhanced + One-Step,NYSE:HLIO,0.0
2023-03-07,17,AR1 alpha + Enhanced + One-Step,NYSE:HLIO,0.0
2023-03-08,17,AR1 alpha + Enhanced + One-Step,NYSE:HLIO,0.0
2023-03-09,17,AR1 alpha + Enhanced + One-Step,NYSE:HLIO,7.1997507270437e-08
2023-03-10,17,AR1 alpha + Enhanced + One-Step,NYSE:HLIO,0.001669981837405823
2023-03-13,17,AR1 alpha + Enhanced + One-Step,NYSE:HLIO,0.001669966524843148
2023-03-14,17,AR1 alpha + Enhanced + One-Step,NYSE:HLIO,0.0
2023-03-15,17,AR1 alpha + Enhanced + One-Step,NYSE:HLIO,0.0
2023-03-16,17,AR1 alpha + Enhanced + One-Step,NYSE:HLIO,5.987656764455175e-09
2023-03-17,17,AR1 alpha + Enhanced + One-Step,NYSE:HLIO,0.0
2023-03-20,17,AR1 alpha + Enhanced + One-Step,NYSE:HLIO,0.0031027177233820856
2023-03-21,17,AR1 alpha + Enhanced + One-Step,NYSE:HLIO,0.003102445958116636
2023-03-22,17,AR1 alpha + Enhanced + One-Step,NYSE:HLIO,0.0031019355169818463
2023-03-23,17,AR1 alpha + Enhanced + One-Step,NYSE:HLIO,0.003101306925595441
2023-03-24,17,AR1 alpha + Enhanced + One-Step,NYSE:HLIO,0.0031013484887368993
2023-03-27,17,AR1 alpha + Enhanced + One-Step,NYSE:HLIO,0.0031012490114720346
2023-03-28,17,AR1 alpha + Enhanced + One-Step,NYSE:HLIO,0.0
2023-03-29,17,AR1 alpha + Enhanced + One-Step,NYSE:HLIO,8.346397036536465e-09
2023-03-30,17,AR1 alpha + Enhanced + One-Step,NYSE:HLIO,2.090823692685241e-08
2023-03-31,17,AR1 alpha + Enhanced + One-Step,NYSE:HLIO,1.2843571325713672e-07
2023-04-03,17,AR1 alpha + Enhanced + One-Step,NYSE:HLIO,6.262204950679183e-08
2023-04-04,17,AR1 alpha + Enhanced + One-Step,NYSE:HLIO,1.1509210802103582e-08
2023-04-05,17,AR1 alpha + Enhanced + One-Step,NYSE:HLIO,4.569527674327852e-08
2023-04-06,17,AR1 alpha + Enhanced + One-Step,NYSE:HLIO,2.4580354345426597e-08
2023-04-10,17,AR1 alpha + Enhanced + One-Step,NYSE:HLIO,5.497893173506652e-07
2023-04-11,17,AR1 alpha + Enhanced + One-Step,NYSE:HLIO,0.0
2023-04-12,17,AR1 alpha + Enhanced + One-Step,NYSE:HLIO,0.0
2023-04-13,17,AR1 alpha + Enhanced + One-Step,NYSE:HLIO,0.0
2023-04-14,17,AR1 alpha + Enhanced + One-Step,NYSE:HLIO,0.0
2023-04-17,17,AR1 alpha + Enhanced + One-Step,NYSE:HLIO,8.999624827291277e-08
2023-04-18,17,AR1 alpha + Enhanced + One-Step,NYSE:HLIO,0.0
2023-04-19,17,AR1 alpha + Enhanced + One-Step,NYSE:HLIO,0.0
2023-04-20,17,AR1 alpha + Enhanced + One-Step,NYSE:HLIO,3.7446315077485265e-08
2023-04-21,17,AR1 alpha + Enhanced + One-Step,NYSE:HLIO,0.0
2023-04-24,17,AR1 alpha + Enhanced + One-Step,NYSE:HLIO,0.0
2023-04-25,17,AR1 alpha + Enhanced + One-Step,NYSE:HLIO,0.0
2023-04-26,17,AR1 alpha + Enhanced + One-Step,NYSE:HLIO,0.0
2023-04-27,17,AR1 alpha + Enhanced + One-Step,NYSE:HLIO,0.0
2023-04-28,17,AR1 alpha + Enhanced + One-Step,NYSE:HLIO,0.0
2023-05-01,17,AR1 alpha + Enhanced + One-Step,NYSE:HLIO,1.0513660955861749e-08
2023-05-02,17,AR1 alpha + Enhanced + One-Step,NYSE:HLIO,1.0417560379304326e-07
2023-05-03,17,AR1 alpha + Enhanced + One-Step,NYSE:HLIO,0.0
2023-05-04,17,AR1 alpha + Enhanced + One-Step,NYSE:HLIO,0.0
2023-05-05,17,AR1 alpha + Enhanced + One-Step,NYSE:HLIO,0.0
2023-05-08,17,AR1 alpha + Enhanced + One-Step,NYSE:HLIO,7.347310979229066e-08
2023-05-09,17,AR1 alpha + Enhanced + One-Step,NYSE:HLIO,2.3845201060775703e-08
2023-05-10,17,AR1 alpha + Enhanced + One-Step,NYSE:HLIO,5.911884273742794e-08
2023-05-11,17,AR1 alpha + Enhanced + One-Step,NYSE:HLIO,2.2913029286422683e-08
2023-05-12,17,AR1 alpha + Enhanced + One-Step,NYSE:HLIO,1.2459862404171108e-07
2023-05-15,17,AR1 alpha + Enhanced + One-Step,NYSE:HLIO,0.0
2023-05-16,17,AR1 alpha + Enhanced + One-Step,NYSE:HLIO,4.004815110746009e-08
2023-05-17,17,AR1 alpha + Enhanced + One-Step,NYSE:HLIO,0.0
2023-05-18,17,AR1 alpha + Enhanced + One-Step,NYSE:HLIO,1.2679247009024856e-06
2023-05-19,17,AR1 alpha + Enhanced + One-Step,NYSE:HLIO,5.720641322238741e-07
2023-05-22,17,AR1 alpha + Enhanced + One-Step,NYSE:HLIO,3.335076316048603e-07
2023-05-23,17,AR1 alpha + Enhanced + One-Step,NYSE:HLIO,0.0
2023-05-24,17,AR1 alpha + Enhanced + One-Step,NYSE:HLIO,0.0
2023-05-25,17,AR1 alpha + Enhanced + One-Step,NYSE:HLIO,0.0
2023-05-26,17,AR1 alpha + Enhanced + One-Step,NYSE:HLIO,4.528265505247491e-09
2023-05-30,17,AR1 alpha + Enhanced + One-Step,NYSE:HLIO,0.0
2023-05-31,17,AR1 alpha + Enhanced + One-Step,NYSE:HLIO,0.0
2023-06-01,17,AR1 alpha + Enhanced + One-Step,NYSE:HLIO,0.0
2023-06-02,17,AR1 alpha + Enhanced + One-Step,NYSE:HLIO,0.0
2023-06-05,17,AR1 alpha + Enhanced + One-Step,NYSE:HLIO,0.0
2023-06-06,17,AR1 alpha + Enhanced + One-Step,NYSE:HLIO,2.10900790551304e-06
2023-06-07,17,AR1 alpha + Enhanced + One-Step,NYSE:HLIO,8.277449292974553e-07
2023-06-08,17,AR1 alpha + Enhanced + One-Step,NYSE:HLIO,3.284181108330326e-07
2023-06-09,17,AR1 alpha + Enhanced + One-Step,NYSE:HLIO,0.0
2023-06-12,17,AR1 alpha + Enhanced + One-Step,NYSE:HLIO,0.0
2023-06-13,17,AR1 alpha + Enhanced + One-Step,NYSE:HLIO,0.0
2023-06-14,17,AR1 alpha + Enhanced + One-Step,NYSE:HLIO,0.0
2023-06-15,17,AR1 alpha + Enhanced + One-Step,NYSE:HLIO,0.0
2023-06-16,17,AR1 alpha + Enhanced + One-Step,NYSE:HLIO,0.0
2023-06-20,17,AR1 alpha + Enhanced + One-Step,NYSE:HLIO,0.0
2023-06-21,17,AR1 alpha + Enhanced + One-Step,NYSE:HLIO,0.0
2023-06-22,17,AR1 alpha + Enhanced + One-Step,NYSE:HLIO,0.0
2023-06-23,17,AR1 alpha + Enhanced + One-Step,NYSE:HLIO,0.0
2023-06-26,17,AR1 alpha + Enhanced + One-Step,NYSE:HLIO,0.0
2023-06-27,17,AR1 alpha + Enhanced + One-Step,NYSE:HLIO,0.0
2023-06-28,17,AR1 alpha + Enhanced + One-Step,NYSE:HLIO,0.0
2023-06-29,17,AR1 alpha + Enhanced + One-Step,NYSE:HLIO,0.0
2023-06-30,17,AR1 alpha + Enhanced + One-Step,NYSE:HLIO,0.0
2023-07-03,17,AR1 alpha + Enhanced + One-Step,NYSE:HLIO,0.0
2023-07-05,17,AR1 alpha + Enhanced + One-Step,NYSE:HLIO,0.0
2023-07-06,17,AR1 alpha + Enhanced + One-Step,NYSE:HLIO,0.0
2023-07-07,17,AR1 alpha + Enhanced + One-Step,NYSE:HLIO,0.0
2023-07-10,17,AR1 alpha + Enhanced + One-Step,NYSE:HLIO,2.2575199206011842e-08
2023-07-11,17,AR1 alpha + Enhanced + One-Step,NYSE:HLIO,0.0
2023-07-12,17,AR1 alpha + Enhanced + One-Step,NYSE:HLIO,9.910134344826415e-08
2023-07-13,17,AR1 alpha + Enhanced + One-Step,NYSE:HLIO,0.0
2023-07-14,17,AR1 alpha + Enhanced + One-Step,NYSE:HLIO,0.0
2023-07-17,17,AR1 alpha + Enhanced + One-Step,NYSE:HLIO,0.0
2023-07-18,17,AR1 alpha + Enhanced + One-Step,NYSE:HLIO,3.5160300434339567e-07
2023-07-19,17,AR1 alpha + Enhanced + One-Step,NYSE:HLIO,0.0
2023-07-20,17,AR1 alpha + Enhanced + One-Step,NYSE:HLIO,0.0
2023-07-21,17,AR1 alpha + Enhanced + One-Step,NYSE:HLIO,0.0
2023-07-24,17,AR1 alpha + Enhanced + One-Step,NYSE:HLIO,0.0
2023-07-25,17,AR1 alpha + Enhanced + One-Step,NYSE:HLIO,0.0
2023-07-26,17,AR1 alpha + Enhanced + One-Step,NYSE:HLIO,0.0
2023-07-27,17,AR1 alpha + Enhanced + One-Step,NYSE:HLIO,0.0
2023-08-01,17,AR1 alpha + Enhanced + One-Step,NYSE:HLIO,1.9656889914027522e-09
2023-08-02,17,AR1 alpha + Enhanced + One-Step,NYSE:HLIO,0.0
2023-08-03,17,AR1 alpha + Enhanced + One-Step,NYSE:HLIO,8.722189097880022e-08
2023-08-04,17,AR1 alpha + Enhanced + One-Step,NYSE:HLIO,2.165409740009301e-06
2023-08-07,17,AR1 alpha + Enhanced + One-Step,NYSE:HLIO,1.075081833393914e-06
2023-08-08,17,AR1 alpha + Enhanced + One-Step,NYSE:HLIO,6.260034719027959e-07
2023-08-09,17,AR1 alpha + Enhanced + One-Step,NYSE:HLIO,0.0
2023-08-10,17,AR1 alpha + Enhanced + One-Step,NYSE:HLIO,0.0
2023-08-11,17,AR1 alpha + Enhanced + One-Step,NYSE:HLIO,0.0
2023-08-14,17,AR1 alpha + Enhanced + One-Step,NYSE:HLIO,0.0
2023-08-15,17,AR1 alpha + Enhanced + One-Step,NYSE:HLIO,0.0
2023-08-16,17,AR1 alpha + Enhanced + One-Step,NYSE:HLIO,0.0
2023-08-17,17,AR1 alpha + Enhanced + One-Step,NYSE:HLIO,0.0
2023-08-18,17,AR1 alpha + Enhanced + One-Step,NYSE:HLIO,0.0
2023-08-21,17,AR1 alpha + Enhanced + One-Step,NYSE:HLIO,0.0
2023-08-22,17,AR1 alpha + Enhanced + One-Step,NYSE:HLIO,0.0
2023-08-23,17,AR1 alpha + Enhanced + One-Step,NYSE:HLIO,0.0
2023-08-24,17,AR1 alpha + Enhanced + One-Step,NYSE:HLIO,0.0
2023-08-25,17,AR1 alpha + Enhanced + One-Step,NYSE:HLIO,0.0
2023-08-28,17,AR1 alpha + Enhanced + One-Step,NYSE:HLIO,0.0
2023-08-29,17,AR1 alpha + Enhanced + One-Step,NYSE:HLIO,0.0
2023-08-30,17,AR1 alpha + Enhanced + One-Step,NYSE:HLIO,0.0
2023-08-31,17,AR1 alpha + Enhanced + One-Step,NYSE:HLIO,0.0
2023-09-01,17,AR1 alpha + Enhanced + One-Step,NYSE:HLIO,0.0
2023-09-05,17,AR1 alpha + Enhanced + One-Step,NYSE:HLIO,0.0
2023-09-06,17,AR1 alpha + Enhanced + One-Step,NYSE:HLIO,0.0
2023-09-07,17,AR1 alpha + Enhanced + One-Step,NYSE:HLIO,5.954617480531876e-09
2023-09-08,17,AR1 alpha + Enhanced + One-Step,NYSE:HLIO,0.0
2023-09-11,17,AR1 alpha + Enhanced + One-Step,NYSE:HLIO,5.986976922675684e-08
2023-09-12,17,AR1 alpha + Enhanced + One-Step,NYSE:HLIO,1.4842089054742514e-07
2023-09-13,17,AR1 alpha + Enhanced + One-Step,NYSE:HLIO,0.0
2023-09-14,17,AR1 alpha + Enhanced + One-Step,NYSE:HLIO,4.8372633372429294e-08
2023-09-15,17,AR1 alpha + Enhanced + One-Step,NYSE:HLIO,2.7548213671223003e-07
2023-09-18,17,AR1 alpha + Enhanced + One-Step,NYSE:HLIO,7.368187945960133e-08
2023-09-19,17,AR1 alpha + Enhanced + One-Step,NYSE:HLIO,6.643054510053264e-08
2023-09-20,17,AR1 alpha + Enhanced + One-Step,NYSE:HLIO,5.991900562643787e-08
2023-09-21,17,AR1 alpha + Enhanced + One-Step,NYSE:HLIO,1.026979395389169e-07
2023-09-22,17,AR1 alpha + Enhanced + One-Step,NYSE:HLIO,8.774644968506957e-08
2023-09-25,17,AR1 alpha + Enhanced + One-Step,NYSE:HLIO,0.0
2023-09-26,17,AR1 alpha + Enhanced + One-Step,NYSE:HLIO,0.0
2023-09-27,17,AR1 alpha + Enhanced + One-Step,NYSE:HLIO,1.980318988289668e-09
2023-09-28,17,AR1 alpha + Enhanced + One-Step,NYSE:HLIO,0.0
2023-09-29,17,AR1 alpha + Enhanced + One-Step,NYSE:HLIO,0.0
2023-10-02,17,AR1 alpha + Enhanced + One-Step,NYSE:HLIO,0.0
2023-10-03,17,AR1 alpha + Enhanced + One-Step,NYSE:HLIO,0.0
2023-10-04,17,AR1 alpha + Enhanced + One-Step,NYSE:HLIO,0.0
2023-10-05,17,AR1 alpha + Enhanced + One-Step,NYSE:HLIO,0.0
2023-10-06,17,AR1 alpha + Enhanced + One-Step,NYSE:HLIO,0.0
2023-10-09,17,AR1 alpha + Enhanced + One-Step,NYSE:HLIO,0.0
2023-10-10,17,AR1 alpha + Enhanced + One-Step,NYSE:HLIO,0.0
2023-10-11,17,AR1 alpha + Enhanced + One-Step,NYSE:HLIO,0.0
2023-10-12,17,AR1 alpha + Enhanced + One-Step,NYSE:HLIO,4.414420455422618e-09
2023-10-13,17,AR1 alpha + Enhanced + One-Step,NYSE:HLIO,4.806633087468209e-09
2023-10-16,17,AR1 alpha + Enhanced + One-Step,NYSE:HLIO,1.667121959216662e-08
2023-10-17,17,AR1 alpha + Enhanced + One-Step,NYSE:HLIO,0.0
2023-10-18,17,AR1 alpha + Enhanced + One-Step,NYSE:HLIO,1.1563443023567325e-07
2023-10-19,17,AR1 alpha + Enhanced + One-Step,NYSE:HLIO,5.138898826620674e-08
2023-10-20,17,AR1 alpha + Enhanced + One-Step,NYSE:HLIO,8.866731403447093e-08
2023-10-23,17,AR1 alpha + Enhanced + One-Step,NYSE:HLIO,0.0
2023-10-24,17,AR1 alpha + Enhanced + One-Step,NYSE:HLIO,7.128104802275528e-09
2023-10-25,17,AR1 alpha + Enhanced + One-Step,NYSE:HLIO,0.0
2023-10-26,17,AR1 alpha + Enhanced + One-Step,NYSE:HLIO,0.0
2023-10-27,17,AR1 alpha + Enhanced + One-Step,NYSE:HLIO,0.0
2023-10-30,17,AR1 alpha + Enhanced + One-Step,NYSE:HLIO,0.0
2023-10-31,17,AR1 alpha + Enhanced + One-Step,NYSE:HLIO,1.1976400765750473e-07
2023-11-01,17,AR1 alpha + Enhanced + One-Step,NYSE:HLIO,0.0
2023-11-02,17,AR1 alpha + Enhanced + One-Step,NYSE:HLIO,9.777527399178809e-07
2023-11-03,17,AR1 alpha + Enhanced + One-Step,NYSE:HLIO,6.930338898221018e-07
2023-11-06,17,AR1 alpha + Enhanced + One-Step,NYSE:HLIO,5.088129063203746e-07
2023-11-07,17,AR1 alpha + Enhanced + One-Step,NYSE:HLIO,0.0
2023-11-08,17,AR1 alpha + Enhanced + One-Step,NYSE:HLIO,0.0
2023-11-09,17,AR1 alpha + Enhanced + One-Step,NYSE:HLIO,1.1287577756442056e-07
2023-11-10,17,AR1 alpha + Enhanced + One-Step,NYSE:HLIO,0.0
2023-11-13,17,AR1 alpha + Enhanced + One-Step,NYSE:HLIO,0.0
2023-11-14,17,AR1 alpha + Enhanced + One-Step,NYSE:HLIO,1.1244546615502723e-07
2023-11-15,17,AR1 alpha + Enhanced + One-Step,NYSE:HLIO,0.0
2023-11-16,17,AR1 alpha + Enhanced + One-Step,NYSE:HLIO,0.0
2023-11-17,17,AR1 alpha + Enhanced + One-Step,NYSE:HLIO,0.0
2023-11-20,17,AR1 alpha + Enhanced + One-Step,NYSE:HLIO,7.064859971864758e-08
2023-11-21,17,AR1 alpha + Enhanced + One-Step,NYSE:HLIO,6.713797245023287e-08
2023-11-22,17,AR1 alpha + Enhanced + One-Step,NYSE:HLIO,1.5701327310162635e-08
2023-11-24,17,AR1 alpha + Enhanced + One-Step,NYSE:HLIO,7.341720855310012e-09
2023-11-27,17,AR1 alpha + Enhanced + One-Step,NYSE:HLIO,0.0
2023-11-28,17,AR1 alpha + Enhanced + One-Step,NYSE:HLIO,4.844926702723925e-08
2023-11-29,17,AR1 alpha + Enhanced + One-Step,NYSE:HLIO,0.0
2023-11-30,17,AR1 alpha + Enhanced + One-Step,NYSE:HLIO,0.0
2023-12-01,17,AR1 alpha + Enhanced + One-Step,NYSE:HLIO,0.0
2023-12-04,17,AR1 alpha + Enhanced + One-Step,NYSE:HLIO,0.0
2023-12-05,17,AR1 alpha + Enhanced + One-Step,NYSE:HLIO,0.0
2023-12-06,17,AR1 alpha + Enhanced + One-Step,NYSE:HLIO,0.0
2023-12-07,17,AR1 alpha + Enhanced + One-Step,NYSE:HLIO,0.0
2023-12-08,17,AR1 alpha + Enhanced + One-Step,NYSE:HLIO,1.8316443901930228e-09
2023-12-11,17,AR1 alpha + Enhanced + One-Step,NYSE:HLIO,0.0
2023-12-12,17,AR1 alpha + Enhanced + One-Step,NYSE:HLIO,0.0
2023-12-13,17,AR1 alpha + Enhanced + One-Step,NYSE:HLIO,7.317224293221341e-07
2023-12-14,17,AR1 alpha + Enhanced + One-Step,NYSE:HLIO,3.482493828587755e-07
2023-12-15,17,AR1 alpha + Enhanced + One-Step,NYSE:HLIO,0.0
2023-12-18,17,AR1 alpha + Enhanced + One-Step,NYSE:HLIO,0.0
2023-12-19,17,AR1 alpha + Enhanced + One-Step,NYSE:HLIO,0.0
2023-12-20,17,AR1 alpha + Enhanced + One-Step,NYSE:HLIO,6.069147741868774e-07
2023-12-21,17,AR1 alpha + Enhanced + One-Step,NYSE:HLIO,3.949455517951991e-07
2023-12-22,17,AR1 alpha + Enhanced + One-Step,NYSE:HLIO,2.694639464026415e-07
2023-12-26,17,AR1 alpha + Enhanced + One-Step,NYSE:HLIO,0.0
2023-12-27,17,AR1 alpha + Enhanced + One-Step,NYSE:HLIO,0.0
2023-12-28,17,AR1 alpha + Enhanced + One-Step,NYSE:HLIO,1.403762631025601e-08
2023-12-29,17,AR1 alpha + Enhanced + One-Step,NYSE:HLIO,2.2896493915326066e-07
2024-01-02,17,AR1 alpha + Enhanced + One-Step,NYSE:HLIO,0.0
2024-01-03,17,AR1 alpha + Enhanced + One-Step,NYSE:HLIO,0.0
2024-01-04,17,AR1 alpha + Enhanced + One-Step,NYSE:HLIO,0.0
2024-01-05,17,AR1 alpha + Enhanced + One-Step,NYSE:HLIO,3.069125280582541e-07
2024-01-08,17,AR1 alpha + Enhanced + One-Step,NYSE:HLIO,5.838130779909281e-07
2024-01-09,17,AR1 alpha + Enhanced + One-Step,NYSE:HLIO,4.898172236033276e-09
2024-01-10,17,AR1 alpha + Enhanced + One-Step,NYSE:HLIO,0.0
2024-01-11,17,AR1 alpha + Enhanced + One-Step,NYSE:HLIO,0.0
2024-01-12,17,AR1 alpha + Enhanced + One-Step,NYSE:HLIO,0.0
2024-01-16,17,AR1 alpha + Enhanced + One-Step,NYSE:HLIO,0.0
2024-01-17,17,AR1 alpha + Enhanced + One-Step,NYSE:HLIO,0.0
2024-01-18,17,AR1 alpha + Enhanced + One-Step,NYSE:HLIO,0.0
2024-01-19,17,AR1 alpha + Enhanced + One-Step,NYSE:HLIO,0.0
2024-01-22,17,AR1 alpha + Enhanced + One-Step,NYSE:HLIO,0.0
2024-01-23,17,AR1 alpha + Enhanced + One-Step,NYSE:HLIO,0.0
2024-01-24,17,AR1 alpha + Enhanced + One-Step,NYSE:HLIO,0.0
2024-01-25,17,AR1 alpha + Enhanced + One-Step,NYSE:HLIO,0.0
2024-01-26,17,AR1 alpha + Enhanced + One-Step,NYSE:HLIO,0.0
2024-01-29,17,AR1 alpha + Enhanced + One-Step,NYSE:HLIO,0.0
2024-01-30,17,AR1 alpha + Enhanced + One-Step,NYSE:HLIO,0.0
2024-01-31,17,AR1 alpha + Enhanced + One-Step,NYSE:HLIO,0.0
2024-02-01,17,AR1 alpha + Enhanced + One-Step,NYSE:HLIO,0.0
2024-02-02,17,AR1 alpha + Enhanced + One-Step,NYSE:HLIO,0.0
2024-02-05,17,AR1 alpha + Enhanced + One-Step,NYSE:HLIO,0.0
2024-02-06,17,AR1 alpha + Enhanced + One-Step,NYSE:HLIO,0.0
2024-02-07,17,AR1 alpha + Enhanced + One-Step,NYSE:HLIO,0.0
2024-02-08,17,AR1 alpha + Enhanced + One-Step,NYSE:HLIO,0.0
2024-02-09,17,AR1 alpha + Enhanced + One-Step,NYSE:HLIO,0.0
2024-02-12,17,AR1 alpha + Enhanced + One-Step,NYSE:HLIO,0.0
2024-02-13,17,AR1 alpha + Enhanced + One-Step,NYSE:HLIO,3.2748511459023033e-07
2024-02-14,17,AR1 alpha + Enhanced + One-Step,NYSE:HLIO,4.06791529103653e-07
2024-02-15,17,AR1 alpha + Enhanced + One-Step,NYSE:HLIO,0.0
2024-02-16,17,AR1 alpha + Enhanced + One-Step,NYSE:HLIO,4.0335907310853897e-07
2024-02-20,17,AR1 alpha + Enhanced + One-Step,NYSE:HLIO,3.923762680556054e-07
2024-02-21,17,AR1 alpha + Enhanced + One-Step,NYSE:HLIO,0.0
2024-02-22,17,AR1 alpha + Enhanced + One-Step,NYSE:HLIO,0.0
2024-02-23,17,AR1 alpha + Enhanced + One-Step,NYSE:HLIO,0.0
2024-02-26,17,AR1 alpha + Enhanced + One-Step,NYSE:HLIO,0.0
2024-02-27,17,AR1 alpha + Enhanced + One-Step,NYSE:HLIO,0.0
2024-02-28,17,AR1 alpha + Enhanced + One-Step,NYSE:HLIO,0.0
2024-02-29,17,AR1 alpha + Enhanced + One-Step,NYSE:HLIO,0.0
2024-03-01,17,AR1 alpha + Enhanced + One-Step,NYSE:HLIO,0.0
2024-03-04,17,AR1 alpha + Enhanced + One-Step,NYSE:HLIO,0.0
2024-03-05,17,AR1 alpha + Enhanced + One-Step,NYSE:HLIO,0.0
2024-03-06,17,AR1 alpha + Enhanced + One-Step,NYSE:HLIO,0.0
2024-03-07,17,AR1 alpha + Enhanced + One-Step,NYSE:HLIO,0.0
2024-03-08,17,AR1 alpha + Enhanced + One-Step,NYSE:HLIO,0.0
2024-03-11,17,AR1 alpha + Enhanced + One-Step,NYSE:HLIO,0.0
2024-03-12,17,AR1 alpha + Enhanced + One-Step,NYSE:HLIO,0.0
2024-03-13,17,AR1 alpha + Enhanced + One-Step,NYSE:HLIO,0.0
2024-03-14,17,AR1 alpha + Enhanced + One-Step,NYSE:HLIO,0.0
2024-03-15,17,AR1 alpha + Enhanced + One-Step,NYSE:HLIO,7.070192071331815e-08
2024-03-18,17,AR1 alpha + Enhanced + One-Step,NYSE:HLIO,0.0
2024-03-19,17,AR1 alpha + Enhanced + One-Step,NYSE:HLIO,0.0
2024-03-20,17,AR1 alpha + Enhanced + One-Step,NYSE:HLIO,0.0
2024-03-21,17,AR1 alpha + Enhanced + One-Step,NYSE:HLIO,0.0
2024-03-22,17,AR1 alpha + Enhanced + One-Step,NYSE:HLIO,0.0
2024-03-25,17,AR1 alpha + Enhanced + One-Step,NYSE:HLIO,0.0
2024-03-26,17,AR1 alpha + Enhanced + One-Step,NYSE:HLIO,0.0
2024-03-27,17,AR1 alpha + Enhanced + One-Step,NYSE:HLIO,0.0
2024-03-28,17,AR1 alpha + Enhanced + One-Step,NYSE:HLIO,1.4418490661282473e-07
2024-04-01,17,AR1 alpha + Enhanced + One-Step,NYSE:HLIO,1.7371817961269698e-07
2024-04-02,17,AR1 alpha + Enhanced + One-Step,NYSE:HLIO,1.6288487872638442e-08
2024-04-03,17,AR1 alpha + Enhanced + One-Step,NYSE:HLIO,0.0
2024-04-04,17,AR1 alpha + Enhanced + One-Step,NYSE:HLIO,0.0
2024-04-05,17,AR1 alpha + Enhanced + One-Step,NYSE:HLIO,0.0
2024-04-08,17,AR1 alpha + Enhanced + One-Step,NYSE:HLIO,9.79461153980388e-08
2024-04-09,17,AR1 alpha + Enhanced + One-Step,NYSE:HLIO,0.0
2024-04-10,17,AR1 alpha + Enhanced + One-Step,NYSE:HLIO,0.0
2024-04-11,17,AR1 alpha + Enhanced + One-Step,NYSE:HLIO,0.0
2024-04-12,17,AR1 alpha + Enhanced + One-Step,NYSE:HLIO,0.0
2024-04-15,17,AR1 alpha + Enhanced + One-Step,NYSE:HLIO,0.0
2024-04-16,17,AR1 alpha + Enhanced + One-Step,NYSE:HLIO,0.0
2024-04-17,17,AR1 alpha + Enhanced + One-Step,NYSE:HLIO,6.413694341309584e-08
2024-04-18,17,AR1 alpha + Enhanced + One-Step,NYSE:HLIO,0.0
2024-04-19,17,AR1 alpha + Enhanced + One-Step,NYSE:HLIO,0.0
2020-03-25,17,AR1 alpha + Enhanced + One-Step,NYSE:JWN,0.020000000000007227
2020-03-26,17,AR1 alpha + Enhanced + One-Step,NYSE:JWN,0.02000000000001305
2020-03-27,17,AR1 alpha + Enhanced + One-Step,NYSE:JWN,0.019999993021724033
2020-03-30,17,AR1 alpha + Enhanced + One-Step,NYSE:JWN,0.020001225318030325
2020-03-31,17,AR1 alpha + Enhanced + One-Step,NYSE:JWN,0.020002033822943025
2020-04-01,17,AR1 alpha + Enhanced + One-Step,NYSE:JWN,0.020001937531876967
2020-04-02,17,AR1 alpha + Enhanced + One-Step,NYSE:JWN,0.018063808030830346
2020-04-03,17,AR1 alpha + Enhanced + One-Step,NYSE:JWN,5.091668479091909e-07
2020-04-06,17,AR1 alpha + Enhanced + One-Step,NYSE:JWN,1.4726750859699478e-07
2020-04-07,17,AR1 alpha + Enhanced + One-Step,NYSE:JWN,2.1094888117433058e-06
2020-04-08,17,AR1 alpha + Enhanced + One-Step,NYSE:JWN,2.9442289359211216e-07
2020-04-09,17,AR1 alpha + Enhanced + One-Step,NYSE:JWN,3.812940851488218e-08
2020-04-13,17,AR1 alpha + Enhanced + One-Step,NYSE:JWN,9.118872075406943e-08
2020-04-14,17,AR1 alpha + Enhanced + One-Step,NYSE:JWN,2.8449110623052916e-08
2020-04-15,17,AR1 alpha + Enhanced + One-Step,NYSE:JWN,1.7288004525350124e-07
2020-04-16,17,AR1 alpha + Enhanced + One-Step,NYSE:JWN,1.2184304794396824e-07
2020-04-17,17,AR1 alpha + Enhanced + One-Step,NYSE:JWN,3.8986401575079376e-08
2020-04-20,17,AR1 alpha + Enhanced + One-Step,NYSE:JWN,0.0
2020-04-21,17,AR1 alpha + Enhanced + One-Step,NYSE:JWN,0.0
2020-04-22,17,AR1 alpha + Enhanced + One-Step,NYSE:JWN,3.29979883522469e-08
2020-04-23,17,AR1 alpha + Enhanced + One-Step,NYSE:JWN,0.0
2020-04-24,17,AR1 alpha + Enhanced + One-Step,NYSE:JWN,6.4216345657240124e-09
2020-04-27,17,AR1 alpha + Enhanced + One-Step,NYSE:JWN,7.635136904137919e-10
2020-04-28,17,AR1 alpha + Enhanced + One-Step,NYSE:JWN,0.0
2020-04-29,17,AR1 alpha + Enhanced + One-Step,NYSE:JWN,0.0
2020-04-30,17,AR1 alpha + Enhanced + One-Step,NYSE:JWN,0.0
2020-05-01,17,AR1 alpha + Enhanced + One-Step,NYSE:JWN,0.0
2020-05-04,17,AR1 alpha + Enhanced + One-Step,NYSE:JWN,5.153210555850686e-09
2020-05-05,17,AR1 alpha + Enhanced + One-Step,NYSE:JWN,0.0
2020-05-06,17,AR1 alpha + Enhanced + One-Step,NYSE:JWN,0.0
2020-05-07,17,AR1 alpha + Enhanced + One-Step,NYSE:JWN,0.0
2020-05-08,17,AR1 alpha + Enhanced + One-Step,NYSE:JWN,7.664606348230066e-09
2020-05-11,17,AR1 alpha + Enhanced + One-Step,NYSE:JWN,0.0
2020-05-12,17,AR1 alpha + Enhanced + One-Step,NYSE:JWN,0.0
2020-05-13,17,AR1 alpha + Enhanced + One-Step,NYSE:JWN,2.0278383327005352e-08
2020-05-14,17,AR1 alpha + Enhanced + One-Step,NYSE:JWN,0.0
2020-05-15,17,AR1 alpha + Enhanced + One-Step,NYSE:JWN,2.4079623914158995e-08
2020-05-18,17,AR1 alpha + Enhanced + One-Step,NYSE:JWN,3.691426111465257e-08
2020-05-19,17,AR1 alpha + Enhanced + One-Step,NYSE:JWN,0.0
2020-05-20,17,AR1 alpha + Enhanced + One-Step,NYSE:JWN,0.0
2020-05-21,17,AR1 alpha + Enhanced + One-Step,NYSE:JWN,0.0
2020-05-22,17,AR1 alpha + Enhanced + One-Step,NYSE:JWN,8.270350949488519e-09
2020-05-26,17,AR1 alpha + Enhanced + One-Step,NYSE:JWN,0.0
2020-05-27,17,AR1 alpha + Enhanced + One-Step,NYSE:JWN,0.008783488833633935
2020-05-28,17,AR1 alpha + Enhanced + One-Step,NYSE:JWN,0.00254570061198144
2020-05-29,17,AR1 alpha + Enhanced + One-Step,NYSE:JWN,0.0
2020-06-01,17,AR1 alpha + Enhanced + One-Step,NYSE:JWN,0.0
2020-06-02,17,AR1 alpha + Enhanced + One-Step,NYSE:JWN,1.6424457618978407e-08
2020-06-03,17,AR1 alpha + Enhanced + One-Step,NYSE:JWN,1.6691153770587268e-07
2020-06-04,17,AR1 alpha + Enhanced + One-Step,NYSE:JWN,0.02503691816651943
2020-06-05,17,AR1 alpha + Enhanced + One-Step,NYSE:JWN,0.05005347234229432
2020-06-08,17,AR1 alpha + Enhanced + One-Step,NYSE:JWN,0.07505403886042616
2020-06-09,17,AR1 alpha + Enhanced + One-Step,NYSE:JWN,0.0500527857798561
2020-06-10,17,AR1 alpha + Enhanced + One-Step,NYSE:JWN,0.025052421522787388
2020-06-11,17,AR1 alpha + Enhanced + One-Step,NYSE:JWN,4.154205893852782e-05
2020-06-12,17,AR1 alpha + Enhanced + One-Step,NYSE:JWN,1.7548044638518705e-08
2020-06-15,17,AR1 alpha + Enhanced + One-Step,NYSE:JWN,0.0
2020-06-16,17,AR1 alpha + Enhanced + One-Step,NYSE:JWN,3.700589116504082e-09
2020-06-17,17,AR1 alpha + Enhanced + One-Step,NYSE:JWN,1.0624331497956992e-09
2020-06-18,17,AR1 alpha + Enhanced + One-Step,NYSE:JWN,0.0
2020-06-19,17,AR1 alpha + Enhanced + One-Step,NYSE:JWN,9.483008359434775e-08
2020-06-22,17,AR1 alpha + Enhanced + One-Step,NYSE:JWN,2.5805715866284366e-08
2020-06-23,17,AR1 alpha + Enhanced + One-Step,NYSE:JWN,0.0
2020-06-24,17,AR1 alpha + Enhanced + One-Step,NYSE:JWN,0.0
2020-06-25,17,AR1 alpha + Enhanced + One-Step,NYSE:JWN,9.859155394057663e-09
2020-06-26,17,AR1 alpha + Enhanced + One-Step,NYSE:JWN,1.7499579106676765e-08
2020-06-29,17,AR1 alpha + Enhanced + One-Step,NYSE:JWN,1.827147937605234e-08
2020-06-30,17,AR1 alpha + Enhanced + One-Step,NYSE:JWN,0.0
2020-07-01,17,AR1 alpha + Enhanced + One-Step,NYSE:JWN,0.0
2020-07-02,17,AR1 alpha + Enhanced + One-Step,NYSE:JWN,0.0
2020-07-06,17,AR1 alpha + Enhanced + One-Step,NYSE:JWN,0.0
2020-07-07,17,AR1 alpha + Enhanced + One-Step,NYSE:JWN,0.0
2020-07-08,17,AR1 alpha + Enhanced + One-Step,NYSE:JWN,0.0
2020-07-09,17,AR1 alpha + Enhanced + One-Step,NYSE:JWN,0.0
2020-07-10,17,AR1 alpha + Enhanced + One-Step,NYSE:JWN,0.0
2020-07-13,17,AR1 alpha + Enhanced + One-Step,NYSE:JWN,0.0
2020-07-14,17,AR1 alpha + Enhanced + One-Step,NYSE:JWN,0.0
2020-07-15,17,AR1 alpha + Enhanced + One-Step,NYSE:JWN,0.0
2020-07-16,17,AR1 alpha + Enhanced + One-Step,NYSE:JWN,0.0
2020-07-17,17,AR1 alpha + Enhanced + One-Step,NYSE:JWN,0.0
2020-07-20,17,AR1 alpha + Enhanced + One-Step,NYSE:JWN,2.6984838263679597e-08
2020-07-21,17,AR1 alpha + Enhanced + One-Step,NYSE:JWN,4.387100580551942e-08
2020-07-22,17,AR1 alpha + Enhanced + One-Step,NYSE:JWN,3.4791705022164324e-08
2020-07-23,17,AR1 alpha + Enhanced + One-Step,NYSE:JWN,0.0
2020-07-24,17,AR1 alpha + Enhanced + One-Step,NYSE:JWN,0.0
2020-07-27,17,AR1 alpha + Enhanced + One-Step,NYSE:JWN,0.0
2020-07-28,17,AR1 alpha + Enhanced + One-Step,NYSE:JWN,0.0
2020-07-29,17,AR1 alpha + Enhanced + One-Step,NYSE:JWN,0.0
2020-07-30,17,AR1 alpha + Enhanced + One-Step,NYSE:JWN,0.0
2020-07-31,17,AR1 alpha + Enhanced + One-Step,NYSE:JWN,0.0
2020-08-03,17,AR1 alpha + Enhanced + One-Step,NYSE:JWN,1.8917037011633252e-07
2020-08-04,17,AR1 alpha + Enhanced + One-Step,NYSE:JWN,3.313129756304543e-08
2020-08-05,17,AR1 alpha + Enhanced + One-Step,NYSE:JWN,8.562672013484106e-09
2020-08-06,17,AR1 alpha + Enhanced + One-Step,NYSE:JWN,0.0
2020-08-07,17,AR1 alpha + Enhanced + One-Step,NYSE:JWN,0.0
2020-08-10,17,AR1 alpha + Enhanced + One-Step,NYSE:JWN,1.2266451721752667e-08
2020-08-11,17,AR1 alpha + Enhanced + One-Step,NYSE:JWN,0.0
2020-08-12,17,AR1 alpha + Enhanced + One-Step,NYSE:JWN,0.0
2020-08-13,17,AR1 alpha + Enhanced + One-Step,NYSE:JWN,0.0
2020-08-14,17,AR1 alpha + Enhanced + One-Step,NYSE:JWN,6.834280562317839e-10
2020-08-17,17,AR1 alpha + Enhanced + One-Step,NYSE:JWN,9.161886763256452e-08
2020-08-18,17,AR1 alpha + Enhanced + One-Step,NYSE:JWN,1.0349340153231334e-07
2020-08-19,17,AR1 alpha + Enhanced + One-Step,NYSE:JWN,6.251683673476435e-08
2020-08-20,17,AR1 alpha + Enhanced + One-Step,NYSE:JWN,0.0
2020-08-21,17,AR1 alpha + Enhanced + One-Step,NYSE:JWN,0.0
2020-08-24,17,AR1 alpha + Enhanced + One-Step,NYSE:JWN,0.0
2020-08-25,17,AR1 alpha + Enhanced + One-Step,NYSE:JWN,3.3348531499377686e-08
2020-08-26,17,AR1 alpha + Enhanced + One-Step,NYSE:JWN,0.0
2020-08-27,17,AR1 alpha + Enhanced + One-Step,NYSE:JWN,0.0
2020-08-28,17,AR1 alpha + Enhanced + One-Step,NYSE:JWN,1.3295589134116303e-09
2020-08-31,17,AR1 alpha + Enhanced + One-Step,NYSE:JWN,0.0
2020-09-01,17,AR1 alpha + Enhanced + One-Step,NYSE:JWN,0.0
2020-09-02,17,AR1 alpha + Enhanced + One-Step,NYSE:JWN,0.0
2020-09-03,17,AR1 alpha + Enhanced + One-Step,NYSE:JWN,0.0
2020-09-04,17,AR1 alpha + Enhanced + One-Step,NYSE:JWN,1.5474894290753447e-08
2020-09-08,17,AR1 alpha + Enhanced + One-Step,NYSE:JWN,5.1871974089009764e-08
2020-09-09,17,AR1 alpha + Enhanced + One-Step,NYSE:JWN,2.1916519453907e-08
2020-09-10,17,AR1 alpha + Enhanced + One-Step,NYSE:JWN,8.781421961322522e-09
2020-09-11,17,AR1 alpha + Enhanced + One-Step,NYSE:JWN,2.484912276769802e-08
2020-09-14,17,AR1 alpha + Enhanced + One-Step,NYSE:JWN,1.6720087898426043e-07
2020-09-15,17,AR1 alpha + Enhanced + One-Step,NYSE:JWN,7.003484566914719e-08
2020-09-16,17,AR1 alpha + Enhanced + One-Step,NYSE:JWN,1.099198146499531e-08
2020-09-17,17,AR1 alpha + Enhanced + One-Step,NYSE:JWN,0.0
2020-09-18,17,AR1 alpha + Enhanced + One-Step,NYSE:JWN,0.0
2020-09-21,17,AR1 alpha + Enhanced + One-Step,NYSE:JWN,0.0
2020-09-22,17,AR1 alpha + Enhanced + One-Step,NYSE:JWN,2.72106554577766e-08
2020-09-23,17,AR1 alpha + Enhanced + One-Step,NYSE:JWN,2.8568081527029864e-09
2020-09-24,17,AR1 alpha + Enhanced + One-Step,NYSE:JWN,5.282899502645463e-08
2020-09-25,17,AR1 alpha + Enhanced + One-Step,NYSE:JWN,0.0
2020-09-28,17,AR1 alpha + Enhanced + One-Step,NYSE:JWN,1.8930422079981678e-07
2020-09-29,17,AR1 alpha + Enhanced + One-Step,NYSE:JWN,1.9872086790853084e-07
2020-09-30,17,AR1 alpha + Enhanced + One-Step,NYSE:JWN,1.0376475967553694e-07
2020-10-01,17,AR1 alpha + Enhanced + One-Step,NYSE:JWN,9.500528742388695e-08
2020-10-02,17,AR1 alpha + Enhanced + One-Step,NYSE:JWN,3.018311527628617e-08
2020-10-05,17,AR1 alpha + Enhanced + One-Step,NYSE:JWN,9.270137242050525e-08
2020-10-06,17,AR1 alpha + Enhanced + One-Step,NYSE:JWN,7.122551737614216e-09
2020-10-07,17,AR1 alpha + Enhanced + One-Step,NYSE:JWN,1.7465711597396607e-07
2020-10-08,17,AR1 alpha + Enhanced + One-Step,NYSE:JWN,5.761070287721191e-08
2020-10-09,17,AR1 alpha + Enhanced + One-Step,NYSE:JWN,4.6269905619299414e-08
2020-10-12,17,AR1 alpha + Enhanced + One-Step,NYSE:JWN,7.757725173441708e-09
2020-10-13,17,AR1 alpha + Enhanced + One-Step,NYSE:JWN,3.495695015334616e-07
2020-10-14,17,AR1 alpha + Enhanced + One-Step,NYSE:JWN,0.0
2020-10-15,17,AR1 alpha + Enhanced + One-Step,NYSE:JWN,0.0
2020-10-16,17,AR1 alpha + Enhanced + One-Step,NYSE:JWN,0.0
2020-10-19,17,AR1 alpha + Enhanced + One-Step,NYSE:JWN,2.5682248886321076e-08
2020-10-20,17,AR1 alpha + Enhanced + One-Step,NYSE:JWN,0.0
2020-10-21,17,AR1 alpha + Enhanced + One-Step,NYSE:JWN,4.944938984181558e-08
2020-10-22,17,AR1 alpha + Enhanced + One-Step,NYSE:JWN,0.0
2020-10-23,17,AR1 alpha + Enhanced + One-Step,NYSE:JWN,0.0
2020-10-26,17,AR1 alpha + Enhanced + One-Step,NYSE:JWN,4.4039873377779995e-08
2020-10-27,17,AR1 alpha + Enhanced + One-Step,NYSE:JWN,2.161731715651728e-07
2020-10-28,17,AR1 alpha + Enhanced + One-Step,NYSE:JWN,9.337146601019708e-08
2020-10-29,17,AR1 alpha + Enhanced + One-Step,NYSE:JWN,2.5949375870636627e-07
2020-10-30,17,AR1 alpha + Enhanced + One-Step,NYSE:JWN,7.662206273418098e-08
2020-11-02,17,AR1 alpha + Enhanced + One-Step,NYSE:JWN,5.327365041490662e-07
2020-11-03,17,AR1 alpha + Enhanced + One-Step,NYSE:JWN,1.0805030997604557e-07
2020-11-04,17,AR1 alpha + Enhanced + One-Step,NYSE:JWN,1.357538336634707e-06
2020-11-05,17,AR1 alpha + Enhanced + One-Step,NYSE:JWN,5.871421931528746e-07
2020-11-06,17,AR1 alpha + Enhanced + One-Step,NYSE:JWN,1.0683308389520651e-07
2020-11-09,17,AR1 alpha + Enhanced + One-Step,NYSE:JWN,0.02500945055379896
2020-11-10,17,AR1 alpha + Enhanced + One-Step,NYSE:JWN,0.050009676807276617
2020-11-11,17,AR1 alpha + Enhanced + One-Step,NYSE:JWN,0.05000987587531189
2020-11-12,17,AR1 alpha + Enhanced + One-Step,NYSE:JWN,0.039608520504461425
2020-11-13,17,AR1 alpha + Enhanced + One-Step,NYSE:JWN,0.05753728446868713
2020-11-16,17,AR1 alpha + Enhanced + One-Step,NYSE:JWN,0.08253658797650111
2020-11-17,17,AR1 alpha + Enhanced + One-Step,NYSE:JWN,0.0999985527047138
2020-11-18,17,AR1 alpha + Enhanced + One-Step,NYSE:JWN,0.09999709098468695
2020-11-19,17,AR1 alpha + Enhanced + One-Step,NYSE:JWN,0.09999793744523264
2020-11-20,17,AR1 alpha + Enhanced + One-Step,NYSE:JWN,0.09999939992033534
2020-11-23,17,AR1 alpha + Enhanced + One-Step,NYSE:JWN,0.09999978662124233
2020-11-24,17,AR1 alpha + Enhanced + One-Step,NYSE:JWN,0.09999619713704806
2020-11-25,17,AR1 alpha + Enhanced + One-Step,NYSE:JWN,0.09999721301884604
2020-11-27,17,AR1 alpha + Enhanced + One-Step,NYSE:JWN,0.09999503889814781
2020-11-30,17,AR1 alpha + Enhanced + One-Step,NYSE:JWN,0.09999420969803818
2020-12-01,17,AR1 alpha + Enhanced + One-Step,NYSE:JWN,0.09999844297564738
2020-12-04,17,AR1 alpha + Enhanced + One-Step,NYSE:JWN,0.09999959090302782
2020-12-07,17,AR1 alpha + Enhanced + One-Step,NYSE:JWN,0.09999615002553941
2020-12-08,17,AR1 alpha + Enhanced + One-Step,NYSE:JWN,0.09999954855010088
2020-12-09,17,AR1 alpha + Enhanced + One-Step,NYSE:JWN,0.09999723150397123
2020-12-10,17,AR1 alpha + Enhanced + One-Step,NYSE:JWN,0.09999915013907801
2020-12-11,17,AR1 alpha + Enhanced + One-Step,NYSE:JWN,0.08440656874958996
2020-12-14,17,AR1 alpha + Enhanced + One-Step,NYSE:JWN,0.05940388653667292
2020-12-15,17,AR1 alpha + Enhanced + One-Step,NYSE:JWN,0.0594039698549945
2020-12-16,17,AR1 alpha + Enhanced + One-Step,NYSE:JWN,0.05827311993731166
2020-12-17,17,AR1 alpha + Enhanced + One-Step,NYSE:JWN,0.058272651612222184
2020-12-18,17,AR1 alpha + Enhanced + One-Step,NYSE:JWN,0.033194836171009254
2020-12-21,17,AR1 alpha + Enhanced + One-Step,NYSE:JWN,0.01423678190280789
2020-12-22,17,AR1 alpha + Enhanced + One-Step,NYSE:JWN,0.0032758880930441403
2020-12-23,17,AR1 alpha + Enhanced + One-Step,NYSE:JWN,0.003275496633665835
2020-12-24,17,AR1 alpha + Enhanced + One-Step,NYSE:JWN,0.0
2020-12-28,17,AR1 alpha + Enhanced + One-Step,NYSE:JWN,0.00037458232131668803
2020-12-29,17,AR1 alpha + Enhanced + One-Step,NYSE:JWN,0.0
2020-12-30,17,AR1 alpha + Enhanced + One-Step,NYSE:JWN,0.005440213348823978
2020-12-31,17,AR1 alpha + Enhanced + One-Step,NYSE:JWN,0.005439823583073616
2021-01-04,17,AR1 alpha + Enhanced + One-Step,NYSE:JWN,1.0693994288272885e-08
2021-01-05,17,AR1 alpha + Enhanced + One-Step,NYSE:JWN,2.287339402387153e-09
2021-01-06,17,AR1 alpha + Enhanced + One-Step,NYSE:JWN,0.016255400889184604
2021-01-07,17,AR1 alpha + Enhanced + One-Step,NYSE:JWN,0.02780622969748162
2021-01-08,17,AR1 alpha + Enhanced + One-Step,NYSE:JWN,0.027805400073638343
2021-01-11,17,AR1 alpha + Enhanced + One-Step,NYSE:JWN,0.027805212366945553
2021-01-12,17,AR1 alpha + Enhanced + One-Step,NYSE:JWN,0.03539757907901411
2021-01-13,17,AR1 alpha + Enhanced + One-Step,NYSE:JWN,0.040698858289303974
2021-01-14,17,AR1 alpha + Enhanced + One-Step,NYSE:JWN,0.04069912294140533
2021-01-15,17,AR1 alpha + Enhanced + One-Step,NYSE:JWN,0.01795200963942883
2021-01-19,17,AR1 alpha + Enhanced + One-Step,NYSE:JWN,0.01762739324502796
2021-01-20,17,AR1 alpha + Enhanced + One-Step,NYSE:JWN,3.474167578259667e-07
2021-01-21,17,AR1 alpha + Enhanced + One-Step,NYSE:JWN,4.1498678107637543e-07
2021-01-22,17,AR1 alpha + Enhanced + One-Step,NYSE:JWN,4.125656176377206e-08
2021-01-25,17,AR1 alpha + Enhanced + One-Step,NYSE:JWN,0.006848797416463555
2021-01-26,17,AR1 alpha + Enhanced + One-Step,NYSE:JWN,0.022919189333511815
2021-01-27,17,AR1 alpha + Enhanced + One-Step,NYSE:JWN,0.022918316557548005
2021-01-28,17,AR1 alpha + Enhanced + One-Step,NYSE:JWN,0.019138483920803237
2021-01-29,17,AR1 alpha + Enhanced + One-Step,NYSE:JWN,0.0
2021-02-01,17,AR1 alpha + Enhanced + One-Step,NYSE:JWN,0.0
2021-02-02,17,AR1 alpha + Enhanced + One-Step,NYSE:JWN,0.0
2021-02-03,17,AR1 alpha + Enhanced + One-Step,NYSE:JWN,0.0
2021-02-04,17,AR1 alpha + Enhanced + One-Step,NYSE:JWN,0.0
2021-02-05,17,AR1 alpha + Enhanced + One-Step,NYSE:JWN,4.7387879166808883e-08
2021-02-08,17,AR1 alpha + Enhanced + One-Step,NYSE:JWN,1.6208999361122106e-07
2021-02-09,17,AR1 alpha + Enhanced + One-Step,NYSE:JWN,2.983185283497897e-08
2021-02-10,17,AR1 alpha + Enhanced + One-Step,NYSE:JWN,4.289289758515004e-07
2021-02-11,17,AR1 alpha + Enhanced + One-Step,NYSE:JWN,2.2692881680338256e-07
2021-02-12,17,AR1 alpha + Enhanced + One-Step,NYSE:JWN,2.9929380757817174e-07
2021-02-16,17,AR1 alpha + Enhanced + One-Step,NYSE:JWN,0.003186497908863817
2021-02-17,17,AR1 alpha + Enhanced + One-Step,NYSE:JWN,0.0031865643452468717
2021-02-18,17,AR1 alpha + Enhanced + One-Step,NYSE:JWN,0.0031866621933286142
2021-02-19,17,AR1 alpha + Enhanced + One-Step,NYSE:JWN,0.0031857074476285287
2021-02-22,17,AR1 alpha + Enhanced + One-Step,NYSE:JWN,0.003186472150406707
2021-02-23,17,AR1 alpha + Enhanced + One-Step,NYSE:JWN,0.0031903702115359317
2021-02-24,17,AR1 alpha + Enhanced + One-Step,NYSE:JWN,0.0031905792443764234
2021-02-25,17,AR1 alpha + Enhanced + One-Step,NYSE:JWN,0.0031777292322663214
2021-02-26,17,AR1 alpha + Enhanced + One-Step,NYSE:JWN,0.003178055261165414
2021-03-01,17,AR1 alpha + Enhanced + One-Step,NYSE:JWN,0.003178476314850698
2021-03-02,17,AR1 alpha + Enhanced + One-Step,NYSE:JWN,0.003178454643783288
2021-03-03,17,AR1 alpha + Enhanced + One-Step,NYSE:JWN,0.00016110551747544445
2021-03-04,17,AR1 alpha + Enhanced + One-Step,NYSE:JWN,0.0
2021-03-05,17,AR1 alpha + Enhanced + One-Step,NYSE:JWN,0.0
2021-03-08,17,AR1 alpha + Enhanced + One-Step,NYSE:JWN,4.1479763257875864e-09
2021-03-09,17,AR1 alpha + Enhanced + One-Step,NYSE:JWN,0.0
2021-03-10,17,AR1 alpha + Enhanced + One-Step,NYSE:JWN,1.6249135896909938e-06
2021-03-11,17,AR1 alpha + Enhanced + One-Step,NYSE:JWN,1.3690296344236236e-07
2021-03-12,17,AR1 alpha + Enhanced + One-Step,NYSE:JWN,0.025000964457513486
2021-03-15,17,AR1 alpha + Enhanced + One-Step,NYSE:JWN,0.05001183250425099
2021-03-16,17,AR1 alpha + Enhanced + One-Step,NYSE:JWN,0.06522362647629391
2021-03-17,17,AR1 alpha + Enhanced + One-Step,NYSE:JWN,0.06522252934570563
2021-03-18,17,AR1 alpha + Enhanced + One-Step,NYSE:JWN,0.0443590902306075
2021-03-19,17,AR1 alpha + Enhanced + One-Step,NYSE:JWN,0.03016825742031953
2021-03-22,17,AR1 alpha + Enhanced + One-Step,NYSE:JWN,0.005142132245094375
2021-03-23,17,AR1 alpha + Enhanced + One-Step,NYSE:JWN,1.0899845785648108e-06
2021-03-24,17,AR1 alpha + Enhanced + One-Step,NYSE:JWN,3.2730398821246687e-07
2021-03-25,17,AR1 alpha + Enhanced + One-Step,NYSE:JWN,1.531330133442739e-07
2021-03-26,17,AR1 alpha + Enhanced + One-Step,NYSE:JWN,1.3780791800255426e-07
2021-03-29,17,AR1 alpha + Enhanced + One-Step,NYSE:JWN,1.1390485914104482e-07
2021-03-30,17,AR1 alpha + Enhanced + One-Step,NYSE:JWN,2.557233509134948e-08
2021-03-31,17,AR1 alpha + Enhanced + One-Step,NYSE:JWN,0.0
2021-04-01,17,AR1 alpha + Enhanced + One-Step,NYSE:JWN,3.6876034102653727e-07
2021-04-05,17,AR1 alpha + Enhanced + One-Step,NYSE:JWN,1.5443471356217943e-07
2021-04-06,17,AR1 alpha + Enhanced + One-Step,NYSE:JWN,5.474195716889675e-08
2021-04-07,17,AR1 alpha + Enhanced + One-Step,NYSE:JWN,0.0
2021-04-08,17,AR1 alpha + Enhanced + One-Step,NYSE:JWN,0.0
2021-04-09,17,AR1 alpha + Enhanced + One-Step,NYSE:JWN,0.0
2021-04-12,17,AR1 alpha + Enhanced + One-Step,NYSE:JWN,0.0
2021-04-13,17,AR1 alpha + Enhanced + One-Step,NYSE:JWN,0.0
2021-04-14,17,AR1 alpha + Enhanced + One-Step,NYSE:JWN,0.0
2021-04-15,17,AR1 alpha + Enhanced + One-Step,NYSE:JWN,3.541477418898588e-07
2021-04-16,17,AR1 alpha + Enhanced + One-Step,NYSE:JWN,1.3615167583103459e-07
2021-04-19,17,AR1 alpha + Enhanced + One-Step,NYSE:JWN,4.5850927734239186e-08
2021-04-20,17,AR1 alpha + Enhanced + One-Step,NYSE:JWN,0.0
2021-04-21,17,AR1 alpha + Enhanced + One-Step,NYSE:JWN,0.0
2021-04-22,17,AR1 alpha + Enhanced + One-Step,NYSE:JWN,0.0
2021-04-23,17,AR1 alpha + Enhanced + One-Step,NYSE:JWN,8.603445349591233e-08
2021-04-26,17,AR1 alpha + Enhanced + One-Step,NYSE:JWN,8.528992269366696e-08
2021-04-27,17,AR1 alpha + Enhanced + One-Step,NYSE:JWN,5.499541599472461e-08
2021-04-28,17,AR1 alpha + Enhanced + One-Step,NYSE:JWN,0.0010171150104976926
2021-04-29,17,AR1 alpha + Enhanced + One-Step,NYSE:JWN,0.0
2021-04-30,17,AR1 alpha + Enhanced + One-Step,NYSE:JWN,0.0
2021-05-03,17,AR1 alpha + Enhanced + One-Step,NYSE:JWN,7.185152921002301e-06
2021-05-04,17,AR1 alpha + Enhanced + One-Step,NYSE:JWN,1.7833565535517143e-06
2021-05-05,17,AR1 alpha + Enhanced + One-Step,NYSE:JWN,7.004574840594992e-07
2021-05-06,17,AR1 alpha + Enhanced + One-Step,NYSE:JWN,1.3470146143730111e-06
2021-05-07,17,AR1 alpha + Enhanced + One-Step,NYSE:JWN,0.007903778894896943
2021-05-10,17,AR1 alpha + Enhanced + One-Step,NYSE:JWN,0.007904133856476503
2021-05-11,17,AR1 alpha + Enhanced + One-Step,NYSE:JWN,6.815736800412635e-08
2021-05-12,17,AR1 alpha + Enhanced + One-Step,NYSE:JWN,1.0357772864267758e-08
2021-05-13,17,AR1 alpha + Enhanced + One-Step,NYSE:JWN,0.0
2021-05-14,17,AR1 alpha + Enhanced + One-Step,NYSE:JWN,0.01659169247957134
2021-05-17,17,AR1 alpha + Enhanced + One-Step,NYSE:JWN,0.041601694380828405
2021-05-18,17,AR1 alpha + Enhanced + One-Step,NYSE:JWN,0.04160234753135403
2021-05-19,17,AR1 alpha + Enhanced + One-Step,NYSE:JWN,0.03435263555003408
2021-05-20,17,AR1 alpha + Enhanced + One-Step,NYSE:JWN,0.012981351735832074
2021-05-21,17,AR1 alpha + Enhanced + One-Step,NYSE:JWN,2.1514592175963116e-07
2021-05-24,17,AR1 alpha + Enhanced + One-Step,NYSE:JWN,0.0
2021-05-25,17,AR1 alpha + Enhanced + One-Step,NYSE:JWN,0.0
2021-05-26,17,AR1 alpha + Enhanced + One-Step,NYSE:JWN,0.0
2021-05-27,17,AR1 alpha + Enhanced + One-Step,NYSE:JWN,3.9635937687721874e-08
2021-05-28,17,AR1 alpha + Enhanced + One-Step,NYSE:JWN,2.609583203750872e-08
2021-06-01,17,AR1 alpha + Enhanced + One-Step,NYSE:JWN,0.0
2021-06-02,17,AR1 alpha + Enhanced + One-Step,NYSE:JWN,0.0
2021-06-03,17,AR1 alpha + Enhanced + One-Step,NYSE:JWN,0.0
2021-06-04,17,AR1 alpha + Enhanced + One-Step,NYSE:JWN,0.0
2021-06-07,17,AR1 alpha + Enhanced + One-Step,NYSE:JWN,0.0
2021-06-08,17,AR1 alpha + Enhanced + One-Step,NYSE:JWN,6.232738891575231e-08
2021-06-09,17,AR1 alpha + Enhanced + One-Step,NYSE:JWN,0.0
2021-06-10,17,AR1 alpha + Enhanced + One-Step,NYSE:JWN,0.0
2021-06-11,17,AR1 alpha + Enhanced + One-Step,NYSE:JWN,0.0
2021-06-14,17,AR1 alpha + Enhanced + One-Step,NYSE:JWN,0.0
2021-06-15,17,AR1 alpha + Enhanced + One-Step,NYSE:JWN,0.0
2021-06-16,17,AR1 alpha + Enhanced + One-Step,NYSE:JWN,0.0
2021-06-17,17,AR1 alpha + Enhanced + One-Step,NYSE:JWN,0.0
2021-06-18,17,AR1 alpha + Enhanced + One-Step,NYSE:JWN,0.0
2021-06-21,17,AR1 alpha + Enhanced + One-Step,NYSE:JWN,3.5784746608940863e-07
2021-06-22,17,AR1 alpha + Enhanced + One-Step,NYSE:JWN,5.225116439920312e-08
2021-06-23,17,AR1 alpha + Enhanced + One-Step,NYSE:JWN,0.0
2021-06-24,17,AR1 alpha + Enhanced + One-Step,NYSE:JWN,0.0059858353384775334
2021-06-25,17,AR1 alpha + Enhanced + One-Step,NYSE:JWN,0.009351598719816025
2021-06-28,17,AR1 alpha + Enhanced + One-Step,NYSE:JWN,0.00375837714099973
2021-06-29,17,AR1 alpha + Enhanced + One-Step,NYSE:JWN,0.003344063405249815
2021-06-30,17,AR1 alpha + Enhanced + One-Step,NYSE:JWN,0.0033430771817509306
2021-07-01,17,AR1 alpha + Enhanced + One-Step,NYSE:JWN,0.00014432497858287804
2021-07-02,17,AR1 alpha + Enhanced + One-Step,NYSE:JWN,0.000143803863904895
2021-07-06,17,AR1 alpha + Enhanced + One-Step,NYSE:JWN,0.00014364608198499934
2021-07-07,17,AR1 alpha + Enhanced + One-Step,NYSE:JWN,1.139737940744814e-06
2021-07-08,17,AR1 alpha + Enhanced + One-Step,NYSE:JWN,2.797393544579305e-07
2021-07-09,17,AR1 alpha + Enhanced + One-Step,NYSE:JWN,0.0
2021-07-12,17,AR1 alpha + Enhanced + One-Step,NYSE:JWN,2.1510506266055644e-08
2021-07-13,17,AR1 alpha + Enhanced + One-Step,NYSE:JWN,0.0
2021-07-14,17,AR1 alpha + Enhanced + One-Step,NYSE:JWN,0.0
2021-07-15,17,AR1 alpha + Enhanced + One-Step,NYSE:JWN,0.0
2021-07-16,17,AR1 alpha + Enhanced + One-Step,NYSE:JWN,0.0
2021-07-19,17,AR1 alpha + Enhanced + One-Step,NYSE:JWN,0.0
2021-07-20,17,AR1 alpha + Enhanced + One-Step,NYSE:JWN,0.0
2021-07-21,17,AR1 alpha + Enhanced + One-Step,NYSE:JWN,1.9623725398130853e-07
2021-07-22,17,AR1 alpha + Enhanced + One-Step,NYSE:JWN,0.0
2021-07-23,17,AR1 alpha + Enhanced + One-Step,NYSE:JWN,0.0
2021-07-26,17,AR1 alpha + Enhanced + One-Step,NYSE:JWN,0.0
2021-07-27,17,AR1 alpha + Enhanced + One-Step,NYSE:JWN,0.0
2021-07-28,17,AR1 alpha + Enhanced + One-Step,NYSE:JWN,0.0
2021-07-29,17,AR1 alpha + Enhanced + One-Step,NYSE:JWN,0.0
2021-07-30,17,AR1 alpha + Enhanced + One-Step,NYSE:JWN,0.0
2021-08-02,17,AR1 alpha + Enhanced + One-Step,NYSE:JWN,0.017973552675703164
2021-08-03,17,AR1 alpha + Enhanced + One-Step,NYSE:JWN,0.032061471377191654
2021-08-04,17,AR1 alpha + Enhanced + One-Step,NYSE:JWN,0.024890249787219473
2021-08-05,17,AR1 alpha + Enhanced + One-Step,NYSE:JWN,0.02488873408617743
2021-08-06,17,AR1 alpha + Enhanced + One-Step,NYSE:JWN,0.029312859342998664
2021-08-09,17,AR1 alpha + Enhanced + One-Step,NYSE:JWN,0.035477708997269805
2021-08-10,17,AR1 alpha + Enhanced + One-Step,NYSE:JWN,0.05304569330738112
2021-08-11,17,AR1 alpha + Enhanced + One-Step,NYSE:JWN,0.058180657726298594
2021-08-12,17,AR1 alpha + Enhanced + One-Step,NYSE:JWN,0.05568208796315501
2021-08-13,17,AR1 alpha + Enhanced + One-Step,NYSE:JWN,0.04445277503320013
2021-08-16,17,AR1 alpha + Enhanced + One-Step,NYSE:JWN,0.04020932600637968
2021-08-17,17,AR1 alpha + Enhanced + One-Step,NYSE:JWN,0.015181041463171278
2021-08-18,17,AR1 alpha + Enhanced + One-Step,NYSE:JWN,1.0071639713418205e-06
2021-08-19,17,AR1 alpha + Enhanced + One-Step,NYSE:JWN,9.630359334841707e-07
2021-08-20,17,AR1 alpha + Enhanced + One-Step,NYSE:JWN,0.0017114690979295516
2021-08-23,17,AR1 alpha + Enhanced + One-Step,NYSE:JWN,0.01575674077721898
2021-08-24,17,AR1 alpha + Enhanced + One-Step,NYSE:JWN,0.04079804669070688
2021-08-25,17,AR1 alpha + Enhanced + One-Step,NYSE:JWN,0.015787626696557932
2021-08-26,17,AR1 alpha + Enhanced + One-Step,NYSE:JWN,0.0
2021-08-27,17,AR1 alpha + Enhanced + One-Step,NYSE:JWN,0.0
2021-08-30,17,AR1 alpha + Enhanced + One-Step,NYSE:JWN,0.0
2021-08-31,17,AR1 alpha + Enhanced + One-Step,NYSE:JWN,0.0
2021-09-01,17,AR1 alpha + Enhanced + One-Step,NYSE:JWN,0.0
2021-09-02,17,AR1 alpha + Enhanced + One-Step,NYSE:JWN,3.01143130392924e-07
2021-09-03,17,AR1 alpha + Enhanced + One-Step,NYSE:JWN,6.040243078080762e-08
2021-09-07,17,AR1 alpha + Enhanced + One-Step,NYSE:JWN,0.0
2021-09-08,17,AR1 alpha + Enhanced + One-Step,NYSE:JWN,0.0
2021-09-09,17,AR1 alpha + Enhanced + One-Step,NYSE:JWN,0.0
2021-09-10,17,AR1 alpha + Enhanced + One-Step,NYSE:JWN,0.0
2021-09-13,17,AR1 alpha + Enhanced + One-Step,NYSE:JWN,1.887498108714331e-07
2021-09-14,17,AR1 alpha + Enhanced + One-Step,NYSE:JWN,0.0
2021-09-15,17,AR1 alpha + Enhanced + One-Step,NYSE:JWN,0.0
2021-09-16,17,AR1 alpha + Enhanced + One-Step,NYSE:JWN,3.782166631710003e-09
2021-09-17,17,AR1 alpha + Enhanced + One-Step,NYSE:JWN,1.7635645128964706e-07
2021-09-20,17,AR1 alpha + Enhanced + One-Step,NYSE:JWN,3.865405734858293e-08
2021-09-21,17,AR1 alpha + Enhanced + One-Step,NYSE:JWN,2.1650918400816514e-07
2021-09-22,17,AR1 alpha + Enhanced + One-Step,NYSE:JWN,4.343985662269302e-08
2021-09-23,17,AR1 alpha + Enhanced + One-Step,NYSE:JWN,0.014445278851025825
2021-09-24,17,AR1 alpha + Enhanced + One-Step,NYSE:JWN,0.015200358724241471
2021-09-27,17,AR1 alpha + Enhanced + One-Step,NYSE:JWN,0.021957776012981052
2021-09-28,17,AR1 alpha + Enhanced + One-Step,NYSE:JWN,0.02195731857531155
2021-09-29,17,AR1 alpha + Enhanced + One-Step,NYSE:JWN,0.02195767605868356
2021-09-30,17,AR1 alpha + Enhanced + One-Step,NYSE:JWN,0.0
2021-10-01,17,AR1 alpha + Enhanced + One-Step,NYSE:JWN,8.6058833748075e-09
2021-10-04,17,AR1 alpha + Enhanced + One-Step,NYSE:JWN,1.6129535787912787e-08
2021-10-05,17,AR1 alpha + Enhanced + One-Step,NYSE:JWN,0.0
2021-10-06,17,AR1 alpha + Enhanced + One-Step,NYSE:JWN,0.0
2021-10-07,17,AR1 alpha + Enhanced + One-Step,NYSE:JWN,0.0
2021-10-08,17,AR1 alpha + Enhanced + One-Step,NYSE:JWN,0.0
2021-10-11,17,AR1 alpha + Enhanced + One-Step,NYSE:JWN,0.0
2021-10-12,17,AR1 alpha + Enhanced + One-Step,NYSE:JWN,1.2968491924186132e-07
2021-10-13,17,AR1 alpha + Enhanced + One-Step,NYSE:JWN,6.078473540788996e-08
2021-10-14,17,AR1 alpha + Enhanced + One-Step,NYSE:JWN,0.0
2021-10-15,17,AR1 alpha + Enhanced + One-Step,NYSE:JWN,0.007888193051130525
2021-10-18,17,AR1 alpha + Enhanced + One-Step,NYSE:JWN,0.032917718667120725
2021-10-19,17,AR1 alpha + Enhanced + One-Step,NYSE:JWN,0.02180586221073629
2021-10-20,17,AR1 alpha + Enhanced + One-Step,NYSE:JWN,0.021805887824144467
2021-10-21,17,AR1 alpha + Enhanced + One-Step,NYSE:JWN,0.031154280352748347
2021-10-22,17,AR1 alpha + Enhanced + One-Step,NYSE:JWN,0.031153401469201997
2021-10-25,17,AR1 alpha + Enhanced + One-Step,NYSE:JWN,0.031151802560619102
2021-10-26,17,AR1 alpha + Enhanced + One-Step,NYSE:JWN,0.006244003689407367
2021-10-27,17,AR1 alpha + Enhanced + One-Step,NYSE:JWN,2.723732334445672e-07
2021-10-28,17,AR1 alpha + Enhanced + One-Step,NYSE:JWN,1.919251899304723e-07
2021-10-29,17,AR1 alpha + Enhanced + One-Step,NYSE:JWN,0.0
2021-11-01,17,AR1 alpha + Enhanced + One-Step,NYSE:JWN,0.01190072360558854
2021-11-02,17,AR1 alpha + Enhanced + One-Step,NYSE:JWN,0.011901342404629237
2021-11-03,17,AR1 alpha + Enhanced + One-Step,NYSE:JWN,0.011898137101143107
2021-11-04,17,AR1 alpha + Enhanced + One-Step,NYSE:JWN,0.011895165390282377
2021-11-05,17,AR1 alpha + Enhanced + One-Step,NYSE:JWN,0.01838376896152581
2021-11-08,17,AR1 alpha + Enhanced + One-Step,NYSE:JWN,0.04343851246036217
2021-11-09,17,AR1 alpha + Enhanced + One-Step,NYSE:JWN,0.06845009026034668
2021-11-10,17,AR1 alpha + Enhanced + One-Step,NYSE:JWN,0.07040821831019099
2021-11-11,17,AR1 alpha + Enhanced + One-Step,NYSE:JWN,0.07884244261313995
2021-11-12,17,AR1 alpha + Enhanced + One-Step,NYSE:JWN,0.07884265561611331
2021-11-15,17,AR1 alpha + Enhanced + One-Step,NYSE:JWN,0.07780423980619691
2021-11-16,17,AR1 alpha + Enhanced + One-Step,NYSE:JWN,0.06993019632958986
2021-11-17,17,AR1 alpha + Enhanced + One-Step,NYSE:JWN,0.04580716821306961
2021-11-18,17,AR1 alpha + Enhanced + One-Step,NYSE:JWN,0.05800084428697058
2021-11-19,17,AR1 alpha + Enhanced + One-Step,NYSE:JWN,0.03296842861896346
2021-11-22,17,AR1 alpha + Enhanced + One-Step,NYSE:JWN,0.007943781853426153
2021-11-23,17,AR1 alpha + Enhanced + One-Step,NYSE:JWN,0.0
2021-11-24,17,AR1 alpha + Enhanced + One-Step,NYSE:JWN,0.0
2021-11-26,17,AR1 alpha + Enhanced + One-Step,NYSE:JWN,0.0
2021-11-29,17,AR1 alpha + Enhanced + One-Step,NYSE:JWN,0.0
2021-11-30,17,AR1 alpha + Enhanced + One-Step,NYSE:JWN,0.0
2021-12-01,17,AR1 alpha + Enhanced + One-Step,NYSE:JWN,0.0
2021-12-02,17,AR1 alpha + Enhanced + One-Step,NYSE:JWN,0.0
2021-12-03,17,AR1 alpha + Enhanced + One-Step,NYSE:JWN,0.0
2021-12-06,17,AR1 alpha + Enhanced + One-Step,NYSE:JWN,1.538203986268294e-07
2021-12-07,17,AR1 alpha + Enhanced + One-Step,NYSE:JWN,1.5826652179875306e-08
2021-12-08,17,AR1 alpha + Enhanced + One-Step,NYSE:JWN,0.0
2021-12-09,17,AR1 alpha + Enhanced + One-Step,NYSE:JWN,0.0
2021-12-10,17,AR1 alpha + Enhanced + One-Step,NYSE:JWN,0.0
2021-12-13,17,AR1 alpha + Enhanced + One-Step,NYSE:JWN,0.0
2021-12-14,17,AR1 alpha + Enhanced + One-Step,NYSE:JWN,0.0
2021-12-15,17,AR1 alpha + Enhanced + One-Step,NYSE:JWN,2.849090410823969e-07
2021-12-16,17,AR1 alpha + Enhanced + One-Step,NYSE:JWN,1.757481838083372e-07
2021-12-17,17,AR1 alpha + Enhanced + One-Step,NYSE:JWN,3.117494264011624e-08
2021-12-20,17,AR1 alpha + Enhanced + One-Step,NYSE:JWN,9.771911493462824e-08
2021-12-21,17,AR1 alpha + Enhanced + One-Step,NYSE:JWN,3.165528974958732e-07
2021-12-22,17,AR1 alpha + Enhanced + One-Step,NYSE:JWN,7.324131027509409e-08
2021-12-23,17,AR1 alpha + Enhanced + One-Step,NYSE:JWN,2.307517024275614e-07
2021-12-27,17,AR1 alpha + Enhanced + One-Step,NYSE:JWN,1.8436580828702274e-07
2021-12-28,17,AR1 alpha + Enhanced + One-Step,NYSE:JWN,9.917883305052542e-08
2021-12-29,17,AR1 alpha + Enhanced + One-Step,NYSE:JWN,2.6511842242815046e-07
2021-12-30,17,AR1 alpha + Enhanced + One-Step,NYSE:JWN,1.1170731576366798e-07
2021-12-31,17,AR1 alpha + Enhanced + One-Step,NYSE:JWN,3.726512630878051e-08
2022-01-03,17,AR1 alpha + Enhanced + One-Step,NYSE:JWN,4.431290916371989e-08
2022-01-04,17,AR1 alpha + Enhanced + One-Step,NYSE:JWN,2.2319179539944455e-08
2022-01-05,17,AR1 alpha + Enhanced + One-Step,NYSE:JWN,1.0693329596959425e-09
2022-01-06,17,AR1 alpha + Enhanced + One-Step,NYSE:JWN,3.9013622460898097e-10
2022-01-07,17,AR1 alpha + Enhanced + One-Step,NYSE:JWN,7.03103147153605e-09
2022-01-10,17,AR1 alpha + Enhanced + One-Step,NYSE:JWN,7.310477167612483e-08
2022-01-11,17,AR1 alpha + Enhanced + One-Step,NYSE:JWN,4.476893237147097e-08
2022-01-12,17,AR1 alpha + Enhanced + One-Step,NYSE:JWN,0.0
2022-01-13,17,AR1 alpha + Enhanced + One-Step,NYSE:JWN,0.0
2022-01-14,17,AR1 alpha + Enhanced + One-Step,NYSE:JWN,7.743985960726446e-09
2022-01-18,17,AR1 alpha + Enhanced + One-Step,NYSE:JWN,7.123205783587344e-08
2022-01-19,17,AR1 alpha + Enhanced + One-Step,NYSE:JWN,0.0
2022-01-20,17,AR1 alpha + Enhanced + One-Step,NYSE:JWN,2.971384203451129e-08
2022-01-21,17,AR1 alpha + Enhanced + One-Step,NYSE:JWN,0.0
2022-01-24,17,AR1 alpha + Enhanced + One-Step,NYSE:JWN,6.3836983077372325e-09
2022-01-25,17,AR1 alpha + Enhanced + One-Step,NYSE:JWN,1.0325183039644348e-07
2022-01-26,17,AR1 alpha + Enhanced + One-Step,NYSE:JWN,1.5126928383737084e-07
2022-01-27,17,AR1 alpha + Enhanced + One-Step,NYSE:JWN,1.9739046982545693e-07
2022-01-28,17,AR1 alpha + Enhanced + One-Step,NYSE:JWN,6.729095688488848e-08
2022-01-31,17,AR1 alpha + Enhanced + One-Step,NYSE:JWN,2.8144099894295157e-07
2022-02-01,17,AR1 alpha + Enhanced + One-Step,NYSE:JWN,1.3734734175011206e-07
2022-02-02,17,AR1 alpha + Enhanced + One-Step,NYSE:JWN,5.9349251521677926e-08
2022-02-03,17,AR1 alpha + Enhanced + One-Step,NYSE:JWN,7.505483566296123e-08
2022-02-04,17,AR1 alpha + Enhanced + One-Step,NYSE:JWN,4.082216521996077e-08
2022-02-07,17,AR1 alpha + Enhanced + One-Step,NYSE:JWN,0.0
2022-02-08,17,AR1 alpha + Enhanced + One-Step,NYSE:JWN,0.0
2022-02-09,17,AR1 alpha + Enhanced + One-Step,NYSE:JWN,0.0
2022-02-10,17,AR1 alpha + Enhanced + One-Step,NYSE:JWN,2.1181400487769666e-09
2022-02-11,17,AR1 alpha + Enhanced + One-Step,NYSE:JWN,4.0274546816766986e-07
2022-02-14,17,AR1 alpha + Enhanced + One-Step,NYSE:JWN,1.0233258514718008e-07
2022-02-15,17,AR1 alpha + Enhanced + One-Step,NYSE:JWN,3.585363760253084e-08
2022-02-16,17,AR1 alpha + Enhanced + One-Step,NYSE:JWN,0.0
2022-02-17,17,AR1 alpha + Enhanced + One-Step,NYSE:JWN,0.0
2022-02-18,17,AR1 alpha + Enhanced + One-Step,NYSE:JWN,0.0
2022-02-22,17,AR1 alpha + Enhanced + One-Step,NYSE:JWN,0.0
2022-02-23,17,AR1 alpha + Enhanced + One-Step,NYSE:JWN,0.0
2022-02-24,17,AR1 alpha + Enhanced + One-Step,NYSE:JWN,0.0
2022-02-25,17,AR1 alpha + Enhanced + One-Step,NYSE:JWN,3.053009289909992e-08
2022-02-28,17,AR1 alpha + Enhanced + One-Step,NYSE:JWN,2.1577642344512127e-08
2022-03-01,17,AR1 alpha + Enhanced + One-Step,NYSE:JWN,5.4478829105894977e-08
2022-03-02,17,AR1 alpha + Enhanced + One-Step,NYSE:JWN,0.0
2022-03-03,17,AR1 alpha + Enhanced + One-Step,NYSE:JWN,0.0
2022-03-04,17,AR1 alpha + Enhanced + One-Step,NYSE:JWN,0.0
2022-03-07,17,AR1 alpha + Enhanced + One-Step,NYSE:JWN,9.290294338056475e-07
2022-03-08,17,AR1 alpha + Enhanced + One-Step,NYSE:JWN,3.6993958439904237e-07
2022-03-09,17,AR1 alpha + Enhanced + One-Step,NYSE:JWN,0.0
2022-03-10,17,AR1 alpha + Enhanced + One-Step,NYSE:JWN,4.694784316124908e-08
2022-03-11,17,AR1 alpha + Enhanced + One-Step,NYSE:JWN,0.0
2022-03-14,17,AR1 alpha + Enhanced + One-Step,NYSE:JWN,0.0
2022-03-15,17,AR1 alpha + Enhanced + One-Step,NYSE:JWN,0.0
2022-03-16,17,AR1 alpha + Enhanced + One-Step,NYSE:JWN,1.1198716104604872e-09
2022-03-17,17,AR1 alpha + Enhanced + One-Step,NYSE:JWN,1.40727992724311e-08
2022-03-18,17,AR1 alpha + Enhanced + One-Step,NYSE:JWN,0.0
2022-03-21,17,AR1 alpha + Enhanced + One-Step,NYSE:JWN,1.1160138987230378e-07
2022-03-22,17,AR1 alpha + Enhanced + One-Step,NYSE:JWN,4.5132018119758265e-08
2022-03-23,17,AR1 alpha + Enhanced + One-Step,NYSE:JWN,4.083402202915009e-09
2022-03-24,17,AR1 alpha + Enhanced + One-Step,NYSE:JWN,0.0
2022-03-25,17,AR1 alpha + Enhanced + One-Step,NYSE:JWN,0.0
2022-03-28,17,AR1 alpha + Enhanced + One-Step,NYSE:JWN,0.0
2022-03-29,17,AR1 alpha + Enhanced + One-Step,NYSE:JWN,0.0
2022-03-30,17,AR1 alpha + Enhanced + One-Step,NYSE:JWN,0.0
2022-03-31,17,AR1 alpha + Enhanced + One-Step,NYSE:JWN,0.0
2022-04-01,17,AR1 alpha + Enhanced + One-Step,NYSE:JWN,1.1533776751104056e-07
2022-04-04,17,AR1 alpha + Enhanced + One-Step,NYSE:JWN,0.0
2022-04-05,17,AR1 alpha + Enhanced + One-Step,NYSE:JWN,1.4664865824284672e-08
2022-04-06,17,AR1 alpha + Enhanced + One-Step,NYSE:JWN,2.571718509713171e-07
2022-04-07,17,AR1 alpha + Enhanced + One-Step,NYSE:JWN,0.0
2022-04-08,17,AR1 alpha + Enhanced + One-Step,NYSE:JWN,1.8280399449691975e-07
2022-04-11,17,AR1 alpha + Enhanced + One-Step,NYSE:JWN,0.0
2022-04-12,17,AR1 alpha + Enhanced + One-Step,NYSE:JWN,0.0
2022-04-13,17,AR1 alpha + Enhanced + One-Step,NYSE:JWN,1.6935292586820465e-08
2022-04-14,17,AR1 alpha + Enhanced + One-Step,NYSE:JWN,0.0
2022-04-18,17,AR1 alpha + Enhanced + One-Step,NYSE:JWN,0.0
2022-04-19,17,AR1 alpha + Enhanced + One-Step,NYSE:JWN,0.0
2022-04-20,17,AR1 alpha + Enhanced + One-Step,NYSE:JWN,0.0
2022-04-21,17,AR1 alpha + Enhanced + One-Step,NYSE:JWN,0.0
2022-04-22,17,AR1 alpha + Enhanced + One-Step,NYSE:JWN,0.0
2022-04-25,17,AR1 alpha + Enhanced + One-Step,NYSE:JWN,0.0
2022-04-26,17,AR1 alpha + Enhanced + One-Step,NYSE:JWN,4.3833618111735754e-08
2022-04-27,17,AR1 alpha + Enhanced + One-Step,NYSE:JWN,0.0
2022-04-28,17,AR1 alpha + Enhanced + One-Step,NYSE:JWN,0.0
2022-04-29,17,AR1 alpha + Enhanced + One-Step,NYSE:JWN,0.0
2022-05-02,17,AR1 alpha + Enhanced + One-Step,NYSE:JWN,0.0
2022-05-03,17,AR1 alpha + Enhanced + One-Step,NYSE:JWN,0.0
2022-05-04,17,AR1 alpha + Enhanced + One-Step,NYSE:JWN,0.0
2022-05-05,17,AR1 alpha + Enhanced + One-Step,NYSE:JWN,0.0
2022-05-06,17,AR1 alpha + Enhanced + One-Step,NYSE:JWN,0.0
2022-05-09,17,AR1 alpha + Enhanced + One-Step,NYSE:JWN,0.0
2022-05-10,17,AR1 alpha + Enhanced + One-Step,NYSE:JWN,0.0
2022-05-11,17,AR1 alpha + Enhanced + One-Step,NYSE:JWN,0.0
2022-05-12,17,AR1 alpha + Enhanced + One-Step,NYSE:JWN,0.0
2022-05-13,17,AR1 alpha + Enhanced + One-Step,NYSE:JWN,0.0
2022-05-16,17,AR1 alpha + Enhanced + One-Step,NYSE:JWN,0.0
2022-05-17,17,AR1 alpha + Enhanced + One-Step,NYSE:JWN,0.0
2022-05-18,17,AR1 alpha + Enhanced + One-Step,NYSE:JWN,0.0
2022-05-19,17,AR1 alpha + Enhanced + One-Step,NYSE:JWN,0.0
2022-05-20,17,AR1 alpha + Enhanced + One-Step,NYSE:JWN,0.0
2022-05-23,17,AR1 alpha + Enhanced + One-Step,NYSE:JWN,0.0
2022-05-24,17,AR1 alpha + Enhanced + One-Step,NYSE:JWN,0.0
2022-05-25,17,AR1 alpha + Enhanced + One-Step,NYSE:JWN,0.0
2022-05-26,17,AR1 alpha + Enhanced + One-Step,NYSE:JWN,0.0
2022-05-27,17,AR1 alpha + Enhanced + One-Step,NYSE:JWN,2.798730256285263e-07
2022-05-31,17,AR1 alpha + Enhanced + One-Step,NYSE:JWN,0.0
2022-06-01,17,AR1 alpha + Enhanced + One-Step,NYSE:JWN,5.995566068386977e-07
2022-06-02,17,AR1 alpha + Enhanced + One-Step,NYSE:JWN,3.9260898406088596e-08
2022-06-03,17,AR1 alpha + Enhanced + One-Step,NYSE:JWN,0.0
2022-06-06,17,AR1 alpha + Enhanced + One-Step,NYSE:JWN,0.0
2022-06-07,17,AR1 alpha + Enhanced + One-Step,NYSE:JWN,0.0
2022-06-08,17,AR1 alpha + Enhanced + One-Step,NYSE:JWN,0.0
2022-06-09,17,AR1 alpha + Enhanced + One-Step,NYSE:JWN,0.0
2022-06-10,17,AR1 alpha + Enhanced + One-Step,NYSE:JWN,0.0
2022-06-13,17,AR1 alpha + Enhanced + One-Step,NYSE:JWN,0.0
2022-06-14,17,AR1 alpha + Enhanced + One-Step,NYSE:JWN,8.562940284257297e-08
2022-06-15,17,AR1 alpha + Enhanced + One-Step,NYSE:JWN,0.0
2022-06-16,17,AR1 alpha + Enhanced + One-Step,NYSE:JWN,0.0
2022-06-17,17,AR1 alpha + Enhanced + One-Step,NYSE:JWN,5.800280648861223e-08
2022-06-21,17,AR1 alpha + Enhanced + One-Step,NYSE:JWN,0.0
2022-06-22,17,AR1 alpha + Enhanced + One-Step,NYSE:JWN,0.0
2022-06-23,17,AR1 alpha + Enhanced + One-Step,NYSE:JWN,0.0
2022-06-24,17,AR1 alpha + Enhanced + One-Step,NYSE:JWN,0.0
2022-06-27,17,AR1 alpha + Enhanced + One-Step,NYSE:JWN,4.100931831993588e-08
2022-06-28,17,AR1 alpha + Enhanced + One-Step,NYSE:JWN,1.2380871378951425e-08
2022-06-29,17,AR1 alpha + Enhanced + One-Step,NYSE:JWN,0.0
2022-06-30,17,AR1 alpha + Enhanced + One-Step,NYSE:JWN,5.8267588274397644e-08
2022-07-01,17,AR1 alpha + Enhanced + One-Step,NYSE:JWN,0.0
2022-07-05,17,AR1 alpha + Enhanced + One-Step,NYSE:JWN,2.231827996697043e-09
2022-07-06,17,AR1 alpha + Enhanced + One-Step,NYSE:JWN,0.0
2022-07-07,17,AR1 alpha + Enhanced + One-Step,NYSE:JWN,0.0
2022-07-08,17,AR1 alpha + Enhanced + One-Step,NYSE:JWN,0.0
2022-07-11,17,AR1 alpha + Enhanced + One-Step,NYSE:JWN,0.0
2022-07-12,17,AR1 alpha + Enhanced + One-Step,NYSE:JWN,0.0
2022-07-13,17,AR1 alpha + Enhanced + One-Step,NYSE:JWN,0.0
2022-07-14,17,AR1 alpha + Enhanced + One-Step,NYSE:JWN,3.4009850048678207e-10
2022-07-15,17,AR1 alpha + Enhanced + One-Step,NYSE:JWN,4.9371733260058815e-09
2022-07-18,17,AR1 alpha + Enhanced + One-Step,NYSE:JWN,0.0
2022-07-19,17,AR1 alpha + Enhanced + One-Step,NYSE:JWN,0.0
2022-07-20,17,AR1 alpha + Enhanced + One-Step,NYSE:JWN,0.0
2022-07-21,17,AR1 alpha + Enhanced + One-Step,NYSE:JWN,0.0
2022-07-22,17,AR1 alpha + Enhanced + One-Step,NYSE:JWN,0.0
2022-07-25,17,AR1 alpha + Enhanced + One-Step,NYSE:JWN,1.550915926598239e-07
2022-07-26,17,AR1 alpha + Enhanced + One-Step,NYSE:JWN,5.968333637211231e-08
2022-07-27,17,AR1 alpha + Enhanced + One-Step,NYSE:JWN,2.4299744759642788e-08
2022-07-28,17,AR1 alpha + Enhanced + One-Step,NYSE:JWN,1.1674393689986973e-08
2022-07-29,17,AR1 alpha + Enhanced + One-Step,NYSE:JWN,0.0
2022-08-01,17,AR1 alpha + Enhanced + One-Step,NYSE:JWN,0.0
2022-08-02,17,AR1 alpha + Enhanced + One-Step,NYSE:JWN,1.729204136592164e-08
2022-08-03,17,AR1 alpha + Enhanced + One-Step,NYSE:JWN,2.550033957011855e-09
2022-08-04,17,AR1 alpha + Enhanced + One-Step,NYSE:JWN,8.313170886060629e-08
2022-08-05,17,AR1 alpha + Enhanced + One-Step,NYSE:JWN,0.0
2022-08-08,17,AR1 alpha + Enhanced + One-Step,NYSE:JWN,0.0
2022-08-09,17,AR1 alpha + Enhanced + One-Step,NYSE:JWN,1.7085998223264053e-07
2022-08-10,17,AR1 alpha + Enhanced + One-Step,NYSE:JWN,0.0
2022-08-11,17,AR1 alpha + Enhanced + One-Step,NYSE:JWN,0.0
2022-08-12,17,AR1 alpha + Enhanced + One-Step,NYSE:JWN,0.0
2022-08-15,17,AR1 alpha + Enhanced + One-Step,NYSE:JWN,0.0
2022-08-16,17,AR1 alpha + Enhanced + One-Step,NYSE:JWN,1.3020334954598344e-08
2022-08-17,17,AR1 alpha + Enhanced + One-Step,NYSE:JWN,2.2294450591929557e-07
2022-08-18,17,AR1 alpha + Enhanced + One-Step,NYSE:JWN,0.0
2022-08-19,17,AR1 alpha + Enhanced + One-Step,NYSE:JWN,0.0
2022-08-22,17,AR1 alpha + Enhanced + One-Step,NYSE:JWN,0.0
2022-08-23,17,AR1 alpha + Enhanced + One-Step,NYSE:JWN,0.0
2022-08-24,17,AR1 alpha + Enhanced + One-Step,NYSE:JWN,0.0
2022-08-25,17,AR1 alpha + Enhanced + One-Step,NYSE:JWN,1.0220217570905856e-07
2022-08-26,17,AR1 alpha + Enhanced + One-Step,NYSE:JWN,0.0
2022-08-29,17,AR1 alpha + Enhanced + One-Step,NYSE:JWN,0.0
2022-08-30,17,AR1 alpha + Enhanced + One-Step,NYSE:JWN,0.0
2022-08-31,17,AR1 alpha + Enhanced + One-Step,NYSE:JWN,0.0
2022-09-01,17,AR1 alpha + Enhanced + One-Step,NYSE:JWN,7.942457737684402e-08
2022-09-02,17,AR1 alpha + Enhanced + One-Step,NYSE:JWN,2.731637288735309e-08
2022-09-06,17,AR1 alpha + Enhanced + One-Step,NYSE:JWN,5.1739799858761904e-09
2022-09-07,17,AR1 alpha + Enhanced + One-Step,NYSE:JWN,2.4281451394831e-08
2022-09-08,17,AR1 alpha + Enhanced + One-Step,NYSE:JWN,4.353510333928391e-08
2022-09-09,17,AR1 alpha + Enhanced + One-Step,NYSE:JWN,0.0
2022-09-12,17,AR1 alpha + Enhanced + One-Step,NYSE:JWN,0.0
2022-09-13,17,AR1 alpha + Enhanced + One-Step,NYSE:JWN,0.0
2022-09-14,17,AR1 alpha + Enhanced + One-Step,NYSE:JWN,0.0
2022-09-15,17,AR1 alpha + Enhanced + One-Step,NYSE:JWN,0.0
2022-09-16,17,AR1 alpha + Enhanced + One-Step,NYSE:JWN,1.0990650369891802e-08
2022-09-19,17,AR1 alpha + Enhanced + One-Step,NYSE:JWN,0.0
2022-09-20,17,AR1 alpha + Enhanced + One-Step,NYSE:JWN,4.899065193389694e-08
2022-09-21,17,AR1 alpha + Enhanced + One-Step,NYSE:JWN,0.0
2022-09-22,17,AR1 alpha + Enhanced + One-Step,NYSE:JWN,0.0
2022-09-23,17,AR1 alpha + Enhanced + One-Step,NYSE:JWN,0.0
2022-09-26,17,AR1 alpha + Enhanced + One-Step,NYSE:JWN,0.0
2022-09-27,17,AR1 alpha + Enhanced + One-Step,NYSE:JWN,0.0
2022-09-28,17,AR1 alpha + Enhanced + One-Step,NYSE:JWN,0.0
2022-09-29,17,AR1 alpha + Enhanced + One-Step,NYSE:JWN,1.3051111945502107e-07
2022-09-30,17,AR1 alpha + Enhanced + One-Step,NYSE:JWN,4.2143844861011305e-09
2022-10-03,17,AR1 alpha + Enhanced + One-Step,NYSE:JWN,3.858727471093962e-09
2022-10-04,17,AR1 alpha + Enhanced + One-Step,NYSE:JWN,1.164094877867403e-08
2022-10-05,17,AR1 alpha + Enhanced + One-Step,NYSE:JWN,0.0
2022-10-06,17,AR1 alpha + Enhanced + One-Step,NYSE:JWN,0.0
2022-10-07,17,AR1 alpha + Enhanced + One-Step,NYSE:JWN,0.0
2022-10-10,17,AR1 alpha + Enhanced + One-Step,NYSE:JWN,0.0
2022-10-11,17,AR1 alpha + Enhanced + One-Step,NYSE:JWN,0.0
2022-10-12,17,AR1 alpha + Enhanced + One-Step,NYSE:JWN,0.0
2022-10-13,17,AR1 alpha + Enhanced + One-Step,NYSE:JWN,3.513942125756991e-07
2022-10-14,17,AR1 alpha + Enhanced + One-Step,NYSE:JWN,6.498185300291728e-08
2022-10-17,17,AR1 alpha + Enhanced + One-Step,NYSE:JWN,0.0
2022-10-18,17,AR1 alpha + Enhanced + One-Step,NYSE:JWN,0.0
2022-10-19,17,AR1 alpha + Enhanced + One-Step,NYSE:JWN,0.0
2022-10-20,17,AR1 alpha + Enhanced + One-Step,NYSE:JWN,3.452424136562663e-08
2022-10-21,17,AR1 alpha + Enhanced + One-Step,NYSE:JWN,2.987978520580934e-08
2022-10-24,17,AR1 alpha + Enhanced + One-Step,NYSE:JWN,0.0
2022-10-25,17,AR1 alpha + Enhanced + One-Step,NYSE:JWN,6.2057338025737756e-09
2022-10-26,17,AR1 alpha + Enhanced + One-Step,NYSE:JWN,2.3217091566517355e-08
2022-10-27,17,AR1 alpha + Enhanced + One-Step,NYSE:JWN,0.0
2022-10-28,17,AR1 alpha + Enhanced + One-Step,NYSE:JWN,0.0
2022-10-31,17,AR1 alpha + Enhanced + One-Step,NYSE:JWN,0.0
2022-11-01,17,AR1 alpha + Enhanced + One-Step,NYSE:JWN,3.638232247669784e-08
2022-11-02,17,AR1 alpha + Enhanced + One-Step,NYSE:JWN,2.8411007240389017e-08
2022-11-03,17,AR1 alpha + Enhanced + One-Step,NYSE:JWN,8.257967277640813e-07
2022-11-04,17,AR1 alpha + Enhanced + One-Step,NYSE:JWN,1.1081301196796797e-07
2022-11-07,17,AR1 alpha + Enhanced + One-Step,NYSE:JWN,0.0
2022-11-08,17,AR1 alpha + Enhanced + One-Step,NYSE:JWN,3.3507448321809946e-08
2022-11-09,17,AR1 alpha + Enhanced + One-Step,NYSE:JWN,0.0
2022-11-10,17,AR1 alpha + Enhanced + One-Step,NYSE:JWN,2.0715834075843295e-09
2022-11-11,17,AR1 alpha + Enhanced + One-Step,NYSE:JWN,5.0372941889798435e-09
2022-11-14,17,AR1 alpha + Enhanced + One-Step,NYSE:JWN,0.0
2022-11-15,17,AR1 alpha + Enhanced + One-Step,NYSE:JWN,7.974441103518404e-09
2022-11-16,17,AR1 alpha + Enhanced + One-Step,NYSE:JWN,7.3779509598297545e-09
2022-11-17,17,AR1 alpha + Enhanced + One-Step,NYSE:JWN,0.0
2022-11-18,17,AR1 alpha + Enhanced + One-Step,NYSE:JWN,1.3723095117489004e-08
2022-11-21,17,AR1 alpha + Enhanced + One-Step,NYSE:JWN,0.0
2022-11-22,17,AR1 alpha + Enhanced + One-Step,NYSE:JWN,0.0
2022-11-23,17,AR1 alpha + Enhanced + One-Step,NYSE:JWN,1.2981742846416918e-07
2022-11-25,17,AR1 alpha + Enhanced + One-Step,NYSE:JWN,1.0181727377582519e-07
2022-11-28,17,AR1 alpha + Enhanced + One-Step,NYSE:JWN,8.152418207722462e-08
2022-11-29,17,AR1 alpha + Enhanced + One-Step,NYSE:JWN,4.064979323642629e-08
2022-11-30,17,AR1 alpha + Enhanced + One-Step,NYSE:JWN,1.642873720543073e-08
2022-12-01,17,AR1 alpha + Enhanced + One-Step,NYSE:JWN,0.0012722164536190434
2022-12-02,17,AR1 alpha + Enhanced + One-Step,NYSE:JWN,0.003410733837045977
2022-12-05,17,AR1 alpha + Enhanced + One-Step,NYSE:JWN,0.0034104832156013577
2022-12-06,17,AR1 alpha + Enhanced + One-Step,NYSE:JWN,0.013782480576700016
2022-12-07,17,AR1 alpha + Enhanced + One-Step,NYSE:JWN,0.01879992609829446
2022-12-08,17,AR1 alpha + Enhanced + One-Step,NYSE:JWN,0.03209081470221997
2022-12-09,17,AR1 alpha + Enhanced + One-Step,NYSE:JWN,0.03208842868138294
2022-12-12,17,AR1 alpha + Enhanced + One-Step,NYSE:JWN,0.016546941760240217
2022-12-13,17,AR1 alpha + Enhanced + One-Step,NYSE:JWN,0.016545937897297833
2022-12-14,17,AR1 alpha + Enhanced + One-Step,NYSE:JWN,0.016544040238761572
2022-12-15,17,AR1 alpha + Enhanced + One-Step,NYSE:JWN,0.016542425706314506
2022-12-16,17,AR1 alpha + Enhanced + One-Step,NYSE:JWN,0.016540878413251733
2022-12-19,17,AR1 alpha + Enhanced + One-Step,NYSE:JWN,0.008684856464683482
2022-12-20,17,AR1 alpha + Enhanced + One-Step,NYSE:JWN,0.0
2022-12-21,17,AR1 alpha + Enhanced + One-Step,NYSE:JWN,2.3087794012711263e-08
2022-12-22,17,AR1 alpha + Enhanced + One-Step,NYSE:JWN,1.2175446104786116e-08
2022-12-23,17,AR1 alpha + Enhanced + One-Step,NYSE:JWN,1.982027838303714e-08
2022-12-27,17,AR1 alpha + Enhanced + One-Step,NYSE:JWN,1.1346129659259409e-08
2022-12-28,17,AR1 alpha + Enhanced + One-Step,NYSE:JWN,2.796514440122207e-09
2022-12-29,17,AR1 alpha + Enhanced + One-Step,NYSE:JWN,0.0
2022-12-30,17,AR1 alpha + Enhanced + One-Step,NYSE:JWN,0.0
2023-01-03,17,AR1 alpha + Enhanced + One-Step,NYSE:JWN,1.7830916402856341e-09
2023-01-04,17,AR1 alpha + Enhanced + One-Step,NYSE:JWN,0.0
2023-01-05,17,AR1 alpha + Enhanced + One-Step,NYSE:JWN,1.8079356020977725e-07
2023-01-06,17,AR1 alpha + Enhanced + One-Step,NYSE:JWN,3.8171725025128835e-08
2023-01-09,17,AR1 alpha + Enhanced + One-Step,NYSE:JWN,0.0
2023-01-10,17,AR1 alpha + Enhanced + One-Step,NYSE:JWN,1.769266205907467e-07
2023-01-11,17,AR1 alpha + Enhanced + One-Step,NYSE:JWN,0.0
2023-01-12,17,AR1 alpha + Enhanced + One-Step,NYSE:JWN,0.0
2023-01-13,17,AR1 alpha + Enhanced + One-Step,NYSE:JWN,0.0
2023-01-17,17,AR1 alpha + Enhanced + One-Step,NYSE:JWN,0.0
2023-01-18,17,AR1 alpha + Enhanced + One-Step,NYSE:JWN,1.5681917543480416e-07
2023-01-19,17,AR1 alpha + Enhanced + One-Step,NYSE:JWN,0.0
2023-01-20,17,AR1 alpha + Enhanced + One-Step,NYSE:JWN,0.0
2023-01-23,17,AR1 alpha + Enhanced + One-Step,NYSE:JWN,0.0
2023-01-24,17,AR1 alpha + Enhanced + One-Step,NYSE:JWN,6.737914047265146e-09
2023-01-25,17,AR1 alpha + Enhanced + One-Step,NYSE:JWN,1.3187596189271132e-08
2023-01-26,17,AR1 alpha + Enhanced + One-Step,NYSE:JWN,0.0
2023-01-27,17,AR1 alpha + Enhanced + One-Step,NYSE:JWN,0.0
2023-01-30,17,AR1 alpha + Enhanced + One-Step,NYSE:JWN,2.2426101263321878e-08
2023-01-31,17,AR1 alpha + Enhanced + One-Step,NYSE:JWN,0.0
2023-02-01,17,AR1 alpha + Enhanced + One-Step,NYSE:JWN,0.0
2023-02-02,17,AR1 alpha + Enhanced + One-Step,NYSE:JWN,5.300895663158927e-07
2023-02-03,17,AR1 alpha + Enhanced + One-Step,NYSE:JWN,7.872962560996257e-08
2023-02-06,17,AR1 alpha + Enhanced + One-Step,NYSE:JWN,1.9099666911085953e-07
2023-02-07,17,AR1 alpha + Enhanced + One-Step,NYSE:JWN,7.074396115028128e-07
2023-02-08,17,AR1 alpha + Enhanced + One-Step,NYSE:JWN,2.2251909900644113e-07
2023-02-09,17,AR1 alpha + Enhanced + One-Step,NYSE:JWN,5.6662650345004014e-08
2023-02-10,17,AR1 alpha + Enhanced + One-Step,NYSE:JWN,0.0
2023-02-13,17,AR1 alpha + Enhanced + One-Step,NYSE:JWN,1.4943279672903173e-08
2023-02-14,17,AR1 alpha + Enhanced + One-Step,NYSE:JWN,1.717344325964539e-07
2023-02-15,17,AR1 alpha + Enhanced + One-Step,NYSE:JWN,3.19748624062131e-08
2023-02-16,17,AR1 alpha + Enhanced + One-Step,NYSE:JWN,0.0
2023-02-17,17,AR1 alpha + Enhanced + One-Step,NYSE:JWN,0.0
2023-02-21,17,AR1 alpha + Enhanced + One-Step,NYSE:JWN,0.0
2023-02-22,17,AR1 alpha + Enhanced + One-Step,NYSE:JWN,0.0018774750713909292
2023-02-23,17,AR1 alpha + Enhanced + One-Step,NYSE:JWN,0.0018773331198610637
2023-02-24,17,AR1 alpha + Enhanced + One-Step,NYSE:JWN,0.005724248672230568
2023-02-27,17,AR1 alpha + Enhanced + One-Step,NYSE:JWN,0.005724296495207757
2023-02-28,17,AR1 alpha + Enhanced + One-Step,NYSE:JWN,0.005725628470584692
2023-03-01,17,AR1 alpha + Enhanced + One-Step,NYSE:JWN,0.013895878803430671
2023-03-02,17,AR1 alpha + Enhanced + One-Step,NYSE:JWN,0.013894864935514168
2023-03-03,17,AR1 alpha + Enhanced + One-Step,NYSE:JWN,0.0
2023-03-06,17,AR1 alpha + Enhanced + One-Step,NYSE:JWN,0.0
2023-03-07,17,AR1 alpha + Enhanced + One-Step,NYSE:JWN,5.388176207583437e-08
2023-03-08,17,AR1 alpha + Enhanced + One-Step,NYSE:JWN,9.715077890126547e-09
2023-03-09,17,AR1 alpha + Enhanced + One-Step,NYSE:JWN,0.0
2023-03-10,17,AR1 alpha + Enhanced + One-Step,NYSE:JWN,0.0
2023-03-13,17,AR1 alpha + Enhanced + One-Step,NYSE:JWN,0.0
2023-03-14,17,AR1 alpha + Enhanced + One-Step,NYSE:JWN,3.951214855922653e-08
2023-03-15,17,AR1 alpha + Enhanced + One-Step,NYSE:JWN,0.0
2023-03-16,17,AR1 alpha + Enhanced + One-Step,NYSE:JWN,4.693880266567186e-09
2023-03-17,17,AR1 alpha + Enhanced + One-Step,NYSE:JWN,0.0
2023-03-20,17,AR1 alpha + Enhanced + One-Step,NYSE:JWN,0.0
2023-03-21,17,AR1 alpha + Enhanced + One-Step,NYSE:JWN,0.0
2023-03-22,17,AR1 alpha + Enhanced + One-Step,NYSE:JWN,0.0
2023-03-23,17,AR1 alpha + Enhanced + One-Step,NYSE:JWN,0.0
2023-03-24,17,AR1 alpha + Enhanced + One-Step,NYSE:JWN,0.0
2023-03-27,17,AR1 alpha + Enhanced + One-Step,NYSE:JWN,0.0
2023-03-28,17,AR1 alpha + Enhanced + One-Step,NYSE:JWN,0.0
2023-03-29,17,AR1 alpha + Enhanced + One-Step,NYSE:JWN,4.67233499329613e-09
2023-03-30,17,AR1 alpha + Enhanced + One-Step,NYSE:JWN,1.0061005508884512e-08
2023-03-31,17,AR1 alpha + Enhanced + One-Step,NYSE:JWN,7.929167943307702e-08
2023-04-03,17,AR1 alpha + Enhanced + One-Step,NYSE:JWN,0.0
2023-04-04,17,AR1 alpha + Enhanced + One-Step,NYSE:JWN,0.0
2023-04-05,17,AR1 alpha + Enhanced + One-Step,NYSE:JWN,0.0
2023-04-06,17,AR1 alpha + Enhanced + One-Step,NYSE:JWN,7.058144950871391e-08
2023-04-10,17,AR1 alpha + Enhanced + One-Step,NYSE:JWN,4.0662747434401494e-07
2023-04-11,17,AR1 alpha + Enhanced + One-Step,NYSE:JWN,0.0
2023-04-12,17,AR1 alpha + Enhanced + One-Step,NYSE:JWN,0.0
2023-04-13,17,AR1 alpha + Enhanced + One-Step,NYSE:JWN,0.0
2023-04-14,17,AR1 alpha + Enhanced + One-Step,NYSE:JWN,0.0
2023-04-17,17,AR1 alpha + Enhanced + One-Step,NYSE:JWN,4.133462824157533e-08
2023-04-18,17,AR1 alpha + Enhanced + One-Step,NYSE:JWN,0.0
2023-04-19,17,AR1 alpha + Enhanced + One-Step,NYSE:JWN,0.0
2023-04-20,17,AR1 alpha + Enhanced + One-Step,NYSE:JWN,1.723058148703353e-08
2023-04-21,17,AR1 alpha + Enhanced + One-Step,NYSE:JWN,0.0
2023-04-24,17,AR1 alpha + Enhanced + One-Step,NYSE:JWN,0.0
2023-04-25,17,AR1 alpha + Enhanced + One-Step,NYSE:JWN,0.0
2023-04-26,17,AR1 alpha + Enhanced + One-Step,NYSE:JWN,0.0
2023-04-27,17,AR1 alpha + Enhanced + One-Step,NYSE:JWN,0.0
2023-04-28,17,AR1 alpha + Enhanced + One-Step,NYSE:JWN,0.0
2023-05-01,17,AR1 alpha + Enhanced + One-Step,NYSE:JWN,1.9176373781169524e-08
2023-05-02,17,AR1 alpha + Enhanced + One-Step,NYSE:JWN,7.85883959247136e-08
2023-05-03,17,AR1 alpha + Enhanced + One-Step,NYSE:JWN,0.0
2023-05-04,17,AR1 alpha + Enhanced + One-Step,NYSE:JWN,0.0
2023-05-05,17,AR1 alpha + Enhanced + One-Step,NYSE:JWN,0.0
2023-05-08,17,AR1 alpha + Enhanced + One-Step,NYSE:JWN,1.4319168644151407e-07
2023-05-09,17,AR1 alpha + Enhanced + One-Step,NYSE:JWN,3.7692478477368755e-08
2023-05-10,17,AR1 alpha + Enhanced + One-Step,NYSE:JWN,4.2987777755813983e-07
2023-05-11,17,AR1 alpha + Enhanced + One-Step,NYSE:JWN,1.7358317375899652e-07
2023-05-12,17,AR1 alpha + Enhanced + One-Step,NYSE:JWN,2.2417882926680582e-07
2023-05-15,17,AR1 alpha + Enhanced + One-Step,NYSE:JWN,1.4920447323792895e-07
2023-05-16,17,AR1 alpha + Enhanced + One-Step,NYSE:JWN,1.333710002476782e-07
2023-05-17,17,AR1 alpha + Enhanced + One-Step,NYSE:JWN,0.0
2023-05-18,17,AR1 alpha + Enhanced + One-Step,NYSE:JWN,9.191714097520245e-07
2023-05-19,17,AR1 alpha + Enhanced + One-Step,NYSE:JWN,1.9295510849453806e-07
2023-05-22,17,AR1 alpha + Enhanced + One-Step,NYSE:JWN,4.882890392301418e-08
2023-05-23,17,AR1 alpha + Enhanced + One-Step,NYSE:JWN,0.0
2023-05-24,17,AR1 alpha + Enhanced + One-Step,NYSE:JWN,0.0
2023-05-25,17,AR1 alpha + Enhanced + One-Step,NYSE:JWN,0.0
2023-05-26,17,AR1 alpha + Enhanced + One-Step,NYSE:JWN,9.229738142693967e-08
2023-05-30,17,AR1 alpha + Enhanced + One-Step,NYSE:JWN,7.737831476520045e-08
2023-05-31,17,AR1 alpha + Enhanced + One-Step,NYSE:JWN,0.0
2023-06-01,17,AR1 alpha + Enhanced + One-Step,NYSE:JWN,0.0
2023-06-02,17,AR1 alpha + Enhanced + One-Step,NYSE:JWN,0.0
2023-06-05,17,AR1 alpha + Enhanced + One-Step,NYSE:JWN,0.0
2023-06-06,17,AR1 alpha + Enhanced + One-Step,NYSE:JWN,1.2659100552748533e-06
2023-06-07,17,AR1 alpha + Enhanced + One-Step,NYSE:JWN,2.751224739233877e-07
2023-06-08,17,AR1 alpha + Enhanced + One-Step,NYSE:JWN,0.0
2023-06-09,17,AR1 alpha + Enhanced + One-Step,NYSE:JWN,0.0
2023-06-12,17,AR1 alpha + Enhanced + One-Step,NYSE:JWN,0.0
2023-06-13,17,AR1 alpha + Enhanced + One-Step,NYSE:JWN,0.0
2023-06-14,17,AR1 alpha + Enhanced + One-Step,NYSE:JWN,0.0
2023-06-15,17,AR1 alpha + Enhanced + One-Step,NYSE:JWN,0.0
2023-06-16,17,AR1 alpha + Enhanced + One-Step,NYSE:JWN,0.0
2023-06-20,17,AR1 alpha + Enhanced + One-Step,NYSE:JWN,0.0
2023-06-21,17,AR1 alpha + Enhanced + One-Step,NYSE:JWN,0.0
2023-06-22,17,AR1 alpha + Enhanced + One-Step,NYSE:JWN,0.0
2023-06-23,17,AR1 alpha + Enhanced + One-Step,NYSE:JWN,0.0
2023-06-26,17,AR1 alpha + Enhanced + One-Step,NYSE:JWN,0.0
2023-06-27,17,AR1 alpha + Enhanced + One-Step,NYSE:JWN,0.0
2023-06-28,17,AR1 alpha + Enhanced + One-Step,NYSE:JWN,0.0
2023-06-29,17,AR1 alpha + Enhanced + One-Step,NYSE:JWN,0.0
2023-06-30,17,AR1 alpha + Enhanced + One-Step,NYSE:JWN,0.0
2023-07-03,17,AR1 alpha + Enhanced + One-Step,NYSE:JWN,0.0
2023-07-05,17,AR1 alpha + Enhanced + One-Step,NYSE:JWN,0.0
2023-07-06,17,AR1 alpha + Enhanced + One-Step,NYSE:JWN,0.0
2023-07-07,17,AR1 alpha + Enhanced + One-Step,NYSE:JWN,3.431772705108373e-07
2023-07-10,17,AR1 alpha + Enhanced + One-Step,NYSE:JWN,2.3075005462764848e-07
2023-07-11,17,AR1 alpha + Enhanced + One-Step,NYSE:JWN,0.0
2023-07-12,17,AR1 alpha + Enhanced + One-Step,NYSE:JWN,6.657665502626042e-08
2023-07-13,17,AR1 alpha + Enhanced + One-Step,NYSE:JWN,0.0
2023-07-14,17,AR1 alpha + Enhanced + One-Step,NYSE:JWN,0.0
2023-07-17,17,AR1 alpha + Enhanced + One-Step,NYSE:JWN,0.0
2023-07-18,17,AR1 alpha + Enhanced + One-Step,NYSE:JWN,1.7780658563303727e-07
2023-07-19,17,AR1 alpha + Enhanced + One-Step,NYSE:JWN,0.0
2023-07-20,17,AR1 alpha + Enhanced + One-Step,NYSE:JWN,0.0
2023-07-21,17,AR1 alpha + Enhanced + One-Step,NYSE:JWN,0.0
2023-07-24,17,AR1 alpha + Enhanced + One-Step,NYSE:JWN,0.0
2023-07-25,17,AR1 alpha + Enhanced + One-Step,NYSE:JWN,0.0
2023-07-26,17,AR1 alpha + Enhanced + One-Step,NYSE:JWN,0.0
2023-07-27,17,AR1 alpha + Enhanced + One-Step,NYSE:JWN,0.0
2023-08-01,17,AR1 alpha + Enhanced + One-Step,NYSE:JWN,7.005181950849631e-08
2023-08-02,17,AR1 alpha + Enhanced + One-Step,NYSE:JWN,0.0
2023-08-03,17,AR1 alpha + Enhanced + One-Step,NYSE:JWN,4.6314158334045136e-08
2023-08-04,17,AR1 alpha + Enhanced + One-Step,NYSE:JWN,9.14920384157926e-07
2023-08-07,17,AR1 alpha + Enhanced + One-Step,NYSE:JWN,2.8552310325323253e-07
2023-08-08,17,AR1 alpha + Enhanced + One-Step,NYSE:JWN,2.2129528687327853e-07
2023-08-09,17,AR1 alpha + Enhanced + One-Step,NYSE:JWN,6.85813307712076e-08
2023-08-10,17,AR1 alpha + Enhanced + One-Step,NYSE:JWN,1.1361362186546981e-07
2023-08-11,17,AR1 alpha + Enhanced + One-Step,NYSE:JWN,0.0
2023-08-14,17,AR1 alpha + Enhanced + One-Step,NYSE:JWN,0.0
2023-08-15,17,AR1 alpha + Enhanced + One-Step,NYSE:JWN,5.4695224239893296e-08
2023-08-16,17,AR1 alpha + Enhanced + One-Step,NYSE:JWN,4.050518028208731e-08
2023-08-17,17,AR1 alpha + Enhanced + One-Step,NYSE:JWN,9.50809363523753e-08
2023-08-18,17,AR1 alpha + Enhanced + One-Step,NYSE:JWN,0.0
2023-08-21,17,AR1 alpha + Enhanced + One-Step,NYSE:JWN,0.0
2023-08-22,17,AR1 alpha + Enhanced + One-Step,NYSE:JWN,0.0
2023-08-23,17,AR1 alpha + Enhanced + One-Step,NYSE:JWN,0.0
2023-08-24,17,AR1 alpha + Enhanced + One-Step,NYSE:JWN,0.0
2023-08-25,17,AR1 alpha + Enhanced + One-Step,NYSE:JWN,0.0
2023-08-28,17,AR1 alpha + Enhanced + One-Step,NYSE:JWN,0.0
2023-08-29,17,AR1 alpha + Enhanced + One-Step,NYSE:JWN,0.0
2023-08-30,17,AR1 alpha + Enhanced + One-Step,NYSE:JWN,0.0
2023-08-31,17,AR1 alpha + Enhanced + One-Step,NYSE:JWN,0.0
2023-09-01,17,AR1 alpha + Enhanced + One-Step,NYSE:JWN,0.0
2023-09-05,17,AR1 alpha + Enhanced + One-Step,NYSE:JWN,0.0
2023-09-06,17,AR1 alpha + Enhanced + One-Step,NYSE:JWN,0.0
2023-09-07,17,AR1 alpha + Enhanced + One-Step,NYSE:JWN,3.797536782626961e-09
2023-09-08,17,AR1 alpha + Enhanced + One-Step,NYSE:JWN,0.0
2023-09-11,17,AR1 alpha + Enhanced + One-Step,NYSE:JWN,9.023088617780105e-08
2023-09-12,17,AR1 alpha + Enhanced + One-Step,NYSE:JWN,1.132493528653748e-07
2023-09-13,17,AR1 alpha + Enhanced + One-Step,NYSE:JWN,0.0
2023-09-14,17,AR1 alpha + Enhanced + One-Step,NYSE:JWN,7.2827600280059295e-09
2023-09-15,17,AR1 alpha + Enhanced + One-Step,NYSE:JWN,2.4779159786794666e-07
2023-09-18,17,AR1 alpha + Enhanced + One-Step,NYSE:JWN,1.2304380398678067e-08
2023-09-19,17,AR1 alpha + Enhanced + One-Step,NYSE:JWN,1.1462043420714532e-08
2023-09-20,17,AR1 alpha + Enhanced + One-Step,NYSE:JWN,2.0386239397686384e-08
2023-09-21,17,AR1 alpha + Enhanced + One-Step,NYSE:JWN,5.7570887580170294e-08
2023-09-22,17,AR1 alpha + Enhanced + One-Step,NYSE:JWN,3.802680964203028e-08
2023-09-25,17,AR1 alpha + Enhanced + One-Step,NYSE:JWN,0.0
2023-09-26,17,AR1 alpha + Enhanced + One-Step,NYSE:JWN,0.0
2023-09-27,17,AR1 alpha + Enhanced + One-Step,NYSE:JWN,0.0
2023-09-28,17,AR1 alpha + Enhanced + One-Step,NYSE:JWN,1.992381369385149e-09
2023-09-29,17,AR1 alpha + Enhanced + One-Step,NYSE:JWN,0.0
2023-10-02,17,AR1 alpha + Enhanced + One-Step,NYSE:JWN,0.0
2023-10-03,17,AR1 alpha + Enhanced + One-Step,NYSE:JWN,0.0
2023-10-04,17,AR1 alpha + Enhanced + One-Step,NYSE:JWN,0.0
2023-10-05,17,AR1 alpha + Enhanced + One-Step,NYSE:JWN,0.0
2023-10-06,17,AR1 alpha + Enhanced + One-Step,NYSE:JWN,0.0
2023-10-09,17,AR1 alpha + Enhanced + One-Step,NYSE:JWN,0.0
2023-10-10,17,AR1 alpha + Enhanced + One-Step,NYSE:JWN,0.0
2023-10-11,17,AR1 alpha + Enhanced + One-Step,NYSE:JWN,0.0
2023-10-12,17,AR1 alpha + Enhanced + One-Step,NYSE:JWN,4.224814868394543e-09
2023-10-13,17,AR1 alpha + Enhanced + One-Step,NYSE:JWN,5.330643169957681e-09
2023-10-16,17,AR1 alpha + Enhanced + One-Step,NYSE:JWN,1.5976191280254484e-08
2023-10-17,17,AR1 alpha + Enhanced + One-Step,NYSE:JWN,0.0
2023-10-18,17,AR1 alpha + Enhanced + One-Step,NYSE:JWN,7.338416010081147e-08
2023-10-19,17,AR1 alpha + Enhanced + One-Step,NYSE:JWN,1.7761931786691745e-08
2023-10-20,17,AR1 alpha + Enhanced + One-Step,NYSE:JWN,4.542324002998404e-08
2023-10-23,17,AR1 alpha + Enhanced + One-Step,NYSE:JWN,0.0
2023-10-24,17,AR1 alpha + Enhanced + One-Step,NYSE:JWN,2.6631653868829774e-09
2023-10-25,17,AR1 alpha + Enhanced + One-Step,NYSE:JWN,0.0
2023-10-26,17,AR1 alpha + Enhanced + One-Step,NYSE:JWN,0.0
2023-10-27,17,AR1 alpha + Enhanced + One-Step,NYSE:JWN,0.0
2023-10-30,17,AR1 alpha + Enhanced + One-Step,NYSE:JWN,0.0
2023-10-31,17,AR1 alpha + Enhanced + One-Step,NYSE:JWN,7.15069325944426e-08
2023-11-01,17,AR1 alpha + Enhanced + One-Step,NYSE:JWN,0.0
2023-11-02,17,AR1 alpha + Enhanced + One-Step,NYSE:JWN,8.199196731568649e-07
2023-11-03,17,AR1 alpha + Enhanced + One-Step,NYSE:JWN,4.0009662554262384e-07
2023-11-06,17,AR1 alpha + Enhanced + One-Step,NYSE:JWN,2.3203608318298618e-07
2023-11-07,17,AR1 alpha + Enhanced + One-Step,NYSE:JWN,0.0
2023-11-08,17,AR1 alpha + Enhanced + One-Step,NYSE:JWN,0.0
2023-11-09,17,AR1 alpha + Enhanced + One-Step,NYSE:JWN,0.0
2023-11-10,17,AR1 alpha + Enhanced + One-Step,NYSE:JWN,0.0
2023-11-13,17,AR1 alpha + Enhanced + One-Step,NYSE:JWN,0.0
2023-11-14,17,AR1 alpha + Enhanced + One-Step,NYSE:JWN,3.349977635312611e-07
2023-11-15,17,AR1 alpha + Enhanced + One-Step,NYSE:JWN,5.497459975745483e-08
2023-11-16,17,AR1 alpha + Enhanced + One-Step,NYSE:JWN,0.0
2023-11-17,17,AR1 alpha + Enhanced + One-Step,NYSE:JWN,0.0
2023-11-20,17,AR1 alpha + Enhanced + One-Step,NYSE:JWN,4.1876652953565293e-08
2023-11-21,17,AR1 alpha + Enhanced + One-Step,NYSE:JWN,6.049561002366239e-09
2023-11-22,17,AR1 alpha + Enhanced + One-Step,NYSE:JWN,0.0
2023-11-24,17,AR1 alpha + Enhanced + One-Step,NYSE:JWN,0.0
2023-11-27,17,AR1 alpha + Enhanced + One-Step,NYSE:JWN,0.0
2023-11-28,17,AR1 alpha + Enhanced + One-Step,NYSE:JWN,3.749211259360012e-08
2023-11-29,17,AR1 alpha + Enhanced + One-Step,NYSE:JWN,0.0
2023-11-30,17,AR1 alpha + Enhanced + One-Step,NYSE:JWN,0.0
2023-12-01,17,AR1 alpha + Enhanced + One-Step,NYSE:JWN,0.0
2023-12-04,17,AR1 alpha + Enhanced + One-Step,NYSE:JWN,0.0
2023-12-05,17,AR1 alpha + Enhanced + One-Step,NYSE:JWN,0.0
2023-12-06,17,AR1 alpha + Enhanced + One-Step,NYSE:JWN,0.0
2023-12-07,17,AR1 alpha + Enhanced + One-Step,NYSE:JWN,0.0
2023-12-08,17,AR1 alpha + Enhanced + One-Step,NYSE:JWN,1.2351041901425132e-08
2023-12-11,17,AR1 alpha + Enhanced + One-Step,NYSE:JWN,0.0
2023-12-12,17,AR1 alpha + Enhanced + One-Step,NYSE:JWN,0.0
2023-12-13,17,AR1 alpha + Enhanced + One-Step,NYSE:JWN,4.066946533522015e-07
2023-12-14,17,AR1 alpha + Enhanced + One-Step,NYSE:JWN,1.325484386899418e-07
2023-12-15,17,AR1 alpha + Enhanced + One-Step,NYSE:JWN,0.0
2023-12-18,17,AR1 alpha + Enhanced + One-Step,NYSE:JWN,0.0
2023-12-19,17,AR1 alpha + Enhanced + One-Step,NYSE:JWN,0.0
2023-12-20,17,AR1 alpha + Enhanced + One-Step,NYSE:JWN,7.371746026130542e-07
2023-12-21,17,AR1 alpha + Enhanced + One-Step,NYSE:JWN,2.6921655378383456e-07
2023-12-22,17,AR1 alpha + Enhanced + One-Step,NYSE:JWN,1.543337864110257e-07
2023-12-26,17,AR1 alpha + Enhanced + One-Step,NYSE:JWN,0.0
2023-12-27,17,AR1 alpha + Enhanced + One-Step,NYSE:JWN,3.3514646799557203e-10
2023-12-28,17,AR1 alpha + Enhanced + One-Step,NYSE:JWN,2.715411731582382e-08
2023-12-29,17,AR1 alpha + Enhanced + One-Step,NYSE:JWN,1.8680159173720237e-07
2024-01-02,17,AR1 alpha + Enhanced + One-Step,NYSE:JWN,0.0
2024-01-03,17,AR1 alpha + Enhanced + One-Step,NYSE:JWN,0.0
2024-01-04,17,AR1 alpha + Enhanced + One-Step,NYSE:JWN,0.0
2024-01-05,17,AR1 alpha + Enhanced + One-Step,NYSE:JWN,1.354161805549831e-07
2024-01-08,17,AR1 alpha + Enhanced + One-Step,NYSE:JWN,2.8053883521574724e-07
2024-01-09,17,AR1 alpha + Enhanced + One-Step,NYSE:JWN,0.0
2024-01-10,17,AR1 alpha + Enhanced + One-Step,NYSE:JWN,0.0
2024-01-11,17,AR1 alpha + Enhanced + One-Step,NYSE:JWN,0.0
2024-01-12,17,AR1 alpha + Enhanced + One-Step,NYSE:JWN,1.651175559680205e-08
2024-01-16,17,AR1 alpha + Enhanced + One-Step,NYSE:JWN,0.0
2024-01-17,17,AR1 alpha + Enhanced + One-Step,NYSE:JWN,0.0
2024-01-18,17,AR1 alpha + Enhanced + One-Step,NYSE:JWN,0.0
2024-01-19,17,AR1 alpha + Enhanced + One-Step,NYSE:JWN,0.0
2024-01-22,17,AR1 alpha + Enhanced + One-Step,NYSE:JWN,0.0
2024-01-23,17,AR1 alpha + Enhanced + One-Step,NYSE:JWN,0.0
2024-01-24,17,AR1 alpha + Enhanced + One-Step,NYSE:JWN,0.0
2024-01-25,17,AR1 alpha + Enhanced + One-Step,NYSE:JWN,0.0
2024-01-26,17,AR1 alpha + Enhanced + One-Step,NYSE:JWN,0.0
2024-01-29,17,AR1 alpha + Enhanced + One-Step,NYSE:JWN,0.0
2024-01-30,17,AR1 alpha + Enhanced + One-Step,NYSE:JWN,0.0
2024-01-31,17,AR1 alpha + Enhanced + One-Step,NYSE:JWN,0.0
2024-02-01,17,AR1 alpha + Enhanced + One-Step,NYSE:JWN,1.1845958380642449e-09
2024-02-02,17,AR1 alpha + Enhanced + One-Step,NYSE:JWN,0.0
2024-02-05,17,AR1 alpha + Enhanced + One-Step,NYSE:JWN,0.0
2024-02-06,17,AR1 alpha + Enhanced + One-Step,NYSE:JWN,0.0
2024-02-07,17,AR1 alpha + Enhanced + One-Step,NYSE:JWN,0.0
2024-02-08,17,AR1 alpha + Enhanced + One-Step,NYSE:JWN,0.0
2024-02-09,17,AR1 alpha + Enhanced + One-Step,NYSE:JWN,0.0
2024-02-12,17,AR1 alpha + Enhanced + One-Step,NYSE:JWN,0.0
2024-02-13,17,AR1 alpha + Enhanced + One-Step,NYSE:JWN,8.933869565232758e-08
2024-02-14,17,AR1 alpha + Enhanced + One-Step,NYSE:JWN,2.680906007288862e-07
2024-02-15,17,AR1 alpha + Enhanced + One-Step,NYSE:JWN,0.0
2024-02-16,17,AR1 alpha + Enhanced + One-Step,NYSE:JWN,3.0711561232101885e-07
2024-02-20,17,AR1 alpha + Enhanced + One-Step,NYSE:JWN,2.8821635351178014e-07
2024-02-21,17,AR1 alpha + Enhanced + One-Step,NYSE:JWN,0.0
2024-02-22,17,AR1 alpha + Enhanced + One-Step,NYSE:JWN,0.0
2024-02-23,17,AR1 alpha + Enhanced + One-Step,NYSE:JWN,0.0
2024-02-26,17,AR1 alpha + Enhanced + One-Step,NYSE:JWN,0.0
2024-02-27,17,AR1 alpha + Enhanced + One-Step,NYSE:JWN,0.0
2024-02-28,17,AR1 alpha + Enhanced + One-Step,NYSE:JWN,0.0
2024-02-29,17,AR1 alpha + Enhanced + One-Step,NYSE:JWN,0.0
2024-03-01,17,AR1 alpha + Enhanced + One-Step,NYSE:JWN,0.0
2024-03-04,17,AR1 alpha + Enhanced + One-Step,NYSE:JWN,0.0
2024-03-05,17,AR1 alpha + Enhanced + One-Step,NYSE:JWN,0.0
2024-03-06,17,AR1 alpha + Enhanced + One-Step,NYSE:JWN,0.0
2024-03-07,17,AR1 alpha + Enhanced + One-Step,NYSE:JWN,0.0
2024-03-08,17,AR1 alpha + Enhanced + One-Step,NYSE:JWN,0.0
2024-03-11,17,AR1 alpha + Enhanced + One-Step,NYSE:JWN,0.0
2024-03-12,17,AR1 alpha + Enhanced + One-Step,NYSE:JWN,0.0
2024-03-13,17,AR1 alpha + Enhanced + One-Step,NYSE:JWN,0.0
2024-03-14,17,AR1 alpha + Enhanced + One-Step,NYSE:JWN,0.0
2024-03-15,17,AR1 alpha + Enhanced + One-Step,NYSE:JWN,7.882956940468535e-08
2024-03-18,17,AR1 alpha + Enhanced + One-Step,NYSE:JWN,0.0
2024-03-19,17,AR1 alpha + Enhanced + One-Step,NYSE:JWN,0.0
2024-03-20,17,AR1 alpha + Enhanced + One-Step,NYSE:JWN,0.0
2024-03-21,17,AR1 alpha + Enhanced + One-Step,NYSE:JWN,5.977495120300366e-08
2024-03-22,17,AR1 alpha + Enhanced + One-Step,NYSE:JWN,0.0
2024-03-25,17,AR1 alpha + Enhanced + One-Step,NYSE:JWN,0.0
2024-03-26,17,AR1 alpha + Enhanced + One-Step,NYSE:JWN,0.0
2024-03-27,17,AR1 alpha + Enhanced + One-Step,NYSE:JWN,0.0
2024-03-28,17,AR1 alpha + Enhanced + One-Step,NYSE:JWN,1.337068301369879e-07
2024-04-01,17,AR1 alpha + Enhanced + One-Step,NYSE:JWN,1.691576497689107e-07
2024-04-02,17,AR1 alpha + Enhanced + One-Step,NYSE:JWN,1.6917521221567983e-08
2024-04-03,17,AR1 alpha + Enhanced + One-Step,NYSE:JWN,0.0
2024-04-04,17,AR1 alpha + Enhanced + One-Step,NYSE:JWN,0.0
2024-04-05,17,AR1 alpha + Enhanced + One-Step,NYSE:JWN,0.0
2024-04-08,17,AR1 alpha + Enhanced + One-Step,NYSE:JWN,9.091224515295685e-08
2024-04-09,17,AR1 alpha + Enhanced + One-Step,NYSE:JWN,0.0
2024-04-10,17,AR1 alpha + Enhanced + One-Step,NYSE:JWN,0.0
2024-04-11,17,AR1 alpha + Enhanced + One-Step,NYSE:JWN,0.0
2024-04-12,17,AR1 alpha + Enhanced + One-Step,NYSE:JWN,0.0
2024-04-15,17,AR1 alpha + Enhanced + One-Step,NYSE:JWN,0.0
2024-04-16,17,AR1 alpha + Enhanced + One-Step,NYSE:JWN,0.0
2024-04-17,17,AR1 alpha + Enhanced + One-Step,NYSE:JWN,6.280444272496535e-08
2024-04-18,17,AR1 alpha + Enhanced + One-Step,NYSE:JWN,0.0
2024-04-19,17,AR1 alpha + Enhanced + One-Step,NYSE:JWN,0.0
2020-03-25,17,AR1 alpha + Enhanced + One-Step,NYSE:CB,0.020000000000007227
2020-03-26,17,AR1 alpha + Enhanced + One-Step,NYSE:CB,0.02000000000001305
2020-03-27,17,AR1 alpha + Enhanced + One-Step,NYSE:CB,0.01999998282158868
2020-03-30,17,AR1 alpha + Enhanced + One-Step,NYSE:CB,0.020001115644301765
2020-03-31,17,AR1 alpha + Enhanced + One-Step,NYSE:CB,0.02000500134585502
2020-04-01,17,AR1 alpha + Enhanced + One-Step,NYSE:CB,0.020004981571091828
2020-04-02,17,AR1 alpha + Enhanced + One-Step,NYSE:CB,0.020004943522718113
2020-04-03,17,AR1 alpha + Enhanced + One-Step,NYSE:CB,0.020005136652636202
2020-04-06,17,AR1 alpha + Enhanced + One-Step,NYSE:CB,0.02000570981204471
2020-04-07,17,AR1 alpha + Enhanced + One-Step,NYSE:CB,0.020007097942403167
2020-04-08,17,AR1 alpha + Enhanced + One-Step,NYSE:CB,0.020007227756927974
2020-04-09,17,AR1 alpha + Enhanced + One-Step,NYSE:CB,0.020007188591648756
2020-04-13,17,AR1 alpha + Enhanced + One-Step,NYSE:CB,0.02000704658295487
2020-04-14,17,AR1 alpha + Enhanced + One-Step,NYSE:CB,0.020007849279658672
2020-04-15,17,AR1 alpha + Enhanced + One-Step,NYSE:CB,0.02000877909311359
2020-04-16,17,AR1 alpha + Enhanced + One-Step,NYSE:CB,0.02000935783147046
2020-04-17,17,AR1 alpha + Enhanced + One-Step,NYSE:CB,0.020009436222562054
2020-04-20,17,AR1 alpha + Enhanced + One-Step,NYSE:CB,0.02000930813125323
2020-04-21,17,AR1 alpha + Enhanced + One-Step,NYSE:CB,0.020009538493419923
2020-04-22,17,AR1 alpha + Enhanced + One-Step,NYSE:CB,0.020009807335868112
2020-04-23,17,AR1 alpha + Enhanced + One-Step,NYSE:CB,0.020009534986721103
2020-04-24,17,AR1 alpha + Enhanced + One-Step,NYSE:CB,0.020009599288830646
2020-04-27,17,AR1 alpha + Enhanced + One-Step,NYSE:CB,0.020009597750530028
2020-04-28,17,AR1 alpha + Enhanced + One-Step,NYSE:CB,0.02000959398336392
2020-04-29,17,AR1 alpha + Enhanced + One-Step,NYSE:CB,0.02000959165360844
2020-04-30,17,AR1 alpha + Enhanced + One-Step,NYSE:CB,0.02000962011955693
2020-05-01,17,AR1 alpha + Enhanced + One-Step,NYSE:CB,0.014147504969579821
2020-05-04,17,AR1 alpha + Enhanced + One-Step,NYSE:CB,1.5315520795371487e-07
2020-05-05,17,AR1 alpha + Enhanced + One-Step,NYSE:CB,5.525363108876257e-08
2020-05-06,17,AR1 alpha + Enhanced + One-Step,NYSE:CB,2.4982940683278516e-08
2020-05-07,17,AR1 alpha + Enhanced + One-Step,NYSE:CB,6.765327361024469e-09
2020-05-08,17,AR1 alpha + Enhanced + One-Step,NYSE:CB,0.0
2020-05-11,17,AR1 alpha + Enhanced + One-Step,NYSE:CB,0.0
2020-05-12,17,AR1 alpha + Enhanced + One-Step,NYSE:CB,0.0
2020-05-13,17,AR1 alpha + Enhanced + One-Step,NYSE:CB,4.9534570329006e-08
2020-05-14,17,AR1 alpha + Enhanced + One-Step,NYSE:CB,0.0
2020-05-15,17,AR1 alpha + Enhanced + One-Step,NYSE:CB,3.67231732314453e-08
2020-05-18,17,AR1 alpha + Enhanced + One-Step,NYSE:CB,5.2776988326503196e-08
2020-05-19,17,AR1 alpha + Enhanced + One-Step,NYSE:CB,0.0
2020-05-20,17,AR1 alpha + Enhanced + One-Step,NYSE:CB,1.521716772107942e-08
2020-05-21,17,AR1 alpha + Enhanced + One-Step,NYSE:CB,0.0
2020-05-22,17,AR1 alpha + Enhanced + One-Step,NYSE:CB,0.0
2020-05-26,17,AR1 alpha + Enhanced + One-Step,NYSE:CB,0.0
2020-05-27,17,AR1 alpha + Enhanced + One-Step,NYSE:CB,3.069183673440128e-08
2020-05-28,17,AR1 alpha + Enhanced + One-Step,NYSE:CB,1.757043884157313e-08
2020-05-29,17,AR1 alpha + Enhanced + One-Step,NYSE:CB,1.0676327895217342e-08
2020-06-01,17,AR1 alpha + Enhanced + One-Step,NYSE:CB,4.5894852603722674e-08
2020-06-02,17,AR1 alpha + Enhanced + One-Step,NYSE:CB,7.896745396535024e-09
2020-06-03,17,AR1 alpha + Enhanced + One-Step,NYSE:CB,3.3557415163292616e-07
2020-06-04,17,AR1 alpha + Enhanced + One-Step,NYSE:CB,2.807273646289782e-08
2020-06-05,17,AR1 alpha + Enhanced + One-Step,NYSE:CB,0.0
2020-06-08,17,AR1 alpha + Enhanced + One-Step,NYSE:CB,0.0
2020-06-09,17,AR1 alpha + Enhanced + One-Step,NYSE:CB,1.2459438619523921e-08
2020-06-10,17,AR1 alpha + Enhanced + One-Step,NYSE:CB,6.025472982033457e-09
2020-06-11,17,AR1 alpha + Enhanced + One-Step,NYSE:CB,2.911502374409477e-07
2020-06-12,17,AR1 alpha + Enhanced + One-Step,NYSE:CB,1.4767461339185325e-07
2020-06-15,17,AR1 alpha + Enhanced + One-Step,NYSE:CB,0.0
2020-06-16,17,AR1 alpha + Enhanced + One-Step,NYSE:CB,1.512159010292796e-08
2020-06-17,17,AR1 alpha + Enhanced + One-Step,NYSE:CB,3.978425543651275e-09
2020-06-18,17,AR1 alpha + Enhanced + One-Step,NYSE:CB,0.0
2020-06-19,17,AR1 alpha + Enhanced + One-Step,NYSE:CB,7.188128177839016e-08
2020-06-22,17,AR1 alpha + Enhanced + One-Step,NYSE:CB,8.982431700827469e-08
2020-06-23,17,AR1 alpha + Enhanced + One-Step,NYSE:CB,4.4907108109693944e-08
2020-06-24,17,AR1 alpha + Enhanced + One-Step,NYSE:CB,0.0
2020-06-25,17,AR1 alpha + Enhanced + One-Step,NYSE:CB,1.762624568023364e-08
2020-06-26,17,AR1 alpha + Enhanced + One-Step,NYSE:CB,0.0
2020-06-29,17,AR1 alpha + Enhanced + One-Step,NYSE:CB,0.0
2020-06-30,17,AR1 alpha + Enhanced + One-Step,NYSE:CB,0.0
2020-07-01,17,AR1 alpha + Enhanced + One-Step,NYSE:CB,0.0
2020-07-02,17,AR1 alpha + Enhanced + One-Step,NYSE:CB,6.453311361499216e-08
2020-07-06,17,AR1 alpha + Enhanced + One-Step,NYSE:CB,0.0
2020-07-07,17,AR1 alpha + Enhanced + One-Step,NYSE:CB,0.0
2020-07-08,17,AR1 alpha + Enhanced + One-Step,NYSE:CB,0.0
2020-07-09,17,AR1 alpha + Enhanced + One-Step,NYSE:CB,0.0
2020-07-10,17,AR1 alpha + Enhanced + One-Step,NYSE:CB,0.0
2020-07-13,17,AR1 alpha + Enhanced + One-Step,NYSE:CB,4.043225387716648e-09
2020-07-14,17,AR1 alpha + Enhanced + One-Step,NYSE:CB,0.0
2020-07-15,17,AR1 alpha + Enhanced + One-Step,NYSE:CB,4.6398704773505434e-08
2020-07-16,17,AR1 alpha + Enhanced + One-Step,NYSE:CB,1.0473606148209845e-08
2020-07-17,17,AR1 alpha + Enhanced + One-Step,NYSE:CB,4.947122870612805e-09
2020-07-20,17,AR1 alpha + Enhanced + One-Step,NYSE:CB,2.929357408538512e-08
2020-07-21,17,AR1 alpha + Enhanced + One-Step,NYSE:CB,5.493475875543673e-08
2020-07-22,17,AR1 alpha + Enhanced + One-Step,NYSE:CB,4.73700146159052e-08
2020-07-23,17,AR1 alpha + Enhanced + One-Step,NYSE:CB,0.0
2020-07-24,17,AR1 alpha + Enhanced + One-Step,NYSE:CB,1.173476792762878e-07
2020-07-27,17,AR1 alpha + Enhanced + One-Step,NYSE:CB,1.26374924468745e-07
2020-07-28,17,AR1 alpha + Enhanced + One-Step,NYSE:CB,7.719982604098191e-08
2020-07-29,17,AR1 alpha + Enhanced + One-Step,NYSE:CB,0.0
2020-07-30,17,AR1 alpha + Enhanced + One-Step,NYSE:CB,0.0
2020-07-31,17,AR1 alpha + Enhanced + One-Step,NYSE:CB,0.0
2020-08-03,17,AR1 alpha + Enhanced + One-Step,NYSE:CB,3.0718548791840195e-08
2020-08-04,17,AR1 alpha + Enhanced + One-Step,NYSE:CB,0.0
2020-08-05,17,AR1 alpha + Enhanced + One-Step,NYSE:CB,0.0
2020-08-06,17,AR1 alpha + Enhanced + One-Step,NYSE:CB,0.0
2020-08-07,17,AR1 alpha + Enhanced + One-Step,NYSE:CB,9.314733223371673e-08
2020-08-10,17,AR1 alpha + Enhanced + One-Step,NYSE:CB,1.8285144365147868e-07
2020-08-11,17,AR1 alpha + Enhanced + One-Step,NYSE:CB,0.0
2020-08-12,17,AR1 alpha + Enhanced + One-Step,NYSE:CB,2.515729492021189e-09
2020-08-13,17,AR1 alpha + Enhanced + One-Step,NYSE:CB,2.193223946528963e-09
2020-08-14,17,AR1 alpha + Enhanced + One-Step,NYSE:CB,2.7210757739077797e-09
2020-08-17,17,AR1 alpha + Enhanced + One-Step,NYSE:CB,0.0
2020-08-18,17,AR1 alpha + Enhanced + One-Step,NYSE:CB,0.0
2020-08-19,17,AR1 alpha + Enhanced + One-Step,NYSE:CB,0.0
2020-08-20,17,AR1 alpha + Enhanced + One-Step,NYSE:CB,0.0
2020-08-21,17,AR1 alpha + Enhanced + One-Step,NYSE:CB,0.0
2020-08-24,17,AR1 alpha + Enhanced + One-Step,NYSE:CB,0.0
2020-08-25,17,AR1 alpha + Enhanced + One-Step,NYSE:CB,8.955752132461974e-08
2020-08-26,17,AR1 alpha + Enhanced + One-Step,NYSE:CB,0.0
2020-08-27,17,AR1 alpha + Enhanced + One-Step,NYSE:CB,0.0
2020-08-28,17,AR1 alpha + Enhanced + One-Step,NYSE:CB,3.2678644659997316e-09
2020-08-31,17,AR1 alpha + Enhanced + One-Step,NYSE:CB,0.0
2020-09-01,17,AR1 alpha + Enhanced + One-Step,NYSE:CB,0.0
2020-09-02,17,AR1 alpha + Enhanced + One-Step,NYSE:CB,0.0
2020-09-03,17,AR1 alpha + Enhanced + One-Step,NYSE:CB,0.0
2020-09-04,17,AR1 alpha + Enhanced + One-Step,NYSE:CB,3.7738360170424074e-08
2020-09-08,17,AR1 alpha + Enhanced + One-Step,NYSE:CB,2.179203734582429e-07
2020-09-09,17,AR1 alpha + Enhanced + One-Step,NYSE:CB,1.1509825401054083e-07
2020-09-10,17,AR1 alpha + Enhanced + One-Step,NYSE:CB,1.182461690492815e-07
2020-09-11,17,AR1 alpha + Enhanced + One-Step,NYSE:CB,1.059694666714831e-07
2020-09-14,17,AR1 alpha + Enhanced + One-Step,NYSE:CB,5.503927921784215e-07
2020-09-15,17,AR1 alpha + Enhanced + One-Step,NYSE:CB,3.47618080609261e-07
2020-09-16,17,AR1 alpha + Enhanced + One-Step,NYSE:CB,0.0
2020-09-17,17,AR1 alpha + Enhanced + One-Step,NYSE:CB,0.0
2020-09-18,17,AR1 alpha + Enhanced + One-Step,NYSE:CB,0.0
2020-09-21,17,AR1 alpha + Enhanced + One-Step,NYSE:CB,0.0
2020-09-22,17,AR1 alpha + Enhanced + One-Step,NYSE:CB,1.3084924523524496e-08
2020-09-23,17,AR1 alpha + Enhanced + One-Step,NYSE:CB,0.0
2020-09-24,17,AR1 alpha + Enhanced + One-Step,NYSE:CB,0.0
2020-09-25,17,AR1 alpha + Enhanced + One-Step,NYSE:CB,0.0
2020-09-28,17,AR1 alpha + Enhanced + One-Step,NYSE:CB,0.0
2020-09-29,17,AR1 alpha + Enhanced + One-Step,NYSE:CB,0.0
2020-09-30,17,AR1 alpha + Enhanced + One-Step,NYSE:CB,0.0
2020-10-01,17,AR1 alpha + Enhanced + One-Step,NYSE:CB,2.0631861396218375e-07
2020-10-02,17,AR1 alpha + Enhanced + One-Step,NYSE:CB,2.027204730436475e-07
2020-10-05,17,AR1 alpha + Enhanced + One-Step,NYSE:CB,4.593834055809194e-07
2020-10-06,17,AR1 alpha + Enhanced + One-Step,NYSE:CB,1.4980258218745353e-07
2020-10-07,17,AR1 alpha + Enhanced + One-Step,NYSE:CB,5.753390103502768e-07
2020-10-08,17,AR1 alpha + Enhanced + One-Step,NYSE:CB,3.6387079032657275e-07
2020-10-09,17,AR1 alpha + Enhanced + One-Step,NYSE:CB,2.462601078679178e-07
2020-10-12,17,AR1 alpha + Enhanced + One-Step,NYSE:CB,1.52626667069283e-07
2020-10-13,17,AR1 alpha + Enhanced + One-Step,NYSE:CB,3.6306694015321534e-07
2020-10-14,17,AR1 alpha + Enhanced + One-Step,NYSE:CB,0.0
2020-10-15,17,AR1 alpha + Enhanced + One-Step,NYSE:CB,0.0
2020-10-16,17,AR1 alpha + Enhanced + One-Step,NYSE:CB,0.0
2020-10-19,17,AR1 alpha + Enhanced + One-Step,NYSE:CB,0.0
2020-10-20,17,AR1 alpha + Enhanced + One-Step,NYSE:CB,0.0
2020-10-21,17,AR1 alpha + Enhanced + One-Step,NYSE:CB,0.0
2020-10-22,17,AR1 alpha + Enhanced + One-Step,NYSE:CB,0.0
2020-10-23,17,AR1 alpha + Enhanced + One-Step,NYSE:CB,0.0
2020-10-26,17,AR1 alpha + Enhanced + One-Step,NYSE:CB,1.5778984181762484e-08
2020-10-27,17,AR1 alpha + Enhanced + One-Step,NYSE:CB,4.2130032684136636e-07
2020-10-28,17,AR1 alpha + Enhanced + One-Step,NYSE:CB,2.6973124692264275e-07
2020-10-29,17,AR1 alpha + Enhanced + One-Step,NYSE:CB,4.402590824090889e-07
2020-10-30,17,AR1 alpha + Enhanced + One-Step,NYSE:CB,1.2688626029147953e-07
2020-11-02,17,AR1 alpha + Enhanced + One-Step,NYSE:CB,9.522448540026679e-07
2020-11-03,17,AR1 alpha + Enhanced + One-Step,NYSE:CB,5.515128644444883e-08
2020-11-04,17,AR1 alpha + Enhanced + One-Step,NYSE:CB,1.3604411343123956e-06
2020-11-05,17,AR1 alpha + Enhanced + One-Step,NYSE:CB,1.2816271110668372e-06
2020-11-06,17,AR1 alpha + Enhanced + One-Step,NYSE:CB,7.378443667871301e-07
2020-11-09,17,AR1 alpha + Enhanced + One-Step,NYSE:CB,4.561223141742798e-07
2020-11-10,17,AR1 alpha + Enhanced + One-Step,NYSE:CB,8.909086754403292e-07
2020-11-11,17,AR1 alpha + Enhanced + One-Step,NYSE:CB,6.83416774417466e-07
2020-11-12,17,AR1 alpha + Enhanced + One-Step,NYSE:CB,2.2371412814871744e-07
2020-11-13,17,AR1 alpha + Enhanced + One-Step,NYSE:CB,1.3762064134874978e-07
2020-11-16,17,AR1 alpha + Enhanced + One-Step,NYSE:CB,1.1539616156040903e-07
2020-11-17,17,AR1 alpha + Enhanced + One-Step,NYSE:CB,1.6878514095521472e-07
2020-11-18,17,AR1 alpha + Enhanced + One-Step,NYSE:CB,1.3123581781847922e-07
2020-11-19,17,AR1 alpha + Enhanced + One-Step,NYSE:CB,0.0
2020-11-20,17,AR1 alpha + Enhanced + One-Step,NYSE:CB,0.0
2020-11-23,17,AR1 alpha + Enhanced + One-Step,NYSE:CB,1.4818082661157012e-07
2020-11-24,17,AR1 alpha + Enhanced + One-Step,NYSE:CB,0.0
2020-11-25,17,AR1 alpha + Enhanced + One-Step,NYSE:CB,1.467878447486968e-07
2020-11-27,17,AR1 alpha + Enhanced + One-Step,NYSE:CB,0.0
2020-11-30,17,AR1 alpha + Enhanced + One-Step,NYSE:CB,0.0
2020-12-01,17,AR1 alpha + Enhanced + One-Step,NYSE:CB,2.0769562990721725e-07
2020-12-04,17,AR1 alpha + Enhanced + One-Step,NYSE:CB,1.5897717426336997e-07
2020-12-07,17,AR1 alpha + Enhanced + One-Step,NYSE:CB,0.0
2020-12-08,17,AR1 alpha + Enhanced + One-Step,NYSE:CB,1.4479130576075018e-07
2020-12-09,17,AR1 alpha + Enhanced + One-Step,NYSE:CB,0.0
2020-12-10,17,AR1 alpha + Enhanced + One-Step,NYSE:CB,5.2553249993121174e-08
2020-12-11,17,AR1 alpha + Enhanced + One-Step,NYSE:CB,0.0
2020-12-14,17,AR1 alpha + Enhanced + One-Step,NYSE:CB,0.0
2020-12-15,17,AR1 alpha + Enhanced + One-Step,NYSE:CB,6.944950328989463e-08
2020-12-16,17,AR1 alpha + Enhanced + One-Step,NYSE:CB,0.0
2020-12-17,17,AR1 alpha + Enhanced + One-Step,NYSE:CB,0.0
2020-12-18,17,AR1 alpha + Enhanced + One-Step,NYSE:CB,9.111994098393964e-07
2020-12-21,17,AR1 alpha + Enhanced + One-Step,NYSE:CB,7.849705970561041e-07
2020-12-22,17,AR1 alpha + Enhanced + One-Step,NYSE:CB,5.117719464953433e-07
2020-12-23,17,AR1 alpha + Enhanced + One-Step,NYSE:CB,2.5665692032026233e-07
2020-12-24,17,AR1 alpha + Enhanced + One-Step,NYSE:CB,1.0423907725687738e-07
2020-12-28,17,AR1 alpha + Enhanced + One-Step,NYSE:CB,0.0
2020-12-29,17,AR1 alpha + Enhanced + One-Step,NYSE:CB,0.0
2020-12-30,17,AR1 alpha + Enhanced + One-Step,NYSE:CB,0.0
2020-12-31,17,AR1 alpha + Enhanced + One-Step,NYSE:CB,0.0
2021-01-04,17,AR1 alpha + Enhanced + One-Step,NYSE:CB,1.2040807211091926e-08
2021-01-05,17,AR1 alpha + Enhanced + One-Step,NYSE:CB,1.282738811237867e-08
2021-01-06,17,AR1 alpha + Enhanced + One-Step,NYSE:CB,2.2852861771488147e-09
2021-01-07,17,AR1 alpha + Enhanced + One-Step,NYSE:CB,0.0
2021-01-08,17,AR1 alpha + Enhanced + One-Step,NYSE:CB,0.0
2021-01-11,17,AR1 alpha + Enhanced + One-Step,NYSE:CB,0.0
2021-01-12,17,AR1 alpha + Enhanced + One-Step,NYSE:CB,0.0
2021-01-13,17,AR1 alpha + Enhanced + One-Step,NYSE:CB,0.0
2021-01-14,17,AR1 alpha + Enhanced + One-Step,NYSE:CB,1.0304556884844137e-07
2021-01-15,17,AR1 alpha + Enhanced + One-Step,NYSE:CB,0.0
2021-01-19,17,AR1 alpha + Enhanced + One-Step,NYSE:CB,0.0
2021-01-20,17,AR1 alpha + Enhanced + One-Step,NYSE:CB,2.0712155901147024e-07
2021-01-21,17,AR1 alpha + Enhanced + One-Step,NYSE:CB,0.0
2021-01-22,17,AR1 alpha + Enhanced + One-Step,NYSE:CB,0.0
2021-01-25,17,AR1 alpha + Enhanced + One-Step,NYSE:CB,0.0
2021-01-26,17,AR1 alpha + Enhanced + One-Step,NYSE:CB,0.0
2021-01-27,17,AR1 alpha + Enhanced + One-Step,NYSE:CB,1.354681440114506e-07
2021-01-28,17,AR1 alpha + Enhanced + One-Step,NYSE:CB,1.3956956544809474e-06
2021-01-29,17,AR1 alpha + Enhanced + One-Step,NYSE:CB,5.627322113030511e-07
2021-02-01,17,AR1 alpha + Enhanced + One-Step,NYSE:CB,4.845165342647261e-07
2021-02-02,17,AR1 alpha + Enhanced + One-Step,NYSE:CB,3.26403324917639e-07
2021-02-03,17,AR1 alpha + Enhanced + One-Step,NYSE:CB,0.0
2021-02-04,17,AR1 alpha + Enhanced + One-Step,NYSE:CB,0.0
2021-02-05,17,AR1 alpha + Enhanced + One-Step,NYSE:CB,0.0
2021-02-08,17,AR1 alpha + Enhanced + One-Step,NYSE:CB,3.1531259902602296e-07
2021-02-09,17,AR1 alpha + Enhanced + One-Step,NYSE:CB,1.5296247911270814e-07
2021-02-10,17,AR1 alpha + Enhanced + One-Step,NYSE:CB,7.143141293328219e-07
2021-02-11,17,AR1 alpha + Enhanced + One-Step,NYSE:CB,5.217186045613464e-07
2021-02-12,17,AR1 alpha + Enhanced + One-Step,NYSE:CB,3.200839051809739e-07
2021-02-16,17,AR1 alpha + Enhanced + One-Step,NYSE:CB,1.4082462590444022e-07
2021-02-17,17,AR1 alpha + Enhanced + One-Step,NYSE:CB,1.9980477746248565e-07
2021-02-18,17,AR1 alpha + Enhanced + One-Step,NYSE:CB,1.9417285368171866e-07
2021-02-19,17,AR1 alpha + Enhanced + One-Step,NYSE:CB,0.0
2021-02-22,17,AR1 alpha + Enhanced + One-Step,NYSE:CB,6.769743879561713e-07
2021-02-23,17,AR1 alpha + Enhanced + One-Step,NYSE:CB,2.0771761526782804e-06
2021-02-24,17,AR1 alpha + Enhanced + One-Step,NYSE:CB,1.5391286877035799e-06
2021-02-25,17,AR1 alpha + Enhanced + One-Step,NYSE:CB,0.0
2021-02-26,17,AR1 alpha + Enhanced + One-Step,NYSE:CB,1.5072803656793982e-07
2021-03-01,17,AR1 alpha + Enhanced + One-Step,NYSE:CB,2.6224417984104407e-07
2021-03-02,17,AR1 alpha + Enhanced + One-Step,NYSE:CB,0.0
2021-03-03,17,AR1 alpha + Enhanced + One-Step,NYSE:CB,0.0
2021-03-04,17,AR1 alpha + Enhanced + One-Step,NYSE:CB,1.4374863138837657e-09
2021-03-05,17,AR1 alpha + Enhanced + One-Step,NYSE:CB,0.0
2021-03-08,17,AR1 alpha + Enhanced + One-Step,NYSE:CB,7.911598968637663e-09
2021-03-09,17,AR1 alpha + Enhanced + One-Step,NYSE:CB,0.0
2021-03-10,17,AR1 alpha + Enhanced + One-Step,NYSE:CB,1.074861597292116e-06
2021-03-11,17,AR1 alpha + Enhanced + One-Step,NYSE:CB,0.0
2021-03-12,17,AR1 alpha + Enhanced + One-Step,NYSE:CB,0.0
2021-03-15,17,AR1 alpha + Enhanced + One-Step,NYSE:CB,1.8569291079622347e-06
2021-03-16,17,AR1 alpha + Enhanced + One-Step,NYSE:CB,1.3580372513566264e-06
2021-03-17,17,AR1 alpha + Enhanced + One-Step,NYSE:CB,3.134872654828277e-07
2021-03-18,17,AR1 alpha + Enhanced + One-Step,NYSE:CB,3.0726310817794157e-07
2021-03-19,17,AR1 alpha + Enhanced + One-Step,NYSE:CB,0.0
2021-03-22,17,AR1 alpha + Enhanced + One-Step,NYSE:CB,2.2727033305486978e-07
2021-03-23,17,AR1 alpha + Enhanced + One-Step,NYSE:CB,1.1843905545483686e-06
2021-03-24,17,AR1 alpha + Enhanced + One-Step,NYSE:CB,7.478737270781832e-07
2021-03-25,17,AR1 alpha + Enhanced + One-Step,NYSE:CB,5.955051395277581e-07
2021-03-26,17,AR1 alpha + Enhanced + One-Step,NYSE:CB,5.958502032923644e-07
2021-03-29,17,AR1 alpha + Enhanced + One-Step,NYSE:CB,5.602908563243817e-07
2021-03-30,17,AR1 alpha + Enhanced + One-Step,NYSE:CB,1.6862148235827422e-08
2021-03-31,17,AR1 alpha + Enhanced + One-Step,NYSE:CB,0.0
2021-04-01,17,AR1 alpha + Enhanced + One-Step,NYSE:CB,7.46466009277475e-07
2021-04-05,17,AR1 alpha + Enhanced + One-Step,NYSE:CB,7.158812808552263e-07
2021-04-06,17,AR1 alpha + Enhanced + One-Step,NYSE:CB,4.90707588636887e-07
2021-04-07,17,AR1 alpha + Enhanced + One-Step,NYSE:CB,0.0
2021-04-08,17,AR1 alpha + Enhanced + One-Step,NYSE:CB,0.0
2021-04-09,17,AR1 alpha + Enhanced + One-Step,NYSE:CB,0.0
2021-04-12,17,AR1 alpha + Enhanced + One-Step,NYSE:CB,0.0
2021-04-13,17,AR1 alpha + Enhanced + One-Step,NYSE:CB,0.0
2021-04-14,17,AR1 alpha + Enhanced + One-Step,NYSE:CB,0.0
2021-04-15,17,AR1 alpha + Enhanced + One-Step,NYSE:CB,6.804183748996788e-07
2021-04-16,17,AR1 alpha + Enhanced + One-Step,NYSE:CB,4.819760680435196e-07
2021-04-19,17,AR1 alpha + Enhanced + One-Step,NYSE:CB,1.9326942920259014e-07
2021-04-20,17,AR1 alpha + Enhanced + One-Step,NYSE:CB,0.0
2021-04-21,17,AR1 alpha + Enhanced + One-Step,NYSE:CB,0.0
2021-04-22,17,AR1 alpha + Enhanced + One-Step,NYSE:CB,0.0
2021-04-23,17,AR1 alpha + Enhanced + One-Step,NYSE:CB,0.0
2021-04-26,17,AR1 alpha + Enhanced + One-Step,NYSE:CB,0.0
2021-04-27,17,AR1 alpha + Enhanced + One-Step,NYSE:CB,2.948251574851748e-08
2021-04-28,17,AR1 alpha + Enhanced + One-Step,NYSE:CB,0.0
2021-04-29,17,AR1 alpha + Enhanced + One-Step,NYSE:CB,0.0
2021-04-30,17,AR1 alpha + Enhanced + One-Step,NYSE:CB,0.0
2021-05-03,17,AR1 alpha + Enhanced + One-Step,NYSE:CB,3.6525632146916563e-06
2021-05-04,17,AR1 alpha + Enhanced + One-Step,NYSE:CB,2.367313335038869e-06
2021-05-05,17,AR1 alpha + Enhanced + One-Step,NYSE:CB,1.6389199624657174e-06
2021-05-06,17,AR1 alpha + Enhanced + One-Step,NYSE:CB,2.36057775370568e-06
2021-05-07,17,AR1 alpha + Enhanced + One-Step,NYSE:CB,2.611146140588962e-06
2021-05-10,17,AR1 alpha + Enhanced + One-Step,NYSE:CB,2.058680169000326e-06
2021-05-11,17,AR1 alpha + Enhanced + One-Step,NYSE:CB,1.5039204289584532e-06
2021-05-12,17,AR1 alpha + Enhanced + One-Step,NYSE:CB,9.891155690692634e-07
2021-05-13,17,AR1 alpha + Enhanced + One-Step,NYSE:CB,0.0
2021-05-14,17,AR1 alpha + Enhanced + One-Step,NYSE:CB,1.9932173845208308e-08
2021-05-17,17,AR1 alpha + Enhanced + One-Step,NYSE:CB,0.0
2021-05-18,17,AR1 alpha + Enhanced + One-Step,NYSE:CB,5.563998752686732e-07
2021-05-19,17,AR1 alpha + Enhanced + One-Step,NYSE:CB,1.4550224776882672e-06
2021-05-20,17,AR1 alpha + Enhanced + One-Step,NYSE:CB,1.1184917893314054e-06
2021-05-21,17,AR1 alpha + Enhanced + One-Step,NYSE:CB,8.769124263401167e-07
2021-05-24,17,AR1 alpha + Enhanced + One-Step,NYSE:CB,8.121245955622073e-08
2021-05-25,17,AR1 alpha + Enhanced + One-Step,NYSE:CB,0.0
2021-05-26,17,AR1 alpha + Enhanced + One-Step,NYSE:CB,0.0
2021-05-27,17,AR1 alpha + Enhanced + One-Step,NYSE:CB,2.110216963024438e-07
2021-05-28,17,AR1 alpha + Enhanced + One-Step,NYSE:CB,0.0
2021-06-01,17,AR1 alpha + Enhanced + One-Step,NYSE:CB,0.0
2021-06-02,17,AR1 alpha + Enhanced + One-Step,NYSE:CB,0.0
2021-06-03,17,AR1 alpha + Enhanced + One-Step,NYSE:CB,0.0
2021-06-04,17,AR1 alpha + Enhanced + One-Step,NYSE:CB,0.0
2021-06-07,17,AR1 alpha + Enhanced + One-Step,NYSE:CB,0.0
2021-06-08,17,AR1 alpha + Enhanced + One-Step,NYSE:CB,0.0
2021-06-09,17,AR1 alpha + Enhanced + One-Step,NYSE:CB,0.0
2021-06-10,17,AR1 alpha + Enhanced + One-Step,NYSE:CB,0.0
2021-06-11,17,AR1 alpha + Enhanced + One-Step,NYSE:CB,0.0
2021-06-14,17,AR1 alpha + Enhanced + One-Step,NYSE:CB,0.0
2021-06-15,17,AR1 alpha + Enhanced + One-Step,NYSE:CB,0.0
2021-06-16,17,AR1 alpha + Enhanced + One-Step,NYSE:CB,0.0
2021-06-17,17,AR1 alpha + Enhanced + One-Step,NYSE:CB,0.0
2021-06-18,17,AR1 alpha + Enhanced + One-Step,NYSE:CB,0.0
2021-06-21,17,AR1 alpha + Enhanced + One-Step,NYSE:CB,3.5112604761725504e-07
2021-06-22,17,AR1 alpha + Enhanced + One-Step,NYSE:CB,0.0
2021-06-23,17,AR1 alpha + Enhanced + One-Step,NYSE:CB,0.0
2021-06-24,17,AR1 alpha + Enhanced + One-Step,NYSE:CB,1.6914361742209299e-06
2021-06-25,17,AR1 alpha + Enhanced + One-Step,NYSE:CB,1.999145634226306e-06
2021-06-28,17,AR1 alpha + Enhanced + One-Step,NYSE:CB,1.2419177045459413e-06
2021-06-29,17,AR1 alpha + Enhanced + One-Step,NYSE:CB,8.626152490561081e-09
2021-06-30,17,AR1 alpha + Enhanced + One-Step,NYSE:CB,0.0
2021-07-01,17,AR1 alpha + Enhanced + One-Step,NYSE:CB,0.0
2021-07-02,17,AR1 alpha + Enhanced + One-Step,NYSE:CB,0.0
2021-07-06,17,AR1 alpha + Enhanced + One-Step,NYSE:CB,0.0
2021-07-07,17,AR1 alpha + Enhanced + One-Step,NYSE:CB,1.0175603161677115e-06
2021-07-08,17,AR1 alpha + Enhanced + One-Step,NYSE:CB,5.546763146775148e-07
2021-07-09,17,AR1 alpha + Enhanced + One-Step,NYSE:CB,0.0
2021-07-12,17,AR1 alpha + Enhanced + One-Step,NYSE:CB,0.0
2021-07-13,17,AR1 alpha + Enhanced + One-Step,NYSE:CB,0.0
2021-07-14,17,AR1 alpha + Enhanced + One-Step,NYSE:CB,0.0
2021-07-15,17,AR1 alpha + Enhanced + One-Step,NYSE:CB,0.0
2021-07-16,17,AR1 alpha + Enhanced + One-Step,NYSE:CB,0.0
2021-07-19,17,AR1 alpha + Enhanced + One-Step,NYSE:CB,0.0
2021-07-20,17,AR1 alpha + Enhanced + One-Step,NYSE:CB,0.0
2021-07-21,17,AR1 alpha + Enhanced + One-Step,NYSE:CB,3.8253338399056825e-07
2021-07-22,17,AR1 alpha + Enhanced + One-Step,NYSE:CB,0.0
2021-07-23,17,AR1 alpha + Enhanced + One-Step,NYSE:CB,0.0
2021-07-26,17,AR1 alpha + Enhanced + One-Step,NYSE:CB,0.0
2021-07-27,17,AR1 alpha + Enhanced + One-Step,NYSE:CB,0.0
2021-07-28,17,AR1 alpha + Enhanced + One-Step,NYSE:CB,0.0
2021-07-29,17,AR1 alpha + Enhanced + One-Step,NYSE:CB,0.0
2021-07-30,17,AR1 alpha + Enhanced + One-Step,NYSE:CB,0.0
2021-08-02,17,AR1 alpha + Enhanced + One-Step,NYSE:CB,0.0
2021-08-03,17,AR1 alpha + Enhanced + One-Step,NYSE:CB,0.0
2021-08-04,17,AR1 alpha + Enhanced + One-Step,NYSE:CB,0.0
2021-08-05,17,AR1 alpha + Enhanced + One-Step,NYSE:CB,0.0
2021-08-06,17,AR1 alpha + Enhanced + One-Step,NYSE:CB,0.0
2021-08-09,17,AR1 alpha + Enhanced + One-Step,NYSE:CB,0.0
2021-08-10,17,AR1 alpha + Enhanced + One-Step,NYSE:CB,0.0
2021-08-11,17,AR1 alpha + Enhanced + One-Step,NYSE:CB,0.0
2021-08-12,17,AR1 alpha + Enhanced + One-Step,NYSE:CB,0.0
2021-08-13,17,AR1 alpha + Enhanced + One-Step,NYSE:CB,2.4917544115617286e-07
2021-08-16,17,AR1 alpha + Enhanced + One-Step,NYSE:CB,1.9791088105643766e-06
2021-08-17,17,AR1 alpha + Enhanced + One-Step,NYSE:CB,2.595752516340982e-06
2021-08-18,17,AR1 alpha + Enhanced + One-Step,NYSE:CB,2.833053263189698e-06
2021-08-19,17,AR1 alpha + Enhanced + One-Step,NYSE:CB,5.1227367254282194e-06
2021-08-20,17,AR1 alpha + Enhanced + One-Step,NYSE:CB,0.0
2021-08-23,17,AR1 alpha + Enhanced + One-Step,NYSE:CB,4.495504614257763e-08
2021-08-24,17,AR1 alpha + Enhanced + One-Step,NYSE:CB,0.0
2021-08-25,17,AR1 alpha + Enhanced + One-Step,NYSE:CB,2.6680304838639707e-08
2021-08-26,17,AR1 alpha + Enhanced + One-Step,NYSE:CB,0.0
2021-08-27,17,AR1 alpha + Enhanced + One-Step,NYSE:CB,0.0
2021-08-30,17,AR1 alpha + Enhanced + One-Step,NYSE:CB,0.0
2021-08-31,17,AR1 alpha + Enhanced + One-Step,NYSE:CB,4.4042067700473956e-08
2021-09-01,17,AR1 alpha + Enhanced + One-Step,NYSE:CB,0.0
2021-09-02,17,AR1 alpha + Enhanced + One-Step,NYSE:CB,0.0
2021-09-03,17,AR1 alpha + Enhanced + One-Step,NYSE:CB,1.451428261040667e-07
2021-09-07,17,AR1 alpha + Enhanced + One-Step,NYSE:CB,0.0
2021-09-08,17,AR1 alpha + Enhanced + One-Step,NYSE:CB,0.0
2021-09-09,17,AR1 alpha + Enhanced + One-Step,NYSE:CB,0.0
2021-09-10,17,AR1 alpha + Enhanced + One-Step,NYSE:CB,0.0
2021-09-13,17,AR1 alpha + Enhanced + One-Step,NYSE:CB,4.574859672445344e-07
2021-09-14,17,AR1 alpha + Enhanced + One-Step,NYSE:CB,1.9095807248986264e-07
2021-09-15,17,AR1 alpha + Enhanced + One-Step,NYSE:CB,0.0
2021-09-16,17,AR1 alpha + Enhanced + One-Step,NYSE:CB,0.0
2021-09-17,17,AR1 alpha + Enhanced + One-Step,NYSE:CB,4.0275336502346933e-07
2021-09-20,17,AR1 alpha + Enhanced + One-Step,NYSE:CB,6.571830891383081e-07
2021-09-21,17,AR1 alpha + Enhanced + One-Step,NYSE:CB,1.3224647575593376e-06
2021-09-22,17,AR1 alpha + Enhanced + One-Step,NYSE:CB,7.308620235583643e-07
2021-09-23,17,AR1 alpha + Enhanced + One-Step,NYSE:CB,9.4255855652761e-07
2021-09-24,17,AR1 alpha + Enhanced + One-Step,NYSE:CB,5.93936217989129e-07
2021-09-27,17,AR1 alpha + Enhanced + One-Step,NYSE:CB,3.272459840227856e-07
2021-09-28,17,AR1 alpha + Enhanced + One-Step,NYSE:CB,1.6794288371850984e-07
2021-09-29,17,AR1 alpha + Enhanced + One-Step,NYSE:CB,5.186050498677368e-07
2021-09-30,17,AR1 alpha + Enhanced + One-Step,NYSE:CB,3.3694524221208165e-07
2021-10-01,17,AR1 alpha + Enhanced + One-Step,NYSE:CB,2.560303679858344e-07
2021-10-04,17,AR1 alpha + Enhanced + One-Step,NYSE:CB,2.0863486806877054e-07
2021-10-05,17,AR1 alpha + Enhanced + One-Step,NYSE:CB,0.0
2021-10-06,17,AR1 alpha + Enhanced + One-Step,NYSE:CB,0.0
2021-10-07,17,AR1 alpha + Enhanced + One-Step,NYSE:CB,4.4777533432096036e-08
2021-10-08,17,AR1 alpha + Enhanced + One-Step,NYSE:CB,1.2522065019418131e-08
2021-10-11,17,AR1 alpha + Enhanced + One-Step,NYSE:CB,0.0
2021-10-12,17,AR1 alpha + Enhanced + One-Step,NYSE:CB,2.268979192539369e-07
2021-10-13,17,AR1 alpha + Enhanced + One-Step,NYSE:CB,1.9684136632002378e-07
2021-10-14,17,AR1 alpha + Enhanced + One-Step,NYSE:CB,1.50096354004254e-07
2021-10-15,17,AR1 alpha + Enhanced + One-Step,NYSE:CB,1.6518609774542472e-07
2021-10-18,17,AR1 alpha + Enhanced + One-Step,NYSE:CB,0.0
2021-10-19,17,AR1 alpha + Enhanced + One-Step,NYSE:CB,6.498143017887277e-09
2021-10-20,17,AR1 alpha + Enhanced + One-Step,NYSE:CB,0.007208824080547254
2021-10-21,17,AR1 alpha + Enhanced + One-Step,NYSE:CB,0.012668538410122138
2021-10-22,17,AR1 alpha + Enhanced + One-Step,NYSE:CB,0.01266776441706282
2021-10-25,17,AR1 alpha + Enhanced + One-Step,NYSE:CB,0.013806979999798207
2021-10-26,17,AR1 alpha + Enhanced + One-Step,NYSE:CB,0.013805117082547657
2021-10-27,17,AR1 alpha + Enhanced + One-Step,NYSE:CB,0.013805106355357677
2021-10-28,17,AR1 alpha + Enhanced + One-Step,NYSE:CB,0.013805251073014823
2021-10-29,17,AR1 alpha + Enhanced + One-Step,NYSE:CB,0.013803716392350542
2021-11-01,17,AR1 alpha + Enhanced + One-Step,NYSE:CB,0.013803114198389088
2021-11-02,17,AR1 alpha + Enhanced + One-Step,NYSE:CB,0.013802987736024196
2021-11-03,17,AR1 alpha + Enhanced + One-Step,NYSE:CB,0.013803394242446521
2021-11-04,17,AR1 alpha + Enhanced + One-Step,NYSE:CB,0.013802636643238324
2021-11-05,17,AR1 alpha + Enhanced + One-Step,NYSE:CB,0.013802296660438352
2021-11-08,17,AR1 alpha + Enhanced + One-Step,NYSE:CB,0.013801435449242555
2021-11-09,17,AR1 alpha + Enhanced + One-Step,NYSE:CB,0.011000458429934919
2021-11-10,17,AR1 alpha + Enhanced + One-Step,NYSE:CB,0.011002232310300111
2021-11-11,17,AR1 alpha + Enhanced + One-Step,NYSE:CB,0.011002180237197906
2021-11-12,17,AR1 alpha + Enhanced + One-Step,NYSE:CB,0.01100243861301918
2021-11-15,17,AR1 alpha + Enhanced + One-Step,NYSE:CB,0.011003041495458695
2021-11-16,17,AR1 alpha + Enhanced + One-Step,NYSE:CB,0.008480577195969976
2021-11-17,17,AR1 alpha + Enhanced + One-Step,NYSE:CB,0.008479522301336988
2021-11-18,17,AR1 alpha + Enhanced + One-Step,NYSE:CB,0.0
2021-11-19,17,AR1 alpha + Enhanced + One-Step,NYSE:CB,2.619952237786932e-07
2021-11-22,17,AR1 alpha + Enhanced + One-Step,NYSE:CB,3.940539469463183e-07
2021-11-23,17,AR1 alpha + Enhanced + One-Step,NYSE:CB,0.0
2021-11-24,17,AR1 alpha + Enhanced + One-Step,NYSE:CB,0.0
2021-11-26,17,AR1 alpha + Enhanced + One-Step,NYSE:CB,0.0
2021-11-29,17,AR1 alpha + Enhanced + One-Step,NYSE:CB,6.232363391495351e-10
2021-11-30,17,AR1 alpha + Enhanced + One-Step,NYSE:CB,0.0
2021-12-01,17,AR1 alpha + Enhanced + One-Step,NYSE:CB,0.0
2021-12-02,17,AR1 alpha + Enhanced + One-Step,NYSE:CB,0.0
2021-12-03,17,AR1 alpha + Enhanced + One-Step,NYSE:CB,0.0
2021-12-06,17,AR1 alpha + Enhanced + One-Step,NYSE:CB,0.0
2021-12-07,17,AR1 alpha + Enhanced + One-Step,NYSE:CB,0.0
2021-12-08,17,AR1 alpha + Enhanced + One-Step,NYSE:CB,7.547712088385018e-08
2021-12-09,17,AR1 alpha + Enhanced + One-Step,NYSE:CB,0.0
2021-12-10,17,AR1 alpha + Enhanced + One-Step,NYSE:CB,0.0
2021-12-13,17,AR1 alpha + Enhanced + One-Step,NYSE:CB,0.0
2021-12-14,17,AR1 alpha + Enhanced + One-Step,NYSE:CB,0.0
2021-12-15,17,AR1 alpha + Enhanced + One-Step,NYSE:CB,3.1144086686086574e-07
2021-12-16,17,AR1 alpha + Enhanced + One-Step,NYSE:CB,2.958744843794932e-07
2021-12-17,17,AR1 alpha + Enhanced + One-Step,NYSE:CB,9.882123450192147e-08
2021-12-20,17,AR1 alpha + Enhanced + One-Step,NYSE:CB,0.0
2021-12-21,17,AR1 alpha + Enhanced + One-Step,NYSE:CB,7.813138632371309e-08
2021-12-22,17,AR1 alpha + Enhanced + One-Step,NYSE:CB,9.750869161904644e-08
2021-12-23,17,AR1 alpha + Enhanced + One-Step,NYSE:CB,6.412126303772253e-07
2021-12-27,17,AR1 alpha + Enhanced + One-Step,NYSE:CB,5.867920105729895e-07
2021-12-28,17,AR1 alpha + Enhanced + One-Step,NYSE:CB,4.696516941208136e-07
2021-12-29,17,AR1 alpha + Enhanced + One-Step,NYSE:CB,2.482967495132474e-07
2021-12-30,17,AR1 alpha + Enhanced + One-Step,NYSE:CB,3.125360957534394e-07
2021-12-31,17,AR1 alpha + Enhanced + One-Step,NYSE:CB,1.8846348277474007e-07
2022-01-03,17,AR1 alpha + Enhanced + One-Step,NYSE:CB,1.619973747182827e-07
2022-01-04,17,AR1 alpha + Enhanced + One-Step,NYSE:CB,1.5127660089536858e-07
2022-01-05,17,AR1 alpha + Enhanced + One-Step,NYSE:CB,1.055709060081432e-07
2022-01-06,17,AR1 alpha + Enhanced + One-Step,NYSE:CB,8.249619167827176e-08
2022-01-07,17,AR1 alpha + Enhanced + One-Step,NYSE:CB,0.0
2022-01-10,17,AR1 alpha + Enhanced + One-Step,NYSE:CB,0.0
2022-01-11,17,AR1 alpha + Enhanced + One-Step,NYSE:CB,0.0
2022-01-12,17,AR1 alpha + Enhanced + One-Step,NYSE:CB,0.0
2022-01-13,17,AR1 alpha + Enhanced + One-Step,NYSE:CB,0.0
2022-01-14,17,AR1 alpha + Enhanced + One-Step,NYSE:CB,0.0
2022-01-18,17,AR1 alpha + Enhanced + One-Step,NYSE:CB,1.6724905702841715e-07
2022-01-19,17,AR1 alpha + Enhanced + One-Step,NYSE:CB,0.0
2022-01-20,17,AR1 alpha + Enhanced + One-Step,NYSE:CB,4.729902632268158e-08
2022-01-21,17,AR1 alpha + Enhanced + One-Step,NYSE:CB,0.0
2022-01-24,17,AR1 alpha + Enhanced + One-Step,NYSE:CB,0.0
2022-01-25,17,AR1 alpha + Enhanced + One-Step,NYSE:CB,4.8909597797115343e-08
2022-01-26,17,AR1 alpha + Enhanced + One-Step,NYSE:CB,9.327176541694266e-08
2022-01-27,17,AR1 alpha + Enhanced + One-Step,NYSE:CB,0.0
2022-01-28,17,AR1 alpha + Enhanced + One-Step,NYSE:CB,1.26216623239378e-08
2022-01-31,17,AR1 alpha + Enhanced + One-Step,NYSE:CB,2.851669771768409e-07
2022-02-01,17,AR1 alpha + Enhanced + One-Step,NYSE:CB,2.3401908195516126e-07
2022-02-02,17,AR1 alpha + Enhanced + One-Step,NYSE:CB,1.297974272247002e-07
2022-02-03,17,AR1 alpha + Enhanced + One-Step,NYSE:CB,0.0
2022-02-04,17,AR1 alpha + Enhanced + One-Step,NYSE:CB,0.0
2022-02-07,17,AR1 alpha + Enhanced + One-Step,NYSE:CB,0.004326253625952617
2022-02-08,17,AR1 alpha + Enhanced + One-Step,NYSE:CB,0.004326254752064494
2022-02-09,17,AR1 alpha + Enhanced + One-Step,NYSE:CB,0.004326287772797659
2022-02-10,17,AR1 alpha + Enhanced + One-Step,NYSE:CB,0.004326306457649498
2022-02-11,17,AR1 alpha + Enhanced + One-Step,NYSE:CB,0.004326852157354348
2022-02-14,17,AR1 alpha + Enhanced + One-Step,NYSE:CB,0.004326813988270899
2022-02-15,17,AR1 alpha + Enhanced + One-Step,NYSE:CB,0.00432684122792164
2022-02-16,17,AR1 alpha + Enhanced + One-Step,NYSE:CB,0.0043270362913174765
2022-02-17,17,AR1 alpha + Enhanced + One-Step,NYSE:CB,0.004327137991510977
2022-02-18,17,AR1 alpha + Enhanced + One-Step,NYSE:CB,0.004327240093592612
2022-02-22,17,AR1 alpha + Enhanced + One-Step,NYSE:CB,0.0043272451554880985
2022-02-23,17,AR1 alpha + Enhanced + One-Step,NYSE:CB,0.004327295214725761
2022-02-24,17,AR1 alpha + Enhanced + One-Step,NYSE:CB,0.004327117855460958
2022-02-25,17,AR1 alpha + Enhanced + One-Step,NYSE:CB,0.004327220963027844
2022-02-28,17,AR1 alpha + Enhanced + One-Step,NYSE:CB,0.014440316210376374
2022-03-01,17,AR1 alpha + Enhanced + One-Step,NYSE:CB,0.014440491023711092
2022-03-02,17,AR1 alpha + Enhanced + One-Step,NYSE:CB,0.026859789548934726
2022-03-03,17,AR1 alpha + Enhanced + One-Step,NYSE:CB,0.026859779149488266
2022-03-04,17,AR1 alpha + Enhanced + One-Step,NYSE:CB,0.026858944457287218
2022-03-07,17,AR1 alpha + Enhanced + One-Step,NYSE:CB,0.026860134867904242
2022-03-08,17,AR1 alpha + Enhanced + One-Step,NYSE:CB,0.026860159995504954
2022-03-09,17,AR1 alpha + Enhanced + One-Step,NYSE:CB,0.02685979973134798
2022-03-10,17,AR1 alpha + Enhanced + One-Step,NYSE:CB,0.03648631925011602
2022-03-11,17,AR1 alpha + Enhanced + One-Step,NYSE:CB,0.03648535689098377
2022-03-14,17,AR1 alpha + Enhanced + One-Step,NYSE:CB,0.03648352558957597
2022-03-15,17,AR1 alpha + Enhanced + One-Step,NYSE:CB,0.03648277694198817
2022-03-16,17,AR1 alpha + Enhanced + One-Step,NYSE:CB,0.036482799771748835
2022-03-17,17,AR1 alpha + Enhanced + One-Step,NYSE:CB,0.03678468621462423
2022-03-18,17,AR1 alpha + Enhanced + One-Step,NYSE:CB,0.036784656145786396
2022-03-21,17,AR1 alpha + Enhanced + One-Step,NYSE:CB,0.0481717386460992
2022-03-22,17,AR1 alpha + Enhanced + One-Step,NYSE:CB,0.048171727585312685
2022-03-23,17,AR1 alpha + Enhanced + One-Step,NYSE:CB,0.04817171606527465
2022-03-24,17,AR1 alpha + Enhanced + One-Step,NYSE:CB,0.048171639576287596
2022-03-25,17,AR1 alpha + Enhanced + One-Step,NYSE:CB,0.04817043821013046
2022-03-28,17,AR1 alpha + Enhanced + One-Step,NYSE:CB,0.04817023318865713
2022-03-29,17,AR1 alpha + Enhanced + One-Step,NYSE:CB,0.06161019173727427
2022-03-30,17,AR1 alpha + Enhanced + One-Step,NYSE:CB,0.07193249049265707
2022-03-31,17,AR1 alpha + Enhanced + One-Step,NYSE:CB,0.0747129314395569
2022-04-01,17,AR1 alpha + Enhanced + One-Step,NYSE:CB,0.07470503133152605
2022-04-04,17,AR1 alpha + Enhanced + One-Step,NYSE:CB,0.08867966777197016
2022-04-05,17,AR1 alpha + Enhanced + One-Step,NYSE:CB,0.08867965537332351
2022-04-06,17,AR1 alpha + Enhanced + One-Step,NYSE:CB,0.08867555175721854
2022-04-07,17,AR1 alpha + Enhanced + One-Step,NYSE:CB,0.09999994821359355
2022-04-08,17,AR1 alpha + Enhanced + One-Step,NYSE:CB,0.09999997942867274
2022-04-11,17,AR1 alpha + Enhanced + One-Step,NYSE:CB,0.0999955642155858
2022-04-12,17,AR1 alpha + Enhanced + One-Step,NYSE:CB,0.09999419835862083
2022-04-13,17,AR1 alpha + Enhanced + One-Step,NYSE:CB,0.09999577302847959
2022-04-14,17,AR1 alpha + Enhanced + One-Step,NYSE:CB,0.0999933351694954
2022-04-18,17,AR1 alpha + Enhanced + One-Step,NYSE:CB,0.09999288591610675
2022-04-19,17,AR1 alpha + Enhanced + One-Step,NYSE:CB,0.09997378383644465
2022-04-20,17,AR1 alpha + Enhanced + One-Step,NYSE:CB,0.09998442889295879
2022-04-21,17,AR1 alpha + Enhanced + One-Step,NYSE:CB,0.09998614090104141
2022-04-22,17,AR1 alpha + Enhanced + One-Step,NYSE:CB,0.09998873283556224
2022-04-25,17,AR1 alpha + Enhanced + One-Step,NYSE:CB,0.09999096349545092
2022-04-26,17,AR1 alpha + Enhanced + One-Step,NYSE:CB,0.0999948826495902
2022-04-27,17,AR1 alpha + Enhanced + One-Step,NYSE:CB,0.09999454856685511
2022-04-28,17,AR1 alpha + Enhanced + One-Step,NYSE:CB,0.09999292123524463
2022-04-29,17,AR1 alpha + Enhanced + One-Step,NYSE:CB,0.09999281013281468
2022-05-02,17,AR1 alpha + Enhanced + One-Step,NYSE:CB,0.0999913038679165
2022-05-03,17,AR1 alpha + Enhanced + One-Step,NYSE:CB,0.09999324603953762
2022-05-04,17,AR1 alpha + Enhanced + One-Step,NYSE:CB,0.09999497445075826
2022-05-05,17,AR1 alpha + Enhanced + One-Step,NYSE:CB,0.09999852302509704
2022-05-06,17,AR1 alpha + Enhanced + One-Step,NYSE:CB,0.09999715958727246
2022-05-09,17,AR1 alpha + Enhanced + One-Step,NYSE:CB,0.09999795364624059
2022-05-10,17,AR1 alpha + Enhanced + One-Step,NYSE:CB,0.09999198388256975
2022-05-11,17,AR1 alpha + Enhanced + One-Step,NYSE:CB,0.09999112656421437
2022-05-12,17,AR1 alpha + Enhanced + One-Step,NYSE:CB,0.09998616941961692
2022-05-13,17,AR1 alpha + Enhanced + One-Step,NYSE:CB,0.0999869175661051
2022-05-16,17,AR1 alpha + Enhanced + One-Step,NYSE:CB,0.09998787784651482
2022-05-17,17,AR1 alpha + Enhanced + One-Step,NYSE:CB,0.09998751609857905
2022-05-18,17,AR1 alpha + Enhanced + One-Step,NYSE:CB,0.09998985745360675
2022-05-19,17,AR1 alpha + Enhanced + One-Step,NYSE:CB,0.09999220689552943
2022-05-20,17,AR1 alpha + Enhanced + One-Step,NYSE:CB,0.09999422201090029
2022-05-23,17,AR1 alpha + Enhanced + One-Step,NYSE:CB,0.09999612902432709
2022-05-24,17,AR1 alpha + Enhanced + One-Step,NYSE:CB,0.09999441612587379
2022-05-25,17,AR1 alpha + Enhanced + One-Step,NYSE:CB,0.09999305439313877
2022-05-26,17,AR1 alpha + Enhanced + One-Step,NYSE:CB,0.09999477099035783
2022-05-27,17,AR1 alpha + Enhanced + One-Step,NYSE:CB,0.09999535330583097
2022-05-31,17,AR1 alpha + Enhanced + One-Step,NYSE:CB,0.09999569955398353
2022-06-01,17,AR1 alpha + Enhanced + One-Step,NYSE:CB,0.09999670152876335
2022-06-02,17,AR1 alpha + Enhanced + One-Step,NYSE:CB,0.0999977798809696
2022-06-03,17,AR1 alpha + Enhanced + One-Step,NYSE:CB,0.0999974038615968
2022-06-06,17,AR1 alpha + Enhanced + One-Step,NYSE:CB,0.09999656023962372
2022-06-07,17,AR1 alpha + Enhanced + One-Step,NYSE:CB,0.09999485997093187
2022-06-08,17,AR1 alpha + Enhanced + One-Step,NYSE:CB,0.09999587790734875
2022-06-09,17,AR1 alpha + Enhanced + One-Step,NYSE:CB,0.09999536230565016
2022-06-10,17,AR1 alpha + Enhanced + One-Step,NYSE:CB,0.09999453283437935
2022-06-13,17,AR1 alpha + Enhanced + One-Step,NYSE:CB,0.09999544710813885
2022-06-14,17,AR1 alpha + Enhanced + One-Step,NYSE:CB,0.09999769588311935
2022-06-15,17,AR1 alpha + Enhanced + One-Step,NYSE:CB,0.09999619359485291
2022-06-16,17,AR1 alpha + Enhanced + One-Step,NYSE:CB,0.0999954974198142
2022-06-17,17,AR1 alpha + Enhanced + One-Step,NYSE:CB,0.09999594662012837
2022-06-21,17,AR1 alpha + Enhanced + One-Step,NYSE:CB,0.09999686151215109
2022-06-22,17,AR1 alpha + Enhanced + One-Step,NYSE:CB,0.09999814376005571
2022-06-23,17,AR1 alpha + Enhanced + One-Step,NYSE:CB,0.09999855771441128
2022-06-24,17,AR1 alpha + Enhanced + One-Step,NYSE:CB,0.09999884406384799
2022-06-27,17,AR1 alpha + Enhanced + One-Step,NYSE:CB,0.0999993905963742
2022-06-28,17,AR1 alpha + Enhanced + One-Step,NYSE:CB,0.0999995408504547
2022-06-29,17,AR1 alpha + Enhanced + One-Step,NYSE:CB,0.0999991684188628
2022-06-30,17,AR1 alpha + Enhanced + One-Step,NYSE:CB,0.09999952437891373
2022-07-01,17,AR1 alpha + Enhanced + One-Step,NYSE:CB,0.09999945842925138
2022-07-05,17,AR1 alpha + Enhanced + One-Step,NYSE:CB,0.09999957015672911
2022-07-06,17,AR1 alpha + Enhanced + One-Step,NYSE:CB,0.09999888737296929
2022-07-07,17,AR1 alpha + Enhanced + One-Step,NYSE:CB,0.09999817727069185
2022-07-08,17,AR1 alpha + Enhanced + One-Step,NYSE:CB,0.0999985721338831
2022-07-11,17,AR1 alpha + Enhanced + One-Step,NYSE:CB,0.099994286169593
2022-07-12,17,AR1 alpha + Enhanced + One-Step,NYSE:CB,0.09999491203772412
2022-07-13,17,AR1 alpha + Enhanced + One-Step,NYSE:CB,0.09999588524127201
2022-07-14,17,AR1 alpha + Enhanced + One-Step,NYSE:CB,0.09999696596109106
2022-07-15,17,AR1 alpha + Enhanced + One-Step,NYSE:CB,0.09999778034943115
2022-07-18,17,AR1 alpha + Enhanced + One-Step,NYSE:CB,0.09999808794991433
2022-07-19,17,AR1 alpha + Enhanced + One-Step,NYSE:CB,0.09999835760008953
2022-07-20,17,AR1 alpha + Enhanced + One-Step,NYSE:CB,0.09999869936030056
2022-07-21,17,AR1 alpha + Enhanced + One-Step,NYSE:CB,0.09999897168646041
2022-07-22,17,AR1 alpha + Enhanced + One-Step,NYSE:CB,0.09999908280393913
2022-07-25,17,AR1 alpha + Enhanced + One-Step,NYSE:CB,0.09999969888685832
2022-07-26,17,AR1 alpha + Enhanced + One-Step,NYSE:CB,0.09999976378834137
2022-07-27,17,AR1 alpha + Enhanced + One-Step,NYSE:CB,0.09999982598548632
2022-07-28,17,AR1 alpha + Enhanced + One-Step,NYSE:CB,0.09999987904114874
2022-07-29,17,AR1 alpha + Enhanced + One-Step,NYSE:CB,0.09999499004263718
2022-08-01,17,AR1 alpha + Enhanced + One-Step,NYSE:CB,0.09999630866802184
2022-08-02,17,AR1 alpha + Enhanced + One-Step,NYSE:CB,0.09999551767414587
2022-08-03,17,AR1 alpha + Enhanced + One-Step,NYSE:CB,0.09999549430384008
2022-08-04,17,AR1 alpha + Enhanced + One-Step,NYSE:CB,0.09999524525905608
2022-08-05,17,AR1 alpha + Enhanced + One-Step,NYSE:CB,0.09999177773450567
2022-08-08,17,AR1 alpha + Enhanced + One-Step,NYSE:CB,0.09998976468695968
2022-08-09,17,AR1 alpha + Enhanced + One-Step,NYSE:CB,0.09999437798953134
2022-08-10,17,AR1 alpha + Enhanced + One-Step,NYSE:CB,0.09998876176172301
2022-08-11,17,AR1 alpha + Enhanced + One-Step,NYSE:CB,0.09998770165254169
2022-08-12,17,AR1 alpha + Enhanced + One-Step,NYSE:CB,0.09999089596324523
2022-08-15,17,AR1 alpha + Enhanced + One-Step,NYSE:CB,0.09999322962740757
2022-08-16,17,AR1 alpha + Enhanced + One-Step,NYSE:CB,0.09999328013912548
2022-08-17,17,AR1 alpha + Enhanced + One-Step,NYSE:CB,0.09778026407059615
2022-08-18,17,AR1 alpha + Enhanced + One-Step,NYSE:CB,0.09777529873436758
2022-08-19,17,AR1 alpha + Enhanced + One-Step,NYSE:CB,0.09777216144355108
2022-08-22,17,AR1 alpha + Enhanced + One-Step,NYSE:CB,0.09229051786238021
2022-08-23,17,AR1 alpha + Enhanced + One-Step,NYSE:CB,0.09228929495001943
2022-08-24,17,AR1 alpha + Enhanced + One-Step,NYSE:CB,0.09228914280047154
2022-08-25,17,AR1 alpha + Enhanced + One-Step,NYSE:CB,0.09228271197817063
2022-08-26,17,AR1 alpha + Enhanced + One-Step,NYSE:CB,0.09228188814932281
2022-08-29,17,AR1 alpha + Enhanced + One-Step,NYSE:CB,0.09228203611541805
2022-08-30,17,AR1 alpha + Enhanced + One-Step,NYSE:CB,0.0922817608252205
2022-08-31,17,AR1 alpha + Enhanced + One-Step,NYSE:CB,0.09228156639600194
2022-09-01,17,AR1 alpha + Enhanced + One-Step,NYSE:CB,0.09228161204717562
2022-09-02,17,AR1 alpha + Enhanced + One-Step,NYSE:CB,0.09228156748900904
2022-09-06,17,AR1 alpha + Enhanced + One-Step,NYSE:CB,0.09228149483179975
2022-09-07,17,AR1 alpha + Enhanced + One-Step,NYSE:CB,0.08369529104658731
2022-09-08,17,AR1 alpha + Enhanced + One-Step,NYSE:CB,0.08369543093768608
2022-09-09,17,AR1 alpha + Enhanced + One-Step,NYSE:CB,0.0836939937527924
2022-09-12,17,AR1 alpha + Enhanced + One-Step,NYSE:CB,0.08369315633397983
2022-09-13,17,AR1 alpha + Enhanced + One-Step,NYSE:CB,0.08369317656143867
2022-09-14,17,AR1 alpha + Enhanced + One-Step,NYSE:CB,0.0836919205708249
2022-09-15,17,AR1 alpha + Enhanced + One-Step,NYSE:CB,0.0835587854780615
2022-09-16,17,AR1 alpha + Enhanced + One-Step,NYSE:CB,0.0979426579809885
2022-09-19,17,AR1 alpha + Enhanced + One-Step,NYSE:CB,0.09794147554070519
2022-09-20,17,AR1 alpha + Enhanced + One-Step,NYSE:CB,0.10000063062315992
2022-09-21,17,AR1 alpha + Enhanced + One-Step,NYSE:CB,0.10000013062000569
2022-09-22,17,AR1 alpha + Enhanced + One-Step,NYSE:CB,0.09999998051572713
2022-09-23,17,AR1 alpha + Enhanced + One-Step,NYSE:CB,0.09999585364629299
2022-09-26,17,AR1 alpha + Enhanced + One-Step,NYSE:CB,0.09999686600760457
2022-09-27,17,AR1 alpha + Enhanced + One-Step,NYSE:CB,0.09999759724028569
2022-09-28,17,AR1 alpha + Enhanced + One-Step,NYSE:CB,0.09999785311226558
2022-09-29,17,AR1 alpha + Enhanced + One-Step,NYSE:CB,0.08896391156827306
2022-09-30,17,AR1 alpha + Enhanced + One-Step,NYSE:CB,0.08343026813178911
2022-10-03,17,AR1 alpha + Enhanced + One-Step,NYSE:CB,0.08343028057596229
2022-10-04,17,AR1 alpha + Enhanced + One-Step,NYSE:CB,0.08343020688937383
2022-10-05,17,AR1 alpha + Enhanced + One-Step,NYSE:CB,0.08342563903019116
2022-10-06,17,AR1 alpha + Enhanced + One-Step,NYSE:CB,0.0834235972617472
2022-10-07,17,AR1 alpha + Enhanced + One-Step,NYSE:CB,0.08943821301141307
2022-10-10,17,AR1 alpha + Enhanced + One-Step,NYSE:CB,0.08943655581278032
2022-10-11,17,AR1 alpha + Enhanced + One-Step,NYSE:CB,0.08943270490391893
2022-10-12,17,AR1 alpha + Enhanced + One-Step,NYSE:CB,0.08943188135621155
2022-10-13,17,AR1 alpha + Enhanced + One-Step,NYSE:CB,0.0894336464245108
2022-10-14,17,AR1 alpha + Enhanced + One-Step,NYSE:CB,0.08943369354963533
2022-10-17,17,AR1 alpha + Enhanced + One-Step,NYSE:CB,0.08943364704499723
2022-10-18,17,AR1 alpha + Enhanced + One-Step,NYSE:CB,0.08943367668551948
2022-10-19,17,AR1 alpha + Enhanced + One-Step,NYSE:CB,0.08793448818748503
2022-10-20,17,AR1 alpha + Enhanced + One-Step,NYSE:CB,0.087933640497275
2022-10-21,17,AR1 alpha + Enhanced + One-Step,NYSE:CB,0.0754885068000492
2022-10-24,17,AR1 alpha + Enhanced + One-Step,NYSE:CB,0.0505370807949598
2022-10-25,17,AR1 alpha + Enhanced + One-Step,NYSE:CB,0.04248813058080072
2022-10-26,17,AR1 alpha + Enhanced + One-Step,NYSE:CB,0.023247635850886853
2022-10-27,17,AR1 alpha + Enhanced + One-Step,NYSE:CB,0.0
2022-10-28,17,AR1 alpha + Enhanced + One-Step,NYSE:CB,0.0
2022-10-31,17,AR1 alpha + Enhanced + One-Step,NYSE:CB,0.0
2022-11-01,17,AR1 alpha + Enhanced + One-Step,NYSE:CB,0.0
2022-11-02,17,AR1 alpha + Enhanced + One-Step,NYSE:CB,6.394184079699007e-09
2022-11-03,17,AR1 alpha + Enhanced + One-Step,NYSE:CB,2.0100030406475963e-06
2022-11-04,17,AR1 alpha + Enhanced + One-Step,NYSE:CB,1.0365263219529021e-06
2022-11-07,17,AR1 alpha + Enhanced + One-Step,NYSE:CB,0.0
2022-11-08,17,AR1 alpha + Enhanced + One-Step,NYSE:CB,9.174980024589126e-08
2022-11-09,17,AR1 alpha + Enhanced + One-Step,NYSE:CB,0.0
2022-11-10,17,AR1 alpha + Enhanced + One-Step,NYSE:CB,2.335707011919304e-09
2022-11-11,17,AR1 alpha + Enhanced + One-Step,NYSE:CB,1.0134887660511784e-07
2022-11-14,17,AR1 alpha + Enhanced + One-Step,NYSE:CB,0.010411339507077342
2022-11-15,17,AR1 alpha + Enhanced + One-Step,NYSE:CB,0.010411380002549157
2022-11-16,17,AR1 alpha + Enhanced + One-Step,NYSE:CB,0.010411395789191329
2022-11-17,17,AR1 alpha + Enhanced + One-Step,NYSE:CB,0.010411115742205058
2022-11-18,17,AR1 alpha + Enhanced + One-Step,NYSE:CB,0.010411161132913087
2022-11-21,17,AR1 alpha + Enhanced + One-Step,NYSE:CB,0.014107559697716572
2022-11-22,17,AR1 alpha + Enhanced + One-Step,NYSE:CB,0.0
2022-11-23,17,AR1 alpha + Enhanced + One-Step,NYSE:CB,4.968819823420627e-07
2022-11-25,17,AR1 alpha + Enhanced + One-Step,NYSE:CB,5.494707630980343e-07
2022-11-28,17,AR1 alpha + Enhanced + One-Step,NYSE:CB,4.2800510714884684e-07
2022-11-29,17,AR1 alpha + Enhanced + One-Step,NYSE:CB,3.1646591708813054e-07
2022-11-30,17,AR1 alpha + Enhanced + One-Step,NYSE:CB,2.3514032109175336e-07
2022-12-01,17,AR1 alpha + Enhanced + One-Step,NYSE:CB,8.417448220722081e-08
2022-12-02,17,AR1 alpha + Enhanced + One-Step,NYSE:CB,1.1394022147753452e-07
2022-12-05,17,AR1 alpha + Enhanced + One-Step,NYSE:CB,5.375442625088146e-10
2022-12-06,17,AR1 alpha + Enhanced + One-Step,NYSE:CB,0.0
2022-12-07,17,AR1 alpha + Enhanced + One-Step,NYSE:CB,2.2425168285774908e-07
2022-12-08,17,AR1 alpha + Enhanced + One-Step,NYSE:CB,1.5740721302658056e-07
2022-12-09,17,AR1 alpha + Enhanced + One-Step,NYSE:CB,8.077541263190903e-07
2022-12-12,17,AR1 alpha + Enhanced + One-Step,NYSE:CB,0.0108198197704056
2022-12-13,17,AR1 alpha + Enhanced + One-Step,NYSE:CB,0.010819139605707186
2022-12-14,17,AR1 alpha + Enhanced + One-Step,NYSE:CB,0.010816926366462459
2022-12-15,17,AR1 alpha + Enhanced + One-Step,NYSE:CB,0.01081611497175861
2022-12-16,17,AR1 alpha + Enhanced + One-Step,NYSE:CB,0.010815177046224443
2022-12-19,17,AR1 alpha + Enhanced + One-Step,NYSE:CB,0.010815201109931954
2022-12-20,17,AR1 alpha + Enhanced + One-Step,NYSE:CB,0.010815315766419259
2022-12-21,17,AR1 alpha + Enhanced + One-Step,NYSE:CB,0.010815401131651465
2022-12-22,17,AR1 alpha + Enhanced + One-Step,NYSE:CB,0.012464786403167685
2022-12-23,17,AR1 alpha + Enhanced + One-Step,NYSE:CB,0.012464823864600957
2022-12-27,17,AR1 alpha + Enhanced + One-Step,NYSE:CB,0.01246483890911516
2022-12-28,17,AR1 alpha + Enhanced + One-Step,NYSE:CB,0.01246483528132202
2022-12-29,17,AR1 alpha + Enhanced + One-Step,NYSE:CB,0.012464560878071886
2022-12-30,17,AR1 alpha + Enhanced + One-Step,NYSE:CB,0.01246459545837963
2023-01-03,17,AR1 alpha + Enhanced + One-Step,NYSE:CB,0.026809116851983058
2023-01-04,17,AR1 alpha + Enhanced + One-Step,NYSE:CB,0.026809081157902672
2023-01-05,17,AR1 alpha + Enhanced + One-Step,NYSE:CB,0.026810006401208217
2023-01-06,17,AR1 alpha + Enhanced + One-Step,NYSE:CB,0.026810004674094907
2023-01-09,17,AR1 alpha + Enhanced + One-Step,NYSE:CB,0.026808797180753907
2023-01-10,17,AR1 alpha + Enhanced + One-Step,NYSE:CB,0.026807221942093392
2023-01-11,17,AR1 alpha + Enhanced + One-Step,NYSE:CB,0.026806356287225108
2023-01-12,17,AR1 alpha + Enhanced + One-Step,NYSE:CB,0.026805484357577795
2023-01-13,17,AR1 alpha + Enhanced + One-Step,NYSE:CB,0.02680417372949221
2023-01-17,17,AR1 alpha + Enhanced + One-Step,NYSE:CB,0.04211349316530447
2023-01-18,17,AR1 alpha + Enhanced + One-Step,NYSE:CB,0.04211330539235181
2023-01-19,17,AR1 alpha + Enhanced + One-Step,NYSE:CB,0.052365284185693715
2023-01-20,17,AR1 alpha + Enhanced + One-Step,NYSE:CB,0.06374130592671526
2023-01-23,17,AR1 alpha + Enhanced + One-Step,NYSE:CB,0.06433064416373374
2023-01-24,17,AR1 alpha + Enhanced + One-Step,NYSE:CB,0.05834289962853428
2023-01-25,17,AR1 alpha + Enhanced + One-Step,NYSE:CB,0.05834289132940649
2023-01-26,17,AR1 alpha + Enhanced + One-Step,NYSE:CB,0.058342807122740904
2023-01-27,17,AR1 alpha + Enhanced + One-Step,NYSE:CB,0.05833964728965685
2023-01-30,17,AR1 alpha + Enhanced + One-Step,NYSE:CB,0.05833954571856691
2023-01-31,17,AR1 alpha + Enhanced + One-Step,NYSE:CB,0.05833656107112559
2023-02-01,17,AR1 alpha + Enhanced + One-Step,NYSE:CB,0.08326590178974708
2023-02-02,17,AR1 alpha + Enhanced + One-Step,NYSE:CB,0.08326723374013753
2023-02-03,17,AR1 alpha + Enhanced + One-Step,NYSE:CB,0.08326755280319001
2023-02-06,17,AR1 alpha + Enhanced + One-Step,NYSE:CB,0.08326746063490256
2023-02-07,17,AR1 alpha + Enhanced + One-Step,NYSE:CB,0.08327119233214951
2023-02-08,17,AR1 alpha + Enhanced + One-Step,NYSE:CB,0.08327155124971249
2023-02-09,17,AR1 alpha + Enhanced + One-Step,NYSE:CB,0.08327149043192447
2023-02-10,17,AR1 alpha + Enhanced + One-Step,NYSE:CB,0.07418900700834538
2023-02-13,17,AR1 alpha + Enhanced + One-Step,NYSE:CB,0.05949641912793942
2023-02-14,17,AR1 alpha + Enhanced + One-Step,NYSE:CB,0.056310010097371514
2023-02-15,17,AR1 alpha + Enhanced + One-Step,NYSE:CB,0.056309898625067564
2023-02-16,17,AR1 alpha + Enhanced + One-Step,NYSE:CB,0.056306732215146815
2023-02-17,17,AR1 alpha + Enhanced + One-Step,NYSE:CB,0.056303448961643694
2023-02-21,17,AR1 alpha + Enhanced + One-Step,NYSE:CB,0.050501326925264954
2023-02-22,17,AR1 alpha + Enhanced + One-Step,NYSE:CB,0.04641010651957672
2023-02-23,17,AR1 alpha + Enhanced + One-Step,NYSE:CB,0.04641015863877059
2023-02-24,17,AR1 alpha + Enhanced + One-Step,NYSE:CB,0.04641292757731106
2023-02-27,17,AR1 alpha + Enhanced + One-Step,NYSE:CB,0.04641301694989701
2023-02-28,17,AR1 alpha + Enhanced + One-Step,NYSE:CB,0.04641461415499057
2023-03-01,17,AR1 alpha + Enhanced + One-Step,NYSE:CB,0.046414145286987674
2023-03-02,17,AR1 alpha + Enhanced + One-Step,NYSE:CB,0.04641244504533511
2023-03-03,17,AR1 alpha + Enhanced + One-Step,NYSE:CB,0.046410291232383834
2023-03-06,17,AR1 alpha + Enhanced + One-Step,NYSE:CB,0.0386300978574215
2023-03-07,17,AR1 alpha + Enhanced + One-Step,NYSE:CB,0.0342406510606805
2023-03-08,17,AR1 alpha + Enhanced + One-Step,NYSE:CB,0.03423992130090227
2023-03-09,17,AR1 alpha + Enhanced + One-Step,NYSE:CB,0.03423951781268354
2023-03-10,17,AR1 alpha + Enhanced + One-Step,NYSE:CB,0.02873634478194592
2023-03-13,17,AR1 alpha + Enhanced + One-Step,NYSE:CB,0.028736307181686904
2023-03-14,17,AR1 alpha + Enhanced + One-Step,NYSE:CB,0.028736333426643904
2023-03-15,17,AR1 alpha + Enhanced + One-Step,NYSE:CB,0.028736210886010003
2023-03-16,17,AR1 alpha + Enhanced + One-Step,NYSE:CB,0.026837506351672712
2023-03-17,17,AR1 alpha + Enhanced + One-Step,NYSE:CB,0.02525022131564958
2023-03-20,17,AR1 alpha + Enhanced + One-Step,NYSE:CB,0.025249643968884315
2023-03-21,17,AR1 alpha + Enhanced + One-Step,NYSE:CB,0.025249250509481503
2023-03-22,17,AR1 alpha + Enhanced + One-Step,NYSE:CB,0.025247708855701288
2023-03-23,17,AR1 alpha + Enhanced + One-Step,NYSE:CB,0.025246294913245388
2023-03-24,17,AR1 alpha + Enhanced + One-Step,NYSE:CB,0.025246146181640824
2023-03-27,17,AR1 alpha + Enhanced + One-Step,NYSE:CB,0.025246055629141624
2023-03-28,17,AR1 alpha + Enhanced + One-Step,NYSE:CB,0.025245937332059442
2023-03-29,17,AR1 alpha + Enhanced + One-Step,NYSE:CB,0.010571994169763793
2023-03-30,17,AR1 alpha + Enhanced + One-Step,NYSE:CB,4.859908800849963e-08
2023-03-31,17,AR1 alpha + Enhanced + One-Step,NYSE:CB,1.800107926561457e-07
2023-04-03,17,AR1 alpha + Enhanced + One-Step,NYSE:CB,1.7610579675492444e-07
2023-04-04,17,AR1 alpha + Enhanced + One-Step,NYSE:CB,1.9804231781791604e-07
2023-04-05,17,AR1 alpha + Enhanced + One-Step,NYSE:CB,3.806441738484574e-07
2023-04-06,17,AR1 alpha + Enhanced + One-Step,NYSE:CB,1.8627666735988826e-07
2023-04-10,17,AR1 alpha + Enhanced + One-Step,NYSE:CB,8.035515593279568e-07
2023-04-11,17,AR1 alpha + Enhanced + One-Step,NYSE:CB,3.215256716581544e-08
2023-04-12,17,AR1 alpha + Enhanced + One-Step,NYSE:CB,0.0
2023-04-13,17,AR1 alpha + Enhanced + One-Step,NYSE:CB,0.0
2023-04-14,17,AR1 alpha + Enhanced + One-Step,NYSE:CB,4.6771983681956544e-08
2023-04-17,17,AR1 alpha + Enhanced + One-Step,NYSE:CB,2.655559079317312e-07
2023-04-18,17,AR1 alpha + Enhanced + One-Step,NYSE:CB,0.0
2023-04-19,17,AR1 alpha + Enhanced + One-Step,NYSE:CB,0.0
2023-04-20,17,AR1 alpha + Enhanced + One-Step,NYSE:CB,8.422291004027797e-08
2023-04-21,17,AR1 alpha + Enhanced + One-Step,NYSE:CB,0.0
2023-04-24,17,AR1 alpha + Enhanced + One-Step,NYSE:CB,0.0
2023-04-25,17,AR1 alpha + Enhanced + One-Step,NYSE:CB,6.202650787446587e-08
2023-04-26,17,AR1 alpha + Enhanced + One-Step,NYSE:CB,0.0
2023-04-27,17,AR1 alpha + Enhanced + One-Step,NYSE:CB,1.0505028483350226e-06
2023-04-28,17,AR1 alpha + Enhanced + One-Step,NYSE:CB,5.990379150074628e-07
2023-05-01,17,AR1 alpha + Enhanced + One-Step,NYSE:CB,3.400807317693228e-07
2023-05-02,17,AR1 alpha + Enhanced + One-Step,NYSE:CB,3.529703231412327e-07
2023-05-03,17,AR1 alpha + Enhanced + One-Step,NYSE:CB,9.410694904186633e-07
2023-05-04,17,AR1 alpha + Enhanced + One-Step,NYSE:CB,6.805092998731068e-07
2023-05-05,17,AR1 alpha + Enhanced + One-Step,NYSE:CB,3.9993840843145435e-07
2023-05-08,17,AR1 alpha + Enhanced + One-Step,NYSE:CB,0.0
2023-05-09,17,AR1 alpha + Enhanced + One-Step,NYSE:CB,0.0
2023-05-10,17,AR1 alpha + Enhanced + One-Step,NYSE:CB,0.0
2023-05-11,17,AR1 alpha + Enhanced + One-Step,NYSE:CB,0.0
2023-05-12,17,AR1 alpha + Enhanced + One-Step,NYSE:CB,1.1399956974207749e-07
2023-05-15,17,AR1 alpha + Enhanced + One-Step,NYSE:CB,0.0
2023-05-16,17,AR1 alpha + Enhanced + One-Step,NYSE:CB,7.894303681144632e-08
2023-05-17,17,AR1 alpha + Enhanced + One-Step,NYSE:CB,0.0
2023-05-18,17,AR1 alpha + Enhanced + One-Step,NYSE:CB,1.3549047954771115e-06
2023-05-19,17,AR1 alpha + Enhanced + One-Step,NYSE:CB,8.203891975469758e-07
2023-05-22,17,AR1 alpha + Enhanced + One-Step,NYSE:CB,5.708738843473757e-07
2023-05-23,17,AR1 alpha + Enhanced + One-Step,NYSE:CB,0.0
2023-05-24,17,AR1 alpha + Enhanced + One-Step,NYSE:CB,3.8898136059851896e-08
2023-05-25,17,AR1 alpha + Enhanced + One-Step,NYSE:CB,0.0
2023-05-26,17,AR1 alpha + Enhanced + One-Step,NYSE:CB,0.0
2023-05-30,17,AR1 alpha + Enhanced + One-Step,NYSE:CB,0.0
2023-05-31,17,AR1 alpha + Enhanced + One-Step,NYSE:CB,2.599786926401523e-07
2023-06-01,17,AR1 alpha + Enhanced + One-Step,NYSE:CB,0.0
2023-06-02,17,AR1 alpha + Enhanced + One-Step,NYSE:CB,0.0
2023-06-05,17,AR1 alpha + Enhanced + One-Step,NYSE:CB,9.365846468333079e-07
2023-06-06,17,AR1 alpha + Enhanced + One-Step,NYSE:CB,0.0012531377703903126
2023-06-07,17,AR1 alpha + Enhanced + One-Step,NYSE:CB,0.0012529171997654992
2023-06-08,17,AR1 alpha + Enhanced + One-Step,NYSE:CB,0.008320390975657871
2023-06-09,17,AR1 alpha + Enhanced + One-Step,NYSE:CB,0.00831954052023722
2023-06-12,17,AR1 alpha + Enhanced + One-Step,NYSE:CB,0.008319239596378418
2023-06-13,17,AR1 alpha + Enhanced + One-Step,NYSE:CB,0.008319183036324354
2023-06-14,17,AR1 alpha + Enhanced + One-Step,NYSE:CB,0.00831877818073048
2023-06-15,17,AR1 alpha + Enhanced + One-Step,NYSE:CB,0.008318723632427812
2023-06-16,17,AR1 alpha + Enhanced + One-Step,NYSE:CB,0.0
2023-06-20,17,AR1 alpha + Enhanced + One-Step,NYSE:CB,0.0
2023-06-21,17,AR1 alpha + Enhanced + One-Step,NYSE:CB,0.0
2023-06-22,17,AR1 alpha + Enhanced + One-Step,NYSE:CB,0.0
2023-06-23,17,AR1 alpha + Enhanced + One-Step,NYSE:CB,0.0
2023-06-26,17,AR1 alpha + Enhanced + One-Step,NYSE:CB,0.0
2023-06-27,17,AR1 alpha + Enhanced + One-Step,NYSE:CB,8.461910255112623e-08
2023-06-28,17,AR1 alpha + Enhanced + One-Step,NYSE:CB,0.0
2023-06-29,17,AR1 alpha + Enhanced + One-Step,NYSE:CB,0.0
2023-06-30,17,AR1 alpha + Enhanced + One-Step,NYSE:CB,0.0
2023-07-03,17,AR1 alpha + Enhanced + One-Step,NYSE:CB,0.0
2023-07-05,17,AR1 alpha + Enhanced + One-Step,NYSE:CB,3.9316282439521306e-07
2023-07-06,17,AR1 alpha + Enhanced + One-Step,NYSE:CB,4.4887522998217545e-07
2023-07-07,17,AR1 alpha + Enhanced + One-Step,NYSE:CB,5.407066641446414e-07
2023-07-10,17,AR1 alpha + Enhanced + One-Step,NYSE:CB,3.351927371058907e-07
2023-07-11,17,AR1 alpha + Enhanced + One-Step,NYSE:CB,0.0
2023-07-12,17,AR1 alpha + Enhanced + One-Step,NYSE:CB,1.25316233618095e-07
2023-07-13,17,AR1 alpha + Enhanced + One-Step,NYSE:CB,0.0
2023-07-14,17,AR1 alpha + Enhanced + One-Step,NYSE:CB,0.0
2023-07-17,17,AR1 alpha + Enhanced + One-Step,NYSE:CB,0.0
2023-07-18,17,AR1 alpha + Enhanced + One-Step,NYSE:CB,5.508653116228444e-07
2023-07-19,17,AR1 alpha + Enhanced + One-Step,NYSE:CB,0.0
2023-07-20,17,AR1 alpha + Enhanced + One-Step,NYSE:CB,0.0
2023-07-21,17,AR1 alpha + Enhanced + One-Step,NYSE:CB,2.8334046213629636e-08
2023-07-24,17,AR1 alpha + Enhanced + One-Step,NYSE:CB,0.0
2023-07-25,17,AR1 alpha + Enhanced + One-Step,NYSE:CB,2.3313194522405127e-06
2023-07-26,17,AR1 alpha + Enhanced + One-Step,NYSE:CB,7.469199608492108e-07
2023-07-27,17,AR1 alpha + Enhanced + One-Step,NYSE:CB,6.095433051982003e-09
2023-08-01,17,AR1 alpha + Enhanced + One-Step,NYSE:CB,0.0
2023-08-02,17,AR1 alpha + Enhanced + One-Step,NYSE:CB,0.0
2023-08-03,17,AR1 alpha + Enhanced + One-Step,NYSE:CB,1.1562753777512183e-07
2023-08-04,17,AR1 alpha + Enhanced + One-Step,NYSE:CB,1.5987780029500244e-06
2023-08-07,17,AR1 alpha + Enhanced + One-Step,NYSE:CB,1.0198004069825031e-06
2023-08-08,17,AR1 alpha + Enhanced + One-Step,NYSE:CB,6.25689375279226e-07
2023-08-09,17,AR1 alpha + Enhanced + One-Step,NYSE:CB,4.611412447565699e-07
2023-08-10,17,AR1 alpha + Enhanced + One-Step,NYSE:CB,4.761317790080983e-07
2023-08-11,17,AR1 alpha + Enhanced + One-Step,NYSE:CB,2.4975882131431105e-07
2023-08-14,17,AR1 alpha + Enhanced + One-Step,NYSE:CB,0.0
2023-08-15,17,AR1 alpha + Enhanced + One-Step,NYSE:CB,1.8024061421197093e-07
2023-08-16,17,AR1 alpha + Enhanced + One-Step,NYSE:CB,1.4949536180613424e-07
2023-08-17,17,AR1 alpha + Enhanced + One-Step,NYSE:CB,3.8206502613564983e-07
2023-08-18,17,AR1 alpha + Enhanced + One-Step,NYSE:CB,1.1344161175128242e-07
2023-08-21,17,AR1 alpha + Enhanced + One-Step,NYSE:CB,1.1662468001910039e-07
2023-08-22,17,AR1 alpha + Enhanced + One-Step,NYSE:CB,5.7504563224285655e-05
2023-08-23,17,AR1 alpha + Enhanced + One-Step,NYSE:CB,5.725348261177368e-05
2023-08-24,17,AR1 alpha + Enhanced + One-Step,NYSE:CB,5.721585145078613e-05
2023-08-25,17,AR1 alpha + Enhanced + One-Step,NYSE:CB,5.721579080351568e-05
2023-08-28,17,AR1 alpha + Enhanced + One-Step,NYSE:CB,0.0021918366988003665
2023-08-29,17,AR1 alpha + Enhanced + One-Step,NYSE:CB,0.0021921978662030493
2023-08-30,17,AR1 alpha + Enhanced + One-Step,NYSE:CB,0.0021930014743045964
2023-08-31,17,AR1 alpha + Enhanced + One-Step,NYSE:CB,0.0021931787624662473
2023-09-01,17,AR1 alpha + Enhanced + One-Step,NYSE:CB,0.002801787790904896
2023-09-05,17,AR1 alpha + Enhanced + One-Step,NYSE:CB,0.0028006570303798347
2023-09-06,17,AR1 alpha + Enhanced + One-Step,NYSE:CB,0.0
2023-09-07,17,AR1 alpha + Enhanced + One-Step,NYSE:CB,7.513207197528699e-08
2023-09-08,17,AR1 alpha + Enhanced + One-Step,NYSE:CB,8.153783722958619e-08
2023-09-11,17,AR1 alpha + Enhanced + One-Step,NYSE:CB,7.140171843488927e-08
2023-09-12,17,AR1 alpha + Enhanced + One-Step,NYSE:CB,1.8490248495606843e-07
2023-09-13,17,AR1 alpha + Enhanced + One-Step,NYSE:CB,0.0
2023-09-14,17,AR1 alpha + Enhanced + One-Step,NYSE:CB,7.147252881495101e-08
2023-09-15,17,AR1 alpha + Enhanced + One-Step,NYSE:CB,2.896186648589264e-07
2023-09-18,17,AR1 alpha + Enhanced + One-Step,NYSE:CB,1.9877768496763453e-07
2023-09-19,17,AR1 alpha + Enhanced + One-Step,NYSE:CB,1.7692361503130052e-07
2023-09-20,17,AR1 alpha + Enhanced + One-Step,NYSE:CB,0.0020144530403264963
2023-09-21,17,AR1 alpha + Enhanced + One-Step,NYSE:CB,0.011213768305685426
2023-09-22,17,AR1 alpha + Enhanced + One-Step,NYSE:CB,0.029471669708931968
2023-09-25,17,AR1 alpha + Enhanced + One-Step,NYSE:CB,0.05170328350208898
2023-09-26,17,AR1 alpha + Enhanced + One-Step,NYSE:CB,0.07373865093760833
2023-09-27,17,AR1 alpha + Enhanced + One-Step,NYSE:CB,0.08781681200649
2023-09-28,17,AR1 alpha + Enhanced + One-Step,NYSE:CB,0.0878167906320436
2023-09-29,17,AR1 alpha + Enhanced + One-Step,NYSE:CB,0.08781677954320576
2023-10-02,17,AR1 alpha + Enhanced + One-Step,NYSE:CB,0.08781410901652997
2023-10-03,17,AR1 alpha + Enhanced + One-Step,NYSE:CB,0.08781111153905119
2023-10-04,17,AR1 alpha + Enhanced + One-Step,NYSE:CB,0.08780329174608043
2023-10-05,17,AR1 alpha + Enhanced + One-Step,NYSE:CB,0.08479816353797166
2023-10-06,17,AR1 alpha + Enhanced + One-Step,NYSE:CB,0.08479778708279252
2023-10-09,17,AR1 alpha + Enhanced + One-Step,NYSE:CB,0.08227770021114698
2023-10-10,17,AR1 alpha + Enhanced + One-Step,NYSE:CB,0.08209009008599714
2023-10-11,17,AR1 alpha + Enhanced + One-Step,NYSE:CB,0.08908939123256367
2023-10-12,17,AR1 alpha + Enhanced + One-Step,NYSE:CB,0.08908939487739166
2023-10-13,17,AR1 alpha + Enhanced + One-Step,NYSE:CB,0.08090708321513986
2023-10-16,17,AR1 alpha + Enhanced + One-Step,NYSE:CB,0.07681315106100252
2023-10-17,17,AR1 alpha + Enhanced + One-Step,NYSE:CB,0.0768124982834204
2023-10-18,17,AR1 alpha + Enhanced + One-Step,NYSE:CB,0.07681269032728111
2023-10-19,17,AR1 alpha + Enhanced + One-Step,NYSE:CB,0.07681264877946165
2023-10-20,17,AR1 alpha + Enhanced + One-Step,NYSE:CB,0.0768127571947195
2023-10-23,17,AR1 alpha + Enhanced + One-Step,NYSE:CB,0.07060965461648559
2023-10-24,17,AR1 alpha + Enhanced + One-Step,NYSE:CB,0.05839390312966878
2023-10-25,17,AR1 alpha + Enhanced + One-Step,NYSE:CB,0.050087374163631904
2023-10-26,17,AR1 alpha + Enhanced + One-Step,NYSE:CB,0.05008735729472972
2023-10-27,17,AR1 alpha + Enhanced + One-Step,NYSE:CB,0.05008734816122981
2023-10-30,17,AR1 alpha + Enhanced + One-Step,NYSE:CB,0.050086802874786646
2023-10-31,17,AR1 alpha + Enhanced + One-Step,NYSE:CB,0.05008699756737255
2023-11-01,17,AR1 alpha + Enhanced + One-Step,NYSE:CB,0.05008629941044116
2023-11-02,17,AR1 alpha + Enhanced + One-Step,NYSE:CB,0.057243552807255314
2023-11-03,17,AR1 alpha + Enhanced + One-Step,NYSE:CB,0.05724358713096243
2023-11-06,17,AR1 alpha + Enhanced + One-Step,NYSE:CB,0.05724369684549785
2023-11-07,17,AR1 alpha + Enhanced + One-Step,NYSE:CB,0.05723823358364413
2023-11-08,17,AR1 alpha + Enhanced + One-Step,NYSE:CB,0.05723489921255528
2023-11-09,17,AR1 alpha + Enhanced + One-Step,NYSE:CB,0.057233084608862374
2023-11-10,17,AR1 alpha + Enhanced + One-Step,NYSE:CB,0.047662744365210584
2023-11-13,17,AR1 alpha + Enhanced + One-Step,NYSE:CB,0.04013187487779121
2023-11-14,17,AR1 alpha + Enhanced + One-Step,NYSE:CB,0.040130584486891545
2023-11-15,17,AR1 alpha + Enhanced + One-Step,NYSE:CB,0.040130252778066144
2023-11-16,17,AR1 alpha + Enhanced + One-Step,NYSE:CB,0.026683154640589103
2023-11-17,17,AR1 alpha + Enhanced + One-Step,NYSE:CB,0.018278036887054042
2023-11-20,17,AR1 alpha + Enhanced + One-Step,NYSE:CB,0.012095878973535564
2023-11-21,17,AR1 alpha + Enhanced + One-Step,NYSE:CB,0.004000642847598784
2023-11-22,17,AR1 alpha + Enhanced + One-Step,NYSE:CB,0.0011762811604085328
2023-11-24,17,AR1 alpha + Enhanced + One-Step,NYSE:CB,0.001176284681382803
2023-11-27,17,AR1 alpha + Enhanced + One-Step,NYSE:CB,0.0011759885423887294
2023-11-28,17,AR1 alpha + Enhanced + One-Step,NYSE:CB,0.001176107128746149
2023-11-29,17,AR1 alpha + Enhanced + One-Step,NYSE:CB,0.0011754858107629305
2023-11-30,17,AR1 alpha + Enhanced + One-Step,NYSE:CB,0.001175640418513671
2023-12-01,17,AR1 alpha + Enhanced + One-Step,NYSE:CB,0.0011756459055704735
2023-12-04,17,AR1 alpha + Enhanced + One-Step,NYSE:CB,0.0011754169562561852
2023-12-05,17,AR1 alpha + Enhanced + One-Step,NYSE:CB,0.0011752999591536464
2023-12-06,17,AR1 alpha + Enhanced + One-Step,NYSE:CB,0.002249377676321038
2023-12-07,17,AR1 alpha + Enhanced + One-Step,NYSE:CB,0.0022493879203745537
2023-12-08,17,AR1 alpha + Enhanced + One-Step,NYSE:CB,0.0022493972323167372
2023-12-11,17,AR1 alpha + Enhanced + One-Step,NYSE:CB,0.0014337122326503137
2023-12-12,17,AR1 alpha + Enhanced + One-Step,NYSE:CB,0.0
2023-12-13,17,AR1 alpha + Enhanced + One-Step,NYSE:CB,3.0127571889885393e-07
2023-12-14,17,AR1 alpha + Enhanced + One-Step,NYSE:CB,1.6323671772997066e-07
2023-12-15,17,AR1 alpha + Enhanced + One-Step,NYSE:CB,9.095718878133246e-09
2023-12-18,17,AR1 alpha + Enhanced + One-Step,NYSE:CB,4.4910695923695546e-08
2023-12-19,17,AR1 alpha + Enhanced + One-Step,NYSE:CB,2.632749119067917e-08
2023-12-20,17,AR1 alpha + Enhanced + One-Step,NYSE:CB,1.0967486575483867e-06
2023-12-21,17,AR1 alpha + Enhanced + One-Step,NYSE:CB,8.170713562025313e-07
2023-12-22,17,AR1 alpha + Enhanced + One-Step,NYSE:CB,6.215449310327389e-07
2023-12-26,17,AR1 alpha + Enhanced + One-Step,NYSE:CB,0.0
2023-12-27,17,AR1 alpha + Enhanced + One-Step,NYSE:CB,0.0
2023-12-28,17,AR1 alpha + Enhanced + One-Step,NYSE:CB,5.764361533645147e-08
2023-12-29,17,AR1 alpha + Enhanced + One-Step,NYSE:CB,3.343136396114209e-07
2024-01-02,17,AR1 alpha + Enhanced + One-Step,NYSE:CB,0.0
2024-01-03,17,AR1 alpha + Enhanced + One-Step,NYSE:CB,0.0
2024-01-04,17,AR1 alpha + Enhanced + One-Step,NYSE:CB,0.0
2024-01-05,17,AR1 alpha + Enhanced + One-Step,NYSE:CB,2.04295468443167e-08
2024-01-08,17,AR1 alpha + Enhanced + One-Step,NYSE:CB,1.5453923058791034e-07
2024-01-09,17,AR1 alpha + Enhanced + One-Step,NYSE:CB,0.0
2024-01-10,17,AR1 alpha + Enhanced + One-Step,NYSE:CB,5.607196404834879e-07
2024-01-11,17,AR1 alpha + Enhanced + One-Step,NYSE:CB,2.938795019661815e-07
2024-01-12,17,AR1 alpha + Enhanced + One-Step,NYSE:CB,2.6313015432943174e-07
2024-01-16,17,AR1 alpha + Enhanced + One-Step,NYSE:CB,6.156359715918332e-07
2024-01-17,17,AR1 alpha + Enhanced + One-Step,NYSE:CB,4.0959589451058796e-07
2024-01-18,17,AR1 alpha + Enhanced + One-Step,NYSE:CB,0.0037045037332266756
2024-01-19,17,AR1 alpha + Enhanced + One-Step,NYSE:CB,0.0
2024-01-22,17,AR1 alpha + Enhanced + One-Step,NYSE:CB,8.370028940882044e-08
2024-01-23,17,AR1 alpha + Enhanced + One-Step,NYSE:CB,0.0
2024-01-24,17,AR1 alpha + Enhanced + One-Step,NYSE:CB,1.3008648557488218e-06
2024-01-25,17,AR1 alpha + Enhanced + One-Step,NYSE:CB,0.0022003084234572578
2024-01-26,17,AR1 alpha + Enhanced + One-Step,NYSE:CB,0.0034787607646589846
2024-01-29,17,AR1 alpha + Enhanced + One-Step,NYSE:CB,0.00347733684380477
2024-01-30,17,AR1 alpha + Enhanced + One-Step,NYSE:CB,0.0036280001576810415
2024-01-31,17,AR1 alpha + Enhanced + One-Step,NYSE:CB,0.004118886843841135
2024-02-01,17,AR1 alpha + Enhanced + One-Step,NYSE:CB,0.0041184405328434336
2024-02-02,17,AR1 alpha + Enhanced + One-Step,NYSE:CB,0.00946654359246209
2024-02-05,17,AR1 alpha + Enhanced + One-Step,NYSE:CB,0.012286553794972666
2024-02-06,17,AR1 alpha + Enhanced + One-Step,NYSE:CB,0.022107584316588963
2024-02-07,17,AR1 alpha + Enhanced + One-Step,NYSE:CB,0.03585426170570978
2024-02-08,17,AR1 alpha + Enhanced + One-Step,NYSE:CB,0.05444128569141553
2024-02-09,17,AR1 alpha + Enhanced + One-Step,NYSE:CB,0.055152765469545596
2024-02-12,17,AR1 alpha + Enhanced + One-Step,NYSE:CB,0.05515123599192655
2024-02-13,17,AR1 alpha + Enhanced + One-Step,NYSE:CB,0.05514991447478415
2024-02-14,17,AR1 alpha + Enhanced + One-Step,NYSE:CB,0.05514994148107759
2024-02-15,17,AR1 alpha + Enhanced + One-Step,NYSE:CB,0.05514793373577209
2024-02-16,17,AR1 alpha + Enhanced + One-Step,NYSE:CB,0.05514827196191315
2024-02-20,17,AR1 alpha + Enhanced + One-Step,NYSE:CB,0.058991956262543915
2024-02-21,17,AR1 alpha + Enhanced + One-Step,NYSE:CB,0.06390413377200617
2024-02-22,17,AR1 alpha + Enhanced + One-Step,NYSE:CB,0.07589736563226224
2024-02-23,17,AR1 alpha + Enhanced + One-Step,NYSE:CB,0.07589468793871951
2024-02-26,17,AR1 alpha + Enhanced + One-Step,NYSE:CB,0.07919500998860453
2024-02-27,17,AR1 alpha + Enhanced + One-Step,NYSE:CB,0.09576076491213285
2024-02-28,17,AR1 alpha + Enhanced + One-Step,NYSE:CB,0.09575283614878015
2024-02-29,17,AR1 alpha + Enhanced + One-Step,NYSE:CB,0.09574769517963373
2024-03-01,17,AR1 alpha + Enhanced + One-Step,NYSE:CB,0.09574323451760751
2024-03-04,17,AR1 alpha + Enhanced + One-Step,NYSE:CB,0.0957398301523592
2024-03-05,17,AR1 alpha + Enhanced + One-Step,NYSE:CB,0.09573929641983549
2024-03-06,17,AR1 alpha + Enhanced + One-Step,NYSE:CB,0.09912444785772069
2024-03-07,17,AR1 alpha + Enhanced + One-Step,NYSE:CB,0.09911640818604049
2024-03-08,17,AR1 alpha + Enhanced + One-Step,NYSE:CB,0.09911028530010145
2024-03-11,17,AR1 alpha + Enhanced + One-Step,NYSE:CB,0.09910234017507107
2024-03-12,17,AR1 alpha + Enhanced + One-Step,NYSE:CB,0.09609182151801403
2024-03-13,17,AR1 alpha + Enhanced + One-Step,NYSE:CB,0.09608248353356251
2024-03-14,17,AR1 alpha + Enhanced + One-Step,NYSE:CB,0.09608205361357249
2024-03-15,17,AR1 alpha + Enhanced + One-Step,NYSE:CB,0.10000050891747182
2024-03-18,17,AR1 alpha + Enhanced + One-Step,NYSE:CB,0.0999995256964013
2024-03-19,17,AR1 alpha + Enhanced + One-Step,NYSE:CB,0.09999891509505825
2024-03-20,17,AR1 alpha + Enhanced + One-Step,NYSE:CB,0.09999897047850295
2024-03-21,17,AR1 alpha + Enhanced + One-Step,NYSE:CB,0.0999957191973028
2024-03-22,17,AR1 alpha + Enhanced + One-Step,NYSE:CB,0.09999584662037625
2024-03-25,17,AR1 alpha + Enhanced + One-Step,NYSE:CB,0.09999682396004263
2024-03-26,17,AR1 alpha + Enhanced + One-Step,NYSE:CB,0.09999431921734507
2024-03-27,17,AR1 alpha + Enhanced + One-Step,NYSE:CB,0.09999460357151158
2024-03-28,17,AR1 alpha + Enhanced + One-Step,NYSE:CB,0.0999971106384619
2024-04-01,17,AR1 alpha + Enhanced + One-Step,NYSE:CB,0.09999852817148039
2024-04-02,17,AR1 alpha + Enhanced + One-Step,NYSE:CB,0.09999878538667047
2024-04-03,17,AR1 alpha + Enhanced + One-Step,NYSE:CB,0.0999930148162845
2024-04-04,17,AR1 alpha + Enhanced + One-Step,NYSE:CB,0.09999837642626563
2024-04-05,17,AR1 alpha + Enhanced + One-Step,NYSE:CB,0.09999852032336629
2024-04-08,17,AR1 alpha + Enhanced + One-Step,NYSE:CB,0.09864964394701237
2024-04-09,17,AR1 alpha + Enhanced + One-Step,NYSE:CB,0.09633071728562184
2024-04-10,17,AR1 alpha + Enhanced + One-Step,NYSE:CB,0.09783479632395128
2024-04-11,17,AR1 alpha + Enhanced + One-Step,NYSE:CB,0.0987453529929339
2024-04-12,17,AR1 alpha + Enhanced + One-Step,NYSE:CB,0.09999991221973935
2024-04-15,17,AR1 alpha + Enhanced + One-Step,NYSE:CB,0.09999793207552876
2024-04-16,17,AR1 alpha + Enhanced + One-Step,NYSE:CB,0.09999551145251813
2024-04-17,17,AR1 alpha + Enhanced + One-Step,NYSE:CB,0.09999664254162406
2024-04-18,17,AR1 alpha + Enhanced + One-Step,NYSE:CB,0.09999715348258884
2024-04-19,17,AR1 alpha + Enhanced + One-Step,NYSE:CB,0.0999954462228049
2020-03-25,17,AR1 alpha + Enhanced + One-Step,NYSE:BCC,0.020000000000007227
2020-03-26,17,AR1 alpha + Enhanced + One-Step,NYSE:BCC,0.02000000000001305
2020-03-27,17,AR1 alpha + Enhanced + One-Step,NYSE:BCC,0.01999998228061399
2020-03-30,17,AR1 alpha + Enhanced + One-Step,NYSE:BCC,0.020001236762166055
2020-03-31,17,AR1 alpha + Enhanced + One-Step,NYSE:BCC,0.020002925318296044
2020-04-01,17,AR1 alpha + Enhanced + One-Step,NYSE:BCC,0.02000296425609472
2020-04-02,17,AR1 alpha + Enhanced + One-Step,NYSE:BCC,0.020001669326737158
2020-04-03,17,AR1 alpha + Enhanced + One-Step,NYSE:BCC,0.020003196621668634
2020-04-06,17,AR1 alpha + Enhanced + One-Step,NYSE:BCC,0.020003962410252228
2020-04-07,17,AR1 alpha + Enhanced + One-Step,NYSE:BCC,0.020002815007680586
2020-04-08,17,AR1 alpha + Enhanced + One-Step,NYSE:BCC,0.009993112311315416
2020-04-09,17,AR1 alpha + Enhanced + One-Step,NYSE:BCC,0.0
2020-04-13,17,AR1 alpha + Enhanced + One-Step,NYSE:BCC,6.335235060774762e-08
2020-04-14,17,AR1 alpha + Enhanced + One-Step,NYSE:BCC,2.069628951486358e-07
2020-04-15,17,AR1 alpha + Enhanced + One-Step,NYSE:BCC,2.2032573185485333e-07
2020-04-16,17,AR1 alpha + Enhanced + One-Step,NYSE:BCC,1.4528081789902564e-07
2020-04-17,17,AR1 alpha + Enhanced + One-Step,NYSE:BCC,5.56227600477421e-08
2020-04-20,17,AR1 alpha + Enhanced + One-Step,NYSE:BCC,0.0
2020-04-21,17,AR1 alpha + Enhanced + One-Step,NYSE:BCC,6.270804576518519e-08
2020-04-22,17,AR1 alpha + Enhanced + One-Step,NYSE:BCC,7.460257812318518e-08
2020-04-23,17,AR1 alpha + Enhanced + One-Step,NYSE:BCC,0.0
2020-04-24,17,AR1 alpha + Enhanced + One-Step,NYSE:BCC,1.478728331341968e-08
2020-04-27,17,AR1 alpha + Enhanced + One-Step,NYSE:BCC,3.8824343894150155e-09
2020-04-28,17,AR1 alpha + Enhanced + One-Step,NYSE:BCC,5.8076301500509e-10
2020-04-29,17,AR1 alpha + Enhanced + One-Step,NYSE:BCC,0.0
2020-04-30,17,AR1 alpha + Enhanced + One-Step,NYSE:BCC,1.6339718162085302e-08
2020-05-01,17,AR1 alpha + Enhanced + One-Step,NYSE:BCC,0.0
2020-05-04,17,AR1 alpha + Enhanced + One-Step,NYSE:BCC,4.517980165320993e-09
2020-05-05,17,AR1 alpha + Enhanced + One-Step,NYSE:BCC,0.0
2020-05-06,17,AR1 alpha + Enhanced + One-Step,NYSE:BCC,3.927258012751007e-10
2020-05-07,17,AR1 alpha + Enhanced + One-Step,NYSE:BCC,0.0
2020-05-08,17,AR1 alpha + Enhanced + One-Step,NYSE:BCC,0.0
2020-05-11,17,AR1 alpha + Enhanced + One-Step,NYSE:BCC,0.024976537491459845
2020-05-12,17,AR1 alpha + Enhanced + One-Step,NYSE:BCC,0.046908573347147174
2020-05-13,17,AR1 alpha + Enhanced + One-Step,NYSE:BCC,0.06943638513454803
2020-05-14,17,AR1 alpha + Enhanced + One-Step,NYSE:BCC,0.09007686634810631
2020-05-15,17,AR1 alpha + Enhanced + One-Step,NYSE:BCC,0.0900769351619152
2020-05-18,17,AR1 alpha + Enhanced + One-Step,NYSE:BCC,0.0900771869401476
2020-05-19,17,AR1 alpha + Enhanced + One-Step,NYSE:BCC,0.09007695183274364
2020-05-20,17,AR1 alpha + Enhanced + One-Step,NYSE:BCC,0.09007698756263473
2020-05-21,17,AR1 alpha + Enhanced + One-Step,NYSE:BCC,0.09007603132907915
2020-05-22,17,AR1 alpha + Enhanced + One-Step,NYSE:BCC,0.09007601144578427
2020-05-26,17,AR1 alpha + Enhanced + One-Step,NYSE:BCC,0.07599419970609358
2020-05-27,17,AR1 alpha + Enhanced + One-Step,NYSE:BCC,0.05098955768297142
2020-05-28,17,AR1 alpha + Enhanced + One-Step,NYSE:BCC,0.0509895609058244
2020-05-29,17,AR1 alpha + Enhanced + One-Step,NYSE:BCC,0.05098956253564607
2020-06-01,17,AR1 alpha + Enhanced + One-Step,NYSE:BCC,0.05098976250533165
2020-06-02,17,AR1 alpha + Enhanced + One-Step,NYSE:BCC,0.05098927861967811
2020-06-03,17,AR1 alpha + Enhanced + One-Step,NYSE:BCC,0.050989920300779396
2020-06-04,17,AR1 alpha + Enhanced + One-Step,NYSE:BCC,0.03577820127701312
2020-06-05,17,AR1 alpha + Enhanced + One-Step,NYSE:BCC,0.01077056304969201
2020-06-08,17,AR1 alpha + Enhanced + One-Step,NYSE:BCC,0.0
2020-06-09,17,AR1 alpha + Enhanced + One-Step,NYSE:BCC,6.12240816487277e-09
2020-06-10,17,AR1 alpha + Enhanced + One-Step,NYSE:BCC,0.020271890285993854
2020-06-11,17,AR1 alpha + Enhanced + One-Step,NYSE:BCC,0.04524908469057961
2020-06-12,17,AR1 alpha + Enhanced + One-Step,NYSE:BCC,0.07026107220709013
2020-06-15,17,AR1 alpha + Enhanced + One-Step,NYSE:BCC,0.0687806464913992
2020-06-16,17,AR1 alpha + Enhanced + One-Step,NYSE:BCC,0.044167727475775916
2020-06-17,17,AR1 alpha + Enhanced + One-Step,NYSE:BCC,0.044167726082680034
2020-06-18,17,AR1 alpha + Enhanced + One-Step,NYSE:BCC,0.04818225421367398
2020-06-19,17,AR1 alpha + Enhanced + One-Step,NYSE:BCC,0.05362454019892555
2020-06-22,17,AR1 alpha + Enhanced + One-Step,NYSE:BCC,0.05362461737631455
2020-06-23,17,AR1 alpha + Enhanced + One-Step,NYSE:BCC,0.05362461823530311
2020-06-24,17,AR1 alpha + Enhanced + One-Step,NYSE:BCC,0.053624508837880315
2020-06-25,17,AR1 alpha + Enhanced + One-Step,NYSE:BCC,0.057257142265736416
2020-06-26,17,AR1 alpha + Enhanced + One-Step,NYSE:BCC,0.05725714138139703
2020-06-29,17,AR1 alpha + Enhanced + One-Step,NYSE:BCC,0.035353774552266966
2020-06-30,17,AR1 alpha + Enhanced + One-Step,NYSE:BCC,0.03267037325668865
2020-07-01,17,AR1 alpha + Enhanced + One-Step,NYSE:BCC,0.051026319164201396
2020-07-02,17,AR1 alpha + Enhanced + One-Step,NYSE:BCC,0.058881646995361824
2020-07-06,17,AR1 alpha + Enhanced + One-Step,NYSE:BCC,0.058881588471475614
2020-07-07,17,AR1 alpha + Enhanced + One-Step,NYSE:BCC,0.06885344266508177
2020-07-08,17,AR1 alpha + Enhanced + One-Step,NYSE:BCC,0.06008484888159734
2020-07-09,17,AR1 alpha + Enhanced + One-Step,NYSE:BCC,0.06008432517391586
2020-07-10,17,AR1 alpha + Enhanced + One-Step,NYSE:BCC,0.050269211382119226
2020-07-13,17,AR1 alpha + Enhanced + One-Step,NYSE:BCC,0.05026926120662196
2020-07-14,17,AR1 alpha + Enhanced + One-Step,NYSE:BCC,0.025251345203097415
2020-07-15,17,AR1 alpha + Enhanced + One-Step,NYSE:BCC,0.0039724422190317845
2020-07-16,17,AR1 alpha + Enhanced + One-Step,NYSE:BCC,0.003972445157701035
2020-07-17,17,AR1 alpha + Enhanced + One-Step,NYSE:BCC,0.003972443029325638
2020-07-20,17,AR1 alpha + Enhanced + One-Step,NYSE:BCC,0.003972611308454802
2020-07-21,17,AR1 alpha + Enhanced + One-Step,NYSE:BCC,0.003972673277633286
2020-07-22,17,AR1 alpha + Enhanced + One-Step,NYSE:BCC,0.0039727314076120875
2020-07-23,17,AR1 alpha + Enhanced + One-Step,NYSE:BCC,0.0039726392555869995
2020-07-24,17,AR1 alpha + Enhanced + One-Step,NYSE:BCC,0.003972011250744159
2020-07-27,17,AR1 alpha + Enhanced + One-Step,NYSE:BCC,0.003973052353211591
2020-07-28,17,AR1 alpha + Enhanced + One-Step,NYSE:BCC,0.010083245054971574
2020-07-29,17,AR1 alpha + Enhanced + One-Step,NYSE:BCC,0.01947031364164
2020-07-30,17,AR1 alpha + Enhanced + One-Step,NYSE:BCC,0.039626576656427714
2020-07-31,17,AR1 alpha + Enhanced + One-Step,NYSE:BCC,0.05049119697784671
2020-08-03,17,AR1 alpha + Enhanced + One-Step,NYSE:BCC,0.06045940490232759
2020-08-04,17,AR1 alpha + Enhanced + One-Step,NYSE:BCC,0.08546026201097742
2020-08-05,17,AR1 alpha + Enhanced + One-Step,NYSE:BCC,0.099999574863891
2020-08-06,17,AR1 alpha + Enhanced + One-Step,NYSE:BCC,0.09999975021480804
2020-08-07,17,AR1 alpha + Enhanced + One-Step,NYSE:BCC,0.0999998302788371
2020-08-10,17,AR1 alpha + Enhanced + One-Step,NYSE:BCC,0.09999995394593089
2020-08-11,17,AR1 alpha + Enhanced + One-Step,NYSE:BCC,0.0999998041226704
2020-08-12,17,AR1 alpha + Enhanced + One-Step,NYSE:BCC,0.09999990707193497
2020-08-13,17,AR1 alpha + Enhanced + One-Step,NYSE:BCC,0.0999999599366425
2020-08-14,17,AR1 alpha + Enhanced + One-Step,NYSE:BCC,0.09999998354801459
2020-08-17,17,AR1 alpha + Enhanced + One-Step,NYSE:BCC,0.09999801909929627
2020-08-18,17,AR1 alpha + Enhanced + One-Step,NYSE:BCC,0.09999730869907729
2020-08-19,17,AR1 alpha + Enhanced + One-Step,NYSE:BCC,0.09999740574069667
2020-08-20,17,AR1 alpha + Enhanced + One-Step,NYSE:BCC,0.09999854951307993
2020-08-21,17,AR1 alpha + Enhanced + One-Step,NYSE:BCC,0.09999928919838368
2020-08-24,17,AR1 alpha + Enhanced + One-Step,NYSE:BCC,0.09999934855373892
2020-08-25,17,AR1 alpha + Enhanced + One-Step,NYSE:BCC,0.0999997531660487
2020-08-26,17,AR1 alpha + Enhanced + One-Step,NYSE:BCC,0.0999993985118179
2020-08-27,17,AR1 alpha + Enhanced + One-Step,NYSE:BCC,0.09999969702359812
2020-08-28,17,AR1 alpha + Enhanced + One-Step,NYSE:BCC,0.0999998614883424
2020-08-31,17,AR1 alpha + Enhanced + One-Step,NYSE:BCC,0.09999445812659107
2020-09-01,17,AR1 alpha + Enhanced + One-Step,NYSE:BCC,0.09999516835155534
2020-09-02,17,AR1 alpha + Enhanced + One-Step,NYSE:BCC,0.09999772575239267
2020-09-03,17,AR1 alpha + Enhanced + One-Step,NYSE:BCC,0.09999895215366716
2020-09-04,17,AR1 alpha + Enhanced + One-Step,NYSE:BCC,0.09999955263316346
2020-09-08,17,AR1 alpha + Enhanced + One-Step,NYSE:BCC,0.09999983573321672
2020-09-09,17,AR1 alpha + Enhanced + One-Step,NYSE:BCC,0.0999999527234054
2020-09-10,17,AR1 alpha + Enhanced + One-Step,NYSE:BCC,0.09999988262124739
2020-09-11,17,AR1 alpha + Enhanced + One-Step,NYSE:BCC,0.09999997106059866
2020-09-14,17,AR1 alpha + Enhanced + One-Step,NYSE:BCC,0.1000002357031641
2020-09-15,17,AR1 alpha + Enhanced + One-Step,NYSE:BCC,0.1000001175297481
2020-09-16,17,AR1 alpha + Enhanced + One-Step,NYSE:BCC,0.10000002478921699
2020-09-17,17,AR1 alpha + Enhanced + One-Step,NYSE:BCC,0.09999586450420345
2020-09-18,17,AR1 alpha + Enhanced + One-Step,NYSE:BCC,0.09999785052874907
2020-09-21,17,AR1 alpha + Enhanced + One-Step,NYSE:BCC,0.09999870198551361
2020-09-22,17,AR1 alpha + Enhanced + One-Step,NYSE:BCC,0.09999939163561153
2020-09-23,17,AR1 alpha + Enhanced + One-Step,NYSE:BCC,0.09999919588500143
2020-09-24,17,AR1 alpha + Enhanced + One-Step,NYSE:BCC,0.07920670852336534
2020-09-25,17,AR1 alpha + Enhanced + One-Step,NYSE:BCC,0.07920496269016317
2020-09-28,17,AR1 alpha + Enhanced + One-Step,NYSE:BCC,0.07920483358223546
2020-09-29,17,AR1 alpha + Enhanced + One-Step,NYSE:BCC,0.07914077239746134
2020-09-30,17,AR1 alpha + Enhanced + One-Step,NYSE:BCC,0.07187226246205237
2020-10-01,17,AR1 alpha + Enhanced + One-Step,NYSE:BCC,0.0473317474460487
2020-10-02,17,AR1 alpha + Enhanced + One-Step,NYSE:BCC,0.03569456231736432
2020-10-05,17,AR1 alpha + Enhanced + One-Step,NYSE:BCC,0.022030008575751072
2020-10-06,17,AR1 alpha + Enhanced + One-Step,NYSE:BCC,0.0
2020-10-07,17,AR1 alpha + Enhanced + One-Step,NYSE:BCC,3.76400783457086e-07
2020-10-08,17,AR1 alpha + Enhanced + One-Step,NYSE:BCC,1.93876926847385e-07
2020-10-09,17,AR1 alpha + Enhanced + One-Step,NYSE:BCC,3.463945138068516e-08
2020-10-12,17,AR1 alpha + Enhanced + One-Step,NYSE:BCC,1.3784126820572305e-08
2020-10-13,17,AR1 alpha + Enhanced + One-Step,NYSE:BCC,2.423107029056997e-07
2020-10-14,17,AR1 alpha + Enhanced + One-Step,NYSE:BCC,0.016535069168544768
2020-10-15,17,AR1 alpha + Enhanced + One-Step,NYSE:BCC,0.016534782554490673
2020-10-16,17,AR1 alpha + Enhanced + One-Step,NYSE:BCC,0.037823766276956064
2020-10-19,17,AR1 alpha + Enhanced + One-Step,NYSE:BCC,0.049166649455437375
2020-10-20,17,AR1 alpha + Enhanced + One-Step,NYSE:BCC,0.0491639274579126
2020-10-21,17,AR1 alpha + Enhanced + One-Step,NYSE:BCC,0.043221762258451826
2020-10-22,17,AR1 alpha + Enhanced + One-Step,NYSE:BCC,0.04321985948843521
2020-10-23,17,AR1 alpha + Enhanced + One-Step,NYSE:BCC,0.032914250966822683
2020-10-26,17,AR1 alpha + Enhanced + One-Step,NYSE:BCC,0.023451363545550302
2020-10-27,17,AR1 alpha + Enhanced + One-Step,NYSE:BCC,0.023452104935481482
2020-10-28,17,AR1 alpha + Enhanced + One-Step,NYSE:BCC,0.02345183646727346
2020-10-29,17,AR1 alpha + Enhanced + One-Step,NYSE:BCC,0.023452140764025277
2020-10-30,17,AR1 alpha + Enhanced + One-Step,NYSE:BCC,0.023451987550466836
2020-11-02,17,AR1 alpha + Enhanced + One-Step,NYSE:BCC,1.6135524289059251e-06
2020-11-03,17,AR1 alpha + Enhanced + One-Step,NYSE:BCC,4.569033499210567e-07
2020-11-04,17,AR1 alpha + Enhanced + One-Step,NYSE:BCC,1.3957868637038794e-06
2020-11-05,17,AR1 alpha + Enhanced + One-Step,NYSE:BCC,1.7126615024183267e-06
2020-11-06,17,AR1 alpha + Enhanced + One-Step,NYSE:BCC,7.901592104367626e-07
2020-11-09,17,AR1 alpha + Enhanced + One-Step,NYSE:BCC,3.867791147849871e-07
2020-11-10,17,AR1 alpha + Enhanced + One-Step,NYSE:BCC,3.6424688642802044e-07
2020-11-11,17,AR1 alpha + Enhanced + One-Step,NYSE:BCC,2.5480582407677897e-07
2020-11-12,17,AR1 alpha + Enhanced + One-Step,NYSE:BCC,1.880626725525463e-08
2020-11-13,17,AR1 alpha + Enhanced + One-Step,NYSE:BCC,5.09419228986968e-09
2020-11-16,17,AR1 alpha + Enhanced + One-Step,NYSE:BCC,0.0
2020-11-17,17,AR1 alpha + Enhanced + One-Step,NYSE:BCC,1.148179590528712e-07
2020-11-18,17,AR1 alpha + Enhanced + One-Step,NYSE:BCC,0.0
2020-11-19,17,AR1 alpha + Enhanced + One-Step,NYSE:BCC,0.0
2020-11-20,17,AR1 alpha + Enhanced + One-Step,NYSE:BCC,0.0
2020-11-23,17,AR1 alpha + Enhanced + One-Step,NYSE:BCC,8.989117010225951e-08
2020-11-24,17,AR1 alpha + Enhanced + One-Step,NYSE:BCC,0.0
2020-11-25,17,AR1 alpha + Enhanced + One-Step,NYSE:BCC,0.0
2020-11-27,17,AR1 alpha + Enhanced + One-Step,NYSE:BCC,0.0
2020-11-30,17,AR1 alpha + Enhanced + One-Step,NYSE:BCC,0.0
2020-12-01,17,AR1 alpha + Enhanced + One-Step,NYSE:BCC,6.974870974093003e-08
2020-12-04,17,AR1 alpha + Enhanced + One-Step,NYSE:BCC,6.822972564656225e-08
2020-12-07,17,AR1 alpha + Enhanced + One-Step,NYSE:BCC,0.0
2020-12-08,17,AR1 alpha + Enhanced + One-Step,NYSE:BCC,9.915090982297012e-08
2020-12-09,17,AR1 alpha + Enhanced + One-Step,NYSE:BCC,0.0
2020-12-10,17,AR1 alpha + Enhanced + One-Step,NYSE:BCC,3.503382120449664e-08
2020-12-11,17,AR1 alpha + Enhanced + One-Step,NYSE:BCC,0.0
2020-12-14,17,AR1 alpha + Enhanced + One-Step,NYSE:BCC,0.0
2020-12-15,17,AR1 alpha + Enhanced + One-Step,NYSE:BCC,2.441191273054884e-08
2020-12-16,17,AR1 alpha + Enhanced + One-Step,NYSE:BCC,0.0
2020-12-17,17,AR1 alpha + Enhanced + One-Step,NYSE:BCC,0.0
2020-12-18,17,AR1 alpha + Enhanced + One-Step,NYSE:BCC,7.373150493868953e-07
2020-12-21,17,AR1 alpha + Enhanced + One-Step,NYSE:BCC,5.356760457099549e-07
2020-12-22,17,AR1 alpha + Enhanced + One-Step,NYSE:BCC,2.6697703848275486e-07
2020-12-23,17,AR1 alpha + Enhanced + One-Step,NYSE:BCC,6.400002277850212e-08
2020-12-24,17,AR1 alpha + Enhanced + One-Step,NYSE:BCC,4.438475989120573e-09
2020-12-28,17,AR1 alpha + Enhanced + One-Step,NYSE:BCC,0.0
2020-12-29,17,AR1 alpha + Enhanced + One-Step,NYSE:BCC,0.0
2020-12-30,17,AR1 alpha + Enhanced + One-Step,NYSE:BCC,2.6903595237142196e-10
2020-12-31,17,AR1 alpha + Enhanced + One-Step,NYSE:BCC,0.0
2021-01-04,17,AR1 alpha + Enhanced + One-Step,NYSE:BCC,1.110814062795142e-08
2021-01-05,17,AR1 alpha + Enhanced + One-Step,NYSE:BCC,7.853607553728178e-09
2021-01-06,17,AR1 alpha + Enhanced + One-Step,NYSE:BCC,4.8688262875924105e-11
2021-01-07,17,AR1 alpha + Enhanced + One-Step,NYSE:BCC,0.0
2021-01-08,17,AR1 alpha + Enhanced + One-Step,NYSE:BCC,0.0
2021-01-11,17,AR1 alpha + Enhanced + One-Step,NYSE:BCC,2.2159736338165287e-07
2021-01-12,17,AR1 alpha + Enhanced + One-Step,NYSE:BCC,0.0
2021-01-13,17,AR1 alpha + Enhanced + One-Step,NYSE:BCC,1.4089820675365283e-09
2021-01-14,17,AR1 alpha + Enhanced + One-Step,NYSE:BCC,5.638656824910634e-08
2021-01-15,17,AR1 alpha + Enhanced + One-Step,NYSE:BCC,7.400766327250447e-08
2021-01-19,17,AR1 alpha + Enhanced + One-Step,NYSE:BCC,0.0
2021-01-20,17,AR1 alpha + Enhanced + One-Step,NYSE:BCC,9.220134993216672e-08
2021-01-21,17,AR1 alpha + Enhanced + One-Step,NYSE:BCC,0.0
2021-01-22,17,AR1 alpha + Enhanced + One-Step,NYSE:BCC,0.0
2021-01-25,17,AR1 alpha + Enhanced + One-Step,NYSE:BCC,0.0
2021-01-26,17,AR1 alpha + Enhanced + One-Step,NYSE:BCC,0.0
2021-01-27,17,AR1 alpha + Enhanced + One-Step,NYSE:BCC,3.66071750936301e-08
2021-01-28,17,AR1 alpha + Enhanced + One-Step,NYSE:BCC,3.48373859690206e-07
2021-01-29,17,AR1 alpha + Enhanced + One-Step,NYSE:BCC,4.218139975357724e-08
2021-02-01,17,AR1 alpha + Enhanced + One-Step,NYSE:BCC,5.331304731806183e-09
2021-02-02,17,AR1 alpha + Enhanced + One-Step,NYSE:BCC,1.026154037322e-08
2021-02-03,17,AR1 alpha + Enhanced + One-Step,NYSE:BCC,0.0
2021-02-04,17,AR1 alpha + Enhanced + One-Step,NYSE:BCC,0.0
2021-02-05,17,AR1 alpha + Enhanced + One-Step,NYSE:BCC,0.0
2021-02-08,17,AR1 alpha + Enhanced + One-Step,NYSE:BCC,2.1787209969285466e-07
2021-02-09,17,AR1 alpha + Enhanced + One-Step,NYSE:BCC,7.827847970557127e-08
2021-02-10,17,AR1 alpha + Enhanced + One-Step,NYSE:BCC,6.516819551477351e-07
2021-02-11,17,AR1 alpha + Enhanced + One-Step,NYSE:BCC,4.340334667907228e-07
2021-02-12,17,AR1 alpha + Enhanced + One-Step,NYSE:BCC,2.163379560114815e-07
2021-02-16,17,AR1 alpha + Enhanced + One-Step,NYSE:BCC,7.227796184426071e-08
2021-02-17,17,AR1 alpha + Enhanced + One-Step,NYSE:BCC,9.026361059631347e-08
2021-02-18,17,AR1 alpha + Enhanced + One-Step,NYSE:BCC,8.212071641441225e-08
2021-02-19,17,AR1 alpha + Enhanced + One-Step,NYSE:BCC,0.0
2021-02-22,17,AR1 alpha + Enhanced + One-Step,NYSE:BCC,3.982174400082366e-07
2021-02-23,17,AR1 alpha + Enhanced + One-Step,NYSE:BCC,7.373414628239139e-07
2021-02-24,17,AR1 alpha + Enhanced + One-Step,NYSE:BCC,4.5080439172882593e-07
2021-02-25,17,AR1 alpha + Enhanced + One-Step,NYSE:BCC,0.0
2021-02-26,17,AR1 alpha + Enhanced + One-Step,NYSE:BCC,1.5158781074678932e-07
2021-03-01,17,AR1 alpha + Enhanced + One-Step,NYSE:BCC,7.243144518847004e-08
2021-03-02,17,AR1 alpha + Enhanced + One-Step,NYSE:BCC,6.83256778859726e-08
2021-03-03,17,AR1 alpha + Enhanced + One-Step,NYSE:BCC,0.0
2021-03-04,17,AR1 alpha + Enhanced + One-Step,NYSE:BCC,1.3990742440887375e-09
2021-03-05,17,AR1 alpha + Enhanced + One-Step,NYSE:BCC,0.0
2021-03-08,17,AR1 alpha + Enhanced + One-Step,NYSE:BCC,0.0
2021-03-09,17,AR1 alpha + Enhanced + One-Step,NYSE:BCC,1.7962466651380154e-08
2021-03-10,17,AR1 alpha + Enhanced + One-Step,NYSE:BCC,1.53122557922603e-06
2021-03-11,17,AR1 alpha + Enhanced + One-Step,NYSE:BCC,3.516984760652557e-07
2021-03-12,17,AR1 alpha + Enhanced + One-Step,NYSE:BCC,1.5443423901978683e-07
2021-03-15,17,AR1 alpha + Enhanced + One-Step,NYSE:BCC,1.2168071708256595e-06
2021-03-16,17,AR1 alpha + Enhanced + One-Step,NYSE:BCC,7.27862693036795e-07
2021-03-17,17,AR1 alpha + Enhanced + One-Step,NYSE:BCC,8.064126514256516e-08
2021-03-18,17,AR1 alpha + Enhanced + One-Step,NYSE:BCC,8.058831650266325e-08
2021-03-19,17,AR1 alpha + Enhanced + One-Step,NYSE:BCC,0.0
2021-03-22,17,AR1 alpha + Enhanced + One-Step,NYSE:BCC,1.368554033988192e-07
2021-03-23,17,AR1 alpha + Enhanced + One-Step,NYSE:BCC,2.2087232319405906e-07
2021-03-24,17,AR1 alpha + Enhanced + One-Step,NYSE:BCC,1.1248225887576515e-07
2021-03-25,17,AR1 alpha + Enhanced + One-Step,NYSE:BCC,1.410836472521009e-07
2021-03-26,17,AR1 alpha + Enhanced + One-Step,NYSE:BCC,2.1828609628137786e-07
2021-03-29,17,AR1 alpha + Enhanced + One-Step,NYSE:BCC,2.300472705776185e-07
2021-03-30,17,AR1 alpha + Enhanced + One-Step,NYSE:BCC,5.624912759096972e-10
2021-03-31,17,AR1 alpha + Enhanced + One-Step,NYSE:BCC,0.0
2021-04-01,17,AR1 alpha + Enhanced + One-Step,NYSE:BCC,4.626711225841932e-07
2021-04-05,17,AR1 alpha + Enhanced + One-Step,NYSE:BCC,1.2070146203190167e-07
2021-04-06,17,AR1 alpha + Enhanced + One-Step,NYSE:BCC,6.056164318346362e-08
2021-04-07,17,AR1 alpha + Enhanced + One-Step,NYSE:BCC,0.0
2021-04-08,17,AR1 alpha + Enhanced + One-Step,NYSE:BCC,0.0
2021-04-09,17,AR1 alpha + Enhanced + One-Step,NYSE:BCC,5.497790476744719e-09
2021-04-12,17,AR1 alpha + Enhanced + One-Step,NYSE:BCC,0.0
2021-04-13,17,AR1 alpha + Enhanced + One-Step,NYSE:BCC,0.0
2021-04-14,17,AR1 alpha + Enhanced + One-Step,NYSE:BCC,0.0
2021-04-15,17,AR1 alpha + Enhanced + One-Step,NYSE:BCC,3.658965274659176e-07
2021-04-16,17,AR1 alpha + Enhanced + One-Step,NYSE:BCC,2.2297436370313488e-07
2021-04-19,17,AR1 alpha + Enhanced + One-Step,NYSE:BCC,1.0236577156210672e-07
2021-04-20,17,AR1 alpha + Enhanced + One-Step,NYSE:BCC,0.0
2021-04-21,17,AR1 alpha + Enhanced + One-Step,NYSE:BCC,0.0
2021-04-22,17,AR1 alpha + Enhanced + One-Step,NYSE:BCC,0.0
2021-04-23,17,AR1 alpha + Enhanced + One-Step,NYSE:BCC,0.0
2021-04-26,17,AR1 alpha + Enhanced + One-Step,NYSE:BCC,0.0
2021-04-27,17,AR1 alpha + Enhanced + One-Step,NYSE:BCC,0.0
2021-04-28,17,AR1 alpha + Enhanced + One-Step,NYSE:BCC,0.0
2021-04-29,17,AR1 alpha + Enhanced + One-Step,NYSE:BCC,0.0
2021-04-30,17,AR1 alpha + Enhanced + One-Step,NYSE:BCC,0.0
2021-05-03,17,AR1 alpha + Enhanced + One-Step,NYSE:BCC,2.0455176440721623e-06
2021-05-04,17,AR1 alpha + Enhanced + One-Step,NYSE:BCC,9.978549495426107e-07
2021-05-05,17,AR1 alpha + Enhanced + One-Step,NYSE:BCC,5.302593058256994e-07
2021-05-06,17,AR1 alpha + Enhanced + One-Step,NYSE:BCC,1.0999518492911587e-06
2021-05-07,17,AR1 alpha + Enhanced + One-Step,NYSE:BCC,6.394419887586116e-07
2021-05-10,17,AR1 alpha + Enhanced + One-Step,NYSE:BCC,4.971149315346067e-07
2021-05-11,17,AR1 alpha + Enhanced + One-Step,NYSE:BCC,3.05665854042914e-07
2021-05-12,17,AR1 alpha + Enhanced + One-Step,NYSE:BCC,1.2478634095892995e-07
2021-05-13,17,AR1 alpha + Enhanced + One-Step,NYSE:BCC,0.0
2021-05-14,17,AR1 alpha + Enhanced + One-Step,NYSE:BCC,1.727251960752481e-08
2021-05-17,17,AR1 alpha + Enhanced + One-Step,NYSE:BCC,0.0
2021-05-18,17,AR1 alpha + Enhanced + One-Step,NYSE:BCC,3.1375422533886457e-07
2021-05-19,17,AR1 alpha + Enhanced + One-Step,NYSE:BCC,4.55264268661564e-07
2021-05-20,17,AR1 alpha + Enhanced + One-Step,NYSE:BCC,5.625471282266405e-07
2021-05-21,17,AR1 alpha + Enhanced + One-Step,NYSE:BCC,3.605178084474628e-07
2021-05-24,17,AR1 alpha + Enhanced + One-Step,NYSE:BCC,0.0
2021-05-25,17,AR1 alpha + Enhanced + One-Step,NYSE:BCC,0.0
2021-05-26,17,AR1 alpha + Enhanced + One-Step,NYSE:BCC,0.0
2021-05-27,17,AR1 alpha + Enhanced + One-Step,NYSE:BCC,1.4411727536343284e-07
2021-05-28,17,AR1 alpha + Enhanced + One-Step,NYSE:BCC,3.2035333964533403e-10
2021-06-01,17,AR1 alpha + Enhanced + One-Step,NYSE:BCC,0.0
2021-06-02,17,AR1 alpha + Enhanced + One-Step,NYSE:BCC,7.45108659399637e-07
2021-06-03,17,AR1 alpha + Enhanced + One-Step,NYSE:BCC,1.8837663658206558e-07
2021-06-04,17,AR1 alpha + Enhanced + One-Step,NYSE:BCC,0.0
2021-06-07,17,AR1 alpha + Enhanced + One-Step,NYSE:BCC,0.0
2021-06-08,17,AR1 alpha + Enhanced + One-Step,NYSE:BCC,0.0
2021-06-09,17,AR1 alpha + Enhanced + One-Step,NYSE:BCC,0.0
2021-06-10,17,AR1 alpha + Enhanced + One-Step,NYSE:BCC,7.961349400539628e-07
2021-06-11,17,AR1 alpha + Enhanced + One-Step,NYSE:BCC,4.625881885500307e-07
2021-06-14,17,AR1 alpha + Enhanced + One-Step,NYSE:BCC,4.828491610428555e-07
2021-06-15,17,AR1 alpha + Enhanced + One-Step,NYSE:BCC,0.0
2021-06-16,17,AR1 alpha + Enhanced + One-Step,NYSE:BCC,0.0
2021-06-17,17,AR1 alpha + Enhanced + One-Step,NYSE:BCC,0.0
2021-06-18,17,AR1 alpha + Enhanced + One-Step,NYSE:BCC,0.0
2021-06-21,17,AR1 alpha + Enhanced + One-Step,NYSE:BCC,3.5554167322081994e-08
2021-06-22,17,AR1 alpha + Enhanced + One-Step,NYSE:BCC,5.949179800791396e-07
2021-06-23,17,AR1 alpha + Enhanced + One-Step,NYSE:BCC,0.008412717069203624
2021-06-24,17,AR1 alpha + Enhanced + One-Step,NYSE:BCC,0.008414460083668666
2021-06-25,17,AR1 alpha + Enhanced + One-Step,NYSE:BCC,0.008415046192755444
2021-06-28,17,AR1 alpha + Enhanced + One-Step,NYSE:BCC,0.008415204299927167
2021-06-29,17,AR1 alpha + Enhanced + One-Step,NYSE:BCC,4.818142772477006e-09
2021-06-30,17,AR1 alpha + Enhanced + One-Step,NYSE:BCC,0.0
2021-07-01,17,AR1 alpha + Enhanced + One-Step,NYSE:BCC,0.0
2021-07-02,17,AR1 alpha + Enhanced + One-Step,NYSE:BCC,0.0
2021-07-06,17,AR1 alpha + Enhanced + One-Step,NYSE:BCC,0.0
2021-07-07,17,AR1 alpha + Enhanced + One-Step,NYSE:BCC,6.479351660939271e-07
2021-07-08,17,AR1 alpha + Enhanced + One-Step,NYSE:BCC,2.673135114712783e-07
2021-07-09,17,AR1 alpha + Enhanced + One-Step,NYSE:BCC,0.0
2021-07-12,17,AR1 alpha + Enhanced + One-Step,NYSE:BCC,0.0
2021-07-13,17,AR1 alpha + Enhanced + One-Step,NYSE:BCC,0.0
2021-07-14,17,AR1 alpha + Enhanced + One-Step,NYSE:BCC,0.007103247013441734
2021-07-15,17,AR1 alpha + Enhanced + One-Step,NYSE:BCC,0.026748215295477516
2021-07-16,17,AR1 alpha + Enhanced + One-Step,NYSE:BCC,0.026746668560139575
2021-07-19,17,AR1 alpha + Enhanced + One-Step,NYSE:BCC,0.02291106330183917
2021-07-20,17,AR1 alpha + Enhanced + One-Step,NYSE:BCC,0.020819169866330218
2021-07-21,17,AR1 alpha + Enhanced + One-Step,NYSE:BCC,0.0065650203822469055
2021-07-22,17,AR1 alpha + Enhanced + One-Step,NYSE:BCC,0.0
2021-07-23,17,AR1 alpha + Enhanced + One-Step,NYSE:BCC,0.0
2021-07-26,17,AR1 alpha + Enhanced + One-Step,NYSE:BCC,0.0
2021-07-27,17,AR1 alpha + Enhanced + One-Step,NYSE:BCC,0.0
2021-07-28,17,AR1 alpha + Enhanced + One-Step,NYSE:BCC,0.0
2021-07-29,17,AR1 alpha + Enhanced + One-Step,NYSE:BCC,0.0
2021-07-30,17,AR1 alpha + Enhanced + One-Step,NYSE:BCC,0.0
2021-08-02,17,AR1 alpha + Enhanced + One-Step,NYSE:BCC,0.0
2021-08-03,17,AR1 alpha + Enhanced + One-Step,NYSE:BCC,0.0
2021-08-04,17,AR1 alpha + Enhanced + One-Step,NYSE:BCC,0.0
2021-08-05,17,AR1 alpha + Enhanced + One-Step,NYSE:BCC,9.261545135006148e-08
2021-08-06,17,AR1 alpha + Enhanced + One-Step,NYSE:BCC,0.0
2021-08-09,17,AR1 alpha + Enhanced + One-Step,NYSE:BCC,0.0
2021-08-10,17,AR1 alpha + Enhanced + One-Step,NYSE:BCC,0.0
2021-08-11,17,AR1 alpha + Enhanced + One-Step,NYSE:BCC,0.0
2021-08-12,17,AR1 alpha + Enhanced + One-Step,NYSE:BCC,0.0
2021-08-13,17,AR1 alpha + Enhanced + One-Step,NYSE:BCC,1.3062198080840117e-07
2021-08-16,17,AR1 alpha + Enhanced + One-Step,NYSE:BCC,1.1352298364793279e-06
2021-08-17,17,AR1 alpha + Enhanced + One-Step,NYSE:BCC,9.280605721757096e-07
2021-08-18,17,AR1 alpha + Enhanced + One-Step,NYSE:BCC,8.058186299696503e-07
2021-08-19,17,AR1 alpha + Enhanced + One-Step,NYSE:BCC,1.4757286706849038e-06
2021-08-20,17,AR1 alpha + Enhanced + One-Step,NYSE:BCC,0.0
2021-08-23,17,AR1 alpha + Enhanced + One-Step,NYSE:BCC,0.0
2021-08-24,17,AR1 alpha + Enhanced + One-Step,NYSE:BCC,6.304125256388838e-08
2021-08-25,17,AR1 alpha + Enhanced + One-Step,NYSE:BCC,4.558766620011506e-08
2021-08-26,17,AR1 alpha + Enhanced + One-Step,NYSE:BCC,0.0
2021-08-27,17,AR1 alpha + Enhanced + One-Step,NYSE:BCC,0.0
2021-08-30,17,AR1 alpha + Enhanced + One-Step,NYSE:BCC,0.0
2021-08-31,17,AR1 alpha + Enhanced + One-Step,NYSE:BCC,0.0
2021-09-01,17,AR1 alpha + Enhanced + One-Step,NYSE:BCC,0.0
2021-09-02,17,AR1 alpha + Enhanced + One-Step,NYSE:BCC,9.932319379422363e-08
2021-09-03,17,AR1 alpha + Enhanced + One-Step,NYSE:BCC,0.0
2021-09-07,17,AR1 alpha + Enhanced + One-Step,NYSE:BCC,0.0
2021-09-08,17,AR1 alpha + Enhanced + One-Step,NYSE:BCC,0.0
2021-09-09,17,AR1 alpha + Enhanced + One-Step,NYSE:BCC,0.0
2021-09-10,17,AR1 alpha + Enhanced + One-Step,NYSE:BCC,0.0
2021-09-13,17,AR1 alpha + Enhanced + One-Step,NYSE:BCC,3.036849349800244e-07
2021-09-14,17,AR1 alpha + Enhanced + One-Step,NYSE:BCC,8.410216488524158e-08
2021-09-15,17,AR1 alpha + Enhanced + One-Step,NYSE:BCC,0.0
2021-09-16,17,AR1 alpha + Enhanced + One-Step,NYSE:BCC,0.0
2021-09-17,17,AR1 alpha + Enhanced + One-Step,NYSE:BCC,0.0
2021-09-20,17,AR1 alpha + Enhanced + One-Step,NYSE:BCC,0.0
2021-09-21,17,AR1 alpha + Enhanced + One-Step,NYSE:BCC,0.0
2021-09-22,17,AR1 alpha + Enhanced + One-Step,NYSE:BCC,0.0
2021-09-23,17,AR1 alpha + Enhanced + One-Step,NYSE:BCC,4.269188404498342e-07
2021-09-24,17,AR1 alpha + Enhanced + One-Step,NYSE:BCC,2.077574765162116e-07
2021-09-27,17,AR1 alpha + Enhanced + One-Step,NYSE:BCC,1.0297008437810691e-07
2021-09-28,17,AR1 alpha + Enhanced + One-Step,NYSE:BCC,0.0
2021-09-29,17,AR1 alpha + Enhanced + One-Step,NYSE:BCC,3.51073782258865e-07
2021-09-30,17,AR1 alpha + Enhanced + One-Step,NYSE:BCC,1.8610427191103144e-07
2021-10-01,17,AR1 alpha + Enhanced + One-Step,NYSE:BCC,1.159806551333849e-07
2021-10-04,17,AR1 alpha + Enhanced + One-Step,NYSE:BCC,1.0650545082685274e-07
2021-10-05,17,AR1 alpha + Enhanced + One-Step,NYSE:BCC,0.0
2021-10-06,17,AR1 alpha + Enhanced + One-Step,NYSE:BCC,0.0
2021-10-07,17,AR1 alpha + Enhanced + One-Step,NYSE:BCC,0.0
2021-10-08,17,AR1 alpha + Enhanced + One-Step,NYSE:BCC,0.0
2021-10-11,17,AR1 alpha + Enhanced + One-Step,NYSE:BCC,0.0
2021-10-12,17,AR1 alpha + Enhanced + One-Step,NYSE:BCC,1.909365516523239e-07
2021-10-13,17,AR1 alpha + Enhanced + One-Step,NYSE:BCC,1.470540832446207e-07
2021-10-14,17,AR1 alpha + Enhanced + One-Step,NYSE:BCC,0.0
2021-10-15,17,AR1 alpha + Enhanced + One-Step,NYSE:BCC,0.0
2021-10-18,17,AR1 alpha + Enhanced + One-Step,NYSE:BCC,0.0
2021-10-19,17,AR1 alpha + Enhanced + One-Step,NYSE:BCC,2.0807950607828342e-09
2021-10-20,17,AR1 alpha + Enhanced + One-Step,NYSE:BCC,1.6485028608108268e-07
2021-10-21,17,AR1 alpha + Enhanced + One-Step,NYSE:BCC,9.820120533773763e-08
2021-10-22,17,AR1 alpha + Enhanced + One-Step,NYSE:BCC,0.0
2021-10-25,17,AR1 alpha + Enhanced + One-Step,NYSE:BCC,0.0
2021-10-26,17,AR1 alpha + Enhanced + One-Step,NYSE:BCC,0.0
2021-10-27,17,AR1 alpha + Enhanced + One-Step,NYSE:BCC,0.0
2021-10-28,17,AR1 alpha + Enhanced + One-Step,NYSE:BCC,6.838764040673984e-08
2021-10-29,17,AR1 alpha + Enhanced + One-Step,NYSE:BCC,0.0
2021-11-01,17,AR1 alpha + Enhanced + One-Step,NYSE:BCC,0.0
2021-11-02,17,AR1 alpha + Enhanced + One-Step,NYSE:BCC,0.0
2021-11-03,17,AR1 alpha + Enhanced + One-Step,NYSE:BCC,1.0006261421460191e-06
2021-11-04,17,AR1 alpha + Enhanced + One-Step,NYSE:BCC,6.835110978158296e-07
2021-11-05,17,AR1 alpha + Enhanced + One-Step,NYSE:BCC,3.3209964425261937e-07
2021-11-08,17,AR1 alpha + Enhanced + One-Step,NYSE:BCC,0.0
2021-11-09,17,AR1 alpha + Enhanced + One-Step,NYSE:BCC,0.0
2021-11-10,17,AR1 alpha + Enhanced + One-Step,NYSE:BCC,6.850885080451662e-07
2021-11-11,17,AR1 alpha + Enhanced + One-Step,NYSE:BCC,4.060270441621965e-07
2021-11-12,17,AR1 alpha + Enhanced + One-Step,NYSE:BCC,3.352947146368075e-07
2021-11-15,17,AR1 alpha + Enhanced + One-Step,NYSE:BCC,5.61011420292357e-07
2021-11-16,17,AR1 alpha + Enhanced + One-Step,NYSE:BCC,2.309643802993195e-07
2021-11-17,17,AR1 alpha + Enhanced + One-Step,NYSE:BCC,0.0
2021-11-18,17,AR1 alpha + Enhanced + One-Step,NYSE:BCC,0.0
2021-11-19,17,AR1 alpha + Enhanced + One-Step,NYSE:BCC,2.100730070491497e-07
2021-11-22,17,AR1 alpha + Enhanced + One-Step,NYSE:BCC,2.9322576186029273e-07
2021-11-23,17,AR1 alpha + Enhanced + One-Step,NYSE:BCC,0.0
2021-11-24,17,AR1 alpha + Enhanced + One-Step,NYSE:BCC,0.0
2021-11-26,17,AR1 alpha + Enhanced + One-Step,NYSE:BCC,0.0
2021-11-29,17,AR1 alpha + Enhanced + One-Step,NYSE:BCC,7.187976369866185e-09
2021-11-30,17,AR1 alpha + Enhanced + One-Step,NYSE:BCC,0.013145314087147275
2021-12-01,17,AR1 alpha + Enhanced + One-Step,NYSE:BCC,0.013144830735946855
2021-12-02,17,AR1 alpha + Enhanced + One-Step,NYSE:BCC,0.013143680835669398
2021-12-03,17,AR1 alpha + Enhanced + One-Step,NYSE:BCC,0.00987065054926839
2021-12-06,17,AR1 alpha + Enhanced + One-Step,NYSE:BCC,0.009870528493784085
2021-12-07,17,AR1 alpha + Enhanced + One-Step,NYSE:BCC,0.009870560217267918
2021-12-08,17,AR1 alpha + Enhanced + One-Step,NYSE:BCC,0.00987058560987539
2021-12-09,17,AR1 alpha + Enhanced + One-Step,NYSE:BCC,0.00987012650992747
2021-12-10,17,AR1 alpha + Enhanced + One-Step,NYSE:BCC,0.00986963415139772
2021-12-13,17,AR1 alpha + Enhanced + One-Step,NYSE:BCC,0.009868092972691523
2021-12-14,17,AR1 alpha + Enhanced + One-Step,NYSE:BCC,0.008067238974144339
2021-12-15,17,AR1 alpha + Enhanced + One-Step,NYSE:BCC,0.0080679421256511
2021-12-16,17,AR1 alpha + Enhanced + One-Step,NYSE:BCC,5.134139254473645e-07
2021-12-17,17,AR1 alpha + Enhanced + One-Step,NYSE:BCC,1.8046405282730277e-07
2021-12-20,17,AR1 alpha + Enhanced + One-Step,NYSE:BCC,0.0
2021-12-21,17,AR1 alpha + Enhanced + One-Step,NYSE:BCC,1.4796274032976752e-07
2021-12-22,17,AR1 alpha + Enhanced + One-Step,NYSE:BCC,6.755257751159645e-08
2021-12-23,17,AR1 alpha + Enhanced + One-Step,NYSE:BCC,2.878374324477976e-07
2021-12-27,17,AR1 alpha + Enhanced + One-Step,NYSE:BCC,2.666989065531005e-07
2021-12-28,17,AR1 alpha + Enhanced + One-Step,NYSE:BCC,1.8634336364845648e-07
2021-12-29,17,AR1 alpha + Enhanced + One-Step,NYSE:BCC,2.9562773476341893e-07
2021-12-30,17,AR1 alpha + Enhanced + One-Step,NYSE:BCC,2.3335322366462273e-07
2021-12-31,17,AR1 alpha + Enhanced + One-Step,NYSE:BCC,1.115495718552849e-07
2022-01-03,17,AR1 alpha + Enhanced + One-Step,NYSE:BCC,7.362742855760719e-09
2022-01-04,17,AR1 alpha + Enhanced + One-Step,NYSE:BCC,1.1623892537869822e-08
2022-01-05,17,AR1 alpha + Enhanced + One-Step,NYSE:BCC,1.7770426538573613e-09
2022-01-06,17,AR1 alpha + Enhanced + One-Step,NYSE:BCC,4.435232387724607e-09
2022-01-07,17,AR1 alpha + Enhanced + One-Step,NYSE:BCC,0.0
2022-01-10,17,AR1 alpha + Enhanced + One-Step,NYSE:BCC,0.0
2022-01-11,17,AR1 alpha + Enhanced + One-Step,NYSE:BCC,0.0
2022-01-12,17,AR1 alpha + Enhanced + One-Step,NYSE:BCC,0.0
2022-01-13,17,AR1 alpha + Enhanced + One-Step,NYSE:BCC,0.0
2022-01-14,17,AR1 alpha + Enhanced + One-Step,NYSE:BCC,0.0
2022-01-18,17,AR1 alpha + Enhanced + One-Step,NYSE:BCC,1.5582806868643777e-07
2022-01-19,17,AR1 alpha + Enhanced + One-Step,NYSE:BCC,0.0
2022-01-20,17,AR1 alpha + Enhanced + One-Step,NYSE:BCC,3.389075827795177e-08
2022-01-21,17,AR1 alpha + Enhanced + One-Step,NYSE:BCC,0.0
2022-01-24,17,AR1 alpha + Enhanced + One-Step,NYSE:BCC,0.0
2022-01-25,17,AR1 alpha + Enhanced + One-Step,NYSE:BCC,6.737930129980917e-08
2022-01-26,17,AR1 alpha + Enhanced + One-Step,NYSE:BCC,8.749393361279264e-08
2022-01-27,17,AR1 alpha + Enhanced + One-Step,NYSE:BCC,0.0
2022-01-28,17,AR1 alpha + Enhanced + One-Step,NYSE:BCC,3.320152871602995e-09
2022-01-31,17,AR1 alpha + Enhanced + One-Step,NYSE:BCC,2.1464793955704129e-07
2022-02-01,17,AR1 alpha + Enhanced + One-Step,NYSE:BCC,1.6997028289124015e-07
2022-02-02,17,AR1 alpha + Enhanced + One-Step,NYSE:BCC,1.1253725178342224e-07
2022-02-03,17,AR1 alpha + Enhanced + One-Step,NYSE:BCC,0.0
2022-02-04,17,AR1 alpha + Enhanced + One-Step,NYSE:BCC,0.0
2022-02-07,17,AR1 alpha + Enhanced + One-Step,NYSE:BCC,6.895021650139142e-09
2022-02-08,17,AR1 alpha + Enhanced + One-Step,NYSE:BCC,0.0
2022-02-09,17,AR1 alpha + Enhanced + One-Step,NYSE:BCC,1.6469927398586257e-08
2022-02-10,17,AR1 alpha + Enhanced + One-Step,NYSE:BCC,2.3357174540602256e-08
2022-02-11,17,AR1 alpha + Enhanced + One-Step,NYSE:BCC,2.808880373299459e-07
2022-02-14,17,AR1 alpha + Enhanced + One-Step,NYSE:BCC,9.670966209040032e-08
2022-02-15,17,AR1 alpha + Enhanced + One-Step,NYSE:BCC,7.131453573060079e-08
2022-02-16,17,AR1 alpha + Enhanced + One-Step,NYSE:BCC,1.5315296979433208e-07
2022-02-17,17,AR1 alpha + Enhanced + One-Step,NYSE:BCC,1.577556065047296e-07
2022-02-18,17,AR1 alpha + Enhanced + One-Step,NYSE:BCC,0.015534315621061086
2022-02-22,17,AR1 alpha + Enhanced + One-Step,NYSE:BCC,0.015534322653913291
2022-02-23,17,AR1 alpha + Enhanced + One-Step,NYSE:BCC,0.0
2022-02-24,17,AR1 alpha + Enhanced + One-Step,NYSE:BCC,0.0
2022-02-25,17,AR1 alpha + Enhanced + One-Step,NYSE:BCC,3.846124366342221e-08
2022-02-28,17,AR1 alpha + Enhanced + One-Step,NYSE:BCC,3.189420661460012e-08
2022-03-01,17,AR1 alpha + Enhanced + One-Step,NYSE:BCC,7.5263955311507e-08
2022-03-02,17,AR1 alpha + Enhanced + One-Step,NYSE:BCC,0.0
2022-03-03,17,AR1 alpha + Enhanced + One-Step,NYSE:BCC,0.0
2022-03-04,17,AR1 alpha + Enhanced + One-Step,NYSE:BCC,0.0
2022-03-07,17,AR1 alpha + Enhanced + One-Step,NYSE:BCC,6.317076719565528e-07
2022-03-08,17,AR1 alpha + Enhanced + One-Step,NYSE:BCC,2.7361368963823717e-07
2022-03-09,17,AR1 alpha + Enhanced + One-Step,NYSE:BCC,1.1935881579753178e-07
2022-03-10,17,AR1 alpha + Enhanced + One-Step,NYSE:BCC,1.7279768617179118e-07
2022-03-11,17,AR1 alpha + Enhanced + One-Step,NYSE:BCC,0.0
2022-03-14,17,AR1 alpha + Enhanced + One-Step,NYSE:BCC,0.0
2022-03-15,17,AR1 alpha + Enhanced + One-Step,NYSE:BCC,0.0
2022-03-16,17,AR1 alpha + Enhanced + One-Step,NYSE:BCC,1.826784701737398e-08
2022-03-17,17,AR1 alpha + Enhanced + One-Step,NYSE:BCC,2.0582192996613397e-08
2022-03-18,17,AR1 alpha + Enhanced + One-Step,NYSE:BCC,0.0
2022-03-21,17,AR1 alpha + Enhanced + One-Step,NYSE:BCC,1.0387021222908127e-07
2022-03-22,17,AR1 alpha + Enhanced + One-Step,NYSE:BCC,5.4740184052787045e-08
2022-03-23,17,AR1 alpha + Enhanced + One-Step,NYSE:BCC,2.769481564887132e-08
2022-03-24,17,AR1 alpha + Enhanced + One-Step,NYSE:BCC,0.018673328535698475
2022-03-25,17,AR1 alpha + Enhanced + One-Step,NYSE:BCC,0.02000209250126911
2022-03-28,17,AR1 alpha + Enhanced + One-Step,NYSE:BCC,0.02000214684293967
2022-03-29,17,AR1 alpha + Enhanced + One-Step,NYSE:BCC,0.020001282695878832
2022-03-30,17,AR1 alpha + Enhanced + One-Step,NYSE:BCC,0.02000129175434061
2022-03-31,17,AR1 alpha + Enhanced + One-Step,NYSE:BCC,0.020001289251929937
2022-04-01,17,AR1 alpha + Enhanced + One-Step,NYSE:BCC,0.01999743423650048
2022-04-04,17,AR1 alpha + Enhanced + One-Step,NYSE:BCC,0.019996771875463778
2022-04-05,17,AR1 alpha + Enhanced + One-Step,NYSE:BCC,0.019996919555433146
2022-04-06,17,AR1 alpha + Enhanced + One-Step,NYSE:BCC,0.019995227573636958
2022-04-07,17,AR1 alpha + Enhanced + One-Step,NYSE:BCC,0.019995190717704957
2022-04-08,17,AR1 alpha + Enhanced + One-Step,NYSE:BCC,0.01999525440295622
2022-04-11,17,AR1 alpha + Enhanced + One-Step,NYSE:BCC,0.019992727818998163
2022-04-12,17,AR1 alpha + Enhanced + One-Step,NYSE:BCC,0.00969363534224295
2022-04-13,17,AR1 alpha + Enhanced + One-Step,NYSE:BCC,2.588900073613113e-07
2022-04-14,17,AR1 alpha + Enhanced + One-Step,NYSE:BCC,0.0
2022-04-18,17,AR1 alpha + Enhanced + One-Step,NYSE:BCC,0.0
2022-04-19,17,AR1 alpha + Enhanced + One-Step,NYSE:BCC,0.0
2022-04-20,17,AR1 alpha + Enhanced + One-Step,NYSE:BCC,0.0
2022-04-21,17,AR1 alpha + Enhanced + One-Step,NYSE:BCC,3.15476366529864e-08
2022-04-22,17,AR1 alpha + Enhanced + One-Step,NYSE:BCC,0.0
2022-04-25,17,AR1 alpha + Enhanced + One-Step,NYSE:BCC,0.0
2022-04-26,17,AR1 alpha + Enhanced + One-Step,NYSE:BCC,6.887691071110992e-08
2022-04-27,17,AR1 alpha + Enhanced + One-Step,NYSE:BCC,5.4829019217095494e-08
2022-04-28,17,AR1 alpha + Enhanced + One-Step,NYSE:BCC,0.0
2022-04-29,17,AR1 alpha + Enhanced + One-Step,NYSE:BCC,0.0
2022-05-02,17,AR1 alpha + Enhanced + One-Step,NYSE:BCC,0.0
2022-05-03,17,AR1 alpha + Enhanced + One-Step,NYSE:BCC,0.0
2022-05-04,17,AR1 alpha + Enhanced + One-Step,NYSE:BCC,0.0
2022-05-05,17,AR1 alpha + Enhanced + One-Step,NYSE:BCC,0.0
2022-05-06,17,AR1 alpha + Enhanced + One-Step,NYSE:BCC,0.0
2022-05-09,17,AR1 alpha + Enhanced + One-Step,NYSE:BCC,4.475706895617054e-08
2022-05-10,17,AR1 alpha + Enhanced + One-Step,NYSE:BCC,2.497087120037839e-08
2022-05-11,17,AR1 alpha + Enhanced + One-Step,NYSE:BCC,6.427625271047623e-07
2022-05-12,17,AR1 alpha + Enhanced + One-Step,NYSE:BCC,0.0
2022-05-13,17,AR1 alpha + Enhanced + One-Step,NYSE:BCC,0.0
2022-05-16,17,AR1 alpha + Enhanced + One-Step,NYSE:BCC,5.773270627737847e-08
2022-05-17,17,AR1 alpha + Enhanced + One-Step,NYSE:BCC,0.0
2022-05-18,17,AR1 alpha + Enhanced + One-Step,NYSE:BCC,4.536852166145188e-07
2022-05-19,17,AR1 alpha + Enhanced + One-Step,NYSE:BCC,2.0855053696949298e-07
2022-05-20,17,AR1 alpha + Enhanced + One-Step,NYSE:BCC,0.012489389310600398
2022-05-23,17,AR1 alpha + Enhanced + One-Step,NYSE:BCC,0.03186167789523687
2022-05-24,17,AR1 alpha + Enhanced + One-Step,NYSE:BCC,0.033873160552609145
2022-05-25,17,AR1 alpha + Enhanced + One-Step,NYSE:BCC,0.0338718741756664
2022-05-26,17,AR1 alpha + Enhanced + One-Step,NYSE:BCC,0.03387186577646046
2022-05-27,17,AR1 alpha + Enhanced + One-Step,NYSE:BCC,0.033871225014986045
2022-05-31,17,AR1 alpha + Enhanced + One-Step,NYSE:BCC,0.03387090263744471
2022-06-01,17,AR1 alpha + Enhanced + One-Step,NYSE:BCC,0.03387111969263953
2022-06-02,17,AR1 alpha + Enhanced + One-Step,NYSE:BCC,0.03387146052523577
2022-06-03,17,AR1 alpha + Enhanced + One-Step,NYSE:BCC,0.03387100029046555
2022-06-06,17,AR1 alpha + Enhanced + One-Step,NYSE:BCC,0.02949907092379124
2022-06-07,17,AR1 alpha + Enhanced + One-Step,NYSE:BCC,0.029498176514129077
2022-06-08,17,AR1 alpha + Enhanced + One-Step,NYSE:BCC,0.02949800325439226
2022-06-09,17,AR1 alpha + Enhanced + One-Step,NYSE:BCC,0.029497311205135747
2022-06-10,17,AR1 alpha + Enhanced + One-Step,NYSE:BCC,0.02949605166368923
2022-06-13,17,AR1 alpha + Enhanced + One-Step,NYSE:BCC,0.029495664430404796
2022-06-14,17,AR1 alpha + Enhanced + One-Step,NYSE:BCC,0.02949658664058072
2022-06-15,17,AR1 alpha + Enhanced + One-Step,NYSE:BCC,0.02949600438738712
2022-06-16,17,AR1 alpha + Enhanced + One-Step,NYSE:BCC,0.02949547175313431
2022-06-17,17,AR1 alpha + Enhanced + One-Step,NYSE:BCC,0.029495049756949398
2022-06-21,17,AR1 alpha + Enhanced + One-Step,NYSE:BCC,0.02949494666697333
2022-06-22,17,AR1 alpha + Enhanced + One-Step,NYSE:BCC,0.029494963368588107
2022-06-23,17,AR1 alpha + Enhanced + One-Step,NYSE:BCC,0.029494925307146445
2022-06-24,17,AR1 alpha + Enhanced + One-Step,NYSE:BCC,0.029494889077756138
2022-06-27,17,AR1 alpha + Enhanced + One-Step,NYSE:BCC,0.029495139211490905
2022-06-28,17,AR1 alpha + Enhanced + One-Step,NYSE:BCC,0.029495116570750813
2022-06-29,17,AR1 alpha + Enhanced + One-Step,NYSE:BCC,0.02949466300036352
2022-06-30,17,AR1 alpha + Enhanced + One-Step,NYSE:BCC,0.02949477757961819
2022-07-01,17,AR1 alpha + Enhanced + One-Step,NYSE:BCC,0.02949459548076716
2022-07-05,17,AR1 alpha + Enhanced + One-Step,NYSE:BCC,0.022569762767256873
2022-07-06,17,AR1 alpha + Enhanced + One-Step,NYSE:BCC,0.011142904485801746
2022-07-07,17,AR1 alpha + Enhanced + One-Step,NYSE:BCC,0.011142536466157553
2022-07-08,17,AR1 alpha + Enhanced + One-Step,NYSE:BCC,0.011142504310001983
2022-07-11,17,AR1 alpha + Enhanced + One-Step,NYSE:BCC,0.011141097556309102
2022-07-12,17,AR1 alpha + Enhanced + One-Step,NYSE:BCC,0.005563441244709555
2022-07-13,17,AR1 alpha + Enhanced + One-Step,NYSE:BCC,0.0016960021511130557
2022-07-14,17,AR1 alpha + Enhanced + One-Step,NYSE:BCC,0.0016960111771778933
2022-07-15,17,AR1 alpha + Enhanced + One-Step,NYSE:BCC,0.0016960300346565607
2022-07-18,17,AR1 alpha + Enhanced + One-Step,NYSE:BCC,0.0016959241378161907
2022-07-19,17,AR1 alpha + Enhanced + One-Step,NYSE:BCC,0.0016958637780659478
2022-07-20,17,AR1 alpha + Enhanced + One-Step,NYSE:BCC,0.0016958373815037326
2022-07-21,17,AR1 alpha + Enhanced + One-Step,NYSE:BCC,0.001695809050628936
2022-07-22,17,AR1 alpha + Enhanced + One-Step,NYSE:BCC,0.008093340985913083
2022-07-25,17,AR1 alpha + Enhanced + One-Step,NYSE:BCC,0.00809370102852649
2022-07-26,17,AR1 alpha + Enhanced + One-Step,NYSE:BCC,0.008093699263445383
2022-07-27,17,AR1 alpha + Enhanced + One-Step,NYSE:BCC,0.008292068136464076
2022-07-28,17,AR1 alpha + Enhanced + One-Step,NYSE:BCC,0.00829210113479864
2022-07-29,17,AR1 alpha + Enhanced + One-Step,NYSE:BCC,0.005174551537932387
2022-08-01,17,AR1 alpha + Enhanced + One-Step,NYSE:BCC,0.0021338316269839323
2022-08-02,17,AR1 alpha + Enhanced + One-Step,NYSE:BCC,0.002133917112803501
2022-08-03,17,AR1 alpha + Enhanced + One-Step,NYSE:BCC,0.002133912092892702
2022-08-04,17,AR1 alpha + Enhanced + One-Step,NYSE:BCC,0.0021339803548317045
2022-08-05,17,AR1 alpha + Enhanced + One-Step,NYSE:BCC,0.0021335298629601472
2022-08-08,17,AR1 alpha + Enhanced + One-Step,NYSE:BCC,0.002132725934580926
2022-08-09,17,AR1 alpha + Enhanced + One-Step,NYSE:BCC,0.007894330511505909
2022-08-10,17,AR1 alpha + Enhanced + One-Step,NYSE:BCC,0.007892899121420502
2022-08-11,17,AR1 alpha + Enhanced + One-Step,NYSE:BCC,0.007892503159387056
2022-08-12,17,AR1 alpha + Enhanced + One-Step,NYSE:BCC,0.007892544952129415
2022-08-15,17,AR1 alpha + Enhanced + One-Step,NYSE:BCC,0.00789254702109015
2022-08-16,17,AR1 alpha + Enhanced + One-Step,NYSE:BCC,0.007892599460935993
2022-08-17,17,AR1 alpha + Enhanced + One-Step,NYSE:BCC,0.007893038389719154
2022-08-18,17,AR1 alpha + Enhanced + One-Step,NYSE:BCC,0.007892196196417156
2022-08-19,17,AR1 alpha + Enhanced + One-Step,NYSE:BCC,0.020195323709335605
2022-08-22,17,AR1 alpha + Enhanced + One-Step,NYSE:BCC,0.020196214193665664
2022-08-23,17,AR1 alpha + Enhanced + One-Step,NYSE:BCC,0.020196197035937526
2022-08-24,17,AR1 alpha + Enhanced + One-Step,NYSE:BCC,0.03602317404027303
2022-08-25,17,AR1 alpha + Enhanced + One-Step,NYSE:BCC,0.03602006017491308
2022-08-26,17,AR1 alpha + Enhanced + One-Step,NYSE:BCC,0.03670956221562113
2022-08-29,17,AR1 alpha + Enhanced + One-Step,NYSE:BCC,0.04007457381183251
2022-08-30,17,AR1 alpha + Enhanced + One-Step,NYSE:BCC,0.05156335229122181
2022-08-31,17,AR1 alpha + Enhanced + One-Step,NYSE:BCC,0.06678320034864722
2022-09-01,17,AR1 alpha + Enhanced + One-Step,NYSE:BCC,0.05753085386072886
2022-09-02,17,AR1 alpha + Enhanced + One-Step,NYSE:BCC,0.05753084154622856
2022-09-06,17,AR1 alpha + Enhanced + One-Step,NYSE:BCC,0.05171759303633546
2022-09-07,17,AR1 alpha + Enhanced + One-Step,NYSE:BCC,0.05005914830501843
2022-09-08,17,AR1 alpha + Enhanced + One-Step,NYSE:BCC,0.05005925073128051
2022-09-09,17,AR1 alpha + Enhanced + One-Step,NYSE:BCC,0.0429241137818534
2022-09-12,17,AR1 alpha + Enhanced + One-Step,NYSE:BCC,0.037452588428246045
2022-09-13,17,AR1 alpha + Enhanced + One-Step,NYSE:BCC,0.05162473681870985
2022-09-14,17,AR1 alpha + Enhanced + One-Step,NYSE:BCC,0.05162393459371584
2022-09-15,17,AR1 alpha + Enhanced + One-Step,NYSE:BCC,0.04043756607782948
2022-09-16,17,AR1 alpha + Enhanced + One-Step,NYSE:BCC,0.030691332757780333
2022-09-19,17,AR1 alpha + Enhanced + One-Step,NYSE:BCC,0.0057142744994928794
2022-09-20,17,AR1 alpha + Enhanced + One-Step,NYSE:BCC,0.005591789040507678
2022-09-21,17,AR1 alpha + Enhanced + One-Step,NYSE:BCC,0.0035019610784112025
2022-09-22,17,AR1 alpha + Enhanced + One-Step,NYSE:BCC,0.0038330072509782567
2022-09-23,17,AR1 alpha + Enhanced + One-Step,NYSE:BCC,0.0038329104264536802
2022-09-26,17,AR1 alpha + Enhanced + One-Step,NYSE:BCC,0.017271655759855956
2022-09-27,17,AR1 alpha + Enhanced + One-Step,NYSE:BCC,0.01594688621541837
2022-09-28,17,AR1 alpha + Enhanced + One-Step,NYSE:BCC,0.0
2022-09-29,17,AR1 alpha + Enhanced + One-Step,NYSE:BCC,1.9898520905975587e-07
2022-09-30,17,AR1 alpha + Enhanced + One-Step,NYSE:BCC,4.971503878452256e-08
2022-10-03,17,AR1 alpha + Enhanced + One-Step,NYSE:BCC,3.172586754685338e-08
2022-10-04,17,AR1 alpha + Enhanced + One-Step,NYSE:BCC,0.0
2022-10-05,17,AR1 alpha + Enhanced + One-Step,NYSE:BCC,0.0
2022-10-06,17,AR1 alpha + Enhanced + One-Step,NYSE:BCC,0.0
2022-10-07,17,AR1 alpha + Enhanced + One-Step,NYSE:BCC,3.680327688471704e-08
2022-10-10,17,AR1 alpha + Enhanced + One-Step,NYSE:BCC,0.0
2022-10-11,17,AR1 alpha + Enhanced + One-Step,NYSE:BCC,0.0
2022-10-12,17,AR1 alpha + Enhanced + One-Step,NYSE:BCC,5.923019447855149e-08
2022-10-13,17,AR1 alpha + Enhanced + One-Step,NYSE:BCC,1.598461188838458e-06
2022-10-14,17,AR1 alpha + Enhanced + One-Step,NYSE:BCC,0.015787081707237152
2022-10-17,17,AR1 alpha + Enhanced + One-Step,NYSE:BCC,0.013288814752238571
2022-10-18,17,AR1 alpha + Enhanced + One-Step,NYSE:BCC,0.0021271726262453287
2022-10-19,17,AR1 alpha + Enhanced + One-Step,NYSE:BCC,0.002127177788663305
2022-10-20,17,AR1 alpha + Enhanced + One-Step,NYSE:BCC,0.002127199775629984
2022-10-21,17,AR1 alpha + Enhanced + One-Step,NYSE:BCC,1.4682615421560334e-07
2022-10-24,17,AR1 alpha + Enhanced + One-Step,NYSE:BCC,0.0
2022-10-25,17,AR1 alpha + Enhanced + One-Step,NYSE:BCC,1.0688933044307082e-08
2022-10-26,17,AR1 alpha + Enhanced + One-Step,NYSE:BCC,2.0325099857415973e-08
2022-10-27,17,AR1 alpha + Enhanced + One-Step,NYSE:BCC,0.0
2022-10-28,17,AR1 alpha + Enhanced + One-Step,NYSE:BCC,0.0
2022-10-31,17,AR1 alpha + Enhanced + One-Step,NYSE:BCC,0.0
2022-11-01,17,AR1 alpha + Enhanced + One-Step,NYSE:BCC,6.749498168960305e-08
2022-11-02,17,AR1 alpha + Enhanced + One-Step,NYSE:BCC,0.0060719412955131235
2022-11-03,17,AR1 alpha + Enhanced + One-Step,NYSE:BCC,0.00607397021353371
2022-11-04,17,AR1 alpha + Enhanced + One-Step,NYSE:BCC,0.0035955220991352593
2022-11-07,17,AR1 alpha + Enhanced + One-Step,NYSE:BCC,0.0
2022-11-08,17,AR1 alpha + Enhanced + One-Step,NYSE:BCC,5.2266168248321824e-08
2022-11-09,17,AR1 alpha + Enhanced + One-Step,NYSE:BCC,0.0
2022-11-10,17,AR1 alpha + Enhanced + One-Step,NYSE:BCC,7.014610592879752e-09
2022-11-11,17,AR1 alpha + Enhanced + One-Step,NYSE:BCC,0.0
2022-11-14,17,AR1 alpha + Enhanced + One-Step,NYSE:BCC,0.0
2022-11-15,17,AR1 alpha + Enhanced + One-Step,NYSE:BCC,1.3088165476671228e-08
2022-11-16,17,AR1 alpha + Enhanced + One-Step,NYSE:BCC,1.2294018049829552e-08
2022-11-17,17,AR1 alpha + Enhanced + One-Step,NYSE:BCC,0.0
2022-11-18,17,AR1 alpha + Enhanced + One-Step,NYSE:BCC,2.1803319029891186e-08
2022-11-21,17,AR1 alpha + Enhanced + One-Step,NYSE:BCC,0.0
2022-11-22,17,AR1 alpha + Enhanced + One-Step,NYSE:BCC,0.0
2022-11-23,17,AR1 alpha + Enhanced + One-Step,NYSE:BCC,2.2500747104311105e-07
2022-11-25,17,AR1 alpha + Enhanced + One-Step,NYSE:BCC,2.046537031206067e-07
2022-11-28,17,AR1 alpha + Enhanced + One-Step,NYSE:BCC,1.2925441432390576e-07
2022-11-29,17,AR1 alpha + Enhanced + One-Step,NYSE:BCC,6.899868383229528e-08
2022-11-30,17,AR1 alpha + Enhanced + One-Step,NYSE:BCC,3.621763082381446e-08
2022-12-01,17,AR1 alpha + Enhanced + One-Step,NYSE:BCC,0.0
2022-12-02,17,AR1 alpha + Enhanced + One-Step,NYSE:BCC,3.2747912574424785e-08
2022-12-05,17,AR1 alpha + Enhanced + One-Step,NYSE:BCC,2.1698146745592834e-08
2022-12-06,17,AR1 alpha + Enhanced + One-Step,NYSE:BCC,0.0
2022-12-07,17,AR1 alpha + Enhanced + One-Step,NYSE:BCC,3.833448218755146e-08
2022-12-08,17,AR1 alpha + Enhanced + One-Step,NYSE:BCC,1.3282499357761595e-08
2022-12-09,17,AR1 alpha + Enhanced + One-Step,NYSE:BCC,0.0
2022-12-12,17,AR1 alpha + Enhanced + One-Step,NYSE:BCC,2.3100220332110782e-07
2022-12-13,17,AR1 alpha + Enhanced + One-Step,NYSE:BCC,0.0
2022-12-14,17,AR1 alpha + Enhanced + One-Step,NYSE:BCC,0.0
2022-12-15,17,AR1 alpha + Enhanced + One-Step,NYSE:BCC,0.0
2022-12-16,17,AR1 alpha + Enhanced + One-Step,NYSE:BCC,2.4674376993770175e-07
2022-12-19,17,AR1 alpha + Enhanced + One-Step,NYSE:BCC,1.412400172388197e-07
2022-12-20,17,AR1 alpha + Enhanced + One-Step,NYSE:BCC,7.509706151738947e-07
2022-12-21,17,AR1 alpha + Enhanced + One-Step,NYSE:BCC,4.4350949088287285e-07
2022-12-22,17,AR1 alpha + Enhanced + One-Step,NYSE:BCC,2.448870254637282e-07
2022-12-23,17,AR1 alpha + Enhanced + One-Step,NYSE:BCC,1.5062170635780747e-07
2022-12-27,17,AR1 alpha + Enhanced + One-Step,NYSE:BCC,9.199088096123482e-08
2022-12-28,17,AR1 alpha + Enhanced + One-Step,NYSE:BCC,0.0021758757477066035
2022-12-29,17,AR1 alpha + Enhanced + One-Step,NYSE:BCC,0.0021756742696239046
2022-12-30,17,AR1 alpha + Enhanced + One-Step,NYSE:BCC,0.0021756806081572075
2023-01-03,17,AR1 alpha + Enhanced + One-Step,NYSE:BCC,0.0021756872433454774
2023-01-04,17,AR1 alpha + Enhanced + One-Step,NYSE:BCC,0.0021756857731304656
2023-01-05,17,AR1 alpha + Enhanced + One-Step,NYSE:BCC,0.011634229703326506
2023-01-06,17,AR1 alpha + Enhanced + One-Step,NYSE:BCC,0.011634176129708112
2023-01-09,17,AR1 alpha + Enhanced + One-Step,NYSE:BCC,0.011633197563375263
2023-01-10,17,AR1 alpha + Enhanced + One-Step,NYSE:BCC,0.011632999722076513
2023-01-11,17,AR1 alpha + Enhanced + One-Step,NYSE:BCC,0.0
2023-01-12,17,AR1 alpha + Enhanced + One-Step,NYSE:BCC,0.0
2023-01-13,17,AR1 alpha + Enhanced + One-Step,NYSE:BCC,0.0
2023-01-17,17,AR1 alpha + Enhanced + One-Step,NYSE:BCC,0.0
2023-01-18,17,AR1 alpha + Enhanced + One-Step,NYSE:BCC,2.290085850380858e-08
2023-01-19,17,AR1 alpha + Enhanced + One-Step,NYSE:BCC,0.0
2023-01-20,17,AR1 alpha + Enhanced + One-Step,NYSE:BCC,0.0
2023-01-23,17,AR1 alpha + Enhanced + One-Step,NYSE:BCC,0.0
2023-01-24,17,AR1 alpha + Enhanced + One-Step,NYSE:BCC,1.0034053375339413e-08
2023-01-25,17,AR1 alpha + Enhanced + One-Step,NYSE:BCC,1.988441201674326e-08
2023-01-26,17,AR1 alpha + Enhanced + One-Step,NYSE:BCC,0.0
2023-01-27,17,AR1 alpha + Enhanced + One-Step,NYSE:BCC,0.0
2023-01-30,17,AR1 alpha + Enhanced + One-Step,NYSE:BCC,2.251487461624356e-08
2023-01-31,17,AR1 alpha + Enhanced + One-Step,NYSE:BCC,0.0
2023-02-01,17,AR1 alpha + Enhanced + One-Step,NYSE:BCC,0.0
2023-02-02,17,AR1 alpha + Enhanced + One-Step,NYSE:BCC,6.773968017992514e-07
2023-02-03,17,AR1 alpha + Enhanced + One-Step,NYSE:BCC,3.060995754051203e-07
2023-02-06,17,AR1 alpha + Enhanced + One-Step,NYSE:BCC,3.453985964798091e-07
2023-02-07,17,AR1 alpha + Enhanced + One-Step,NYSE:BCC,1.3200094848487782e-06
2023-02-08,17,AR1 alpha + Enhanced + One-Step,NYSE:BCC,7.208535945929211e-07
2023-02-09,17,AR1 alpha + Enhanced + One-Step,NYSE:BCC,3.614688064414291e-07
2023-02-10,17,AR1 alpha + Enhanced + One-Step,NYSE:BCC,0.0
2023-02-13,17,AR1 alpha + Enhanced + One-Step,NYSE:BCC,0.0
2023-02-14,17,AR1 alpha + Enhanced + One-Step,NYSE:BCC,2.60014766525021e-07
2023-02-15,17,AR1 alpha + Enhanced + One-Step,NYSE:BCC,1.0526493182043237e-07
2023-02-16,17,AR1 alpha + Enhanced + One-Step,NYSE:BCC,0.0
2023-02-17,17,AR1 alpha + Enhanced + One-Step,NYSE:BCC,0.0
2023-02-21,17,AR1 alpha + Enhanced + One-Step,NYSE:BCC,0.0006508075877088976
2023-02-22,17,AR1 alpha + Enhanced + One-Step,NYSE:BCC,0.0
2023-02-23,17,AR1 alpha + Enhanced + One-Step,NYSE:BCC,0.0
2023-02-24,17,AR1 alpha + Enhanced + One-Step,NYSE:BCC,9.673084315454655e-07
2023-02-27,17,AR1 alpha + Enhanced + One-Step,NYSE:BCC,5.665251879789309e-07
2023-02-28,17,AR1 alpha + Enhanced + One-Step,NYSE:BCC,7.469744982107515e-07
2023-03-01,17,AR1 alpha + Enhanced + One-Step,NYSE:BCC,2.7525740864454677e-07
2023-03-02,17,AR1 alpha + Enhanced + One-Step,NYSE:BCC,0.0
2023-03-03,17,AR1 alpha + Enhanced + One-Step,NYSE:BCC,0.0
2023-03-06,17,AR1 alpha + Enhanced + One-Step,NYSE:BCC,0.0
2023-03-07,17,AR1 alpha + Enhanced + One-Step,NYSE:BCC,2.502567111659567e-08
2023-03-08,17,AR1 alpha + Enhanced + One-Step,NYSE:BCC,0.0
2023-03-09,17,AR1 alpha + Enhanced + One-Step,NYSE:BCC,0.0
2023-03-10,17,AR1 alpha + Enhanced + One-Step,NYSE:BCC,0.0
2023-03-13,17,AR1 alpha + Enhanced + One-Step,NYSE:BCC,0.0
2023-03-14,17,AR1 alpha + Enhanced + One-Step,NYSE:BCC,7.199682445705418e-09
2023-03-15,17,AR1 alpha + Enhanced + One-Step,NYSE:BCC,0.0
2023-03-16,17,AR1 alpha + Enhanced + One-Step,NYSE:BCC,4.8828577331357965e-09
2023-03-17,17,AR1 alpha + Enhanced + One-Step,NYSE:BCC,0.0
2023-03-20,17,AR1 alpha + Enhanced + One-Step,NYSE:BCC,0.0
2023-03-21,17,AR1 alpha + Enhanced + One-Step,NYSE:BCC,0.0
2023-03-22,17,AR1 alpha + Enhanced + One-Step,NYSE:BCC,0.0
2023-03-23,17,AR1 alpha + Enhanced + One-Step,NYSE:BCC,0.0
2023-03-24,17,AR1 alpha + Enhanced + One-Step,NYSE:BCC,0.0
2023-03-27,17,AR1 alpha + Enhanced + One-Step,NYSE:BCC,0.0
2023-03-28,17,AR1 alpha + Enhanced + One-Step,NYSE:BCC,0.0
2023-03-29,17,AR1 alpha + Enhanced + One-Step,NYSE:BCC,7.136133199220277e-09
2023-03-30,17,AR1 alpha + Enhanced + One-Step,NYSE:BCC,1.7178982833571303e-08
2023-03-31,17,AR1 alpha + Enhanced + One-Step,NYSE:BCC,1.1713636570041737e-07
2023-04-03,17,AR1 alpha + Enhanced + One-Step,NYSE:BCC,0.0
2023-04-04,17,AR1 alpha + Enhanced + One-Step,NYSE:BCC,0.0
2023-04-05,17,AR1 alpha + Enhanced + One-Step,NYSE:BCC,0.0
2023-04-06,17,AR1 alpha + Enhanced + One-Step,NYSE:BCC,6.103964859659321e-08
2023-04-10,17,AR1 alpha + Enhanced + One-Step,NYSE:BCC,5.598067410623316e-07
2023-04-11,17,AR1 alpha + Enhanced + One-Step,NYSE:BCC,0.0
2023-04-12,17,AR1 alpha + Enhanced + One-Step,NYSE:BCC,0.0
2023-04-13,17,AR1 alpha + Enhanced + One-Step,NYSE:BCC,0.0
2023-04-14,17,AR1 alpha + Enhanced + One-Step,NYSE:BCC,0.0
2023-04-17,17,AR1 alpha + Enhanced + One-Step,NYSE:BCC,6.965373310965279e-08
2023-04-18,17,AR1 alpha + Enhanced + One-Step,NYSE:BCC,0.0
2023-04-19,17,AR1 alpha + Enhanced + One-Step,NYSE:BCC,0.0
2023-04-20,17,AR1 alpha + Enhanced + One-Step,NYSE:BCC,4.119250715786351e-08
2023-04-21,17,AR1 alpha + Enhanced + One-Step,NYSE:BCC,0.0
2023-04-24,17,AR1 alpha + Enhanced + One-Step,NYSE:BCC,0.0
2023-04-25,17,AR1 alpha + Enhanced + One-Step,NYSE:BCC,0.0
2023-04-26,17,AR1 alpha + Enhanced + One-Step,NYSE:BCC,0.0
2023-04-27,17,AR1 alpha + Enhanced + One-Step,NYSE:BCC,0.0
2023-04-28,17,AR1 alpha + Enhanced + One-Step,NYSE:BCC,0.0
2023-05-01,17,AR1 alpha + Enhanced + One-Step,NYSE:BCC,1.1885749504966147e-07
2023-05-02,17,AR1 alpha + Enhanced + One-Step,NYSE:BCC,1.563508886945103e-07
2023-05-03,17,AR1 alpha + Enhanced + One-Step,NYSE:BCC,0.0
2023-05-04,17,AR1 alpha + Enhanced + One-Step,NYSE:BCC,0.0
2023-05-05,17,AR1 alpha + Enhanced + One-Step,NYSE:BCC,0.0
2023-05-08,17,AR1 alpha + Enhanced + One-Step,NYSE:BCC,4.7344379249264974e-07
2023-05-09,17,AR1 alpha + Enhanced + One-Step,NYSE:BCC,2.504887417643148e-07
2023-05-10,17,AR1 alpha + Enhanced + One-Step,NYSE:BCC,7.348250985280469e-07
2023-05-11,17,AR1 alpha + Enhanced + One-Step,NYSE:BCC,4.0890565966507466e-07
2023-05-12,17,AR1 alpha + Enhanced + One-Step,NYSE:BCC,4.697698374532966e-07
2023-05-15,17,AR1 alpha + Enhanced + One-Step,NYSE:BCC,4.011146243522298e-07
2023-05-16,17,AR1 alpha + Enhanced + One-Step,NYSE:BCC,3.1216460556631997e-07
2023-05-17,17,AR1 alpha + Enhanced + One-Step,NYSE:BCC,0.0
2023-05-18,17,AR1 alpha + Enhanced + One-Step,NYSE:BCC,1.612860431484057e-06
2023-05-19,17,AR1 alpha + Enhanced + One-Step,NYSE:BCC,0.0
2023-05-22,17,AR1 alpha + Enhanced + One-Step,NYSE:BCC,0.0
2023-05-23,17,AR1 alpha + Enhanced + One-Step,NYSE:BCC,0.0
2023-05-24,17,AR1 alpha + Enhanced + One-Step,NYSE:BCC,0.0
2023-05-25,17,AR1 alpha + Enhanced + One-Step,NYSE:BCC,0.0
2023-05-26,17,AR1 alpha + Enhanced + One-Step,NYSE:BCC,0.0
2023-05-30,17,AR1 alpha + Enhanced + One-Step,NYSE:BCC,1.850436124917767e-10
2023-05-31,17,AR1 alpha + Enhanced + One-Step,NYSE:BCC,1.6679878134819845e-07
2023-06-01,17,AR1 alpha + Enhanced + One-Step,NYSE:BCC,0.0
2023-06-02,17,AR1 alpha + Enhanced + One-Step,NYSE:BCC,0.0
2023-06-05,17,AR1 alpha + Enhanced + One-Step,NYSE:BCC,0.0
2023-06-06,17,AR1 alpha + Enhanced + One-Step,NYSE:BCC,1.6673651012846114e-06
2023-06-07,17,AR1 alpha + Enhanced + One-Step,NYSE:BCC,6.036150294169401e-07
2023-06-08,17,AR1 alpha + Enhanced + One-Step,NYSE:BCC,1.9187272208591006e-07
2023-06-09,17,AR1 alpha + Enhanced + One-Step,NYSE:BCC,0.0
2023-06-12,17,AR1 alpha + Enhanced + One-Step,NYSE:BCC,0.0
2023-06-13,17,AR1 alpha + Enhanced + One-Step,NYSE:BCC,0.0
2023-06-14,17,AR1 alpha + Enhanced + One-Step,NYSE:BCC,0.0
2023-06-15,17,AR1 alpha + Enhanced + One-Step,NYSE:BCC,0.0
2023-06-16,17,AR1 alpha + Enhanced + One-Step,NYSE:BCC,0.0
2023-06-20,17,AR1 alpha + Enhanced + One-Step,NYSE:BCC,0.0
2023-06-21,17,AR1 alpha + Enhanced + One-Step,NYSE:BCC,0.0
2023-06-22,17,AR1 alpha + Enhanced + One-Step,NYSE:BCC,0.0
2023-06-23,17,AR1 alpha + Enhanced + One-Step,NYSE:BCC,0.0
2023-06-26,17,AR1 alpha + Enhanced + One-Step,NYSE:BCC,0.0
2023-06-27,17,AR1 alpha + Enhanced + One-Step,NYSE:BCC,0.0
2023-06-28,17,AR1 alpha + Enhanced + One-Step,NYSE:BCC,0.0
2023-06-29,17,AR1 alpha + Enhanced + One-Step,NYSE:BCC,0.0
2023-06-30,17,AR1 alpha + Enhanced + One-Step,NYSE:BCC,0.0
2023-07-03,17,AR1 alpha + Enhanced + One-Step,NYSE:BCC,0.0
2023-07-05,17,AR1 alpha + Enhanced + One-Step,NYSE:BCC,0.0
2023-07-06,17,AR1 alpha + Enhanced + One-Step,NYSE:BCC,1.1573292373779131e-07
2023-07-07,17,AR1 alpha + Enhanced + One-Step,NYSE:BCC,2.803826213310332e-07
2023-07-10,17,AR1 alpha + Enhanced + One-Step,NYSE:BCC,2.1751159361822894e-07
2023-07-11,17,AR1 alpha + Enhanced + One-Step,NYSE:BCC,0.0
2023-07-12,17,AR1 alpha + Enhanced + One-Step,NYSE:BCC,1.00215181419276e-07
2023-07-13,17,AR1 alpha + Enhanced + One-Step,NYSE:BCC,0.0
2023-07-14,17,AR1 alpha + Enhanced + One-Step,NYSE:BCC,0.0
2023-07-17,17,AR1 alpha + Enhanced + One-Step,NYSE:BCC,0.0
2023-07-18,17,AR1 alpha + Enhanced + One-Step,NYSE:BCC,6.352639165783303e-07
2023-07-19,17,AR1 alpha + Enhanced + One-Step,NYSE:BCC,0.0
2023-07-20,17,AR1 alpha + Enhanced + One-Step,NYSE:BCC,0.00674335834087387
2023-07-21,17,AR1 alpha + Enhanced + One-Step,NYSE:BCC,0.018965716768574507
2023-07-24,17,AR1 alpha + Enhanced + One-Step,NYSE:BCC,0.025595076518939615
2023-07-25,17,AR1 alpha + Enhanced + One-Step,NYSE:BCC,0.04716643979108242
2023-07-26,17,AR1 alpha + Enhanced + One-Step,NYSE:BCC,0.06396399961703715
2023-07-27,17,AR1 alpha + Enhanced + One-Step,NYSE:BCC,0.0639627164409149
2023-08-01,17,AR1 alpha + Enhanced + One-Step,NYSE:BCC,0.06226115213326325
2023-08-02,17,AR1 alpha + Enhanced + One-Step,NYSE:BCC,0.0622605746062476
2023-08-03,17,AR1 alpha + Enhanced + One-Step,NYSE:BCC,0.06226075693924098
2023-08-04,17,AR1 alpha + Enhanced + One-Step,NYSE:BCC,0.06226462247280008
2023-08-07,17,AR1 alpha + Enhanced + One-Step,NYSE:BCC,0.062264251650830375
2023-08-08,17,AR1 alpha + Enhanced + One-Step,NYSE:BCC,0.06111704952320241
2023-08-09,17,AR1 alpha + Enhanced + One-Step,NYSE:BCC,0.061117026828839176
2023-08-10,17,AR1 alpha + Enhanced + One-Step,NYSE:BCC,0.06111537553197893
2023-08-11,17,AR1 alpha + Enhanced + One-Step,NYSE:BCC,0.06111308065316227
2023-08-14,17,AR1 alpha + Enhanced + One-Step,NYSE:BCC,0.06111046982306826
2023-08-15,17,AR1 alpha + Enhanced + One-Step,NYSE:BCC,0.061109785148800014
2023-08-16,17,AR1 alpha + Enhanced + One-Step,NYSE:BCC,0.061107636157844834
2023-08-17,17,AR1 alpha + Enhanced + One-Step,NYSE:BCC,0.06110614469942445
2023-08-18,17,AR1 alpha + Enhanced + One-Step,NYSE:BCC,0.07186052526517182
2023-08-21,17,AR1 alpha + Enhanced + One-Step,NYSE:BCC,0.07185896865715832
2023-08-22,17,AR1 alpha + Enhanced + One-Step,NYSE:BCC,0.07531143745189256
2023-08-23,17,AR1 alpha + Enhanced + One-Step,NYSE:BCC,0.07607446214302432
2023-08-24,17,AR1 alpha + Enhanced + One-Step,NYSE:BCC,0.08249296004859354
2023-08-25,17,AR1 alpha + Enhanced + One-Step,NYSE:BCC,0.09999989521327891
2023-08-28,17,AR1 alpha + Enhanced + One-Step,NYSE:BCC,0.09999660141900019
2023-08-29,17,AR1 alpha + Enhanced + One-Step,NYSE:BCC,0.09999590992509164
2023-08-30,17,AR1 alpha + Enhanced + One-Step,NYSE:BCC,0.09999658863101464
2023-08-31,17,AR1 alpha + Enhanced + One-Step,NYSE:BCC,0.09999608224944202
2023-09-01,17,AR1 alpha + Enhanced + One-Step,NYSE:BCC,0.09999515584279953
2023-09-05,17,AR1 alpha + Enhanced + One-Step,NYSE:BCC,0.09998918496801364
2023-09-06,17,AR1 alpha + Enhanced + One-Step,NYSE:BCC,0.09998863470846547
2023-09-07,17,AR1 alpha + Enhanced + One-Step,NYSE:BCC,0.09999196222773798
2023-09-08,17,AR1 alpha + Enhanced + One-Step,NYSE:BCC,0.09999347514408492
2023-09-11,17,AR1 alpha + Enhanced + One-Step,NYSE:BCC,0.09999655132242892
2023-09-12,17,AR1 alpha + Enhanced + One-Step,NYSE:BCC,0.0999976850264431
2023-09-13,17,AR1 alpha + Enhanced + One-Step,NYSE:BCC,0.09999507111437617
2023-09-14,17,AR1 alpha + Enhanced + One-Step,NYSE:BCC,0.0999965624996917
2023-09-15,17,AR1 alpha + Enhanced + One-Step,NYSE:BCC,0.09999767490132376
2023-09-18,17,AR1 alpha + Enhanced + One-Step,NYSE:BCC,0.09999837530602243
2023-09-19,17,AR1 alpha + Enhanced + One-Step,NYSE:BCC,0.09999886166612905
2023-09-20,17,AR1 alpha + Enhanced + One-Step,NYSE:BCC,0.09999921056508279
2023-09-21,17,AR1 alpha + Enhanced + One-Step,NYSE:BCC,0.09999949081144631
2023-09-22,17,AR1 alpha + Enhanced + One-Step,NYSE:BCC,0.0999996536553369
2023-09-25,17,AR1 alpha + Enhanced + One-Step,NYSE:BCC,0.09999743108687545
2023-09-26,17,AR1 alpha + Enhanced + One-Step,NYSE:BCC,0.09999824394228557
2023-09-27,17,AR1 alpha + Enhanced + One-Step,NYSE:BCC,0.09999869840564513
2023-09-28,17,AR1 alpha + Enhanced + One-Step,NYSE:BCC,0.09999900829642386
2023-09-29,17,AR1 alpha + Enhanced + One-Step,NYSE:BCC,0.09999928393768322
2023-10-02,17,AR1 alpha + Enhanced + One-Step,NYSE:BCC,0.09999555130874696
2023-10-03,17,AR1 alpha + Enhanced + One-Step,NYSE:BCC,0.0999934459410159
2023-10-04,17,AR1 alpha + Enhanced + One-Step,NYSE:BCC,0.09998707970821515
2023-10-05,17,AR1 alpha + Enhanced + One-Step,NYSE:BCC,0.09999000832636921
2023-10-06,17,AR1 alpha + Enhanced + One-Step,NYSE:BCC,0.09999242078241585
2023-10-09,17,AR1 alpha + Enhanced + One-Step,NYSE:BCC,0.09999393494869464
2023-10-10,17,AR1 alpha + Enhanced + One-Step,NYSE:BCC,0.09999208744194782
2023-10-11,17,AR1 alpha + Enhanced + One-Step,NYSE:BCC,0.09999923213743896
2023-10-12,17,AR1 alpha + Enhanced + One-Step,NYSE:BCC,0.09999945658197017
2023-10-13,17,AR1 alpha + Enhanced + One-Step,NYSE:BCC,0.0999996188257765
2023-10-16,17,AR1 alpha + Enhanced + One-Step,NYSE:BCC,0.0999997471155717
2023-10-17,17,AR1 alpha + Enhanced + One-Step,NYSE:BCC,0.09999897909595874
2023-10-18,17,AR1 alpha + Enhanced + One-Step,NYSE:BCC,0.09999941106120817
2023-10-19,17,AR1 alpha + Enhanced + One-Step,NYSE:BCC,0.09999954696208264
2023-10-20,17,AR1 alpha + Enhanced + One-Step,NYSE:BCC,0.09999971956540657
2023-10-23,17,AR1 alpha + Enhanced + One-Step,NYSE:BCC,0.09999930162784626
2023-10-24,17,AR1 alpha + Enhanced + One-Step,NYSE:BCC,0.09999950503639375
2023-10-25,17,AR1 alpha + Enhanced + One-Step,NYSE:BCC,0.09999940685270577
2023-10-26,17,AR1 alpha + Enhanced + One-Step,NYSE:BCC,0.09999954726063587
2023-10-27,17,AR1 alpha + Enhanced + One-Step,NYSE:BCC,0.09774325831316386
2023-10-30,17,AR1 alpha + Enhanced + One-Step,NYSE:BCC,0.09774196713667378
2023-10-31,17,AR1 alpha + Enhanced + One-Step,NYSE:BCC,0.0977421653820221
2023-11-01,17,AR1 alpha + Enhanced + One-Step,NYSE:BCC,0.08568407062187054
2023-11-02,17,AR1 alpha + Enhanced + One-Step,NYSE:BCC,0.08568579078754875
2023-11-03,17,AR1 alpha + Enhanced + One-Step,NYSE:BCC,0.08568579587840763
2023-11-06,17,AR1 alpha + Enhanced + One-Step,NYSE:BCC,0.0856859337116773
2023-11-07,17,AR1 alpha + Enhanced + One-Step,NYSE:BCC,0.08567964093829512
2023-11-08,17,AR1 alpha + Enhanced + One-Step,NYSE:BCC,0.08567485442889222
2023-11-09,17,AR1 alpha + Enhanced + One-Step,NYSE:BCC,0.08567182688658108
2023-11-10,17,AR1 alpha + Enhanced + One-Step,NYSE:BCC,0.0851868247618969
2023-11-13,17,AR1 alpha + Enhanced + One-Step,NYSE:BCC,0.085185495895852
2023-11-14,17,AR1 alpha + Enhanced + One-Step,NYSE:BCC,0.0694804726886463
2023-11-15,17,AR1 alpha + Enhanced + One-Step,NYSE:BCC,0.05749170254733625
2023-11-16,17,AR1 alpha + Enhanced + One-Step,NYSE:BCC,0.05749091733149726
2023-11-17,17,AR1 alpha + Enhanced + One-Step,NYSE:BCC,0.04606495891034491
2023-11-20,17,AR1 alpha + Enhanced + One-Step,NYSE:BCC,0.037082696218332864
2023-11-21,17,AR1 alpha + Enhanced + One-Step,NYSE:BCC,0.0370827440968943
2023-11-22,17,AR1 alpha + Enhanced + One-Step,NYSE:BCC,0.03306954621795238
2023-11-24,17,AR1 alpha + Enhanced + One-Step,NYSE:BCC,0.03306954800262974
2023-11-27,17,AR1 alpha + Enhanced + One-Step,NYSE:BCC,0.03306896234593585
2023-11-28,17,AR1 alpha + Enhanced + One-Step,NYSE:BCC,0.04141304892869805
2023-11-29,17,AR1 alpha + Enhanced + One-Step,NYSE:BCC,0.04188480825052544
2023-11-30,17,AR1 alpha + Enhanced + One-Step,NYSE:BCC,0.06682596470149638
2023-12-01,17,AR1 alpha + Enhanced + One-Step,NYSE:BCC,0.06682591560301933
2023-12-04,17,AR1 alpha + Enhanced + One-Step,NYSE:BCC,0.06682337883854965
2023-12-05,17,AR1 alpha + Enhanced + One-Step,NYSE:BCC,0.06682188256534811
2023-12-06,17,AR1 alpha + Enhanced + One-Step,NYSE:BCC,0.08443294780142503
2023-12-07,17,AR1 alpha + Enhanced + One-Step,NYSE:BCC,0.08443294849374457
2023-12-08,17,AR1 alpha + Enhanced + One-Step,NYSE:BCC,0.08443295698716521
2023-12-11,17,AR1 alpha + Enhanced + One-Step,NYSE:BCC,0.08443276429634977
2023-12-12,17,AR1 alpha + Enhanced + One-Step,NYSE:BCC,0.09079849893992888
2023-12-13,17,AR1 alpha + Enhanced + One-Step,NYSE:BCC,0.09079944612575365
2023-12-14,17,AR1 alpha + Enhanced + One-Step,NYSE:BCC,0.09079931377307061
2023-12-15,17,AR1 alpha + Enhanced + One-Step,NYSE:BCC,0.08069118257567838
2023-12-18,17,AR1 alpha + Enhanced + One-Step,NYSE:BCC,0.058123524935222624
2023-12-19,17,AR1 alpha + Enhanced + One-Step,NYSE:BCC,0.0363654455637634
2023-12-20,17,AR1 alpha + Enhanced + One-Step,NYSE:BCC,0.03636933412447857
2023-12-21,17,AR1 alpha + Enhanced + One-Step,NYSE:BCC,0.030731948916664732
2023-12-22,17,AR1 alpha + Enhanced + One-Step,NYSE:BCC,0.023066758809982855
2023-12-26,17,AR1 alpha + Enhanced + One-Step,NYSE:BCC,0.0005092494099541428
2023-12-27,17,AR1 alpha + Enhanced + One-Step,NYSE:BCC,3.5837854158464725e-07
2023-12-28,17,AR1 alpha + Enhanced + One-Step,NYSE:BCC,2.9099859774186337e-07
2023-12-29,17,AR1 alpha + Enhanced + One-Step,NYSE:BCC,0.00617539771236245
2024-01-02,17,AR1 alpha + Enhanced + One-Step,NYSE:BCC,0.019958270594421384
2024-01-03,17,AR1 alpha + Enhanced + One-Step,NYSE:BCC,0.03464611331144624
2024-01-04,17,AR1 alpha + Enhanced + One-Step,NYSE:BCC,0.05749141509407747
2024-01-05,17,AR1 alpha + Enhanced + One-Step,NYSE:BCC,0.0702118102860561
2024-01-08,17,AR1 alpha + Enhanced + One-Step,NYSE:BCC,0.07750389241513884
2024-01-09,17,AR1 alpha + Enhanced + One-Step,NYSE:BCC,0.09999517449665513
2024-01-10,17,AR1 alpha + Enhanced + One-Step,NYSE:BCC,0.09998812021612456
2024-01-11,17,AR1 alpha + Enhanced + One-Step,NYSE:BCC,0.09999294161056366
2024-01-12,17,AR1 alpha + Enhanced + One-Step,NYSE:BCC,0.09999599119973426
2024-01-16,17,AR1 alpha + Enhanced + One-Step,NYSE:BCC,0.09999343839780411
2024-01-17,17,AR1 alpha + Enhanced + One-Step,NYSE:BCC,0.09999075244814112
2024-01-18,17,AR1 alpha + Enhanced + One-Step,NYSE:BCC,0.0999936553981646
2024-01-19,17,AR1 alpha + Enhanced + One-Step,NYSE:BCC,0.09999511318854763
2024-01-22,17,AR1 alpha + Enhanced + One-Step,NYSE:BCC,0.0999958937981408
2024-01-23,17,AR1 alpha + Enhanced + One-Step,NYSE:BCC,0.09999486315598244
2024-01-24,17,AR1 alpha + Enhanced + One-Step,NYSE:BCC,0.09999046797879925
2024-01-25,17,AR1 alpha + Enhanced + One-Step,NYSE:BCC,0.09999303604470725
2024-01-26,17,AR1 alpha + Enhanced + One-Step,NYSE:BCC,0.09999201630776576
2024-01-29,17,AR1 alpha + Enhanced + One-Step,NYSE:BCC,0.09998749087683477
2024-01-30,17,AR1 alpha + Enhanced + One-Step,NYSE:BCC,0.09998946847819465
2024-01-31,17,AR1 alpha + Enhanced + One-Step,NYSE:BCC,0.09999007544676798
2024-02-01,17,AR1 alpha + Enhanced + One-Step,NYSE:BCC,0.09998925329752066
2024-02-02,17,AR1 alpha + Enhanced + One-Step,NYSE:BCC,0.09998851942312657
2024-02-05,17,AR1 alpha + Enhanced + One-Step,NYSE:BCC,0.09999153640783293
2024-02-06,17,AR1 alpha + Enhanced + One-Step,NYSE:BCC,0.09999331848379997
2024-02-07,17,AR1 alpha + Enhanced + One-Step,NYSE:BCC,0.09999504196603422
2024-02-08,17,AR1 alpha + Enhanced + One-Step,NYSE:BCC,0.09999624649067246
2024-02-09,17,AR1 alpha + Enhanced + One-Step,NYSE:BCC,0.09999211454753174
2024-02-12,17,AR1 alpha + Enhanced + One-Step,NYSE:BCC,0.09999135287499954
2024-02-13,17,AR1 alpha + Enhanced + One-Step,NYSE:BCC,0.09999308838586916
2024-02-14,17,AR1 alpha + Enhanced + One-Step,NYSE:BCC,0.09999623698468364
2024-02-15,17,AR1 alpha + Enhanced + One-Step,NYSE:BCC,0.09999331448826249
2024-02-16,17,AR1 alpha + Enhanced + One-Step,NYSE:BCC,0.0999953096375953
2024-02-20,17,AR1 alpha + Enhanced + One-Step,NYSE:BCC,0.09999671430715686
2024-02-21,17,AR1 alpha + Enhanced + One-Step,NYSE:BCC,0.09999503841924788
2024-02-22,17,AR1 alpha + Enhanced + One-Step,NYSE:BCC,0.09998888214044208
2024-02-23,17,AR1 alpha + Enhanced + One-Step,NYSE:BCC,0.0999880078322395
2024-02-26,17,AR1 alpha + Enhanced + One-Step,NYSE:BCC,0.09998493985901148
2024-02-27,17,AR1 alpha + Enhanced + One-Step,NYSE:BCC,0.09998081874142582
2024-02-28,17,AR1 alpha + Enhanced + One-Step,NYSE:BCC,0.09997864385917316
2024-02-29,17,AR1 alpha + Enhanced + One-Step,NYSE:BCC,0.09997909112398762
2024-03-01,17,AR1 alpha + Enhanced + One-Step,NYSE:BCC,0.09998357333021941
2024-03-04,17,AR1 alpha + Enhanced + One-Step,NYSE:BCC,0.09998474040302913
2024-03-05,17,AR1 alpha + Enhanced + One-Step,NYSE:BCC,0.09999070164773448
2024-03-06,17,AR1 alpha + Enhanced + One-Step,NYSE:BCC,0.09999290544439642
2024-03-07,17,AR1 alpha + Enhanced + One-Step,NYSE:BCC,0.09998757247780257
2024-03-08,17,AR1 alpha + Enhanced + One-Step,NYSE:BCC,0.09998418737433482
2024-03-11,17,AR1 alpha + Enhanced + One-Step,NYSE:BCC,0.09998367592711123
2024-03-12,17,AR1 alpha + Enhanced + One-Step,NYSE:BCC,0.0999845251459439
2024-03-13,17,AR1 alpha + Enhanced + One-Step,NYSE:BCC,0.0999799309982399
2024-03-14,17,AR1 alpha + Enhanced + One-Step,NYSE:BCC,0.09998799642905686
2024-03-15,17,AR1 alpha + Enhanced + One-Step,NYSE:BCC,0.09999336699279869
2024-03-18,17,AR1 alpha + Enhanced + One-Step,NYSE:BCC,0.09999516122438248
2024-03-19,17,AR1 alpha + Enhanced + One-Step,NYSE:BCC,0.09999573867760309
2024-03-20,17,AR1 alpha + Enhanced + One-Step,NYSE:BCC,0.09999661202432038
2024-03-21,17,AR1 alpha + Enhanced + One-Step,NYSE:BCC,0.09999409492159606
2024-03-22,17,AR1 alpha + Enhanced + One-Step,NYSE:BCC,0.09999475489463258
2024-03-25,17,AR1 alpha + Enhanced + One-Step,NYSE:BCC,0.09999614867107232
2024-03-26,17,AR1 alpha + Enhanced + One-Step,NYSE:BCC,0.09999374097944966
2024-03-27,17,AR1 alpha + Enhanced + One-Step,NYSE:BCC,0.09999424969530739
2024-03-28,17,AR1 alpha + Enhanced + One-Step,NYSE:BCC,0.09999703886661597
2024-04-01,17,AR1 alpha + Enhanced + One-Step,NYSE:BCC,0.09999856410519208
2024-04-02,17,AR1 alpha + Enhanced + One-Step,NYSE:BCC,0.0999988314778014
2024-04-03,17,AR1 alpha + Enhanced + One-Step,NYSE:BCC,0.09999261391947874
2024-04-04,17,AR1 alpha + Enhanced + One-Step,NYSE:BCC,0.09999427172056591
2024-04-05,17,AR1 alpha + Enhanced + One-Step,NYSE:BCC,0.09999622480113377
2024-04-08,17,AR1 alpha + Enhanced + One-Step,NYSE:BCC,0.09999804739928189
2024-04-09,17,AR1 alpha + Enhanced + One-Step,NYSE:BCC,0.0999979477233868
2024-04-10,17,AR1 alpha + Enhanced + One-Step,NYSE:BCC,0.09999816937821167
2024-04-11,17,AR1 alpha + Enhanced + One-Step,NYSE:BCC,0.09999808366720879
2024-04-12,17,AR1 alpha + Enhanced + One-Step,NYSE:BCC,0.09999854696907688
2024-04-15,17,AR1 alpha + Enhanced + One-Step,NYSE:BCC,0.09999656535799503
2024-04-16,17,AR1 alpha + Enhanced + One-Step,NYSE:BCC,0.09999360878218141
2024-04-17,17,AR1 alpha + Enhanced + One-Step,NYSE:BCC,0.09999535163666023
2024-04-18,17,AR1 alpha + Enhanced + One-Step,NYSE:BCC,0.0999965595855527
2024-04-19,17,AR1 alpha + Enhanced + One-Step,NYSE:BCC,0.09999488198480105
2020-03-25,17,AR1 alpha + Enhanced + One-Step,NASDAQ:ZM,0.020000000000007227
2020-03-26,17,AR1 alpha + Enhanced + One-Step,NASDAQ:ZM,0.02000000000001305
2020-03-27,17,AR1 alpha + Enhanced + One-Step,NASDAQ:ZM,0.0200000556946956
2020-03-30,17,AR1 alpha + Enhanced + One-Step,NASDAQ:ZM,0.020001620701315777
2020-03-31,17,AR1 alpha + Enhanced + One-Step,NASDAQ:ZM,0.020004094155932562
2020-04-01,17,AR1 alpha + Enhanced + One-Step,NASDAQ:ZM,0.020004011965470175
2020-04-02,17,AR1 alpha + Enhanced + One-Step,NASDAQ:ZM,0.0200009616328493
2020-04-03,17,AR1 alpha + Enhanced + One-Step,NASDAQ:ZM,0.020001245401483268
2020-04-06,17,AR1 alpha + Enhanced + One-Step,NASDAQ:ZM,0.02000183936102405
2020-04-07,17,AR1 alpha + Enhanced + One-Step,NASDAQ:ZM,0.020001912218411754
2020-04-08,17,AR1 alpha + Enhanced + One-Step,NASDAQ:ZM,0.020001984409649794
2020-04-09,17,AR1 alpha + Enhanced + One-Step,NASDAQ:ZM,0.020001910782097905
2020-04-13,17,AR1 alpha + Enhanced + One-Step,NASDAQ:ZM,0.02000197646350608
2020-04-14,17,AR1 alpha + Enhanced + One-Step,NASDAQ:ZM,0.02000340931557557
2020-04-15,17,AR1 alpha + Enhanced + One-Step,NASDAQ:ZM,0.020002916457410452
2020-04-16,17,AR1 alpha + Enhanced + One-Step,NASDAQ:ZM,0.020002732270263494
2020-04-17,17,AR1 alpha + Enhanced + One-Step,NASDAQ:ZM,0.020002664499616067
2020-04-20,17,AR1 alpha + Enhanced + One-Step,NASDAQ:ZM,0.020002704676530994
2020-04-21,17,AR1 alpha + Enhanced + One-Step,NASDAQ:ZM,0.020003038712987337
2020-04-22,17,AR1 alpha + Enhanced + One-Step,NASDAQ:ZM,0.02000337967082994
2020-04-23,17,AR1 alpha + Enhanced + One-Step,NASDAQ:ZM,0.045009820041018694
2020-04-24,17,AR1 alpha + Enhanced + One-Step,NASDAQ:ZM,0.04519974534061092
2020-04-27,17,AR1 alpha + Enhanced + One-Step,NASDAQ:ZM,0.04519973564738786
2020-04-28,17,AR1 alpha + Enhanced + One-Step,NASDAQ:ZM,0.045199732546928266
2020-04-29,17,AR1 alpha + Enhanced + One-Step,NASDAQ:ZM,0.045199769749092886
2020-04-30,17,AR1 alpha + Enhanced + One-Step,NASDAQ:ZM,0.04519982424751625
2020-05-01,17,AR1 alpha + Enhanced + One-Step,NASDAQ:ZM,0.04519874918605617
2020-05-04,17,AR1 alpha + Enhanced + One-Step,NASDAQ:ZM,0.045198761550015475
2020-05-05,17,AR1 alpha + Enhanced + One-Step,NASDAQ:ZM,0.045198727102332976
2020-05-06,17,AR1 alpha + Enhanced + One-Step,NASDAQ:ZM,0.04519875111291897
2020-05-07,17,AR1 alpha + Enhanced + One-Step,NASDAQ:ZM,0.04519843742137883
2020-05-08,17,AR1 alpha + Enhanced + One-Step,NASDAQ:ZM,0.045197855754117514
2020-05-11,17,AR1 alpha + Enhanced + One-Step,NASDAQ:ZM,0.04519786632231591
2020-05-12,17,AR1 alpha + Enhanced + One-Step,NASDAQ:ZM,0.04519777564970172
2020-05-13,17,AR1 alpha + Enhanced + One-Step,NASDAQ:ZM,0.04519804816910718
2020-05-14,17,AR1 alpha + Enhanced + One-Step,NASDAQ:ZM,0.045194980185071384
2020-05-15,17,AR1 alpha + Enhanced + One-Step,NASDAQ:ZM,0.04877702178857996
2020-05-18,17,AR1 alpha + Enhanced + One-Step,NASDAQ:ZM,0.04877705631822107
2020-05-19,17,AR1 alpha + Enhanced + One-Step,NASDAQ:ZM,0.05287269936306432
2020-05-20,17,AR1 alpha + Enhanced + One-Step,NASDAQ:ZM,0.05287279064049191
2020-05-21,17,AR1 alpha + Enhanced + One-Step,NASDAQ:ZM,0.05287212161698628
2020-05-22,17,AR1 alpha + Enhanced + One-Step,NASDAQ:ZM,0.05287207967558765
2020-05-26,17,AR1 alpha + Enhanced + One-Step,NASDAQ:ZM,0.05287208513550957
2020-05-27,17,AR1 alpha + Enhanced + One-Step,NASDAQ:ZM,0.052872208015005646
2020-05-28,17,AR1 alpha + Enhanced + One-Step,NASDAQ:ZM,0.05287221706076078
2020-05-29,17,AR1 alpha + Enhanced + One-Step,NASDAQ:ZM,0.052872221265329235
2020-06-01,17,AR1 alpha + Enhanced + One-Step,NASDAQ:ZM,0.07786973557265732
2020-06-02,17,AR1 alpha + Enhanced + One-Step,NASDAQ:ZM,0.09999988976914366
2020-06-03,17,AR1 alpha + Enhanced + One-Step,NASDAQ:ZM,0.0999998925666454
2020-06-04,17,AR1 alpha + Enhanced + One-Step,NASDAQ:ZM,0.09999958275162024
2020-06-05,17,AR1 alpha + Enhanced + One-Step,NASDAQ:ZM,0.09999939277861976
2020-06-08,17,AR1 alpha + Enhanced + One-Step,NASDAQ:ZM,0.0999997895164035
2020-06-09,17,AR1 alpha + Enhanced + One-Step,NASDAQ:ZM,0.09999994581894117
2020-06-10,17,AR1 alpha + Enhanced + One-Step,NASDAQ:ZM,0.09999998926054154
2020-06-11,17,AR1 alpha + Enhanced + One-Step,NASDAQ:ZM,0.1000003092747445
2020-06-12,17,AR1 alpha + Enhanced + One-Step,NASDAQ:ZM,0.10000011258782404
2020-06-15,17,AR1 alpha + Enhanced + One-Step,NASDAQ:ZM,0.09999988929180609
2020-06-16,17,AR1 alpha + Enhanced + One-Step,NASDAQ:ZM,0.09999997316655547
2020-06-17,17,AR1 alpha + Enhanced + One-Step,NASDAQ:ZM,0.09999998985610026
2020-06-18,17,AR1 alpha + Enhanced + One-Step,NASDAQ:ZM,0.09999997176646633
2020-06-19,17,AR1 alpha + Enhanced + One-Step,NASDAQ:ZM,0.09999970066263089
2020-06-22,17,AR1 alpha + Enhanced + One-Step,NASDAQ:ZM,0.09999991606855774
2020-06-23,17,AR1 alpha + Enhanced + One-Step,NASDAQ:ZM,0.09999996219187765
2020-06-24,17,AR1 alpha + Enhanced + One-Step,NASDAQ:ZM,0.09999986255464677
2020-06-25,17,AR1 alpha + Enhanced + One-Step,NASDAQ:ZM,0.09999995008230737
2020-06-26,17,AR1 alpha + Enhanced + One-Step,NASDAQ:ZM,0.09999915847072939
2020-06-29,17,AR1 alpha + Enhanced + One-Step,NASDAQ:ZM,0.09999825041759983
2020-06-30,17,AR1 alpha + Enhanced + One-Step,NASDAQ:ZM,0.09999871114325845
2020-07-01,17,AR1 alpha + Enhanced + One-Step,NASDAQ:ZM,0.09999644816256685
2020-07-02,17,AR1 alpha + Enhanced + One-Step,NASDAQ:ZM,0.09999913340971488
2020-07-06,17,AR1 alpha + Enhanced + One-Step,NASDAQ:ZM,0.09999970872602283
2020-07-07,17,AR1 alpha + Enhanced + One-Step,NASDAQ:ZM,0.09999929238755119
2020-07-08,17,AR1 alpha + Enhanced + One-Step,NASDAQ:ZM,0.099999231996524
2020-07-09,17,AR1 alpha + Enhanced + One-Step,NASDAQ:ZM,0.09999880661515562
2020-07-10,17,AR1 alpha + Enhanced + One-Step,NASDAQ:ZM,0.09999904053031658
2020-07-13,17,AR1 alpha + Enhanced + One-Step,NASDAQ:ZM,0.09999960507702532
2020-07-14,17,AR1 alpha + Enhanced + One-Step,NASDAQ:ZM,0.09999981242389287
2020-07-15,17,AR1 alpha + Enhanced + One-Step,NASDAQ:ZM,0.10000011273161999
2020-07-16,17,AR1 alpha + Enhanced + One-Step,NASDAQ:ZM,0.10000003346398781
2020-07-17,17,AR1 alpha + Enhanced + One-Step,NASDAQ:ZM,0.10000000614562822
2020-07-20,17,AR1 alpha + Enhanced + One-Step,NASDAQ:ZM,0.0999999409081156
2020-07-21,17,AR1 alpha + Enhanced + One-Step,NASDAQ:ZM,0.09999997551259915
2020-07-22,17,AR1 alpha + Enhanced + One-Step,NASDAQ:ZM,0.09999996747852284
2020-07-23,17,AR1 alpha + Enhanced + One-Step,NASDAQ:ZM,0.09999852127878733
2020-07-24,17,AR1 alpha + Enhanced + One-Step,NASDAQ:ZM,0.09999833522935238
2020-07-27,17,AR1 alpha + Enhanced + One-Step,NASDAQ:ZM,0.09999802611439833
2020-07-28,17,AR1 alpha + Enhanced + One-Step,NASDAQ:ZM,0.0999991699880921
2020-07-29,17,AR1 alpha + Enhanced + One-Step,NASDAQ:ZM,0.09999889285238715
2020-07-30,17,AR1 alpha + Enhanced + One-Step,NASDAQ:ZM,0.0999979818756302
2020-07-31,17,AR1 alpha + Enhanced + One-Step,NASDAQ:ZM,0.09999780181236312
2020-08-03,17,AR1 alpha + Enhanced + One-Step,NASDAQ:ZM,0.0999988418538811
2020-08-04,17,AR1 alpha + Enhanced + One-Step,NASDAQ:ZM,0.09999949416786695
2020-08-05,17,AR1 alpha + Enhanced + One-Step,NASDAQ:ZM,0.09999926881708907
2020-08-06,17,AR1 alpha + Enhanced + One-Step,NASDAQ:ZM,0.09999963722873571
2020-08-07,17,AR1 alpha + Enhanced + One-Step,NASDAQ:ZM,0.0999999510983139
2020-08-10,17,AR1 alpha + Enhanced + One-Step,NASDAQ:ZM,0.09999996898705772
2020-08-11,17,AR1 alpha + Enhanced + One-Step,NASDAQ:ZM,0.09999958417718173
2020-08-12,17,AR1 alpha + Enhanced + One-Step,NASDAQ:ZM,0.09999982005320512
2020-08-13,17,AR1 alpha + Enhanced + One-Step,NASDAQ:ZM,0.09999992603745014
2020-08-14,17,AR1 alpha + Enhanced + One-Step,NASDAQ:ZM,0.09999997025093882
2020-08-17,17,AR1 alpha + Enhanced + One-Step,NASDAQ:ZM,0.09999813899397707
2020-08-18,17,AR1 alpha + Enhanced + One-Step,NASDAQ:ZM,0.09999734492151854
2020-08-19,17,AR1 alpha + Enhanced + One-Step,NASDAQ:ZM,0.09999744965899009
2020-08-20,17,AR1 alpha + Enhanced + One-Step,NASDAQ:ZM,0.09999866161029897
2020-08-21,17,AR1 alpha + Enhanced + One-Step,NASDAQ:ZM,0.09999971397925285
2020-08-24,17,AR1 alpha + Enhanced + One-Step,NASDAQ:ZM,0.099999608008571
2020-08-25,17,AR1 alpha + Enhanced + One-Step,NASDAQ:ZM,0.09999987585437406
2020-08-26,17,AR1 alpha + Enhanced + One-Step,NASDAQ:ZM,0.09999946083840211
2020-08-27,17,AR1 alpha + Enhanced + One-Step,NASDAQ:ZM,0.09999997367798903
2020-08-28,17,AR1 alpha + Enhanced + One-Step,NASDAQ:ZM,0.09999999251243478
2020-08-31,17,AR1 alpha + Enhanced + One-Step,NASDAQ:ZM,0.09999527256610147
2020-09-01,17,AR1 alpha + Enhanced + One-Step,NASDAQ:ZM,0.0999963417626483
2020-09-02,17,AR1 alpha + Enhanced + One-Step,NASDAQ:ZM,0.09999939738633869
2020-09-03,17,AR1 alpha + Enhanced + One-Step,NASDAQ:ZM,0.09999942834068333
2020-09-04,17,AR1 alpha + Enhanced + One-Step,NASDAQ:ZM,0.0999998445445547
2020-09-08,17,AR1 alpha + Enhanced + One-Step,NASDAQ:ZM,0.09999988300830957
2020-09-09,17,AR1 alpha + Enhanced + One-Step,NASDAQ:ZM,0.09999999917612032
2020-09-10,17,AR1 alpha + Enhanced + One-Step,NASDAQ:ZM,0.09999986578299565
2020-09-11,17,AR1 alpha + Enhanced + One-Step,NASDAQ:ZM,0.09999996989802884
2020-09-14,17,AR1 alpha + Enhanced + One-Step,NASDAQ:ZM,0.10000014196772
2020-09-15,17,AR1 alpha + Enhanced + One-Step,NASDAQ:ZM,0.10000001287029128
2020-09-16,17,AR1 alpha + Enhanced + One-Step,NASDAQ:ZM,0.09999999256265892
2020-09-17,17,AR1 alpha + Enhanced + One-Step,NASDAQ:ZM,0.09999689690910205
2020-09-18,17,AR1 alpha + Enhanced + One-Step,NASDAQ:ZM,0.09999881589613344
2020-09-21,17,AR1 alpha + Enhanced + One-Step,NASDAQ:ZM,0.09999936478505324
2020-09-22,17,AR1 alpha + Enhanced + One-Step,NASDAQ:ZM,0.09999977698770053
2020-09-23,17,AR1 alpha + Enhanced + One-Step,NASDAQ:ZM,0.09999945251866293
2020-09-24,17,AR1 alpha + Enhanced + One-Step,NASDAQ:ZM,0.09999823325984468
2020-09-25,17,AR1 alpha + Enhanced + One-Step,NASDAQ:ZM,0.0999978531248485
2020-09-28,17,AR1 alpha + Enhanced + One-Step,NASDAQ:ZM,0.09999905903998772
2020-09-29,17,AR1 alpha + Enhanced + One-Step,NASDAQ:ZM,0.0999993147178051
2020-09-30,17,AR1 alpha + Enhanced + One-Step,NASDAQ:ZM,0.09999909085865692
2020-10-01,17,AR1 alpha + Enhanced + One-Step,NASDAQ:ZM,0.0999997571359159
2020-10-02,17,AR1 alpha + Enhanced + One-Step,NASDAQ:ZM,0.09999996945516872
2020-10-05,17,AR1 alpha + Enhanced + One-Step,NASDAQ:ZM,0.1000001091862278
2020-10-06,17,AR1 alpha + Enhanced + One-Step,NASDAQ:ZM,0.09999999092216022
2020-10-07,17,AR1 alpha + Enhanced + One-Step,NASDAQ:ZM,0.10000033110254627
2020-10-08,17,AR1 alpha + Enhanced + One-Step,NASDAQ:ZM,0.10000002820309085
2020-10-09,17,AR1 alpha + Enhanced + One-Step,NASDAQ:ZM,0.09999989062791866
2020-10-12,17,AR1 alpha + Enhanced + One-Step,NASDAQ:ZM,0.09999997681553828
2020-10-13,17,AR1 alpha + Enhanced + One-Step,NASDAQ:ZM,0.09999966337559742
2020-10-14,17,AR1 alpha + Enhanced + One-Step,NASDAQ:ZM,0.09999979441264403
2020-10-15,17,AR1 alpha + Enhanced + One-Step,NASDAQ:ZM,0.09999933830406599
2020-10-16,17,AR1 alpha + Enhanced + One-Step,NASDAQ:ZM,0.0999997227398961
2020-10-19,17,AR1 alpha + Enhanced + One-Step,NASDAQ:ZM,0.099996637974017
2020-10-20,17,AR1 alpha + Enhanced + One-Step,NASDAQ:ZM,0.09999448228986835
2020-10-21,17,AR1 alpha + Enhanced + One-Step,NASDAQ:ZM,0.09999498783067018
2020-10-22,17,AR1 alpha + Enhanced + One-Step,NASDAQ:ZM,0.09999490058809199
2020-10-23,17,AR1 alpha + Enhanced + One-Step,NASDAQ:ZM,0.09999550020530984
2020-10-26,17,AR1 alpha + Enhanced + One-Step,NASDAQ:ZM,0.09999833801007726
2020-10-27,17,AR1 alpha + Enhanced + One-Step,NASDAQ:ZM,0.09999946521825186
2020-10-28,17,AR1 alpha + Enhanced + One-Step,NASDAQ:ZM,0.09999979700371245
2020-10-29,17,AR1 alpha + Enhanced + One-Step,NASDAQ:ZM,0.0999999683892782
2020-10-30,17,AR1 alpha + Enhanced + One-Step,NASDAQ:ZM,0.09999996873847079
2020-11-02,17,AR1 alpha + Enhanced + One-Step,NASDAQ:ZM,0.10000007433551712
2020-11-03,17,AR1 alpha + Enhanced + One-Step,NASDAQ:ZM,0.0999996824001637
2020-11-04,17,AR1 alpha + Enhanced + One-Step,NASDAQ:ZM,0.09999939896899589
2020-11-05,17,AR1 alpha + Enhanced + One-Step,NASDAQ:ZM,0.09999961026527865
2020-11-06,17,AR1 alpha + Enhanced + One-Step,NASDAQ:ZM,0.09999989362139405
2020-11-09,17,AR1 alpha + Enhanced + One-Step,NASDAQ:ZM,0.09999998795744833
2020-11-10,17,AR1 alpha + Enhanced + One-Step,NASDAQ:ZM,0.09999967924979963
2020-11-11,17,AR1 alpha + Enhanced + One-Step,NASDAQ:ZM,0.09999995856481275
2020-11-12,17,AR1 alpha + Enhanced + One-Step,NASDAQ:ZM,0.09999998605896118
2020-11-13,17,AR1 alpha + Enhanced + One-Step,NASDAQ:ZM,0.09999999602109672
2020-11-16,17,AR1 alpha + Enhanced + One-Step,NASDAQ:ZM,0.09999998841629436
2020-11-17,17,AR1 alpha + Enhanced + One-Step,NASDAQ:ZM,0.0999982385015527
2020-11-18,17,AR1 alpha + Enhanced + One-Step,NASDAQ:ZM,0.0999966361894248
2020-11-19,17,AR1 alpha + Enhanced + One-Step,NASDAQ:ZM,0.09999787462854441
2020-11-20,17,AR1 alpha + Enhanced + One-Step,NASDAQ:ZM,0.09999930450690389
2020-11-23,17,AR1 alpha + Enhanced + One-Step,NASDAQ:ZM,0.09999982207718962
2020-11-24,17,AR1 alpha + Enhanced + One-Step,NASDAQ:ZM,0.09999660591850659
2020-11-25,17,AR1 alpha + Enhanced + One-Step,NASDAQ:ZM,0.09999709896193332
2020-11-27,17,AR1 alpha + Enhanced + One-Step,NASDAQ:ZM,0.09999488529359851
2020-11-30,17,AR1 alpha + Enhanced + One-Step,NASDAQ:ZM,0.0999937015666283
2020-12-01,17,AR1 alpha + Enhanced + One-Step,NASDAQ:ZM,0.09999803319317993
2020-12-04,17,AR1 alpha + Enhanced + One-Step,NASDAQ:ZM,0.09999936343191265
2020-12-07,17,AR1 alpha + Enhanced + One-Step,NASDAQ:ZM,0.09999632680328333
2020-12-08,17,AR1 alpha + Enhanced + One-Step,NASDAQ:ZM,0.0999987079940214
2020-12-09,17,AR1 alpha + Enhanced + One-Step,NASDAQ:ZM,0.09999571764621087
2020-12-10,17,AR1 alpha + Enhanced + One-Step,NASDAQ:ZM,0.09999869639286774
2020-12-11,17,AR1 alpha + Enhanced + One-Step,NASDAQ:ZM,0.09999938396073524
2020-12-14,17,AR1 alpha + Enhanced + One-Step,NASDAQ:ZM,0.09999984112955781
2020-12-15,17,AR1 alpha + Enhanced + One-Step,NASDAQ:ZM,0.09999940353028243
2020-12-16,17,AR1 alpha + Enhanced + One-Step,NASDAQ:ZM,0.09999874086778092
2020-12-17,17,AR1 alpha + Enhanced + One-Step,NASDAQ:ZM,0.09999908420647691
2020-12-18,17,AR1 alpha + Enhanced + One-Step,NASDAQ:ZM,0.10000040441596765
2020-12-21,17,AR1 alpha + Enhanced + One-Step,NASDAQ:ZM,0.09999970103526126
2020-12-22,17,AR1 alpha + Enhanced + One-Step,NASDAQ:ZM,0.09999981547793252
2020-12-23,17,AR1 alpha + Enhanced + One-Step,NASDAQ:ZM,0.08168736804839327
2020-12-24,17,AR1 alpha + Enhanced + One-Step,NASDAQ:ZM,0.07443277273078759
2020-12-28,17,AR1 alpha + Enhanced + One-Step,NASDAQ:ZM,0.07443253262898165
2020-12-29,17,AR1 alpha + Enhanced + One-Step,NASDAQ:ZM,0.057955773506629046
2020-12-30,17,AR1 alpha + Enhanced + One-Step,NASDAQ:ZM,0.05410167506989096
2020-12-31,17,AR1 alpha + Enhanced + One-Step,NASDAQ:ZM,0.049038632807523796
2021-01-04,17,AR1 alpha + Enhanced + One-Step,NASDAQ:ZM,0.04933997392785628
2021-01-05,17,AR1 alpha + Enhanced + One-Step,NASDAQ:ZM,0.06064211680200961
2021-01-06,17,AR1 alpha + Enhanced + One-Step,NASDAQ:ZM,0.055792163641917664
2021-01-07,17,AR1 alpha + Enhanced + One-Step,NASDAQ:ZM,0.0557898083566385
2021-01-08,17,AR1 alpha + Enhanced + One-Step,NASDAQ:ZM,0.05578845780524129
2021-01-11,17,AR1 alpha + Enhanced + One-Step,NASDAQ:ZM,0.05125936592059069
2021-01-12,17,AR1 alpha + Enhanced + One-Step,NASDAQ:ZM,0.05124631222833626
2021-01-13,17,AR1 alpha + Enhanced + One-Step,NASDAQ:ZM,0.05124600493495457
2021-01-14,17,AR1 alpha + Enhanced + One-Step,NASDAQ:ZM,0.05124613088909589
2021-01-15,17,AR1 alpha + Enhanced + One-Step,NASDAQ:ZM,0.05124542516619806
2021-01-19,17,AR1 alpha + Enhanced + One-Step,NASDAQ:ZM,0.051245153626526097
2021-01-20,17,AR1 alpha + Enhanced + One-Step,NASDAQ:ZM,0.05124479755744512
2021-01-21,17,AR1 alpha + Enhanced + One-Step,NASDAQ:ZM,0.05588044920852621
2021-01-22,17,AR1 alpha + Enhanced + One-Step,NASDAQ:ZM,0.058639251730164786
2021-01-25,17,AR1 alpha + Enhanced + One-Step,NASDAQ:ZM,0.06978257792075793
2021-01-26,17,AR1 alpha + Enhanced + One-Step,NASDAQ:ZM,0.06978180324705345
2021-01-27,17,AR1 alpha + Enhanced + One-Step,NASDAQ:ZM,0.06978272943386409
2021-01-28,17,AR1 alpha + Enhanced + One-Step,NASDAQ:ZM,0.0697854405342148
2021-01-29,17,AR1 alpha + Enhanced + One-Step,NASDAQ:ZM,0.0697850854242951
2021-02-01,17,AR1 alpha + Enhanced + One-Step,NASDAQ:ZM,0.06980149109255626
2021-02-02,17,AR1 alpha + Enhanced + One-Step,NASDAQ:ZM,0.06980151149301636
2021-02-03,17,AR1 alpha + Enhanced + One-Step,NASDAQ:ZM,0.0697979810648356
2021-02-04,17,AR1 alpha + Enhanced + One-Step,NASDAQ:ZM,0.0697954422858956
2021-02-05,17,AR1 alpha + Enhanced + One-Step,NASDAQ:ZM,0.06979318687297656
2021-02-08,17,AR1 alpha + Enhanced + One-Step,NASDAQ:ZM,0.06979337807888158
2021-02-09,17,AR1 alpha + Enhanced + One-Step,NASDAQ:ZM,0.08056491834254624
2021-02-10,17,AR1 alpha + Enhanced + One-Step,NASDAQ:ZM,0.08056534351143894
2021-02-11,17,AR1 alpha + Enhanced + One-Step,NASDAQ:ZM,0.08056529367157245
2021-02-12,17,AR1 alpha + Enhanced + One-Step,NASDAQ:ZM,0.08430000067068885
2021-02-16,17,AR1 alpha + Enhanced + One-Step,NASDAQ:ZM,0.09120233547702736
2021-02-17,17,AR1 alpha + Enhanced + One-Step,NASDAQ:ZM,0.09120216635347393
2021-02-18,17,AR1 alpha + Enhanced + One-Step,NASDAQ:ZM,0.0912022312771104
2021-02-19,17,AR1 alpha + Enhanced + One-Step,NASDAQ:ZM,0.08693688899942795
2021-02-22,17,AR1 alpha + Enhanced + One-Step,NASDAQ:ZM,0.08693802789796592
2021-02-23,17,AR1 alpha + Enhanced + One-Step,NASDAQ:ZM,0.08054907402951113
2021-02-24,17,AR1 alpha + Enhanced + One-Step,NASDAQ:ZM,0.08054904260417763
2021-02-25,17,AR1 alpha + Enhanced + One-Step,NASDAQ:ZM,0.07877477971676194
2021-02-26,17,AR1 alpha + Enhanced + One-Step,NASDAQ:ZM,0.07530561042116297
2021-03-01,17,AR1 alpha + Enhanced + One-Step,NASDAQ:ZM,0.07530577097823522
2021-03-02,17,AR1 alpha + Enhanced + One-Step,NASDAQ:ZM,0.06586103900045033
2021-03-03,17,AR1 alpha + Enhanced + One-Step,NASDAQ:ZM,0.06182638194612999
2021-03-04,17,AR1 alpha + Enhanced + One-Step,NASDAQ:ZM,0.061826378042210965
2021-03-05,17,AR1 alpha + Enhanced + One-Step,NASDAQ:ZM,0.05914278510065971
2021-03-08,17,AR1 alpha + Enhanced + One-Step,NASDAQ:ZM,0.04854804566678535
2021-03-09,17,AR1 alpha + Enhanced + One-Step,NASDAQ:ZM,0.0534811182150382
2021-03-10,17,AR1 alpha + Enhanced + One-Step,NASDAQ:ZM,0.053481317443013605
2021-03-11,17,AR1 alpha + Enhanced + One-Step,NASDAQ:ZM,0.06087065651037932
2021-03-12,17,AR1 alpha + Enhanced + One-Step,NASDAQ:ZM,0.060870675844032794
2021-03-15,17,AR1 alpha + Enhanced + One-Step,NASDAQ:ZM,0.06087120776134221
2021-03-16,17,AR1 alpha + Enhanced + One-Step,NASDAQ:ZM,0.060871289082002907
2021-03-17,17,AR1 alpha + Enhanced + One-Step,NASDAQ:ZM,0.06087120048720597
2021-03-18,17,AR1 alpha + Enhanced + One-Step,NASDAQ:ZM,0.060871503542936585
2021-03-19,17,AR1 alpha + Enhanced + One-Step,NASDAQ:ZM,0.0608703075545966
2021-03-22,17,AR1 alpha + Enhanced + One-Step,NASDAQ:ZM,0.060871114584455176
2021-03-23,17,AR1 alpha + Enhanced + One-Step,NASDAQ:ZM,0.06087129645830601
2021-03-24,17,AR1 alpha + Enhanced + One-Step,NASDAQ:ZM,0.06087125967845384
2021-03-25,17,AR1 alpha + Enhanced + One-Step,NASDAQ:ZM,0.06087143157098467
2021-03-26,17,AR1 alpha + Enhanced + One-Step,NASDAQ:ZM,0.060871715162757196
2021-03-29,17,AR1 alpha + Enhanced + One-Step,NASDAQ:ZM,0.060871921516877786
2021-03-30,17,AR1 alpha + Enhanced + One-Step,NASDAQ:ZM,0.058642473133694605
2021-03-31,17,AR1 alpha + Enhanced + One-Step,NASDAQ:ZM,0.05864139775474143
2021-04-01,17,AR1 alpha + Enhanced + One-Step,NASDAQ:ZM,0.05864271364743401
2021-04-05,17,AR1 alpha + Enhanced + One-Step,NASDAQ:ZM,0.05864276758887405
2021-04-06,17,AR1 alpha + Enhanced + One-Step,NASDAQ:ZM,0.058642631744297485
2021-04-07,17,AR1 alpha + Enhanced + One-Step,NASDAQ:ZM,0.05864084231809758
2021-04-08,17,AR1 alpha + Enhanced + One-Step,NASDAQ:ZM,0.05863885711820675
2021-04-09,17,AR1 alpha + Enhanced + One-Step,NASDAQ:ZM,0.05863885131916087
2021-04-12,17,AR1 alpha + Enhanced + One-Step,NASDAQ:ZM,0.05863801152564121
2021-04-13,17,AR1 alpha + Enhanced + One-Step,NASDAQ:ZM,0.05903126391494396
2021-04-14,17,AR1 alpha + Enhanced + One-Step,NASDAQ:ZM,0.05902773419932392
2021-04-15,17,AR1 alpha + Enhanced + One-Step,NASDAQ:ZM,0.05906481675281729
2021-04-16,17,AR1 alpha + Enhanced + One-Step,NASDAQ:ZM,0.05953853979930933
2021-04-19,17,AR1 alpha + Enhanced + One-Step,NASDAQ:ZM,0.05953853235786958
2021-04-20,17,AR1 alpha + Enhanced + One-Step,NASDAQ:ZM,0.059536809348342705
2021-04-21,17,AR1 alpha + Enhanced + One-Step,NASDAQ:ZM,0.05953575128891695
2021-04-22,17,AR1 alpha + Enhanced + One-Step,NASDAQ:ZM,0.059533082014028786
2021-04-23,17,AR1 alpha + Enhanced + One-Step,NASDAQ:ZM,0.05953251711533832
2021-04-26,17,AR1 alpha + Enhanced + One-Step,NASDAQ:ZM,0.059531212173319525
2021-04-27,17,AR1 alpha + Enhanced + One-Step,NASDAQ:ZM,0.056356051249931316
2021-04-28,17,AR1 alpha + Enhanced + One-Step,NASDAQ:ZM,0.05635598600575713
2021-04-29,17,AR1 alpha + Enhanced + One-Step,NASDAQ:ZM,0.056355940126271625
2021-04-30,17,AR1 alpha + Enhanced + One-Step,NASDAQ:ZM,0.0563525957094873
2021-05-03,17,AR1 alpha + Enhanced + One-Step,NASDAQ:ZM,0.0563528139081608
2021-05-04,17,AR1 alpha + Enhanced + One-Step,NASDAQ:ZM,0.056352660407556966
2021-05-05,17,AR1 alpha + Enhanced + One-Step,NASDAQ:ZM,0.05635250857269114
2021-05-06,17,AR1 alpha + Enhanced + One-Step,NASDAQ:ZM,0.05635288902884092
2021-05-07,17,AR1 alpha + Enhanced + One-Step,NASDAQ:ZM,0.0563530879154525
2021-05-10,17,AR1 alpha + Enhanced + One-Step,NASDAQ:ZM,0.056352756471454504
2021-05-11,17,AR1 alpha + Enhanced + One-Step,NASDAQ:ZM,0.05635268038104937
2021-05-12,17,AR1 alpha + Enhanced + One-Step,NASDAQ:ZM,0.05635259412830658
2021-05-13,17,AR1 alpha + Enhanced + One-Step,NASDAQ:ZM,0.05635071786023606
2021-05-14,17,AR1 alpha + Enhanced + One-Step,NASDAQ:ZM,0.056350744452918024
2021-05-17,17,AR1 alpha + Enhanced + One-Step,NASDAQ:ZM,0.05635000499464512
2021-05-18,17,AR1 alpha + Enhanced + One-Step,NASDAQ:ZM,0.05635034002210282
2021-05-19,17,AR1 alpha + Enhanced + One-Step,NASDAQ:ZM,0.05635097271735825
2021-05-20,17,AR1 alpha + Enhanced + One-Step,NASDAQ:ZM,0.05635132012324961
2021-05-21,17,AR1 alpha + Enhanced + One-Step,NASDAQ:ZM,0.0563510332536125
2021-05-24,17,AR1 alpha + Enhanced + One-Step,NASDAQ:ZM,0.05634952203629875
2021-05-25,17,AR1 alpha + Enhanced + One-Step,NASDAQ:ZM,0.056346537709685084
2021-05-26,17,AR1 alpha + Enhanced + One-Step,NASDAQ:ZM,0.05634475436004219
2021-05-27,17,AR1 alpha + Enhanced + One-Step,NASDAQ:ZM,0.05634392173210283
2021-05-28,17,AR1 alpha + Enhanced + One-Step,NASDAQ:ZM,0.05634273279184524
2021-06-01,17,AR1 alpha + Enhanced + One-Step,NASDAQ:ZM,0.056338062909647955
2021-06-02,17,AR1 alpha + Enhanced + One-Step,NASDAQ:ZM,0.046621392844695755
2021-06-03,17,AR1 alpha + Enhanced + One-Step,NASDAQ:ZM,0.04297406856863633
2021-06-04,17,AR1 alpha + Enhanced + One-Step,NASDAQ:ZM,0.04237610809654741
2021-06-07,17,AR1 alpha + Enhanced + One-Step,NASDAQ:ZM,0.041046561505314834
2021-06-08,17,AR1 alpha + Enhanced + One-Step,NASDAQ:ZM,0.03529489403531548
2021-06-09,17,AR1 alpha + Enhanced + One-Step,NASDAQ:ZM,0.030672764294241178
2021-06-10,17,AR1 alpha + Enhanced + One-Step,NASDAQ:ZM,0.030671802511079597
2021-06-11,17,AR1 alpha + Enhanced + One-Step,NASDAQ:ZM,0.03529587458317318
2021-06-14,17,AR1 alpha + Enhanced + One-Step,NASDAQ:ZM,0.035294827100366834
2021-06-15,17,AR1 alpha + Enhanced + One-Step,NASDAQ:ZM,0.037031933019617325
2021-06-16,17,AR1 alpha + Enhanced + One-Step,NASDAQ:ZM,0.037028847678281074
2021-06-17,17,AR1 alpha + Enhanced + One-Step,NASDAQ:ZM,0.03702698408548716
2021-06-18,17,AR1 alpha + Enhanced + One-Step,NASDAQ:ZM,0.03702678258831387
2021-06-21,17,AR1 alpha + Enhanced + One-Step,NASDAQ:ZM,0.03702719477564431
2021-06-22,17,AR1 alpha + Enhanced + One-Step,NASDAQ:ZM,0.0370241116990484
2021-06-23,17,AR1 alpha + Enhanced + One-Step,NASDAQ:ZM,0.03702129530952629
2021-06-24,17,AR1 alpha + Enhanced + One-Step,NASDAQ:ZM,0.03702240500167837
2021-06-25,17,AR1 alpha + Enhanced + One-Step,NASDAQ:ZM,0.03702282782994697
2021-06-28,17,AR1 alpha + Enhanced + One-Step,NASDAQ:ZM,0.03702305953646213
2021-06-29,17,AR1 alpha + Enhanced + One-Step,NASDAQ:ZM,0.037023028578073935
2021-06-30,17,AR1 alpha + Enhanced + One-Step,NASDAQ:ZM,0.03702254777245168
2021-07-01,17,AR1 alpha + Enhanced + One-Step,NASDAQ:ZM,0.03230612270879866
2021-07-02,17,AR1 alpha + Enhanced + One-Step,NASDAQ:ZM,0.02903731288131744
2021-07-06,17,AR1 alpha + Enhanced + One-Step,NASDAQ:ZM,0.029035964832720338
2021-07-07,17,AR1 alpha + Enhanced + One-Step,NASDAQ:ZM,0.029036733273410765
2021-07-08,17,AR1 alpha + Enhanced + One-Step,NASDAQ:ZM,0.02903673831498492
2021-07-09,17,AR1 alpha + Enhanced + One-Step,NASDAQ:ZM,0.029034121848316354
2021-07-12,17,AR1 alpha + Enhanced + One-Step,NASDAQ:ZM,0.026098631618330165
2021-07-13,17,AR1 alpha + Enhanced + One-Step,NASDAQ:ZM,0.026096726082796354
2021-07-14,17,AR1 alpha + Enhanced + One-Step,NASDAQ:ZM,0.026095573588038306
2021-07-15,17,AR1 alpha + Enhanced + One-Step,NASDAQ:ZM,0.024763687034793383
2021-07-16,17,AR1 alpha + Enhanced + One-Step,NASDAQ:ZM,0.019403765324738694
2021-07-19,17,AR1 alpha + Enhanced + One-Step,NASDAQ:ZM,0.015534035630940642
2021-07-20,17,AR1 alpha + Enhanced + One-Step,NASDAQ:ZM,0.01774893111320725
2021-07-21,17,AR1 alpha + Enhanced + One-Step,NASDAQ:ZM,0.019071709795689156
2021-07-22,17,AR1 alpha + Enhanced + One-Step,NASDAQ:ZM,0.024923007667712816
2021-07-23,17,AR1 alpha + Enhanced + One-Step,NASDAQ:ZM,0.023558513371111797
2021-07-26,17,AR1 alpha + Enhanced + One-Step,NASDAQ:ZM,0.02987830491453829
2021-07-27,17,AR1 alpha + Enhanced + One-Step,NASDAQ:ZM,0.029168906921762102
2021-07-28,17,AR1 alpha + Enhanced + One-Step,NASDAQ:ZM,0.029595452647008236
2021-07-29,17,AR1 alpha + Enhanced + One-Step,NASDAQ:ZM,0.03366690667281895
2021-07-30,17,AR1 alpha + Enhanced + One-Step,NASDAQ:ZM,0.036844504490240765
2021-08-02,17,AR1 alpha + Enhanced + One-Step,NASDAQ:ZM,0.036843375993807645
2021-08-03,17,AR1 alpha + Enhanced + One-Step,NASDAQ:ZM,0.04062928409387857
2021-08-04,17,AR1 alpha + Enhanced + One-Step,NASDAQ:ZM,0.04385074055995224
2021-08-05,17,AR1 alpha + Enhanced + One-Step,NASDAQ:ZM,0.04196889311441572
2021-08-06,17,AR1 alpha + Enhanced + One-Step,NASDAQ:ZM,0.0414790184472488
2021-08-09,17,AR1 alpha + Enhanced + One-Step,NASDAQ:ZM,0.03693223147517665
2021-08-10,17,AR1 alpha + Enhanced + One-Step,NASDAQ:ZM,0.03652144620126974
2021-08-11,17,AR1 alpha + Enhanced + One-Step,NASDAQ:ZM,0.027673937181478418
2021-08-12,17,AR1 alpha + Enhanced + One-Step,NASDAQ:ZM,0.029297930436276903
2021-08-13,17,AR1 alpha + Enhanced + One-Step,NASDAQ:ZM,0.029921513386133317
2021-08-16,17,AR1 alpha + Enhanced + One-Step,NASDAQ:ZM,0.030998547114964442
2021-08-17,17,AR1 alpha + Enhanced + One-Step,NASDAQ:ZM,0.030999552711568065
2021-08-18,17,AR1 alpha + Enhanced + One-Step,NASDAQ:ZM,0.030999388567964553
2021-08-19,17,AR1 alpha + Enhanced + One-Step,NASDAQ:ZM,0.031000534904603333
2021-08-20,17,AR1 alpha + Enhanced + One-Step,NASDAQ:ZM,0.028265141772588764
2021-08-23,17,AR1 alpha + Enhanced + One-Step,NASDAQ:ZM,0.023438289788539297
2021-08-24,17,AR1 alpha + Enhanced + One-Step,NASDAQ:ZM,0.02343669613047218
2021-08-25,17,AR1 alpha + Enhanced + One-Step,NASDAQ:ZM,0.02343672552534584
2021-08-26,17,AR1 alpha + Enhanced + One-Step,NASDAQ:ZM,0.023178861385404637
2021-08-27,17,AR1 alpha + Enhanced + One-Step,NASDAQ:ZM,0.020658825420996712
2021-08-30,17,AR1 alpha + Enhanced + One-Step,NASDAQ:ZM,0.02013382199804948
2021-08-31,17,AR1 alpha + Enhanced + One-Step,NASDAQ:ZM,0.009789577732983045
2021-09-01,17,AR1 alpha + Enhanced + One-Step,NASDAQ:ZM,0.0
2021-09-02,17,AR1 alpha + Enhanced + One-Step,NASDAQ:ZM,4.087565196108141e-08
2021-09-03,17,AR1 alpha + Enhanced + One-Step,NASDAQ:ZM,0.0
2021-09-07,17,AR1 alpha + Enhanced + One-Step,NASDAQ:ZM,0.0
2021-09-08,17,AR1 alpha + Enhanced + One-Step,NASDAQ:ZM,0.0
2021-09-09,17,AR1 alpha + Enhanced + One-Step,NASDAQ:ZM,0.0
2021-09-10,17,AR1 alpha + Enhanced + One-Step,NASDAQ:ZM,0.0
2021-09-13,17,AR1 alpha + Enhanced + One-Step,NASDAQ:ZM,2.1812732147382754e-07
2021-09-14,17,AR1 alpha + Enhanced + One-Step,NASDAQ:ZM,2.6918726427117382e-08
2021-09-15,17,AR1 alpha + Enhanced + One-Step,NASDAQ:ZM,0.0
2021-09-16,17,AR1 alpha + Enhanced + One-Step,NASDAQ:ZM,0.0
2021-09-17,17,AR1 alpha + Enhanced + One-Step,NASDAQ:ZM,2.3162898932468834e-08
2021-09-20,17,AR1 alpha + Enhanced + One-Step,NASDAQ:ZM,2.3391423763477128e-07
2021-09-21,17,AR1 alpha + Enhanced + One-Step,NASDAQ:ZM,3.1881284430451165e-07
2021-09-22,17,AR1 alpha + Enhanced + One-Step,NASDAQ:ZM,6.586308273649787e-08
2021-09-23,17,AR1 alpha + Enhanced + One-Step,NASDAQ:ZM,4.227447891405812e-07
2021-09-24,17,AR1 alpha + Enhanced + One-Step,NASDAQ:ZM,7.69075651853495e-08
2021-09-27,17,AR1 alpha + Enhanced + One-Step,NASDAQ:ZM,7.238356163600862e-08
2021-09-28,17,AR1 alpha + Enhanced + One-Step,NASDAQ:ZM,0.0
2021-09-29,17,AR1 alpha + Enhanced + One-Step,NASDAQ:ZM,3.65739583871582e-07
2021-09-30,17,AR1 alpha + Enhanced + One-Step,NASDAQ:ZM,1.583538830591188e-07
2021-10-01,17,AR1 alpha + Enhanced + One-Step,NASDAQ:ZM,3.228620851077132e-08
2021-10-04,17,AR1 alpha + Enhanced + One-Step,NASDAQ:ZM,2.372696852281065e-08
2021-10-05,17,AR1 alpha + Enhanced + One-Step,NASDAQ:ZM,0.0
2021-10-06,17,AR1 alpha + Enhanced + One-Step,NASDAQ:ZM,0.0
2021-10-07,17,AR1 alpha + Enhanced + One-Step,NASDAQ:ZM,0.0
2021-10-08,17,AR1 alpha + Enhanced + One-Step,NASDAQ:ZM,0.0
2021-10-11,17,AR1 alpha + Enhanced + One-Step,NASDAQ:ZM,0.0
2021-10-12,17,AR1 alpha + Enhanced + One-Step,NASDAQ:ZM,1.3201913783984077e-07
2021-10-13,17,AR1 alpha + Enhanced + One-Step,NASDAQ:ZM,9.193057436311874e-08
2021-10-14,17,AR1 alpha + Enhanced + One-Step,NASDAQ:ZM,0.0
2021-10-15,17,AR1 alpha + Enhanced + One-Step,NASDAQ:ZM,0.0
2021-10-18,17,AR1 alpha + Enhanced + One-Step,NASDAQ:ZM,0.0
2021-10-19,17,AR1 alpha + Enhanced + One-Step,NASDAQ:ZM,0.0
2021-10-20,17,AR1 alpha + Enhanced + One-Step,NASDAQ:ZM,2.3364695559552724e-07
2021-10-21,17,AR1 alpha + Enhanced + One-Step,NASDAQ:ZM,1.6657020753567478e-07
2021-10-22,17,AR1 alpha + Enhanced + One-Step,NASDAQ:ZM,3.876397985356614e-07
2021-10-25,17,AR1 alpha + Enhanced + One-Step,NASDAQ:ZM,0.0
2021-10-26,17,AR1 alpha + Enhanced + One-Step,NASDAQ:ZM,0.0
2021-10-27,17,AR1 alpha + Enhanced + One-Step,NASDAQ:ZM,0.0
2021-10-28,17,AR1 alpha + Enhanced + One-Step,NASDAQ:ZM,0.0
2021-10-29,17,AR1 alpha + Enhanced + One-Step,NASDAQ:ZM,0.0
2021-11-01,17,AR1 alpha + Enhanced + One-Step,NASDAQ:ZM,0.0
2021-11-02,17,AR1 alpha + Enhanced + One-Step,NASDAQ:ZM,0.0
2021-11-03,17,AR1 alpha + Enhanced + One-Step,NASDAQ:ZM,2.4443250988946424e-06
2021-11-04,17,AR1 alpha + Enhanced + One-Step,NASDAQ:ZM,2.206380782422773e-06
2021-11-05,17,AR1 alpha + Enhanced + One-Step,NASDAQ:ZM,9.89128672533138e-07
2021-11-08,17,AR1 alpha + Enhanced + One-Step,NASDAQ:ZM,9.59503840645328e-07
2021-11-09,17,AR1 alpha + Enhanced + One-Step,NASDAQ:ZM,6.28197732121998e-07
2021-11-10,17,AR1 alpha + Enhanced + One-Step,NASDAQ:ZM,6.088623496151781e-07
2021-11-11,17,AR1 alpha + Enhanced + One-Step,NASDAQ:ZM,2.903934573376949e-07
2021-11-12,17,AR1 alpha + Enhanced + One-Step,NASDAQ:ZM,2.3173712321895087e-07
2021-11-15,17,AR1 alpha + Enhanced + One-Step,NASDAQ:ZM,7.789073295242648e-07
2021-11-16,17,AR1 alpha + Enhanced + One-Step,NASDAQ:ZM,0.0
2021-11-17,17,AR1 alpha + Enhanced + One-Step,NASDAQ:ZM,0.0
2021-11-18,17,AR1 alpha + Enhanced + One-Step,NASDAQ:ZM,0.0
2021-11-19,17,AR1 alpha + Enhanced + One-Step,NASDAQ:ZM,2.0607848364851707e-07
2021-11-22,17,AR1 alpha + Enhanced + One-Step,NASDAQ:ZM,2.8564705678460994e-07
2021-11-23,17,AR1 alpha + Enhanced + One-Step,NASDAQ:ZM,0.0
2021-11-24,17,AR1 alpha + Enhanced + One-Step,NASDAQ:ZM,0.0
2021-11-26,17,AR1 alpha + Enhanced + One-Step,NASDAQ:ZM,0.0
2021-11-29,17,AR1 alpha + Enhanced + One-Step,NASDAQ:ZM,0.0
2021-11-30,17,AR1 alpha + Enhanced + One-Step,NASDAQ:ZM,0.0
2021-12-01,17,AR1 alpha + Enhanced + One-Step,NASDAQ:ZM,0.0
2021-12-02,17,AR1 alpha + Enhanced + One-Step,NASDAQ:ZM,0.0
2021-12-03,17,AR1 alpha + Enhanced + One-Step,NASDAQ:ZM,0.0
2021-12-06,17,AR1 alpha + Enhanced + One-Step,NASDAQ:ZM,2.2990668765472166e-07
2021-12-07,17,AR1 alpha + Enhanced + One-Step,NASDAQ:ZM,6.64522890082939e-08
2021-12-08,17,AR1 alpha + Enhanced + One-Step,NASDAQ:ZM,0.0
2021-12-09,17,AR1 alpha + Enhanced + One-Step,NASDAQ:ZM,0.0
2021-12-10,17,AR1 alpha + Enhanced + One-Step,NASDAQ:ZM,0.0
2021-12-13,17,AR1 alpha + Enhanced + One-Step,NASDAQ:ZM,0.0
2021-12-14,17,AR1 alpha + Enhanced + One-Step,NASDAQ:ZM,0.0
2021-12-15,17,AR1 alpha + Enhanced + One-Step,NASDAQ:ZM,1.911097939727112e-07
2021-12-16,17,AR1 alpha + Enhanced + One-Step,NASDAQ:ZM,1.0453647913824857e-07
2021-12-17,17,AR1 alpha + Enhanced + One-Step,NASDAQ:ZM,0.0
2021-12-20,17,AR1 alpha + Enhanced + One-Step,NASDAQ:ZM,5.443367518215048e-07
2021-12-21,17,AR1 alpha + Enhanced + One-Step,NASDAQ:ZM,3.4106227196444965e-07
2021-12-22,17,AR1 alpha + Enhanced + One-Step,NASDAQ:ZM,0.0
2021-12-23,17,AR1 alpha + Enhanced + One-Step,NASDAQ:ZM,2.624435552512455e-07
2021-12-27,17,AR1 alpha + Enhanced + One-Step,NASDAQ:ZM,1.0060882504669675e-07
2021-12-28,17,AR1 alpha + Enhanced + One-Step,NASDAQ:ZM,1.4973554563771046e-07
2021-12-29,17,AR1 alpha + Enhanced + One-Step,NASDAQ:ZM,7.148920291466168e-07
2021-12-30,17,AR1 alpha + Enhanced + One-Step,NASDAQ:ZM,0.0
2021-12-31,17,AR1 alpha + Enhanced + One-Step,NASDAQ:ZM,0.0
2022-01-03,17,AR1 alpha + Enhanced + One-Step,NASDAQ:ZM,1.5709526750076403e-07
2022-01-04,17,AR1 alpha + Enhanced + One-Step,NASDAQ:ZM,1.8937845545548937e-07
2022-01-05,17,AR1 alpha + Enhanced + One-Step,NASDAQ:ZM,9.399105359379639e-08
2022-01-06,17,AR1 alpha + Enhanced + One-Step,NASDAQ:ZM,1.0818434379692494e-07
2022-01-07,17,AR1 alpha + Enhanced + One-Step,NASDAQ:ZM,2.0271390089455407e-07
2022-01-10,17,AR1 alpha + Enhanced + One-Step,NASDAQ:ZM,2.629428667764008e-07
2022-01-11,17,AR1 alpha + Enhanced + One-Step,NASDAQ:ZM,1.6583749673811375e-07
2022-01-12,17,AR1 alpha + Enhanced + One-Step,NASDAQ:ZM,0.0
2022-01-13,17,AR1 alpha + Enhanced + One-Step,NASDAQ:ZM,0.0
2022-01-14,17,AR1 alpha + Enhanced + One-Step,NASDAQ:ZM,0.0
2022-01-18,17,AR1 alpha + Enhanced + One-Step,NASDAQ:ZM,5.7700623805479176e-08
2022-01-19,17,AR1 alpha + Enhanced + One-Step,NASDAQ:ZM,0.0
2022-01-20,17,AR1 alpha + Enhanced + One-Step,NASDAQ:ZM,3.357035151499488e-08
2022-01-21,17,AR1 alpha + Enhanced + One-Step,NASDAQ:ZM,0.0
2022-01-24,17,AR1 alpha + Enhanced + One-Step,NASDAQ:ZM,0.0
2022-01-25,17,AR1 alpha + Enhanced + One-Step,NASDAQ:ZM,8.41639718020923e-08
2022-01-26,17,AR1 alpha + Enhanced + One-Step,NASDAQ:ZM,1.784531020787472e-07
2022-01-27,17,AR1 alpha + Enhanced + One-Step,NASDAQ:ZM,3.6716094384680546e-07
2022-01-28,17,AR1 alpha + Enhanced + One-Step,NASDAQ:ZM,1.653886383656116e-07
2022-01-31,17,AR1 alpha + Enhanced + One-Step,NASDAQ:ZM,4.4784449945204235e-07
2022-02-01,17,AR1 alpha + Enhanced + One-Step,NASDAQ:ZM,2.8252328109796265e-07
2022-02-02,17,AR1 alpha + Enhanced + One-Step,NASDAQ:ZM,1.3563673371900648e-07
2022-02-03,17,AR1 alpha + Enhanced + One-Step,NASDAQ:ZM,1.9730514783220657e-07
2022-02-04,17,AR1 alpha + Enhanced + One-Step,NASDAQ:ZM,1.7308400455534082e-07
2022-02-07,17,AR1 alpha + Enhanced + One-Step,NASDAQ:ZM,0.0
2022-02-08,17,AR1 alpha + Enhanced + One-Step,NASDAQ:ZM,4.312026425187867e-08
2022-02-09,17,AR1 alpha + Enhanced + One-Step,NASDAQ:ZM,5.278987502327194e-08
2022-02-10,17,AR1 alpha + Enhanced + One-Step,NASDAQ:ZM,2.7625179470822025e-09
2022-02-11,17,AR1 alpha + Enhanced + One-Step,NASDAQ:ZM,3.9044673104604885e-07
2022-02-14,17,AR1 alpha + Enhanced + One-Step,NASDAQ:ZM,0.0
2022-02-15,17,AR1 alpha + Enhanced + One-Step,NASDAQ:ZM,6.047001634245221e-10
2022-02-16,17,AR1 alpha + Enhanced + One-Step,NASDAQ:ZM,0.0
2022-02-17,17,AR1 alpha + Enhanced + One-Step,NASDAQ:ZM,0.0
2022-02-18,17,AR1 alpha + Enhanced + One-Step,NASDAQ:ZM,6.967812427002174e-09
2022-02-22,17,AR1 alpha + Enhanced + One-Step,NASDAQ:ZM,0.0
2022-02-23,17,AR1 alpha + Enhanced + One-Step,NASDAQ:ZM,0.0
2022-02-24,17,AR1 alpha + Enhanced + One-Step,NASDAQ:ZM,0.0
2022-02-25,17,AR1 alpha + Enhanced + One-Step,NASDAQ:ZM,2.2211074620063282e-08
2022-02-28,17,AR1 alpha + Enhanced + One-Step,NASDAQ:ZM,1.9589504930655034e-08
2022-03-01,17,AR1 alpha + Enhanced + One-Step,NASDAQ:ZM,8.092976999938366e-08
2022-03-02,17,AR1 alpha + Enhanced + One-Step,NASDAQ:ZM,0.0
2022-03-03,17,AR1 alpha + Enhanced + One-Step,NASDAQ:ZM,0.0
2022-03-04,17,AR1 alpha + Enhanced + One-Step,NASDAQ:ZM,0.0
2022-03-07,17,AR1 alpha + Enhanced + One-Step,NASDAQ:ZM,1.2703317680000902e-06
2022-03-08,17,AR1 alpha + Enhanced + One-Step,NASDAQ:ZM,6.899723397538862e-07
2022-03-09,17,AR1 alpha + Enhanced + One-Step,NASDAQ:ZM,0.0
2022-03-10,17,AR1 alpha + Enhanced + One-Step,NASDAQ:ZM,3.414718428318792e-08
2022-03-11,17,AR1 alpha + Enhanced + One-Step,NASDAQ:ZM,0.0
2022-03-14,17,AR1 alpha + Enhanced + One-Step,NASDAQ:ZM,1.7986399539364613e-07
2022-03-15,17,AR1 alpha + Enhanced + One-Step,NASDAQ:ZM,0.0
2022-03-16,17,AR1 alpha + Enhanced + One-Step,NASDAQ:ZM,0.0
2022-03-17,17,AR1 alpha + Enhanced + One-Step,NASDAQ:ZM,8.010034837615678e-08
2022-03-18,17,AR1 alpha + Enhanced + One-Step,NASDAQ:ZM,0.0
2022-03-21,17,AR1 alpha + Enhanced + One-Step,NASDAQ:ZM,1.8576054232623463e-07
2022-03-22,17,AR1 alpha + Enhanced + One-Step,NASDAQ:ZM,1.102859182696816e-07
2022-03-23,17,AR1 alpha + Enhanced + One-Step,NASDAQ:ZM,5.186085358502239e-08
2022-03-24,17,AR1 alpha + Enhanced + One-Step,NASDAQ:ZM,0.0
2022-03-25,17,AR1 alpha + Enhanced + One-Step,NASDAQ:ZM,0.0
2022-03-28,17,AR1 alpha + Enhanced + One-Step,NASDAQ:ZM,0.0
2022-03-29,17,AR1 alpha + Enhanced + One-Step,NASDAQ:ZM,0.0
2022-03-30,17,AR1 alpha + Enhanced + One-Step,NASDAQ:ZM,1.0919454536329135e-08
2022-03-31,17,AR1 alpha + Enhanced + One-Step,NASDAQ:ZM,0.0
2022-04-01,17,AR1 alpha + Enhanced + One-Step,NASDAQ:ZM,7.022440406983907e-08
2022-04-04,17,AR1 alpha + Enhanced + One-Step,NASDAQ:ZM,0.0
2022-04-05,17,AR1 alpha + Enhanced + One-Step,NASDAQ:ZM,0.0
2022-04-06,17,AR1 alpha + Enhanced + One-Step,NASDAQ:ZM,1.2390606748593825e-06
2022-04-07,17,AR1 alpha + Enhanced + One-Step,NASDAQ:ZM,4.521080125211943e-07
2022-04-08,17,AR1 alpha + Enhanced + One-Step,NASDAQ:ZM,9.815605824607127e-07
2022-04-11,17,AR1 alpha + Enhanced + One-Step,NASDAQ:ZM,0.0
2022-04-12,17,AR1 alpha + Enhanced + One-Step,NASDAQ:ZM,0.0
2022-04-13,17,AR1 alpha + Enhanced + One-Step,NASDAQ:ZM,5.517586967887237e-09
2022-04-14,17,AR1 alpha + Enhanced + One-Step,NASDAQ:ZM,0.0
2022-04-18,17,AR1 alpha + Enhanced + One-Step,NASDAQ:ZM,0.0
2022-04-19,17,AR1 alpha + Enhanced + One-Step,NASDAQ:ZM,0.0
2022-04-20,17,AR1 alpha + Enhanced + One-Step,NASDAQ:ZM,0.0
2022-04-21,17,AR1 alpha + Enhanced + One-Step,NASDAQ:ZM,0.0
2022-04-22,17,AR1 alpha + Enhanced + One-Step,NASDAQ:ZM,0.0
2022-04-25,17,AR1 alpha + Enhanced + One-Step,NASDAQ:ZM,0.0
2022-04-26,17,AR1 alpha + Enhanced + One-Step,NASDAQ:ZM,6.829546988614469e-08
2022-04-27,17,AR1 alpha + Enhanced + One-Step,NASDAQ:ZM,0.0
2022-04-28,17,AR1 alpha + Enhanced + One-Step,NASDAQ:ZM,0.0
2022-04-29,17,AR1 alpha + Enhanced + One-Step,NASDAQ:ZM,0.0
2022-05-02,17,AR1 alpha + Enhanced + One-Step,NASDAQ:ZM,0.0
2022-05-03,17,AR1 alpha + Enhanced + One-Step,NASDAQ:ZM,8.073029059554969e-08
2022-05-04,17,AR1 alpha + Enhanced + One-Step,NASDAQ:ZM,1.4641872233342188e-08
2022-05-05,17,AR1 alpha + Enhanced + One-Step,NASDAQ:ZM,2.954615601833432e-08
2022-05-06,17,AR1 alpha + Enhanced + One-Step,NASDAQ:ZM,3.681655559346923e-07
2022-05-09,17,AR1 alpha + Enhanced + One-Step,NASDAQ:ZM,0.0
2022-05-10,17,AR1 alpha + Enhanced + One-Step,NASDAQ:ZM,0.0
2022-05-11,17,AR1 alpha + Enhanced + One-Step,NASDAQ:ZM,0.0
2022-05-12,17,AR1 alpha + Enhanced + One-Step,NASDAQ:ZM,0.0
2022-05-13,17,AR1 alpha + Enhanced + One-Step,NASDAQ:ZM,0.0
2022-05-16,17,AR1 alpha + Enhanced + One-Step,NASDAQ:ZM,0.0
2022-05-17,17,AR1 alpha + Enhanced + One-Step,NASDAQ:ZM,0.0
2022-05-18,17,AR1 alpha + Enhanced + One-Step,NASDAQ:ZM,0.0
2022-05-19,17,AR1 alpha + Enhanced + One-Step,NASDAQ:ZM,0.0
2022-05-20,17,AR1 alpha + Enhanced + One-Step,NASDAQ:ZM,0.0
2022-05-23,17,AR1 alpha + Enhanced + One-Step,NASDAQ:ZM,0.0
2022-05-24,17,AR1 alpha + Enhanced + One-Step,NASDAQ:ZM,0.0
2022-05-25,17,AR1 alpha + Enhanced + One-Step,NASDAQ:ZM,0.0
2022-05-26,17,AR1 alpha + Enhanced + One-Step,NASDAQ:ZM,0.0
2022-05-27,17,AR1 alpha + Enhanced + One-Step,NASDAQ:ZM,7.99928931132991e-07
2022-05-31,17,AR1 alpha + Enhanced + One-Step,NASDAQ:ZM,0.0
2022-06-01,17,AR1 alpha + Enhanced + One-Step,NASDAQ:ZM,9.18771611344209e-07
2022-06-02,17,AR1 alpha + Enhanced + One-Step,NASDAQ:ZM,4.4679078720649344e-07
2022-06-03,17,AR1 alpha + Enhanced + One-Step,NASDAQ:ZM,0.0
2022-06-06,17,AR1 alpha + Enhanced + One-Step,NASDAQ:ZM,0.0
2022-06-07,17,AR1 alpha + Enhanced + One-Step,NASDAQ:ZM,0.0
2022-06-08,17,AR1 alpha + Enhanced + One-Step,NASDAQ:ZM,0.0
2022-06-09,17,AR1 alpha + Enhanced + One-Step,NASDAQ:ZM,0.0
2022-06-10,17,AR1 alpha + Enhanced + One-Step,NASDAQ:ZM,0.0
2022-06-13,17,AR1 alpha + Enhanced + One-Step,NASDAQ:ZM,0.0
2022-06-14,17,AR1 alpha + Enhanced + One-Step,NASDAQ:ZM,0.0
2022-06-15,17,AR1 alpha + Enhanced + One-Step,NASDAQ:ZM,0.0
2022-06-16,17,AR1 alpha + Enhanced + One-Step,NASDAQ:ZM,0.0
2022-06-17,17,AR1 alpha + Enhanced + One-Step,NASDAQ:ZM,3.150451896308235e-07
2022-06-21,17,AR1 alpha + Enhanced + One-Step,NASDAQ:ZM,4.360929956588318e-08
2022-06-22,17,AR1 alpha + Enhanced + One-Step,NASDAQ:ZM,0.0
2022-06-23,17,AR1 alpha + Enhanced + One-Step,NASDAQ:ZM,0.0
2022-06-24,17,AR1 alpha + Enhanced + One-Step,NASDAQ:ZM,0.0
2022-06-27,17,AR1 alpha + Enhanced + One-Step,NASDAQ:ZM,3.3855183314452945e-09
2022-06-28,17,AR1 alpha + Enhanced + One-Step,NASDAQ:ZM,0.0
2022-06-29,17,AR1 alpha + Enhanced + One-Step,NASDAQ:ZM,0.0
2022-06-30,17,AR1 alpha + Enhanced + One-Step,NASDAQ:ZM,8.403178446888752e-08
2022-07-01,17,AR1 alpha + Enhanced + One-Step,NASDAQ:ZM,6.739687145403143e-08
2022-07-05,17,AR1 alpha + Enhanced + One-Step,NASDAQ:ZM,1.8595942999372287e-08
2022-07-06,17,AR1 alpha + Enhanced + One-Step,NASDAQ:ZM,0.0
2022-07-07,17,AR1 alpha + Enhanced + One-Step,NASDAQ:ZM,0.0
2022-07-08,17,AR1 alpha + Enhanced + One-Step,NASDAQ:ZM,0.0
2022-07-11,17,AR1 alpha + Enhanced + One-Step,NASDAQ:ZM,0.0
2022-07-12,17,AR1 alpha + Enhanced + One-Step,NASDAQ:ZM,0.0
2022-07-13,17,AR1 alpha + Enhanced + One-Step,NASDAQ:ZM,0.0
2022-07-14,17,AR1 alpha + Enhanced + One-Step,NASDAQ:ZM,0.0
2022-07-15,17,AR1 alpha + Enhanced + One-Step,NASDAQ:ZM,1.9998011621972372e-09
2022-07-18,17,AR1 alpha + Enhanced + One-Step,NASDAQ:ZM,0.0
2022-07-19,17,AR1 alpha + Enhanced + One-Step,NASDAQ:ZM,0.0
2022-07-20,17,AR1 alpha + Enhanced + One-Step,NASDAQ:ZM,0.0
2022-07-21,17,AR1 alpha + Enhanced + One-Step,NASDAQ:ZM,0.0
2022-07-22,17,AR1 alpha + Enhanced + One-Step,NASDAQ:ZM,0.0
2022-07-25,17,AR1 alpha + Enhanced + One-Step,NASDAQ:ZM,3.143204413202477e-07
2022-07-26,17,AR1 alpha + Enhanced + One-Step,NASDAQ:ZM,1.4714064522497528e-07
2022-07-27,17,AR1 alpha + Enhanced + One-Step,NASDAQ:ZM,0.0
2022-07-28,17,AR1 alpha + Enhanced + One-Step,NASDAQ:ZM,4.0640162303776486e-08
2022-07-29,17,AR1 alpha + Enhanced + One-Step,NASDAQ:ZM,0.0
2022-08-01,17,AR1 alpha + Enhanced + One-Step,NASDAQ:ZM,0.0
2022-08-02,17,AR1 alpha + Enhanced + One-Step,NASDAQ:ZM,0.0
2022-08-03,17,AR1 alpha + Enhanced + One-Step,NASDAQ:ZM,0.0
2022-08-04,17,AR1 alpha + Enhanced + One-Step,NASDAQ:ZM,3.348901764250059e-07
2022-08-05,17,AR1 alpha + Enhanced + One-Step,NASDAQ:ZM,0.0
2022-08-08,17,AR1 alpha + Enhanced + One-Step,NASDAQ:ZM,0.0
2022-08-09,17,AR1 alpha + Enhanced + One-Step,NASDAQ:ZM,3.531070023943414e-07
2022-08-10,17,AR1 alpha + Enhanced + One-Step,NASDAQ:ZM,0.0
2022-08-11,17,AR1 alpha + Enhanced + One-Step,NASDAQ:ZM,0.0
2022-08-12,17,AR1 alpha + Enhanced + One-Step,NASDAQ:ZM,0.0
2022-08-15,17,AR1 alpha + Enhanced + One-Step,NASDAQ:ZM,0.0
2022-08-16,17,AR1 alpha + Enhanced + One-Step,NASDAQ:ZM,1.2016351675002477e-08
2022-08-17,17,AR1 alpha + Enhanced + One-Step,NASDAQ:ZM,6.894376944098144e-07
2022-08-18,17,AR1 alpha + Enhanced + One-Step,NASDAQ:ZM,0.0
2022-08-19,17,AR1 alpha + Enhanced + One-Step,NASDAQ:ZM,0.0
2022-08-22,17,AR1 alpha + Enhanced + One-Step,NASDAQ:ZM,0.0
2022-08-23,17,AR1 alpha + Enhanced + One-Step,NASDAQ:ZM,4.582181955890877e-08
2022-08-24,17,AR1 alpha + Enhanced + One-Step,NASDAQ:ZM,0.0
2022-08-25,17,AR1 alpha + Enhanced + One-Step,NASDAQ:ZM,0.0
2022-08-26,17,AR1 alpha + Enhanced + One-Step,NASDAQ:ZM,0.0
2022-08-29,17,AR1 alpha + Enhanced + One-Step,NASDAQ:ZM,0.0
2022-08-30,17,AR1 alpha + Enhanced + One-Step,NASDAQ:ZM,0.0
2022-08-31,17,AR1 alpha + Enhanced + One-Step,NASDAQ:ZM,0.0
2022-09-01,17,AR1 alpha + Enhanced + One-Step,NASDAQ:ZM,1.370553117180009e-07
2022-09-02,17,AR1 alpha + Enhanced + One-Step,NASDAQ:ZM,5.8862952895793154e-08
2022-09-06,17,AR1 alpha + Enhanced + One-Step,NASDAQ:ZM,2.3754441378284296e-08
2022-09-07,17,AR1 alpha + Enhanced + One-Step,NASDAQ:ZM,8.133204951792605e-09
2022-09-08,17,AR1 alpha + Enhanced + One-Step,NASDAQ:ZM,5.5886163784778306e-08
2022-09-09,17,AR1 alpha + Enhanced + One-Step,NASDAQ:ZM,0.0
2022-09-12,17,AR1 alpha + Enhanced + One-Step,NASDAQ:ZM,0.0
2022-09-13,17,AR1 alpha + Enhanced + One-Step,NASDAQ:ZM,0.0
2022-09-14,17,AR1 alpha + Enhanced + One-Step,NASDAQ:ZM,0.0
2022-09-15,17,AR1 alpha + Enhanced + One-Step,NASDAQ:ZM,0.0
2022-09-16,17,AR1 alpha + Enhanced + One-Step,NASDAQ:ZM,3.653348949418504e-08
2022-09-19,17,AR1 alpha + Enhanced + One-Step,NASDAQ:ZM,0.0
2022-09-20,17,AR1 alpha + Enhanced + One-Step,NASDAQ:ZM,6.268112135966654e-08
2022-09-21,17,AR1 alpha + Enhanced + One-Step,NASDAQ:ZM,0.0
2022-09-22,17,AR1 alpha + Enhanced + One-Step,NASDAQ:ZM,0.0
2022-09-23,17,AR1 alpha + Enhanced + One-Step,NASDAQ:ZM,0.0
2022-09-26,17,AR1 alpha + Enhanced + One-Step,NASDAQ:ZM,0.0
2022-09-27,17,AR1 alpha + Enhanced + One-Step,NASDAQ:ZM,0.0
2022-09-28,17,AR1 alpha + Enhanced + One-Step,NASDAQ:ZM,0.0
2022-09-29,17,AR1 alpha + Enhanced + One-Step,NASDAQ:ZM,1.678457144421052e-07
2022-09-30,17,AR1 alpha + Enhanced + One-Step,NASDAQ:ZM,7.745186820817788e-09
2022-10-03,17,AR1 alpha + Enhanced + One-Step,NASDAQ:ZM,5.128237868251499e-09
2022-10-04,17,AR1 alpha + Enhanced + One-Step,NASDAQ:ZM,8.866331798725121e-08
2022-10-05,17,AR1 alpha + Enhanced + One-Step,NASDAQ:ZM,0.0
2022-10-06,17,AR1 alpha + Enhanced + One-Step,NASDAQ:ZM,0.0
2022-10-07,17,AR1 alpha + Enhanced + One-Step,NASDAQ:ZM,1.1455339712800742e-08
2022-10-10,17,AR1 alpha + Enhanced + One-Step,NASDAQ:ZM,0.0
2022-10-11,17,AR1 alpha + Enhanced + One-Step,NASDAQ:ZM,0.0
2022-10-12,17,AR1 alpha + Enhanced + One-Step,NASDAQ:ZM,0.0
2022-10-13,17,AR1 alpha + Enhanced + One-Step,NASDAQ:ZM,9.250475549271234e-07
2022-10-14,17,AR1 alpha + Enhanced + One-Step,NASDAQ:ZM,2.3698050956961961e-07
2022-10-17,17,AR1 alpha + Enhanced + One-Step,NASDAQ:ZM,1.6265579022373972e-09
2022-10-18,17,AR1 alpha + Enhanced + One-Step,NASDAQ:ZM,0.0
2022-10-19,17,AR1 alpha + Enhanced + One-Step,NASDAQ:ZM,0.0
2022-10-20,17,AR1 alpha + Enhanced + One-Step,NASDAQ:ZM,0.0
2022-10-21,17,AR1 alpha + Enhanced + One-Step,NASDAQ:ZM,2.090239042803224e-08
2022-10-24,17,AR1 alpha + Enhanced + One-Step,NASDAQ:ZM,0.0
2022-10-25,17,AR1 alpha + Enhanced + One-Step,NASDAQ:ZM,3.881263913030542e-09
2022-10-26,17,AR1 alpha + Enhanced + One-Step,NASDAQ:ZM,5.282899299533708e-08
2022-10-27,17,AR1 alpha + Enhanced + One-Step,NASDAQ:ZM,0.0
2022-10-28,17,AR1 alpha + Enhanced + One-Step,NASDAQ:ZM,0.0
2022-10-31,17,AR1 alpha + Enhanced + One-Step,NASDAQ:ZM,0.0
2022-11-01,17,AR1 alpha + Enhanced + One-Step,NASDAQ:ZM,0.0
2022-11-02,17,AR1 alpha + Enhanced + One-Step,NASDAQ:ZM,3.317808050963213e-08
2022-11-03,17,AR1 alpha + Enhanced + One-Step,NASDAQ:ZM,7.623071296451385e-07
2022-11-04,17,AR1 alpha + Enhanced + One-Step,NASDAQ:ZM,1.35404054710329e-07
2022-11-07,17,AR1 alpha + Enhanced + One-Step,NASDAQ:ZM,0.0
2022-11-08,17,AR1 alpha + Enhanced + One-Step,NASDAQ:ZM,4.044203999959937e-08
2022-11-09,17,AR1 alpha + Enhanced + One-Step,NASDAQ:ZM,0.0
2022-11-10,17,AR1 alpha + Enhanced + One-Step,NASDAQ:ZM,1.1046822118592486e-08
2022-11-11,17,AR1 alpha + Enhanced + One-Step,NASDAQ:ZM,0.0
2022-11-14,17,AR1 alpha + Enhanced + One-Step,NASDAQ:ZM,0.0
2022-11-15,17,AR1 alpha + Enhanced + One-Step,NASDAQ:ZM,4.916089023807219e-09
2022-11-16,17,AR1 alpha + Enhanced + One-Step,NASDAQ:ZM,0.0
2022-11-17,17,AR1 alpha + Enhanced + One-Step,NASDAQ:ZM,0.0
2022-11-18,17,AR1 alpha + Enhanced + One-Step,NASDAQ:ZM,2.0215204022771582e-08
2022-11-21,17,AR1 alpha + Enhanced + One-Step,NASDAQ:ZM,0.0
2022-11-22,17,AR1 alpha + Enhanced + One-Step,NASDAQ:ZM,0.0
2022-11-23,17,AR1 alpha + Enhanced + One-Step,NASDAQ:ZM,1.6870683283917574e-07
2022-11-25,17,AR1 alpha + Enhanced + One-Step,NASDAQ:ZM,1.4351969590627103e-07
2022-11-28,17,AR1 alpha + Enhanced + One-Step,NASDAQ:ZM,1.2935037857043357e-07
2022-11-29,17,AR1 alpha + Enhanced + One-Step,NASDAQ:ZM,6.457025915086008e-08
2022-11-30,17,AR1 alpha + Enhanced + One-Step,NASDAQ:ZM,2.5583355934993036e-08
2022-12-01,17,AR1 alpha + Enhanced + One-Step,NASDAQ:ZM,0.0
2022-12-02,17,AR1 alpha + Enhanced + One-Step,NASDAQ:ZM,1.0802056370694875e-08
2022-12-05,17,AR1 alpha + Enhanced + One-Step,NASDAQ:ZM,0.0
2022-12-06,17,AR1 alpha + Enhanced + One-Step,NASDAQ:ZM,0.0
2022-12-07,17,AR1 alpha + Enhanced + One-Step,NASDAQ:ZM,0.0
2022-12-08,17,AR1 alpha + Enhanced + One-Step,NASDAQ:ZM,0.0
2022-12-09,17,AR1 alpha + Enhanced + One-Step,NASDAQ:ZM,0.0
2022-12-12,17,AR1 alpha + Enhanced + One-Step,NASDAQ:ZM,0.0
2022-12-13,17,AR1 alpha + Enhanced + One-Step,NASDAQ:ZM,0.0
2022-12-14,17,AR1 alpha + Enhanced + One-Step,NASDAQ:ZM,0.0
2022-12-15,17,AR1 alpha + Enhanced + One-Step,NASDAQ:ZM,0.0
2022-12-16,17,AR1 alpha + Enhanced + One-Step,NASDAQ:ZM,0.0
2022-12-19,17,AR1 alpha + Enhanced + One-Step,NASDAQ:ZM,0.0
2022-12-20,17,AR1 alpha + Enhanced + One-Step,NASDAQ:ZM,0.0
2022-12-21,17,AR1 alpha + Enhanced + One-Step,NASDAQ:ZM,0.0
2022-12-22,17,AR1 alpha + Enhanced + One-Step,NASDAQ:ZM,0.0
2022-12-23,17,AR1 alpha + Enhanced + One-Step,NASDAQ:ZM,1.9177048934597164e-08
2022-12-27,17,AR1 alpha + Enhanced + One-Step,NASDAQ:ZM,1.3788124130794388e-08
2022-12-28,17,AR1 alpha + Enhanced + One-Step,NASDAQ:ZM,0.0
2022-12-29,17,AR1 alpha + Enhanced + One-Step,NASDAQ:ZM,0.0
2022-12-30,17,AR1 alpha + Enhanced + One-Step,NASDAQ:ZM,0.0
2023-01-03,17,AR1 alpha + Enhanced + One-Step,NASDAQ:ZM,0.0
2023-01-04,17,AR1 alpha + Enhanced + One-Step,NASDAQ:ZM,0.0
2023-01-05,17,AR1 alpha + Enhanced + One-Step,NASDAQ:ZM,2.179439169761072e-07
2023-01-06,17,AR1 alpha + Enhanced + One-Step,NASDAQ:ZM,2.6687951906009434e-08
2023-01-09,17,AR1 alpha + Enhanced + One-Step,NASDAQ:ZM,0.0
2023-01-10,17,AR1 alpha + Enhanced + One-Step,NASDAQ:ZM,9.607525245911861e-07
2023-01-11,17,AR1 alpha + Enhanced + One-Step,NASDAQ:ZM,0.0
2023-01-12,17,AR1 alpha + Enhanced + One-Step,NASDAQ:ZM,0.0
2023-01-13,17,AR1 alpha + Enhanced + One-Step,NASDAQ:ZM,0.0
2023-01-17,17,AR1 alpha + Enhanced + One-Step,NASDAQ:ZM,0.0
2023-01-18,17,AR1 alpha + Enhanced + One-Step,NASDAQ:ZM,3.118330114823554e-07
2023-01-19,17,AR1 alpha + Enhanced + One-Step,NASDAQ:ZM,0.0
2023-01-20,17,AR1 alpha + Enhanced + One-Step,NASDAQ:ZM,0.0
2023-01-23,17,AR1 alpha + Enhanced + One-Step,NASDAQ:ZM,0.0
2023-01-24,17,AR1 alpha + Enhanced + One-Step,NASDAQ:ZM,1.1983630987952132e-09
2023-01-25,17,AR1 alpha + Enhanced + One-Step,NASDAQ:ZM,1.5892528525112283e-08
2023-01-26,17,AR1 alpha + Enhanced + One-Step,NASDAQ:ZM,1.3785812737487817e-08
2023-01-27,17,AR1 alpha + Enhanced + One-Step,NASDAQ:ZM,0.0
2023-01-30,17,AR1 alpha + Enhanced + One-Step,NASDAQ:ZM,1.1921932665432236e-07
2023-01-31,17,AR1 alpha + Enhanced + One-Step,NASDAQ:ZM,0.0
2023-02-01,17,AR1 alpha + Enhanced + One-Step,NASDAQ:ZM,0.0
2023-02-02,17,AR1 alpha + Enhanced + One-Step,NASDAQ:ZM,7.830018166143585e-07
2023-02-03,17,AR1 alpha + Enhanced + One-Step,NASDAQ:ZM,2.58260440933944e-07
2023-02-06,17,AR1 alpha + Enhanced + One-Step,NASDAQ:ZM,5.011400147677509e-07
2023-02-07,17,AR1 alpha + Enhanced + One-Step,NASDAQ:ZM,1.1975353319186167e-06
2023-02-08,17,AR1 alpha + Enhanced + One-Step,NASDAQ:ZM,7.66261448678519e-08
2023-02-09,17,AR1 alpha + Enhanced + One-Step,NASDAQ:ZM,0.0
2023-02-10,17,AR1 alpha + Enhanced + One-Step,NASDAQ:ZM,0.0
2023-02-13,17,AR1 alpha + Enhanced + One-Step,NASDAQ:ZM,6.952864287737233e-08
2023-02-14,17,AR1 alpha + Enhanced + One-Step,NASDAQ:ZM,1.001325752328148e-06
2023-02-15,17,AR1 alpha + Enhanced + One-Step,NASDAQ:ZM,4.5439035561882903e-07
2023-02-16,17,AR1 alpha + Enhanced + One-Step,NASDAQ:ZM,0.0
2023-02-17,17,AR1 alpha + Enhanced + One-Step,NASDAQ:ZM,0.0
2023-02-21,17,AR1 alpha + Enhanced + One-Step,NASDAQ:ZM,0.0
2023-02-22,17,AR1 alpha + Enhanced + One-Step,NASDAQ:ZM,0.0
2023-02-23,17,AR1 alpha + Enhanced + One-Step,NASDAQ:ZM,0.0
2023-02-24,17,AR1 alpha + Enhanced + One-Step,NASDAQ:ZM,9.599085203860265e-07
2023-02-27,17,AR1 alpha + Enhanced + One-Step,NASDAQ:ZM,4.583193822504235e-07
2023-02-28,17,AR1 alpha + Enhanced + One-Step,NASDAQ:ZM,6.366766184202136e-07
2023-03-01,17,AR1 alpha + Enhanced + One-Step,NASDAQ:ZM,2.158911965642281e-07
2023-03-02,17,AR1 alpha + Enhanced + One-Step,NASDAQ:ZM,0.0
2023-03-03,17,AR1 alpha + Enhanced + One-Step,NASDAQ:ZM,0.0
2023-03-06,17,AR1 alpha + Enhanced + One-Step,NASDAQ:ZM,0.0
2023-03-07,17,AR1 alpha + Enhanced + One-Step,NASDAQ:ZM,0.0
2023-03-08,17,AR1 alpha + Enhanced + One-Step,NASDAQ:ZM,0.0
2023-03-09,17,AR1 alpha + Enhanced + One-Step,NASDAQ:ZM,0.0
2023-03-10,17,AR1 alpha + Enhanced + One-Step,NASDAQ:ZM,0.0
2023-03-13,17,AR1 alpha + Enhanced + One-Step,NASDAQ:ZM,0.0
2023-03-14,17,AR1 alpha + Enhanced + One-Step,NASDAQ:ZM,0.0
2023-03-15,17,AR1 alpha + Enhanced + One-Step,NASDAQ:ZM,0.0
2023-03-16,17,AR1 alpha + Enhanced + One-Step,NASDAQ:ZM,7.21301393165275e-09
2023-03-17,17,AR1 alpha + Enhanced + One-Step,NASDAQ:ZM,0.0
2023-03-20,17,AR1 alpha + Enhanced + One-Step,NASDAQ:ZM,0.0
2023-03-21,17,AR1 alpha + Enhanced + One-Step,NASDAQ:ZM,0.0
2023-03-22,17,AR1 alpha + Enhanced + One-Step,NASDAQ:ZM,0.0
2023-03-23,17,AR1 alpha + Enhanced + One-Step,NASDAQ:ZM,0.0
2023-03-24,17,AR1 alpha + Enhanced + One-Step,NASDAQ:ZM,0.0
2023-03-27,17,AR1 alpha + Enhanced + One-Step,NASDAQ:ZM,0.0
2023-03-28,17,AR1 alpha + Enhanced + One-Step,NASDAQ:ZM,0.0
2023-03-29,17,AR1 alpha + Enhanced + One-Step,NASDAQ:ZM,4.986267220840583e-09
2023-03-30,17,AR1 alpha + Enhanced + One-Step,NASDAQ:ZM,1.2996335223728986e-08
2023-03-31,17,AR1 alpha + Enhanced + One-Step,NASDAQ:ZM,6.513686187453912e-08
2023-04-03,17,AR1 alpha + Enhanced + One-Step,NASDAQ:ZM,0.0
2023-04-04,17,AR1 alpha + Enhanced + One-Step,NASDAQ:ZM,0.0
2023-04-05,17,AR1 alpha + Enhanced + One-Step,NASDAQ:ZM,0.0
2023-04-06,17,AR1 alpha + Enhanced + One-Step,NASDAQ:ZM,2.1508659892921343e-07
2023-04-10,17,AR1 alpha + Enhanced + One-Step,NASDAQ:ZM,5.568863624493601e-07
2023-04-11,17,AR1 alpha + Enhanced + One-Step,NASDAQ:ZM,0.0
2023-04-12,17,AR1 alpha + Enhanced + One-Step,NASDAQ:ZM,0.0
2023-04-13,17,AR1 alpha + Enhanced + One-Step,NASDAQ:ZM,0.0
2023-04-14,17,AR1 alpha + Enhanced + One-Step,NASDAQ:ZM,0.0
2023-04-17,17,AR1 alpha + Enhanced + One-Step,NASDAQ:ZM,3.9438546205497076e-08
2023-04-18,17,AR1 alpha + Enhanced + One-Step,NASDAQ:ZM,0.0
2023-04-19,17,AR1 alpha + Enhanced + One-Step,NASDAQ:ZM,0.0
2023-04-20,17,AR1 alpha + Enhanced + One-Step,NASDAQ:ZM,1.560450381489608e-09
2023-04-21,17,AR1 alpha + Enhanced + One-Step,NASDAQ:ZM,0.0
2023-04-24,17,AR1 alpha + Enhanced + One-Step,NASDAQ:ZM,0.0
2023-04-25,17,AR1 alpha + Enhanced + One-Step,NASDAQ:ZM,0.0
2023-04-26,17,AR1 alpha + Enhanced + One-Step,NASDAQ:ZM,0.0
2023-04-27,17,AR1 alpha + Enhanced + One-Step,NASDAQ:ZM,0.0
2023-04-28,17,AR1 alpha + Enhanced + One-Step,NASDAQ:ZM,9.328290578360343e-08
2023-05-01,17,AR1 alpha + Enhanced + One-Step,NASDAQ:ZM,4.2657710296972727e-08
2023-05-02,17,AR1 alpha + Enhanced + One-Step,NASDAQ:ZM,9.354432656333766e-08
2023-05-03,17,AR1 alpha + Enhanced + One-Step,NASDAQ:ZM,0.0
2023-05-04,17,AR1 alpha + Enhanced + One-Step,NASDAQ:ZM,0.0
2023-05-05,17,AR1 alpha + Enhanced + One-Step,NASDAQ:ZM,0.0
2023-05-08,17,AR1 alpha + Enhanced + One-Step,NASDAQ:ZM,1.9235500958335766e-07
2023-05-09,17,AR1 alpha + Enhanced + One-Step,NASDAQ:ZM,6.832363039067947e-08
2023-05-10,17,AR1 alpha + Enhanced + One-Step,NASDAQ:ZM,5.804852840862967e-07
2023-05-11,17,AR1 alpha + Enhanced + One-Step,NASDAQ:ZM,2.6309667577064744e-07
2023-05-12,17,AR1 alpha + Enhanced + One-Step,NASDAQ:ZM,3.092997919027288e-07
2023-05-15,17,AR1 alpha + Enhanced + One-Step,NASDAQ:ZM,3.461137860620413e-07
2023-05-16,17,AR1 alpha + Enhanced + One-Step,NASDAQ:ZM,2.9263751391048184e-07
2023-05-17,17,AR1 alpha + Enhanced + One-Step,NASDAQ:ZM,1.8889982067527082e-07
2023-05-18,17,AR1 alpha + Enhanced + One-Step,NASDAQ:ZM,1.4134446669538151e-06
2023-05-19,17,AR1 alpha + Enhanced + One-Step,NASDAQ:ZM,6.539326747106261e-07
2023-05-22,17,AR1 alpha + Enhanced + One-Step,NASDAQ:ZM,2.989712938200184e-07
2023-05-23,17,AR1 alpha + Enhanced + One-Step,NASDAQ:ZM,0.0
2023-05-24,17,AR1 alpha + Enhanced + One-Step,NASDAQ:ZM,0.0
2023-05-25,17,AR1 alpha + Enhanced + One-Step,NASDAQ:ZM,0.0
2023-05-26,17,AR1 alpha + Enhanced + One-Step,NASDAQ:ZM,2.3621312610476022e-07
2023-05-30,17,AR1 alpha + Enhanced + One-Step,NASDAQ:ZM,2.0423440580541416e-07
2023-05-31,17,AR1 alpha + Enhanced + One-Step,NASDAQ:ZM,0.0
2023-06-01,17,AR1 alpha + Enhanced + One-Step,NASDAQ:ZM,0.0
2023-06-02,17,AR1 alpha + Enhanced + One-Step,NASDAQ:ZM,0.0
2023-06-05,17,AR1 alpha + Enhanced + One-Step,NASDAQ:ZM,0.0
2023-06-06,17,AR1 alpha + Enhanced + One-Step,NASDAQ:ZM,2.0319879660968976e-06
2023-06-07,17,AR1 alpha + Enhanced + One-Step,NASDAQ:ZM,6.164121993598856e-07
2023-06-08,17,AR1 alpha + Enhanced + One-Step,NASDAQ:ZM,1.576667316717648e-07
2023-06-09,17,AR1 alpha + Enhanced + One-Step,NASDAQ:ZM,1.0192784155568665e-07
2023-06-12,17,AR1 alpha + Enhanced + One-Step,NASDAQ:ZM,3.7924125865456807e-08
2023-06-13,17,AR1 alpha + Enhanced + One-Step,NASDAQ:ZM,0.0
2023-06-14,17,AR1 alpha + Enhanced + One-Step,NASDAQ:ZM,1.431612550394627e-07
2023-06-15,17,AR1 alpha + Enhanced + One-Step,NASDAQ:ZM,0.0
2023-06-16,17,AR1 alpha + Enhanced + One-Step,NASDAQ:ZM,0.0
2023-06-20,17,AR1 alpha + Enhanced + One-Step,NASDAQ:ZM,0.0
2023-06-21,17,AR1 alpha + Enhanced + One-Step,NASDAQ:ZM,0.0
2023-06-22,17,AR1 alpha + Enhanced + One-Step,NASDAQ:ZM,0.0
2023-06-23,17,AR1 alpha + Enhanced + One-Step,NASDAQ:ZM,0.0
2023-06-26,17,AR1 alpha + Enhanced + One-Step,NASDAQ:ZM,0.0
2023-06-27,17,AR1 alpha + Enhanced + One-Step,NASDAQ:ZM,0.0
2023-06-28,17,AR1 alpha + Enhanced + One-Step,NASDAQ:ZM,0.0
2023-06-29,17,AR1 alpha + Enhanced + One-Step,NASDAQ:ZM,0.0
2023-06-30,17,AR1 alpha + Enhanced + One-Step,NASDAQ:ZM,0.0
2023-07-03,17,AR1 alpha + Enhanced + One-Step,NASDAQ:ZM,0.0
2023-07-05,17,AR1 alpha + Enhanced + One-Step,NASDAQ:ZM,0.0
2023-07-06,17,AR1 alpha + Enhanced + One-Step,NASDAQ:ZM,0.0
2023-07-07,17,AR1 alpha + Enhanced + One-Step,NASDAQ:ZM,0.0
2023-07-10,17,AR1 alpha + Enhanced + One-Step,NASDAQ:ZM,1.0968675871210317e-07
2023-07-11,17,AR1 alpha + Enhanced + One-Step,NASDAQ:ZM,0.0
2023-07-12,17,AR1 alpha + Enhanced + One-Step,NASDAQ:ZM,6.02489596513626e-08
2023-07-13,17,AR1 alpha + Enhanced + One-Step,NASDAQ:ZM,0.0
2023-07-14,17,AR1 alpha + Enhanced + One-Step,NASDAQ:ZM,0.0
2023-07-17,17,AR1 alpha + Enhanced + One-Step,NASDAQ:ZM,0.0
2023-07-18,17,AR1 alpha + Enhanced + One-Step,NASDAQ:ZM,3.1777831204952204e-07
2023-07-19,17,AR1 alpha + Enhanced + One-Step,NASDAQ:ZM,0.0
2023-07-20,17,AR1 alpha + Enhanced + One-Step,NASDAQ:ZM,0.0
2023-07-21,17,AR1 alpha + Enhanced + One-Step,NASDAQ:ZM,0.0
2023-07-24,17,AR1 alpha + Enhanced + One-Step,NASDAQ:ZM,0.0
2023-07-25,17,AR1 alpha + Enhanced + One-Step,NASDAQ:ZM,0.0
2023-07-26,17,AR1 alpha + Enhanced + One-Step,NASDAQ:ZM,0.0
2023-07-27,17,AR1 alpha + Enhanced + One-Step,NASDAQ:ZM,0.0
2023-08-01,17,AR1 alpha + Enhanced + One-Step,NASDAQ:ZM,2.8164614455663583e-07
2023-08-02,17,AR1 alpha + Enhanced + One-Step,NASDAQ:ZM,0.0
2023-08-03,17,AR1 alpha + Enhanced + One-Step,NASDAQ:ZM,3.559545372571475e-08
2023-08-04,17,AR1 alpha + Enhanced + One-Step,NASDAQ:ZM,1.9021508385964994e-06
2023-08-07,17,AR1 alpha + Enhanced + One-Step,NASDAQ:ZM,7.36986445904744e-07
2023-08-08,17,AR1 alpha + Enhanced + One-Step,NASDAQ:ZM,2.532687503492468e-07
2023-08-09,17,AR1 alpha + Enhanced + One-Step,NASDAQ:ZM,0.0
2023-08-10,17,AR1 alpha + Enhanced + One-Step,NASDAQ:ZM,0.0
2023-08-11,17,AR1 alpha + Enhanced + One-Step,NASDAQ:ZM,0.0
2023-08-14,17,AR1 alpha + Enhanced + One-Step,NASDAQ:ZM,0.0
2023-08-15,17,AR1 alpha + Enhanced + One-Step,NASDAQ:ZM,0.0
2023-08-16,17,AR1 alpha + Enhanced + One-Step,NASDAQ:ZM,0.0
2023-08-17,17,AR1 alpha + Enhanced + One-Step,NASDAQ:ZM,0.0
2023-08-18,17,AR1 alpha + Enhanced + One-Step,NASDAQ:ZM,0.0
2023-08-21,17,AR1 alpha + Enhanced + One-Step,NASDAQ:ZM,0.0
2023-08-22,17,AR1 alpha + Enhanced + One-Step,NASDAQ:ZM,0.0
2023-08-23,17,AR1 alpha + Enhanced + One-Step,NASDAQ:ZM,0.0
2023-08-24,17,AR1 alpha + Enhanced + One-Step,NASDAQ:ZM,0.0
2023-08-25,17,AR1 alpha + Enhanced + One-Step,NASDAQ:ZM,0.0
2023-08-28,17,AR1 alpha + Enhanced + One-Step,NASDAQ:ZM,0.0
2023-08-29,17,AR1 alpha + Enhanced + One-Step,NASDAQ:ZM,0.0
2023-08-30,17,AR1 alpha + Enhanced + One-Step,NASDAQ:ZM,0.0
2023-08-31,17,AR1 alpha + Enhanced + One-Step,NASDAQ:ZM,0.0
2023-09-01,17,AR1 alpha + Enhanced + One-Step,NASDAQ:ZM,0.0
2023-09-05,17,AR1 alpha + Enhanced + One-Step,NASDAQ:ZM,0.0
2023-09-06,17,AR1 alpha + Enhanced + One-Step,NASDAQ:ZM,0.0
2023-09-07,17,AR1 alpha + Enhanced + One-Step,NASDAQ:ZM,0.0
2023-09-08,17,AR1 alpha + Enhanced + One-Step,NASDAQ:ZM,0.0
2023-09-11,17,AR1 alpha + Enhanced + One-Step,NASDAQ:ZM,7.859427951477224e-08
2023-09-12,17,AR1 alpha + Enhanced + One-Step,NASDAQ:ZM,1.2725680774177412e-07
2023-09-13,17,AR1 alpha + Enhanced + One-Step,NASDAQ:ZM,0.0
2023-09-14,17,AR1 alpha + Enhanced + One-Step,NASDAQ:ZM,6.005497196787635e-08
2023-09-15,17,AR1 alpha + Enhanced + One-Step,NASDAQ:ZM,1.7609500093445788e-07
2023-09-18,17,AR1 alpha + Enhanced + One-Step,NASDAQ:ZM,3.446567061301316e-08
2023-09-19,17,AR1 alpha + Enhanced + One-Step,NASDAQ:ZM,3.311716670000411e-08
2023-09-20,17,AR1 alpha + Enhanced + One-Step,NASDAQ:ZM,3.338395491737721e-08
2023-09-21,17,AR1 alpha + Enhanced + One-Step,NASDAQ:ZM,7.204741546104912e-08
2023-09-22,17,AR1 alpha + Enhanced + One-Step,NASDAQ:ZM,5.849805130221676e-08
2023-09-25,17,AR1 alpha + Enhanced + One-Step,NASDAQ:ZM,0.0
2023-09-26,17,AR1 alpha + Enhanced + One-Step,NASDAQ:ZM,0.0
2023-09-27,17,AR1 alpha + Enhanced + One-Step,NASDAQ:ZM,2.9366468351977663e-09
2023-09-28,17,AR1 alpha + Enhanced + One-Step,NASDAQ:ZM,0.0
2023-09-29,17,AR1 alpha + Enhanced + One-Step,NASDAQ:ZM,0.0
2023-10-02,17,AR1 alpha + Enhanced + One-Step,NASDAQ:ZM,0.0
2023-10-03,17,AR1 alpha + Enhanced + One-Step,NASDAQ:ZM,0.0
2023-10-04,17,AR1 alpha + Enhanced + One-Step,NASDAQ:ZM,0.0
2023-10-05,17,AR1 alpha + Enhanced + One-Step,NASDAQ:ZM,0.0
2023-10-06,17,AR1 alpha + Enhanced + One-Step,NASDAQ:ZM,0.0
2023-10-09,17,AR1 alpha + Enhanced + One-Step,NASDAQ:ZM,0.0
2023-10-10,17,AR1 alpha + Enhanced + One-Step,NASDAQ:ZM,0.0
2023-10-11,17,AR1 alpha + Enhanced + One-Step,NASDAQ:ZM,0.0
2023-10-12,17,AR1 alpha + Enhanced + One-Step,NASDAQ:ZM,5.270588166434035e-09
2023-10-13,17,AR1 alpha + Enhanced + One-Step,NASDAQ:ZM,2.3323996530293854e-08
2023-10-16,17,AR1 alpha + Enhanced + One-Step,NASDAQ:ZM,4.721613795280514e-08
2023-10-17,17,AR1 alpha + Enhanced + One-Step,NASDAQ:ZM,0.0
2023-10-18,17,AR1 alpha + Enhanced + One-Step,NASDAQ:ZM,1.0544917159303478e-07
2023-10-19,17,AR1 alpha + Enhanced + One-Step,NASDAQ:ZM,3.853077409492743e-08
2023-10-20,17,AR1 alpha + Enhanced + One-Step,NASDAQ:ZM,2.084170001041237e-08
2023-10-23,17,AR1 alpha + Enhanced + One-Step,NASDAQ:ZM,0.0
2023-10-24,17,AR1 alpha + Enhanced + One-Step,NASDAQ:ZM,7.216169625065288e-09
2023-10-25,17,AR1 alpha + Enhanced + One-Step,NASDAQ:ZM,0.0
2023-10-26,17,AR1 alpha + Enhanced + One-Step,NASDAQ:ZM,0.0
2023-10-27,17,AR1 alpha + Enhanced + One-Step,NASDAQ:ZM,0.0
2023-10-30,17,AR1 alpha + Enhanced + One-Step,NASDAQ:ZM,0.0
2023-10-31,17,AR1 alpha + Enhanced + One-Step,NASDAQ:ZM,1.0989821627601774e-07
2023-11-01,17,AR1 alpha + Enhanced + One-Step,NASDAQ:ZM,0.0
2023-11-02,17,AR1 alpha + Enhanced + One-Step,NASDAQ:ZM,1.1237963022164225e-06
2023-11-03,17,AR1 alpha + Enhanced + One-Step,NASDAQ:ZM,6.691633378312564e-07
2023-11-06,17,AR1 alpha + Enhanced + One-Step,NASDAQ:ZM,4.5602555273537473e-07
2023-11-07,17,AR1 alpha + Enhanced + One-Step,NASDAQ:ZM,0.0
2023-11-08,17,AR1 alpha + Enhanced + One-Step,NASDAQ:ZM,0.0
2023-11-09,17,AR1 alpha + Enhanced + One-Step,NASDAQ:ZM,0.0
2023-11-10,17,AR1 alpha + Enhanced + One-Step,NASDAQ:ZM,0.0
2023-11-13,17,AR1 alpha + Enhanced + One-Step,NASDAQ:ZM,0.0
2023-11-14,17,AR1 alpha + Enhanced + One-Step,NASDAQ:ZM,5.854367449322611e-07
2023-11-15,17,AR1 alpha + Enhanced + One-Step,NASDAQ:ZM,3.473563081305517e-07
2023-11-16,17,AR1 alpha + Enhanced + One-Step,NASDAQ:ZM,0.0
2023-11-17,17,AR1 alpha + Enhanced + One-Step,NASDAQ:ZM,0.0
2023-11-20,17,AR1 alpha + Enhanced + One-Step,NASDAQ:ZM,5.987714552567054e-08
2023-11-21,17,AR1 alpha + Enhanced + One-Step,NASDAQ:ZM,6.138717169822136e-08
2023-11-22,17,AR1 alpha + Enhanced + One-Step,NASDAQ:ZM,3.050937727979259e-09
2023-11-24,17,AR1 alpha + Enhanced + One-Step,NASDAQ:ZM,0.0
2023-11-27,17,AR1 alpha + Enhanced + One-Step,NASDAQ:ZM,0.0
2023-11-28,17,AR1 alpha + Enhanced + One-Step,NASDAQ:ZM,5.149960668394582e-08
2023-11-29,17,AR1 alpha + Enhanced + One-Step,NASDAQ:ZM,0.0
2023-11-30,17,AR1 alpha + Enhanced + One-Step,NASDAQ:ZM,0.0
2023-12-01,17,AR1 alpha + Enhanced + One-Step,NASDAQ:ZM,0.0
2023-12-04,17,AR1 alpha + Enhanced + One-Step,NASDAQ:ZM,0.0
2023-12-05,17,AR1 alpha + Enhanced + One-Step,NASDAQ:ZM,0.0
2023-12-06,17,AR1 alpha + Enhanced + One-Step,NASDAQ:ZM,2.0357528671151295e-08
2023-12-07,17,AR1 alpha + Enhanced + One-Step,NASDAQ:ZM,8.451414298436604e-09
2023-12-08,17,AR1 alpha + Enhanced + One-Step,NASDAQ:ZM,2.3882093569264174e-08
2023-12-11,17,AR1 alpha + Enhanced + One-Step,NASDAQ:ZM,0.0
2023-12-12,17,AR1 alpha + Enhanced + One-Step,NASDAQ:ZM,0.0
2023-12-13,17,AR1 alpha + Enhanced + One-Step,NASDAQ:ZM,6.323943695672592e-07
2023-12-14,17,AR1 alpha + Enhanced + One-Step,NASDAQ:ZM,3.164605841863509e-07
2023-12-15,17,AR1 alpha + Enhanced + One-Step,NASDAQ:ZM,0.0
2023-12-18,17,AR1 alpha + Enhanced + One-Step,NASDAQ:ZM,0.0
2023-12-19,17,AR1 alpha + Enhanced + One-Step,NASDAQ:ZM,0.0
2023-12-20,17,AR1 alpha + Enhanced + One-Step,NASDAQ:ZM,1.7764616504500532e-06
2023-12-21,17,AR1 alpha + Enhanced + One-Step,NASDAQ:ZM,9.035504245859311e-07
2023-12-22,17,AR1 alpha + Enhanced + One-Step,NASDAQ:ZM,6.25092852621815e-07
2023-12-26,17,AR1 alpha + Enhanced + One-Step,NASDAQ:ZM,0.0
2023-12-27,17,AR1 alpha + Enhanced + One-Step,NASDAQ:ZM,0.0
2023-12-28,17,AR1 alpha + Enhanced + One-Step,NASDAQ:ZM,1.7768928099065266e-08
2023-12-29,17,AR1 alpha + Enhanced + One-Step,NASDAQ:ZM,2.423548419583612e-07
2024-01-02,17,AR1 alpha + Enhanced + One-Step,NASDAQ:ZM,4.0761209100988086e-08
2024-01-03,17,AR1 alpha + Enhanced + One-Step,NASDAQ:ZM,0.0
2024-01-04,17,AR1 alpha + Enhanced + One-Step,NASDAQ:ZM,0.0
2024-01-05,17,AR1 alpha + Enhanced + One-Step,NASDAQ:ZM,1.1587278166804257e-07
2024-01-08,17,AR1 alpha + Enhanced + One-Step,NASDAQ:ZM,4.3391565436315343e-07
2024-01-09,17,AR1 alpha + Enhanced + One-Step,NASDAQ:ZM,0.0
2024-01-10,17,AR1 alpha + Enhanced + One-Step,NASDAQ:ZM,0.0
2024-01-11,17,AR1 alpha + Enhanced + One-Step,NASDAQ:ZM,0.0
2024-01-12,17,AR1 alpha + Enhanced + One-Step,NASDAQ:ZM,4.283449990163818e-09
2024-01-16,17,AR1 alpha + Enhanced + One-Step,NASDAQ:ZM,0.0
2024-01-17,17,AR1 alpha + Enhanced + One-Step,NASDAQ:ZM,0.0
2024-01-18,17,AR1 alpha + Enhanced + One-Step,NASDAQ:ZM,0.0
2024-01-19,17,AR1 alpha + Enhanced + One-Step,NASDAQ:ZM,0.0
2024-01-22,17,AR1 alpha + Enhanced + One-Step,NASDAQ:ZM,0.0
2024-01-23,17,AR1 alpha + Enhanced + One-Step,NASDAQ:ZM,0.0
2024-01-24,17,AR1 alpha + Enhanced + One-Step,NASDAQ:ZM,0.0
2024-01-25,17,AR1 alpha + Enhanced + One-Step,NASDAQ:ZM,0.0
2024-01-26,17,AR1 alpha + Enhanced + One-Step,NASDAQ:ZM,0.0
2024-01-29,17,AR1 alpha + Enhanced + One-Step,NASDAQ:ZM,0.0
2024-01-30,17,AR1 alpha + Enhanced + One-Step,NASDAQ:ZM,0.0
2024-01-31,17,AR1 alpha + Enhanced + One-Step,NASDAQ:ZM,0.0
2024-02-01,17,AR1 alpha + Enhanced + One-Step,NASDAQ:ZM,1.021315913196746e-07
2024-02-02,17,AR1 alpha + Enhanced + One-Step,NASDAQ:ZM,0.0
2024-02-05,17,AR1 alpha + Enhanced + One-Step,NASDAQ:ZM,0.0
2024-02-06,17,AR1 alpha + Enhanced + One-Step,NASDAQ:ZM,0.0
2024-02-07,17,AR1 alpha + Enhanced + One-Step,NASDAQ:ZM,0.0
2024-02-08,17,AR1 alpha + Enhanced + One-Step,NASDAQ:ZM,0.0
2024-02-09,17,AR1 alpha + Enhanced + One-Step,NASDAQ:ZM,0.0
2024-02-12,17,AR1 alpha + Enhanced + One-Step,NASDAQ:ZM,0.0
2024-02-13,17,AR1 alpha + Enhanced + One-Step,NASDAQ:ZM,9.339593649096485e-08
2024-02-14,17,AR1 alpha + Enhanced + One-Step,NASDAQ:ZM,3.610718077187336e-07
2024-02-15,17,AR1 alpha + Enhanced + One-Step,NASDAQ:ZM,0.0
2024-02-16,17,AR1 alpha + Enhanced + One-Step,NASDAQ:ZM,2.068703550747593e-07
2024-02-20,17,AR1 alpha + Enhanced + One-Step,NASDAQ:ZM,2.0889801957450328e-07
2024-02-21,17,AR1 alpha + Enhanced + One-Step,NASDAQ:ZM,0.0
2024-02-22,17,AR1 alpha + Enhanced + One-Step,NASDAQ:ZM,0.0
2024-02-23,17,AR1 alpha + Enhanced + One-Step,NASDAQ:ZM,0.0
2024-02-26,17,AR1 alpha + Enhanced + One-Step,NASDAQ:ZM,0.0
2024-02-27,17,AR1 alpha + Enhanced + One-Step,NASDAQ:ZM,0.0
2024-02-28,17,AR1 alpha + Enhanced + One-Step,NASDAQ:ZM,0.0
2024-02-29,17,AR1 alpha + Enhanced + One-Step,NASDAQ:ZM,0.0
2024-03-01,17,AR1 alpha + Enhanced + One-Step,NASDAQ:ZM,0.0
2024-03-04,17,AR1 alpha + Enhanced + One-Step,NASDAQ:ZM,0.0
2024-03-05,17,AR1 alpha + Enhanced + One-Step,NASDAQ:ZM,0.0
2024-03-06,17,AR1 alpha + Enhanced + One-Step,NASDAQ:ZM,0.0
2024-03-07,17,AR1 alpha + Enhanced + One-Step,NASDAQ:ZM,0.0
2024-03-08,17,AR1 alpha + Enhanced + One-Step,NASDAQ:ZM,0.0
2024-03-11,17,AR1 alpha + Enhanced + One-Step,NASDAQ:ZM,0.0
2024-03-12,17,AR1 alpha + Enhanced + One-Step,NASDAQ:ZM,0.0
2024-03-13,17,AR1 alpha + Enhanced + One-Step,NASDAQ:ZM,0.0
2024-03-14,17,AR1 alpha + Enhanced + One-Step,NASDAQ:ZM,0.0
2024-03-15,17,AR1 alpha + Enhanced + One-Step,NASDAQ:ZM,9.316826468476519e-08
2024-03-18,17,AR1 alpha + Enhanced + One-Step,NASDAQ:ZM,0.0
2024-03-19,17,AR1 alpha + Enhanced + One-Step,NASDAQ:ZM,0.0
2024-03-20,17,AR1 alpha + Enhanced + One-Step,NASDAQ:ZM,0.0
2024-03-21,17,AR1 alpha + Enhanced + One-Step,NASDAQ:ZM,0.0
2024-03-22,17,AR1 alpha + Enhanced + One-Step,NASDAQ:ZM,0.0
2024-03-25,17,AR1 alpha + Enhanced + One-Step,NASDAQ:ZM,0.0
2024-03-26,17,AR1 alpha + Enhanced + One-Step,NASDAQ:ZM,0.0
2024-03-27,17,AR1 alpha + Enhanced + One-Step,NASDAQ:ZM,0.0
2024-03-28,17,AR1 alpha + Enhanced + One-Step,NASDAQ:ZM,2.480629696924703e-07
2024-04-01,17,AR1 alpha + Enhanced + One-Step,NASDAQ:ZM,2.8147609846137984e-07
2024-04-02,17,AR1 alpha + Enhanced + One-Step,NASDAQ:ZM,1.018039798819631e-07
2024-04-03,17,AR1 alpha + Enhanced + One-Step,NASDAQ:ZM,0.0
2024-04-04,17,AR1 alpha + Enhanced + One-Step,NASDAQ:ZM,0.0
2024-04-05,17,AR1 alpha + Enhanced + One-Step,NASDAQ:ZM,0.0
2024-04-08,17,AR1 alpha + Enhanced + One-Step,NASDAQ:ZM,1.4355328395327585e-07
2024-04-09,17,AR1 alpha + Enhanced + One-Step,NASDAQ:ZM,0.0
2024-04-10,17,AR1 alpha + Enhanced + One-Step,NASDAQ:ZM,0.0
2024-04-11,17,AR1 alpha + Enhanced + One-Step,NASDAQ:ZM,0.0
2024-04-12,17,AR1 alpha + Enhanced + One-Step,NASDAQ:ZM,0.0
2024-04-15,17,AR1 alpha + Enhanced + One-Step,NASDAQ:ZM,0.0
2024-04-16,17,AR1 alpha + Enhanced + One-Step,NASDAQ:ZM,0.0
2024-04-17,17,AR1 alpha + Enhanced + One-Step,NASDAQ:ZM,8.389262280879862e-08
2024-04-18,17,AR1 alpha + Enhanced + One-Step,NASDAQ:ZM,0.0
2024-04-19,17,AR1 alpha + Enhanced + One-Step,NASDAQ:ZM,0.0
2020-03-25,17,AR1 alpha + Enhanced + One-Step,NASDAQ:POWI,0.020000000000007227
2020-03-26,17,AR1 alpha + Enhanced + One-Step,NASDAQ:POWI,0.02000000000001305
2020-03-27,17,AR1 alpha + Enhanced + One-Step,NASDAQ:POWI,0.0200000743499688
2020-03-30,17,AR1 alpha + Enhanced + One-Step,NASDAQ:POWI,0.020001355320938753
2020-03-31,17,AR1 alpha + Enhanced + One-Step,NASDAQ:POWI,0.020003593578764477
2020-04-01,17,AR1 alpha + Enhanced + One-Step,NASDAQ:POWI,0.020003689766197975
2020-04-02,17,AR1 alpha + Enhanced + One-Step,NASDAQ:POWI,0.020000839641033594
2020-04-03,17,AR1 alpha + Enhanced + One-Step,NASDAQ:POWI,0.020001739317560066
2020-04-06,17,AR1 alpha + Enhanced + One-Step,NASDAQ:POWI,0.02000253979707868
2020-04-07,17,AR1 alpha + Enhanced + One-Step,NASDAQ:POWI,0.0200003577094726
2020-04-08,17,AR1 alpha + Enhanced + One-Step,NASDAQ:POWI,0.02000059690993167
2020-04-09,17,AR1 alpha + Enhanced + One-Step,NASDAQ:POWI,0.020000473798547375
2020-04-13,17,AR1 alpha + Enhanced + One-Step,NASDAQ:POWI,0.02000062658760455
2020-04-14,17,AR1 alpha + Enhanced + One-Step,NASDAQ:POWI,0.02000188679653047
2020-04-15,17,AR1 alpha + Enhanced + One-Step,NASDAQ:POWI,0.0200030179140446
2020-04-16,17,AR1 alpha + Enhanced + One-Step,NASDAQ:POWI,1.874773300623115e-07
2020-04-17,17,AR1 alpha + Enhanced + One-Step,NASDAQ:POWI,5.505542447152648e-08
2020-04-20,17,AR1 alpha + Enhanced + One-Step,NASDAQ:POWI,1.3340005690808092e-08
2020-04-21,17,AR1 alpha + Enhanced + One-Step,NASDAQ:POWI,1.0812469226407637e-07
2020-04-22,17,AR1 alpha + Enhanced + One-Step,NASDAQ:POWI,1.285331169605822e-07
2020-04-23,17,AR1 alpha + Enhanced + One-Step,NASDAQ:POWI,3.5955152622931424e-08
2020-04-24,17,AR1 alpha + Enhanced + One-Step,NASDAQ:POWI,3.850934182472912e-08
2020-04-27,17,AR1 alpha + Enhanced + One-Step,NASDAQ:POWI,1.3666784566567277e-08
2020-04-28,17,AR1 alpha + Enhanced + One-Step,NASDAQ:POWI,4.402866838251643e-09
2020-04-29,17,AR1 alpha + Enhanced + One-Step,NASDAQ:POWI,1.3906558189470752e-09
2020-04-30,17,AR1 alpha + Enhanced + One-Step,NASDAQ:POWI,0.0
2020-05-01,17,AR1 alpha + Enhanced + One-Step,NASDAQ:POWI,0.0
2020-05-04,17,AR1 alpha + Enhanced + One-Step,NASDAQ:POWI,9.668512343855381e-09
2020-05-05,17,AR1 alpha + Enhanced + One-Step,NASDAQ:POWI,0.0
2020-05-06,17,AR1 alpha + Enhanced + One-Step,NASDAQ:POWI,0.0
2020-05-07,17,AR1 alpha + Enhanced + One-Step,NASDAQ:POWI,2.9218438494132437e-08
2020-05-08,17,AR1 alpha + Enhanced + One-Step,NASDAQ:POWI,0.0
2020-05-11,17,AR1 alpha + Enhanced + One-Step,NASDAQ:POWI,0.0
2020-05-12,17,AR1 alpha + Enhanced + One-Step,NASDAQ:POWI,0.0
2020-05-13,17,AR1 alpha + Enhanced + One-Step,NASDAQ:POWI,4.059782444437795e-08
2020-05-14,17,AR1 alpha + Enhanced + One-Step,NASDAQ:POWI,0.0
2020-05-15,17,AR1 alpha + Enhanced + One-Step,NASDAQ:POWI,2.7276652295097003e-08
2020-05-18,17,AR1 alpha + Enhanced + One-Step,NASDAQ:POWI,1.4406559518761351e-08
2020-05-19,17,AR1 alpha + Enhanced + One-Step,NASDAQ:POWI,0.0
2020-05-20,17,AR1 alpha + Enhanced + One-Step,NASDAQ:POWI,9.992131583066779e-09
2020-05-21,17,AR1 alpha + Enhanced + One-Step,NASDAQ:POWI,0.0
2020-05-22,17,AR1 alpha + Enhanced + One-Step,NASDAQ:POWI,0.0
2020-05-26,17,AR1 alpha + Enhanced + One-Step,NASDAQ:POWI,0.0
2020-05-27,17,AR1 alpha + Enhanced + One-Step,NASDAQ:POWI,4.4533393836227773e-08
2020-05-28,17,AR1 alpha + Enhanced + One-Step,NASDAQ:POWI,2.14531807686905e-08
2020-05-29,17,AR1 alpha + Enhanced + One-Step,NASDAQ:POWI,8.38222360531829e-09
2020-06-01,17,AR1 alpha + Enhanced + One-Step,NASDAQ:POWI,4.380254481958805e-08
2020-06-02,17,AR1 alpha + Enhanced + One-Step,NASDAQ:POWI,0.0
2020-06-03,17,AR1 alpha + Enhanced + One-Step,NASDAQ:POWI,2.1905355025977495e-07
2020-06-04,17,AR1 alpha + Enhanced + One-Step,NASDAQ:POWI,5.371348942692623e-08
2020-06-05,17,AR1 alpha + Enhanced + One-Step,NASDAQ:POWI,0.0
2020-06-08,17,AR1 alpha + Enhanced + One-Step,NASDAQ:POWI,0.0
2020-06-09,17,AR1 alpha + Enhanced + One-Step,NASDAQ:POWI,6.976607811398937e-09
2020-06-10,17,AR1 alpha + Enhanced + One-Step,NASDAQ:POWI,2.452478978654233e-09
2020-06-11,17,AR1 alpha + Enhanced + One-Step,NASDAQ:POWI,1.222631444706843e-06
2020-06-12,17,AR1 alpha + Enhanced + One-Step,NASDAQ:POWI,3.737960252795633e-07
2020-06-15,17,AR1 alpha + Enhanced + One-Step,NASDAQ:POWI,3.087148122744008e-08
2020-06-16,17,AR1 alpha + Enhanced + One-Step,NASDAQ:POWI,2.2857603685183666e-08
2020-06-17,17,AR1 alpha + Enhanced + One-Step,NASDAQ:POWI,4.4717310585312e-09
2020-06-18,17,AR1 alpha + Enhanced + One-Step,NASDAQ:POWI,0.0
2020-06-19,17,AR1 alpha + Enhanced + One-Step,NASDAQ:POWI,0.0
2020-06-22,17,AR1 alpha + Enhanced + One-Step,NASDAQ:POWI,4.574941338789758e-08
2020-06-23,17,AR1 alpha + Enhanced + One-Step,NASDAQ:POWI,7.665414525204073e-09
2020-06-24,17,AR1 alpha + Enhanced + One-Step,NASDAQ:POWI,0.0
2020-06-25,17,AR1 alpha + Enhanced + One-Step,NASDAQ:POWI,1.5800124122322575e-08
2020-06-26,17,AR1 alpha + Enhanced + One-Step,NASDAQ:POWI,1.1621195218364293e-07
2020-06-29,17,AR1 alpha + Enhanced + One-Step,NASDAQ:POWI,0.0
2020-06-30,17,AR1 alpha + Enhanced + One-Step,NASDAQ:POWI,0.0
2020-07-01,17,AR1 alpha + Enhanced + One-Step,NASDAQ:POWI,0.0
2020-07-02,17,AR1 alpha + Enhanced + One-Step,NASDAQ:POWI,2.4167717704018026e-08
2020-07-06,17,AR1 alpha + Enhanced + One-Step,NASDAQ:POWI,0.0
2020-07-07,17,AR1 alpha + Enhanced + One-Step,NASDAQ:POWI,0.0
2020-07-08,17,AR1 alpha + Enhanced + One-Step,NASDAQ:POWI,0.0
2020-07-09,17,AR1 alpha + Enhanced + One-Step,NASDAQ:POWI,0.0
2020-07-10,17,AR1 alpha + Enhanced + One-Step,NASDAQ:POWI,0.0
2020-07-13,17,AR1 alpha + Enhanced + One-Step,NASDAQ:POWI,5.74379797730063e-09
2020-07-14,17,AR1 alpha + Enhanced + One-Step,NASDAQ:POWI,0.0
2020-07-15,17,AR1 alpha + Enhanced + One-Step,NASDAQ:POWI,1.1412264891179587e-07
2020-07-16,17,AR1 alpha + Enhanced + One-Step,NASDAQ:POWI,3.831456189117047e-08
2020-07-17,17,AR1 alpha + Enhanced + One-Step,NASDAQ:POWI,1.873434065086199e-08
2020-07-20,17,AR1 alpha + Enhanced + One-Step,NASDAQ:POWI,1.0242762120633367e-08
2020-07-21,17,AR1 alpha + Enhanced + One-Step,NASDAQ:POWI,4.455336355727373e-08
2020-07-22,17,AR1 alpha + Enhanced + One-Step,NASDAQ:POWI,3.2931606766551616e-08
2020-07-23,17,AR1 alpha + Enhanced + One-Step,NASDAQ:POWI,0.0
2020-07-24,17,AR1 alpha + Enhanced + One-Step,NASDAQ:POWI,1.548807494673323e-07
2020-07-27,17,AR1 alpha + Enhanced + One-Step,NASDAQ:POWI,0.0
2020-07-28,17,AR1 alpha + Enhanced + One-Step,NASDAQ:POWI,0.0
2020-07-29,17,AR1 alpha + Enhanced + One-Step,NASDAQ:POWI,0.0
2020-07-30,17,AR1 alpha + Enhanced + One-Step,NASDAQ:POWI,0.0
2020-07-31,17,AR1 alpha + Enhanced + One-Step,NASDAQ:POWI,0.0
2020-08-03,17,AR1 alpha + Enhanced + One-Step,NASDAQ:POWI,0.0
2020-08-04,17,AR1 alpha + Enhanced + One-Step,NASDAQ:POWI,0.0
2020-08-05,17,AR1 alpha + Enhanced + One-Step,NASDAQ:POWI,0.0
2020-08-06,17,AR1 alpha + Enhanced + One-Step,NASDAQ:POWI,9.803834327901971e-10
2020-08-07,17,AR1 alpha + Enhanced + One-Step,NASDAQ:POWI,1.0938849028289516e-07
2020-08-10,17,AR1 alpha + Enhanced + One-Step,NASDAQ:POWI,1.547873922366081e-07
2020-08-11,17,AR1 alpha + Enhanced + One-Step,NASDAQ:POWI,0.0
2020-08-12,17,AR1 alpha + Enhanced + One-Step,NASDAQ:POWI,1.3439966853134863e-09
2020-08-13,17,AR1 alpha + Enhanced + One-Step,NASDAQ:POWI,1.731070573626717e-09
2020-08-14,17,AR1 alpha + Enhanced + One-Step,NASDAQ:POWI,2.4111922832505564e-09
2020-08-17,17,AR1 alpha + Enhanced + One-Step,NASDAQ:POWI,0.0
2020-08-18,17,AR1 alpha + Enhanced + One-Step,NASDAQ:POWI,0.0
2020-08-19,17,AR1 alpha + Enhanced + One-Step,NASDAQ:POWI,0.0
2020-08-20,17,AR1 alpha + Enhanced + One-Step,NASDAQ:POWI,0.0
2020-08-21,17,AR1 alpha + Enhanced + One-Step,NASDAQ:POWI,0.0
2020-08-24,17,AR1 alpha + Enhanced + One-Step,NASDAQ:POWI,0.0
2020-08-25,17,AR1 alpha + Enhanced + One-Step,NASDAQ:POWI,8.888277129158711e-08
2020-08-26,17,AR1 alpha + Enhanced + One-Step,NASDAQ:POWI,0.0
2020-08-27,17,AR1 alpha + Enhanced + One-Step,NASDAQ:POWI,0.0
2020-08-28,17,AR1 alpha + Enhanced + One-Step,NASDAQ:POWI,3.3594066127704165e-09
2020-08-31,17,AR1 alpha + Enhanced + One-Step,NASDAQ:POWI,0.0
2020-09-01,17,AR1 alpha + Enhanced + One-Step,NASDAQ:POWI,0.0
2020-09-02,17,AR1 alpha + Enhanced + One-Step,NASDAQ:POWI,2.287439922927491e-08
2020-09-03,17,AR1 alpha + Enhanced + One-Step,NASDAQ:POWI,0.0
2020-09-04,17,AR1 alpha + Enhanced + One-Step,NASDAQ:POWI,2.2244180421621414e-08
2020-09-08,17,AR1 alpha + Enhanced + One-Step,NASDAQ:POWI,1.1825825238797426e-07
2020-09-09,17,AR1 alpha + Enhanced + One-Step,NASDAQ:POWI,0.0
2020-09-10,17,AR1 alpha + Enhanced + One-Step,NASDAQ:POWI,1.9995652043493368e-07
2020-09-11,17,AR1 alpha + Enhanced + One-Step,NASDAQ:POWI,1.351882491666052e-07
2020-09-14,17,AR1 alpha + Enhanced + One-Step,NASDAQ:POWI,5.889856126711957e-07
2020-09-15,17,AR1 alpha + Enhanced + One-Step,NASDAQ:POWI,3.29562024778466e-07
2020-09-16,17,AR1 alpha + Enhanced + One-Step,NASDAQ:POWI,4.947667042671484e-09
2020-09-17,17,AR1 alpha + Enhanced + One-Step,NASDAQ:POWI,0.0
2020-09-18,17,AR1 alpha + Enhanced + One-Step,NASDAQ:POWI,0.0
2020-09-21,17,AR1 alpha + Enhanced + One-Step,NASDAQ:POWI,0.0
2020-09-22,17,AR1 alpha + Enhanced + One-Step,NASDAQ:POWI,0.0
2020-09-23,17,AR1 alpha + Enhanced + One-Step,NASDAQ:POWI,0.0
2020-09-24,17,AR1 alpha + Enhanced + One-Step,NASDAQ:POWI,0.0
2020-09-25,17,AR1 alpha + Enhanced + One-Step,NASDAQ:POWI,0.0
2020-09-28,17,AR1 alpha + Enhanced + One-Step,NASDAQ:POWI,0.0
2020-09-29,17,AR1 alpha + Enhanced + One-Step,NASDAQ:POWI,4.3818254233357224e-08
2020-09-30,17,AR1 alpha + Enhanced + One-Step,NASDAQ:POWI,0.0
2020-10-01,17,AR1 alpha + Enhanced + One-Step,NASDAQ:POWI,3.3026085979443203e-07
2020-10-02,17,AR1 alpha + Enhanced + One-Step,NASDAQ:POWI,2.76192376912625e-07
2020-10-05,17,AR1 alpha + Enhanced + One-Step,NASDAQ:POWI,5.720763493444205e-07
2020-10-06,17,AR1 alpha + Enhanced + One-Step,NASDAQ:POWI,1.6767485645734367e-07
2020-10-07,17,AR1 alpha + Enhanced + One-Step,NASDAQ:POWI,0.0
2020-10-08,17,AR1 alpha + Enhanced + One-Step,NASDAQ:POWI,0.0
2020-10-09,17,AR1 alpha + Enhanced + One-Step,NASDAQ:POWI,4.465131231551936e-07
2020-10-12,17,AR1 alpha + Enhanced + One-Step,NASDAQ:POWI,2.354677959093793e-07
2020-10-13,17,AR1 alpha + Enhanced + One-Step,NASDAQ:POWI,4.407306303169957e-07
2020-10-14,17,AR1 alpha + Enhanced + One-Step,NASDAQ:POWI,5.321451530577788e-08
2020-10-15,17,AR1 alpha + Enhanced + One-Step,NASDAQ:POWI,0.0
2020-10-16,17,AR1 alpha + Enhanced + One-Step,NASDAQ:POWI,0.0
2020-10-19,17,AR1 alpha + Enhanced + One-Step,NASDAQ:POWI,0.0
2020-10-20,17,AR1 alpha + Enhanced + One-Step,NASDAQ:POWI,0.0
2020-10-21,17,AR1 alpha + Enhanced + One-Step,NASDAQ:POWI,0.0
2020-10-22,17,AR1 alpha + Enhanced + One-Step,NASDAQ:POWI,0.0
2020-10-23,17,AR1 alpha + Enhanced + One-Step,NASDAQ:POWI,0.0
2020-10-26,17,AR1 alpha + Enhanced + One-Step,NASDAQ:POWI,0.0
2020-10-27,17,AR1 alpha + Enhanced + One-Step,NASDAQ:POWI,3.686024731694822e-07
2020-10-28,17,AR1 alpha + Enhanced + One-Step,NASDAQ:POWI,2.96341840957419e-07
2020-10-29,17,AR1 alpha + Enhanced + One-Step,NASDAQ:POWI,6.212770362144546e-07
2020-10-30,17,AR1 alpha + Enhanced + One-Step,NASDAQ:POWI,4.355145085592769e-07
2020-11-02,17,AR1 alpha + Enhanced + One-Step,NASDAQ:POWI,1.0303661861938347e-06
2020-11-03,17,AR1 alpha + Enhanced + One-Step,NASDAQ:POWI,8.574024516810453e-07
2020-11-04,17,AR1 alpha + Enhanced + One-Step,NASDAQ:POWI,2.1745120902153934e-06
2020-11-05,17,AR1 alpha + Enhanced + One-Step,NASDAQ:POWI,1.3539902707881067e-06
2020-11-06,17,AR1 alpha + Enhanced + One-Step,NASDAQ:POWI,6.1626370884744e-07
2020-11-09,17,AR1 alpha + Enhanced + One-Step,NASDAQ:POWI,2.714571866103499e-07
2020-11-10,17,AR1 alpha + Enhanced + One-Step,NASDAQ:POWI,4.150701030172122e-07
2020-11-11,17,AR1 alpha + Enhanced + One-Step,NASDAQ:POWI,4.116470394356926e-07
2020-11-12,17,AR1 alpha + Enhanced + One-Step,NASDAQ:POWI,2.825379208102531e-07
2020-11-13,17,AR1 alpha + Enhanced + One-Step,NASDAQ:POWI,1.5346176364805116e-07
2020-11-16,17,AR1 alpha + Enhanced + One-Step,NASDAQ:POWI,5.974745386554259e-08
2020-11-17,17,AR1 alpha + Enhanced + One-Step,NASDAQ:POWI,0.0
2020-11-18,17,AR1 alpha + Enhanced + One-Step,NASDAQ:POWI,0.0
2020-11-19,17,AR1 alpha + Enhanced + One-Step,NASDAQ:POWI,0.0
2020-11-20,17,AR1 alpha + Enhanced + One-Step,NASDAQ:POWI,0.0
2020-11-23,17,AR1 alpha + Enhanced + One-Step,NASDAQ:POWI,6.188071131936812e-08
2020-11-24,17,AR1 alpha + Enhanced + One-Step,NASDAQ:POWI,0.0
2020-11-25,17,AR1 alpha + Enhanced + One-Step,NASDAQ:POWI,0.0
2020-11-27,17,AR1 alpha + Enhanced + One-Step,NASDAQ:POWI,0.0
2020-11-30,17,AR1 alpha + Enhanced + One-Step,NASDAQ:POWI,0.0
2020-12-01,17,AR1 alpha + Enhanced + One-Step,NASDAQ:POWI,1.381909602648336e-07
2020-12-04,17,AR1 alpha + Enhanced + One-Step,NASDAQ:POWI,7.399950415703161e-08
2020-12-07,17,AR1 alpha + Enhanced + One-Step,NASDAQ:POWI,0.0
2020-12-08,17,AR1 alpha + Enhanced + One-Step,NASDAQ:POWI,7.620220886077337e-08
2020-12-09,17,AR1 alpha + Enhanced + One-Step,NASDAQ:POWI,0.0
2020-12-10,17,AR1 alpha + Enhanced + One-Step,NASDAQ:POWI,1.332661940699138e-07
2020-12-11,17,AR1 alpha + Enhanced + One-Step,NASDAQ:POWI,0.0
2020-12-14,17,AR1 alpha + Enhanced + One-Step,NASDAQ:POWI,0.0
2020-12-15,17,AR1 alpha + Enhanced + One-Step,NASDAQ:POWI,4.688089379979012e-09
2020-12-16,17,AR1 alpha + Enhanced + One-Step,NASDAQ:POWI,0.0
2020-12-17,17,AR1 alpha + Enhanced + One-Step,NASDAQ:POWI,0.0
2020-12-18,17,AR1 alpha + Enhanced + One-Step,NASDAQ:POWI,1.2942642131218532e-06
2020-12-21,17,AR1 alpha + Enhanced + One-Step,NASDAQ:POWI,1.1598181588456007e-06
2020-12-22,17,AR1 alpha + Enhanced + One-Step,NASDAQ:POWI,6.311483522139484e-07
2020-12-23,17,AR1 alpha + Enhanced + One-Step,NASDAQ:POWI,0.0
2020-12-24,17,AR1 alpha + Enhanced + One-Step,NASDAQ:POWI,0.0
2020-12-28,17,AR1 alpha + Enhanced + One-Step,NASDAQ:POWI,0.0
2020-12-29,17,AR1 alpha + Enhanced + One-Step,NASDAQ:POWI,0.0
2020-12-30,17,AR1 alpha + Enhanced + One-Step,NASDAQ:POWI,0.0
2020-12-31,17,AR1 alpha + Enhanced + One-Step,NASDAQ:POWI,0.0
2021-01-04,17,AR1 alpha + Enhanced + One-Step,NASDAQ:POWI,4.333618162261878e-09
2021-01-05,17,AR1 alpha + Enhanced + One-Step,NASDAQ:POWI,1.1745160078170097e-08
2021-01-06,17,AR1 alpha + Enhanced + One-Step,NASDAQ:POWI,1.09882179315551e-09
2021-01-07,17,AR1 alpha + Enhanced + One-Step,NASDAQ:POWI,0.0
2021-01-08,17,AR1 alpha + Enhanced + One-Step,NASDAQ:POWI,1.830625185254417e-07
2021-01-11,17,AR1 alpha + Enhanced + One-Step,NASDAQ:POWI,0.0
2021-01-12,17,AR1 alpha + Enhanced + One-Step,NASDAQ:POWI,0.0
2021-01-13,17,AR1 alpha + Enhanced + One-Step,NASDAQ:POWI,0.0
2021-01-14,17,AR1 alpha + Enhanced + One-Step,NASDAQ:POWI,4.537319086704714e-08
2021-01-15,17,AR1 alpha + Enhanced + One-Step,NASDAQ:POWI,0.0
2021-01-19,17,AR1 alpha + Enhanced + One-Step,NASDAQ:POWI,0.0
2021-01-20,17,AR1 alpha + Enhanced + One-Step,NASDAQ:POWI,1.0370346307765423e-08
2021-01-21,17,AR1 alpha + Enhanced + One-Step,NASDAQ:POWI,0.0
2021-01-22,17,AR1 alpha + Enhanced + One-Step,NASDAQ:POWI,0.0
2021-01-25,17,AR1 alpha + Enhanced + One-Step,NASDAQ:POWI,2.051342831530123e-08
2021-01-26,17,AR1 alpha + Enhanced + One-Step,NASDAQ:POWI,0.0
2021-01-27,17,AR1 alpha + Enhanced + One-Step,NASDAQ:POWI,1.0122132904857502e-07
2021-01-28,17,AR1 alpha + Enhanced + One-Step,NASDAQ:POWI,3.3370497597751014e-07
2021-01-29,17,AR1 alpha + Enhanced + One-Step,NASDAQ:POWI,0.008582433049313233
2021-02-01,17,AR1 alpha + Enhanced + One-Step,NASDAQ:POWI,0.008582391930429792
2021-02-02,17,AR1 alpha + Enhanced + One-Step,NASDAQ:POWI,0.008582393338853326
2021-02-03,17,AR1 alpha + Enhanced + One-Step,NASDAQ:POWI,0.008581246912705818
2021-02-04,17,AR1 alpha + Enhanced + One-Step,NASDAQ:POWI,0.0
2021-02-05,17,AR1 alpha + Enhanced + One-Step,NASDAQ:POWI,0.0
2021-02-08,17,AR1 alpha + Enhanced + One-Step,NASDAQ:POWI,2.560340241039062e-07
2021-02-09,17,AR1 alpha + Enhanced + One-Step,NASDAQ:POWI,0.0
2021-02-10,17,AR1 alpha + Enhanced + One-Step,NASDAQ:POWI,2.706613739798407e-07
2021-02-11,17,AR1 alpha + Enhanced + One-Step,NASDAQ:POWI,1.914740781799879e-07
2021-02-12,17,AR1 alpha + Enhanced + One-Step,NASDAQ:POWI,8.197564337326482e-08
2021-02-16,17,AR1 alpha + Enhanced + One-Step,NASDAQ:POWI,4.222227755277046e-08
2021-02-17,17,AR1 alpha + Enhanced + One-Step,NASDAQ:POWI,0.0
2021-02-18,17,AR1 alpha + Enhanced + One-Step,NASDAQ:POWI,5.444792859001304e-08
2021-02-19,17,AR1 alpha + Enhanced + One-Step,NASDAQ:POWI,8.311213554574816e-08
2021-02-22,17,AR1 alpha + Enhanced + One-Step,NASDAQ:POWI,6.310347140972616e-07
2021-02-23,17,AR1 alpha + Enhanced + One-Step,NASDAQ:POWI,1.3980328374865213e-06
2021-02-24,17,AR1 alpha + Enhanced + One-Step,NASDAQ:POWI,9.567803968194334e-07
2021-02-25,17,AR1 alpha + Enhanced + One-Step,NASDAQ:POWI,0.0
2021-02-26,17,AR1 alpha + Enhanced + One-Step,NASDAQ:POWI,8.441869223625197e-09
2021-03-01,17,AR1 alpha + Enhanced + One-Step,NASDAQ:POWI,7.424475475856599e-08
2021-03-02,17,AR1 alpha + Enhanced + One-Step,NASDAQ:POWI,0.0
2021-03-03,17,AR1 alpha + Enhanced + One-Step,NASDAQ:POWI,0.0
2021-03-04,17,AR1 alpha + Enhanced + One-Step,NASDAQ:POWI,2.3860025820110247e-09
2021-03-05,17,AR1 alpha + Enhanced + One-Step,NASDAQ:POWI,0.005850274934549189
2021-03-08,17,AR1 alpha + Enhanced + One-Step,NASDAQ:POWI,0.02539918498286467
2021-03-09,17,AR1 alpha + Enhanced + One-Step,NASDAQ:POWI,0.02539819103033432
2021-03-10,17,AR1 alpha + Enhanced + One-Step,NASDAQ:POWI,0.025400104519732687
2021-03-11,17,AR1 alpha + Enhanced + One-Step,NASDAQ:POWI,0.016781122672904533
2021-03-12,17,AR1 alpha + Enhanced + One-Step,NASDAQ:POWI,0.007815937650732225
2021-03-15,17,AR1 alpha + Enhanced + One-Step,NASDAQ:POWI,3.4657412342034725e-06
2021-03-16,17,AR1 alpha + Enhanced + One-Step,NASDAQ:POWI,2.093526981503887e-06
2021-03-17,17,AR1 alpha + Enhanced + One-Step,NASDAQ:POWI,7.358049808213158e-07
2021-03-18,17,AR1 alpha + Enhanced + One-Step,NASDAQ:POWI,5.815283647092929e-07
2021-03-19,17,AR1 alpha + Enhanced + One-Step,NASDAQ:POWI,0.0
2021-03-22,17,AR1 alpha + Enhanced + One-Step,NASDAQ:POWI,2.750211668362636e-07
2021-03-23,17,AR1 alpha + Enhanced + One-Step,NASDAQ:POWI,5.901024167240461e-07
2021-03-24,17,AR1 alpha + Enhanced + One-Step,NASDAQ:POWI,3.264442034655518e-07
2021-03-25,17,AR1 alpha + Enhanced + One-Step,NASDAQ:POWI,2.803310817792704e-07
2021-03-26,17,AR1 alpha + Enhanced + One-Step,NASDAQ:POWI,3.288322459955602e-07
2021-03-29,17,AR1 alpha + Enhanced + One-Step,NASDAQ:POWI,3.272390267663223e-07
2021-03-30,17,AR1 alpha + Enhanced + One-Step,NASDAQ:POWI,1.4535416021014897e-07
2021-03-31,17,AR1 alpha + Enhanced + One-Step,NASDAQ:POWI,0.0
2021-04-01,17,AR1 alpha + Enhanced + One-Step,NASDAQ:POWI,1.1683180298293572e-06
2021-04-05,17,AR1 alpha + Enhanced + One-Step,NASDAQ:POWI,0.0
2021-04-06,17,AR1 alpha + Enhanced + One-Step,NASDAQ:POWI,0.0
2021-04-07,17,AR1 alpha + Enhanced + One-Step,NASDAQ:POWI,0.0
2021-04-08,17,AR1 alpha + Enhanced + One-Step,NASDAQ:POWI,0.0
2021-04-09,17,AR1 alpha + Enhanced + One-Step,NASDAQ:POWI,0.0
2021-04-12,17,AR1 alpha + Enhanced + One-Step,NASDAQ:POWI,0.0
2021-04-13,17,AR1 alpha + Enhanced + One-Step,NASDAQ:POWI,0.0
2021-04-14,17,AR1 alpha + Enhanced + One-Step,NASDAQ:POWI,0.0
2021-04-15,17,AR1 alpha + Enhanced + One-Step,NASDAQ:POWI,4.598053532514769e-07
2021-04-16,17,AR1 alpha + Enhanced + One-Step,NASDAQ:POWI,2.8655354744255686e-07
2021-04-19,17,AR1 alpha + Enhanced + One-Step,NASDAQ:POWI,1.1618477597790078e-07
2021-04-20,17,AR1 alpha + Enhanced + One-Step,NASDAQ:POWI,0.0
2021-04-21,17,AR1 alpha + Enhanced + One-Step,NASDAQ:POWI,0.0
2021-04-22,17,AR1 alpha + Enhanced + One-Step,NASDAQ:POWI,0.0
2021-04-23,17,AR1 alpha + Enhanced + One-Step,NASDAQ:POWI,0.0
2021-04-26,17,AR1 alpha + Enhanced + One-Step,NASDAQ:POWI,0.0
2021-04-27,17,AR1 alpha + Enhanced + One-Step,NASDAQ:POWI,0.0
2021-04-28,17,AR1 alpha + Enhanced + One-Step,NASDAQ:POWI,0.0
2021-04-29,17,AR1 alpha + Enhanced + One-Step,NASDAQ:POWI,0.0
2021-04-30,17,AR1 alpha + Enhanced + One-Step,NASDAQ:POWI,0.0
2021-05-03,17,AR1 alpha + Enhanced + One-Step,NASDAQ:POWI,2.166127451774944e-06
2021-05-04,17,AR1 alpha + Enhanced + One-Step,NASDAQ:POWI,1.2393555570535073e-06
2021-05-05,17,AR1 alpha + Enhanced + One-Step,NASDAQ:POWI,6.657225069398476e-07
2021-05-06,17,AR1 alpha + Enhanced + One-Step,NASDAQ:POWI,6.723802017258525e-07
2021-05-07,17,AR1 alpha + Enhanced + One-Step,NASDAQ:POWI,5.595692472073068e-07
2021-05-10,17,AR1 alpha + Enhanced + One-Step,NASDAQ:POWI,4.958009369998626e-07
2021-05-11,17,AR1 alpha + Enhanced + One-Step,NASDAQ:POWI,3.329213349230685e-07
2021-05-12,17,AR1 alpha + Enhanced + One-Step,NASDAQ:POWI,1.7808184469912832e-07
2021-05-13,17,AR1 alpha + Enhanced + One-Step,NASDAQ:POWI,0.0
2021-05-14,17,AR1 alpha + Enhanced + One-Step,NASDAQ:POWI,0.0
2021-05-17,17,AR1 alpha + Enhanced + One-Step,NASDAQ:POWI,0.0
2021-05-18,17,AR1 alpha + Enhanced + One-Step,NASDAQ:POWI,3.8765049005755254e-07
2021-05-19,17,AR1 alpha + Enhanced + One-Step,NASDAQ:POWI,1.0093822968109288e-06
2021-05-20,17,AR1 alpha + Enhanced + One-Step,NASDAQ:POWI,6.81721152538848e-07
2021-05-21,17,AR1 alpha + Enhanced + One-Step,NASDAQ:POWI,4.673283397692776e-07
2021-05-24,17,AR1 alpha + Enhanced + One-Step,NASDAQ:POWI,1.498491217569309e-07
2021-05-25,17,AR1 alpha + Enhanced + One-Step,NASDAQ:POWI,0.0
2021-05-26,17,AR1 alpha + Enhanced + One-Step,NASDAQ:POWI,0.0
2021-05-27,17,AR1 alpha + Enhanced + One-Step,NASDAQ:POWI,0.0
2021-05-28,17,AR1 alpha + Enhanced + One-Step,NASDAQ:POWI,0.0
2021-06-01,17,AR1 alpha + Enhanced + One-Step,NASDAQ:POWI,0.0
2021-06-02,17,AR1 alpha + Enhanced + One-Step,NASDAQ:POWI,0.0
2021-06-03,17,AR1 alpha + Enhanced + One-Step,NASDAQ:POWI,0.0
2021-06-04,17,AR1 alpha + Enhanced + One-Step,NASDAQ:POWI,0.0
2021-06-07,17,AR1 alpha + Enhanced + One-Step,NASDAQ:POWI,0.0
2021-06-08,17,AR1 alpha + Enhanced + One-Step,NASDAQ:POWI,0.0
2021-06-09,17,AR1 alpha + Enhanced + One-Step,NASDAQ:POWI,0.0
2021-06-10,17,AR1 alpha + Enhanced + One-Step,NASDAQ:POWI,0.0
2021-06-11,17,AR1 alpha + Enhanced + One-Step,NASDAQ:POWI,0.0
2021-06-14,17,AR1 alpha + Enhanced + One-Step,NASDAQ:POWI,0.0
2021-06-15,17,AR1 alpha + Enhanced + One-Step,NASDAQ:POWI,0.0
2021-06-16,17,AR1 alpha + Enhanced + One-Step,NASDAQ:POWI,0.0
2021-06-17,17,AR1 alpha + Enhanced + One-Step,NASDAQ:POWI,0.0
2021-06-18,17,AR1 alpha + Enhanced + One-Step,NASDAQ:POWI,4.089959365834219e-08
2021-06-21,17,AR1 alpha + Enhanced + One-Step,NASDAQ:POWI,9.52472279886308e-07
2021-06-22,17,AR1 alpha + Enhanced + One-Step,NASDAQ:POWI,0.0
2021-06-23,17,AR1 alpha + Enhanced + One-Step,NASDAQ:POWI,0.0
2021-06-24,17,AR1 alpha + Enhanced + One-Step,NASDAQ:POWI,1.2148921131098605e-06
2021-06-25,17,AR1 alpha + Enhanced + One-Step,NASDAQ:POWI,1.1981412103726682e-06
2021-06-28,17,AR1 alpha + Enhanced + One-Step,NASDAQ:POWI,7.999034482077444e-07
2021-06-29,17,AR1 alpha + Enhanced + One-Step,NASDAQ:POWI,0.0
2021-06-30,17,AR1 alpha + Enhanced + One-Step,NASDAQ:POWI,2.56291874282453e-07
2021-07-01,17,AR1 alpha + Enhanced + One-Step,NASDAQ:POWI,9.699785594975542e-08
2021-07-02,17,AR1 alpha + Enhanced + One-Step,NASDAQ:POWI,0.0
2021-07-06,17,AR1 alpha + Enhanced + One-Step,NASDAQ:POWI,0.0
2021-07-07,17,AR1 alpha + Enhanced + One-Step,NASDAQ:POWI,7.929461500831443e-07
2021-07-08,17,AR1 alpha + Enhanced + One-Step,NASDAQ:POWI,3.6427244432211444e-07
2021-07-09,17,AR1 alpha + Enhanced + One-Step,NASDAQ:POWI,0.0
2021-07-12,17,AR1 alpha + Enhanced + One-Step,NASDAQ:POWI,0.0
2021-07-13,17,AR1 alpha + Enhanced + One-Step,NASDAQ:POWI,0.0
2021-07-14,17,AR1 alpha + Enhanced + One-Step,NASDAQ:POWI,0.0
2021-07-15,17,AR1 alpha + Enhanced + One-Step,NASDAQ:POWI,0.0
2021-07-16,17,AR1 alpha + Enhanced + One-Step,NASDAQ:POWI,0.0
2021-07-19,17,AR1 alpha + Enhanced + One-Step,NASDAQ:POWI,0.0
2021-07-20,17,AR1 alpha + Enhanced + One-Step,NASDAQ:POWI,0.0
2021-07-21,17,AR1 alpha + Enhanced + One-Step,NASDAQ:POWI,3.156462340375972e-07
2021-07-22,17,AR1 alpha + Enhanced + One-Step,NASDAQ:POWI,0.0
2021-07-23,17,AR1 alpha + Enhanced + One-Step,NASDAQ:POWI,0.0
2021-07-26,17,AR1 alpha + Enhanced + One-Step,NASDAQ:POWI,0.0
2021-07-27,17,AR1 alpha + Enhanced + One-Step,NASDAQ:POWI,0.0
2021-07-28,17,AR1 alpha + Enhanced + One-Step,NASDAQ:POWI,0.0
2021-07-29,17,AR1 alpha + Enhanced + One-Step,NASDAQ:POWI,0.0
2021-07-30,17,AR1 alpha + Enhanced + One-Step,NASDAQ:POWI,0.0
2021-08-02,17,AR1 alpha + Enhanced + One-Step,NASDAQ:POWI,0.0
2021-08-03,17,AR1 alpha + Enhanced + One-Step,NASDAQ:POWI,0.0
2021-08-04,17,AR1 alpha + Enhanced + One-Step,NASDAQ:POWI,0.0
2021-08-05,17,AR1 alpha + Enhanced + One-Step,NASDAQ:POWI,2.3260240883974212e-07
2021-08-06,17,AR1 alpha + Enhanced + One-Step,NASDAQ:POWI,0.0
2021-08-09,17,AR1 alpha + Enhanced + One-Step,NASDAQ:POWI,0.0
2021-08-10,17,AR1 alpha + Enhanced + One-Step,NASDAQ:POWI,0.0
2021-08-11,17,AR1 alpha + Enhanced + One-Step,NASDAQ:POWI,0.0
2021-08-12,17,AR1 alpha + Enhanced + One-Step,NASDAQ:POWI,0.0
2021-08-13,17,AR1 alpha + Enhanced + One-Step,NASDAQ:POWI,1.567355033409661e-07
2021-08-16,17,AR1 alpha + Enhanced + One-Step,NASDAQ:POWI,9.81075591908425e-07
2021-08-17,17,AR1 alpha + Enhanced + One-Step,NASDAQ:POWI,1.710012575940888e-06
2021-08-18,17,AR1 alpha + Enhanced + One-Step,NASDAQ:POWI,1.1752275366756262e-06
2021-08-19,17,AR1 alpha + Enhanced + One-Step,NASDAQ:POWI,1.4282864602581144e-06
2021-08-20,17,AR1 alpha + Enhanced + One-Step,NASDAQ:POWI,0.0
2021-08-23,17,AR1 alpha + Enhanced + One-Step,NASDAQ:POWI,0.0
2021-08-24,17,AR1 alpha + Enhanced + One-Step,NASDAQ:POWI,0.0
2021-08-25,17,AR1 alpha + Enhanced + One-Step,NASDAQ:POWI,1.5974090589681e-08
2021-08-26,17,AR1 alpha + Enhanced + One-Step,NASDAQ:POWI,0.0
2021-08-27,17,AR1 alpha + Enhanced + One-Step,NASDAQ:POWI,0.0
2021-08-30,17,AR1 alpha + Enhanced + One-Step,NASDAQ:POWI,0.0
2021-08-31,17,AR1 alpha + Enhanced + One-Step,NASDAQ:POWI,1.3274530602378514e-08
2021-09-01,17,AR1 alpha + Enhanced + One-Step,NASDAQ:POWI,0.0
2021-09-02,17,AR1 alpha + Enhanced + One-Step,NASDAQ:POWI,0.0
2021-09-03,17,AR1 alpha + Enhanced + One-Step,NASDAQ:POWI,1.2596859021729225e-07
2021-09-07,17,AR1 alpha + Enhanced + One-Step,NASDAQ:POWI,0.0
2021-09-08,17,AR1 alpha + Enhanced + One-Step,NASDAQ:POWI,1.0986266473447565e-06
2021-09-09,17,AR1 alpha + Enhanced + One-Step,NASDAQ:POWI,0.016417386564785436
2021-09-10,17,AR1 alpha + Enhanced + One-Step,NASDAQ:POWI,0.021016751231402606
2021-09-13,17,AR1 alpha + Enhanced + One-Step,NASDAQ:POWI,0.02101720617168392
2021-09-14,17,AR1 alpha + Enhanced + One-Step,NASDAQ:POWI,0.025166005183116104
2021-09-15,17,AR1 alpha + Enhanced + One-Step,NASDAQ:POWI,0.028405817276403032
2021-09-16,17,AR1 alpha + Enhanced + One-Step,NASDAQ:POWI,0.03444498188172783
2021-09-17,17,AR1 alpha + Enhanced + One-Step,NASDAQ:POWI,0.03444426626436705
2021-09-20,17,AR1 alpha + Enhanced + One-Step,NASDAQ:POWI,0.03444386492790625
2021-09-21,17,AR1 alpha + Enhanced + One-Step,NASDAQ:POWI,0.03444474654161341
2021-09-22,17,AR1 alpha + Enhanced + One-Step,NASDAQ:POWI,0.03444463687216293
2021-09-23,17,AR1 alpha + Enhanced + One-Step,NASDAQ:POWI,0.03444536511757759
2021-09-24,17,AR1 alpha + Enhanced + One-Step,NASDAQ:POWI,0.034963735269768786
2021-09-27,17,AR1 alpha + Enhanced + One-Step,NASDAQ:POWI,0.03496361893602091
2021-09-28,17,AR1 alpha + Enhanced + One-Step,NASDAQ:POWI,0.05588860166592168
2021-09-29,17,AR1 alpha + Enhanced + One-Step,NASDAQ:POWI,0.05588915021454854
2021-09-30,17,AR1 alpha + Enhanced + One-Step,NASDAQ:POWI,0.06418374836950899
2021-10-01,17,AR1 alpha + Enhanced + One-Step,NASDAQ:POWI,0.06198004518637071
2021-10-04,17,AR1 alpha + Enhanced + One-Step,NASDAQ:POWI,0.06637364984564263
2021-10-05,17,AR1 alpha + Enhanced + One-Step,NASDAQ:POWI,0.05780913774319948
2021-10-06,17,AR1 alpha + Enhanced + One-Step,NASDAQ:POWI,0.04001093630262119
2021-10-07,17,AR1 alpha + Enhanced + One-Step,NASDAQ:POWI,0.023233980413675095
2021-10-08,17,AR1 alpha + Enhanced + One-Step,NASDAQ:POWI,0.013540517849683709
2021-10-11,17,AR1 alpha + Enhanced + One-Step,NASDAQ:POWI,0.00925609226605855
2021-10-12,17,AR1 alpha + Enhanced + One-Step,NASDAQ:POWI,0.0014343012937376837
2021-10-13,17,AR1 alpha + Enhanced + One-Step,NASDAQ:POWI,0.001434371067684116
2021-10-14,17,AR1 alpha + Enhanced + One-Step,NASDAQ:POWI,0.00028761785594112125
2021-10-15,17,AR1 alpha + Enhanced + One-Step,NASDAQ:POWI,0.00028760112941794545
2021-10-18,17,AR1 alpha + Enhanced + One-Step,NASDAQ:POWI,0.0002872687291585998
2021-10-19,17,AR1 alpha + Enhanced + One-Step,NASDAQ:POWI,3.8527999205839074e-05
2021-10-20,17,AR1 alpha + Enhanced + One-Step,NASDAQ:POWI,1.907510839553974e-05
2021-10-21,17,AR1 alpha + Enhanced + One-Step,NASDAQ:POWI,9.390762281604791e-06
2021-10-22,17,AR1 alpha + Enhanced + One-Step,NASDAQ:POWI,4.42067951849124e-06
2021-10-25,17,AR1 alpha + Enhanced + One-Step,NASDAQ:POWI,1.928951962225663e-06
2021-10-26,17,AR1 alpha + Enhanced + One-Step,NASDAQ:POWI,3.276400279515801e-07
2021-10-27,17,AR1 alpha + Enhanced + One-Step,NASDAQ:POWI,8.045534330074086e-08
2021-10-28,17,AR1 alpha + Enhanced + One-Step,NASDAQ:POWI,1.253136946639113e-07
2021-10-29,17,AR1 alpha + Enhanced + One-Step,NASDAQ:POWI,0.0
2021-11-01,17,AR1 alpha + Enhanced + One-Step,NASDAQ:POWI,0.0
2021-11-02,17,AR1 alpha + Enhanced + One-Step,NASDAQ:POWI,0.0
2021-11-03,17,AR1 alpha + Enhanced + One-Step,NASDAQ:POWI,1.1313685864773453e-06
2021-11-04,17,AR1 alpha + Enhanced + One-Step,NASDAQ:POWI,8.115083336243822e-07
2021-11-05,17,AR1 alpha + Enhanced + One-Step,NASDAQ:POWI,5.225589851472762e-07
2021-11-08,17,AR1 alpha + Enhanced + One-Step,NASDAQ:POWI,0.0
2021-11-09,17,AR1 alpha + Enhanced + One-Step,NASDAQ:POWI,0.0
2021-11-10,17,AR1 alpha + Enhanced + One-Step,NASDAQ:POWI,1.123461820059816e-06
2021-11-11,17,AR1 alpha + Enhanced + One-Step,NASDAQ:POWI,7.078773529571782e-07
2021-11-12,17,AR1 alpha + Enhanced + One-Step,NASDAQ:POWI,5.382269003984165e-07
2021-11-15,17,AR1 alpha + Enhanced + One-Step,NASDAQ:POWI,8.151893576340195e-07
2021-11-16,17,AR1 alpha + Enhanced + One-Step,NASDAQ:POWI,0.0
2021-11-17,17,AR1 alpha + Enhanced + One-Step,NASDAQ:POWI,0.0
2021-11-18,17,AR1 alpha + Enhanced + One-Step,NASDAQ:POWI,0.0
2021-11-19,17,AR1 alpha + Enhanced + One-Step,NASDAQ:POWI,2.3383263348917055e-07
2021-11-22,17,AR1 alpha + Enhanced + One-Step,NASDAQ:POWI,3.303588916453829e-07
2021-11-23,17,AR1 alpha + Enhanced + One-Step,NASDAQ:POWI,0.0
2021-11-24,17,AR1 alpha + Enhanced + One-Step,NASDAQ:POWI,0.0
2021-11-26,17,AR1 alpha + Enhanced + One-Step,NASDAQ:POWI,0.0
2021-11-29,17,AR1 alpha + Enhanced + One-Step,NASDAQ:POWI,0.0
2021-11-30,17,AR1 alpha + Enhanced + One-Step,NASDAQ:POWI,0.0
2021-12-01,17,AR1 alpha + Enhanced + One-Step,NASDAQ:POWI,0.0
2021-12-02,17,AR1 alpha + Enhanced + One-Step,NASDAQ:POWI,5.671366773711828e-07
2021-12-03,17,AR1 alpha + Enhanced + One-Step,NASDAQ:POWI,3.82778811941897e-07
2021-12-06,17,AR1 alpha + Enhanced + One-Step,NASDAQ:POWI,0.025036482889878437
2021-12-07,17,AR1 alpha + Enhanced + One-Step,NASDAQ:POWI,0.02441334960047569
2021-12-08,17,AR1 alpha + Enhanced + One-Step,NASDAQ:POWI,0.024413307267608403
2021-12-09,17,AR1 alpha + Enhanced + One-Step,NASDAQ:POWI,0.049367005332148765
2021-12-10,17,AR1 alpha + Enhanced + One-Step,NASDAQ:POWI,0.07430122097111097
2021-12-13,17,AR1 alpha + Enhanced + One-Step,NASDAQ:POWI,0.07462140979240502
2021-12-14,17,AR1 alpha + Enhanced + One-Step,NASDAQ:POWI,0.07113974387823321
2021-12-15,17,AR1 alpha + Enhanced + One-Step,NASDAQ:POWI,0.04608302237334912
2021-12-16,17,AR1 alpha + Enhanced + One-Step,NASDAQ:POWI,0.0460830956261436
2021-12-17,17,AR1 alpha + Enhanced + One-Step,NASDAQ:POWI,0.027089976848997947
2021-12-20,17,AR1 alpha + Enhanced + One-Step,NASDAQ:POWI,0.004982910713054595
2021-12-21,17,AR1 alpha + Enhanced + One-Step,NASDAQ:POWI,1.5772397795170222e-06
2021-12-22,17,AR1 alpha + Enhanced + One-Step,NASDAQ:POWI,9.563970588553686e-07
2021-12-23,17,AR1 alpha + Enhanced + One-Step,NASDAQ:POWI,7.985847891172014e-07
2021-12-27,17,AR1 alpha + Enhanced + One-Step,NASDAQ:POWI,5.049442735035301e-07
2021-12-28,17,AR1 alpha + Enhanced + One-Step,NASDAQ:POWI,3.6964975441319833e-07
2021-12-29,17,AR1 alpha + Enhanced + One-Step,NASDAQ:POWI,7.218037010309264e-07
2021-12-30,17,AR1 alpha + Enhanced + One-Step,NASDAQ:POWI,0.0
2021-12-31,17,AR1 alpha + Enhanced + One-Step,NASDAQ:POWI,0.0
2022-01-03,17,AR1 alpha + Enhanced + One-Step,NASDAQ:POWI,0.0
2022-01-04,17,AR1 alpha + Enhanced + One-Step,NASDAQ:POWI,4.45506923786162e-08
2022-01-05,17,AR1 alpha + Enhanced + One-Step,NASDAQ:POWI,2.6612238392705584e-08
2022-01-06,17,AR1 alpha + Enhanced + One-Step,NASDAQ:POWI,4.148227339450987e-08
2022-01-07,17,AR1 alpha + Enhanced + One-Step,NASDAQ:POWI,0.0
2022-01-10,17,AR1 alpha + Enhanced + One-Step,NASDAQ:POWI,0.0
2022-01-11,17,AR1 alpha + Enhanced + One-Step,NASDAQ:POWI,0.0
2022-01-12,17,AR1 alpha + Enhanced + One-Step,NASDAQ:POWI,0.0
2022-01-13,17,AR1 alpha + Enhanced + One-Step,NASDAQ:POWI,0.0
2022-01-14,17,AR1 alpha + Enhanced + One-Step,NASDAQ:POWI,0.0
2022-01-18,17,AR1 alpha + Enhanced + One-Step,NASDAQ:POWI,1.1748051372988637e-07
2022-01-19,17,AR1 alpha + Enhanced + One-Step,NASDAQ:POWI,0.0
2022-01-20,17,AR1 alpha + Enhanced + One-Step,NASDAQ:POWI,3.002533675455295e-08
2022-01-21,17,AR1 alpha + Enhanced + One-Step,NASDAQ:POWI,0.0
2022-01-24,17,AR1 alpha + Enhanced + One-Step,NASDAQ:POWI,0.0
2022-01-25,17,AR1 alpha + Enhanced + One-Step,NASDAQ:POWI,5.579127680241038e-09
2022-01-26,17,AR1 alpha + Enhanced + One-Step,NASDAQ:POWI,6.060999137935008e-08
2022-01-27,17,AR1 alpha + Enhanced + One-Step,NASDAQ:POWI,0.0
2022-01-28,17,AR1 alpha + Enhanced + One-Step,NASDAQ:POWI,3.823308515231708e-09
2022-01-31,17,AR1 alpha + Enhanced + One-Step,NASDAQ:POWI,4.5517445023877146e-07
2022-02-01,17,AR1 alpha + Enhanced + One-Step,NASDAQ:POWI,3.0034470993393534e-07
2022-02-02,17,AR1 alpha + Enhanced + One-Step,NASDAQ:POWI,1.733192300639062e-07
2022-02-03,17,AR1 alpha + Enhanced + One-Step,NASDAQ:POWI,1.3114276853301649e-08
2022-02-04,17,AR1 alpha + Enhanced + One-Step,NASDAQ:POWI,2.9465621382803645e-08
2022-02-07,17,AR1 alpha + Enhanced + One-Step,NASDAQ:POWI,0.0
2022-02-08,17,AR1 alpha + Enhanced + One-Step,NASDAQ:POWI,1.081555191677109e-08
2022-02-09,17,AR1 alpha + Enhanced + One-Step,NASDAQ:POWI,4.265221428755986e-08
2022-02-10,17,AR1 alpha + Enhanced + One-Step,NASDAQ:POWI,1.2082946571587005e-08
2022-02-11,17,AR1 alpha + Enhanced + One-Step,NASDAQ:POWI,3.9653615068313523e-07
2022-02-14,17,AR1 alpha + Enhanced + One-Step,NASDAQ:POWI,0.0
2022-02-15,17,AR1 alpha + Enhanced + One-Step,NASDAQ:POWI,0.0
2022-02-16,17,AR1 alpha + Enhanced + One-Step,NASDAQ:POWI,0.0
2022-02-17,17,AR1 alpha + Enhanced + One-Step,NASDAQ:POWI,0.0
2022-02-18,17,AR1 alpha + Enhanced + One-Step,NASDAQ:POWI,3.130340199512425e-08
2022-02-22,17,AR1 alpha + Enhanced + One-Step,NASDAQ:POWI,1.790400601847257e-08
2022-02-23,17,AR1 alpha + Enhanced + One-Step,NASDAQ:POWI,1.4266664881601393e-08
2022-02-24,17,AR1 alpha + Enhanced + One-Step,NASDAQ:POWI,0.0
2022-02-25,17,AR1 alpha + Enhanced + One-Step,NASDAQ:POWI,4.3171989264070175e-08
2022-02-28,17,AR1 alpha + Enhanced + One-Step,NASDAQ:POWI,4.1571664841821195e-08
2022-03-01,17,AR1 alpha + Enhanced + One-Step,NASDAQ:POWI,7.791989522279803e-08
2022-03-02,17,AR1 alpha + Enhanced + One-Step,NASDAQ:POWI,0.0
2022-03-03,17,AR1 alpha + Enhanced + One-Step,NASDAQ:POWI,0.0
2022-03-04,17,AR1 alpha + Enhanced + One-Step,NASDAQ:POWI,0.0
2022-03-07,17,AR1 alpha + Enhanced + One-Step,NASDAQ:POWI,4.902994317572614e-07
2022-03-08,17,AR1 alpha + Enhanced + One-Step,NASDAQ:POWI,2.1127854176363848e-07
2022-03-09,17,AR1 alpha + Enhanced + One-Step,NASDAQ:POWI,0.0
2022-03-10,17,AR1 alpha + Enhanced + One-Step,NASDAQ:POWI,9.560710089558557e-08
2022-03-11,17,AR1 alpha + Enhanced + One-Step,NASDAQ:POWI,0.0
2022-03-14,17,AR1 alpha + Enhanced + One-Step,NASDAQ:POWI,0.0
2022-03-15,17,AR1 alpha + Enhanced + One-Step,NASDAQ:POWI,0.0
2022-03-16,17,AR1 alpha + Enhanced + One-Step,NASDAQ:POWI,0.0
2022-03-17,17,AR1 alpha + Enhanced + One-Step,NASDAQ:POWI,4.893931529711932e-08
2022-03-18,17,AR1 alpha + Enhanced + One-Step,NASDAQ:POWI,0.0
2022-03-21,17,AR1 alpha + Enhanced + One-Step,NASDAQ:POWI,1.8038861248023902e-07
2022-03-22,17,AR1 alpha + Enhanced + One-Step,NASDAQ:POWI,1.1808025733898647e-07
2022-03-23,17,AR1 alpha + Enhanced + One-Step,NASDAQ:POWI,7.09930644334372e-08
2022-03-24,17,AR1 alpha + Enhanced + One-Step,NASDAQ:POWI,0.0
2022-03-25,17,AR1 alpha + Enhanced + One-Step,NASDAQ:POWI,0.0
2022-03-28,17,AR1 alpha + Enhanced + One-Step,NASDAQ:POWI,1.375056936027512e-07
2022-03-29,17,AR1 alpha + Enhanced + One-Step,NASDAQ:POWI,0.0
2022-03-30,17,AR1 alpha + Enhanced + One-Step,NASDAQ:POWI,1.8740486398556435e-08
2022-03-31,17,AR1 alpha + Enhanced + One-Step,NASDAQ:POWI,1.2213878375130198e-08
2022-04-01,17,AR1 alpha + Enhanced + One-Step,NASDAQ:POWI,0.0
2022-04-04,17,AR1 alpha + Enhanced + One-Step,NASDAQ:POWI,6.12246825525021e-10
2022-04-05,17,AR1 alpha + Enhanced + One-Step,NASDAQ:POWI,0.025002949230200976
2022-04-06,17,AR1 alpha + Enhanced + One-Step,NASDAQ:POWI,0.050068083645870565
2022-04-07,17,AR1 alpha + Enhanced + One-Step,NASDAQ:POWI,0.056122095847137385
2022-04-08,17,AR1 alpha + Enhanced + One-Step,NASDAQ:POWI,0.059711712005132776
2022-04-11,17,AR1 alpha + Enhanced + One-Step,NASDAQ:POWI,0.0597082764947133
2022-04-12,17,AR1 alpha + Enhanced + One-Step,NASDAQ:POWI,0.059706109733767915
2022-04-13,17,AR1 alpha + Enhanced + One-Step,NASDAQ:POWI,0.054582898687546996
2022-04-14,17,AR1 alpha + Enhanced + One-Step,NASDAQ:POWI,0.05458065239149904
2022-04-18,17,AR1 alpha + Enhanced + One-Step,NASDAQ:POWI,0.043534498004673135
2022-04-19,17,AR1 alpha + Enhanced + One-Step,NASDAQ:POWI,0.043515419823285884
2022-04-20,17,AR1 alpha + Enhanced + One-Step,NASDAQ:POWI,0.04334233634420947
2022-04-21,17,AR1 alpha + Enhanced + One-Step,NASDAQ:POWI,0.04017655935327862
2022-04-22,17,AR1 alpha + Enhanced + One-Step,NASDAQ:POWI,0.04017565471607693
2022-04-25,17,AR1 alpha + Enhanced + One-Step,NASDAQ:POWI,0.04017513342599666
2022-04-26,17,AR1 alpha + Enhanced + One-Step,NASDAQ:POWI,0.04017527523982509
2022-04-27,17,AR1 alpha + Enhanced + One-Step,NASDAQ:POWI,0.040174641119494016
2022-04-28,17,AR1 alpha + Enhanced + One-Step,NASDAQ:POWI,0.015240926107254983
2022-04-29,17,AR1 alpha + Enhanced + One-Step,NASDAQ:POWI,0.015240437027831838
2022-05-02,17,AR1 alpha + Enhanced + One-Step,NASDAQ:POWI,0.0
2022-05-03,17,AR1 alpha + Enhanced + One-Step,NASDAQ:POWI,0.0
2022-05-04,17,AR1 alpha + Enhanced + One-Step,NASDAQ:POWI,0.0
2022-05-05,17,AR1 alpha + Enhanced + One-Step,NASDAQ:POWI,1.0180962489432175e-06
2022-05-06,17,AR1 alpha + Enhanced + One-Step,NASDAQ:POWI,1.1214828223072261e-07
2022-05-09,17,AR1 alpha + Enhanced + One-Step,NASDAQ:POWI,1.7798041918021539e-07
2022-05-10,17,AR1 alpha + Enhanced + One-Step,NASDAQ:POWI,0.012435396471101964
2022-05-11,17,AR1 alpha + Enhanced + One-Step,NASDAQ:POWI,0.03735630840268709
2022-05-12,17,AR1 alpha + Enhanced + One-Step,NASDAQ:POWI,0.0373523983205889
2022-05-13,17,AR1 alpha + Enhanced + One-Step,NASDAQ:POWI,0.017022749174290856
2022-05-16,17,AR1 alpha + Enhanced + One-Step,NASDAQ:POWI,0.004411091431879051
2022-05-17,17,AR1 alpha + Enhanced + One-Step,NASDAQ:POWI,0.0
2022-05-18,17,AR1 alpha + Enhanced + One-Step,NASDAQ:POWI,3.843092468639684e-07
2022-05-19,17,AR1 alpha + Enhanced + One-Step,NASDAQ:POWI,1.3252929399198632e-07
2022-05-20,17,AR1 alpha + Enhanced + One-Step,NASDAQ:POWI,8.98877886516297e-08
2022-05-23,17,AR1 alpha + Enhanced + One-Step,NASDAQ:POWI,0.0
2022-05-24,17,AR1 alpha + Enhanced + One-Step,NASDAQ:POWI,0.022939974529141875
2022-05-25,17,AR1 alpha + Enhanced + One-Step,NASDAQ:POWI,0.04341301364548651
2022-05-26,17,AR1 alpha + Enhanced + One-Step,NASDAQ:POWI,0.04341296381328881
2022-05-27,17,AR1 alpha + Enhanced + One-Step,NASDAQ:POWI,0.024951195415084924
2022-05-31,17,AR1 alpha + Enhanced + One-Step,NASDAQ:POWI,0.008968336083318776
2022-06-01,17,AR1 alpha + Enhanced + One-Step,NASDAQ:POWI,0.008968669647187654
2022-06-02,17,AR1 alpha + Enhanced + One-Step,NASDAQ:POWI,7.715611120921266e-07
2022-06-03,17,AR1 alpha + Enhanced + One-Step,NASDAQ:POWI,4.4258500415344926e-07
2022-06-06,17,AR1 alpha + Enhanced + One-Step,NASDAQ:POWI,4.294501925499435e-07
2022-06-07,17,AR1 alpha + Enhanced + One-Step,NASDAQ:POWI,0.0019414928213335033
2022-06-08,17,AR1 alpha + Enhanced + One-Step,NASDAQ:POWI,0.018083333897865574
2022-06-09,17,AR1 alpha + Enhanced + One-Step,NASDAQ:POWI,0.018936600485436928
2022-06-10,17,AR1 alpha + Enhanced + One-Step,NASDAQ:POWI,0.018935561301219987
2022-06-13,17,AR1 alpha + Enhanced + One-Step,NASDAQ:POWI,0.01893528917460969
2022-06-14,17,AR1 alpha + Enhanced + One-Step,NASDAQ:POWI,0.01893625679800554
2022-06-15,17,AR1 alpha + Enhanced + One-Step,NASDAQ:POWI,0.01893573724192084
2022-06-16,17,AR1 alpha + Enhanced + One-Step,NASDAQ:POWI,0.018935245078739508
2022-06-17,17,AR1 alpha + Enhanced + One-Step,NASDAQ:POWI,0.018934733970594735
2022-06-21,17,AR1 alpha + Enhanced + One-Step,NASDAQ:POWI,0.018934664124756154
2022-06-22,17,AR1 alpha + Enhanced + One-Step,NASDAQ:POWI,0.018934753772306717
2022-06-23,17,AR1 alpha + Enhanced + One-Step,NASDAQ:POWI,0.018934718548506056
2022-06-24,17,AR1 alpha + Enhanced + One-Step,NASDAQ:POWI,0.018934677424796462
2022-06-27,17,AR1 alpha + Enhanced + One-Step,NASDAQ:POWI,0.007933733170747581
2022-06-28,17,AR1 alpha + Enhanced + One-Step,NASDAQ:POWI,0.007933720630362597
2022-06-29,17,AR1 alpha + Enhanced + One-Step,NASDAQ:POWI,0.007933066701635976
2022-06-30,17,AR1 alpha + Enhanced + One-Step,NASDAQ:POWI,0.007933173969172772
2022-07-01,17,AR1 alpha + Enhanced + One-Step,NASDAQ:POWI,0.0329477874241351
2022-07-05,17,AR1 alpha + Enhanced + One-Step,NASDAQ:POWI,0.03645302772490047
2022-07-06,17,AR1 alpha + Enhanced + One-Step,NASDAQ:POWI,0.029738553140950676
2022-07-07,17,AR1 alpha + Enhanced + One-Step,NASDAQ:POWI,0.004794876043908937
2022-07-08,17,AR1 alpha + Enhanced + One-Step,NASDAQ:POWI,0.0
2022-07-11,17,AR1 alpha + Enhanced + One-Step,NASDAQ:POWI,0.0
2022-07-12,17,AR1 alpha + Enhanced + One-Step,NASDAQ:POWI,0.0
2022-07-13,17,AR1 alpha + Enhanced + One-Step,NASDAQ:POWI,0.0
2022-07-14,17,AR1 alpha + Enhanced + One-Step,NASDAQ:POWI,0.0
2022-07-15,17,AR1 alpha + Enhanced + One-Step,NASDAQ:POWI,0.0
2022-07-18,17,AR1 alpha + Enhanced + One-Step,NASDAQ:POWI,0.0
2022-07-19,17,AR1 alpha + Enhanced + One-Step,NASDAQ:POWI,0.0
2022-07-20,17,AR1 alpha + Enhanced + One-Step,NASDAQ:POWI,0.0
2022-07-21,17,AR1 alpha + Enhanced + One-Step,NASDAQ:POWI,0.0
2022-07-22,17,AR1 alpha + Enhanced + One-Step,NASDAQ:POWI,0.0
2022-07-25,17,AR1 alpha + Enhanced + One-Step,NASDAQ:POWI,3.0239380551111597e-07
2022-07-26,17,AR1 alpha + Enhanced + One-Step,NASDAQ:POWI,1.8860999884953607e-07
2022-07-27,17,AR1 alpha + Enhanced + One-Step,NASDAQ:POWI,1.4098862600095791e-08
2022-07-28,17,AR1 alpha + Enhanced + One-Step,NASDAQ:POWI,1.348423605622388e-08
2022-07-29,17,AR1 alpha + Enhanced + One-Step,NASDAQ:POWI,0.0
2022-08-01,17,AR1 alpha + Enhanced + One-Step,NASDAQ:POWI,1.2706535319337305e-09
2022-08-02,17,AR1 alpha + Enhanced + One-Step,NASDAQ:POWI,0.0
2022-08-03,17,AR1 alpha + Enhanced + One-Step,NASDAQ:POWI,0.0
2022-08-04,17,AR1 alpha + Enhanced + One-Step,NASDAQ:POWI,1.5376897003174992e-07
2022-08-05,17,AR1 alpha + Enhanced + One-Step,NASDAQ:POWI,0.0
2022-08-08,17,AR1 alpha + Enhanced + One-Step,NASDAQ:POWI,0.0
2022-08-09,17,AR1 alpha + Enhanced + One-Step,NASDAQ:POWI,0.01270378436077785
2022-08-10,17,AR1 alpha + Enhanced + One-Step,NASDAQ:POWI,0.0
2022-08-11,17,AR1 alpha + Enhanced + One-Step,NASDAQ:POWI,0.0
2022-08-12,17,AR1 alpha + Enhanced + One-Step,NASDAQ:POWI,0.0
2022-08-15,17,AR1 alpha + Enhanced + One-Step,NASDAQ:POWI,0.0
2022-08-16,17,AR1 alpha + Enhanced + One-Step,NASDAQ:POWI,4.922439249693688e-08
2022-08-17,17,AR1 alpha + Enhanced + One-Step,NASDAQ:POWI,5.694039880847132e-07
2022-08-18,17,AR1 alpha + Enhanced + One-Step,NASDAQ:POWI,0.0
2022-08-19,17,AR1 alpha + Enhanced + One-Step,NASDAQ:POWI,0.0
2022-08-22,17,AR1 alpha + Enhanced + One-Step,NASDAQ:POWI,3.2506222212376966e-07
2022-08-23,17,AR1 alpha + Enhanced + One-Step,NASDAQ:POWI,0.0
2022-08-24,17,AR1 alpha + Enhanced + One-Step,NASDAQ:POWI,0.0
2022-08-25,17,AR1 alpha + Enhanced + One-Step,NASDAQ:POWI,0.0
2022-08-26,17,AR1 alpha + Enhanced + One-Step,NASDAQ:POWI,0.0
2022-08-29,17,AR1 alpha + Enhanced + One-Step,NASDAQ:POWI,3.9119738598245234e-08
2022-08-30,17,AR1 alpha + Enhanced + One-Step,NASDAQ:POWI,1.431469815284607e-09
2022-08-31,17,AR1 alpha + Enhanced + One-Step,NASDAQ:POWI,0.0
2022-09-01,17,AR1 alpha + Enhanced + One-Step,NASDAQ:POWI,0.010624509731371608
2022-09-02,17,AR1 alpha + Enhanced + One-Step,NASDAQ:POWI,0.0
2022-09-06,17,AR1 alpha + Enhanced + One-Step,NASDAQ:POWI,7.757993474355634e-09
2022-09-07,17,AR1 alpha + Enhanced + One-Step,NASDAQ:POWI,1.382420491423487e-08
2022-09-08,17,AR1 alpha + Enhanced + One-Step,NASDAQ:POWI,7.55332130906442e-08
2022-09-09,17,AR1 alpha + Enhanced + One-Step,NASDAQ:POWI,0.0
2022-09-12,17,AR1 alpha + Enhanced + One-Step,NASDAQ:POWI,0.0
2022-09-13,17,AR1 alpha + Enhanced + One-Step,NASDAQ:POWI,0.0
2022-09-14,17,AR1 alpha + Enhanced + One-Step,NASDAQ:POWI,0.0
2022-09-15,17,AR1 alpha + Enhanced + One-Step,NASDAQ:POWI,0.0
2022-09-16,17,AR1 alpha + Enhanced + One-Step,NASDAQ:POWI,4.6497109866672426e-08
2022-09-19,17,AR1 alpha + Enhanced + One-Step,NASDAQ:POWI,0.0
2022-09-20,17,AR1 alpha + Enhanced + One-Step,NASDAQ:POWI,1.0093053491349409e-07
2022-09-21,17,AR1 alpha + Enhanced + One-Step,NASDAQ:POWI,0.0
2022-09-22,17,AR1 alpha + Enhanced + One-Step,NASDAQ:POWI,0.0
2022-09-23,17,AR1 alpha + Enhanced + One-Step,NASDAQ:POWI,0.0
2022-09-26,17,AR1 alpha + Enhanced + One-Step,NASDAQ:POWI,0.0
2022-09-27,17,AR1 alpha + Enhanced + One-Step,NASDAQ:POWI,0.0
2022-09-28,17,AR1 alpha + Enhanced + One-Step,NASDAQ:POWI,0.0
2022-09-29,17,AR1 alpha + Enhanced + One-Step,NASDAQ:POWI,2.523935006884235e-07
2022-09-30,17,AR1 alpha + Enhanced + One-Step,NASDAQ:POWI,8.516191183211462e-08
2022-10-03,17,AR1 alpha + Enhanced + One-Step,NASDAQ:POWI,4.767917433635464e-08
2022-10-04,17,AR1 alpha + Enhanced + One-Step,NASDAQ:POWI,9.208007898382138e-08
2022-10-05,17,AR1 alpha + Enhanced + One-Step,NASDAQ:POWI,0.0
2022-10-06,17,AR1 alpha + Enhanced + One-Step,NASDAQ:POWI,0.0
2022-10-07,17,AR1 alpha + Enhanced + One-Step,NASDAQ:POWI,6.798786426863263e-08
2022-10-10,17,AR1 alpha + Enhanced + One-Step,NASDAQ:POWI,0.0
2022-10-11,17,AR1 alpha + Enhanced + One-Step,NASDAQ:POWI,0.0
2022-10-12,17,AR1 alpha + Enhanced + One-Step,NASDAQ:POWI,0.0
2022-10-13,17,AR1 alpha + Enhanced + One-Step,NASDAQ:POWI,1.118785723373636e-06
2022-10-14,17,AR1 alpha + Enhanced + One-Step,NASDAQ:POWI,5.035163553991617e-07
2022-10-17,17,AR1 alpha + Enhanced + One-Step,NASDAQ:POWI,1.6975942486723908e-07
2022-10-18,17,AR1 alpha + Enhanced + One-Step,NASDAQ:POWI,7.202555320924887e-08
2022-10-19,17,AR1 alpha + Enhanced + One-Step,NASDAQ:POWI,4.111123225829935e-08
2022-10-20,17,AR1 alpha + Enhanced + One-Step,NASDAQ:POWI,0.0
2022-10-21,17,AR1 alpha + Enhanced + One-Step,NASDAQ:POWI,2.853452582856895e-08
2022-10-24,17,AR1 alpha + Enhanced + One-Step,NASDAQ:POWI,0.0
2022-10-25,17,AR1 alpha + Enhanced + One-Step,NASDAQ:POWI,5.528074338329988e-09
2022-10-26,17,AR1 alpha + Enhanced + One-Step,NASDAQ:POWI,4.7907710808429554e-08
2022-10-27,17,AR1 alpha + Enhanced + One-Step,NASDAQ:POWI,0.0
2022-10-28,17,AR1 alpha + Enhanced + One-Step,NASDAQ:POWI,0.0
2022-10-31,17,AR1 alpha + Enhanced + One-Step,NASDAQ:POWI,0.0
2022-11-01,17,AR1 alpha + Enhanced + One-Step,NASDAQ:POWI,0.0
2022-11-02,17,AR1 alpha + Enhanced + One-Step,NASDAQ:POWI,3.176531207674388e-08
2022-11-03,17,AR1 alpha + Enhanced + One-Step,NASDAQ:POWI,1.1809219391245944e-06
2022-11-04,17,AR1 alpha + Enhanced + One-Step,NASDAQ:POWI,3.9350361053925563e-07
2022-11-07,17,AR1 alpha + Enhanced + One-Step,NASDAQ:POWI,0.0
2022-11-08,17,AR1 alpha + Enhanced + One-Step,NASDAQ:POWI,5.697699630414914e-08
2022-11-09,17,AR1 alpha + Enhanced + One-Step,NASDAQ:POWI,0.0
2022-11-10,17,AR1 alpha + Enhanced + One-Step,NASDAQ:POWI,3.5176516485461997e-09
2022-11-11,17,AR1 alpha + Enhanced + One-Step,NASDAQ:POWI,0.0
2022-11-14,17,AR1 alpha + Enhanced + One-Step,NASDAQ:POWI,0.0
2022-11-15,17,AR1 alpha + Enhanced + One-Step,NASDAQ:POWI,1.0290201900197444e-08
2022-11-16,17,AR1 alpha + Enhanced + One-Step,NASDAQ:POWI,0.0
2022-11-17,17,AR1 alpha + Enhanced + One-Step,NASDAQ:POWI,0.0
2022-11-18,17,AR1 alpha + Enhanced + One-Step,NASDAQ:POWI,2.708772262698868e-08
2022-11-21,17,AR1 alpha + Enhanced + One-Step,NASDAQ:POWI,0.0
2022-11-22,17,AR1 alpha + Enhanced + One-Step,NASDAQ:POWI,0.0
2022-11-23,17,AR1 alpha + Enhanced + One-Step,NASDAQ:POWI,2.684989732096851e-07
2022-11-25,17,AR1 alpha + Enhanced + One-Step,NASDAQ:POWI,2.672900271762354e-07
2022-11-28,17,AR1 alpha + Enhanced + One-Step,NASDAQ:POWI,2.1775935345348177e-07
2022-11-29,17,AR1 alpha + Enhanced + One-Step,NASDAQ:POWI,1.3634290718725098e-07
2022-11-30,17,AR1 alpha + Enhanced + One-Step,NASDAQ:POWI,7.781019010978147e-08
2022-12-01,17,AR1 alpha + Enhanced + One-Step,NASDAQ:POWI,0.0
2022-12-02,17,AR1 alpha + Enhanced + One-Step,NASDAQ:POWI,3.569292759110842e-08
2022-12-05,17,AR1 alpha + Enhanced + One-Step,NASDAQ:POWI,0.0
2022-12-06,17,AR1 alpha + Enhanced + One-Step,NASDAQ:POWI,0.0
2022-12-07,17,AR1 alpha + Enhanced + One-Step,NASDAQ:POWI,0.0
2022-12-08,17,AR1 alpha + Enhanced + One-Step,NASDAQ:POWI,0.0
2022-12-09,17,AR1 alpha + Enhanced + One-Step,NASDAQ:POWI,0.0
2022-12-12,17,AR1 alpha + Enhanced + One-Step,NASDAQ:POWI,0.0
2022-12-13,17,AR1 alpha + Enhanced + One-Step,NASDAQ:POWI,0.0
2022-12-14,17,AR1 alpha + Enhanced + One-Step,NASDAQ:POWI,0.0
2022-12-15,17,AR1 alpha + Enhanced + One-Step,NASDAQ:POWI,0.0
2022-12-16,17,AR1 alpha + Enhanced + One-Step,NASDAQ:POWI,0.0
2022-12-19,17,AR1 alpha + Enhanced + One-Step,NASDAQ:POWI,0.0
2022-12-20,17,AR1 alpha + Enhanced + One-Step,NASDAQ:POWI,3.2722808938454265e-08
2022-12-21,17,AR1 alpha + Enhanced + One-Step,NASDAQ:POWI,3.557444812970015e-08
2022-12-22,17,AR1 alpha + Enhanced + One-Step,NASDAQ:POWI,2.2769567493704806e-08
2022-12-23,17,AR1 alpha + Enhanced + One-Step,NASDAQ:POWI,3.9837048246810455e-08
2022-12-27,17,AR1 alpha + Enhanced + One-Step,NASDAQ:POWI,3.709482745113891e-08
2022-12-28,17,AR1 alpha + Enhanced + One-Step,NASDAQ:POWI,3.588006476153164e-09
2022-12-29,17,AR1 alpha + Enhanced + One-Step,NASDAQ:POWI,0.0
2022-12-30,17,AR1 alpha + Enhanced + One-Step,NASDAQ:POWI,0.0
2023-01-03,17,AR1 alpha + Enhanced + One-Step,NASDAQ:POWI,3.4065515075879652e-09
2023-01-04,17,AR1 alpha + Enhanced + One-Step,NASDAQ:POWI,0.0
2023-01-05,17,AR1 alpha + Enhanced + One-Step,NASDAQ:POWI,3.1889879227842787e-07
2023-01-06,17,AR1 alpha + Enhanced + One-Step,NASDAQ:POWI,1.40769518798934e-07
2023-01-09,17,AR1 alpha + Enhanced + One-Step,NASDAQ:POWI,0.0
2023-01-10,17,AR1 alpha + Enhanced + One-Step,NASDAQ:POWI,4.4046853084827574e-07
2023-01-11,17,AR1 alpha + Enhanced + One-Step,NASDAQ:POWI,0.0
2023-01-12,17,AR1 alpha + Enhanced + One-Step,NASDAQ:POWI,0.0
2023-01-13,17,AR1 alpha + Enhanced + One-Step,NASDAQ:POWI,0.0
2023-01-17,17,AR1 alpha + Enhanced + One-Step,NASDAQ:POWI,0.0
2023-01-18,17,AR1 alpha + Enhanced + One-Step,NASDAQ:POWI,2.2582309684151135e-07
2023-01-19,17,AR1 alpha + Enhanced + One-Step,NASDAQ:POWI,0.0
2023-01-20,17,AR1 alpha + Enhanced + One-Step,NASDAQ:POWI,0.0
2023-01-23,17,AR1 alpha + Enhanced + One-Step,NASDAQ:POWI,0.0
2023-01-24,17,AR1 alpha + Enhanced + One-Step,NASDAQ:POWI,2.2482299754083693e-08
2023-01-25,17,AR1 alpha + Enhanced + One-Step,NASDAQ:POWI,4.199743424642985e-08
2023-01-26,17,AR1 alpha + Enhanced + One-Step,NASDAQ:POWI,1.2327986291876077e-08
2023-01-27,17,AR1 alpha + Enhanced + One-Step,NASDAQ:POWI,0.0
2023-01-30,17,AR1 alpha + Enhanced + One-Step,NASDAQ:POWI,4.388568387811077e-08
2023-01-31,17,AR1 alpha + Enhanced + One-Step,NASDAQ:POWI,0.0
2023-02-01,17,AR1 alpha + Enhanced + One-Step,NASDAQ:POWI,2.8729975100620386e-08
2023-02-02,17,AR1 alpha + Enhanced + One-Step,NASDAQ:POWI,7.680769914453811e-07
2023-02-03,17,AR1 alpha + Enhanced + One-Step,NASDAQ:POWI,4.7026070347400264e-07
2023-02-06,17,AR1 alpha + Enhanced + One-Step,NASDAQ:POWI,6.531603891246444e-07
2023-02-07,17,AR1 alpha + Enhanced + One-Step,NASDAQ:POWI,1.7281164417919962e-06
2023-02-08,17,AR1 alpha + Enhanced + One-Step,NASDAQ:POWI,1.2102841448010113e-06
2023-02-09,17,AR1 alpha + Enhanced + One-Step,NASDAQ:POWI,7.151457738447644e-07
2023-02-10,17,AR1 alpha + Enhanced + One-Step,NASDAQ:POWI,0.0
2023-02-13,17,AR1 alpha + Enhanced + One-Step,NASDAQ:POWI,0.0
2023-02-14,17,AR1 alpha + Enhanced + One-Step,NASDAQ:POWI,2.3316955047406337e-07
2023-02-15,17,AR1 alpha + Enhanced + One-Step,NASDAQ:POWI,1.0777218316190617e-07
2023-02-16,17,AR1 alpha + Enhanced + One-Step,NASDAQ:POWI,0.0
2023-02-17,17,AR1 alpha + Enhanced + One-Step,NASDAQ:POWI,0.0
2023-02-21,17,AR1 alpha + Enhanced + One-Step,NASDAQ:POWI,0.0
2023-02-22,17,AR1 alpha + Enhanced + One-Step,NASDAQ:POWI,0.0
2023-02-23,17,AR1 alpha + Enhanced + One-Step,NASDAQ:POWI,0.0
2023-02-24,17,AR1 alpha + Enhanced + One-Step,NASDAQ:POWI,1.2518839035609645e-06
2023-02-27,17,AR1 alpha + Enhanced + One-Step,NASDAQ:POWI,7.772779101189208e-07
2023-02-28,17,AR1 alpha + Enhanced + One-Step,NASDAQ:POWI,9.537965475269264e-07
2023-03-01,17,AR1 alpha + Enhanced + One-Step,NASDAQ:POWI,3.6701308679230115e-07
2023-03-02,17,AR1 alpha + Enhanced + One-Step,NASDAQ:POWI,0.0
2023-03-03,17,AR1 alpha + Enhanced + One-Step,NASDAQ:POWI,0.0
2023-03-06,17,AR1 alpha + Enhanced + One-Step,NASDAQ:POWI,0.0
2023-03-07,17,AR1 alpha + Enhanced + One-Step,NASDAQ:POWI,0.0
2023-03-08,17,AR1 alpha + Enhanced + One-Step,NASDAQ:POWI,0.0
2023-03-09,17,AR1 alpha + Enhanced + One-Step,NASDAQ:POWI,0.0
2023-03-10,17,AR1 alpha + Enhanced + One-Step,NASDAQ:POWI,0.0
2023-03-13,17,AR1 alpha + Enhanced + One-Step,NASDAQ:POWI,0.0
2023-03-14,17,AR1 alpha + Enhanced + One-Step,NASDAQ:POWI,2.2023392501159813e-09
2023-03-15,17,AR1 alpha + Enhanced + One-Step,NASDAQ:POWI,0.0
2023-03-16,17,AR1 alpha + Enhanced + One-Step,NASDAQ:POWI,7.127123828651512e-09
2023-03-17,17,AR1 alpha + Enhanced + One-Step,NASDAQ:POWI,0.0
2023-03-20,17,AR1 alpha + Enhanced + One-Step,NASDAQ:POWI,0.0
2023-03-21,17,AR1 alpha + Enhanced + One-Step,NASDAQ:POWI,0.0
2023-03-22,17,AR1 alpha + Enhanced + One-Step,NASDAQ:POWI,0.0
2023-03-23,17,AR1 alpha + Enhanced + One-Step,NASDAQ:POWI,0.0
2023-03-24,17,AR1 alpha + Enhanced + One-Step,NASDAQ:POWI,1.8946095951608707e-08
2023-03-27,17,AR1 alpha + Enhanced + One-Step,NASDAQ:POWI,0.0
2023-03-28,17,AR1 alpha + Enhanced + One-Step,NASDAQ:POWI,0.0
2023-03-29,17,AR1 alpha + Enhanced + One-Step,NASDAQ:POWI,7.72746160589439e-09
2023-03-30,17,AR1 alpha + Enhanced + One-Step,NASDAQ:POWI,1.9767729679305142e-08
2023-03-31,17,AR1 alpha + Enhanced + One-Step,NASDAQ:POWI,1.199173732050728e-07
2023-04-03,17,AR1 alpha + Enhanced + One-Step,NASDAQ:POWI,0.0
2023-04-04,17,AR1 alpha + Enhanced + One-Step,NASDAQ:POWI,0.0
2023-04-05,17,AR1 alpha + Enhanced + One-Step,NASDAQ:POWI,0.0
2023-04-06,17,AR1 alpha + Enhanced + One-Step,NASDAQ:POWI,2.565442732992336e-08
2023-04-10,17,AR1 alpha + Enhanced + One-Step,NASDAQ:POWI,5.313425464979704e-07
2023-04-11,17,AR1 alpha + Enhanced + One-Step,NASDAQ:POWI,0.0
2023-04-12,17,AR1 alpha + Enhanced + One-Step,NASDAQ:POWI,9.819552150802923e-07
2023-04-13,17,AR1 alpha + Enhanced + One-Step,NASDAQ:POWI,4.2958376105826416e-07
2023-04-14,17,AR1 alpha + Enhanced + One-Step,NASDAQ:POWI,3.794813002754805e-07
2023-04-17,17,AR1 alpha + Enhanced + One-Step,NASDAQ:POWI,0.004154974372704851
2023-04-18,17,AR1 alpha + Enhanced + One-Step,NASDAQ:POWI,0.00415486006664721
2023-04-19,17,AR1 alpha + Enhanced + One-Step,NASDAQ:POWI,0.004154681778738792
2023-04-20,17,AR1 alpha + Enhanced + One-Step,NASDAQ:POWI,0.004154715037106032
2023-04-21,17,AR1 alpha + Enhanced + One-Step,NASDAQ:POWI,0.004153461132643673
2023-04-24,17,AR1 alpha + Enhanced + One-Step,NASDAQ:POWI,0.004152990253735354
2023-04-25,17,AR1 alpha + Enhanced + One-Step,NASDAQ:POWI,0.006310362293702454
2023-04-26,17,AR1 alpha + Enhanced + One-Step,NASDAQ:POWI,0.006310232030901776
2023-04-27,17,AR1 alpha + Enhanced + One-Step,NASDAQ:POWI,0.00630954936637184
2023-04-28,17,AR1 alpha + Enhanced + One-Step,NASDAQ:POWI,0.006309619554469485
2023-05-01,17,AR1 alpha + Enhanced + One-Step,NASDAQ:POWI,0.006309507487390651
2023-05-02,17,AR1 alpha + Enhanced + One-Step,NASDAQ:POWI,0.0063096465824830465
2023-05-03,17,AR1 alpha + Enhanced + One-Step,NASDAQ:POWI,0.0059474312664026426
2023-05-04,17,AR1 alpha + Enhanced + One-Step,NASDAQ:POWI,0.004260882880809147
2023-05-05,17,AR1 alpha + Enhanced + One-Step,NASDAQ:POWI,3.1600644179258713e-09
2023-05-08,17,AR1 alpha + Enhanced + One-Step,NASDAQ:POWI,6.047518966413625e-08
2023-05-09,17,AR1 alpha + Enhanced + One-Step,NASDAQ:POWI,0.0
2023-05-10,17,AR1 alpha + Enhanced + One-Step,NASDAQ:POWI,5.415293658912134e-07
2023-05-11,17,AR1 alpha + Enhanced + One-Step,NASDAQ:POWI,3.269159354637218e-07
2023-05-12,17,AR1 alpha + Enhanced + One-Step,NASDAQ:POWI,3.4809762061773207e-07
2023-05-15,17,AR1 alpha + Enhanced + One-Step,NASDAQ:POWI,5.315954208426453e-08
2023-05-16,17,AR1 alpha + Enhanced + One-Step,NASDAQ:POWI,4.71936557681695e-08
2023-05-17,17,AR1 alpha + Enhanced + One-Step,NASDAQ:POWI,0.0
2023-05-18,17,AR1 alpha + Enhanced + One-Step,NASDAQ:POWI,1.541216708939478e-06
2023-05-19,17,AR1 alpha + Enhanced + One-Step,NASDAQ:POWI,6.563712050512978e-07
2023-05-22,17,AR1 alpha + Enhanced + One-Step,NASDAQ:POWI,3.8600131947830464e-07
2023-05-23,17,AR1 alpha + Enhanced + One-Step,NASDAQ:POWI,0.0
2023-05-24,17,AR1 alpha + Enhanced + One-Step,NASDAQ:POWI,0.0
2023-05-25,17,AR1 alpha + Enhanced + One-Step,NASDAQ:POWI,0.0
2023-05-26,17,AR1 alpha + Enhanced + One-Step,NASDAQ:POWI,5.418610062075724e-08
2023-05-30,17,AR1 alpha + Enhanced + One-Step,NASDAQ:POWI,5.5175362960916354e-08
2023-05-31,17,AR1 alpha + Enhanced + One-Step,NASDAQ:POWI,0.0
2023-06-01,17,AR1 alpha + Enhanced + One-Step,NASDAQ:POWI,0.0
2023-06-02,17,AR1 alpha + Enhanced + One-Step,NASDAQ:POWI,0.0
2023-06-05,17,AR1 alpha + Enhanced + One-Step,NASDAQ:POWI,0.0
2023-06-06,17,AR1 alpha + Enhanced + One-Step,NASDAQ:POWI,2.642564682259937e-06
2023-06-07,17,AR1 alpha + Enhanced + One-Step,NASDAQ:POWI,2.4395008809195224e-06
2023-06-08,17,AR1 alpha + Enhanced + One-Step,NASDAQ:POWI,1.4055886325853125e-06
2023-06-09,17,AR1 alpha + Enhanced + One-Step,NASDAQ:POWI,5.889780726120275e-07
2023-06-12,17,AR1 alpha + Enhanced + One-Step,NASDAQ:POWI,0.0
2023-06-13,17,AR1 alpha + Enhanced + One-Step,NASDAQ:POWI,0.0
2023-06-14,17,AR1 alpha + Enhanced + One-Step,NASDAQ:POWI,0.0
2023-06-15,17,AR1 alpha + Enhanced + One-Step,NASDAQ:POWI,0.0
2023-06-16,17,AR1 alpha + Enhanced + One-Step,NASDAQ:POWI,0.0
2023-06-20,17,AR1 alpha + Enhanced + One-Step,NASDAQ:POWI,0.0
2023-06-21,17,AR1 alpha + Enhanced + One-Step,NASDAQ:POWI,0.0
2023-06-22,17,AR1 alpha + Enhanced + One-Step,NASDAQ:POWI,1.0964030454435218e-07
2023-06-23,17,AR1 alpha + Enhanced + One-Step,NASDAQ:POWI,0.0
2023-06-26,17,AR1 alpha + Enhanced + One-Step,NASDAQ:POWI,0.0
2023-06-27,17,AR1 alpha + Enhanced + One-Step,NASDAQ:POWI,0.0
2023-06-28,17,AR1 alpha + Enhanced + One-Step,NASDAQ:POWI,0.0
2023-06-29,17,AR1 alpha + Enhanced + One-Step,NASDAQ:POWI,0.0
2023-06-30,17,AR1 alpha + Enhanced + One-Step,NASDAQ:POWI,0.0
2023-07-03,17,AR1 alpha + Enhanced + One-Step,NASDAQ:POWI,0.0
2023-07-05,17,AR1 alpha + Enhanced + One-Step,NASDAQ:POWI,1.4325051635167856e-07
2023-07-06,17,AR1 alpha + Enhanced + One-Step,NASDAQ:POWI,1.7044231220693743e-07
2023-07-07,17,AR1 alpha + Enhanced + One-Step,NASDAQ:POWI,3.237368420345021e-07
2023-07-10,17,AR1 alpha + Enhanced + One-Step,NASDAQ:POWI,2.787167909396995e-07
2023-07-11,17,AR1 alpha + Enhanced + One-Step,NASDAQ:POWI,0.0
2023-07-12,17,AR1 alpha + Enhanced + One-Step,NASDAQ:POWI,9.349993771909988e-08
2023-07-13,17,AR1 alpha + Enhanced + One-Step,NASDAQ:POWI,0.0
2023-07-14,17,AR1 alpha + Enhanced + One-Step,NASDAQ:POWI,0.0
2023-07-17,17,AR1 alpha + Enhanced + One-Step,NASDAQ:POWI,4.4992179913638984e-08
2023-07-18,17,AR1 alpha + Enhanced + One-Step,NASDAQ:POWI,4.010047475843197e-07
2023-07-19,17,AR1 alpha + Enhanced + One-Step,NASDAQ:POWI,0.0
2023-07-20,17,AR1 alpha + Enhanced + One-Step,NASDAQ:POWI,0.0
2023-07-21,17,AR1 alpha + Enhanced + One-Step,NASDAQ:POWI,0.0
2023-07-24,17,AR1 alpha + Enhanced + One-Step,NASDAQ:POWI,0.0
2023-07-25,17,AR1 alpha + Enhanced + One-Step,NASDAQ:POWI,0.0
2023-07-26,17,AR1 alpha + Enhanced + One-Step,NASDAQ:POWI,0.0
2023-07-27,17,AR1 alpha + Enhanced + One-Step,NASDAQ:POWI,0.0
2023-08-01,17,AR1 alpha + Enhanced + One-Step,NASDAQ:POWI,0.0
2023-08-02,17,AR1 alpha + Enhanced + One-Step,NASDAQ:POWI,0.0
2023-08-03,17,AR1 alpha + Enhanced + One-Step,NASDAQ:POWI,6.984890027712249e-08
2023-08-04,17,AR1 alpha + Enhanced + One-Step,NASDAQ:POWI,2.2682560084254816e-06
2023-08-07,17,AR1 alpha + Enhanced + One-Step,NASDAQ:POWI,1.3434956408846774e-06
2023-08-08,17,AR1 alpha + Enhanced + One-Step,NASDAQ:POWI,4.793575407685557e-07
2023-08-09,17,AR1 alpha + Enhanced + One-Step,NASDAQ:POWI,3.206845583478806e-07
2023-08-10,17,AR1 alpha + Enhanced + One-Step,NASDAQ:POWI,2.8642559198337465e-07
2023-08-11,17,AR1 alpha + Enhanced + One-Step,NASDAQ:POWI,0.0
2023-08-14,17,AR1 alpha + Enhanced + One-Step,NASDAQ:POWI,0.0
2023-08-15,17,AR1 alpha + Enhanced + One-Step,NASDAQ:POWI,8.215993886042113e-08
2023-08-16,17,AR1 alpha + Enhanced + One-Step,NASDAQ:POWI,3.34557559398454e-08
2023-08-17,17,AR1 alpha + Enhanced + One-Step,NASDAQ:POWI,1.1800395868721393e-07
2023-08-18,17,AR1 alpha + Enhanced + One-Step,NASDAQ:POWI,0.0
2023-08-21,17,AR1 alpha + Enhanced + One-Step,NASDAQ:POWI,0.0
2023-08-22,17,AR1 alpha + Enhanced + One-Step,NASDAQ:POWI,0.0
2023-08-23,17,AR1 alpha + Enhanced + One-Step,NASDAQ:POWI,0.0
2023-08-24,17,AR1 alpha + Enhanced + One-Step,NASDAQ:POWI,0.0
2023-08-25,17,AR1 alpha + Enhanced + One-Step,NASDAQ:POWI,0.0
2023-08-28,17,AR1 alpha + Enhanced + One-Step,NASDAQ:POWI,0.0
2023-08-29,17,AR1 alpha + Enhanced + One-Step,NASDAQ:POWI,0.0
2023-08-30,17,AR1 alpha + Enhanced + One-Step,NASDAQ:POWI,0.0
2023-08-31,17,AR1 alpha + Enhanced + One-Step,NASDAQ:POWI,0.0
2023-09-01,17,AR1 alpha + Enhanced + One-Step,NASDAQ:POWI,0.0
2023-09-05,17,AR1 alpha + Enhanced + One-Step,NASDAQ:POWI,0.0
2023-09-06,17,AR1 alpha + Enhanced + One-Step,NASDAQ:POWI,0.0
2023-09-07,17,AR1 alpha + Enhanced + One-Step,NASDAQ:POWI,0.0
2023-09-08,17,AR1 alpha + Enhanced + One-Step,NASDAQ:POWI,0.0
2023-09-11,17,AR1 alpha + Enhanced + One-Step,NASDAQ:POWI,8.50256360580621e-08
2023-09-12,17,AR1 alpha + Enhanced + One-Step,NASDAQ:POWI,1.6283382411780294e-07
2023-09-13,17,AR1 alpha + Enhanced + One-Step,NASDAQ:POWI,0.0
2023-09-14,17,AR1 alpha + Enhanced + One-Step,NASDAQ:POWI,7.280694911299423e-08
2023-09-15,17,AR1 alpha + Enhanced + One-Step,NASDAQ:POWI,1.5469297814943564e-07
2023-09-18,17,AR1 alpha + Enhanced + One-Step,NASDAQ:POWI,1.134733762740811e-07
2023-09-19,17,AR1 alpha + Enhanced + One-Step,NASDAQ:POWI,9.140022520850863e-08
2023-09-20,17,AR1 alpha + Enhanced + One-Step,NASDAQ:POWI,1.052032467588005e-07
2023-09-21,17,AR1 alpha + Enhanced + One-Step,NASDAQ:POWI,1.3713910148579064e-07
2023-09-22,17,AR1 alpha + Enhanced + One-Step,NASDAQ:POWI,1.1937842520462826e-07
2023-09-25,17,AR1 alpha + Enhanced + One-Step,NASDAQ:POWI,0.0
2023-09-26,17,AR1 alpha + Enhanced + One-Step,NASDAQ:POWI,0.0
2023-09-27,17,AR1 alpha + Enhanced + One-Step,NASDAQ:POWI,4.190951858841001e-09
2023-09-28,17,AR1 alpha + Enhanced + One-Step,NASDAQ:POWI,0.0
2023-09-29,17,AR1 alpha + Enhanced + One-Step,NASDAQ:POWI,0.0
2023-10-02,17,AR1 alpha + Enhanced + One-Step,NASDAQ:POWI,0.0
2023-10-03,17,AR1 alpha + Enhanced + One-Step,NASDAQ:POWI,0.0
2023-10-04,17,AR1 alpha + Enhanced + One-Step,NASDAQ:POWI,0.0
2023-10-05,17,AR1 alpha + Enhanced + One-Step,NASDAQ:POWI,0.0
2023-10-06,17,AR1 alpha + Enhanced + One-Step,NASDAQ:POWI,0.0
2023-10-09,17,AR1 alpha + Enhanced + One-Step,NASDAQ:POWI,0.0
2023-10-10,17,AR1 alpha + Enhanced + One-Step,NASDAQ:POWI,0.0
2023-10-11,17,AR1 alpha + Enhanced + One-Step,NASDAQ:POWI,0.0
2023-10-12,17,AR1 alpha + Enhanced + One-Step,NASDAQ:POWI,2.6588852714794997e-10
2023-10-13,17,AR1 alpha + Enhanced + One-Step,NASDAQ:POWI,8.579007109161119e-09
2023-10-16,17,AR1 alpha + Enhanced + One-Step,NASDAQ:POWI,3.659781155334629e-08
2023-10-17,17,AR1 alpha + Enhanced + One-Step,NASDAQ:POWI,0.0
2023-10-18,17,AR1 alpha + Enhanced + One-Step,NASDAQ:POWI,1.2939769932506565e-07
2023-10-19,17,AR1 alpha + Enhanced + One-Step,NASDAQ:POWI,5.884375176896625e-08
2023-10-20,17,AR1 alpha + Enhanced + One-Step,NASDAQ:POWI,6.267025462849245e-08
2023-10-23,17,AR1 alpha + Enhanced + One-Step,NASDAQ:POWI,0.0
2023-10-24,17,AR1 alpha + Enhanced + One-Step,NASDAQ:POWI,8.1284626601554e-09
2023-10-25,17,AR1 alpha + Enhanced + One-Step,NASDAQ:POWI,0.0
2023-10-26,17,AR1 alpha + Enhanced + One-Step,NASDAQ:POWI,0.0
2023-10-27,17,AR1 alpha + Enhanced + One-Step,NASDAQ:POWI,0.0
2023-10-30,17,AR1 alpha + Enhanced + One-Step,NASDAQ:POWI,1.7718751400736301e-07
2023-10-31,17,AR1 alpha + Enhanced + One-Step,NASDAQ:POWI,2.477708520942151e-07
2023-11-01,17,AR1 alpha + Enhanced + One-Step,NASDAQ:POWI,3.2033146482960915e-08
2023-11-02,17,AR1 alpha + Enhanced + One-Step,NASDAQ:POWI,9.721737162254562e-07
2023-11-03,17,AR1 alpha + Enhanced + One-Step,NASDAQ:POWI,6.859534992963344e-07
2023-11-06,17,AR1 alpha + Enhanced + One-Step,NASDAQ:POWI,5.236971550271944e-07
2023-11-07,17,AR1 alpha + Enhanced + One-Step,NASDAQ:POWI,0.0
2023-11-08,17,AR1 alpha + Enhanced + One-Step,NASDAQ:POWI,0.0
2023-11-09,17,AR1 alpha + Enhanced + One-Step,NASDAQ:POWI,0.0
2023-11-10,17,AR1 alpha + Enhanced + One-Step,NASDAQ:POWI,0.0
2023-11-13,17,AR1 alpha + Enhanced + One-Step,NASDAQ:POWI,0.0
2023-11-14,17,AR1 alpha + Enhanced + One-Step,NASDAQ:POWI,1.270781083355689e-07
2023-11-15,17,AR1 alpha + Enhanced + One-Step,NASDAQ:POWI,0.0
2023-11-16,17,AR1 alpha + Enhanced + One-Step,NASDAQ:POWI,0.0
2023-11-17,17,AR1 alpha + Enhanced + One-Step,NASDAQ:POWI,0.0
2023-11-20,17,AR1 alpha + Enhanced + One-Step,NASDAQ:POWI,8.433435630002526e-08
2023-11-21,17,AR1 alpha + Enhanced + One-Step,NASDAQ:POWI,8.475070792248263e-08
2023-11-22,17,AR1 alpha + Enhanced + One-Step,NASDAQ:POWI,1.7614524358607098e-08
2023-11-24,17,AR1 alpha + Enhanced + One-Step,NASDAQ:POWI,8.953495413718565e-09
2023-11-27,17,AR1 alpha + Enhanced + One-Step,NASDAQ:POWI,0.0
2023-11-28,17,AR1 alpha + Enhanced + One-Step,NASDAQ:POWI,5.825738114711548e-08
2023-11-29,17,AR1 alpha + Enhanced + One-Step,NASDAQ:POWI,0.0
2023-11-30,17,AR1 alpha + Enhanced + One-Step,NASDAQ:POWI,0.0
2023-12-01,17,AR1 alpha + Enhanced + One-Step,NASDAQ:POWI,0.0
2023-12-04,17,AR1 alpha + Enhanced + One-Step,NASDAQ:POWI,0.0
2023-12-05,17,AR1 alpha + Enhanced + One-Step,NASDAQ:POWI,0.0
2023-12-06,17,AR1 alpha + Enhanced + One-Step,NASDAQ:POWI,9.356002498719485e-09
2023-12-07,17,AR1 alpha + Enhanced + One-Step,NASDAQ:POWI,8.488888471811923e-09
2023-12-08,17,AR1 alpha + Enhanced + One-Step,NASDAQ:POWI,3.4724052727463385e-08
2023-12-11,17,AR1 alpha + Enhanced + One-Step,NASDAQ:POWI,0.0
2023-12-12,17,AR1 alpha + Enhanced + One-Step,NASDAQ:POWI,0.0
2023-12-13,17,AR1 alpha + Enhanced + One-Step,NASDAQ:POWI,6.691191298999473e-07
2023-12-14,17,AR1 alpha + Enhanced + One-Step,NASDAQ:POWI,3.741948181980331e-07
2023-12-15,17,AR1 alpha + Enhanced + One-Step,NASDAQ:POWI,0.0
2023-12-18,17,AR1 alpha + Enhanced + One-Step,NASDAQ:POWI,0.0
2023-12-19,17,AR1 alpha + Enhanced + One-Step,NASDAQ:POWI,0.0
2023-12-20,17,AR1 alpha + Enhanced + One-Step,NASDAQ:POWI,2.0134424105553406e-06
2023-12-21,17,AR1 alpha + Enhanced + One-Step,NASDAQ:POWI,1.1274601171586659e-06
2023-12-22,17,AR1 alpha + Enhanced + One-Step,NASDAQ:POWI,8.211451751960598e-07
2023-12-26,17,AR1 alpha + Enhanced + One-Step,NASDAQ:POWI,0.0
2023-12-27,17,AR1 alpha + Enhanced + One-Step,NASDAQ:POWI,2.4148982676656818e-09
2023-12-28,17,AR1 alpha + Enhanced + One-Step,NASDAQ:POWI,4.423081764746281e-08
2023-12-29,17,AR1 alpha + Enhanced + One-Step,NASDAQ:POWI,3.407110746216981e-07
2024-01-02,17,AR1 alpha + Enhanced + One-Step,NASDAQ:POWI,0.0
2024-01-03,17,AR1 alpha + Enhanced + One-Step,NASDAQ:POWI,0.0
2024-01-04,17,AR1 alpha + Enhanced + One-Step,NASDAQ:POWI,0.0
2024-01-05,17,AR1 alpha + Enhanced + One-Step,NASDAQ:POWI,1.378504370991092e-07
2024-01-08,17,AR1 alpha + Enhanced + One-Step,NASDAQ:POWI,4.423267651450767e-07
2024-01-09,17,AR1 alpha + Enhanced + One-Step,NASDAQ:POWI,0.0
2024-01-10,17,AR1 alpha + Enhanced + One-Step,NASDAQ:POWI,0.0
2024-01-11,17,AR1 alpha + Enhanced + One-Step,NASDAQ:POWI,0.0
2024-01-12,17,AR1 alpha + Enhanced + One-Step,NASDAQ:POWI,2.9974957837511203e-08
2024-01-16,17,AR1 alpha + Enhanced + One-Step,NASDAQ:POWI,0.0
2024-01-17,17,AR1 alpha + Enhanced + One-Step,NASDAQ:POWI,0.0
2024-01-18,17,AR1 alpha + Enhanced + One-Step,NASDAQ:POWI,0.0
2024-01-19,17,AR1 alpha + Enhanced + One-Step,NASDAQ:POWI,0.0
2024-01-22,17,AR1 alpha + Enhanced + One-Step,NASDAQ:POWI,0.0
2024-01-23,17,AR1 alpha + Enhanced + One-Step,NASDAQ:POWI,0.0
2024-01-24,17,AR1 alpha + Enhanced + One-Step,NASDAQ:POWI,0.0
2024-01-25,17,AR1 alpha + Enhanced + One-Step,NASDAQ:POWI,0.0
2024-01-26,17,AR1 alpha + Enhanced + One-Step,NASDAQ:POWI,0.0
2024-01-29,17,AR1 alpha + Enhanced + One-Step,NASDAQ:POWI,0.0
2024-01-30,17,AR1 alpha + Enhanced + One-Step,NASDAQ:POWI,0.0
2024-01-31,17,AR1 alpha + Enhanced + One-Step,NASDAQ:POWI,0.0
2024-02-01,17,AR1 alpha + Enhanced + One-Step,NASDAQ:POWI,0.0
2024-02-02,17,AR1 alpha + Enhanced + One-Step,NASDAQ:POWI,0.0
2024-02-05,17,AR1 alpha + Enhanced + One-Step,NASDAQ:POWI,0.0
2024-02-06,17,AR1 alpha + Enhanced + One-Step,NASDAQ:POWI,0.0
2024-02-07,17,AR1 alpha + Enhanced + One-Step,NASDAQ:POWI,0.0
2024-02-08,17,AR1 alpha + Enhanced + One-Step,NASDAQ:POWI,0.0
2024-02-09,17,AR1 alpha + Enhanced + One-Step,NASDAQ:POWI,0.0
2024-02-12,17,AR1 alpha + Enhanced + One-Step,NASDAQ:POWI,0.0
2024-02-13,17,AR1 alpha + Enhanced + One-Step,NASDAQ:POWI,5.6760995619587246e-08
2024-02-14,17,AR1 alpha + Enhanced + One-Step,NASDAQ:POWI,3.4501043037683375e-07
2024-02-15,17,AR1 alpha + Enhanced + One-Step,NASDAQ:POWI,0.0
2024-02-16,17,AR1 alpha + Enhanced + One-Step,NASDAQ:POWI,2.6199931327768645e-07
2024-02-20,17,AR1 alpha + Enhanced + One-Step,NASDAQ:POWI,1.967837066567564e-07
2024-02-21,17,AR1 alpha + Enhanced + One-Step,NASDAQ:POWI,0.0
2024-02-22,17,AR1 alpha + Enhanced + One-Step,NASDAQ:POWI,0.0
2024-02-23,17,AR1 alpha + Enhanced + One-Step,NASDAQ:POWI,0.0
2024-02-26,17,AR1 alpha + Enhanced + One-Step,NASDAQ:POWI,0.0
2024-02-27,17,AR1 alpha + Enhanced + One-Step,NASDAQ:POWI,0.0
2024-02-28,17,AR1 alpha + Enhanced + One-Step,NASDAQ:POWI,0.0
2024-02-29,17,AR1 alpha + Enhanced + One-Step,NASDAQ:POWI,0.0
2024-03-01,17,AR1 alpha + Enhanced + One-Step,NASDAQ:POWI,0.0
2024-03-04,17,AR1 alpha + Enhanced + One-Step,NASDAQ:POWI,0.0
2024-03-05,17,AR1 alpha + Enhanced + One-Step,NASDAQ:POWI,0.0
2024-03-06,17,AR1 alpha + Enhanced + One-Step,NASDAQ:POWI,0.0
2024-03-07,17,AR1 alpha + Enhanced + One-Step,NASDAQ:POWI,0.0
2024-03-08,17,AR1 alpha + Enhanced + One-Step,NASDAQ:POWI,0.0
2024-03-11,17,AR1 alpha + Enhanced + One-Step,NASDAQ:POWI,0.0
2024-03-12,17,AR1 alpha + Enhanced + One-Step,NASDAQ:POWI,0.0
2024-03-13,17,AR1 alpha + Enhanced + One-Step,NASDAQ:POWI,0.0
2024-03-14,17,AR1 alpha + Enhanced + One-Step,NASDAQ:POWI,0.0
2024-03-15,17,AR1 alpha + Enhanced + One-Step,NASDAQ:POWI,9.177994475227247e-08
2024-03-18,17,AR1 alpha + Enhanced + One-Step,NASDAQ:POWI,0.0
2024-03-19,17,AR1 alpha + Enhanced + One-Step,NASDAQ:POWI,0.0
2024-03-20,17,AR1 alpha + Enhanced + One-Step,NASDAQ:POWI,0.0
2024-03-21,17,AR1 alpha + Enhanced + One-Step,NASDAQ:POWI,0.0
2024-03-22,17,AR1 alpha + Enhanced + One-Step,NASDAQ:POWI,0.0
2024-03-25,17,AR1 alpha + Enhanced + One-Step,NASDAQ:POWI,0.0
2024-03-26,17,AR1 alpha + Enhanced + One-Step,NASDAQ:POWI,0.0
2024-03-27,17,AR1 alpha + Enhanced + One-Step,NASDAQ:POWI,0.0
2024-03-28,17,AR1 alpha + Enhanced + One-Step,NASDAQ:POWI,2.0730053469313303e-07
2024-04-01,17,AR1 alpha + Enhanced + One-Step,NASDAQ:POWI,2.511605628116975e-07
2024-04-02,17,AR1 alpha + Enhanced + One-Step,NASDAQ:POWI,6.376032075968374e-08
2024-04-03,17,AR1 alpha + Enhanced + One-Step,NASDAQ:POWI,0.0
2024-04-04,17,AR1 alpha + Enhanced + One-Step,NASDAQ:POWI,0.0
2024-04-05,17,AR1 alpha + Enhanced + One-Step,NASDAQ:POWI,0.0
2024-04-08,17,AR1 alpha + Enhanced + One-Step,NASDAQ:POWI,1.285082222191599e-07
2024-04-09,17,AR1 alpha + Enhanced + One-Step,NASDAQ:POWI,0.0
2024-04-10,17,AR1 alpha + Enhanced + One-Step,NASDAQ:POWI,0.0
2024-04-11,17,AR1 alpha + Enhanced + One-Step,NASDAQ:POWI,0.0
2024-04-12,17,AR1 alpha + Enhanced + One-Step,NASDAQ:POWI,0.0
2024-04-15,17,AR1 alpha + Enhanced + One-Step,NASDAQ:POWI,0.0
2024-04-16,17,AR1 alpha + Enhanced + One-Step,NASDAQ:POWI,0.0
2024-04-17,17,AR1 alpha + Enhanced + One-Step,NASDAQ:POWI,6.684707500103785e-08
2024-04-18,17,AR1 alpha + Enhanced + One-Step,NASDAQ:POWI,0.0
2024-04-19,17,AR1 alpha + Enhanced + One-Step,NASDAQ:POWI,0.0
2020-03-25,17,AR1 alpha + Enhanced + One-Step,NASDAQ:INTU,0.020000000000007227
2020-03-26,17,AR1 alpha + Enhanced + One-Step,NASDAQ:INTU,0.02000000000001305
2020-03-27,17,AR1 alpha + Enhanced + One-Step,NASDAQ:INTU,0.019999956138848404
2020-03-30,17,AR1 alpha + Enhanced + One-Step,NASDAQ:INTU,0.020000988897756942
2020-03-31,17,AR1 alpha + Enhanced + One-Step,NASDAQ:INTU,0.020002684517802603
2020-04-01,17,AR1 alpha + Enhanced + One-Step,NASDAQ:INTU,0.020002679336460716
2020-04-02,17,AR1 alpha + Enhanced + One-Step,NASDAQ:INTU,0.02000227966062934
2020-04-03,17,AR1 alpha + Enhanced + One-Step,NASDAQ:INTU,0.020002918910253117
2020-04-06,17,AR1 alpha + Enhanced + One-Step,NASDAQ:INTU,0.020003723802574296
2020-04-07,17,AR1 alpha + Enhanced + One-Step,NASDAQ:INTU,0.020002053907591483
2020-04-08,17,AR1 alpha + Enhanced + One-Step,NASDAQ:INTU,0.020002281725166215
2020-04-09,17,AR1 alpha + Enhanced + One-Step,NASDAQ:INTU,0.020002041300025517
2020-04-13,17,AR1 alpha + Enhanced + One-Step,NASDAQ:INTU,0.020002062899174174
2020-04-14,17,AR1 alpha + Enhanced + One-Step,NASDAQ:INTU,0.020003313852743607
2020-04-15,17,AR1 alpha + Enhanced + One-Step,NASDAQ:INTU,0.020004509629481894
2020-04-16,17,AR1 alpha + Enhanced + One-Step,NASDAQ:INTU,0.020005154760932838
2020-04-17,17,AR1 alpha + Enhanced + One-Step,NASDAQ:INTU,0.02000528840185805
2020-04-20,17,AR1 alpha + Enhanced + One-Step,NASDAQ:INTU,0.02000522914227859
2020-04-21,17,AR1 alpha + Enhanced + One-Step,NASDAQ:INTU,0.020005524889950325
2020-04-22,17,AR1 alpha + Enhanced + One-Step,NASDAQ:INTU,0.020005810969978815
2020-04-23,17,AR1 alpha + Enhanced + One-Step,NASDAQ:INTU,0.020005624666034966
2020-04-24,17,AR1 alpha + Enhanced + One-Step,NASDAQ:INTU,0.0200056974298527
2020-04-27,17,AR1 alpha + Enhanced + One-Step,NASDAQ:INTU,0.020005694672214216
2020-04-28,17,AR1 alpha + Enhanced + One-Step,NASDAQ:INTU,0.020005692083174334
2020-04-29,17,AR1 alpha + Enhanced + One-Step,NASDAQ:INTU,0.016945427461479368
2020-04-30,17,AR1 alpha + Enhanced + One-Step,NASDAQ:INTU,0.016945462584061044
2020-05-01,17,AR1 alpha + Enhanced + One-Step,NASDAQ:INTU,0.016944561449169875
2020-05-04,17,AR1 alpha + Enhanced + One-Step,NASDAQ:INTU,0.016944586603796743
2020-05-05,17,AR1 alpha + Enhanced + One-Step,NASDAQ:INTU,0.0
2020-05-06,17,AR1 alpha + Enhanced + One-Step,NASDAQ:INTU,0.0
2020-05-07,17,AR1 alpha + Enhanced + One-Step,NASDAQ:INTU,0.0
2020-05-08,17,AR1 alpha + Enhanced + One-Step,NASDAQ:INTU,0.0
2020-05-11,17,AR1 alpha + Enhanced + One-Step,NASDAQ:INTU,0.0
2020-05-12,17,AR1 alpha + Enhanced + One-Step,NASDAQ:INTU,0.0
2020-05-13,17,AR1 alpha + Enhanced + One-Step,NASDAQ:INTU,5.847251616787351e-08
2020-05-14,17,AR1 alpha + Enhanced + One-Step,NASDAQ:INTU,0.0
2020-05-15,17,AR1 alpha + Enhanced + One-Step,NASDAQ:INTU,3.518613261692797e-08
2020-05-18,17,AR1 alpha + Enhanced + One-Step,NASDAQ:INTU,7.402549900595111e-08
2020-05-19,17,AR1 alpha + Enhanced + One-Step,NASDAQ:INTU,0.0
2020-05-20,17,AR1 alpha + Enhanced + One-Step,NASDAQ:INTU,2.5956818411155292e-08
2020-05-21,17,AR1 alpha + Enhanced + One-Step,NASDAQ:INTU,0.0
2020-05-22,17,AR1 alpha + Enhanced + One-Step,NASDAQ:INTU,0.0
2020-05-26,17,AR1 alpha + Enhanced + One-Step,NASDAQ:INTU,1.2570638049900694e-09
2020-05-27,17,AR1 alpha + Enhanced + One-Step,NASDAQ:INTU,5.255861244371702e-08
2020-05-28,17,AR1 alpha + Enhanced + One-Step,NASDAQ:INTU,3.18639078756256e-08
2020-05-29,17,AR1 alpha + Enhanced + One-Step,NASDAQ:INTU,1.9751071662592528e-08
2020-06-01,17,AR1 alpha + Enhanced + One-Step,NASDAQ:INTU,8.199314587897614e-08
2020-06-02,17,AR1 alpha + Enhanced + One-Step,NASDAQ:INTU,2.0626883793860933e-09
2020-06-03,17,AR1 alpha + Enhanced + One-Step,NASDAQ:INTU,2.1998859479041886e-07
2020-06-04,17,AR1 alpha + Enhanced + One-Step,NASDAQ:INTU,0.0
2020-06-05,17,AR1 alpha + Enhanced + One-Step,NASDAQ:INTU,0.0
2020-06-08,17,AR1 alpha + Enhanced + One-Step,NASDAQ:INTU,0.0
2020-06-09,17,AR1 alpha + Enhanced + One-Step,NASDAQ:INTU,2.1979992460758576e-08
2020-06-10,17,AR1 alpha + Enhanced + One-Step,NASDAQ:INTU,1.0832562168490291e-08
2020-06-11,17,AR1 alpha + Enhanced + One-Step,NASDAQ:INTU,1.3954272759658953e-06
2020-06-12,17,AR1 alpha + Enhanced + One-Step,NASDAQ:INTU,5.834789381223777e-07
2020-06-15,17,AR1 alpha + Enhanced + One-Step,NASDAQ:INTU,1.126378512683279e-07
2020-06-16,17,AR1 alpha + Enhanced + One-Step,NASDAQ:INTU,7.940177386443733e-08
2020-06-17,17,AR1 alpha + Enhanced + One-Step,NASDAQ:INTU,4.141223398248146e-08
2020-06-18,17,AR1 alpha + Enhanced + One-Step,NASDAQ:INTU,2.4749720201817263e-08
2020-06-19,17,AR1 alpha + Enhanced + One-Step,NASDAQ:INTU,0.0
2020-06-22,17,AR1 alpha + Enhanced + One-Step,NASDAQ:INTU,7.559275367185044e-08
2020-06-23,17,AR1 alpha + Enhanced + One-Step,NASDAQ:INTU,0.0
2020-06-24,17,AR1 alpha + Enhanced + One-Step,NASDAQ:INTU,0.0
2020-06-25,17,AR1 alpha + Enhanced + One-Step,NASDAQ:INTU,1.3507407679953002e-08
2020-06-26,17,AR1 alpha + Enhanced + One-Step,NASDAQ:INTU,0.0
2020-06-29,17,AR1 alpha + Enhanced + One-Step,NASDAQ:INTU,0.0
2020-06-30,17,AR1 alpha + Enhanced + One-Step,NASDAQ:INTU,0.0
2020-07-01,17,AR1 alpha + Enhanced + One-Step,NASDAQ:INTU,0.0
2020-07-02,17,AR1 alpha + Enhanced + One-Step,NASDAQ:INTU,0.0
2020-07-06,17,AR1 alpha + Enhanced + One-Step,NASDAQ:INTU,0.0
2020-07-07,17,AR1 alpha + Enhanced + One-Step,NASDAQ:INTU,0.0
2020-07-08,17,AR1 alpha + Enhanced + One-Step,NASDAQ:INTU,0.0
2020-07-09,17,AR1 alpha + Enhanced + One-Step,NASDAQ:INTU,0.0
2020-07-10,17,AR1 alpha + Enhanced + One-Step,NASDAQ:INTU,0.0
2020-07-13,17,AR1 alpha + Enhanced + One-Step,NASDAQ:INTU,2.29005487830936e-08
2020-07-14,17,AR1 alpha + Enhanced + One-Step,NASDAQ:INTU,0.0
2020-07-15,17,AR1 alpha + Enhanced + One-Step,NASDAQ:INTU,2.7074171500461345e-07
2020-07-16,17,AR1 alpha + Enhanced + One-Step,NASDAQ:INTU,1.2684833793387858e-07
2020-07-17,17,AR1 alpha + Enhanced + One-Step,NASDAQ:INTU,7.808760201329902e-08
2020-07-20,17,AR1 alpha + Enhanced + One-Step,NASDAQ:INTU,0.0
2020-07-21,17,AR1 alpha + Enhanced + One-Step,NASDAQ:INTU,4.573749101972184e-08
2020-07-22,17,AR1 alpha + Enhanced + One-Step,NASDAQ:INTU,1.8137395744501352e-08
2020-07-23,17,AR1 alpha + Enhanced + One-Step,NASDAQ:INTU,0.0
2020-07-24,17,AR1 alpha + Enhanced + One-Step,NASDAQ:INTU,0.0
2020-07-27,17,AR1 alpha + Enhanced + One-Step,NASDAQ:INTU,5.272395148175682e-07
2020-07-28,17,AR1 alpha + Enhanced + One-Step,NASDAQ:INTU,3.0721785830802335e-07
2020-07-29,17,AR1 alpha + Enhanced + One-Step,NASDAQ:INTU,1.7536479957113366e-07
2020-07-30,17,AR1 alpha + Enhanced + One-Step,NASDAQ:INTU,0.0
2020-07-31,17,AR1 alpha + Enhanced + One-Step,NASDAQ:INTU,0.0
2020-08-03,17,AR1 alpha + Enhanced + One-Step,NASDAQ:INTU,0.0
2020-08-04,17,AR1 alpha + Enhanced + One-Step,NASDAQ:INTU,0.0
2020-08-05,17,AR1 alpha + Enhanced + One-Step,NASDAQ:INTU,0.0
2020-08-06,17,AR1 alpha + Enhanced + One-Step,NASDAQ:INTU,0.0
2020-08-07,17,AR1 alpha + Enhanced + One-Step,NASDAQ:INTU,3.100147213467511e-07
2020-08-10,17,AR1 alpha + Enhanced + One-Step,NASDAQ:INTU,3.867430603591415e-07
2020-08-11,17,AR1 alpha + Enhanced + One-Step,NASDAQ:INTU,2.243299435406348e-08
2020-08-12,17,AR1 alpha + Enhanced + One-Step,NASDAQ:INTU,0.0
2020-08-13,17,AR1 alpha + Enhanced + One-Step,NASDAQ:INTU,1.0496715722632955e-09
2020-08-14,17,AR1 alpha + Enhanced + One-Step,NASDAQ:INTU,2.2899984292170644e-09
2020-08-17,17,AR1 alpha + Enhanced + One-Step,NASDAQ:INTU,0.0
2020-08-18,17,AR1 alpha + Enhanced + One-Step,NASDAQ:INTU,0.0
2020-08-19,17,AR1 alpha + Enhanced + One-Step,NASDAQ:INTU,0.0
2020-08-20,17,AR1 alpha + Enhanced + One-Step,NASDAQ:INTU,0.0
2020-08-21,17,AR1 alpha + Enhanced + One-Step,NASDAQ:INTU,0.0
2020-08-24,17,AR1 alpha + Enhanced + One-Step,NASDAQ:INTU,0.0
2020-08-25,17,AR1 alpha + Enhanced + One-Step,NASDAQ:INTU,9.71205926537474e-08
2020-08-26,17,AR1 alpha + Enhanced + One-Step,NASDAQ:INTU,0.0
2020-08-27,17,AR1 alpha + Enhanced + One-Step,NASDAQ:INTU,0.0
2020-08-28,17,AR1 alpha + Enhanced + One-Step,NASDAQ:INTU,2.87092986195206e-09
2020-08-31,17,AR1 alpha + Enhanced + One-Step,NASDAQ:INTU,0.0
2020-09-01,17,AR1 alpha + Enhanced + One-Step,NASDAQ:INTU,0.0
2020-09-02,17,AR1 alpha + Enhanced + One-Step,NASDAQ:INTU,6.952758062498249e-08
2020-09-03,17,AR1 alpha + Enhanced + One-Step,NASDAQ:INTU,0.0
2020-09-04,17,AR1 alpha + Enhanced + One-Step,NASDAQ:INTU,3.341607007898082e-08
2020-09-08,17,AR1 alpha + Enhanced + One-Step,NASDAQ:INTU,8.111422187573134e-08
2020-09-09,17,AR1 alpha + Enhanced + One-Step,NASDAQ:INTU,7.419318406463878e-09
2020-09-10,17,AR1 alpha + Enhanced + One-Step,NASDAQ:INTU,5.760250555127907e-08
2020-09-11,17,AR1 alpha + Enhanced + One-Step,NASDAQ:INTU,6.006660248726657e-08
2020-09-14,17,AR1 alpha + Enhanced + One-Step,NASDAQ:INTU,5.110437631708006e-07
2020-09-15,17,AR1 alpha + Enhanced + One-Step,NASDAQ:INTU,2.1228526324377166e-07
2020-09-16,17,AR1 alpha + Enhanced + One-Step,NASDAQ:INTU,1.054409152349443e-07
2020-09-17,17,AR1 alpha + Enhanced + One-Step,NASDAQ:INTU,0.02052327412672974
2020-09-18,17,AR1 alpha + Enhanced + One-Step,NASDAQ:INTU,0.044811326920650554
2020-09-21,17,AR1 alpha + Enhanced + One-Step,NASDAQ:INTU,0.019813873300705845
2020-09-22,17,AR1 alpha + Enhanced + One-Step,NASDAQ:INTU,9.646609397410599e-08
2020-09-23,17,AR1 alpha + Enhanced + One-Step,NASDAQ:INTU,0.0
2020-09-24,17,AR1 alpha + Enhanced + One-Step,NASDAQ:INTU,0.0
2020-09-25,17,AR1 alpha + Enhanced + One-Step,NASDAQ:INTU,0.0
2020-09-28,17,AR1 alpha + Enhanced + One-Step,NASDAQ:INTU,0.0
2020-09-29,17,AR1 alpha + Enhanced + One-Step,NASDAQ:INTU,0.0
2020-09-30,17,AR1 alpha + Enhanced + One-Step,NASDAQ:INTU,0.0
2020-10-01,17,AR1 alpha + Enhanced + One-Step,NASDAQ:INTU,5.031114999962651e-07
2020-10-02,17,AR1 alpha + Enhanced + One-Step,NASDAQ:INTU,4.76095898824632e-07
2020-10-05,17,AR1 alpha + Enhanced + One-Step,NASDAQ:INTU,8.60303087473037e-07
2020-10-06,17,AR1 alpha + Enhanced + One-Step,NASDAQ:INTU,3.5697193532956964e-07
2020-10-07,17,AR1 alpha + Enhanced + One-Step,NASDAQ:INTU,3.0298887909849034e-07
2020-10-08,17,AR1 alpha + Enhanced + One-Step,NASDAQ:INTU,1.718209160852446e-07
2020-10-09,17,AR1 alpha + Enhanced + One-Step,NASDAQ:INTU,2.8534118110471136e-07
2020-10-12,17,AR1 alpha + Enhanced + One-Step,NASDAQ:INTU,1.7048747960579984e-07
2020-10-13,17,AR1 alpha + Enhanced + One-Step,NASDAQ:INTU,2.0984466135148725e-07
2020-10-14,17,AR1 alpha + Enhanced + One-Step,NASDAQ:INTU,0.0
2020-10-15,17,AR1 alpha + Enhanced + One-Step,NASDAQ:INTU,0.0
2020-10-16,17,AR1 alpha + Enhanced + One-Step,NASDAQ:INTU,0.0
2020-10-19,17,AR1 alpha + Enhanced + One-Step,NASDAQ:INTU,0.0
2020-10-20,17,AR1 alpha + Enhanced + One-Step,NASDAQ:INTU,0.0
2020-10-21,17,AR1 alpha + Enhanced + One-Step,NASDAQ:INTU,0.0
2020-10-22,17,AR1 alpha + Enhanced + One-Step,NASDAQ:INTU,0.0
2020-10-23,17,AR1 alpha + Enhanced + One-Step,NASDAQ:INTU,0.0
2020-10-26,17,AR1 alpha + Enhanced + One-Step,NASDAQ:INTU,0.0
2020-10-27,17,AR1 alpha + Enhanced + One-Step,NASDAQ:INTU,3.9694060758873283e-07
2020-10-28,17,AR1 alpha + Enhanced + One-Step,NASDAQ:INTU,4.000831835424513e-07
2020-10-29,17,AR1 alpha + Enhanced + One-Step,NASDAQ:INTU,7.69431233508806e-07
2020-10-30,17,AR1 alpha + Enhanced + One-Step,NASDAQ:INTU,5.207572407445925e-07
2020-11-02,17,AR1 alpha + Enhanced + One-Step,NASDAQ:INTU,8.9593976282235e-07
2020-11-03,17,AR1 alpha + Enhanced + One-Step,NASDAQ:INTU,6.511603526309887e-07
2020-11-04,17,AR1 alpha + Enhanced + One-Step,NASDAQ:INTU,2.4371687866194e-06
2020-11-05,17,AR1 alpha + Enhanced + One-Step,NASDAQ:INTU,1.659476553575325e-06
2020-11-06,17,AR1 alpha + Enhanced + One-Step,NASDAQ:INTU,9.039757622229423e-07
2020-11-09,17,AR1 alpha + Enhanced + One-Step,NASDAQ:INTU,4.928577720106321e-07
2020-11-10,17,AR1 alpha + Enhanced + One-Step,NASDAQ:INTU,4.519877831434115e-07
2020-11-11,17,AR1 alpha + Enhanced + One-Step,NASDAQ:INTU,4.6437967076957184e-07
2020-11-12,17,AR1 alpha + Enhanced + One-Step,NASDAQ:INTU,3.5940798081951035e-07
2020-11-13,17,AR1 alpha + Enhanced + One-Step,NASDAQ:INTU,2.2501713622806034e-07
2020-11-16,17,AR1 alpha + Enhanced + One-Step,NASDAQ:INTU,5.1783246158192244e-08
2020-11-17,17,AR1 alpha + Enhanced + One-Step,NASDAQ:INTU,0.0
2020-11-18,17,AR1 alpha + Enhanced + One-Step,NASDAQ:INTU,0.0
2020-11-19,17,AR1 alpha + Enhanced + One-Step,NASDAQ:INTU,0.0
2020-11-20,17,AR1 alpha + Enhanced + One-Step,NASDAQ:INTU,0.0
2020-11-23,17,AR1 alpha + Enhanced + One-Step,NASDAQ:INTU,1.8851957425563442e-07
2020-11-24,17,AR1 alpha + Enhanced + One-Step,NASDAQ:INTU,0.0
2020-11-25,17,AR1 alpha + Enhanced + One-Step,NASDAQ:INTU,0.0
2020-11-27,17,AR1 alpha + Enhanced + One-Step,NASDAQ:INTU,0.0
2020-11-30,17,AR1 alpha + Enhanced + One-Step,NASDAQ:INTU,0.0
2020-12-01,17,AR1 alpha + Enhanced + One-Step,NASDAQ:INTU,1.6344888754039528e-07
2020-12-04,17,AR1 alpha + Enhanced + One-Step,NASDAQ:INTU,1.0717930750384455e-07
2020-12-07,17,AR1 alpha + Enhanced + One-Step,NASDAQ:INTU,0.0
2020-12-08,17,AR1 alpha + Enhanced + One-Step,NASDAQ:INTU,3.579113766099111e-08
2020-12-09,17,AR1 alpha + Enhanced + One-Step,NASDAQ:INTU,0.0
2020-12-10,17,AR1 alpha + Enhanced + One-Step,NASDAQ:INTU,1.630109932200908e-07
2020-12-11,17,AR1 alpha + Enhanced + One-Step,NASDAQ:INTU,0.0
2020-12-14,17,AR1 alpha + Enhanced + One-Step,NASDAQ:INTU,0.0
2020-12-15,17,AR1 alpha + Enhanced + One-Step,NASDAQ:INTU,1.0463887585096185e-07
2020-12-16,17,AR1 alpha + Enhanced + One-Step,NASDAQ:INTU,0.0
2020-12-17,17,AR1 alpha + Enhanced + One-Step,NASDAQ:INTU,0.0
2020-12-18,17,AR1 alpha + Enhanced + One-Step,NASDAQ:INTU,1.9288785060791917e-06
2020-12-21,17,AR1 alpha + Enhanced + One-Step,NASDAQ:INTU,1.6801099378277398e-06
2020-12-22,17,AR1 alpha + Enhanced + One-Step,NASDAQ:INTU,1.0921675486733024e-06
2020-12-23,17,AR1 alpha + Enhanced + One-Step,NASDAQ:INTU,0.0
2020-12-24,17,AR1 alpha + Enhanced + One-Step,NASDAQ:INTU,0.0
2020-12-28,17,AR1 alpha + Enhanced + One-Step,NASDAQ:INTU,0.0
2020-12-29,17,AR1 alpha + Enhanced + One-Step,NASDAQ:INTU,0.0
2020-12-30,17,AR1 alpha + Enhanced + One-Step,NASDAQ:INTU,0.0
2020-12-31,17,AR1 alpha + Enhanced + One-Step,NASDAQ:INTU,0.0
2021-01-04,17,AR1 alpha + Enhanced + One-Step,NASDAQ:INTU,1.1677440544065343e-08
2021-01-05,17,AR1 alpha + Enhanced + One-Step,NASDAQ:INTU,1.7444589898744385e-08
2021-01-06,17,AR1 alpha + Enhanced + One-Step,NASDAQ:INTU,8.595265914877949e-09
2021-01-07,17,AR1 alpha + Enhanced + One-Step,NASDAQ:INTU,0.0
2021-01-08,17,AR1 alpha + Enhanced + One-Step,NASDAQ:INTU,0.0
2021-01-11,17,AR1 alpha + Enhanced + One-Step,NASDAQ:INTU,0.0
2021-01-12,17,AR1 alpha + Enhanced + One-Step,NASDAQ:INTU,0.0
2021-01-13,17,AR1 alpha + Enhanced + One-Step,NASDAQ:INTU,0.0
2021-01-14,17,AR1 alpha + Enhanced + One-Step,NASDAQ:INTU,5.843710588187141e-08
2021-01-15,17,AR1 alpha + Enhanced + One-Step,NASDAQ:INTU,0.0
2021-01-19,17,AR1 alpha + Enhanced + One-Step,NASDAQ:INTU,0.0
2021-01-20,17,AR1 alpha + Enhanced + One-Step,NASDAQ:INTU,1.4149613217473338e-07
2021-01-21,17,AR1 alpha + Enhanced + One-Step,NASDAQ:INTU,0.0
2021-01-22,17,AR1 alpha + Enhanced + One-Step,NASDAQ:INTU,0.0
2021-01-25,17,AR1 alpha + Enhanced + One-Step,NASDAQ:INTU,0.0
2021-01-26,17,AR1 alpha + Enhanced + One-Step,NASDAQ:INTU,0.0
2021-01-27,17,AR1 alpha + Enhanced + One-Step,NASDAQ:INTU,3.862192321920506e-07
2021-01-28,17,AR1 alpha + Enhanced + One-Step,NASDAQ:INTU,1.969352583508389e-06
2021-01-29,17,AR1 alpha + Enhanced + One-Step,NASDAQ:INTU,1.1466071685965057e-06
2021-02-01,17,AR1 alpha + Enhanced + One-Step,NASDAQ:INTU,7.387972071985866e-07
2021-02-02,17,AR1 alpha + Enhanced + One-Step,NASDAQ:INTU,5.019942426545358e-07
2021-02-03,17,AR1 alpha + Enhanced + One-Step,NASDAQ:INTU,0.0
2021-02-04,17,AR1 alpha + Enhanced + One-Step,NASDAQ:INTU,0.0
2021-02-05,17,AR1 alpha + Enhanced + One-Step,NASDAQ:INTU,0.0
2021-02-08,17,AR1 alpha + Enhanced + One-Step,NASDAQ:INTU,3.435295240293376e-07
2021-02-09,17,AR1 alpha + Enhanced + One-Step,NASDAQ:INTU,0.0
2021-02-10,17,AR1 alpha + Enhanced + One-Step,NASDAQ:INTU,4.842213994766194e-07
2021-02-11,17,AR1 alpha + Enhanced + One-Step,NASDAQ:INTU,3.361326521274283e-07
2021-02-12,17,AR1 alpha + Enhanced + One-Step,NASDAQ:INTU,1.9043086431159637e-07
2021-02-16,17,AR1 alpha + Enhanced + One-Step,NASDAQ:INTU,1.0980543547567348e-07
2021-02-17,17,AR1 alpha + Enhanced + One-Step,NASDAQ:INTU,0.0
2021-02-18,17,AR1 alpha + Enhanced + One-Step,NASDAQ:INTU,6.959083947995877e-08
2021-02-19,17,AR1 alpha + Enhanced + One-Step,NASDAQ:INTU,3.264184292174126e-08
2021-02-22,17,AR1 alpha + Enhanced + One-Step,NASDAQ:INTU,7.319676302962019e-07
2021-02-23,17,AR1 alpha + Enhanced + One-Step,NASDAQ:INTU,1.5807175858816623e-06
2021-02-24,17,AR1 alpha + Enhanced + One-Step,NASDAQ:INTU,1.2259156472427413e-06
2021-02-25,17,AR1 alpha + Enhanced + One-Step,NASDAQ:INTU,0.0
2021-02-26,17,AR1 alpha + Enhanced + One-Step,NASDAQ:INTU,0.0
2021-03-01,17,AR1 alpha + Enhanced + One-Step,NASDAQ:INTU,3.363730512213938e-08
2021-03-02,17,AR1 alpha + Enhanced + One-Step,NASDAQ:INTU,0.0
2021-03-03,17,AR1 alpha + Enhanced + One-Step,NASDAQ:INTU,0.0
2021-03-04,17,AR1 alpha + Enhanced + One-Step,NASDAQ:INTU,0.0051411064515752
2021-03-05,17,AR1 alpha + Enhanced + One-Step,NASDAQ:INTU,0.005140911002755486
2021-03-08,17,AR1 alpha + Enhanced + One-Step,NASDAQ:INTU,0.005140933059527803
2021-03-09,17,AR1 alpha + Enhanced + One-Step,NASDAQ:INTU,0.0051403914018286236
2021-03-10,17,AR1 alpha + Enhanced + One-Step,NASDAQ:INTU,0.005142687386687964
2021-03-11,17,AR1 alpha + Enhanced + One-Step,NASDAQ:INTU,0.0
2021-03-12,17,AR1 alpha + Enhanced + One-Step,NASDAQ:INTU,0.0
2021-03-15,17,AR1 alpha + Enhanced + One-Step,NASDAQ:INTU,2.0740737432930437e-06
2021-03-16,17,AR1 alpha + Enhanced + One-Step,NASDAQ:INTU,1.479126418927266e-06
2021-03-17,17,AR1 alpha + Enhanced + One-Step,NASDAQ:INTU,5.461551737725689e-07
2021-03-18,17,AR1 alpha + Enhanced + One-Step,NASDAQ:INTU,0.020676942706515603
2021-03-19,17,AR1 alpha + Enhanced + One-Step,NASDAQ:INTU,0.012219183191900115
2021-03-22,17,AR1 alpha + Enhanced + One-Step,NASDAQ:INTU,0.01221984667988606
2021-03-23,17,AR1 alpha + Enhanced + One-Step,NASDAQ:INTU,0.0002585721429256791
2021-03-24,17,AR1 alpha + Enhanced + One-Step,NASDAQ:INTU,0.0002585184704749675
2021-03-25,17,AR1 alpha + Enhanced + One-Step,NASDAQ:INTU,0.00025870250793883615
2021-03-26,17,AR1 alpha + Enhanced + One-Step,NASDAQ:INTU,0.00025900101353820763
2021-03-29,17,AR1 alpha + Enhanced + One-Step,NASDAQ:INTU,0.0002592406263767536
2021-03-30,17,AR1 alpha + Enhanced + One-Step,NASDAQ:INTU,4.0393357253333676e-07
2021-03-31,17,AR1 alpha + Enhanced + One-Step,NASDAQ:INTU,0.0
2021-04-01,17,AR1 alpha + Enhanced + One-Step,NASDAQ:INTU,1.4495585618853489e-06
2021-04-05,17,AR1 alpha + Enhanced + One-Step,NASDAQ:INTU,9.204732067815121e-09
2021-04-06,17,AR1 alpha + Enhanced + One-Step,NASDAQ:INTU,0.0
2021-04-07,17,AR1 alpha + Enhanced + One-Step,NASDAQ:INTU,0.0
2021-04-08,17,AR1 alpha + Enhanced + One-Step,NASDAQ:INTU,0.0
2021-04-09,17,AR1 alpha + Enhanced + One-Step,NASDAQ:INTU,0.0
2021-04-12,17,AR1 alpha + Enhanced + One-Step,NASDAQ:INTU,0.0
2021-04-13,17,AR1 alpha + Enhanced + One-Step,NASDAQ:INTU,0.0
2021-04-14,17,AR1 alpha + Enhanced + One-Step,NASDAQ:INTU,0.0
2021-04-15,17,AR1 alpha + Enhanced + One-Step,NASDAQ:INTU,4.853321065167734e-07
2021-04-16,17,AR1 alpha + Enhanced + One-Step,NASDAQ:INTU,3.4517650083077773e-07
2021-04-19,17,AR1 alpha + Enhanced + One-Step,NASDAQ:INTU,2.572220546902796e-07
2021-04-20,17,AR1 alpha + Enhanced + One-Step,NASDAQ:INTU,0.0
2021-04-21,17,AR1 alpha + Enhanced + One-Step,NASDAQ:INTU,0.0
2021-04-22,17,AR1 alpha + Enhanced + One-Step,NASDAQ:INTU,0.0
2021-04-23,17,AR1 alpha + Enhanced + One-Step,NASDAQ:INTU,0.0
2021-04-26,17,AR1 alpha + Enhanced + One-Step,NASDAQ:INTU,0.0
2021-04-27,17,AR1 alpha + Enhanced + One-Step,NASDAQ:INTU,0.0
2021-04-28,17,AR1 alpha + Enhanced + One-Step,NASDAQ:INTU,0.0
2021-04-29,17,AR1 alpha + Enhanced + One-Step,NASDAQ:INTU,0.0
2021-04-30,17,AR1 alpha + Enhanced + One-Step,NASDAQ:INTU,0.0
2021-05-03,17,AR1 alpha + Enhanced + One-Step,NASDAQ:INTU,2.584259310542603e-06
2021-05-04,17,AR1 alpha + Enhanced + One-Step,NASDAQ:INTU,1.6956930094035103e-06
2021-05-05,17,AR1 alpha + Enhanced + One-Step,NASDAQ:INTU,1.1613813597652208e-06
2021-05-06,17,AR1 alpha + Enhanced + One-Step,NASDAQ:INTU,1.8302360062353814e-06
2021-05-07,17,AR1 alpha + Enhanced + One-Step,NASDAQ:INTU,1.3771409237834788e-06
2021-05-10,17,AR1 alpha + Enhanced + One-Step,NASDAQ:INTU,1.1287293991128613e-06
2021-05-11,17,AR1 alpha + Enhanced + One-Step,NASDAQ:INTU,8.491849313703356e-07
2021-05-12,17,AR1 alpha + Enhanced + One-Step,NASDAQ:INTU,5.399634782089085e-07
2021-05-13,17,AR1 alpha + Enhanced + One-Step,NASDAQ:INTU,0.0
2021-05-14,17,AR1 alpha + Enhanced + One-Step,NASDAQ:INTU,6.59198419254859e-11
2021-05-17,17,AR1 alpha + Enhanced + One-Step,NASDAQ:INTU,0.0
2021-05-18,17,AR1 alpha + Enhanced + One-Step,NASDAQ:INTU,5.254484036784413e-07
2021-05-19,17,AR1 alpha + Enhanced + One-Step,NASDAQ:INTU,1.617960928948593e-06
2021-05-20,17,AR1 alpha + Enhanced + One-Step,NASDAQ:INTU,1.2848456361382088e-06
2021-05-21,17,AR1 alpha + Enhanced + One-Step,NASDAQ:INTU,9.359010178292128e-07
2021-05-24,17,AR1 alpha + Enhanced + One-Step,NASDAQ:INTU,0.0
2021-05-25,17,AR1 alpha + Enhanced + One-Step,NASDAQ:INTU,0.0
2021-05-26,17,AR1 alpha + Enhanced + One-Step,NASDAQ:INTU,0.0
2021-05-27,17,AR1 alpha + Enhanced + One-Step,NASDAQ:INTU,1.110650710439356e-07
2021-05-28,17,AR1 alpha + Enhanced + One-Step,NASDAQ:INTU,0.0
2021-06-01,17,AR1 alpha + Enhanced + One-Step,NASDAQ:INTU,0.0
2021-06-02,17,AR1 alpha + Enhanced + One-Step,NASDAQ:INTU,0.0
2021-06-03,17,AR1 alpha + Enhanced + One-Step,NASDAQ:INTU,0.0
2021-06-04,17,AR1 alpha + Enhanced + One-Step,NASDAQ:INTU,0.0
2021-06-07,17,AR1 alpha + Enhanced + One-Step,NASDAQ:INTU,0.0
2021-06-08,17,AR1 alpha + Enhanced + One-Step,NASDAQ:INTU,0.0
2021-06-09,17,AR1 alpha + Enhanced + One-Step,NASDAQ:INTU,0.0
2021-06-10,17,AR1 alpha + Enhanced + One-Step,NASDAQ:INTU,0.0
2021-06-11,17,AR1 alpha + Enhanced + One-Step,NASDAQ:INTU,0.0
2021-06-14,17,AR1 alpha + Enhanced + One-Step,NASDAQ:INTU,0.0
2021-06-15,17,AR1 alpha + Enhanced + One-Step,NASDAQ:INTU,0.0
2021-06-16,17,AR1 alpha + Enhanced + One-Step,NASDAQ:INTU,0.0
2021-06-17,17,AR1 alpha + Enhanced + One-Step,NASDAQ:INTU,0.0
2021-06-18,17,AR1 alpha + Enhanced + One-Step,NASDAQ:INTU,0.0
2021-06-21,17,AR1 alpha + Enhanced + One-Step,NASDAQ:INTU,4.699297615857035e-07
2021-06-22,17,AR1 alpha + Enhanced + One-Step,NASDAQ:INTU,0.0
2021-06-23,17,AR1 alpha + Enhanced + One-Step,NASDAQ:INTU,0.0
2021-06-24,17,AR1 alpha + Enhanced + One-Step,NASDAQ:INTU,1.0592236835998067e-06
2021-06-25,17,AR1 alpha + Enhanced + One-Step,NASDAQ:INTU,1.301928219049073e-06
2021-06-28,17,AR1 alpha + Enhanced + One-Step,NASDAQ:INTU,9.929999379826928e-07
2021-06-29,17,AR1 alpha + Enhanced + One-Step,NASDAQ:INTU,5.64565064801852e-07
2021-06-30,17,AR1 alpha + Enhanced + One-Step,NASDAQ:INTU,0.0
2021-07-01,17,AR1 alpha + Enhanced + One-Step,NASDAQ:INTU,0.0
2021-07-02,17,AR1 alpha + Enhanced + One-Step,NASDAQ:INTU,0.0
2021-07-06,17,AR1 alpha + Enhanced + One-Step,NASDAQ:INTU,0.0
2021-07-07,17,AR1 alpha + Enhanced + One-Step,NASDAQ:INTU,8.849359928213172e-07
2021-07-08,17,AR1 alpha + Enhanced + One-Step,NASDAQ:INTU,5.079763391947583e-07
2021-07-09,17,AR1 alpha + Enhanced + One-Step,NASDAQ:INTU,0.0
2021-07-12,17,AR1 alpha + Enhanced + One-Step,NASDAQ:INTU,0.0
2021-07-13,17,AR1 alpha + Enhanced + One-Step,NASDAQ:INTU,0.0
2021-07-14,17,AR1 alpha + Enhanced + One-Step,NASDAQ:INTU,0.0
2021-07-15,17,AR1 alpha + Enhanced + One-Step,NASDAQ:INTU,1.8912397760030318e-06
2021-07-16,17,AR1 alpha + Enhanced + One-Step,NASDAQ:INTU,1.1056137384391245e-06
2021-07-19,17,AR1 alpha + Enhanced + One-Step,NASDAQ:INTU,1.8727925455938146e-06
2021-07-20,17,AR1 alpha + Enhanced + One-Step,NASDAQ:INTU,7.616963397207392e-07
2021-07-21,17,AR1 alpha + Enhanced + One-Step,NASDAQ:INTU,9.290816042579803e-07
2021-07-22,17,AR1 alpha + Enhanced + One-Step,NASDAQ:INTU,0.0
2021-07-23,17,AR1 alpha + Enhanced + One-Step,NASDAQ:INTU,0.0
2021-07-26,17,AR1 alpha + Enhanced + One-Step,NASDAQ:INTU,0.0
2021-07-27,17,AR1 alpha + Enhanced + One-Step,NASDAQ:INTU,0.004216307379691428
2021-07-28,17,AR1 alpha + Enhanced + One-Step,NASDAQ:INTU,0.016990722134197212
2021-07-29,17,AR1 alpha + Enhanced + One-Step,NASDAQ:INTU,0.021231460840299393
2021-07-30,17,AR1 alpha + Enhanced + One-Step,NASDAQ:INTU,0.025812630206530216
2021-08-02,17,AR1 alpha + Enhanced + One-Step,NASDAQ:INTU,0.027292464741360305
2021-08-03,17,AR1 alpha + Enhanced + One-Step,NASDAQ:INTU,0.03440718704071503
2021-08-04,17,AR1 alpha + Enhanced + One-Step,NASDAQ:INTU,0.03440352117340208
2021-08-05,17,AR1 alpha + Enhanced + One-Step,NASDAQ:INTU,0.03406783770739456
2021-08-06,17,AR1 alpha + Enhanced + One-Step,NASDAQ:INTU,0.034066447472805975
2021-08-09,17,AR1 alpha + Enhanced + One-Step,NASDAQ:INTU,0.03406542021842164
2021-08-10,17,AR1 alpha + Enhanced + One-Step,NASDAQ:INTU,0.03406510530532504
2021-08-11,17,AR1 alpha + Enhanced + One-Step,NASDAQ:INTU,0.034064080158571944
2021-08-12,17,AR1 alpha + Enhanced + One-Step,NASDAQ:INTU,0.04624029202801014
2021-08-13,17,AR1 alpha + Enhanced + One-Step,NASDAQ:INTU,0.053133780721383854
2021-08-16,17,AR1 alpha + Enhanced + One-Step,NASDAQ:INTU,0.05970566628555427
2021-08-17,17,AR1 alpha + Enhanced + One-Step,NASDAQ:INTU,0.05970646695664375
2021-08-18,17,AR1 alpha + Enhanced + One-Step,NASDAQ:INTU,0.06246424061811708
2021-08-19,17,AR1 alpha + Enhanced + One-Step,NASDAQ:INTU,0.06246569299837651
2021-08-20,17,AR1 alpha + Enhanced + One-Step,NASDAQ:INTU,0.0706845265053622
2021-08-23,17,AR1 alpha + Enhanced + One-Step,NASDAQ:INTU,0.07068164929126274
2021-08-24,17,AR1 alpha + Enhanced + One-Step,NASDAQ:INTU,0.07068027876072501
2021-08-25,17,AR1 alpha + Enhanced + One-Step,NASDAQ:INTU,0.0718066349445244
2021-08-26,17,AR1 alpha + Enhanced + One-Step,NASDAQ:INTU,0.072859856474284
2021-08-27,17,AR1 alpha + Enhanced + One-Step,NASDAQ:INTU,0.07285437726797166
2021-08-30,17,AR1 alpha + Enhanced + One-Step,NASDAQ:INTU,0.07284936616681432
2021-08-31,17,AR1 alpha + Enhanced + One-Step,NASDAQ:INTU,0.07114560603533893
2021-09-01,17,AR1 alpha + Enhanced + One-Step,NASDAQ:INTU,0.07114064684187078
2021-09-02,17,AR1 alpha + Enhanced + One-Step,NASDAQ:INTU,0.07113853266000622
2021-09-03,17,AR1 alpha + Enhanced + One-Step,NASDAQ:INTU,0.07113659050566969
2021-09-07,17,AR1 alpha + Enhanced + One-Step,NASDAQ:INTU,0.0711329291862691
2021-09-08,17,AR1 alpha + Enhanced + One-Step,NASDAQ:INTU,0.07112969535116521
2021-09-09,17,AR1 alpha + Enhanced + One-Step,NASDAQ:INTU,0.07112693468619069
2021-09-10,17,AR1 alpha + Enhanced + One-Step,NASDAQ:INTU,0.07112548296341452
2021-09-13,17,AR1 alpha + Enhanced + One-Step,NASDAQ:INTU,0.0961623938936927
2021-09-14,17,AR1 alpha + Enhanced + One-Step,NASDAQ:INTU,0.09616151151789529
2021-09-15,17,AR1 alpha + Enhanced + One-Step,NASDAQ:INTU,0.09615521966942533
2021-09-16,17,AR1 alpha + Enhanced + One-Step,NASDAQ:INTU,0.09695289841356168
2021-09-17,17,AR1 alpha + Enhanced + One-Step,NASDAQ:INTU,0.09695031044573281
2021-09-20,17,AR1 alpha + Enhanced + One-Step,NASDAQ:INTU,0.09694857958840844
2021-09-21,17,AR1 alpha + Enhanced + One-Step,NASDAQ:INTU,0.09694885853559543
2021-09-22,17,AR1 alpha + Enhanced + One-Step,NASDAQ:INTU,0.09694866094584977
2021-09-23,17,AR1 alpha + Enhanced + One-Step,NASDAQ:INTU,0.09694964270251258
2021-09-24,17,AR1 alpha + Enhanced + One-Step,NASDAQ:INTU,0.09694961382163425
2021-09-27,17,AR1 alpha + Enhanced + One-Step,NASDAQ:INTU,0.09694952305290748
2021-09-28,17,AR1 alpha + Enhanced + One-Step,NASDAQ:INTU,0.09999873895893666
2021-09-29,17,AR1 alpha + Enhanced + One-Step,NASDAQ:INTU,0.09999945509723357
2021-09-30,17,AR1 alpha + Enhanced + One-Step,NASDAQ:INTU,0.09999954312429148
2021-10-01,17,AR1 alpha + Enhanced + One-Step,NASDAQ:INTU,0.09999962599544039
2021-10-04,17,AR1 alpha + Enhanced + One-Step,NASDAQ:INTU,0.09999976677890246
2021-10-05,17,AR1 alpha + Enhanced + One-Step,NASDAQ:INTU,0.09999712782400949
2021-10-06,17,AR1 alpha + Enhanced + One-Step,NASDAQ:INTU,0.09999747129130929
2021-10-07,17,AR1 alpha + Enhanced + One-Step,NASDAQ:INTU,0.09999662879322979
2021-10-08,17,AR1 alpha + Enhanced + One-Step,NASDAQ:INTU,0.09999736954296405
2021-10-11,17,AR1 alpha + Enhanced + One-Step,NASDAQ:INTU,0.09999762826482195
2021-10-12,17,AR1 alpha + Enhanced + One-Step,NASDAQ:INTU,0.0999988498871856
2021-10-13,17,AR1 alpha + Enhanced + One-Step,NASDAQ:INTU,0.09836847666181729
2021-10-14,17,AR1 alpha + Enhanced + One-Step,NASDAQ:INTU,0.09836798616693607
2021-10-15,17,AR1 alpha + Enhanced + One-Step,NASDAQ:INTU,0.08986033049411776
2021-10-18,17,AR1 alpha + Enhanced + One-Step,NASDAQ:INTU,0.077967341175197
2021-10-19,17,AR1 alpha + Enhanced + One-Step,NASDAQ:INTU,0.06560536197583712
2021-10-20,17,AR1 alpha + Enhanced + One-Step,NASDAQ:INTU,0.0656059139113463
2021-10-21,17,AR1 alpha + Enhanced + One-Step,NASDAQ:INTU,0.06560597224152413
2021-10-22,17,AR1 alpha + Enhanced + One-Step,NASDAQ:INTU,0.06560549114873987
2021-10-25,17,AR1 alpha + Enhanced + One-Step,NASDAQ:INTU,0.06560271054220837
2021-10-26,17,AR1 alpha + Enhanced + One-Step,NASDAQ:INTU,0.06559830221189775
2021-10-27,17,AR1 alpha + Enhanced + One-Step,NASDAQ:INTU,0.0607505839952531
2021-10-28,17,AR1 alpha + Enhanced + One-Step,NASDAQ:INTU,0.06075063018213787
2021-10-29,17,AR1 alpha + Enhanced + One-Step,NASDAQ:INTU,0.06294971221849775
2021-11-01,17,AR1 alpha + Enhanced + One-Step,NASDAQ:INTU,0.07600676722556446
2021-11-02,17,AR1 alpha + Enhanced + One-Step,NASDAQ:INTU,0.07600578533486314
2021-11-03,17,AR1 alpha + Enhanced + One-Step,NASDAQ:INTU,0.07600670515234835
2021-11-04,17,AR1 alpha + Enhanced + One-Step,NASDAQ:INTU,0.07600612561357063
2021-11-05,17,AR1 alpha + Enhanced + One-Step,NASDAQ:INTU,0.076006118110364
2021-11-08,17,AR1 alpha + Enhanced + One-Step,NASDAQ:INTU,0.07600347488489845
2021-11-09,17,AR1 alpha + Enhanced + One-Step,NASDAQ:INTU,0.07600339053212206
2021-11-10,17,AR1 alpha + Enhanced + One-Step,NASDAQ:INTU,0.09907576126655149
2021-11-11,17,AR1 alpha + Enhanced + One-Step,NASDAQ:INTU,0.10000004264744786
2021-11-12,17,AR1 alpha + Enhanced + One-Step,NASDAQ:INTU,0.10000013755373612
2021-11-15,17,AR1 alpha + Enhanced + One-Step,NASDAQ:INTU,0.10000059584317463
2021-11-16,17,AR1 alpha + Enhanced + One-Step,NASDAQ:INTU,0.10000008334333838
2021-11-17,17,AR1 alpha + Enhanced + One-Step,NASDAQ:INTU,0.09999607211248307
2021-11-18,17,AR1 alpha + Enhanced + One-Step,NASDAQ:INTU,0.0999959576177088
2021-11-19,17,AR1 alpha + Enhanced + One-Step,NASDAQ:INTU,0.09999636500852965
2021-11-22,17,AR1 alpha + Enhanced + One-Step,NASDAQ:INTU,0.09999755189238127
2021-11-23,17,AR1 alpha + Enhanced + One-Step,NASDAQ:INTU,0.09999207081250248
2021-11-24,17,AR1 alpha + Enhanced + One-Step,NASDAQ:INTU,0.09999357691456667
2021-11-26,17,AR1 alpha + Enhanced + One-Step,NASDAQ:INTU,0.09999064926320378
2021-11-29,17,AR1 alpha + Enhanced + One-Step,NASDAQ:INTU,0.09999055119754847
2021-11-30,17,AR1 alpha + Enhanced + One-Step,NASDAQ:INTU,0.09999042336536366
2021-12-01,17,AR1 alpha + Enhanced + One-Step,NASDAQ:INTU,0.0999909303768743
2021-12-02,17,AR1 alpha + Enhanced + One-Step,NASDAQ:INTU,0.09998598003797962
2021-12-03,17,AR1 alpha + Enhanced + One-Step,NASDAQ:INTU,0.09998783771603821
2021-12-06,17,AR1 alpha + Enhanced + One-Step,NASDAQ:INTU,0.09999079328411686
2021-12-07,17,AR1 alpha + Enhanced + One-Step,NASDAQ:INTU,0.09999321742630052
2021-12-08,17,AR1 alpha + Enhanced + One-Step,NASDAQ:INTU,0.09999455725901814
2021-12-09,17,AR1 alpha + Enhanced + One-Step,NASDAQ:INTU,0.09999261955892406
2021-12-10,17,AR1 alpha + Enhanced + One-Step,NASDAQ:INTU,0.09999083734322256
2021-12-13,17,AR1 alpha + Enhanced + One-Step,NASDAQ:INTU,0.09998724230542061
2021-12-14,17,AR1 alpha + Enhanced + One-Step,NASDAQ:INTU,0.09998734697904578
2021-12-15,17,AR1 alpha + Enhanced + One-Step,NASDAQ:INTU,0.0999908132911377
2021-12-16,17,AR1 alpha + Enhanced + One-Step,NASDAQ:INTU,0.09999327946746482
2021-12-17,17,AR1 alpha + Enhanced + One-Step,NASDAQ:INTU,0.09999503813251648
2021-12-20,17,AR1 alpha + Enhanced + One-Step,NASDAQ:INTU,0.09999443035998126
2021-12-21,17,AR1 alpha + Enhanced + One-Step,NASDAQ:INTU,0.0999955814247944
2021-12-22,17,AR1 alpha + Enhanced + One-Step,NASDAQ:INTU,0.09999685693493279
2021-12-23,17,AR1 alpha + Enhanced + One-Step,NASDAQ:INTU,0.0999978463280731
2021-12-27,17,AR1 alpha + Enhanced + One-Step,NASDAQ:INTU,0.09999843917009339
2021-12-28,17,AR1 alpha + Enhanced + One-Step,NASDAQ:INTU,0.0999989472025193
2021-12-29,17,AR1 alpha + Enhanced + One-Step,NASDAQ:INTU,0.09999902901446811
2021-12-30,17,AR1 alpha + Enhanced + One-Step,NASDAQ:INTU,0.09999884739060806
2021-12-31,17,AR1 alpha + Enhanced + One-Step,NASDAQ:INTU,0.09999913759401598
2022-01-03,17,AR1 alpha + Enhanced + One-Step,NASDAQ:INTU,0.09999902273185046
2022-01-04,17,AR1 alpha + Enhanced + One-Step,NASDAQ:INTU,0.0999993152160891
2022-01-05,17,AR1 alpha + Enhanced + One-Step,NASDAQ:INTU,0.0999995061034972
2022-01-06,17,AR1 alpha + Enhanced + One-Step,NASDAQ:INTU,0.09999966514708813
2022-01-07,17,AR1 alpha + Enhanced + One-Step,NASDAQ:INTU,0.09999927417796489
2022-01-10,17,AR1 alpha + Enhanced + One-Step,NASDAQ:INTU,0.09999855161974114
2022-01-11,17,AR1 alpha + Enhanced + One-Step,NASDAQ:INTU,0.09999868308163405
2022-01-12,17,AR1 alpha + Enhanced + One-Step,NASDAQ:INTU,0.0999988633834567
2022-01-13,17,AR1 alpha + Enhanced + One-Step,NASDAQ:INTU,0.0999990411732764
2022-01-14,17,AR1 alpha + Enhanced + One-Step,NASDAQ:INTU,0.09999726489444717
2022-01-18,17,AR1 alpha + Enhanced + One-Step,NASDAQ:INTU,0.09999822117599522
2022-01-19,17,AR1 alpha + Enhanced + One-Step,NASDAQ:INTU,0.09999803882710281
2022-01-20,17,AR1 alpha + Enhanced + One-Step,NASDAQ:INTU,0.0999985892971334
2022-01-21,17,AR1 alpha + Enhanced + One-Step,NASDAQ:INTU,0.09999823904239431
2022-01-24,17,AR1 alpha + Enhanced + One-Step,NASDAQ:INTU,0.09999856505052057
2022-01-25,17,AR1 alpha + Enhanced + One-Step,NASDAQ:INTU,0.09999883176807996
2022-01-26,17,AR1 alpha + Enhanced + One-Step,NASDAQ:INTU,0.0999990776302109
2022-01-27,17,AR1 alpha + Enhanced + One-Step,NASDAQ:INTU,0.09999864775157483
2022-01-28,17,AR1 alpha + Enhanced + One-Step,NASDAQ:INTU,0.09999901002267778
2022-01-31,17,AR1 alpha + Enhanced + One-Step,NASDAQ:INTU,0.09999957310809356
2022-02-01,17,AR1 alpha + Enhanced + One-Step,NASDAQ:INTU,0.09999963537781116
2022-02-02,17,AR1 alpha + Enhanced + One-Step,NASDAQ:INTU,0.09999967737921099
2022-02-03,17,AR1 alpha + Enhanced + One-Step,NASDAQ:INTU,0.09999889254254479
2022-02-04,17,AR1 alpha + Enhanced + One-Step,NASDAQ:INTU,0.09999868525293769
2022-02-07,17,AR1 alpha + Enhanced + One-Step,NASDAQ:INTU,0.09999892977495119
2022-02-08,17,AR1 alpha + Enhanced + One-Step,NASDAQ:INTU,0.09999921989755681
2022-02-09,17,AR1 alpha + Enhanced + One-Step,NASDAQ:INTU,0.09999940842636824
2022-02-10,17,AR1 alpha + Enhanced + One-Step,NASDAQ:INTU,0.0999995671283564
2022-02-11,17,AR1 alpha + Enhanced + One-Step,NASDAQ:INTU,0.09999998043569722
2022-02-14,17,AR1 alpha + Enhanced + One-Step,NASDAQ:INTU,0.09999983513280764
2022-02-15,17,AR1 alpha + Enhanced + One-Step,NASDAQ:INTU,0.09999991229681787
2022-02-16,17,AR1 alpha + Enhanced + One-Step,NASDAQ:INTU,0.09999827823591323
2022-02-17,17,AR1 alpha + Enhanced + One-Step,NASDAQ:INTU,0.09999692594499864
2022-02-18,17,AR1 alpha + Enhanced + One-Step,NASDAQ:INTU,0.09999785159919958
2022-02-22,17,AR1 alpha + Enhanced + One-Step,NASDAQ:INTU,0.09999842442859398
2022-02-23,17,AR1 alpha + Enhanced + One-Step,NASDAQ:INTU,0.09999887930128135
2022-02-24,17,AR1 alpha + Enhanced + One-Step,NASDAQ:INTU,0.09999812834033732
2022-02-25,17,AR1 alpha + Enhanced + One-Step,NASDAQ:INTU,0.099998703587757
2022-02-28,17,AR1 alpha + Enhanced + One-Step,NASDAQ:INTU,0.09999930935565336
2022-03-01,17,AR1 alpha + Enhanced + One-Step,NASDAQ:INTU,0.09999955937924367
2022-03-02,17,AR1 alpha + Enhanced + One-Step,NASDAQ:INTU,0.09999953114376017
2022-03-03,17,AR1 alpha + Enhanced + One-Step,NASDAQ:INTU,0.09999963193840211
2022-03-04,17,AR1 alpha + Enhanced + One-Step,NASDAQ:INTU,0.09999750170522376
2022-03-07,17,AR1 alpha + Enhanced + One-Step,NASDAQ:INTU,0.09999838789170015
2022-03-08,17,AR1 alpha + Enhanced + One-Step,NASDAQ:INTU,0.09999881870394897
2022-03-09,17,AR1 alpha + Enhanced + One-Step,NASDAQ:INTU,0.09999776055524474
2022-03-10,17,AR1 alpha + Enhanced + One-Step,NASDAQ:INTU,0.09999846638814892
2022-03-11,17,AR1 alpha + Enhanced + One-Step,NASDAQ:INTU,0.09999799964341659
2022-03-14,17,AR1 alpha + Enhanced + One-Step,NASDAQ:INTU,0.09999682058936481
2022-03-15,17,AR1 alpha + Enhanced + One-Step,NASDAQ:INTU,0.09999585006350627
2022-03-16,17,AR1 alpha + Enhanced + One-Step,NASDAQ:INTU,0.09999695215340879
2022-03-17,17,AR1 alpha + Enhanced + One-Step,NASDAQ:INTU,0.09999788156808234
2022-03-18,17,AR1 alpha + Enhanced + One-Step,NASDAQ:INTU,0.09999839398419973
2022-03-21,17,AR1 alpha + Enhanced + One-Step,NASDAQ:INTU,0.09999901434748242
2022-03-22,17,AR1 alpha + Enhanced + One-Step,NASDAQ:INTU,0.09461993731802397
2022-03-23,17,AR1 alpha + Enhanced + One-Step,NASDAQ:INTU,0.09461995745225768
2022-03-24,17,AR1 alpha + Enhanced + One-Step,NASDAQ:INTU,0.09461954092936432
2022-03-25,17,AR1 alpha + Enhanced + One-Step,NASDAQ:INTU,0.0946173985301256
2022-03-28,17,AR1 alpha + Enhanced + One-Step,NASDAQ:INTU,0.08033711082335823
2022-03-29,17,AR1 alpha + Enhanced + One-Step,NASDAQ:INTU,0.08033456159651194
2022-03-30,17,AR1 alpha + Enhanced + One-Step,NASDAQ:INTU,0.08016591750654098
2022-03-31,17,AR1 alpha + Enhanced + One-Step,NASDAQ:INTU,0.06546582909349562
2022-04-01,17,AR1 alpha + Enhanced + One-Step,NASDAQ:INTU,0.06545835950539504
2022-04-04,17,AR1 alpha + Enhanced + One-Step,NASDAQ:INTU,0.04069867908451793
2022-04-05,17,AR1 alpha + Enhanced + One-Step,NASDAQ:INTU,0.040698687394935276
2022-04-06,17,AR1 alpha + Enhanced + One-Step,NASDAQ:INTU,0.04069664074148986
2022-04-07,17,AR1 alpha + Enhanced + One-Step,NASDAQ:INTU,0.04069661739587117
2022-04-08,17,AR1 alpha + Enhanced + One-Step,NASDAQ:INTU,0.040696645497777684
2022-04-11,17,AR1 alpha + Enhanced + One-Step,NASDAQ:INTU,0.04080092175360511
2022-04-12,17,AR1 alpha + Enhanced + One-Step,NASDAQ:INTU,0.05493584759539105
2022-04-13,17,AR1 alpha + Enhanced + One-Step,NASDAQ:INTU,0.056470383070160744
2022-04-14,17,AR1 alpha + Enhanced + One-Step,NASDAQ:INTU,0.060021765087604206
2022-04-18,17,AR1 alpha + Enhanced + One-Step,NASDAQ:INTU,0.06383930234045107
2022-04-19,17,AR1 alpha + Enhanced + One-Step,NASDAQ:INTU,0.06381391387583069
2022-04-20,17,AR1 alpha + Enhanced + One-Step,NASDAQ:INTU,0.0638137651867462
2022-04-21,17,AR1 alpha + Enhanced + One-Step,NASDAQ:INTU,0.06381240938316275
2022-04-22,17,AR1 alpha + Enhanced + One-Step,NASDAQ:INTU,0.06381130504495314
2022-04-25,17,AR1 alpha + Enhanced + One-Step,NASDAQ:INTU,0.06381067125856477
2022-04-26,17,AR1 alpha + Enhanced + One-Step,NASDAQ:INTU,0.06381081827859424
2022-04-27,17,AR1 alpha + Enhanced + One-Step,NASDAQ:INTU,0.08877472131085627
2022-04-28,17,AR1 alpha + Enhanced + One-Step,NASDAQ:INTU,0.0887716685148102
2022-04-29,17,AR1 alpha + Enhanced + One-Step,NASDAQ:INTU,0.09999826564607542
2022-05-02,17,AR1 alpha + Enhanced + One-Step,NASDAQ:INTU,0.09999315271244598
2022-05-03,17,AR1 alpha + Enhanced + One-Step,NASDAQ:INTU,0.09999286114866414
2022-05-04,17,AR1 alpha + Enhanced + One-Step,NASDAQ:INTU,0.09999612643892178
2022-05-05,17,AR1 alpha + Enhanced + One-Step,NASDAQ:INTU,0.09999648800883768
2022-05-06,17,AR1 alpha + Enhanced + One-Step,NASDAQ:INTU,0.09999603331343011
2022-05-09,17,AR1 alpha + Enhanced + One-Step,NASDAQ:INTU,0.0999973010736885
2022-05-10,17,AR1 alpha + Enhanced + One-Step,NASDAQ:INTU,0.09999093495125952
2022-05-11,17,AR1 alpha + Enhanced + One-Step,NASDAQ:INTU,0.09999059514267092
2022-05-12,17,AR1 alpha + Enhanced + One-Step,NASDAQ:INTU,0.09998650299277252
2022-05-13,17,AR1 alpha + Enhanced + One-Step,NASDAQ:INTU,0.09998310193408745
2022-05-16,17,AR1 alpha + Enhanced + One-Step,NASDAQ:INTU,0.09998057562091345
2022-05-17,17,AR1 alpha + Enhanced + One-Step,NASDAQ:INTU,0.0794466346065652
2022-05-18,17,AR1 alpha + Enhanced + One-Step,NASDAQ:INTU,0.07876102439403797
2022-05-19,17,AR1 alpha + Enhanced + One-Step,NASDAQ:INTU,0.057399685077879146
2022-05-20,17,AR1 alpha + Enhanced + One-Step,NASDAQ:INTU,0.03239373187328029
2022-05-23,17,AR1 alpha + Enhanced + One-Step,NASDAQ:INTU,0.007394422669187629
2022-05-24,17,AR1 alpha + Enhanced + One-Step,NASDAQ:INTU,0.0
2022-05-25,17,AR1 alpha + Enhanced + One-Step,NASDAQ:INTU,0.0
2022-05-26,17,AR1 alpha + Enhanced + One-Step,NASDAQ:INTU,0.0
2022-05-27,17,AR1 alpha + Enhanced + One-Step,NASDAQ:INTU,8.522629790538585e-07
2022-05-31,17,AR1 alpha + Enhanced + One-Step,NASDAQ:INTU,2.9278220320063484e-07
2022-06-01,17,AR1 alpha + Enhanced + One-Step,NASDAQ:INTU,6.142898779466362e-07
2022-06-02,17,AR1 alpha + Enhanced + One-Step,NASDAQ:INTU,5.258597681749954e-07
2022-06-03,17,AR1 alpha + Enhanced + One-Step,NASDAQ:INTU,0.0
2022-06-06,17,AR1 alpha + Enhanced + One-Step,NASDAQ:INTU,0.0
2022-06-07,17,AR1 alpha + Enhanced + One-Step,NASDAQ:INTU,0.0
2022-06-08,17,AR1 alpha + Enhanced + One-Step,NASDAQ:INTU,0.0
2022-06-09,17,AR1 alpha + Enhanced + One-Step,NASDAQ:INTU,0.0
2022-06-10,17,AR1 alpha + Enhanced + One-Step,NASDAQ:INTU,0.0
2022-06-13,17,AR1 alpha + Enhanced + One-Step,NASDAQ:INTU,0.0
2022-06-14,17,AR1 alpha + Enhanced + One-Step,NASDAQ:INTU,6.436187805723226e-07
2022-06-15,17,AR1 alpha + Enhanced + One-Step,NASDAQ:INTU,2.468362446380459e-07
2022-06-16,17,AR1 alpha + Enhanced + One-Step,NASDAQ:INTU,0.0
2022-06-17,17,AR1 alpha + Enhanced + One-Step,NASDAQ:INTU,0.0
2022-06-21,17,AR1 alpha + Enhanced + One-Step,NASDAQ:INTU,0.0
2022-06-22,17,AR1 alpha + Enhanced + One-Step,NASDAQ:INTU,0.0
2022-06-23,17,AR1 alpha + Enhanced + One-Step,NASDAQ:INTU,0.0
2022-06-24,17,AR1 alpha + Enhanced + One-Step,NASDAQ:INTU,0.0
2022-06-27,17,AR1 alpha + Enhanced + One-Step,NASDAQ:INTU,1.4348747470892022e-07
2022-06-28,17,AR1 alpha + Enhanced + One-Step,NASDAQ:INTU,5.392936917684586e-08
2022-06-29,17,AR1 alpha + Enhanced + One-Step,NASDAQ:INTU,0.0
2022-06-30,17,AR1 alpha + Enhanced + One-Step,NASDAQ:INTU,6.000291982412065e-08
2022-07-01,17,AR1 alpha + Enhanced + One-Step,NASDAQ:INTU,0.0
2022-07-05,17,AR1 alpha + Enhanced + One-Step,NASDAQ:INTU,0.0
2022-07-06,17,AR1 alpha + Enhanced + One-Step,NASDAQ:INTU,0.0
2022-07-07,17,AR1 alpha + Enhanced + One-Step,NASDAQ:INTU,0.0
2022-07-08,17,AR1 alpha + Enhanced + One-Step,NASDAQ:INTU,0.0
2022-07-11,17,AR1 alpha + Enhanced + One-Step,NASDAQ:INTU,0.0
2022-07-12,17,AR1 alpha + Enhanced + One-Step,NASDAQ:INTU,0.0
2022-07-13,17,AR1 alpha + Enhanced + One-Step,NASDAQ:INTU,0.0
2022-07-14,17,AR1 alpha + Enhanced + One-Step,NASDAQ:INTU,0.0
2022-07-15,17,AR1 alpha + Enhanced + One-Step,NASDAQ:INTU,0.0
2022-07-18,17,AR1 alpha + Enhanced + One-Step,NASDAQ:INTU,0.0
2022-07-19,17,AR1 alpha + Enhanced + One-Step,NASDAQ:INTU,0.0
2022-07-20,17,AR1 alpha + Enhanced + One-Step,NASDAQ:INTU,0.0
2022-07-21,17,AR1 alpha + Enhanced + One-Step,NASDAQ:INTU,0.0
2022-07-22,17,AR1 alpha + Enhanced + One-Step,NASDAQ:INTU,0.0
2022-07-25,17,AR1 alpha + Enhanced + One-Step,NASDAQ:INTU,3.5199721669250363e-07
2022-07-26,17,AR1 alpha + Enhanced + One-Step,NASDAQ:INTU,2.459242168217835e-08
2022-07-27,17,AR1 alpha + Enhanced + One-Step,NASDAQ:INTU,1.0685170999441694e-08
2022-07-28,17,AR1 alpha + Enhanced + One-Step,NASDAQ:INTU,2.9873245463062504e-08
2022-07-29,17,AR1 alpha + Enhanced + One-Step,NASDAQ:INTU,0.0
2022-08-01,17,AR1 alpha + Enhanced + One-Step,NASDAQ:INTU,2.287019567684079e-10
2022-08-02,17,AR1 alpha + Enhanced + One-Step,NASDAQ:INTU,0.0
2022-08-03,17,AR1 alpha + Enhanced + One-Step,NASDAQ:INTU,0.0
2022-08-04,17,AR1 alpha + Enhanced + One-Step,NASDAQ:INTU,1.4629482924673105e-07
2022-08-05,17,AR1 alpha + Enhanced + One-Step,NASDAQ:INTU,0.0
2022-08-08,17,AR1 alpha + Enhanced + One-Step,NASDAQ:INTU,0.0
2022-08-09,17,AR1 alpha + Enhanced + One-Step,NASDAQ:INTU,4.3462459978026443e-07
2022-08-10,17,AR1 alpha + Enhanced + One-Step,NASDAQ:INTU,0.0
2022-08-11,17,AR1 alpha + Enhanced + One-Step,NASDAQ:INTU,0.0
2022-08-12,17,AR1 alpha + Enhanced + One-Step,NASDAQ:INTU,5.538610333150458e-09
2022-08-15,17,AR1 alpha + Enhanced + One-Step,NASDAQ:INTU,0.0
2022-08-16,17,AR1 alpha + Enhanced + One-Step,NASDAQ:INTU,4.02840380171034e-08
2022-08-17,17,AR1 alpha + Enhanced + One-Step,NASDAQ:INTU,5.620071642028721e-07
2022-08-18,17,AR1 alpha + Enhanced + One-Step,NASDAQ:INTU,0.0
2022-08-19,17,AR1 alpha + Enhanced + One-Step,NASDAQ:INTU,0.0
2022-08-22,17,AR1 alpha + Enhanced + One-Step,NASDAQ:INTU,3.4490439525954056e-07
2022-08-23,17,AR1 alpha + Enhanced + One-Step,NASDAQ:INTU,4.1602884752193487e-07
2022-08-24,17,AR1 alpha + Enhanced + One-Step,NASDAQ:INTU,0.0
2022-08-25,17,AR1 alpha + Enhanced + One-Step,NASDAQ:INTU,0.0
2022-08-26,17,AR1 alpha + Enhanced + One-Step,NASDAQ:INTU,0.0
2022-08-29,17,AR1 alpha + Enhanced + One-Step,NASDAQ:INTU,4.074363991070497e-08
2022-08-30,17,AR1 alpha + Enhanced + One-Step,NASDAQ:INTU,0.0
2022-08-31,17,AR1 alpha + Enhanced + One-Step,NASDAQ:INTU,0.0
2022-09-01,17,AR1 alpha + Enhanced + One-Step,NASDAQ:INTU,1.429746954217831e-07
2022-09-02,17,AR1 alpha + Enhanced + One-Step,NASDAQ:INTU,8.132121231244975e-08
2022-09-06,17,AR1 alpha + Enhanced + One-Step,NASDAQ:INTU,5.7761889189466896e-08
2022-09-07,17,AR1 alpha + Enhanced + One-Step,NASDAQ:INTU,3.605568776576743e-08
2022-09-08,17,AR1 alpha + Enhanced + One-Step,NASDAQ:INTU,9.223282870949184e-08
2022-09-09,17,AR1 alpha + Enhanced + One-Step,NASDAQ:INTU,0.0
2022-09-12,17,AR1 alpha + Enhanced + One-Step,NASDAQ:INTU,0.0
2022-09-13,17,AR1 alpha + Enhanced + One-Step,NASDAQ:INTU,4.2516807487043265e-10
2022-09-14,17,AR1 alpha + Enhanced + One-Step,NASDAQ:INTU,0.0
2022-09-15,17,AR1 alpha + Enhanced + One-Step,NASDAQ:INTU,0.0
2022-09-16,17,AR1 alpha + Enhanced + One-Step,NASDAQ:INTU,5.6099163349005004e-08
2022-09-19,17,AR1 alpha + Enhanced + One-Step,NASDAQ:INTU,0.0
2022-09-20,17,AR1 alpha + Enhanced + One-Step,NASDAQ:INTU,1.0407046132576126e-07
2022-09-21,17,AR1 alpha + Enhanced + One-Step,NASDAQ:INTU,0.0
2022-09-22,17,AR1 alpha + Enhanced + One-Step,NASDAQ:INTU,0.0
2022-09-23,17,AR1 alpha + Enhanced + One-Step,NASDAQ:INTU,0.0
2022-09-26,17,AR1 alpha + Enhanced + One-Step,NASDAQ:INTU,0.0
2022-09-27,17,AR1 alpha + Enhanced + One-Step,NASDAQ:INTU,0.0
2022-09-28,17,AR1 alpha + Enhanced + One-Step,NASDAQ:INTU,0.0
2022-09-29,17,AR1 alpha + Enhanced + One-Step,NASDAQ:INTU,2.4478931778115096e-07
2022-09-30,17,AR1 alpha + Enhanced + One-Step,NASDAQ:INTU,8.264679389061413e-08
2022-10-03,17,AR1 alpha + Enhanced + One-Step,NASDAQ:INTU,5.2751416342897625e-08
2022-10-04,17,AR1 alpha + Enhanced + One-Step,NASDAQ:INTU,1.6037820030561574e-08
2022-10-05,17,AR1 alpha + Enhanced + One-Step,NASDAQ:INTU,0.0
2022-10-06,17,AR1 alpha + Enhanced + One-Step,NASDAQ:INTU,0.0
2022-10-07,17,AR1 alpha + Enhanced + One-Step,NASDAQ:INTU,5.295418417443552e-08
2022-10-10,17,AR1 alpha + Enhanced + One-Step,NASDAQ:INTU,0.0
2022-10-11,17,AR1 alpha + Enhanced + One-Step,NASDAQ:INTU,0.0
2022-10-12,17,AR1 alpha + Enhanced + One-Step,NASDAQ:INTU,0.0
2022-10-13,17,AR1 alpha + Enhanced + One-Step,NASDAQ:INTU,1.0347880569044466e-06
2022-10-14,17,AR1 alpha + Enhanced + One-Step,NASDAQ:INTU,4.535986681531313e-07
2022-10-17,17,AR1 alpha + Enhanced + One-Step,NASDAQ:INTU,1.5079432363770792e-07
2022-10-18,17,AR1 alpha + Enhanced + One-Step,NASDAQ:INTU,6.913098734181656e-08
2022-10-19,17,AR1 alpha + Enhanced + One-Step,NASDAQ:INTU,3.989021857885998e-08
2022-10-20,17,AR1 alpha + Enhanced + One-Step,NASDAQ:INTU,0.0
2022-10-21,17,AR1 alpha + Enhanced + One-Step,NASDAQ:INTU,2.8204730449089222e-08
2022-10-24,17,AR1 alpha + Enhanced + One-Step,NASDAQ:INTU,0.0
2022-10-25,17,AR1 alpha + Enhanced + One-Step,NASDAQ:INTU,6.863624306749298e-09
2022-10-26,17,AR1 alpha + Enhanced + One-Step,NASDAQ:INTU,3.765732651642466e-08
2022-10-27,17,AR1 alpha + Enhanced + One-Step,NASDAQ:INTU,0.0
2022-10-28,17,AR1 alpha + Enhanced + One-Step,NASDAQ:INTU,0.0
2022-10-31,17,AR1 alpha + Enhanced + One-Step,NASDAQ:INTU,0.0
2022-11-01,17,AR1 alpha + Enhanced + One-Step,NASDAQ:INTU,0.0
2022-11-02,17,AR1 alpha + Enhanced + One-Step,NASDAQ:INTU,4.227447335040269e-08
2022-11-03,17,AR1 alpha + Enhanced + One-Step,NASDAQ:INTU,1.201570044231621e-06
2022-11-04,17,AR1 alpha + Enhanced + One-Step,NASDAQ:INTU,3.830797636555022e-07
2022-11-07,17,AR1 alpha + Enhanced + One-Step,NASDAQ:INTU,0.0
2022-11-08,17,AR1 alpha + Enhanced + One-Step,NASDAQ:INTU,5.840041244520259e-08
2022-11-09,17,AR1 alpha + Enhanced + One-Step,NASDAQ:INTU,0.0
2022-11-10,17,AR1 alpha + Enhanced + One-Step,NASDAQ:INTU,1.5541964431880024e-08
2022-11-11,17,AR1 alpha + Enhanced + One-Step,NASDAQ:INTU,0.0
2022-11-14,17,AR1 alpha + Enhanced + One-Step,NASDAQ:INTU,0.0
2022-11-15,17,AR1 alpha + Enhanced + One-Step,NASDAQ:INTU,1.1135011793286161e-08
2022-11-16,17,AR1 alpha + Enhanced + One-Step,NASDAQ:INTU,0.0
2022-11-17,17,AR1 alpha + Enhanced + One-Step,NASDAQ:INTU,0.0
2022-11-18,17,AR1 alpha + Enhanced + One-Step,NASDAQ:INTU,2.6118760340944995e-08
2022-11-21,17,AR1 alpha + Enhanced + One-Step,NASDAQ:INTU,0.0
2022-11-22,17,AR1 alpha + Enhanced + One-Step,NASDAQ:INTU,0.0
2022-11-23,17,AR1 alpha + Enhanced + One-Step,NASDAQ:INTU,2.594019101325968e-07
2022-11-25,17,AR1 alpha + Enhanced + One-Step,NASDAQ:INTU,2.5265141112625567e-07
2022-11-28,17,AR1 alpha + Enhanced + One-Step,NASDAQ:INTU,1.7182207157211849e-07
2022-11-29,17,AR1 alpha + Enhanced + One-Step,NASDAQ:INTU,1.0249202056401359e-07
2022-11-30,17,AR1 alpha + Enhanced + One-Step,NASDAQ:INTU,5.7051515119204457e-08
2022-12-01,17,AR1 alpha + Enhanced + One-Step,NASDAQ:INTU,0.0
2022-12-02,17,AR1 alpha + Enhanced + One-Step,NASDAQ:INTU,2.6675555283186637e-08
2022-12-05,17,AR1 alpha + Enhanced + One-Step,NASDAQ:INTU,0.0
2022-12-06,17,AR1 alpha + Enhanced + One-Step,NASDAQ:INTU,0.0
2022-12-07,17,AR1 alpha + Enhanced + One-Step,NASDAQ:INTU,0.0
2022-12-08,17,AR1 alpha + Enhanced + One-Step,NASDAQ:INTU,0.0
2022-12-09,17,AR1 alpha + Enhanced + One-Step,NASDAQ:INTU,0.0
2022-12-12,17,AR1 alpha + Enhanced + One-Step,NASDAQ:INTU,0.0
2022-12-13,17,AR1 alpha + Enhanced + One-Step,NASDAQ:INTU,0.0
2022-12-14,17,AR1 alpha + Enhanced + One-Step,NASDAQ:INTU,0.0
2022-12-15,17,AR1 alpha + Enhanced + One-Step,NASDAQ:INTU,0.0
2022-12-16,17,AR1 alpha + Enhanced + One-Step,NASDAQ:INTU,0.0
2022-12-19,17,AR1 alpha + Enhanced + One-Step,NASDAQ:INTU,0.0
2022-12-20,17,AR1 alpha + Enhanced + One-Step,NASDAQ:INTU,0.0
2022-12-21,17,AR1 alpha + Enhanced + One-Step,NASDAQ:INTU,0.0
2022-12-22,17,AR1 alpha + Enhanced + One-Step,NASDAQ:INTU,0.0
2022-12-23,17,AR1 alpha + Enhanced + One-Step,NASDAQ:INTU,1.960324508675243e-08
2022-12-27,17,AR1 alpha + Enhanced + One-Step,NASDAQ:INTU,1.899685360772281e-08
2022-12-28,17,AR1 alpha + Enhanced + One-Step,NASDAQ:INTU,0.0
2022-12-29,17,AR1 alpha + Enhanced + One-Step,NASDAQ:INTU,0.0
2022-12-30,17,AR1 alpha + Enhanced + One-Step,NASDAQ:INTU,0.0
2023-01-03,17,AR1 alpha + Enhanced + One-Step,NASDAQ:INTU,2.026579920594961e-09
2023-01-04,17,AR1 alpha + Enhanced + One-Step,NASDAQ:INTU,0.0
2023-01-05,17,AR1 alpha + Enhanced + One-Step,NASDAQ:INTU,3.157819241646816e-07
2023-01-06,17,AR1 alpha + Enhanced + One-Step,NASDAQ:INTU,1.2785148871692725e-07
2023-01-09,17,AR1 alpha + Enhanced + One-Step,NASDAQ:INTU,0.0
2023-01-10,17,AR1 alpha + Enhanced + One-Step,NASDAQ:INTU,4.527859578593487e-07
2023-01-11,17,AR1 alpha + Enhanced + One-Step,NASDAQ:INTU,0.0
2023-01-12,17,AR1 alpha + Enhanced + One-Step,NASDAQ:INTU,0.0
2023-01-13,17,AR1 alpha + Enhanced + One-Step,NASDAQ:INTU,0.0
2023-01-17,17,AR1 alpha + Enhanced + One-Step,NASDAQ:INTU,0.0
2023-01-18,17,AR1 alpha + Enhanced + One-Step,NASDAQ:INTU,2.904459174643493e-07
2023-01-19,17,AR1 alpha + Enhanced + One-Step,NASDAQ:INTU,0.0
2023-01-20,17,AR1 alpha + Enhanced + One-Step,NASDAQ:INTU,0.0
2023-01-23,17,AR1 alpha + Enhanced + One-Step,NASDAQ:INTU,0.0
2023-01-24,17,AR1 alpha + Enhanced + One-Step,NASDAQ:INTU,1.3827662186119592e-09
2023-01-25,17,AR1 alpha + Enhanced + One-Step,NASDAQ:INTU,1.235852525362188e-08
2023-01-26,17,AR1 alpha + Enhanced + One-Step,NASDAQ:INTU,4.995137622625214e-10
2023-01-27,17,AR1 alpha + Enhanced + One-Step,NASDAQ:INTU,0.0
2023-01-30,17,AR1 alpha + Enhanced + One-Step,NASDAQ:INTU,7.485121779345105e-08
2023-01-31,17,AR1 alpha + Enhanced + One-Step,NASDAQ:INTU,0.0
2023-02-01,17,AR1 alpha + Enhanced + One-Step,NASDAQ:INTU,0.0
2023-02-02,17,AR1 alpha + Enhanced + One-Step,NASDAQ:INTU,8.135074327066753e-07
2023-02-03,17,AR1 alpha + Enhanced + One-Step,NASDAQ:INTU,4.229031166556336e-07
2023-02-06,17,AR1 alpha + Enhanced + One-Step,NASDAQ:INTU,6.358047113590158e-07
2023-02-07,17,AR1 alpha + Enhanced + One-Step,NASDAQ:INTU,1.6892560870212456e-06
2023-02-08,17,AR1 alpha + Enhanced + One-Step,NASDAQ:INTU,6.436022487071773e-07
2023-02-09,17,AR1 alpha + Enhanced + One-Step,NASDAQ:INTU,2.5580000391075535e-07
2023-02-10,17,AR1 alpha + Enhanced + One-Step,NASDAQ:INTU,0.0
2023-02-13,17,AR1 alpha + Enhanced + One-Step,NASDAQ:INTU,3.988485004557546e-08
2023-02-14,17,AR1 alpha + Enhanced + One-Step,NASDAQ:INTU,8.207878259432172e-07
2023-02-15,17,AR1 alpha + Enhanced + One-Step,NASDAQ:INTU,4.5686487961486703e-07
2023-02-16,17,AR1 alpha + Enhanced + One-Step,NASDAQ:INTU,0.0
2023-02-17,17,AR1 alpha + Enhanced + One-Step,NASDAQ:INTU,0.0
2023-02-21,17,AR1 alpha + Enhanced + One-Step,NASDAQ:INTU,0.0
2023-02-22,17,AR1 alpha + Enhanced + One-Step,NASDAQ:INTU,0.0
2023-02-23,17,AR1 alpha + Enhanced + One-Step,NASDAQ:INTU,0.0
2023-02-24,17,AR1 alpha + Enhanced + One-Step,NASDAQ:INTU,1.2671283058471138e-06
2023-02-27,17,AR1 alpha + Enhanced + One-Step,NASDAQ:INTU,7.465461645834032e-07
2023-02-28,17,AR1 alpha + Enhanced + One-Step,NASDAQ:INTU,9.390369077685303e-07
2023-03-01,17,AR1 alpha + Enhanced + One-Step,NASDAQ:INTU,3.982789296751843e-07
2023-03-02,17,AR1 alpha + Enhanced + One-Step,NASDAQ:INTU,0.0
2023-03-03,17,AR1 alpha + Enhanced + One-Step,NASDAQ:INTU,0.0
2023-03-06,17,AR1 alpha + Enhanced + One-Step,NASDAQ:INTU,0.0
2023-03-07,17,AR1 alpha + Enhanced + One-Step,NASDAQ:INTU,0.0
2023-03-08,17,AR1 alpha + Enhanced + One-Step,NASDAQ:INTU,0.0
2023-03-09,17,AR1 alpha + Enhanced + One-Step,NASDAQ:INTU,0.0
2023-03-10,17,AR1 alpha + Enhanced + One-Step,NASDAQ:INTU,0.0
2023-03-13,17,AR1 alpha + Enhanced + One-Step,NASDAQ:INTU,0.0
2023-03-14,17,AR1 alpha + Enhanced + One-Step,NASDAQ:INTU,3.86134987300708e-09
2023-03-15,17,AR1 alpha + Enhanced + One-Step,NASDAQ:INTU,0.0
2023-03-16,17,AR1 alpha + Enhanced + One-Step,NASDAQ:INTU,7.21952224307648e-09
2023-03-17,17,AR1 alpha + Enhanced + One-Step,NASDAQ:INTU,0.0
2023-03-20,17,AR1 alpha + Enhanced + One-Step,NASDAQ:INTU,0.0
2023-03-21,17,AR1 alpha + Enhanced + One-Step,NASDAQ:INTU,0.0
2023-03-22,17,AR1 alpha + Enhanced + One-Step,NASDAQ:INTU,0.0
2023-03-23,17,AR1 alpha + Enhanced + One-Step,NASDAQ:INTU,0.0
2023-03-24,17,AR1 alpha + Enhanced + One-Step,NASDAQ:INTU,2.9699941228624334e-09
2023-03-27,17,AR1 alpha + Enhanced + One-Step,NASDAQ:INTU,0.0
2023-03-28,17,AR1 alpha + Enhanced + One-Step,NASDAQ:INTU,0.0
2023-03-29,17,AR1 alpha + Enhanced + One-Step,NASDAQ:INTU,7.126237217401939e-09
2023-03-30,17,AR1 alpha + Enhanced + One-Step,NASDAQ:INTU,1.8608157158052904e-08
2023-03-31,17,AR1 alpha + Enhanced + One-Step,NASDAQ:INTU,1.055399181950485e-07
2023-04-03,17,AR1 alpha + Enhanced + One-Step,NASDAQ:INTU,0.0
2023-04-04,17,AR1 alpha + Enhanced + One-Step,NASDAQ:INTU,0.0
2023-04-05,17,AR1 alpha + Enhanced + One-Step,NASDAQ:INTU,0.0
2023-04-06,17,AR1 alpha + Enhanced + One-Step,NASDAQ:INTU,8.422502146704687e-08
2023-04-10,17,AR1 alpha + Enhanced + One-Step,NASDAQ:INTU,5.51903886811311e-07
2023-04-11,17,AR1 alpha + Enhanced + One-Step,NASDAQ:INTU,0.0
2023-04-12,17,AR1 alpha + Enhanced + One-Step,NASDAQ:INTU,0.0
2023-04-13,17,AR1 alpha + Enhanced + One-Step,NASDAQ:INTU,0.0
2023-04-14,17,AR1 alpha + Enhanced + One-Step,NASDAQ:INTU,5.873911547850099e-08
2023-04-17,17,AR1 alpha + Enhanced + One-Step,NASDAQ:INTU,9.458902207747347e-08
2023-04-18,17,AR1 alpha + Enhanced + One-Step,NASDAQ:INTU,1.888065968510281e-08
2023-04-19,17,AR1 alpha + Enhanced + One-Step,NASDAQ:INTU,0.0
2023-04-20,17,AR1 alpha + Enhanced + One-Step,NASDAQ:INTU,1.4507806012777333e-08
2023-04-21,17,AR1 alpha + Enhanced + One-Step,NASDAQ:INTU,0.0
2023-04-24,17,AR1 alpha + Enhanced + One-Step,NASDAQ:INTU,0.0
2023-04-25,17,AR1 alpha + Enhanced + One-Step,NASDAQ:INTU,0.0
2023-04-26,17,AR1 alpha + Enhanced + One-Step,NASDAQ:INTU,0.0
2023-04-27,17,AR1 alpha + Enhanced + One-Step,NASDAQ:INTU,0.0
2023-04-28,17,AR1 alpha + Enhanced + One-Step,NASDAQ:INTU,3.4321776534946724e-08
2023-05-01,17,AR1 alpha + Enhanced + One-Step,NASDAQ:INTU,0.0
2023-05-02,17,AR1 alpha + Enhanced + One-Step,NASDAQ:INTU,8.358097843394469e-08
2023-05-03,17,AR1 alpha + Enhanced + One-Step,NASDAQ:INTU,0.0
2023-05-04,17,AR1 alpha + Enhanced + One-Step,NASDAQ:INTU,0.0
2023-05-05,17,AR1 alpha + Enhanced + One-Step,NASDAQ:INTU,0.0
2023-05-08,17,AR1 alpha + Enhanced + One-Step,NASDAQ:INTU,0.0
2023-05-09,17,AR1 alpha + Enhanced + One-Step,NASDAQ:INTU,0.0
2023-05-10,17,AR1 alpha + Enhanced + One-Step,NASDAQ:INTU,1.3923408472367062e-07
2023-05-11,17,AR1 alpha + Enhanced + One-Step,NASDAQ:INTU,3.624649657705276e-08
2023-05-12,17,AR1 alpha + Enhanced + One-Step,NASDAQ:INTU,1.2503308477816932e-07
2023-05-15,17,AR1 alpha + Enhanced + One-Step,NASDAQ:INTU,0.0
2023-05-16,17,AR1 alpha + Enhanced + One-Step,NASDAQ:INTU,6.171413923982225e-08
2023-05-17,17,AR1 alpha + Enhanced + One-Step,NASDAQ:INTU,0.0
2023-05-18,17,AR1 alpha + Enhanced + One-Step,NASDAQ:INTU,0.0057364618497043355
2023-05-19,17,AR1 alpha + Enhanced + One-Step,NASDAQ:INTU,0.0057365199188692964
2023-05-22,17,AR1 alpha + Enhanced + One-Step,NASDAQ:INTU,0.017367807072993267
2023-05-23,17,AR1 alpha + Enhanced + One-Step,NASDAQ:INTU,0.01736669639353359
2023-05-24,17,AR1 alpha + Enhanced + One-Step,NASDAQ:INTU,1.1061750151282368e-07
2023-05-25,17,AR1 alpha + Enhanced + One-Step,NASDAQ:INTU,0.0
2023-05-26,17,AR1 alpha + Enhanced + One-Step,NASDAQ:INTU,1.254000441779149e-07
2023-05-30,17,AR1 alpha + Enhanced + One-Step,NASDAQ:INTU,1.2989552888069514e-07
2023-05-31,17,AR1 alpha + Enhanced + One-Step,NASDAQ:INTU,0.0
2023-06-01,17,AR1 alpha + Enhanced + One-Step,NASDAQ:INTU,0.0
2023-06-02,17,AR1 alpha + Enhanced + One-Step,NASDAQ:INTU,0.0
2023-06-05,17,AR1 alpha + Enhanced + One-Step,NASDAQ:INTU,0.003393411374526922
2023-06-06,17,AR1 alpha + Enhanced + One-Step,NASDAQ:INTU,0.01265273655622256
2023-06-07,17,AR1 alpha + Enhanced + One-Step,NASDAQ:INTU,0.012652536879480975
2023-06-08,17,AR1 alpha + Enhanced + One-Step,NASDAQ:INTU,0.012652214471058696
2023-06-09,17,AR1 alpha + Enhanced + One-Step,NASDAQ:INTU,0.012531328925998583
2023-06-12,17,AR1 alpha + Enhanced + One-Step,NASDAQ:INTU,0.012531148595907683
2023-06-13,17,AR1 alpha + Enhanced + One-Step,NASDAQ:INTU,0.012531091736125802
2023-06-14,17,AR1 alpha + Enhanced + One-Step,NASDAQ:INTU,0.002008370063106368
2023-06-15,17,AR1 alpha + Enhanced + One-Step,NASDAQ:INTU,0.002008204411056744
2023-06-16,17,AR1 alpha + Enhanced + One-Step,NASDAQ:INTU,0.0020080616848921866
2023-06-20,17,AR1 alpha + Enhanced + One-Step,NASDAQ:INTU,0.0
2023-06-21,17,AR1 alpha + Enhanced + One-Step,NASDAQ:INTU,0.0
2023-06-22,17,AR1 alpha + Enhanced + One-Step,NASDAQ:INTU,1.0800744411112967e-07
2023-06-23,17,AR1 alpha + Enhanced + One-Step,NASDAQ:INTU,0.0
2023-06-26,17,AR1 alpha + Enhanced + One-Step,NASDAQ:INTU,0.0
2023-06-27,17,AR1 alpha + Enhanced + One-Step,NASDAQ:INTU,1.817624673989788e-07
2023-06-28,17,AR1 alpha + Enhanced + One-Step,NASDAQ:INTU,0.0
2023-06-29,17,AR1 alpha + Enhanced + One-Step,NASDAQ:INTU,0.0
2023-06-30,17,AR1 alpha + Enhanced + One-Step,NASDAQ:INTU,0.0
2023-07-03,17,AR1 alpha + Enhanced + One-Step,NASDAQ:INTU,0.0
2023-07-05,17,AR1 alpha + Enhanced + One-Step,NASDAQ:INTU,1.333594528521606e-07
2023-07-06,17,AR1 alpha + Enhanced + One-Step,NASDAQ:INTU,2.057869844231206e-08
2023-07-07,17,AR1 alpha + Enhanced + One-Step,NASDAQ:INTU,0.0
2023-07-10,17,AR1 alpha + Enhanced + One-Step,NASDAQ:INTU,7.712344395600702e-08
2023-07-11,17,AR1 alpha + Enhanced + One-Step,NASDAQ:INTU,0.0
2023-07-12,17,AR1 alpha + Enhanced + One-Step,NASDAQ:INTU,1.0130103590317295e-07
2023-07-13,17,AR1 alpha + Enhanced + One-Step,NASDAQ:INTU,6.246083935545308e-05
2023-07-14,17,AR1 alpha + Enhanced + One-Step,NASDAQ:INTU,0.003947312975370006
2023-07-17,17,AR1 alpha + Enhanced + One-Step,NASDAQ:INTU,0.019419657287581278
2023-07-18,17,AR1 alpha + Enhanced + One-Step,NASDAQ:INTU,0.019936362906879782
2023-07-19,17,AR1 alpha + Enhanced + One-Step,NASDAQ:INTU,0.025559797186711763
2023-07-20,17,AR1 alpha + Enhanced + One-Step,NASDAQ:INTU,0.025559339755477695
2023-07-21,17,AR1 alpha + Enhanced + One-Step,NASDAQ:INTU,0.018830421168077326
2023-07-24,17,AR1 alpha + Enhanced + One-Step,NASDAQ:INTU,0.0
2023-07-25,17,AR1 alpha + Enhanced + One-Step,NASDAQ:INTU,1.9866361971506032e-07
2023-07-26,17,AR1 alpha + Enhanced + One-Step,NASDAQ:INTU,0.0
2023-07-27,17,AR1 alpha + Enhanced + One-Step,NASDAQ:INTU,0.0
2023-08-01,17,AR1 alpha + Enhanced + One-Step,NASDAQ:INTU,0.0
2023-08-02,17,AR1 alpha + Enhanced + One-Step,NASDAQ:INTU,0.0
2023-08-03,17,AR1 alpha + Enhanced + One-Step,NASDAQ:INTU,5.101998514467471e-08
2023-08-04,17,AR1 alpha + Enhanced + One-Step,NASDAQ:INTU,2.29639663515233e-06
2023-08-07,17,AR1 alpha + Enhanced + One-Step,NASDAQ:INTU,1.3131592345095762e-06
2023-08-08,17,AR1 alpha + Enhanced + One-Step,NASDAQ:INTU,6.631028462348929e-07
2023-08-09,17,AR1 alpha + Enhanced + One-Step,NASDAQ:INTU,0.0
2023-08-10,17,AR1 alpha + Enhanced + One-Step,NASDAQ:INTU,0.0
2023-08-11,17,AR1 alpha + Enhanced + One-Step,NASDAQ:INTU,0.0
2023-08-14,17,AR1 alpha + Enhanced + One-Step,NASDAQ:INTU,0.0
2023-08-15,17,AR1 alpha + Enhanced + One-Step,NASDAQ:INTU,0.0
2023-08-16,17,AR1 alpha + Enhanced + One-Step,NASDAQ:INTU,0.0
2023-08-17,17,AR1 alpha + Enhanced + One-Step,NASDAQ:INTU,0.0
2023-08-18,17,AR1 alpha + Enhanced + One-Step,NASDAQ:INTU,0.0
2023-08-21,17,AR1 alpha + Enhanced + One-Step,NASDAQ:INTU,0.0
2023-08-22,17,AR1 alpha + Enhanced + One-Step,NASDAQ:INTU,0.0
2023-08-23,17,AR1 alpha + Enhanced + One-Step,NASDAQ:INTU,0.0
2023-08-24,17,AR1 alpha + Enhanced + One-Step,NASDAQ:INTU,0.0
2023-08-25,17,AR1 alpha + Enhanced + One-Step,NASDAQ:INTU,0.0
2023-08-28,17,AR1 alpha + Enhanced + One-Step,NASDAQ:INTU,0.0
2023-08-29,17,AR1 alpha + Enhanced + One-Step,NASDAQ:INTU,5.310273612097039e-08
2023-08-30,17,AR1 alpha + Enhanced + One-Step,NASDAQ:INTU,1.3033235176568568e-07
2023-08-31,17,AR1 alpha + Enhanced + One-Step,NASDAQ:INTU,1.3664392269034228e-07
2023-09-01,17,AR1 alpha + Enhanced + One-Step,NASDAQ:INTU,1.1445447234105144e-07
2023-09-05,17,AR1 alpha + Enhanced + One-Step,NASDAQ:INTU,0.0
2023-09-06,17,AR1 alpha + Enhanced + One-Step,NASDAQ:INTU,0.0
2023-09-07,17,AR1 alpha + Enhanced + One-Step,NASDAQ:INTU,0.0
2023-09-08,17,AR1 alpha + Enhanced + One-Step,NASDAQ:INTU,0.0
2023-09-11,17,AR1 alpha + Enhanced + One-Step,NASDAQ:INTU,5.679473772562041e-08
2023-09-12,17,AR1 alpha + Enhanced + One-Step,NASDAQ:INTU,1.3908783537511912e-07
2023-09-13,17,AR1 alpha + Enhanced + One-Step,NASDAQ:INTU,0.0
2023-09-14,17,AR1 alpha + Enhanced + One-Step,NASDAQ:INTU,6.488802999807061e-08
2023-09-15,17,AR1 alpha + Enhanced + One-Step,NASDAQ:INTU,1.0024286554528832e-07
2023-09-18,17,AR1 alpha + Enhanced + One-Step,NASDAQ:INTU,6.654226063722265e-08
2023-09-19,17,AR1 alpha + Enhanced + One-Step,NASDAQ:INTU,6.707627442555263e-08
2023-09-20,17,AR1 alpha + Enhanced + One-Step,NASDAQ:INTU,6.920146868890963e-08
2023-09-21,17,AR1 alpha + Enhanced + One-Step,NASDAQ:INTU,1.0716957613234061e-07
2023-09-22,17,AR1 alpha + Enhanced + One-Step,NASDAQ:INTU,9.279823515549509e-08
2023-09-25,17,AR1 alpha + Enhanced + One-Step,NASDAQ:INTU,0.0
2023-09-26,17,AR1 alpha + Enhanced + One-Step,NASDAQ:INTU,0.0
2023-09-27,17,AR1 alpha + Enhanced + One-Step,NASDAQ:INTU,5.162269679434254e-09
2023-09-28,17,AR1 alpha + Enhanced + One-Step,NASDAQ:INTU,0.0
2023-09-29,17,AR1 alpha + Enhanced + One-Step,NASDAQ:INTU,0.0
2023-10-02,17,AR1 alpha + Enhanced + One-Step,NASDAQ:INTU,0.0
2023-10-03,17,AR1 alpha + Enhanced + One-Step,NASDAQ:INTU,0.0
2023-10-04,17,AR1 alpha + Enhanced + One-Step,NASDAQ:INTU,0.0
2023-10-05,17,AR1 alpha + Enhanced + One-Step,NASDAQ:INTU,0.0
2023-10-06,17,AR1 alpha + Enhanced + One-Step,NASDAQ:INTU,0.0
2023-10-09,17,AR1 alpha + Enhanced + One-Step,NASDAQ:INTU,0.0
2023-10-10,17,AR1 alpha + Enhanced + One-Step,NASDAQ:INTU,2.489456225563294e-07
2023-10-11,17,AR1 alpha + Enhanced + One-Step,NASDAQ:INTU,2.029732266449722e-07
2023-10-12,17,AR1 alpha + Enhanced + One-Step,NASDAQ:INTU,1.450003683712953e-07
2023-10-13,17,AR1 alpha + Enhanced + One-Step,NASDAQ:INTU,1.1496205088405595e-07
2023-10-16,17,AR1 alpha + Enhanced + One-Step,NASDAQ:INTU,1.0217278105826352e-07
2023-10-17,17,AR1 alpha + Enhanced + One-Step,NASDAQ:INTU,0.0009387824287943311
2023-10-18,17,AR1 alpha + Enhanced + One-Step,NASDAQ:INTU,0.00093898285125367
2023-10-19,17,AR1 alpha + Enhanced + One-Step,NASDAQ:INTU,4.883513803574681e-08
2023-10-20,17,AR1 alpha + Enhanced + One-Step,NASDAQ:INTU,5.8460307211207954e-08
2023-10-23,17,AR1 alpha + Enhanced + One-Step,NASDAQ:INTU,0.0
2023-10-24,17,AR1 alpha + Enhanced + One-Step,NASDAQ:INTU,1.0015067499954043e-08
2023-10-25,17,AR1 alpha + Enhanced + One-Step,NASDAQ:INTU,0.0
2023-10-26,17,AR1 alpha + Enhanced + One-Step,NASDAQ:INTU,0.0
2023-10-27,17,AR1 alpha + Enhanced + One-Step,NASDAQ:INTU,0.0
2023-10-30,17,AR1 alpha + Enhanced + One-Step,NASDAQ:INTU,1.8590159242216206e-07
2023-10-31,17,AR1 alpha + Enhanced + One-Step,NASDAQ:INTU,2.6839539746898316e-07
2023-11-01,17,AR1 alpha + Enhanced + One-Step,NASDAQ:INTU,3.391147453411394e-08
2023-11-02,17,AR1 alpha + Enhanced + One-Step,NASDAQ:INTU,1.5362578172670962e-06
2023-11-03,17,AR1 alpha + Enhanced + One-Step,NASDAQ:INTU,1.1070207093605368e-06
2023-11-06,17,AR1 alpha + Enhanced + One-Step,NASDAQ:INTU,8.315417866294376e-07
2023-11-07,17,AR1 alpha + Enhanced + One-Step,NASDAQ:INTU,0.0
2023-11-08,17,AR1 alpha + Enhanced + One-Step,NASDAQ:INTU,0.0
2023-11-09,17,AR1 alpha + Enhanced + One-Step,NASDAQ:INTU,4.006032020284343e-08
2023-11-10,17,AR1 alpha + Enhanced + One-Step,NASDAQ:INTU,0.0
2023-11-13,17,AR1 alpha + Enhanced + One-Step,NASDAQ:INTU,1.8958192546210902e-07
2023-11-14,17,AR1 alpha + Enhanced + One-Step,NASDAQ:INTU,0.0
2023-11-15,17,AR1 alpha + Enhanced + One-Step,NASDAQ:INTU,0.0
2023-11-16,17,AR1 alpha + Enhanced + One-Step,NASDAQ:INTU,3.3562774106141037e-07
2023-11-17,17,AR1 alpha + Enhanced + One-Step,NASDAQ:INTU,1.9276728683543688e-07
2023-11-20,17,AR1 alpha + Enhanced + One-Step,NASDAQ:INTU,0.00038429364122329334
2023-11-21,17,AR1 alpha + Enhanced + One-Step,NASDAQ:INTU,0.0053981185534085225
2023-11-22,17,AR1 alpha + Enhanced + One-Step,NASDAQ:INTU,0.01097687451768932
2023-11-24,17,AR1 alpha + Enhanced + One-Step,NASDAQ:INTU,0.024358544425052635
2023-11-27,17,AR1 alpha + Enhanced + One-Step,NASDAQ:INTU,0.03148454928871782
2023-11-28,17,AR1 alpha + Enhanced + One-Step,NASDAQ:INTU,0.031484621124481076
2023-11-29,17,AR1 alpha + Enhanced + One-Step,NASDAQ:INTU,0.037569766182209696
2023-11-30,17,AR1 alpha + Enhanced + One-Step,NASDAQ:INTU,0.037568567569140295
2023-12-01,17,AR1 alpha + Enhanced + One-Step,NASDAQ:INTU,0.04266313125943298
2023-12-04,17,AR1 alpha + Enhanced + One-Step,NASDAQ:INTU,0.044793039052002354
2023-12-05,17,AR1 alpha + Enhanced + One-Step,NASDAQ:INTU,0.05118398380128904
2023-12-06,17,AR1 alpha + Enhanced + One-Step,NASDAQ:INTU,0.052166877539434775
2023-12-07,17,AR1 alpha + Enhanced + One-Step,NASDAQ:INTU,0.052166885685843926
2023-12-08,17,AR1 alpha + Enhanced + One-Step,NASDAQ:INTU,0.052166897658791685
2023-12-11,17,AR1 alpha + Enhanced + One-Step,NASDAQ:INTU,0.052167099655758706
2023-12-12,17,AR1 alpha + Enhanced + One-Step,NASDAQ:INTU,0.052166890103140386
2023-12-13,17,AR1 alpha + Enhanced + One-Step,NASDAQ:INTU,0.05216779317752896
2023-12-14,17,AR1 alpha + Enhanced + One-Step,NASDAQ:INTU,0.052167706816750446
2023-12-15,17,AR1 alpha + Enhanced + One-Step,NASDAQ:INTU,0.05216486368426929
2023-12-18,17,AR1 alpha + Enhanced + One-Step,NASDAQ:INTU,0.05216452257099266
2023-12-19,17,AR1 alpha + Enhanced + One-Step,NASDAQ:INTU,0.05216439851261343
2023-12-20,17,AR1 alpha + Enhanced + One-Step,NASDAQ:INTU,0.052169344977800264
2023-12-21,17,AR1 alpha + Enhanced + One-Step,NASDAQ:INTU,0.057676979701118465
2023-12-22,17,AR1 alpha + Enhanced + One-Step,NASDAQ:INTU,0.06442466705397343
2023-12-26,17,AR1 alpha + Enhanced + One-Step,NASDAQ:INTU,0.06442296895238185
2023-12-27,17,AR1 alpha + Enhanced + One-Step,NASDAQ:INTU,0.06772651042708348
2023-12-28,17,AR1 alpha + Enhanced + One-Step,NASDAQ:INTU,0.07824921083469287
2023-12-29,17,AR1 alpha + Enhanced + One-Step,NASDAQ:INTU,0.08702192359481101
2024-01-02,17,AR1 alpha + Enhanced + One-Step,NASDAQ:INTU,0.09689707620562556
2024-01-03,17,AR1 alpha + Enhanced + One-Step,NASDAQ:INTU,0.09689579801498126
2024-01-04,17,AR1 alpha + Enhanced + One-Step,NASDAQ:INTU,0.09689551485725806
2024-01-05,17,AR1 alpha + Enhanced + One-Step,NASDAQ:INTU,0.09689568020338933
2024-01-08,17,AR1 alpha + Enhanced + One-Step,NASDAQ:INTU,0.09772756920300453
2024-01-09,17,AR1 alpha + Enhanced + One-Step,NASDAQ:INTU,0.09999374631368739
2024-01-10,17,AR1 alpha + Enhanced + One-Step,NASDAQ:INTU,0.09998923459488136
2024-01-11,17,AR1 alpha + Enhanced + One-Step,NASDAQ:INTU,0.09999340043570609
2024-01-12,17,AR1 alpha + Enhanced + One-Step,NASDAQ:INTU,0.09999614193756087
2024-01-16,17,AR1 alpha + Enhanced + One-Step,NASDAQ:INTU,0.0999934427450052
2024-01-17,17,AR1 alpha + Enhanced + One-Step,NASDAQ:INTU,0.09999072743249524
2024-01-18,17,AR1 alpha + Enhanced + One-Step,NASDAQ:INTU,0.0999986134049116
2024-01-19,17,AR1 alpha + Enhanced + One-Step,NASDAQ:INTU,0.09999871089241182
2024-01-22,17,AR1 alpha + Enhanced + One-Step,NASDAQ:INTU,0.09999849796773445
2024-01-23,17,AR1 alpha + Enhanced + One-Step,NASDAQ:INTU,0.09999631313364012
2024-01-24,17,AR1 alpha + Enhanced + One-Step,NASDAQ:INTU,0.09999167678416691
2024-01-25,17,AR1 alpha + Enhanced + One-Step,NASDAQ:INTU,0.09999380605489003
2024-01-26,17,AR1 alpha + Enhanced + One-Step,NASDAQ:INTU,0.09999236518238835
2024-01-29,17,AR1 alpha + Enhanced + One-Step,NASDAQ:INTU,0.0999874780190285
2024-01-30,17,AR1 alpha + Enhanced + One-Step,NASDAQ:INTU,0.09998930910585592
2024-01-31,17,AR1 alpha + Enhanced + One-Step,NASDAQ:INTU,0.09998980795995635
2024-02-01,17,AR1 alpha + Enhanced + One-Step,NASDAQ:INTU,0.09998714023218767
2024-02-02,17,AR1 alpha + Enhanced + One-Step,NASDAQ:INTU,0.0999868148888446
2024-02-05,17,AR1 alpha + Enhanced + One-Step,NASDAQ:INTU,0.09999012020549433
2024-02-06,17,AR1 alpha + Enhanced + One-Step,NASDAQ:INTU,0.09999215533171348
2024-02-07,17,AR1 alpha + Enhanced + One-Step,NASDAQ:INTU,0.09999410513631862
2024-02-08,17,AR1 alpha + Enhanced + One-Step,NASDAQ:INTU,0.09999550562933293
2024-02-09,17,AR1 alpha + Enhanced + One-Step,NASDAQ:INTU,0.09999149127131582
2024-02-12,17,AR1 alpha + Enhanced + One-Step,NASDAQ:INTU,0.09999084592143162
2024-02-13,17,AR1 alpha + Enhanced + One-Step,NASDAQ:INTU,0.09999276933264369
2024-02-14,17,AR1 alpha + Enhanced + One-Step,NASDAQ:INTU,0.09999596030511702
2024-02-15,17,AR1 alpha + Enhanced + One-Step,NASDAQ:INTU,0.0999930575132406
2024-02-16,17,AR1 alpha + Enhanced + One-Step,NASDAQ:INTU,0.09999491206569121
2024-02-20,17,AR1 alpha + Enhanced + One-Step,NASDAQ:INTU,0.09999626776208262
2024-02-21,17,AR1 alpha + Enhanced + One-Step,NASDAQ:INTU,0.09999466040127136
2024-02-22,17,AR1 alpha + Enhanced + One-Step,NASDAQ:INTU,0.09998865759564197
2024-02-23,17,AR1 alpha + Enhanced + One-Step,NASDAQ:INTU,0.09998762187373796
2024-02-26,17,AR1 alpha + Enhanced + One-Step,NASDAQ:INTU,0.09998433678367713
2024-02-27,17,AR1 alpha + Enhanced + One-Step,NASDAQ:INTU,0.09998026103762077
2024-02-28,17,AR1 alpha + Enhanced + One-Step,NASDAQ:INTU,0.09997813567292944
2024-02-29,17,AR1 alpha + Enhanced + One-Step,NASDAQ:INTU,0.09997851995491865
2024-03-01,17,AR1 alpha + Enhanced + One-Step,NASDAQ:INTU,0.09997945721094242
2024-03-04,17,AR1 alpha + Enhanced + One-Step,NASDAQ:INTU,0.09998152120400923
2024-03-05,17,AR1 alpha + Enhanced + One-Step,NASDAQ:INTU,0.09998860055646505
2024-03-06,17,AR1 alpha + Enhanced + One-Step,NASDAQ:INTU,0.09999124459342555
2024-03-07,17,AR1 alpha + Enhanced + One-Step,NASDAQ:INTU,0.09998633217654075
2024-03-08,17,AR1 alpha + Enhanced + One-Step,NASDAQ:INTU,0.09998304516872669
2024-03-11,17,AR1 alpha + Enhanced + One-Step,NASDAQ:INTU,0.0999826058198081
2024-03-12,17,AR1 alpha + Enhanced + One-Step,NASDAQ:INTU,0.09998342706715929
2024-03-13,17,AR1 alpha + Enhanced + One-Step,NASDAQ:INTU,0.09997897128844381
2024-03-14,17,AR1 alpha + Enhanced + One-Step,NASDAQ:INTU,0.09998721006498887
2024-03-15,17,AR1 alpha + Enhanced + One-Step,NASDAQ:INTU,0.09999273525862674
2024-03-18,17,AR1 alpha + Enhanced + One-Step,NASDAQ:INTU,0.09999471268322406
2024-03-19,17,AR1 alpha + Enhanced + One-Step,NASDAQ:INTU,0.0999953470373693
2024-03-20,17,AR1 alpha + Enhanced + One-Step,NASDAQ:INTU,0.09999620442785181
2024-03-21,17,AR1 alpha + Enhanced + One-Step,NASDAQ:INTU,0.09999364773641492
2024-03-22,17,AR1 alpha + Enhanced + One-Step,NASDAQ:INTU,0.09999434896976024
2024-03-25,17,AR1 alpha + Enhanced + One-Step,NASDAQ:INTU,0.09999572140623138
2024-03-26,17,AR1 alpha + Enhanced + One-Step,NASDAQ:INTU,0.09999354384373124
2024-03-27,17,AR1 alpha + Enhanced + One-Step,NASDAQ:INTU,0.09999403995688157
2024-03-28,17,AR1 alpha + Enhanced + One-Step,NASDAQ:INTU,0.09999681229136313
2024-04-01,17,AR1 alpha + Enhanced + One-Step,NASDAQ:INTU,0.09182299507443886
2024-04-02,17,AR1 alpha + Enhanced + One-Step,NASDAQ:INTU,0.07166812257948901
2024-04-03,17,AR1 alpha + Enhanced + One-Step,NASDAQ:INTU,0.05351618879595355
2024-04-04,17,AR1 alpha + Enhanced + One-Step,NASDAQ:INTU,0.050852963403242135
2024-04-05,17,AR1 alpha + Enhanced + One-Step,NASDAQ:INTU,0.05504031243141487
2024-04-08,17,AR1 alpha + Enhanced + One-Step,NASDAQ:INTU,0.0667738094260005
2024-04-09,17,AR1 alpha + Enhanced + One-Step,NASDAQ:INTU,0.07451057871074054
2024-04-10,17,AR1 alpha + Enhanced + One-Step,NASDAQ:INTU,0.07451028079452211
2024-04-11,17,AR1 alpha + Enhanced + One-Step,NASDAQ:INTU,0.06673748602969826
2024-04-12,17,AR1 alpha + Enhanced + One-Step,NASDAQ:INTU,0.06673742535173834
2024-04-15,17,AR1 alpha + Enhanced + One-Step,NASDAQ:INTU,0.05441518084856297
2024-04-16,17,AR1 alpha + Enhanced + One-Step,NASDAQ:INTU,0.05441265754571664
2024-04-17,17,AR1 alpha + Enhanced + One-Step,NASDAQ:INTU,0.05441274339471077
2024-04-18,17,AR1 alpha + Enhanced + One-Step,NASDAQ:INTU,0.04731355751511746
2024-04-19,17,AR1 alpha + Enhanced + One-Step,NASDAQ:INTU,0.041246069098632085
2020-03-25,17,AR1 alpha + Enhanced + One-Step,NASDAQ:AEIS,0.020000000000007227
2020-03-26,17,AR1 alpha + Enhanced + One-Step,NASDAQ:AEIS,0.02000000000001305
2020-03-27,17,AR1 alpha + Enhanced + One-Step,NASDAQ:AEIS,2.4907358451038587e-08
2020-03-30,17,AR1 alpha + Enhanced + One-Step,NASDAQ:AEIS,1.193900794556801e-07
2020-03-31,17,AR1 alpha + Enhanced + One-Step,NASDAQ:AEIS,2.820417909714694e-07
2020-04-01,17,AR1 alpha + Enhanced + One-Step,NASDAQ:AEIS,3.1277235901677665e-08
2020-04-02,17,AR1 alpha + Enhanced + One-Step,NASDAQ:AEIS,0.0
2020-04-03,17,AR1 alpha + Enhanced + One-Step,NASDAQ:AEIS,3.8157384563630214e-08
2020-04-06,17,AR1 alpha + Enhanced + One-Step,NASDAQ:AEIS,1.4198144860578334e-07
2020-04-07,17,AR1 alpha + Enhanced + One-Step,NASDAQ:AEIS,2.2874685055028967e-06
2020-04-08,17,AR1 alpha + Enhanced + One-Step,NASDAQ:AEIS,4.1088953807895905e-07
2020-04-09,17,AR1 alpha + Enhanced + One-Step,NASDAQ:AEIS,5.441289804459857e-08
2020-04-13,17,AR1 alpha + Enhanced + One-Step,NASDAQ:AEIS,1.1533241141419726e-07
2020-04-14,17,AR1 alpha + Enhanced + One-Step,NASDAQ:AEIS,5.965106720868091e-08
2020-04-15,17,AR1 alpha + Enhanced + One-Step,NASDAQ:AEIS,2.455569004458469e-07
2020-04-16,17,AR1 alpha + Enhanced + One-Step,NASDAQ:AEIS,1.7191357436586059e-07
2020-04-17,17,AR1 alpha + Enhanced + One-Step,NASDAQ:AEIS,4.4911174361183796e-08
2020-04-20,17,AR1 alpha + Enhanced + One-Step,NASDAQ:AEIS,0.0
2020-04-21,17,AR1 alpha + Enhanced + One-Step,NASDAQ:AEIS,5.011838050405991e-08
2020-04-22,17,AR1 alpha + Enhanced + One-Step,NASDAQ:AEIS,7.562789943564961e-08
2020-04-23,17,AR1 alpha + Enhanced + One-Step,NASDAQ:AEIS,0.0
2020-04-24,17,AR1 alpha + Enhanced + One-Step,NASDAQ:AEIS,1.1974860192695988e-08
2020-04-27,17,AR1 alpha + Enhanced + One-Step,NASDAQ:AEIS,2.715083932787808e-09
2020-04-28,17,AR1 alpha + Enhanced + One-Step,NASDAQ:AEIS,1.0723626484581252e-10
2020-04-29,17,AR1 alpha + Enhanced + One-Step,NASDAQ:AEIS,8.811679167908378e-11
2020-04-30,17,AR1 alpha + Enhanced + One-Step,NASDAQ:AEIS,0.0
2020-05-01,17,AR1 alpha + Enhanced + One-Step,NASDAQ:AEIS,0.0
2020-05-04,17,AR1 alpha + Enhanced + One-Step,NASDAQ:AEIS,6.660049727223861e-09
2020-05-05,17,AR1 alpha + Enhanced + One-Step,NASDAQ:AEIS,0.0
2020-05-06,17,AR1 alpha + Enhanced + One-Step,NASDAQ:AEIS,0.0
2020-05-07,17,AR1 alpha + Enhanced + One-Step,NASDAQ:AEIS,4.742496933503814e-08
2020-05-08,17,AR1 alpha + Enhanced + One-Step,NASDAQ:AEIS,1.6452279922346075e-08
2020-05-11,17,AR1 alpha + Enhanced + One-Step,NASDAQ:AEIS,0.0
2020-05-12,17,AR1 alpha + Enhanced + One-Step,NASDAQ:AEIS,0.0
2020-05-13,17,AR1 alpha + Enhanced + One-Step,NASDAQ:AEIS,2.380318902966955e-08
2020-05-14,17,AR1 alpha + Enhanced + One-Step,NASDAQ:AEIS,0.0
2020-05-15,17,AR1 alpha + Enhanced + One-Step,NASDAQ:AEIS,2.0717259465812143e-08
2020-05-18,17,AR1 alpha + Enhanced + One-Step,NASDAQ:AEIS,2.6699872957701722e-08
2020-05-19,17,AR1 alpha + Enhanced + One-Step,NASDAQ:AEIS,0.0
2020-05-20,17,AR1 alpha + Enhanced + One-Step,NASDAQ:AEIS,5.845081079547049e-09
2020-05-21,17,AR1 alpha + Enhanced + One-Step,NASDAQ:AEIS,0.0
2020-05-22,17,AR1 alpha + Enhanced + One-Step,NASDAQ:AEIS,1.5934895908174797e-09
2020-05-26,17,AR1 alpha + Enhanced + One-Step,NASDAQ:AEIS,0.0
2020-05-27,17,AR1 alpha + Enhanced + One-Step,NASDAQ:AEIS,2.27794231760102e-08
2020-05-28,17,AR1 alpha + Enhanced + One-Step,NASDAQ:AEIS,8.654543361412708e-09
2020-05-29,17,AR1 alpha + Enhanced + One-Step,NASDAQ:AEIS,3.0280042048964055e-09
2020-06-01,17,AR1 alpha + Enhanced + One-Step,NASDAQ:AEIS,2.980349852566841e-08
2020-06-02,17,AR1 alpha + Enhanced + One-Step,NASDAQ:AEIS,0.0
2020-06-03,17,AR1 alpha + Enhanced + One-Step,NASDAQ:AEIS,2.218992406257434e-07
2020-06-04,17,AR1 alpha + Enhanced + One-Step,NASDAQ:AEIS,7.68861935701323e-09
2020-06-05,17,AR1 alpha + Enhanced + One-Step,NASDAQ:AEIS,0.0
2020-06-08,17,AR1 alpha + Enhanced + One-Step,NASDAQ:AEIS,0.0
2020-06-09,17,AR1 alpha + Enhanced + One-Step,NASDAQ:AEIS,4.651612664377201e-09
2020-06-10,17,AR1 alpha + Enhanced + One-Step,NASDAQ:AEIS,2.6489121875037957e-09
2020-06-11,17,AR1 alpha + Enhanced + One-Step,NASDAQ:AEIS,1.0818466585938722e-06
2020-06-12,17,AR1 alpha + Enhanced + One-Step,NASDAQ:AEIS,2.1905068828752716e-07
2020-06-15,17,AR1 alpha + Enhanced + One-Step,NASDAQ:AEIS,3.2735621179755814e-08
2020-06-16,17,AR1 alpha + Enhanced + One-Step,NASDAQ:AEIS,1.8950974277171352e-08
2020-06-17,17,AR1 alpha + Enhanced + One-Step,NASDAQ:AEIS,1.9809839877291494e-09
2020-06-18,17,AR1 alpha + Enhanced + One-Step,NASDAQ:AEIS,0.0
2020-06-19,17,AR1 alpha + Enhanced + One-Step,NASDAQ:AEIS,6.076687306506561e-09
2020-06-22,17,AR1 alpha + Enhanced + One-Step,NASDAQ:AEIS,3.437552530798315e-08
2020-06-23,17,AR1 alpha + Enhanced + One-Step,NASDAQ:AEIS,9.936780266323276e-09
2020-06-24,17,AR1 alpha + Enhanced + One-Step,NASDAQ:AEIS,1.9169351590368153e-09
2020-06-25,17,AR1 alpha + Enhanced + One-Step,NASDAQ:AEIS,1.4859389748997939e-08
2020-06-26,17,AR1 alpha + Enhanced + One-Step,NASDAQ:AEIS,9.841719159249234e-08
2020-06-29,17,AR1 alpha + Enhanced + One-Step,NASDAQ:AEIS,5.5024899702696424e-08
2020-06-30,17,AR1 alpha + Enhanced + One-Step,NASDAQ:AEIS,0.0
2020-07-01,17,AR1 alpha + Enhanced + One-Step,NASDAQ:AEIS,0.0
2020-07-02,17,AR1 alpha + Enhanced + One-Step,NASDAQ:AEIS,2.1555855085499355e-08
2020-07-06,17,AR1 alpha + Enhanced + One-Step,NASDAQ:AEIS,0.0
2020-07-07,17,AR1 alpha + Enhanced + One-Step,NASDAQ:AEIS,0.0
2020-07-08,17,AR1 alpha + Enhanced + One-Step,NASDAQ:AEIS,0.0
2020-07-09,17,AR1 alpha + Enhanced + One-Step,NASDAQ:AEIS,0.0
2020-07-10,17,AR1 alpha + Enhanced + One-Step,NASDAQ:AEIS,0.0
2020-07-13,17,AR1 alpha + Enhanced + One-Step,NASDAQ:AEIS,0.0
2020-07-14,17,AR1 alpha + Enhanced + One-Step,NASDAQ:AEIS,0.0
2020-07-15,17,AR1 alpha + Enhanced + One-Step,NASDAQ:AEIS,5.9539453555318284e-08
2020-07-16,17,AR1 alpha + Enhanced + One-Step,NASDAQ:AEIS,1.993913711396791e-08
2020-07-17,17,AR1 alpha + Enhanced + One-Step,NASDAQ:AEIS,6.858378033093659e-09
2020-07-20,17,AR1 alpha + Enhanced + One-Step,NASDAQ:AEIS,1.234524024230033e-08
2020-07-21,17,AR1 alpha + Enhanced + One-Step,NASDAQ:AEIS,2.7142641245679178e-08
2020-07-22,17,AR1 alpha + Enhanced + One-Step,NASDAQ:AEIS,2.0971496848988484e-08
2020-07-23,17,AR1 alpha + Enhanced + One-Step,NASDAQ:AEIS,0.0
2020-07-24,17,AR1 alpha + Enhanced + One-Step,NASDAQ:AEIS,1.374173323882796e-07
2020-07-27,17,AR1 alpha + Enhanced + One-Step,NASDAQ:AEIS,5.697658560738251e-08
2020-07-28,17,AR1 alpha + Enhanced + One-Step,NASDAQ:AEIS,2.503209675657742e-08
2020-07-29,17,AR1 alpha + Enhanced + One-Step,NASDAQ:AEIS,2.2821169103268716e-09
2020-07-30,17,AR1 alpha + Enhanced + One-Step,NASDAQ:AEIS,0.0
2020-07-31,17,AR1 alpha + Enhanced + One-Step,NASDAQ:AEIS,0.0
2020-08-03,17,AR1 alpha + Enhanced + One-Step,NASDAQ:AEIS,2.1154643358748366e-08
2020-08-04,17,AR1 alpha + Enhanced + One-Step,NASDAQ:AEIS,0.0
2020-08-05,17,AR1 alpha + Enhanced + One-Step,NASDAQ:AEIS,0.0
2020-08-06,17,AR1 alpha + Enhanced + One-Step,NASDAQ:AEIS,0.0
2020-08-07,17,AR1 alpha + Enhanced + One-Step,NASDAQ:AEIS,1.270169848615689e-07
2020-08-10,17,AR1 alpha + Enhanced + One-Step,NASDAQ:AEIS,2.2843687790109072e-07
2020-08-11,17,AR1 alpha + Enhanced + One-Step,NASDAQ:AEIS,6.952349957710495e-09
2020-08-12,17,AR1 alpha + Enhanced + One-Step,NASDAQ:AEIS,1.3213074964493712e-09
2020-08-13,17,AR1 alpha + Enhanced + One-Step,NASDAQ:AEIS,1.0506811697405417e-09
2020-08-14,17,AR1 alpha + Enhanced + One-Step,NASDAQ:AEIS,1.4035694653859674e-09
2020-08-17,17,AR1 alpha + Enhanced + One-Step,NASDAQ:AEIS,0.0
2020-08-18,17,AR1 alpha + Enhanced + One-Step,NASDAQ:AEIS,0.0
2020-08-19,17,AR1 alpha + Enhanced + One-Step,NASDAQ:AEIS,0.0
2020-08-20,17,AR1 alpha + Enhanced + One-Step,NASDAQ:AEIS,0.0
2020-08-21,17,AR1 alpha + Enhanced + One-Step,NASDAQ:AEIS,0.0
2020-08-24,17,AR1 alpha + Enhanced + One-Step,NASDAQ:AEIS,0.0
2020-08-25,17,AR1 alpha + Enhanced + One-Step,NASDAQ:AEIS,7.365189995454536e-08
2020-08-26,17,AR1 alpha + Enhanced + One-Step,NASDAQ:AEIS,0.0
2020-08-27,17,AR1 alpha + Enhanced + One-Step,NASDAQ:AEIS,1.3900146023269108e-09
2020-08-28,17,AR1 alpha + Enhanced + One-Step,NASDAQ:AEIS,3.4706993676673882e-09
2020-08-31,17,AR1 alpha + Enhanced + One-Step,NASDAQ:AEIS,0.0
2020-09-01,17,AR1 alpha + Enhanced + One-Step,NASDAQ:AEIS,0.0
2020-09-02,17,AR1 alpha + Enhanced + One-Step,NASDAQ:AEIS,1.1035067238955559e-08
2020-09-03,17,AR1 alpha + Enhanced + One-Step,NASDAQ:AEIS,0.0
2020-09-04,17,AR1 alpha + Enhanced + One-Step,NASDAQ:AEIS,1.813067999573576e-08
2020-09-08,17,AR1 alpha + Enhanced + One-Step,NASDAQ:AEIS,0.0
2020-09-09,17,AR1 alpha + Enhanced + One-Step,NASDAQ:AEIS,0.0
2020-09-10,17,AR1 alpha + Enhanced + One-Step,NASDAQ:AEIS,0.0
2020-09-11,17,AR1 alpha + Enhanced + One-Step,NASDAQ:AEIS,2.000170159084297e-08
2020-09-14,17,AR1 alpha + Enhanced + One-Step,NASDAQ:AEIS,3.6393703509900005e-07
2020-09-15,17,AR1 alpha + Enhanced + One-Step,NASDAQ:AEIS,1.6629158347341229e-07
2020-09-16,17,AR1 alpha + Enhanced + One-Step,NASDAQ:AEIS,0.0
2020-09-17,17,AR1 alpha + Enhanced + One-Step,NASDAQ:AEIS,0.0
2020-09-18,17,AR1 alpha + Enhanced + One-Step,NASDAQ:AEIS,0.0
2020-09-21,17,AR1 alpha + Enhanced + One-Step,NASDAQ:AEIS,0.0
2020-09-22,17,AR1 alpha + Enhanced + One-Step,NASDAQ:AEIS,9.484922046533496e-09
2020-09-23,17,AR1 alpha + Enhanced + One-Step,NASDAQ:AEIS,0.0
2020-09-24,17,AR1 alpha + Enhanced + One-Step,NASDAQ:AEIS,0.0
2020-09-25,17,AR1 alpha + Enhanced + One-Step,NASDAQ:AEIS,0.0
2020-09-28,17,AR1 alpha + Enhanced + One-Step,NASDAQ:AEIS,9.878488929078891e-08
2020-09-29,17,AR1 alpha + Enhanced + One-Step,NASDAQ:AEIS,1.283798868251737e-07
2020-09-30,17,AR1 alpha + Enhanced + One-Step,NASDAQ:AEIS,9.248351152589038e-08
2020-10-01,17,AR1 alpha + Enhanced + One-Step,NASDAQ:AEIS,4.342955248643192e-07
2020-10-02,17,AR1 alpha + Enhanced + One-Step,NASDAQ:AEIS,2.721649116843041e-07
2020-10-05,17,AR1 alpha + Enhanced + One-Step,NASDAQ:AEIS,5.298122018503875e-07
2020-10-06,17,AR1 alpha + Enhanced + One-Step,NASDAQ:AEIS,1.0502795741414668e-07
2020-10-07,17,AR1 alpha + Enhanced + One-Step,NASDAQ:AEIS,0.0
2020-10-08,17,AR1 alpha + Enhanced + One-Step,NASDAQ:AEIS,0.0
2020-10-09,17,AR1 alpha + Enhanced + One-Step,NASDAQ:AEIS,2.8667411948945055e-07
2020-10-12,17,AR1 alpha + Enhanced + One-Step,NASDAQ:AEIS,1.1264189398891235e-07
2020-10-13,17,AR1 alpha + Enhanced + One-Step,NASDAQ:AEIS,4.175086288289306e-07
2020-10-14,17,AR1 alpha + Enhanced + One-Step,NASDAQ:AEIS,0.0
2020-10-15,17,AR1 alpha + Enhanced + One-Step,NASDAQ:AEIS,0.0
2020-10-16,17,AR1 alpha + Enhanced + One-Step,NASDAQ:AEIS,0.0
2020-10-19,17,AR1 alpha + Enhanced + One-Step,NASDAQ:AEIS,0.0
2020-10-20,17,AR1 alpha + Enhanced + One-Step,NASDAQ:AEIS,0.0
2020-10-21,17,AR1 alpha + Enhanced + One-Step,NASDAQ:AEIS,0.0
2020-10-22,17,AR1 alpha + Enhanced + One-Step,NASDAQ:AEIS,0.0
2020-10-23,17,AR1 alpha + Enhanced + One-Step,NASDAQ:AEIS,0.0
2020-10-26,17,AR1 alpha + Enhanced + One-Step,NASDAQ:AEIS,0.0
2020-10-27,17,AR1 alpha + Enhanced + One-Step,NASDAQ:AEIS,2.5337244106708936e-07
2020-10-28,17,AR1 alpha + Enhanced + One-Step,NASDAQ:AEIS,2.102492926017731e-07
2020-10-29,17,AR1 alpha + Enhanced + One-Step,NASDAQ:AEIS,3.911148776016813e-07
2020-10-30,17,AR1 alpha + Enhanced + One-Step,NASDAQ:AEIS,1.9735231459948628e-07
2020-11-02,17,AR1 alpha + Enhanced + One-Step,NASDAQ:AEIS,6.635839813650262e-07
2020-11-03,17,AR1 alpha + Enhanced + One-Step,NASDAQ:AEIS,5.119489175019495e-07
2020-11-04,17,AR1 alpha + Enhanced + One-Step,NASDAQ:AEIS,1.6707006404262386e-06
2020-11-05,17,AR1 alpha + Enhanced + One-Step,NASDAQ:AEIS,9.03515846462896e-07
2020-11-06,17,AR1 alpha + Enhanced + One-Step,NASDAQ:AEIS,2.7872599988348676e-07
2020-11-09,17,AR1 alpha + Enhanced + One-Step,NASDAQ:AEIS,4.299535328524821e-08
2020-11-10,17,AR1 alpha + Enhanced + One-Step,NASDAQ:AEIS,2.3128773596664717e-07
2020-11-11,17,AR1 alpha + Enhanced + One-Step,NASDAQ:AEIS,2.3677437635062247e-07
2020-11-12,17,AR1 alpha + Enhanced + One-Step,NASDAQ:AEIS,1.28853746589889e-07
2020-11-13,17,AR1 alpha + Enhanced + One-Step,NASDAQ:AEIS,4.8963970784044683e-08
2020-11-16,17,AR1 alpha + Enhanced + One-Step,NASDAQ:AEIS,1.707723705246483e-08
2020-11-17,17,AR1 alpha + Enhanced + One-Step,NASDAQ:AEIS,0.0
2020-11-18,17,AR1 alpha + Enhanced + One-Step,NASDAQ:AEIS,0.0
2020-11-19,17,AR1 alpha + Enhanced + One-Step,NASDAQ:AEIS,0.0
2020-11-20,17,AR1 alpha + Enhanced + One-Step,NASDAQ:AEIS,0.0
2020-11-23,17,AR1 alpha + Enhanced + One-Step,NASDAQ:AEIS,4.8695979795544373e-08
2020-11-24,17,AR1 alpha + Enhanced + One-Step,NASDAQ:AEIS,0.0
2020-11-25,17,AR1 alpha + Enhanced + One-Step,NASDAQ:AEIS,0.0
2020-11-27,17,AR1 alpha + Enhanced + One-Step,NASDAQ:AEIS,0.0
2020-11-30,17,AR1 alpha + Enhanced + One-Step,NASDAQ:AEIS,0.0
2020-12-01,17,AR1 alpha + Enhanced + One-Step,NASDAQ:AEIS,8.053747394584676e-08
2020-12-04,17,AR1 alpha + Enhanced + One-Step,NASDAQ:AEIS,3.430245849838328e-08
2020-12-07,17,AR1 alpha + Enhanced + One-Step,NASDAQ:AEIS,0.0
2020-12-08,17,AR1 alpha + Enhanced + One-Step,NASDAQ:AEIS,5.367980959542673e-08
2020-12-09,17,AR1 alpha + Enhanced + One-Step,NASDAQ:AEIS,0.0
2020-12-10,17,AR1 alpha + Enhanced + One-Step,NASDAQ:AEIS,9.887781930248618e-08
2020-12-11,17,AR1 alpha + Enhanced + One-Step,NASDAQ:AEIS,0.0
2020-12-14,17,AR1 alpha + Enhanced + One-Step,NASDAQ:AEIS,0.0
2020-12-15,17,AR1 alpha + Enhanced + One-Step,NASDAQ:AEIS,6.745563149196954e-08
2020-12-16,17,AR1 alpha + Enhanced + One-Step,NASDAQ:AEIS,0.0
2020-12-17,17,AR1 alpha + Enhanced + One-Step,NASDAQ:AEIS,0.0
2020-12-18,17,AR1 alpha + Enhanced + One-Step,NASDAQ:AEIS,7.135983170806461e-07
2020-12-21,17,AR1 alpha + Enhanced + One-Step,NASDAQ:AEIS,4.73077298827077e-07
2020-12-22,17,AR1 alpha + Enhanced + One-Step,NASDAQ:AEIS,2.268309324829773e-07
2020-12-23,17,AR1 alpha + Enhanced + One-Step,NASDAQ:AEIS,7.570649899601126e-08
2020-12-24,17,AR1 alpha + Enhanced + One-Step,NASDAQ:AEIS,0.0
2020-12-28,17,AR1 alpha + Enhanced + One-Step,NASDAQ:AEIS,0.0
2020-12-29,17,AR1 alpha + Enhanced + One-Step,NASDAQ:AEIS,0.0
2020-12-30,17,AR1 alpha + Enhanced + One-Step,NASDAQ:AEIS,0.0
2020-12-31,17,AR1 alpha + Enhanced + One-Step,NASDAQ:AEIS,0.0
2021-01-04,17,AR1 alpha + Enhanced + One-Step,NASDAQ:AEIS,4.903880808480324e-09
2021-01-05,17,AR1 alpha + Enhanced + One-Step,NASDAQ:AEIS,1.0111788841222755e-08
2021-01-06,17,AR1 alpha + Enhanced + One-Step,NASDAQ:AEIS,0.0
2021-01-07,17,AR1 alpha + Enhanced + One-Step,NASDAQ:AEIS,0.0
2021-01-08,17,AR1 alpha + Enhanced + One-Step,NASDAQ:AEIS,3.8474233243213774e-08
2021-01-11,17,AR1 alpha + Enhanced + One-Step,NASDAQ:AEIS,0.0
2021-01-12,17,AR1 alpha + Enhanced + One-Step,NASDAQ:AEIS,0.0
2021-01-13,17,AR1 alpha + Enhanced + One-Step,NASDAQ:AEIS,0.0
2021-01-14,17,AR1 alpha + Enhanced + One-Step,NASDAQ:AEIS,2.4408063947742355e-08
2021-01-15,17,AR1 alpha + Enhanced + One-Step,NASDAQ:AEIS,0.0
2021-01-19,17,AR1 alpha + Enhanced + One-Step,NASDAQ:AEIS,0.0
2021-01-20,17,AR1 alpha + Enhanced + One-Step,NASDAQ:AEIS,6.679007987714714e-08
2021-01-21,17,AR1 alpha + Enhanced + One-Step,NASDAQ:AEIS,0.0
2021-01-22,17,AR1 alpha + Enhanced + One-Step,NASDAQ:AEIS,0.0
2021-01-25,17,AR1 alpha + Enhanced + One-Step,NASDAQ:AEIS,3.719762354252081e-08
2021-01-26,17,AR1 alpha + Enhanced + One-Step,NASDAQ:AEIS,3.525496964036538e-08
2021-01-27,17,AR1 alpha + Enhanced + One-Step,NASDAQ:AEIS,8.633982331144857e-08
2021-01-28,17,AR1 alpha + Enhanced + One-Step,NASDAQ:AEIS,5.508663137637187e-07
2021-01-29,17,AR1 alpha + Enhanced + One-Step,NASDAQ:AEIS,1.971047019378706e-07
2021-02-01,17,AR1 alpha + Enhanced + One-Step,NASDAQ:AEIS,1.4600786462400992e-07
2021-02-02,17,AR1 alpha + Enhanced + One-Step,NASDAQ:AEIS,7.270362721330465e-08
2021-02-03,17,AR1 alpha + Enhanced + One-Step,NASDAQ:AEIS,0.0
2021-02-04,17,AR1 alpha + Enhanced + One-Step,NASDAQ:AEIS,0.0
2021-02-05,17,AR1 alpha + Enhanced + One-Step,NASDAQ:AEIS,0.0
2021-02-08,17,AR1 alpha + Enhanced + One-Step,NASDAQ:AEIS,2.240666646550919e-07
2021-02-09,17,AR1 alpha + Enhanced + One-Step,NASDAQ:AEIS,0.0
2021-02-10,17,AR1 alpha + Enhanced + One-Step,NASDAQ:AEIS,4.219504029913142e-07
2021-02-11,17,AR1 alpha + Enhanced + One-Step,NASDAQ:AEIS,2.6202595172701833e-07
2021-02-12,17,AR1 alpha + Enhanced + One-Step,NASDAQ:AEIS,1.1118179165192058e-07
2021-02-16,17,AR1 alpha + Enhanced + One-Step,NASDAQ:AEIS,2.8771925863093367e-08
2021-02-17,17,AR1 alpha + Enhanced + One-Step,NASDAQ:AEIS,7.064865179290531e-08
2021-02-18,17,AR1 alpha + Enhanced + One-Step,NASDAQ:AEIS,7.102912625883238e-08
2021-02-19,17,AR1 alpha + Enhanced + One-Step,NASDAQ:AEIS,0.0
2021-02-22,17,AR1 alpha + Enhanced + One-Step,NASDAQ:AEIS,3.494712816644103e-07
2021-02-23,17,AR1 alpha + Enhanced + One-Step,NASDAQ:AEIS,7.958545744482407e-07
2021-02-24,17,AR1 alpha + Enhanced + One-Step,NASDAQ:AEIS,4.724197041252943e-07
2021-02-25,17,AR1 alpha + Enhanced + One-Step,NASDAQ:AEIS,0.0
2021-02-26,17,AR1 alpha + Enhanced + One-Step,NASDAQ:AEIS,1.549736468582276e-07
2021-03-01,17,AR1 alpha + Enhanced + One-Step,NASDAQ:AEIS,7.010642956081354e-08
2021-03-02,17,AR1 alpha + Enhanced + One-Step,NASDAQ:AEIS,5.2357051046229996e-08
2021-03-03,17,AR1 alpha + Enhanced + One-Step,NASDAQ:AEIS,0.0
2021-03-04,17,AR1 alpha + Enhanced + One-Step,NASDAQ:AEIS,1.5493025257183667e-09
2021-03-05,17,AR1 alpha + Enhanced + One-Step,NASDAQ:AEIS,0.0
2021-03-08,17,AR1 alpha + Enhanced + One-Step,NASDAQ:AEIS,5.305794127344296e-09
2021-03-09,17,AR1 alpha + Enhanced + One-Step,NASDAQ:AEIS,0.0
2021-03-10,17,AR1 alpha + Enhanced + One-Step,NASDAQ:AEIS,1.1266083093675535e-06
2021-03-11,17,AR1 alpha + Enhanced + One-Step,NASDAQ:AEIS,2.406779388000879e-07
2021-03-12,17,AR1 alpha + Enhanced + One-Step,NASDAQ:AEIS,9.064216035370743e-08
2021-03-15,17,AR1 alpha + Enhanced + One-Step,NASDAQ:AEIS,1.3185131532893705e-06
2021-03-16,17,AR1 alpha + Enhanced + One-Step,NASDAQ:AEIS,6.625710161839701e-07
2021-03-17,17,AR1 alpha + Enhanced + One-Step,NASDAQ:AEIS,2.5780099931347034e-07
2021-03-18,17,AR1 alpha + Enhanced + One-Step,NASDAQ:AEIS,2.1408738803753783e-07
2021-03-19,17,AR1 alpha + Enhanced + One-Step,NASDAQ:AEIS,1.991109341506757e-08
2021-03-22,17,AR1 alpha + Enhanced + One-Step,NASDAQ:AEIS,1.8911428785711766e-07
2021-03-23,17,AR1 alpha + Enhanced + One-Step,NASDAQ:AEIS,3.804051681197356e-07
2021-03-24,17,AR1 alpha + Enhanced + One-Step,NASDAQ:AEIS,1.6251853129890307e-07
2021-03-25,17,AR1 alpha + Enhanced + One-Step,NASDAQ:AEIS,1.58075224855868e-07
2021-03-26,17,AR1 alpha + Enhanced + One-Step,NASDAQ:AEIS,2.0159852194424018e-07
2021-03-29,17,AR1 alpha + Enhanced + One-Step,NASDAQ:AEIS,1.9761137452810375e-07
2021-03-30,17,AR1 alpha + Enhanced + One-Step,NASDAQ:AEIS,0.0
2021-03-31,17,AR1 alpha + Enhanced + One-Step,NASDAQ:AEIS,0.0
2021-04-01,17,AR1 alpha + Enhanced + One-Step,NASDAQ:AEIS,9.046464732044777e-07
2021-04-05,17,AR1 alpha + Enhanced + One-Step,NASDAQ:AEIS,3.1589859615242755e-07
2021-04-06,17,AR1 alpha + Enhanced + One-Step,NASDAQ:AEIS,1.2381403926539205e-07
2021-04-07,17,AR1 alpha + Enhanced + One-Step,NASDAQ:AEIS,0.0
2021-04-08,17,AR1 alpha + Enhanced + One-Step,NASDAQ:AEIS,0.0
2021-04-09,17,AR1 alpha + Enhanced + One-Step,NASDAQ:AEIS,0.0
2021-04-12,17,AR1 alpha + Enhanced + One-Step,NASDAQ:AEIS,0.0
2021-04-13,17,AR1 alpha + Enhanced + One-Step,NASDAQ:AEIS,0.0
2021-04-14,17,AR1 alpha + Enhanced + One-Step,NASDAQ:AEIS,0.0
2021-04-15,17,AR1 alpha + Enhanced + One-Step,NASDAQ:AEIS,3.2611656230833067e-07
2021-04-16,17,AR1 alpha + Enhanced + One-Step,NASDAQ:AEIS,1.8408817660243437e-07
2021-04-19,17,AR1 alpha + Enhanced + One-Step,NASDAQ:AEIS,8.608367110245465e-08
2021-04-20,17,AR1 alpha + Enhanced + One-Step,NASDAQ:AEIS,0.0
2021-04-21,17,AR1 alpha + Enhanced + One-Step,NASDAQ:AEIS,0.0
2021-04-22,17,AR1 alpha + Enhanced + One-Step,NASDAQ:AEIS,0.0
2021-04-23,17,AR1 alpha + Enhanced + One-Step,NASDAQ:AEIS,0.0
2021-04-26,17,AR1 alpha + Enhanced + One-Step,NASDAQ:AEIS,0.0
2021-04-27,17,AR1 alpha + Enhanced + One-Step,NASDAQ:AEIS,0.0
2021-04-28,17,AR1 alpha + Enhanced + One-Step,NASDAQ:AEIS,0.0
2021-04-29,17,AR1 alpha + Enhanced + One-Step,NASDAQ:AEIS,0.0
2021-04-30,17,AR1 alpha + Enhanced + One-Step,NASDAQ:AEIS,0.0
2021-05-03,17,AR1 alpha + Enhanced + One-Step,NASDAQ:AEIS,1.4954777150968854e-06
2021-05-04,17,AR1 alpha + Enhanced + One-Step,NASDAQ:AEIS,7.512778148342427e-07
2021-05-05,17,AR1 alpha + Enhanced + One-Step,NASDAQ:AEIS,0.01278783137160037
2021-05-06,17,AR1 alpha + Enhanced + One-Step,NASDAQ:AEIS,0.026872520070873793
2021-05-07,17,AR1 alpha + Enhanced + One-Step,NASDAQ:AEIS,0.03582770013779921
2021-05-10,17,AR1 alpha + Enhanced + One-Step,NASDAQ:AEIS,0.035827917707070694
2021-05-11,17,AR1 alpha + Enhanced + One-Step,NASDAQ:AEIS,0.03582793814996702
2021-05-12,17,AR1 alpha + Enhanced + One-Step,NASDAQ:AEIS,0.01497693223982202
2021-05-13,17,AR1 alpha + Enhanced + One-Step,NASDAQ:AEIS,0.0
2021-05-14,17,AR1 alpha + Enhanced + One-Step,NASDAQ:AEIS,0.0
2021-05-17,17,AR1 alpha + Enhanced + One-Step,NASDAQ:AEIS,0.0
2021-05-18,17,AR1 alpha + Enhanced + One-Step,NASDAQ:AEIS,3.531189386146436e-07
2021-05-19,17,AR1 alpha + Enhanced + One-Step,NASDAQ:AEIS,6.616549681925844e-07
2021-05-20,17,AR1 alpha + Enhanced + One-Step,NASDAQ:AEIS,3.476382320363013e-07
2021-05-21,17,AR1 alpha + Enhanced + One-Step,NASDAQ:AEIS,1.9808558115651327e-07
2021-05-24,17,AR1 alpha + Enhanced + One-Step,NASDAQ:AEIS,0.0
2021-05-25,17,AR1 alpha + Enhanced + One-Step,NASDAQ:AEIS,0.0
2021-05-26,17,AR1 alpha + Enhanced + One-Step,NASDAQ:AEIS,0.0
2021-05-27,17,AR1 alpha + Enhanced + One-Step,NASDAQ:AEIS,1.3930455602193275e-08
2021-05-28,17,AR1 alpha + Enhanced + One-Step,NASDAQ:AEIS,0.0
2021-06-01,17,AR1 alpha + Enhanced + One-Step,NASDAQ:AEIS,0.0
2021-06-02,17,AR1 alpha + Enhanced + One-Step,NASDAQ:AEIS,0.0
2021-06-03,17,AR1 alpha + Enhanced + One-Step,NASDAQ:AEIS,0.0
2021-06-04,17,AR1 alpha + Enhanced + One-Step,NASDAQ:AEIS,0.0
2021-06-07,17,AR1 alpha + Enhanced + One-Step,NASDAQ:AEIS,0.0
2021-06-08,17,AR1 alpha + Enhanced + One-Step,NASDAQ:AEIS,0.0
2021-06-09,17,AR1 alpha + Enhanced + One-Step,NASDAQ:AEIS,1.2968400788966074e-07
2021-06-10,17,AR1 alpha + Enhanced + One-Step,NASDAQ:AEIS,0.0
2021-06-11,17,AR1 alpha + Enhanced + One-Step,NASDAQ:AEIS,0.0
2021-06-14,17,AR1 alpha + Enhanced + One-Step,NASDAQ:AEIS,0.0
2021-06-15,17,AR1 alpha + Enhanced + One-Step,NASDAQ:AEIS,0.0
2021-06-16,17,AR1 alpha + Enhanced + One-Step,NASDAQ:AEIS,0.0
2021-06-17,17,AR1 alpha + Enhanced + One-Step,NASDAQ:AEIS,0.0
2021-06-18,17,AR1 alpha + Enhanced + One-Step,NASDAQ:AEIS,2.0284788998836946e-07
2021-06-21,17,AR1 alpha + Enhanced + One-Step,NASDAQ:AEIS,1.2765696334229408e-06
2021-06-22,17,AR1 alpha + Enhanced + One-Step,NASDAQ:AEIS,0.0
2021-06-23,17,AR1 alpha + Enhanced + One-Step,NASDAQ:AEIS,0.0
2021-06-24,17,AR1 alpha + Enhanced + One-Step,NASDAQ:AEIS,7.505404562652424e-07
2021-06-25,17,AR1 alpha + Enhanced + One-Step,NASDAQ:AEIS,6.749451795125725e-07
2021-06-28,17,AR1 alpha + Enhanced + One-Step,NASDAQ:AEIS,3.9528950822291266e-07
2021-06-29,17,AR1 alpha + Enhanced + One-Step,NASDAQ:AEIS,1.7604913148813306e-08
2021-06-30,17,AR1 alpha + Enhanced + One-Step,NASDAQ:AEIS,1.3808222636862858e-07
2021-07-01,17,AR1 alpha + Enhanced + One-Step,NASDAQ:AEIS,2.3977368119125246e-08
2021-07-02,17,AR1 alpha + Enhanced + One-Step,NASDAQ:AEIS,0.0
2021-07-06,17,AR1 alpha + Enhanced + One-Step,NASDAQ:AEIS,0.0
2021-07-07,17,AR1 alpha + Enhanced + One-Step,NASDAQ:AEIS,5.880603241757833e-07
2021-07-08,17,AR1 alpha + Enhanced + One-Step,NASDAQ:AEIS,2.1709059707469522e-07
2021-07-09,17,AR1 alpha + Enhanced + One-Step,NASDAQ:AEIS,0.0
2021-07-12,17,AR1 alpha + Enhanced + One-Step,NASDAQ:AEIS,0.0
2021-07-13,17,AR1 alpha + Enhanced + One-Step,NASDAQ:AEIS,0.0
2021-07-14,17,AR1 alpha + Enhanced + One-Step,NASDAQ:AEIS,0.0
2021-07-15,17,AR1 alpha + Enhanced + One-Step,NASDAQ:AEIS,0.0
2021-07-16,17,AR1 alpha + Enhanced + One-Step,NASDAQ:AEIS,0.0
2021-07-19,17,AR1 alpha + Enhanced + One-Step,NASDAQ:AEIS,0.0
2021-07-20,17,AR1 alpha + Enhanced + One-Step,NASDAQ:AEIS,0.0
2021-07-21,17,AR1 alpha + Enhanced + One-Step,NASDAQ:AEIS,1.906287801351236e-07
2021-07-22,17,AR1 alpha + Enhanced + One-Step,NASDAQ:AEIS,0.0
2021-07-23,17,AR1 alpha + Enhanced + One-Step,NASDAQ:AEIS,0.0
2021-07-26,17,AR1 alpha + Enhanced + One-Step,NASDAQ:AEIS,0.0
2021-07-27,17,AR1 alpha + Enhanced + One-Step,NASDAQ:AEIS,0.0
2021-07-28,17,AR1 alpha + Enhanced + One-Step,NASDAQ:AEIS,0.0
2021-07-29,17,AR1 alpha + Enhanced + One-Step,NASDAQ:AEIS,0.0
2021-07-30,17,AR1 alpha + Enhanced + One-Step,NASDAQ:AEIS,0.0
2021-08-02,17,AR1 alpha + Enhanced + One-Step,NASDAQ:AEIS,0.0
2021-08-03,17,AR1 alpha + Enhanced + One-Step,NASDAQ:AEIS,0.0
2021-08-04,17,AR1 alpha + Enhanced + One-Step,NASDAQ:AEIS,0.0
2021-08-05,17,AR1 alpha + Enhanced + One-Step,NASDAQ:AEIS,0.0
2021-08-06,17,AR1 alpha + Enhanced + One-Step,NASDAQ:AEIS,0.0
2021-08-09,17,AR1 alpha + Enhanced + One-Step,NASDAQ:AEIS,0.0
2021-08-10,17,AR1 alpha + Enhanced + One-Step,NASDAQ:AEIS,0.0
2021-08-11,17,AR1 alpha + Enhanced + One-Step,NASDAQ:AEIS,0.0
2021-08-12,17,AR1 alpha + Enhanced + One-Step,NASDAQ:AEIS,0.0
2021-08-13,17,AR1 alpha + Enhanced + One-Step,NASDAQ:AEIS,7.22926721934382e-08
2021-08-16,17,AR1 alpha + Enhanced + One-Step,NASDAQ:AEIS,1.0970070208735469e-06
2021-08-17,17,AR1 alpha + Enhanced + One-Step,NASDAQ:AEIS,8.548903567124169e-07
2021-08-18,17,AR1 alpha + Enhanced + One-Step,NASDAQ:AEIS,7.170656650656235e-07
2021-08-19,17,AR1 alpha + Enhanced + One-Step,NASDAQ:AEIS,1.5831486535979154e-06
2021-08-20,17,AR1 alpha + Enhanced + One-Step,NASDAQ:AEIS,0.0
2021-08-23,17,AR1 alpha + Enhanced + One-Step,NASDAQ:AEIS,0.0
2021-08-24,17,AR1 alpha + Enhanced + One-Step,NASDAQ:AEIS,1.7700020199524555e-07
2021-08-25,17,AR1 alpha + Enhanced + One-Step,NASDAQ:AEIS,1.062538466433557e-07
2021-08-26,17,AR1 alpha + Enhanced + One-Step,NASDAQ:AEIS,0.0
2021-08-27,17,AR1 alpha + Enhanced + One-Step,NASDAQ:AEIS,0.0
2021-08-30,17,AR1 alpha + Enhanced + One-Step,NASDAQ:AEIS,0.0
2021-08-31,17,AR1 alpha + Enhanced + One-Step,NASDAQ:AEIS,0.0
2021-09-01,17,AR1 alpha + Enhanced + One-Step,NASDAQ:AEIS,0.0
2021-09-02,17,AR1 alpha + Enhanced + One-Step,NASDAQ:AEIS,4.524489110461703e-07
2021-09-03,17,AR1 alpha + Enhanced + One-Step,NASDAQ:AEIS,0.0
2021-09-07,17,AR1 alpha + Enhanced + One-Step,NASDAQ:AEIS,0.0
2021-09-08,17,AR1 alpha + Enhanced + One-Step,NASDAQ:AEIS,0.0
2021-09-09,17,AR1 alpha + Enhanced + One-Step,NASDAQ:AEIS,0.0
2021-09-10,17,AR1 alpha + Enhanced + One-Step,NASDAQ:AEIS,0.0
2021-09-13,17,AR1 alpha + Enhanced + One-Step,NASDAQ:AEIS,3.0262805504905966e-07
2021-09-14,17,AR1 alpha + Enhanced + One-Step,NASDAQ:AEIS,0.0
2021-09-15,17,AR1 alpha + Enhanced + One-Step,NASDAQ:AEIS,0.0
2021-09-16,17,AR1 alpha + Enhanced + One-Step,NASDAQ:AEIS,0.0
2021-09-17,17,AR1 alpha + Enhanced + One-Step,NASDAQ:AEIS,1.6278678454541198e-07
2021-09-20,17,AR1 alpha + Enhanced + One-Step,NASDAQ:AEIS,2.5454741783964985e-07
2021-09-21,17,AR1 alpha + Enhanced + One-Step,NASDAQ:AEIS,0.0
2021-09-22,17,AR1 alpha + Enhanced + One-Step,NASDAQ:AEIS,0.0
2021-09-23,17,AR1 alpha + Enhanced + One-Step,NASDAQ:AEIS,3.6039258302763875e-07
2021-09-24,17,AR1 alpha + Enhanced + One-Step,NASDAQ:AEIS,1.368505384043135e-07
2021-09-27,17,AR1 alpha + Enhanced + One-Step,NASDAQ:AEIS,7.419006581519895e-08
2021-09-28,17,AR1 alpha + Enhanced + One-Step,NASDAQ:AEIS,0.0
2021-09-29,17,AR1 alpha + Enhanced + One-Step,NASDAQ:AEIS,5.263075540361371e-07
2021-09-30,17,AR1 alpha + Enhanced + One-Step,NASDAQ:AEIS,1.740645515176591e-07
2021-10-01,17,AR1 alpha + Enhanced + One-Step,NASDAQ:AEIS,8.031408048968974e-08
2021-10-04,17,AR1 alpha + Enhanced + One-Step,NASDAQ:AEIS,1.2897179601987295e-07
2021-10-05,17,AR1 alpha + Enhanced + One-Step,NASDAQ:AEIS,0.0
2021-10-06,17,AR1 alpha + Enhanced + One-Step,NASDAQ:AEIS,0.0
2021-10-07,17,AR1 alpha + Enhanced + One-Step,NASDAQ:AEIS,0.0
2021-10-08,17,AR1 alpha + Enhanced + One-Step,NASDAQ:AEIS,0.0
2021-10-11,17,AR1 alpha + Enhanced + One-Step,NASDAQ:AEIS,0.0
2021-10-12,17,AR1 alpha + Enhanced + One-Step,NASDAQ:AEIS,1.869132370719027e-07
2021-10-13,17,AR1 alpha + Enhanced + One-Step,NASDAQ:AEIS,1.2586307848156701e-07
2021-10-14,17,AR1 alpha + Enhanced + One-Step,NASDAQ:AEIS,0.0
2021-10-15,17,AR1 alpha + Enhanced + One-Step,NASDAQ:AEIS,0.0
2021-10-18,17,AR1 alpha + Enhanced + One-Step,NASDAQ:AEIS,0.0
2021-10-19,17,AR1 alpha + Enhanced + One-Step,NASDAQ:AEIS,0.0
2021-10-20,17,AR1 alpha + Enhanced + One-Step,NASDAQ:AEIS,1.4930420273398977e-07
2021-10-21,17,AR1 alpha + Enhanced + One-Step,NASDAQ:AEIS,8.173386000951729e-08
2021-10-22,17,AR1 alpha + Enhanced + One-Step,NASDAQ:AEIS,0.0
2021-10-25,17,AR1 alpha + Enhanced + One-Step,NASDAQ:AEIS,0.0
2021-10-26,17,AR1 alpha + Enhanced + One-Step,NASDAQ:AEIS,0.0
2021-10-27,17,AR1 alpha + Enhanced + One-Step,NASDAQ:AEIS,1.684004333671089e-08
2021-10-28,17,AR1 alpha + Enhanced + One-Step,NASDAQ:AEIS,1.089254867906822e-07
2021-10-29,17,AR1 alpha + Enhanced + One-Step,NASDAQ:AEIS,0.0
2021-11-01,17,AR1 alpha + Enhanced + One-Step,NASDAQ:AEIS,0.0
2021-11-02,17,AR1 alpha + Enhanced + One-Step,NASDAQ:AEIS,0.0
2021-11-03,17,AR1 alpha + Enhanced + One-Step,NASDAQ:AEIS,1.6184698875360012e-06
2021-11-04,17,AR1 alpha + Enhanced + One-Step,NASDAQ:AEIS,1.3962409891514457e-06
2021-11-05,17,AR1 alpha + Enhanced + One-Step,NASDAQ:AEIS,6.594366761647086e-07
2021-11-08,17,AR1 alpha + Enhanced + One-Step,NASDAQ:AEIS,1.0765114139961912e-06
2021-11-09,17,AR1 alpha + Enhanced + One-Step,NASDAQ:AEIS,6.620501063345991e-07
2021-11-10,17,AR1 alpha + Enhanced + One-Step,NASDAQ:AEIS,9.61330535002757e-07
2021-11-11,17,AR1 alpha + Enhanced + One-Step,NASDAQ:AEIS,5.484310499588985e-07
2021-11-12,17,AR1 alpha + Enhanced + One-Step,NASDAQ:AEIS,4.072098447313224e-07
2021-11-15,17,AR1 alpha + Enhanced + One-Step,NASDAQ:AEIS,6.440986486602866e-07
2021-11-16,17,AR1 alpha + Enhanced + One-Step,NASDAQ:AEIS,0.0
2021-11-17,17,AR1 alpha + Enhanced + One-Step,NASDAQ:AEIS,0.0
2021-11-18,17,AR1 alpha + Enhanced + One-Step,NASDAQ:AEIS,0.0
2021-11-19,17,AR1 alpha + Enhanced + One-Step,NASDAQ:AEIS,2.151766801135967e-07
2021-11-22,17,AR1 alpha + Enhanced + One-Step,NASDAQ:AEIS,2.919998314322485e-07
2021-11-23,17,AR1 alpha + Enhanced + One-Step,NASDAQ:AEIS,0.0
2021-11-24,17,AR1 alpha + Enhanced + One-Step,NASDAQ:AEIS,0.0
2021-11-26,17,AR1 alpha + Enhanced + One-Step,NASDAQ:AEIS,0.0
2021-11-29,17,AR1 alpha + Enhanced + One-Step,NASDAQ:AEIS,0.0
2021-11-30,17,AR1 alpha + Enhanced + One-Step,NASDAQ:AEIS,0.0
2021-12-01,17,AR1 alpha + Enhanced + One-Step,NASDAQ:AEIS,0.0
2021-12-02,17,AR1 alpha + Enhanced + One-Step,NASDAQ:AEIS,0.0
2021-12-03,17,AR1 alpha + Enhanced + One-Step,NASDAQ:AEIS,0.0
2021-12-06,17,AR1 alpha + Enhanced + One-Step,NASDAQ:AEIS,3.88348587506368e-07
2021-12-07,17,AR1 alpha + Enhanced + One-Step,NASDAQ:AEIS,1.7374684284241657e-07
2021-12-08,17,AR1 alpha + Enhanced + One-Step,NASDAQ:AEIS,0.0
2021-12-09,17,AR1 alpha + Enhanced + One-Step,NASDAQ:AEIS,0.0
2021-12-10,17,AR1 alpha + Enhanced + One-Step,NASDAQ:AEIS,0.0
2021-12-13,17,AR1 alpha + Enhanced + One-Step,NASDAQ:AEIS,0.0
2021-12-14,17,AR1 alpha + Enhanced + One-Step,NASDAQ:AEIS,0.0
2021-12-15,17,AR1 alpha + Enhanced + One-Step,NASDAQ:AEIS,1.1465740111069824e-07
2021-12-16,17,AR1 alpha + Enhanced + One-Step,NASDAQ:AEIS,1.0807404709941387e-07
2021-12-17,17,AR1 alpha + Enhanced + One-Step,NASDAQ:AEIS,1.195498211628093e-08
2021-12-20,17,AR1 alpha + Enhanced + One-Step,NASDAQ:AEIS,4.2690734662340824e-08
2021-12-21,17,AR1 alpha + Enhanced + One-Step,NASDAQ:AEIS,2.0693201795372455e-07
2021-12-22,17,AR1 alpha + Enhanced + One-Step,NASDAQ:AEIS,0.0
2021-12-23,17,AR1 alpha + Enhanced + One-Step,NASDAQ:AEIS,2.445566188002707e-07
2021-12-27,17,AR1 alpha + Enhanced + One-Step,NASDAQ:AEIS,1.5332793762414996e-07
2021-12-28,17,AR1 alpha + Enhanced + One-Step,NASDAQ:AEIS,1.097161447692187e-07
2021-12-29,17,AR1 alpha + Enhanced + One-Step,NASDAQ:AEIS,5.609562815803319e-07
2021-12-30,17,AR1 alpha + Enhanced + One-Step,NASDAQ:AEIS,0.0
2021-12-31,17,AR1 alpha + Enhanced + One-Step,NASDAQ:AEIS,0.0
2022-01-03,17,AR1 alpha + Enhanced + One-Step,NASDAQ:AEIS,7.35195987838195e-08
2022-01-04,17,AR1 alpha + Enhanced + One-Step,NASDAQ:AEIS,8.408382062689035e-08
2022-01-05,17,AR1 alpha + Enhanced + One-Step,NASDAQ:AEIS,3.929398002235887e-08
2022-01-06,17,AR1 alpha + Enhanced + One-Step,NASDAQ:AEIS,6.031334453821284e-08
2022-01-07,17,AR1 alpha + Enhanced + One-Step,NASDAQ:AEIS,9.276483697578141e-08
2022-01-10,17,AR1 alpha + Enhanced + One-Step,NASDAQ:AEIS,4.4680330084598276e-08
2022-01-11,17,AR1 alpha + Enhanced + One-Step,NASDAQ:AEIS,2.560371846268777e-08
2022-01-12,17,AR1 alpha + Enhanced + One-Step,NASDAQ:AEIS,0.0
2022-01-13,17,AR1 alpha + Enhanced + One-Step,NASDAQ:AEIS,0.0
2022-01-14,17,AR1 alpha + Enhanced + One-Step,NASDAQ:AEIS,0.0
2022-01-18,17,AR1 alpha + Enhanced + One-Step,NASDAQ:AEIS,8.891058316929848e-08
2022-01-19,17,AR1 alpha + Enhanced + One-Step,NASDAQ:AEIS,0.0
2022-01-20,17,AR1 alpha + Enhanced + One-Step,NASDAQ:AEIS,4.085508008809246e-08
2022-01-21,17,AR1 alpha + Enhanced + One-Step,NASDAQ:AEIS,0.0
2022-01-24,17,AR1 alpha + Enhanced + One-Step,NASDAQ:AEIS,0.0
2022-01-25,17,AR1 alpha + Enhanced + One-Step,NASDAQ:AEIS,8.777521009065976e-08
2022-01-26,17,AR1 alpha + Enhanced + One-Step,NASDAQ:AEIS,2.0058030465441086e-07
2022-01-27,17,AR1 alpha + Enhanced + One-Step,NASDAQ:AEIS,3.444476795047227e-07
2022-01-28,17,AR1 alpha + Enhanced + One-Step,NASDAQ:AEIS,1.8713409608810606e-07
2022-01-31,17,AR1 alpha + Enhanced + One-Step,NASDAQ:AEIS,4.871875567065316e-07
2022-02-01,17,AR1 alpha + Enhanced + One-Step,NASDAQ:AEIS,2.913441325761705e-07
2022-02-02,17,AR1 alpha + Enhanced + One-Step,NASDAQ:AEIS,1.6186748835843104e-07
2022-02-03,17,AR1 alpha + Enhanced + One-Step,NASDAQ:AEIS,7.428033539921608e-08
2022-02-04,17,AR1 alpha + Enhanced + One-Step,NASDAQ:AEIS,1.4248103615836128e-08
2022-02-07,17,AR1 alpha + Enhanced + One-Step,NASDAQ:AEIS,0.0
2022-02-08,17,AR1 alpha + Enhanced + One-Step,NASDAQ:AEIS,0.0
2022-02-09,17,AR1 alpha + Enhanced + One-Step,NASDAQ:AEIS,2.32977192062383e-08
2022-02-10,17,AR1 alpha + Enhanced + One-Step,NASDAQ:AEIS,5.70812608327383e-09
2022-02-11,17,AR1 alpha + Enhanced + One-Step,NASDAQ:AEIS,3.8361788401677177e-07
2022-02-14,17,AR1 alpha + Enhanced + One-Step,NASDAQ:AEIS,1.5086391773599382e-07
2022-02-15,17,AR1 alpha + Enhanced + One-Step,NASDAQ:AEIS,6.885157413275556e-08
2022-02-16,17,AR1 alpha + Enhanced + One-Step,NASDAQ:AEIS,0.0
2022-02-17,17,AR1 alpha + Enhanced + One-Step,NASDAQ:AEIS,0.0
2022-02-18,17,AR1 alpha + Enhanced + One-Step,NASDAQ:AEIS,2.0885427388208804e-08
2022-02-22,17,AR1 alpha + Enhanced + One-Step,NASDAQ:AEIS,0.0
2022-02-23,17,AR1 alpha + Enhanced + One-Step,NASDAQ:AEIS,0.0
2022-02-24,17,AR1 alpha + Enhanced + One-Step,NASDAQ:AEIS,0.0
2022-02-25,17,AR1 alpha + Enhanced + One-Step,NASDAQ:AEIS,4.060866178204227e-08
2022-02-28,17,AR1 alpha + Enhanced + One-Step,NASDAQ:AEIS,3.7446784858123323e-08
2022-03-01,17,AR1 alpha + Enhanced + One-Step,NASDAQ:AEIS,9.007644933077681e-08
2022-03-02,17,AR1 alpha + Enhanced + One-Step,NASDAQ:AEIS,0.0
2022-03-03,17,AR1 alpha + Enhanced + One-Step,NASDAQ:AEIS,0.0
2022-03-04,17,AR1 alpha + Enhanced + One-Step,NASDAQ:AEIS,0.0
2022-03-07,17,AR1 alpha + Enhanced + One-Step,NASDAQ:AEIS,1.6227719409552615e-06
2022-03-08,17,AR1 alpha + Enhanced + One-Step,NASDAQ:AEIS,1.0236667597023998e-06
2022-03-09,17,AR1 alpha + Enhanced + One-Step,NASDAQ:AEIS,0.0
2022-03-10,17,AR1 alpha + Enhanced + One-Step,NASDAQ:AEIS,1.0873007950004132e-07
2022-03-11,17,AR1 alpha + Enhanced + One-Step,NASDAQ:AEIS,0.0
2022-03-14,17,AR1 alpha + Enhanced + One-Step,NASDAQ:AEIS,0.0
2022-03-15,17,AR1 alpha + Enhanced + One-Step,NASDAQ:AEIS,0.0
2022-03-16,17,AR1 alpha + Enhanced + One-Step,NASDAQ:AEIS,1.474595312200621e-09
2022-03-17,17,AR1 alpha + Enhanced + One-Step,NASDAQ:AEIS,2.7122276808020487e-08
2022-03-18,17,AR1 alpha + Enhanced + One-Step,NASDAQ:AEIS,0.0
2022-03-21,17,AR1 alpha + Enhanced + One-Step,NASDAQ:AEIS,1.7196454007910464e-07
2022-03-22,17,AR1 alpha + Enhanced + One-Step,NASDAQ:AEIS,1.07318626636668e-07
2022-03-23,17,AR1 alpha + Enhanced + One-Step,NASDAQ:AEIS,5.922248423763761e-08
2022-03-24,17,AR1 alpha + Enhanced + One-Step,NASDAQ:AEIS,0.0
2022-03-25,17,AR1 alpha + Enhanced + One-Step,NASDAQ:AEIS,0.0
2022-03-28,17,AR1 alpha + Enhanced + One-Step,NASDAQ:AEIS,0.0
2022-03-29,17,AR1 alpha + Enhanced + One-Step,NASDAQ:AEIS,0.0
2022-03-30,17,AR1 alpha + Enhanced + One-Step,NASDAQ:AEIS,2.593003921790908e-09
2022-03-31,17,AR1 alpha + Enhanced + One-Step,NASDAQ:AEIS,0.0
2022-04-01,17,AR1 alpha + Enhanced + One-Step,NASDAQ:AEIS,0.0
2022-04-04,17,AR1 alpha + Enhanced + One-Step,NASDAQ:AEIS,0.0
2022-04-05,17,AR1 alpha + Enhanced + One-Step,NASDAQ:AEIS,3.4334616090160754e-08
2022-04-06,17,AR1 alpha + Enhanced + One-Step,NASDAQ:AEIS,5.697027561299863e-07
2022-04-07,17,AR1 alpha + Enhanced + One-Step,NASDAQ:AEIS,2.4438371200105303e-08
2022-04-08,17,AR1 alpha + Enhanced + One-Step,NASDAQ:AEIS,3.78559327353909e-07
2022-04-11,17,AR1 alpha + Enhanced + One-Step,NASDAQ:AEIS,0.0
2022-04-12,17,AR1 alpha + Enhanced + One-Step,NASDAQ:AEIS,0.0
2022-04-13,17,AR1 alpha + Enhanced + One-Step,NASDAQ:AEIS,2.5748737133148888e-08
2022-04-14,17,AR1 alpha + Enhanced + One-Step,NASDAQ:AEIS,0.0
2022-04-18,17,AR1 alpha + Enhanced + One-Step,NASDAQ:AEIS,0.0
2022-04-19,17,AR1 alpha + Enhanced + One-Step,NASDAQ:AEIS,0.0
2022-04-20,17,AR1 alpha + Enhanced + One-Step,NASDAQ:AEIS,0.0
2022-04-21,17,AR1 alpha + Enhanced + One-Step,NASDAQ:AEIS,0.0
2022-04-22,17,AR1 alpha + Enhanced + One-Step,NASDAQ:AEIS,0.0
2022-04-25,17,AR1 alpha + Enhanced + One-Step,NASDAQ:AEIS,0.0
2022-04-26,17,AR1 alpha + Enhanced + One-Step,NASDAQ:AEIS,8.599453300795684e-08
2022-04-27,17,AR1 alpha + Enhanced + One-Step,NASDAQ:AEIS,0.0
2022-04-28,17,AR1 alpha + Enhanced + One-Step,NASDAQ:AEIS,0.0
2022-04-29,17,AR1 alpha + Enhanced + One-Step,NASDAQ:AEIS,0.0
2022-05-02,17,AR1 alpha + Enhanced + One-Step,NASDAQ:AEIS,0.0
2022-05-03,17,AR1 alpha + Enhanced + One-Step,NASDAQ:AEIS,0.0
2022-05-04,17,AR1 alpha + Enhanced + One-Step,NASDAQ:AEIS,0.0
2022-05-05,17,AR1 alpha + Enhanced + One-Step,NASDAQ:AEIS,0.0
2022-05-06,17,AR1 alpha + Enhanced + One-Step,NASDAQ:AEIS,0.0
2022-05-09,17,AR1 alpha + Enhanced + One-Step,NASDAQ:AEIS,0.0
2022-05-10,17,AR1 alpha + Enhanced + One-Step,NASDAQ:AEIS,0.0
2022-05-11,17,AR1 alpha + Enhanced + One-Step,NASDAQ:AEIS,0.0
2022-05-12,17,AR1 alpha + Enhanced + One-Step,NASDAQ:AEIS,0.0
2022-05-13,17,AR1 alpha + Enhanced + One-Step,NASDAQ:AEIS,0.0
2022-05-16,17,AR1 alpha + Enhanced + One-Step,NASDAQ:AEIS,0.0
2022-05-17,17,AR1 alpha + Enhanced + One-Step,NASDAQ:AEIS,0.0
2022-05-18,17,AR1 alpha + Enhanced + One-Step,NASDAQ:AEIS,0.0
2022-05-19,17,AR1 alpha + Enhanced + One-Step,NASDAQ:AEIS,0.0
2022-05-20,17,AR1 alpha + Enhanced + One-Step,NASDAQ:AEIS,0.0
2022-05-23,17,AR1 alpha + Enhanced + One-Step,NASDAQ:AEIS,0.0
2022-05-24,17,AR1 alpha + Enhanced + One-Step,NASDAQ:AEIS,0.0
2022-05-25,17,AR1 alpha + Enhanced + One-Step,NASDAQ:AEIS,0.0
2022-05-26,17,AR1 alpha + Enhanced + One-Step,NASDAQ:AEIS,0.0
2022-05-27,17,AR1 alpha + Enhanced + One-Step,NASDAQ:AEIS,2.118917469426434e-07
2022-05-31,17,AR1 alpha + Enhanced + One-Step,NASDAQ:AEIS,0.0
2022-06-01,17,AR1 alpha + Enhanced + One-Step,NASDAQ:AEIS,7.688986098500325e-07
2022-06-02,17,AR1 alpha + Enhanced + One-Step,NASDAQ:AEIS,4.259798274967329e-07
2022-06-03,17,AR1 alpha + Enhanced + One-Step,NASDAQ:AEIS,0.0
2022-06-06,17,AR1 alpha + Enhanced + One-Step,NASDAQ:AEIS,0.0
2022-06-07,17,AR1 alpha + Enhanced + One-Step,NASDAQ:AEIS,0.0
2022-06-08,17,AR1 alpha + Enhanced + One-Step,NASDAQ:AEIS,0.0
2022-06-09,17,AR1 alpha + Enhanced + One-Step,NASDAQ:AEIS,0.0
2022-06-10,17,AR1 alpha + Enhanced + One-Step,NASDAQ:AEIS,0.0
2022-06-13,17,AR1 alpha + Enhanced + One-Step,NASDAQ:AEIS,0.0
2022-06-14,17,AR1 alpha + Enhanced + One-Step,NASDAQ:AEIS,3.038295564056388e-07
2022-06-15,17,AR1 alpha + Enhanced + One-Step,NASDAQ:AEIS,0.0
2022-06-16,17,AR1 alpha + Enhanced + One-Step,NASDAQ:AEIS,0.0
2022-06-17,17,AR1 alpha + Enhanced + One-Step,NASDAQ:AEIS,0.0
2022-06-21,17,AR1 alpha + Enhanced + One-Step,NASDAQ:AEIS,0.0
2022-06-22,17,AR1 alpha + Enhanced + One-Step,NASDAQ:AEIS,0.0
2022-06-23,17,AR1 alpha + Enhanced + One-Step,NASDAQ:AEIS,0.0
2022-06-24,17,AR1 alpha + Enhanced + One-Step,NASDAQ:AEIS,0.0
2022-06-27,17,AR1 alpha + Enhanced + One-Step,NASDAQ:AEIS,3.698236615536365e-08
2022-06-28,17,AR1 alpha + Enhanced + One-Step,NASDAQ:AEIS,1.6069797651144825e-08
2022-06-29,17,AR1 alpha + Enhanced + One-Step,NASDAQ:AEIS,0.0
2022-06-30,17,AR1 alpha + Enhanced + One-Step,NASDAQ:AEIS,1.0148639648200381e-07
2022-07-01,17,AR1 alpha + Enhanced + One-Step,NASDAQ:AEIS,6.117007076370992e-08
2022-07-05,17,AR1 alpha + Enhanced + One-Step,NASDAQ:AEIS,2.831564457668163e-08
2022-07-06,17,AR1 alpha + Enhanced + One-Step,NASDAQ:AEIS,0.0
2022-07-07,17,AR1 alpha + Enhanced + One-Step,NASDAQ:AEIS,0.0
2022-07-08,17,AR1 alpha + Enhanced + One-Step,NASDAQ:AEIS,0.0
2022-07-11,17,AR1 alpha + Enhanced + One-Step,NASDAQ:AEIS,0.0
2022-07-12,17,AR1 alpha + Enhanced + One-Step,NASDAQ:AEIS,0.0
2022-07-13,17,AR1 alpha + Enhanced + One-Step,NASDAQ:AEIS,0.0
2022-07-14,17,AR1 alpha + Enhanced + One-Step,NASDAQ:AEIS,0.0
2022-07-15,17,AR1 alpha + Enhanced + One-Step,NASDAQ:AEIS,0.0
2022-07-18,17,AR1 alpha + Enhanced + One-Step,NASDAQ:AEIS,0.0
2022-07-19,17,AR1 alpha + Enhanced + One-Step,NASDAQ:AEIS,0.0
2022-07-20,17,AR1 alpha + Enhanced + One-Step,NASDAQ:AEIS,0.0
2022-07-21,17,AR1 alpha + Enhanced + One-Step,NASDAQ:AEIS,0.0
2022-07-22,17,AR1 alpha + Enhanced + One-Step,NASDAQ:AEIS,0.0
2022-07-25,17,AR1 alpha + Enhanced + One-Step,NASDAQ:AEIS,3.23911551140165e-07
2022-07-26,17,AR1 alpha + Enhanced + One-Step,NASDAQ:AEIS,0.0
2022-07-27,17,AR1 alpha + Enhanced + One-Step,NASDAQ:AEIS,0.0
2022-07-28,17,AR1 alpha + Enhanced + One-Step,NASDAQ:AEIS,0.0
2022-07-29,17,AR1 alpha + Enhanced + One-Step,NASDAQ:AEIS,0.0
2022-08-01,17,AR1 alpha + Enhanced + One-Step,NASDAQ:AEIS,0.0
2022-08-02,17,AR1 alpha + Enhanced + One-Step,NASDAQ:AEIS,0.0
2022-08-03,17,AR1 alpha + Enhanced + One-Step,NASDAQ:AEIS,0.0
2022-08-04,17,AR1 alpha + Enhanced + One-Step,NASDAQ:AEIS,1.206028759555337e-07
2022-08-05,17,AR1 alpha + Enhanced + One-Step,NASDAQ:AEIS,0.0
2022-08-08,17,AR1 alpha + Enhanced + One-Step,NASDAQ:AEIS,0.0
2022-08-09,17,AR1 alpha + Enhanced + One-Step,NASDAQ:AEIS,3.590096451839572e-07
2022-08-10,17,AR1 alpha + Enhanced + One-Step,NASDAQ:AEIS,0.0
2022-08-11,17,AR1 alpha + Enhanced + One-Step,NASDAQ:AEIS,0.0
2022-08-12,17,AR1 alpha + Enhanced + One-Step,NASDAQ:AEIS,1.0847298632935838e-08
2022-08-15,17,AR1 alpha + Enhanced + One-Step,NASDAQ:AEIS,1.2184359070133759e-09
2022-08-16,17,AR1 alpha + Enhanced + One-Step,NASDAQ:AEIS,5.3950843396974945e-08
2022-08-17,17,AR1 alpha + Enhanced + One-Step,NASDAQ:AEIS,5.091662904472477e-07
2022-08-18,17,AR1 alpha + Enhanced + One-Step,NASDAQ:AEIS,0.0
2022-08-19,17,AR1 alpha + Enhanced + One-Step,NASDAQ:AEIS,0.0
2022-08-22,17,AR1 alpha + Enhanced + One-Step,NASDAQ:AEIS,1.992624612764683e-06
2022-08-23,17,AR1 alpha + Enhanced + One-Step,NASDAQ:AEIS,1.462125586287143e-06
2022-08-24,17,AR1 alpha + Enhanced + One-Step,NASDAQ:AEIS,6.88131621743702e-07
2022-08-25,17,AR1 alpha + Enhanced + One-Step,NASDAQ:AEIS,0.0
2022-08-26,17,AR1 alpha + Enhanced + One-Step,NASDAQ:AEIS,0.003206493965409108
2022-08-29,17,AR1 alpha + Enhanced + One-Step,NASDAQ:AEIS,0.0032065632989183687
2022-08-30,17,AR1 alpha + Enhanced + One-Step,NASDAQ:AEIS,0.0032065170846909295
2022-08-31,17,AR1 alpha + Enhanced + One-Step,NASDAQ:AEIS,0.0032063843898374016
2022-09-01,17,AR1 alpha + Enhanced + One-Step,NASDAQ:AEIS,0.007123345265697373
2022-09-02,17,AR1 alpha + Enhanced + One-Step,NASDAQ:AEIS,0.00753844159149224
2022-09-06,17,AR1 alpha + Enhanced + One-Step,NASDAQ:AEIS,0.007538452368786992
2022-09-07,17,AR1 alpha + Enhanced + One-Step,NASDAQ:AEIS,0.007538478297719507
2022-09-08,17,AR1 alpha + Enhanced + One-Step,NASDAQ:AEIS,0.0075385807720898135
2022-09-09,17,AR1 alpha + Enhanced + One-Step,NASDAQ:AEIS,0.0036780659487627063
2022-09-12,17,AR1 alpha + Enhanced + One-Step,NASDAQ:AEIS,0.0
2022-09-13,17,AR1 alpha + Enhanced + One-Step,NASDAQ:AEIS,0.006107581637058086
2022-09-14,17,AR1 alpha + Enhanced + One-Step,NASDAQ:AEIS,0.0
2022-09-15,17,AR1 alpha + Enhanced + One-Step,NASDAQ:AEIS,0.0
2022-09-16,17,AR1 alpha + Enhanced + One-Step,NASDAQ:AEIS,4.706293929421984e-08
2022-09-19,17,AR1 alpha + Enhanced + One-Step,NASDAQ:AEIS,6.269327201284713e-08
2022-09-20,17,AR1 alpha + Enhanced + One-Step,NASDAQ:AEIS,1.4734431270767138e-07
2022-09-21,17,AR1 alpha + Enhanced + One-Step,NASDAQ:AEIS,0.0
2022-09-22,17,AR1 alpha + Enhanced + One-Step,NASDAQ:AEIS,0.0
2022-09-23,17,AR1 alpha + Enhanced + One-Step,NASDAQ:AEIS,1.2995766709903948e-06
2022-09-26,17,AR1 alpha + Enhanced + One-Step,NASDAQ:AEIS,0.0027917484973368828
2022-09-27,17,AR1 alpha + Enhanced + One-Step,NASDAQ:AEIS,0.002791677107982498
2022-09-28,17,AR1 alpha + Enhanced + One-Step,NASDAQ:AEIS,1.878461965084347e-07
2022-09-29,17,AR1 alpha + Enhanced + One-Step,NASDAQ:AEIS,3.950782422281829e-07
2022-09-30,17,AR1 alpha + Enhanced + One-Step,NASDAQ:AEIS,0.014789570198346562
2022-10-03,17,AR1 alpha + Enhanced + One-Step,NASDAQ:AEIS,1.5255739433489974e-07
2022-10-04,17,AR1 alpha + Enhanced + One-Step,NASDAQ:AEIS,5.9140698628636265e-08
2022-10-05,17,AR1 alpha + Enhanced + One-Step,NASDAQ:AEIS,0.0
2022-10-06,17,AR1 alpha + Enhanced + One-Step,NASDAQ:AEIS,0.0
2022-10-07,17,AR1 alpha + Enhanced + One-Step,NASDAQ:AEIS,0.01451695850108843
2022-10-10,17,AR1 alpha + Enhanced + One-Step,NASDAQ:AEIS,0.030496676043668815
2022-10-11,17,AR1 alpha + Enhanced + One-Step,NASDAQ:AEIS,0.055415669987194306
2022-10-12,17,AR1 alpha + Enhanced + One-Step,NASDAQ:AEIS,0.059776206248746654
2022-10-13,17,AR1 alpha + Enhanced + One-Step,NASDAQ:AEIS,0.05977804437174081
2022-10-14,17,AR1 alpha + Enhanced + One-Step,NASDAQ:AEIS,0.05977808811879648
2022-10-17,17,AR1 alpha + Enhanced + One-Step,NASDAQ:AEIS,0.058485983209157315
2022-10-18,17,AR1 alpha + Enhanced + One-Step,NASDAQ:AEIS,0.044644268415379176
2022-10-19,17,AR1 alpha + Enhanced + One-Step,NASDAQ:AEIS,0.026262024919075578
2022-10-20,17,AR1 alpha + Enhanced + One-Step,NASDAQ:AEIS,0.010435818484050105
2022-10-21,17,AR1 alpha + Enhanced + One-Step,NASDAQ:AEIS,2.5341663286001305e-07
2022-10-24,17,AR1 alpha + Enhanced + One-Step,NASDAQ:AEIS,0.0
2022-10-25,17,AR1 alpha + Enhanced + One-Step,NASDAQ:AEIS,1.3001592574691503e-08
2022-10-26,17,AR1 alpha + Enhanced + One-Step,NASDAQ:AEIS,3.879778307531795e-08
2022-10-27,17,AR1 alpha + Enhanced + One-Step,NASDAQ:AEIS,0.0
2022-10-28,17,AR1 alpha + Enhanced + One-Step,NASDAQ:AEIS,0.0
2022-10-31,17,AR1 alpha + Enhanced + One-Step,NASDAQ:AEIS,0.0
2022-11-01,17,AR1 alpha + Enhanced + One-Step,NASDAQ:AEIS,0.0
2022-11-02,17,AR1 alpha + Enhanced + One-Step,NASDAQ:AEIS,4.1720466857831825e-08
2022-11-03,17,AR1 alpha + Enhanced + One-Step,NASDAQ:AEIS,1.3039476143569268e-06
2022-11-04,17,AR1 alpha + Enhanced + One-Step,NASDAQ:AEIS,4.721568846101983e-07
2022-11-07,17,AR1 alpha + Enhanced + One-Step,NASDAQ:AEIS,0.0
2022-11-08,17,AR1 alpha + Enhanced + One-Step,NASDAQ:AEIS,6.814297041428359e-08
2022-11-09,17,AR1 alpha + Enhanced + One-Step,NASDAQ:AEIS,0.0
2022-11-10,17,AR1 alpha + Enhanced + One-Step,NASDAQ:AEIS,8.413408413120105e-09
2022-11-11,17,AR1 alpha + Enhanced + One-Step,NASDAQ:AEIS,0.0
2022-11-14,17,AR1 alpha + Enhanced + One-Step,NASDAQ:AEIS,0.0
2022-11-15,17,AR1 alpha + Enhanced + One-Step,NASDAQ:AEIS,1.4651637789663496e-08
2022-11-16,17,AR1 alpha + Enhanced + One-Step,NASDAQ:AEIS,2.011771668388812e-08
2022-11-17,17,AR1 alpha + Enhanced + One-Step,NASDAQ:AEIS,0.0
2022-11-18,17,AR1 alpha + Enhanced + One-Step,NASDAQ:AEIS,2.7307271297671844e-08
2022-11-21,17,AR1 alpha + Enhanced + One-Step,NASDAQ:AEIS,0.0
2022-11-22,17,AR1 alpha + Enhanced + One-Step,NASDAQ:AEIS,0.0
2022-11-23,17,AR1 alpha + Enhanced + One-Step,NASDAQ:AEIS,3.0156694789335444e-07
2022-11-25,17,AR1 alpha + Enhanced + One-Step,NASDAQ:AEIS,3.14760194292486e-07
2022-11-28,17,AR1 alpha + Enhanced + One-Step,NASDAQ:AEIS,2.1431748087871446e-07
2022-11-29,17,AR1 alpha + Enhanced + One-Step,NASDAQ:AEIS,1.4347669810762003e-07
2022-11-30,17,AR1 alpha + Enhanced + One-Step,NASDAQ:AEIS,8.962899631479482e-08
2022-12-01,17,AR1 alpha + Enhanced + One-Step,NASDAQ:AEIS,1.8447237036497246e-08
2022-12-02,17,AR1 alpha + Enhanced + One-Step,NASDAQ:AEIS,4.9162501520252174e-08
2022-12-05,17,AR1 alpha + Enhanced + One-Step,NASDAQ:AEIS,0.0
2022-12-06,17,AR1 alpha + Enhanced + One-Step,NASDAQ:AEIS,0.0
2022-12-07,17,AR1 alpha + Enhanced + One-Step,NASDAQ:AEIS,1.7688831655706902e-09
2022-12-08,17,AR1 alpha + Enhanced + One-Step,NASDAQ:AEIS,0.0
2022-12-09,17,AR1 alpha + Enhanced + One-Step,NASDAQ:AEIS,0.0
2022-12-12,17,AR1 alpha + Enhanced + One-Step,NASDAQ:AEIS,0.0
2022-12-13,17,AR1 alpha + Enhanced + One-Step,NASDAQ:AEIS,0.0
2022-12-14,17,AR1 alpha + Enhanced + One-Step,NASDAQ:AEIS,0.0
2022-12-15,17,AR1 alpha + Enhanced + One-Step,NASDAQ:AEIS,0.0
2022-12-16,17,AR1 alpha + Enhanced + One-Step,NASDAQ:AEIS,3.1357059144633294e-07
2022-12-19,17,AR1 alpha + Enhanced + One-Step,NASDAQ:AEIS,0.011449748962138184
2022-12-20,17,AR1 alpha + Enhanced + One-Step,NASDAQ:AEIS,0.01144958363639602
2022-12-21,17,AR1 alpha + Enhanced + One-Step,NASDAQ:AEIS,0.01144968081767591
2022-12-22,17,AR1 alpha + Enhanced + One-Step,NASDAQ:AEIS,0.013203113219857216
2022-12-23,17,AR1 alpha + Enhanced + One-Step,NASDAQ:AEIS,0.013203159619142176
2022-12-27,17,AR1 alpha + Enhanced + One-Step,NASDAQ:AEIS,2.9246234424074206e-07
2022-12-28,17,AR1 alpha + Enhanced + One-Step,NASDAQ:AEIS,1.86214514911933e-07
2022-12-29,17,AR1 alpha + Enhanced + One-Step,NASDAQ:AEIS,2.008964863044794e-09
2022-12-30,17,AR1 alpha + Enhanced + One-Step,NASDAQ:AEIS,0.0
2023-01-03,17,AR1 alpha + Enhanced + One-Step,NASDAQ:AEIS,4.540524782230527e-09
2023-01-04,17,AR1 alpha + Enhanced + One-Step,NASDAQ:AEIS,4.6959280061758145e-09
2023-01-05,17,AR1 alpha + Enhanced + One-Step,NASDAQ:AEIS,3.184119169088219e-07
2023-01-06,17,AR1 alpha + Enhanced + One-Step,NASDAQ:AEIS,8.705575195387453e-08
2023-01-09,17,AR1 alpha + Enhanced + One-Step,NASDAQ:AEIS,0.0
2023-01-10,17,AR1 alpha + Enhanced + One-Step,NASDAQ:AEIS,1.6278996367967188e-07
2023-01-11,17,AR1 alpha + Enhanced + One-Step,NASDAQ:AEIS,0.0
2023-01-12,17,AR1 alpha + Enhanced + One-Step,NASDAQ:AEIS,0.0
2023-01-13,17,AR1 alpha + Enhanced + One-Step,NASDAQ:AEIS,0.0
2023-01-17,17,AR1 alpha + Enhanced + One-Step,NASDAQ:AEIS,0.0
2023-01-18,17,AR1 alpha + Enhanced + One-Step,NASDAQ:AEIS,1.5352067447168183e-07
2023-01-19,17,AR1 alpha + Enhanced + One-Step,NASDAQ:AEIS,0.0
2023-01-20,17,AR1 alpha + Enhanced + One-Step,NASDAQ:AEIS,0.0
2023-01-23,17,AR1 alpha + Enhanced + One-Step,NASDAQ:AEIS,0.0
2023-01-24,17,AR1 alpha + Enhanced + One-Step,NASDAQ:AEIS,1.4222865197147045e-08
2023-01-25,17,AR1 alpha + Enhanced + One-Step,NASDAQ:AEIS,2.6402386207159147e-08
2023-01-26,17,AR1 alpha + Enhanced + One-Step,NASDAQ:AEIS,0.0
2023-01-27,17,AR1 alpha + Enhanced + One-Step,NASDAQ:AEIS,0.0
2023-01-30,17,AR1 alpha + Enhanced + One-Step,NASDAQ:AEIS,2.468879320137289e-08
2023-01-31,17,AR1 alpha + Enhanced + One-Step,NASDAQ:AEIS,0.0
2023-02-01,17,AR1 alpha + Enhanced + One-Step,NASDAQ:AEIS,1.5806254010189247e-09
2023-02-02,17,AR1 alpha + Enhanced + One-Step,NASDAQ:AEIS,7.882791843802288e-07
2023-02-03,17,AR1 alpha + Enhanced + One-Step,NASDAQ:AEIS,5.13338046011108e-07
2023-02-06,17,AR1 alpha + Enhanced + One-Step,NASDAQ:AEIS,5.803080535104791e-07
2023-02-07,17,AR1 alpha + Enhanced + One-Step,NASDAQ:AEIS,1.7456214829269686e-06
2023-02-08,17,AR1 alpha + Enhanced + One-Step,NASDAQ:AEIS,1.256030467078317e-06
2023-02-09,17,AR1 alpha + Enhanced + One-Step,NASDAQ:AEIS,7.905339746754882e-07
2023-02-10,17,AR1 alpha + Enhanced + One-Step,NASDAQ:AEIS,0.0
2023-02-13,17,AR1 alpha + Enhanced + One-Step,NASDAQ:AEIS,0.0
2023-02-14,17,AR1 alpha + Enhanced + One-Step,NASDAQ:AEIS,6.427725894300972e-08
2023-02-15,17,AR1 alpha + Enhanced + One-Step,NASDAQ:AEIS,0.0
2023-02-16,17,AR1 alpha + Enhanced + One-Step,NASDAQ:AEIS,0.0
2023-02-17,17,AR1 alpha + Enhanced + One-Step,NASDAQ:AEIS,0.0
2023-02-21,17,AR1 alpha + Enhanced + One-Step,NASDAQ:AEIS,0.0
2023-02-22,17,AR1 alpha + Enhanced + One-Step,NASDAQ:AEIS,0.0
2023-02-23,17,AR1 alpha + Enhanced + One-Step,NASDAQ:AEIS,3.3785774843967438e-09
2023-02-24,17,AR1 alpha + Enhanced + One-Step,NASDAQ:AEIS,8.997167896341086e-07
2023-02-27,17,AR1 alpha + Enhanced + One-Step,NASDAQ:AEIS,5.837929610995113e-07
2023-02-28,17,AR1 alpha + Enhanced + One-Step,NASDAQ:AEIS,8.86391009207127e-07
2023-03-01,17,AR1 alpha + Enhanced + One-Step,NASDAQ:AEIS,2.4861416655801506e-07
2023-03-02,17,AR1 alpha + Enhanced + One-Step,NASDAQ:AEIS,0.0
2023-03-03,17,AR1 alpha + Enhanced + One-Step,NASDAQ:AEIS,0.0
2023-03-06,17,AR1 alpha + Enhanced + One-Step,NASDAQ:AEIS,7.2874561402154336e-09
2023-03-07,17,AR1 alpha + Enhanced + One-Step,NASDAQ:AEIS,5.554129774714366e-08
2023-03-08,17,AR1 alpha + Enhanced + One-Step,NASDAQ:AEIS,8.173590957812602e-08
2023-03-09,17,AR1 alpha + Enhanced + One-Step,NASDAQ:AEIS,7.374448325765172e-08
2023-03-10,17,AR1 alpha + Enhanced + One-Step,NASDAQ:AEIS,0.0
2023-03-13,17,AR1 alpha + Enhanced + One-Step,NASDAQ:AEIS,0.0
2023-03-14,17,AR1 alpha + Enhanced + One-Step,NASDAQ:AEIS,4.1968563091168604e-09
2023-03-15,17,AR1 alpha + Enhanced + One-Step,NASDAQ:AEIS,0.0
2023-03-16,17,AR1 alpha + Enhanced + One-Step,NASDAQ:AEIS,7.743234685300402e-09
2023-03-17,17,AR1 alpha + Enhanced + One-Step,NASDAQ:AEIS,0.0
2023-03-20,17,AR1 alpha + Enhanced + One-Step,NASDAQ:AEIS,0.0
2023-03-21,17,AR1 alpha + Enhanced + One-Step,NASDAQ:AEIS,0.0
2023-03-22,17,AR1 alpha + Enhanced + One-Step,NASDAQ:AEIS,3.5328991139604625e-05
2023-03-23,17,AR1 alpha + Enhanced + One-Step,NASDAQ:AEIS,1.6846420328048078e-05
2023-03-24,17,AR1 alpha + Enhanced + One-Step,NASDAQ:AEIS,0.009175823739742265
2023-03-27,17,AR1 alpha + Enhanced + One-Step,NASDAQ:AEIS,0.03416656973187769
2023-03-28,17,AR1 alpha + Enhanced + One-Step,NASDAQ:AEIS,0.05533449792575505
2023-03-29,17,AR1 alpha + Enhanced + One-Step,NASDAQ:AEIS,0.05533451143027968
2023-03-30,17,AR1 alpha + Enhanced + One-Step,NASDAQ:AEIS,0.055334538486221774
2023-03-31,17,AR1 alpha + Enhanced + One-Step,NASDAQ:AEIS,0.05533464397883709
2023-04-03,17,AR1 alpha + Enhanced + One-Step,NASDAQ:AEIS,0.05533410043663822
2023-04-04,17,AR1 alpha + Enhanced + One-Step,NASDAQ:AEIS,0.07443332110178587
2023-04-05,17,AR1 alpha + Enhanced + One-Step,NASDAQ:AEIS,0.09628218513503232
2023-04-06,17,AR1 alpha + Enhanced + One-Step,NASDAQ:AEIS,0.09999865169554024
2023-04-10,17,AR1 alpha + Enhanced + One-Step,NASDAQ:AEIS,0.09999962740850853
2023-04-11,17,AR1 alpha + Enhanced + One-Step,NASDAQ:AEIS,0.09999439253233668
2023-04-12,17,AR1 alpha + Enhanced + One-Step,NASDAQ:AEIS,0.0999941241360277
2023-04-13,17,AR1 alpha + Enhanced + One-Step,NASDAQ:AEIS,0.0999956906303246
2023-04-14,17,AR1 alpha + Enhanced + One-Step,NASDAQ:AEIS,0.09999510631107279
2023-04-17,17,AR1 alpha + Enhanced + One-Step,NASDAQ:AEIS,0.09999763834702984
2023-04-18,17,AR1 alpha + Enhanced + One-Step,NASDAQ:AEIS,0.09999735277450066
2023-04-19,17,AR1 alpha + Enhanced + One-Step,NASDAQ:AEIS,0.0999973721928902
2023-04-20,17,AR1 alpha + Enhanced + One-Step,NASDAQ:AEIS,0.09999828506007907
2023-04-21,17,AR1 alpha + Enhanced + One-Step,NASDAQ:AEIS,0.09999296272304575
2023-04-24,17,AR1 alpha + Enhanced + One-Step,NASDAQ:AEIS,0.09999307085920385
2023-04-25,17,AR1 alpha + Enhanced + One-Step,NASDAQ:AEIS,0.09999383814152293
2023-04-26,17,AR1 alpha + Enhanced + One-Step,NASDAQ:AEIS,0.09999476240874769
2023-04-27,17,AR1 alpha + Enhanced + One-Step,NASDAQ:AEIS,0.09999436766061379
2023-04-28,17,AR1 alpha + Enhanced + One-Step,NASDAQ:AEIS,0.09999617291238763
2023-05-01,17,AR1 alpha + Enhanced + One-Step,NASDAQ:AEIS,0.09999777634403809
2023-05-02,17,AR1 alpha + Enhanced + One-Step,NASDAQ:AEIS,0.09999789557917635
2023-05-03,17,AR1 alpha + Enhanced + One-Step,NASDAQ:AEIS,0.09999784449530803
2023-05-04,17,AR1 alpha + Enhanced + One-Step,NASDAQ:AEIS,0.09999780447797713
2023-05-05,17,AR1 alpha + Enhanced + One-Step,NASDAQ:AEIS,0.0999985094293152
2023-05-08,17,AR1 alpha + Enhanced + One-Step,NASDAQ:AEIS,0.09999871525693077
2023-05-09,17,AR1 alpha + Enhanced + One-Step,NASDAQ:AEIS,0.09999866361184263
2023-05-10,17,AR1 alpha + Enhanced + One-Step,NASDAQ:AEIS,0.09999917178203928
2023-05-11,17,AR1 alpha + Enhanced + One-Step,NASDAQ:AEIS,0.0999994233831196
2023-05-12,17,AR1 alpha + Enhanced + One-Step,NASDAQ:AEIS,0.09999968932212511
2023-05-15,17,AR1 alpha + Enhanced + One-Step,NASDAQ:AEIS,0.0969176701712518
2023-05-16,17,AR1 alpha + Enhanced + One-Step,NASDAQ:AEIS,0.0901138720638076
2023-05-17,17,AR1 alpha + Enhanced + One-Step,NASDAQ:AEIS,0.0725427993168517
2023-05-18,17,AR1 alpha + Enhanced + One-Step,NASDAQ:AEIS,0.07254530758243839
2023-05-19,17,AR1 alpha + Enhanced + One-Step,NASDAQ:AEIS,0.07062915989759706
2023-05-22,17,AR1 alpha + Enhanced + One-Step,NASDAQ:AEIS,0.07062910771713812
2023-05-23,17,AR1 alpha + Enhanced + One-Step,NASDAQ:AEIS,0.07062871616660919
2023-05-24,17,AR1 alpha + Enhanced + One-Step,NASDAQ:AEIS,0.07062864153870443
2023-05-25,17,AR1 alpha + Enhanced + One-Step,NASDAQ:AEIS,0.07062825180563129
2023-05-26,17,AR1 alpha + Enhanced + One-Step,NASDAQ:AEIS,0.0642010633551919
2023-05-30,17,AR1 alpha + Enhanced + One-Step,NASDAQ:AEIS,0.06420100265750701
2023-05-31,17,AR1 alpha + Enhanced + One-Step,NASDAQ:AEIS,0.06262344053157742
2023-06-01,17,AR1 alpha + Enhanced + One-Step,NASDAQ:AEIS,0.06262029299174875
2023-06-02,17,AR1 alpha + Enhanced + One-Step,NASDAQ:AEIS,0.06381515246912628
2023-06-05,17,AR1 alpha + Enhanced + One-Step,NASDAQ:AEIS,0.06810576015636592
2023-06-06,17,AR1 alpha + Enhanced + One-Step,NASDAQ:AEIS,0.06810779845947325
2023-06-07,17,AR1 alpha + Enhanced + One-Step,NASDAQ:AEIS,0.06810759268834785
2023-06-08,17,AR1 alpha + Enhanced + One-Step,NASDAQ:AEIS,0.06810728040188634
2023-06-09,17,AR1 alpha + Enhanced + One-Step,NASDAQ:AEIS,0.06810554544833235
2023-06-12,17,AR1 alpha + Enhanced + One-Step,NASDAQ:AEIS,0.06810479702524433
2023-06-13,17,AR1 alpha + Enhanced + One-Step,NASDAQ:AEIS,0.06810465334141812
2023-06-14,17,AR1 alpha + Enhanced + One-Step,NASDAQ:AEIS,0.06810443789813801
2023-06-15,17,AR1 alpha + Enhanced + One-Step,NASDAQ:AEIS,0.07146002416023287
2023-06-16,17,AR1 alpha + Enhanced + One-Step,NASDAQ:AEIS,0.07145876261401483
2023-06-20,17,AR1 alpha + Enhanced + One-Step,NASDAQ:AEIS,0.071456568410341
2023-06-21,17,AR1 alpha + Enhanced + One-Step,NASDAQ:AEIS,0.0714561332871694
2023-06-22,17,AR1 alpha + Enhanced + One-Step,NASDAQ:AEIS,0.07145528496764143
2023-06-23,17,AR1 alpha + Enhanced + One-Step,NASDAQ:AEIS,0.07145370935299053
2023-06-26,17,AR1 alpha + Enhanced + One-Step,NASDAQ:AEIS,0.07145081005980675
2023-06-27,17,AR1 alpha + Enhanced + One-Step,NASDAQ:AEIS,0.07144914277667984
2023-06-28,17,AR1 alpha + Enhanced + One-Step,NASDAQ:AEIS,0.08459152483613032
2023-06-29,17,AR1 alpha + Enhanced + One-Step,NASDAQ:AEIS,0.09126226214727506
2023-06-30,17,AR1 alpha + Enhanced + One-Step,NASDAQ:AEIS,0.09686075336462292
2023-07-03,17,AR1 alpha + Enhanced + One-Step,NASDAQ:AEIS,0.09999683728546128
2023-07-05,17,AR1 alpha + Enhanced + One-Step,NASDAQ:AEIS,0.09999531170974087
2023-07-06,17,AR1 alpha + Enhanced + One-Step,NASDAQ:AEIS,0.09999664736162506
2023-07-07,17,AR1 alpha + Enhanced + One-Step,NASDAQ:AEIS,0.09999600371555561
2023-07-10,17,AR1 alpha + Enhanced + One-Step,NASDAQ:AEIS,0.09999733487286509
2023-07-11,17,AR1 alpha + Enhanced + One-Step,NASDAQ:AEIS,0.09999482792780778
2023-07-12,17,AR1 alpha + Enhanced + One-Step,NASDAQ:AEIS,0.09999759462509539
2023-07-13,17,AR1 alpha + Enhanced + One-Step,NASDAQ:AEIS,0.09999418616051499
2023-07-14,17,AR1 alpha + Enhanced + One-Step,NASDAQ:AEIS,0.09999330558020485
2023-07-17,17,AR1 alpha + Enhanced + One-Step,NASDAQ:AEIS,0.099994200152262
2023-07-18,17,AR1 alpha + Enhanced + One-Step,NASDAQ:AEIS,0.09999733020948715
2023-07-19,17,AR1 alpha + Enhanced + One-Step,NASDAQ:AEIS,0.09999559875461968
2023-07-20,17,AR1 alpha + Enhanced + One-Step,NASDAQ:AEIS,0.09999651958934257
2023-07-21,17,AR1 alpha + Enhanced + One-Step,NASDAQ:AEIS,0.09999566432972502
2023-07-24,17,AR1 alpha + Enhanced + One-Step,NASDAQ:AEIS,0.099988676997983
2023-07-25,17,AR1 alpha + Enhanced + One-Step,NASDAQ:AEIS,0.09942290607230883
2023-07-26,17,AR1 alpha + Enhanced + One-Step,NASDAQ:AEIS,0.09941753171403245
2023-07-27,17,AR1 alpha + Enhanced + One-Step,NASDAQ:AEIS,0.09941608337181473
2023-08-01,17,AR1 alpha + Enhanced + One-Step,NASDAQ:AEIS,0.09941484870198944
2023-08-02,17,AR1 alpha + Enhanced + One-Step,NASDAQ:AEIS,0.09941414545901868
2023-08-03,17,AR1 alpha + Enhanced + One-Step,NASDAQ:AEIS,0.09941429273882653
2023-08-04,17,AR1 alpha + Enhanced + One-Step,NASDAQ:AEIS,0.09941830718654952
2023-08-07,17,AR1 alpha + Enhanced + One-Step,NASDAQ:AEIS,0.09941803757213243
2023-08-08,17,AR1 alpha + Enhanced + One-Step,NASDAQ:AEIS,0.09343671876252574
2023-08-09,17,AR1 alpha + Enhanced + One-Step,NASDAQ:AEIS,0.08630224055926153
2023-08-10,17,AR1 alpha + Enhanced + One-Step,NASDAQ:AEIS,0.08200188535685084
2023-08-11,17,AR1 alpha + Enhanced + One-Step,NASDAQ:AEIS,0.0819988748948339
2023-08-14,17,AR1 alpha + Enhanced + One-Step,NASDAQ:AEIS,0.08199532061524543
2023-08-15,17,AR1 alpha + Enhanced + One-Step,NASDAQ:AEIS,0.07461151669786688
2023-08-16,17,AR1 alpha + Enhanced + One-Step,NASDAQ:AEIS,0.0671769807839361
2023-08-17,17,AR1 alpha + Enhanced + One-Step,NASDAQ:AEIS,0.06375868979483103
2023-08-18,17,AR1 alpha + Enhanced + One-Step,NASDAQ:AEIS,0.0637562722187203
2023-08-21,17,AR1 alpha + Enhanced + One-Step,NASDAQ:AEIS,0.049364140377615495
2023-08-22,17,AR1 alpha + Enhanced + One-Step,NASDAQ:AEIS,0.030448574883636104
2023-08-23,17,AR1 alpha + Enhanced + One-Step,NASDAQ:AEIS,0.030447413671722826
2023-08-24,17,AR1 alpha + Enhanced + One-Step,NASDAQ:AEIS,0.028168082959090502
2023-08-25,17,AR1 alpha + Enhanced + One-Step,NASDAQ:AEIS,0.023228828197672705
2023-08-28,17,AR1 alpha + Enhanced + One-Step,NASDAQ:AEIS,0.023227527316421123
2023-08-29,17,AR1 alpha + Enhanced + One-Step,NASDAQ:AEIS,0.02322724359301918
2023-08-30,17,AR1 alpha + Enhanced + One-Step,NASDAQ:AEIS,0.023227103667097022
2023-08-31,17,AR1 alpha + Enhanced + One-Step,NASDAQ:AEIS,0.01641682019361121
2023-09-01,17,AR1 alpha + Enhanced + One-Step,NASDAQ:AEIS,0.016416498386334345
2023-09-05,17,AR1 alpha + Enhanced + One-Step,NASDAQ:AEIS,0.0
2023-09-06,17,AR1 alpha + Enhanced + One-Step,NASDAQ:AEIS,0.0
2023-09-07,17,AR1 alpha + Enhanced + One-Step,NASDAQ:AEIS,4.526581736027636e-09
2023-09-08,17,AR1 alpha + Enhanced + One-Step,NASDAQ:AEIS,0.0
2023-09-11,17,AR1 alpha + Enhanced + One-Step,NASDAQ:AEIS,1.040569950888527e-07
2023-09-12,17,AR1 alpha + Enhanced + One-Step,NASDAQ:AEIS,1.7792249851875908e-07
2023-09-13,17,AR1 alpha + Enhanced + One-Step,NASDAQ:AEIS,0.0
2023-09-14,17,AR1 alpha + Enhanced + One-Step,NASDAQ:AEIS,7.184167042951472e-08
2023-09-15,17,AR1 alpha + Enhanced + One-Step,NASDAQ:AEIS,1.84355086607327e-07
2023-09-18,17,AR1 alpha + Enhanced + One-Step,NASDAQ:AEIS,1.078451658833412e-07
2023-09-19,17,AR1 alpha + Enhanced + One-Step,NASDAQ:AEIS,8.788928165557216e-08
2023-09-20,17,AR1 alpha + Enhanced + One-Step,NASDAQ:AEIS,9.708450403345906e-08
2023-09-21,17,AR1 alpha + Enhanced + One-Step,NASDAQ:AEIS,1.2961159905293518e-07
2023-09-22,17,AR1 alpha + Enhanced + One-Step,NASDAQ:AEIS,1.10992080192212e-07
2023-09-25,17,AR1 alpha + Enhanced + One-Step,NASDAQ:AEIS,0.0
2023-09-26,17,AR1 alpha + Enhanced + One-Step,NASDAQ:AEIS,0.0
2023-09-27,17,AR1 alpha + Enhanced + One-Step,NASDAQ:AEIS,4.428886628806117e-09
2023-09-28,17,AR1 alpha + Enhanced + One-Step,NASDAQ:AEIS,0.0
2023-09-29,17,AR1 alpha + Enhanced + One-Step,NASDAQ:AEIS,0.0
2023-10-02,17,AR1 alpha + Enhanced + One-Step,NASDAQ:AEIS,4.925667079527053e-09
2023-10-03,17,AR1 alpha + Enhanced + One-Step,NASDAQ:AEIS,0.0
2023-10-04,17,AR1 alpha + Enhanced + One-Step,NASDAQ:AEIS,0.0
2023-10-05,17,AR1 alpha + Enhanced + One-Step,NASDAQ:AEIS,0.0
2023-10-06,17,AR1 alpha + Enhanced + One-Step,NASDAQ:AEIS,0.0
2023-10-09,17,AR1 alpha + Enhanced + One-Step,NASDAQ:AEIS,0.0
2023-10-10,17,AR1 alpha + Enhanced + One-Step,NASDAQ:AEIS,1.7274609551859148e-07
2023-10-11,17,AR1 alpha + Enhanced + One-Step,NASDAQ:AEIS,1.7795068465497698e-07
2023-10-12,17,AR1 alpha + Enhanced + One-Step,NASDAQ:AEIS,1.2768580181302525e-07
2023-10-13,17,AR1 alpha + Enhanced + One-Step,NASDAQ:AEIS,1.0176093272049698e-07
2023-10-16,17,AR1 alpha + Enhanced + One-Step,NASDAQ:AEIS,1.0083677479114796e-07
2023-10-17,17,AR1 alpha + Enhanced + One-Step,NASDAQ:AEIS,0.0
2023-10-18,17,AR1 alpha + Enhanced + One-Step,NASDAQ:AEIS,1.3383336556815238e-07
2023-10-19,17,AR1 alpha + Enhanced + One-Step,NASDAQ:AEIS,6.237750210179143e-08
2023-10-20,17,AR1 alpha + Enhanced + One-Step,NASDAQ:AEIS,7.48499920257653e-08
2023-10-23,17,AR1 alpha + Enhanced + One-Step,NASDAQ:AEIS,0.0
2023-10-24,17,AR1 alpha + Enhanced + One-Step,NASDAQ:AEIS,8.481422561965672e-09
2023-10-25,17,AR1 alpha + Enhanced + One-Step,NASDAQ:AEIS,0.0
2023-10-26,17,AR1 alpha + Enhanced + One-Step,NASDAQ:AEIS,0.0
2023-10-27,17,AR1 alpha + Enhanced + One-Step,NASDAQ:AEIS,0.0
2023-10-30,17,AR1 alpha + Enhanced + One-Step,NASDAQ:AEIS,2.315905624458899e-07
2023-10-31,17,AR1 alpha + Enhanced + One-Step,NASDAQ:AEIS,2.872149420078239e-07
2023-11-01,17,AR1 alpha + Enhanced + One-Step,NASDAQ:AEIS,6.595086312777664e-08
2023-11-02,17,AR1 alpha + Enhanced + One-Step,NASDAQ:AEIS,1.6025441565355842e-06
2023-11-03,17,AR1 alpha + Enhanced + One-Step,NASDAQ:AEIS,1.1336067509561748e-06
2023-11-06,17,AR1 alpha + Enhanced + One-Step,NASDAQ:AEIS,8.308669146416084e-07
2023-11-07,17,AR1 alpha + Enhanced + One-Step,NASDAQ:AEIS,0.0
2023-11-08,17,AR1 alpha + Enhanced + One-Step,NASDAQ:AEIS,0.0
2023-11-09,17,AR1 alpha + Enhanced + One-Step,NASDAQ:AEIS,0.0
2023-11-10,17,AR1 alpha + Enhanced + One-Step,NASDAQ:AEIS,0.0
2023-11-13,17,AR1 alpha + Enhanced + One-Step,NASDAQ:AEIS,0.0
2023-11-14,17,AR1 alpha + Enhanced + One-Step,NASDAQ:AEIS,5.7195348750297505e-08
2023-11-15,17,AR1 alpha + Enhanced + One-Step,NASDAQ:AEIS,0.0
2023-11-16,17,AR1 alpha + Enhanced + One-Step,NASDAQ:AEIS,0.0
2023-11-17,17,AR1 alpha + Enhanced + One-Step,NASDAQ:AEIS,0.0
2023-11-20,17,AR1 alpha + Enhanced + One-Step,NASDAQ:AEIS,8.45587267066353e-08
2023-11-21,17,AR1 alpha + Enhanced + One-Step,NASDAQ:AEIS,8.86301922942039e-08
2023-11-22,17,AR1 alpha + Enhanced + One-Step,NASDAQ:AEIS,2.468953232282854e-08
2023-11-24,17,AR1 alpha + Enhanced + One-Step,NASDAQ:AEIS,1.4719793257313286e-08
2023-11-27,17,AR1 alpha + Enhanced + One-Step,NASDAQ:AEIS,0.0
2023-11-28,17,AR1 alpha + Enhanced + One-Step,NASDAQ:AEIS,4.3141934095408774e-08
2023-11-29,17,AR1 alpha + Enhanced + One-Step,NASDAQ:AEIS,0.0
2023-11-30,17,AR1 alpha + Enhanced + One-Step,NASDAQ:AEIS,0.0
2023-12-01,17,AR1 alpha + Enhanced + One-Step,NASDAQ:AEIS,0.0
2023-12-04,17,AR1 alpha + Enhanced + One-Step,NASDAQ:AEIS,0.0
2023-12-05,17,AR1 alpha + Enhanced + One-Step,NASDAQ:AEIS,0.0
2023-12-06,17,AR1 alpha + Enhanced + One-Step,NASDAQ:AEIS,1.0522026850697382e-08
2023-12-07,17,AR1 alpha + Enhanced + One-Step,NASDAQ:AEIS,8.218469966073578e-09
2023-12-08,17,AR1 alpha + Enhanced + One-Step,NASDAQ:AEIS,3.273815425146023e-08
2023-12-11,17,AR1 alpha + Enhanced + One-Step,NASDAQ:AEIS,0.0
2023-12-12,17,AR1 alpha + Enhanced + One-Step,NASDAQ:AEIS,0.0
2023-12-13,17,AR1 alpha + Enhanced + One-Step,NASDAQ:AEIS,6.662238908767708e-07
2023-12-14,17,AR1 alpha + Enhanced + One-Step,NASDAQ:AEIS,3.6505278469713717e-07
2023-12-15,17,AR1 alpha + Enhanced + One-Step,NASDAQ:AEIS,0.0
2023-12-18,17,AR1 alpha + Enhanced + One-Step,NASDAQ:AEIS,0.0
2023-12-19,17,AR1 alpha + Enhanced + One-Step,NASDAQ:AEIS,0.0
2023-12-20,17,AR1 alpha + Enhanced + One-Step,NASDAQ:AEIS,1.7422080369054462e-06
2023-12-21,17,AR1 alpha + Enhanced + One-Step,NASDAQ:AEIS,9.98630017064379e-07
2023-12-22,17,AR1 alpha + Enhanced + One-Step,NASDAQ:AEIS,7.209365507572687e-07
2023-12-26,17,AR1 alpha + Enhanced + One-Step,NASDAQ:AEIS,0.0
2023-12-27,17,AR1 alpha + Enhanced + One-Step,NASDAQ:AEIS,4.1598390455882526e-09
2023-12-28,17,AR1 alpha + Enhanced + One-Step,NASDAQ:AEIS,4.269112322157183e-08
2023-12-29,17,AR1 alpha + Enhanced + One-Step,NASDAQ:AEIS,3.1902367680930075e-07
2024-01-02,17,AR1 alpha + Enhanced + One-Step,NASDAQ:AEIS,0.0
2024-01-03,17,AR1 alpha + Enhanced + One-Step,NASDAQ:AEIS,0.0
2024-01-04,17,AR1 alpha + Enhanced + One-Step,NASDAQ:AEIS,0.0
2024-01-05,17,AR1 alpha + Enhanced + One-Step,NASDAQ:AEIS,1.4400280611351632e-07
2024-01-08,17,AR1 alpha + Enhanced + One-Step,NASDAQ:AEIS,4.28557338175107e-07
2024-01-09,17,AR1 alpha + Enhanced + One-Step,NASDAQ:AEIS,0.0
2024-01-10,17,AR1 alpha + Enhanced + One-Step,NASDAQ:AEIS,0.0
2024-01-11,17,AR1 alpha + Enhanced + One-Step,NASDAQ:AEIS,0.0
2024-01-12,17,AR1 alpha + Enhanced + One-Step,NASDAQ:AEIS,3.6772858561449895e-08
2024-01-16,17,AR1 alpha + Enhanced + One-Step,NASDAQ:AEIS,0.0
2024-01-17,17,AR1 alpha + Enhanced + One-Step,NASDAQ:AEIS,0.0
2024-01-18,17,AR1 alpha + Enhanced + One-Step,NASDAQ:AEIS,0.0
2024-01-19,17,AR1 alpha + Enhanced + One-Step,NASDAQ:AEIS,0.0
2024-01-22,17,AR1 alpha + Enhanced + One-Step,NASDAQ:AEIS,0.0
2024-01-23,17,AR1 alpha + Enhanced + One-Step,NASDAQ:AEIS,0.0
2024-01-24,17,AR1 alpha + Enhanced + One-Step,NASDAQ:AEIS,0.0
2024-01-25,17,AR1 alpha + Enhanced + One-Step,NASDAQ:AEIS,0.0
2024-01-26,17,AR1 alpha + Enhanced + One-Step,NASDAQ:AEIS,0.0
2024-01-29,17,AR1 alpha + Enhanced + One-Step,NASDAQ:AEIS,0.0
2024-01-30,17,AR1 alpha + Enhanced + One-Step,NASDAQ:AEIS,0.0
2024-01-31,17,AR1 alpha + Enhanced + One-Step,NASDAQ:AEIS,0.0
2024-02-01,17,AR1 alpha + Enhanced + One-Step,NASDAQ:AEIS,9.159465864343317e-08
2024-02-02,17,AR1 alpha + Enhanced + One-Step,NASDAQ:AEIS,0.0
2024-02-05,17,AR1 alpha + Enhanced + One-Step,NASDAQ:AEIS,0.0
2024-02-06,17,AR1 alpha + Enhanced + One-Step,NASDAQ:AEIS,5.101685544937822e-08
2024-02-07,17,AR1 alpha + Enhanced + One-Step,NASDAQ:AEIS,1.07676250745093e-08
2024-02-08,17,AR1 alpha + Enhanced + One-Step,NASDAQ:AEIS,0.0
2024-02-09,17,AR1 alpha + Enhanced + One-Step,NASDAQ:AEIS,0.0
2024-02-12,17,AR1 alpha + Enhanced + One-Step,NASDAQ:AEIS,0.0
2024-02-13,17,AR1 alpha + Enhanced + One-Step,NASDAQ:AEIS,0.0
2024-02-14,17,AR1 alpha + Enhanced + One-Step,NASDAQ:AEIS,2.909862924941661e-07
2024-02-15,17,AR1 alpha + Enhanced + One-Step,NASDAQ:AEIS,2.429233957090169e-07
2024-02-16,17,AR1 alpha + Enhanced + One-Step,NASDAQ:AEIS,3.9724658062590125e-07
2024-02-20,17,AR1 alpha + Enhanced + One-Step,NASDAQ:AEIS,2.920853614832688e-07
2024-02-21,17,AR1 alpha + Enhanced + One-Step,NASDAQ:AEIS,0.0
2024-02-22,17,AR1 alpha + Enhanced + One-Step,NASDAQ:AEIS,0.0
2024-02-23,17,AR1 alpha + Enhanced + One-Step,NASDAQ:AEIS,0.0
2024-02-26,17,AR1 alpha + Enhanced + One-Step,NASDAQ:AEIS,0.0
2024-02-27,17,AR1 alpha + Enhanced + One-Step,NASDAQ:AEIS,0.0
2024-02-28,17,AR1 alpha + Enhanced + One-Step,NASDAQ:AEIS,0.0
2024-02-29,17,AR1 alpha + Enhanced + One-Step,NASDAQ:AEIS,0.0
2024-03-01,17,AR1 alpha + Enhanced + One-Step,NASDAQ:AEIS,0.0
2024-03-04,17,AR1 alpha + Enhanced + One-Step,NASDAQ:AEIS,0.0
2024-03-05,17,AR1 alpha + Enhanced + One-Step,NASDAQ:AEIS,0.0
2024-03-06,17,AR1 alpha + Enhanced + One-Step,NASDAQ:AEIS,0.0
2024-03-07,17,AR1 alpha + Enhanced + One-Step,NASDAQ:AEIS,0.0
2024-03-08,17,AR1 alpha + Enhanced + One-Step,NASDAQ:AEIS,0.0
2024-03-11,17,AR1 alpha + Enhanced + One-Step,NASDAQ:AEIS,0.0
2024-03-12,17,AR1 alpha + Enhanced + One-Step,NASDAQ:AEIS,0.0
2024-03-13,17,AR1 alpha + Enhanced + One-Step,NASDAQ:AEIS,0.0
2024-03-14,17,AR1 alpha + Enhanced + One-Step,NASDAQ:AEIS,0.0
2024-03-15,17,AR1 alpha + Enhanced + One-Step,NASDAQ:AEIS,1.1412553076130366e-07
2024-03-18,17,AR1 alpha + Enhanced + One-Step,NASDAQ:AEIS,0.0
2024-03-19,17,AR1 alpha + Enhanced + One-Step,NASDAQ:AEIS,0.0
2024-03-20,17,AR1 alpha + Enhanced + One-Step,NASDAQ:AEIS,1.3665032825144935e-07
2024-03-21,17,AR1 alpha + Enhanced + One-Step,NASDAQ:AEIS,0.0
2024-03-22,17,AR1 alpha + Enhanced + One-Step,NASDAQ:AEIS,0.0
2024-03-25,17,AR1 alpha + Enhanced + One-Step,NASDAQ:AEIS,0.0
2024-03-26,17,AR1 alpha + Enhanced + One-Step,NASDAQ:AEIS,0.0
2024-03-27,17,AR1 alpha + Enhanced + One-Step,NASDAQ:AEIS,0.0
2024-03-28,17,AR1 alpha + Enhanced + One-Step,NASDAQ:AEIS,2.5039464860704546e-07
2024-04-01,17,AR1 alpha + Enhanced + One-Step,NASDAQ:AEIS,3.161817708688569e-07
2024-04-02,17,AR1 alpha + Enhanced + One-Step,NASDAQ:AEIS,1.1444909149771331e-07
2024-04-03,17,AR1 alpha + Enhanced + One-Step,NASDAQ:AEIS,0.0
2024-04-04,17,AR1 alpha + Enhanced + One-Step,NASDAQ:AEIS,0.0
2024-04-05,17,AR1 alpha + Enhanced + One-Step,NASDAQ:AEIS,0.0
2024-04-08,17,AR1 alpha + Enhanced + One-Step,NASDAQ:AEIS,1.4971198103120678e-07
2024-04-09,17,AR1 alpha + Enhanced + One-Step,NASDAQ:AEIS,0.0
2024-04-10,17,AR1 alpha + Enhanced + One-Step,NASDAQ:AEIS,0.0
2024-04-11,17,AR1 alpha + Enhanced + One-Step,NASDAQ:AEIS,0.0
2024-04-12,17,AR1 alpha + Enhanced + One-Step,NASDAQ:AEIS,0.0
2024-04-15,17,AR1 alpha + Enhanced + One-Step,NASDAQ:AEIS,0.0
2024-04-16,17,AR1 alpha + Enhanced + One-Step,NASDAQ:AEIS,0.0
2024-04-17,17,AR1 alpha + Enhanced + One-Step,NASDAQ:AEIS,8.730625863754482e-08
2024-04-18,17,AR1 alpha + Enhanced + One-Step,NASDAQ:AEIS,0.0
2024-04-19,17,AR1 alpha + Enhanced + One-Step,NASDAQ:AEIS,0.0
2020-03-25,17,AR1 alpha + Enhanced + One-Step,NYSE:FSS,0.020000000000007227
2020-03-26,17,AR1 alpha + Enhanced + One-Step,NYSE:FSS,0.02000000000001305
2020-03-27,17,AR1 alpha + Enhanced + One-Step,NYSE:FSS,0.01999999717167367
2020-03-30,17,AR1 alpha + Enhanced + One-Step,NYSE:FSS,0.020001069379016842
2020-03-31,17,AR1 alpha + Enhanced + One-Step,NYSE:FSS,0.020003002796201045
2020-04-01,17,AR1 alpha + Enhanced + One-Step,NYSE:FSS,0.02000304187314122
2020-04-02,17,AR1 alpha + Enhanced + One-Step,NYSE:FSS,0.020002030157134615
2020-04-03,17,AR1 alpha + Enhanced + One-Step,NYSE:FSS,0.020002480467819085
2020-04-06,17,AR1 alpha + Enhanced + One-Step,NYSE:FSS,0.020003194100071685
2020-04-07,17,AR1 alpha + Enhanced + One-Step,NYSE:FSS,0.02000061473413921
2020-04-08,17,AR1 alpha + Enhanced + One-Step,NYSE:FSS,0.02000077269167726
2020-04-09,17,AR1 alpha + Enhanced + One-Step,NYSE:FSS,0.020000703200630267
2020-04-13,17,AR1 alpha + Enhanced + One-Step,NYSE:FSS,0.02000063847994901
2020-04-14,17,AR1 alpha + Enhanced + One-Step,NYSE:FSS,0.020001441244729395
2020-04-15,17,AR1 alpha + Enhanced + One-Step,NYSE:FSS,0.02000280042737997
2020-04-16,17,AR1 alpha + Enhanced + One-Step,NYSE:FSS,0.020003561328335147
2020-04-17,17,AR1 alpha + Enhanced + One-Step,NYSE:FSS,0.020003677213385664
2020-04-20,17,AR1 alpha + Enhanced + One-Step,NYSE:FSS,0.020003663579247266
2020-04-21,17,AR1 alpha + Enhanced + One-Step,NYSE:FSS,0.020003920697947982
2020-04-22,17,AR1 alpha + Enhanced + One-Step,NYSE:FSS,0.020004217276720897
2020-04-23,17,AR1 alpha + Enhanced + One-Step,NYSE:FSS,0.01019161679149069
2020-04-24,17,AR1 alpha + Enhanced + One-Step,NYSE:FSS,0.004090759569144037
2020-04-27,17,AR1 alpha + Enhanced + One-Step,NYSE:FSS,0.0002095632985437442
2020-04-28,17,AR1 alpha + Enhanced + One-Step,NYSE:FSS,5.3684493727248135e-09
2020-04-29,17,AR1 alpha + Enhanced + One-Step,NYSE:FSS,1.866401378372079e-09
2020-04-30,17,AR1 alpha + Enhanced + One-Step,NYSE:FSS,1.7682007051016376e-08
2020-05-01,17,AR1 alpha + Enhanced + One-Step,NYSE:FSS,0.0
2020-05-04,17,AR1 alpha + Enhanced + One-Step,NYSE:FSS,1.1126911774878825e-08
2020-05-05,17,AR1 alpha + Enhanced + One-Step,NYSE:FSS,0.0
2020-05-06,17,AR1 alpha + Enhanced + One-Step,NYSE:FSS,4.414959248277785e-11
2020-05-07,17,AR1 alpha + Enhanced + One-Step,NYSE:FSS,0.0
2020-05-08,17,AR1 alpha + Enhanced + One-Step,NYSE:FSS,0.0
2020-05-11,17,AR1 alpha + Enhanced + One-Step,NYSE:FSS,0.0
2020-05-12,17,AR1 alpha + Enhanced + One-Step,NYSE:FSS,0.0
2020-05-13,17,AR1 alpha + Enhanced + One-Step,NYSE:FSS,5.169877530872869e-08
2020-05-14,17,AR1 alpha + Enhanced + One-Step,NYSE:FSS,0.0
2020-05-15,17,AR1 alpha + Enhanced + One-Step,NYSE:FSS,3.755565240465668e-08
2020-05-18,17,AR1 alpha + Enhanced + One-Step,NYSE:FSS,4.832343531692899e-08
2020-05-19,17,AR1 alpha + Enhanced + One-Step,NYSE:FSS,0.0
2020-05-20,17,AR1 alpha + Enhanced + One-Step,NYSE:FSS,8.332042748262655e-09
2020-05-21,17,AR1 alpha + Enhanced + One-Step,NYSE:FSS,0.0
2020-05-22,17,AR1 alpha + Enhanced + One-Step,NYSE:FSS,3.6413341390792827e-09
2020-05-26,17,AR1 alpha + Enhanced + One-Step,NYSE:FSS,0.0
2020-05-27,17,AR1 alpha + Enhanced + One-Step,NYSE:FSS,4.563663321901184e-08
2020-05-28,17,AR1 alpha + Enhanced + One-Step,NYSE:FSS,2.4059893035110317e-08
2020-05-29,17,AR1 alpha + Enhanced + One-Step,NYSE:FSS,1.3365148797088563e-08
2020-06-01,17,AR1 alpha + Enhanced + One-Step,NYSE:FSS,4.6925880594589806e-08
2020-06-02,17,AR1 alpha + Enhanced + One-Step,NYSE:FSS,2.1360123389427424e-09
2020-06-03,17,AR1 alpha + Enhanced + One-Step,NYSE:FSS,3.8235170215222507e-07
2020-06-04,17,AR1 alpha + Enhanced + One-Step,NYSE:FSS,2.4465804214580054e-07
2020-06-05,17,AR1 alpha + Enhanced + One-Step,NYSE:FSS,7.406421400122608e-08
2020-06-08,17,AR1 alpha + Enhanced + One-Step,NYSE:FSS,2.989338721498362e-08
2020-06-09,17,AR1 alpha + Enhanced + One-Step,NYSE:FSS,2.3989624369969656e-08
2020-06-10,17,AR1 alpha + Enhanced + One-Step,NYSE:FSS,1.0874704628503248e-08
2020-06-11,17,AR1 alpha + Enhanced + One-Step,NYSE:FSS,9.93132936294798e-07
2020-06-12,17,AR1 alpha + Enhanced + One-Step,NYSE:FSS,5.078878502388169e-07
2020-06-15,17,AR1 alpha + Enhanced + One-Step,NYSE:FSS,1.0407674679015858e-07
2020-06-16,17,AR1 alpha + Enhanced + One-Step,NYSE:FSS,6.62239276874697e-08
2020-06-17,17,AR1 alpha + Enhanced + One-Step,NYSE:FSS,3.101383066852392e-08
2020-06-18,17,AR1 alpha + Enhanced + One-Step,NYSE:FSS,8.944386947946215e-09
2020-06-19,17,AR1 alpha + Enhanced + One-Step,NYSE:FSS,4.322354182693631e-09
2020-06-22,17,AR1 alpha + Enhanced + One-Step,NYSE:FSS,4.961670872601447e-08
2020-06-23,17,AR1 alpha + Enhanced + One-Step,NYSE:FSS,0.0
2020-06-24,17,AR1 alpha + Enhanced + One-Step,NYSE:FSS,0.0
2020-06-25,17,AR1 alpha + Enhanced + One-Step,NYSE:FSS,1.6034701355428982e-08
2020-06-26,17,AR1 alpha + Enhanced + One-Step,NYSE:FSS,0.0
2020-06-29,17,AR1 alpha + Enhanced + One-Step,NYSE:FSS,0.0
2020-06-30,17,AR1 alpha + Enhanced + One-Step,NYSE:FSS,0.0
2020-07-01,17,AR1 alpha + Enhanced + One-Step,NYSE:FSS,0.0
2020-07-02,17,AR1 alpha + Enhanced + One-Step,NYSE:FSS,7.384001501605462e-08
2020-07-06,17,AR1 alpha + Enhanced + One-Step,NYSE:FSS,2.3038358261429606e-09
2020-07-07,17,AR1 alpha + Enhanced + One-Step,NYSE:FSS,0.0
2020-07-08,17,AR1 alpha + Enhanced + One-Step,NYSE:FSS,0.0
2020-07-09,17,AR1 alpha + Enhanced + One-Step,NYSE:FSS,0.0
2020-07-10,17,AR1 alpha + Enhanced + One-Step,NYSE:FSS,0.0
2020-07-13,17,AR1 alpha + Enhanced + One-Step,NYSE:FSS,0.0
2020-07-14,17,AR1 alpha + Enhanced + One-Step,NYSE:FSS,0.0
2020-07-15,17,AR1 alpha + Enhanced + One-Step,NYSE:FSS,7.633833924868435e-08
2020-07-16,17,AR1 alpha + Enhanced + One-Step,NYSE:FSS,3.576819913010845e-08
2020-07-17,17,AR1 alpha + Enhanced + One-Step,NYSE:FSS,0.0
2020-07-20,17,AR1 alpha + Enhanced + One-Step,NYSE:FSS,2.341081105657883e-08
2020-07-21,17,AR1 alpha + Enhanced + One-Step,NYSE:FSS,8.794886234170898e-08
2020-07-22,17,AR1 alpha + Enhanced + One-Step,NYSE:FSS,8.121289404558344e-08
2020-07-23,17,AR1 alpha + Enhanced + One-Step,NYSE:FSS,0.0
2020-07-24,17,AR1 alpha + Enhanced + One-Step,NYSE:FSS,0.0
2020-07-27,17,AR1 alpha + Enhanced + One-Step,NYSE:FSS,0.0
2020-07-28,17,AR1 alpha + Enhanced + One-Step,NYSE:FSS,0.0
2020-07-29,17,AR1 alpha + Enhanced + One-Step,NYSE:FSS,0.0
2020-07-30,17,AR1 alpha + Enhanced + One-Step,NYSE:FSS,0.0
2020-07-31,17,AR1 alpha + Enhanced + One-Step,NYSE:FSS,0.0
2020-08-03,17,AR1 alpha + Enhanced + One-Step,NYSE:FSS,1.0438593809663528e-07
2020-08-04,17,AR1 alpha + Enhanced + One-Step,NYSE:FSS,3.2423005388750645e-08
2020-08-05,17,AR1 alpha + Enhanced + One-Step,NYSE:FSS,0.0
2020-08-06,17,AR1 alpha + Enhanced + One-Step,NYSE:FSS,0.0
2020-08-07,17,AR1 alpha + Enhanced + One-Step,NYSE:FSS,2.1715406219591372e-07
2020-08-10,17,AR1 alpha + Enhanced + One-Step,NYSE:FSS,2.2280245649494115e-07
2020-08-11,17,AR1 alpha + Enhanced + One-Step,NYSE:FSS,0.0
2020-08-12,17,AR1 alpha + Enhanced + One-Step,NYSE:FSS,0.0
2020-08-13,17,AR1 alpha + Enhanced + One-Step,NYSE:FSS,6.971596177345922e-10
2020-08-14,17,AR1 alpha + Enhanced + One-Step,NYSE:FSS,1.6722467559066843e-09
2020-08-17,17,AR1 alpha + Enhanced + One-Step,NYSE:FSS,0.0
2020-08-18,17,AR1 alpha + Enhanced + One-Step,NYSE:FSS,0.0
2020-08-19,17,AR1 alpha + Enhanced + One-Step,NYSE:FSS,0.0
2020-08-20,17,AR1 alpha + Enhanced + One-Step,NYSE:FSS,0.0
2020-08-21,17,AR1 alpha + Enhanced + One-Step,NYSE:FSS,0.0
2020-08-24,17,AR1 alpha + Enhanced + One-Step,NYSE:FSS,0.0
2020-08-25,17,AR1 alpha + Enhanced + One-Step,NYSE:FSS,9.359274828862682e-08
2020-08-26,17,AR1 alpha + Enhanced + One-Step,NYSE:FSS,0.0
2020-08-27,17,AR1 alpha + Enhanced + One-Step,NYSE:FSS,0.0
2020-08-28,17,AR1 alpha + Enhanced + One-Step,NYSE:FSS,3.2209774824625743e-09
2020-08-31,17,AR1 alpha + Enhanced + One-Step,NYSE:FSS,0.0
2020-09-01,17,AR1 alpha + Enhanced + One-Step,NYSE:FSS,0.0
2020-09-02,17,AR1 alpha + Enhanced + One-Step,NYSE:FSS,0.0
2020-09-03,17,AR1 alpha + Enhanced + One-Step,NYSE:FSS,0.0
2020-09-04,17,AR1 alpha + Enhanced + One-Step,NYSE:FSS,3.369069164945713e-08
2020-09-08,17,AR1 alpha + Enhanced + One-Step,NYSE:FSS,1.6306061286858822e-07
2020-09-09,17,AR1 alpha + Enhanced + One-Step,NYSE:FSS,8.23329717941936e-08
2020-09-10,17,AR1 alpha + Enhanced + One-Step,NYSE:FSS,6.343827361794113e-08
2020-09-11,17,AR1 alpha + Enhanced + One-Step,NYSE:FSS,7.59161087599045e-08
2020-09-14,17,AR1 alpha + Enhanced + One-Step,NYSE:FSS,5.533262942934604e-07
2020-09-15,17,AR1 alpha + Enhanced + One-Step,NYSE:FSS,3.5946878156554384e-07
2020-09-16,17,AR1 alpha + Enhanced + One-Step,NYSE:FSS,0.0
2020-09-17,17,AR1 alpha + Enhanced + One-Step,NYSE:FSS,0.0
2020-09-18,17,AR1 alpha + Enhanced + One-Step,NYSE:FSS,0.0
2020-09-21,17,AR1 alpha + Enhanced + One-Step,NYSE:FSS,0.0
2020-09-22,17,AR1 alpha + Enhanced + One-Step,NYSE:FSS,8.635173959138534e-09
2020-09-23,17,AR1 alpha + Enhanced + One-Step,NYSE:FSS,0.0
2020-09-24,17,AR1 alpha + Enhanced + One-Step,NYSE:FSS,0.0
2020-09-25,17,AR1 alpha + Enhanced + One-Step,NYSE:FSS,0.0
2020-09-28,17,AR1 alpha + Enhanced + One-Step,NYSE:FSS,0.0
2020-09-29,17,AR1 alpha + Enhanced + One-Step,NYSE:FSS,0.0
2020-09-30,17,AR1 alpha + Enhanced + One-Step,NYSE:FSS,0.0
2020-10-01,17,AR1 alpha + Enhanced + One-Step,NYSE:FSS,1.6021976714849977e-07
2020-10-02,17,AR1 alpha + Enhanced + One-Step,NYSE:FSS,1.611857259646646e-07
2020-10-05,17,AR1 alpha + Enhanced + One-Step,NYSE:FSS,4.421779938342859e-07
2020-10-06,17,AR1 alpha + Enhanced + One-Step,NYSE:FSS,1.2703396388431634e-07
2020-10-07,17,AR1 alpha + Enhanced + One-Step,NYSE:FSS,5.032347686540175e-07
2020-10-08,17,AR1 alpha + Enhanced + One-Step,NYSE:FSS,2.843232456531934e-07
2020-10-09,17,AR1 alpha + Enhanced + One-Step,NYSE:FSS,3.0145775813767676e-07
2020-10-12,17,AR1 alpha + Enhanced + One-Step,NYSE:FSS,1.807151279755977e-07
2020-10-13,17,AR1 alpha + Enhanced + One-Step,NYSE:FSS,4.7038669547495503e-07
2020-10-14,17,AR1 alpha + Enhanced + One-Step,NYSE:FSS,0.0
2020-10-15,17,AR1 alpha + Enhanced + One-Step,NYSE:FSS,0.0
2020-10-16,17,AR1 alpha + Enhanced + One-Step,NYSE:FSS,0.0
2020-10-19,17,AR1 alpha + Enhanced + One-Step,NYSE:FSS,0.0
2020-10-20,17,AR1 alpha + Enhanced + One-Step,NYSE:FSS,0.0
2020-10-21,17,AR1 alpha + Enhanced + One-Step,NYSE:FSS,0.0
2020-10-22,17,AR1 alpha + Enhanced + One-Step,NYSE:FSS,0.0
2020-10-23,17,AR1 alpha + Enhanced + One-Step,NYSE:FSS,0.0
2020-10-26,17,AR1 alpha + Enhanced + One-Step,NYSE:FSS,0.0
2020-10-27,17,AR1 alpha + Enhanced + One-Step,NYSE:FSS,4.405852515411698e-07
2020-10-28,17,AR1 alpha + Enhanced + One-Step,NYSE:FSS,2.867833715264414e-07
2020-10-29,17,AR1 alpha + Enhanced + One-Step,NYSE:FSS,6.239666435553628e-07
2020-10-30,17,AR1 alpha + Enhanced + One-Step,NYSE:FSS,3.6046082808510656e-07
2020-11-02,17,AR1 alpha + Enhanced + One-Step,NYSE:FSS,1.2151031962372213e-06
2020-11-03,17,AR1 alpha + Enhanced + One-Step,NYSE:FSS,5.573356298104279e-07
2020-11-04,17,AR1 alpha + Enhanced + One-Step,NYSE:FSS,2.254844692466126e-06
2020-11-05,17,AR1 alpha + Enhanced + One-Step,NYSE:FSS,1.494010517521261e-06
2020-11-06,17,AR1 alpha + Enhanced + One-Step,NYSE:FSS,8.233884293042814e-07
2020-11-09,17,AR1 alpha + Enhanced + One-Step,NYSE:FSS,4.4024747306531967e-07
2020-11-10,17,AR1 alpha + Enhanced + One-Step,NYSE:FSS,8.026078587359347e-07
2020-11-11,17,AR1 alpha + Enhanced + One-Step,NYSE:FSS,6.401810921909804e-07
2020-11-12,17,AR1 alpha + Enhanced + One-Step,NYSE:FSS,2.801378129619188e-07
2020-11-13,17,AR1 alpha + Enhanced + One-Step,NYSE:FSS,1.6388366994817033e-07
2020-11-16,17,AR1 alpha + Enhanced + One-Step,NYSE:FSS,0.0
2020-11-17,17,AR1 alpha + Enhanced + One-Step,NYSE:FSS,0.0
2020-11-18,17,AR1 alpha + Enhanced + One-Step,NYSE:FSS,0.0
2020-11-19,17,AR1 alpha + Enhanced + One-Step,NYSE:FSS,0.0
2020-11-20,17,AR1 alpha + Enhanced + One-Step,NYSE:FSS,0.0
2020-11-23,17,AR1 alpha + Enhanced + One-Step,NYSE:FSS,0.0
2020-11-24,17,AR1 alpha + Enhanced + One-Step,NYSE:FSS,0.0
2020-11-25,17,AR1 alpha + Enhanced + One-Step,NYSE:FSS,0.0
2020-11-27,17,AR1 alpha + Enhanced + One-Step,NYSE:FSS,0.0
2020-11-30,17,AR1 alpha + Enhanced + One-Step,NYSE:FSS,0.0
2020-12-01,17,AR1 alpha + Enhanced + One-Step,NYSE:FSS,1.7570130242260205e-07
2020-12-04,17,AR1 alpha + Enhanced + One-Step,NYSE:FSS,1.4230554570271454e-07
2020-12-07,17,AR1 alpha + Enhanced + One-Step,NYSE:FSS,0.0
2020-12-08,17,AR1 alpha + Enhanced + One-Step,NYSE:FSS,1.5567577510220601e-07
2020-12-09,17,AR1 alpha + Enhanced + One-Step,NYSE:FSS,0.0
2020-12-10,17,AR1 alpha + Enhanced + One-Step,NYSE:FSS,8.077983455478411e-08
2020-12-11,17,AR1 alpha + Enhanced + One-Step,NYSE:FSS,0.0
2020-12-14,17,AR1 alpha + Enhanced + One-Step,NYSE:FSS,0.0
2020-12-15,17,AR1 alpha + Enhanced + One-Step,NYSE:FSS,0.0
2020-12-16,17,AR1 alpha + Enhanced + One-Step,NYSE:FSS,0.0
2020-12-17,17,AR1 alpha + Enhanced + One-Step,NYSE:FSS,0.0
2020-12-18,17,AR1 alpha + Enhanced + One-Step,NYSE:FSS,1.1980601550819826e-06
2020-12-21,17,AR1 alpha + Enhanced + One-Step,NYSE:FSS,1.177835594250819e-06
2020-12-22,17,AR1 alpha + Enhanced + One-Step,NYSE:FSS,7.197544619865221e-07
2020-12-23,17,AR1 alpha + Enhanced + One-Step,NYSE:FSS,0.0
2020-12-24,17,AR1 alpha + Enhanced + One-Step,NYSE:FSS,0.0
2020-12-28,17,AR1 alpha + Enhanced + One-Step,NYSE:FSS,0.0
2020-12-29,17,AR1 alpha + Enhanced + One-Step,NYSE:FSS,0.0
2020-12-30,17,AR1 alpha + Enhanced + One-Step,NYSE:FSS,0.0
2020-12-31,17,AR1 alpha + Enhanced + One-Step,NYSE:FSS,0.0
2021-01-04,17,AR1 alpha + Enhanced + One-Step,NYSE:FSS,7.813472572379121e-09
2021-01-05,17,AR1 alpha + Enhanced + One-Step,NYSE:FSS,6.960322085235392e-09
2021-01-06,17,AR1 alpha + Enhanced + One-Step,NYSE:FSS,0.0
2021-01-07,17,AR1 alpha + Enhanced + One-Step,NYSE:FSS,0.0
2021-01-08,17,AR1 alpha + Enhanced + One-Step,NYSE:FSS,0.0
2021-01-11,17,AR1 alpha + Enhanced + One-Step,NYSE:FSS,0.0
2021-01-12,17,AR1 alpha + Enhanced + One-Step,NYSE:FSS,0.0
2021-01-13,17,AR1 alpha + Enhanced + One-Step,NYSE:FSS,0.0
2021-01-14,17,AR1 alpha + Enhanced + One-Step,NYSE:FSS,1.4951452911534726e-07
2021-01-15,17,AR1 alpha + Enhanced + One-Step,NYSE:FSS,0.0
2021-01-19,17,AR1 alpha + Enhanced + One-Step,NYSE:FSS,0.0
2021-01-20,17,AR1 alpha + Enhanced + One-Step,NYSE:FSS,2.6477915888618253e-07
2021-01-21,17,AR1 alpha + Enhanced + One-Step,NYSE:FSS,0.0
2021-01-22,17,AR1 alpha + Enhanced + One-Step,NYSE:FSS,0.0
2021-01-25,17,AR1 alpha + Enhanced + One-Step,NYSE:FSS,0.0
2021-01-26,17,AR1 alpha + Enhanced + One-Step,NYSE:FSS,0.0
2021-01-27,17,AR1 alpha + Enhanced + One-Step,NYSE:FSS,1.3072338405416322e-07
2021-01-28,17,AR1 alpha + Enhanced + One-Step,NYSE:FSS,1.4425651336059238e-06
2021-01-29,17,AR1 alpha + Enhanced + One-Step,NYSE:FSS,5.953438510374444e-07
2021-02-01,17,AR1 alpha + Enhanced + One-Step,NYSE:FSS,3.3538483751838205e-07
2021-02-02,17,AR1 alpha + Enhanced + One-Step,NYSE:FSS,2.2022533999560283e-07
2021-02-03,17,AR1 alpha + Enhanced + One-Step,NYSE:FSS,0.0
2021-02-04,17,AR1 alpha + Enhanced + One-Step,NYSE:FSS,0.0
2021-02-05,17,AR1 alpha + Enhanced + One-Step,NYSE:FSS,0.0
2021-02-08,17,AR1 alpha + Enhanced + One-Step,NYSE:FSS,5.592939583504156e-07
2021-02-09,17,AR1 alpha + Enhanced + One-Step,NYSE:FSS,5.737932319706619e-09
2021-02-10,17,AR1 alpha + Enhanced + One-Step,NYSE:FSS,3.5429198291384486e-07
2021-02-11,17,AR1 alpha + Enhanced + One-Step,NYSE:FSS,3.154179749027654e-07
2021-02-12,17,AR1 alpha + Enhanced + One-Step,NYSE:FSS,1.7269352758139405e-07
2021-02-16,17,AR1 alpha + Enhanced + One-Step,NYSE:FSS,0.0
2021-02-17,17,AR1 alpha + Enhanced + One-Step,NYSE:FSS,0.0
2021-02-18,17,AR1 alpha + Enhanced + One-Step,NYSE:FSS,7.354789969254602e-08
2021-02-19,17,AR1 alpha + Enhanced + One-Step,NYSE:FSS,0.0
2021-02-22,17,AR1 alpha + Enhanced + One-Step,NYSE:FSS,8.545084582501824e-07
2021-02-23,17,AR1 alpha + Enhanced + One-Step,NYSE:FSS,2.38744836714195e-06
2021-02-24,17,AR1 alpha + Enhanced + One-Step,NYSE:FSS,1.7405411915275884e-06
2021-02-25,17,AR1 alpha + Enhanced + One-Step,NYSE:FSS,0.0
2021-02-26,17,AR1 alpha + Enhanced + One-Step,NYSE:FSS,4.915602638651876e-07
2021-03-01,17,AR1 alpha + Enhanced + One-Step,NYSE:FSS,4.0127208178633025e-07
2021-03-02,17,AR1 alpha + Enhanced + One-Step,NYSE:FSS,2.7191068702046237e-07
2021-03-03,17,AR1 alpha + Enhanced + One-Step,NYSE:FSS,9.821324211964604e-08
2021-03-04,17,AR1 alpha + Enhanced + One-Step,NYSE:FSS,6.660451958618487e-08
2021-03-05,17,AR1 alpha + Enhanced + One-Step,NYSE:FSS,0.0
2021-03-08,17,AR1 alpha + Enhanced + One-Step,NYSE:FSS,8.729010365984905e-10
2021-03-09,17,AR1 alpha + Enhanced + One-Step,NYSE:FSS,1.9607944089960677e-07
2021-03-10,17,AR1 alpha + Enhanced + One-Step,NYSE:FSS,1.851869678197168e-06
2021-03-11,17,AR1 alpha + Enhanced + One-Step,NYSE:FSS,5.005556665855949e-07
2021-03-12,17,AR1 alpha + Enhanced + One-Step,NYSE:FSS,2.8484862026470127e-07
2021-03-15,17,AR1 alpha + Enhanced + One-Step,NYSE:FSS,2.3357167963075774e-06
2021-03-16,17,AR1 alpha + Enhanced + One-Step,NYSE:FSS,1.678067360977847e-06
2021-03-17,17,AR1 alpha + Enhanced + One-Step,NYSE:FSS,5.479957479523645e-07
2021-03-18,17,AR1 alpha + Enhanced + One-Step,NYSE:FSS,4.7284847998607504e-07
2021-03-19,17,AR1 alpha + Enhanced + One-Step,NYSE:FSS,0.0
2021-03-22,17,AR1 alpha + Enhanced + One-Step,NYSE:FSS,2.425678152302185e-07
2021-03-23,17,AR1 alpha + Enhanced + One-Step,NYSE:FSS,1.249330760166576e-06
2021-03-24,17,AR1 alpha + Enhanced + One-Step,NYSE:FSS,7.933312040767272e-07
2021-03-25,17,AR1 alpha + Enhanced + One-Step,NYSE:FSS,6.445910890580507e-07
2021-03-26,17,AR1 alpha + Enhanced + One-Step,NYSE:FSS,6.279291213565299e-07
2021-03-29,17,AR1 alpha + Enhanced + One-Step,NYSE:FSS,5.837364067618703e-07
2021-03-30,17,AR1 alpha + Enhanced + One-Step,NYSE:FSS,1.1267091435960809e-08
2021-03-31,17,AR1 alpha + Enhanced + One-Step,NYSE:FSS,0.0
2021-04-01,17,AR1 alpha + Enhanced + One-Step,NYSE:FSS,8.118094275334544e-07
2021-04-05,17,AR1 alpha + Enhanced + One-Step,NYSE:FSS,4.5838061842972117e-07
2021-04-06,17,AR1 alpha + Enhanced + One-Step,NYSE:FSS,3.1310933691192023e-07
2021-04-07,17,AR1 alpha + Enhanced + One-Step,NYSE:FSS,0.0
2021-04-08,17,AR1 alpha + Enhanced + One-Step,NYSE:FSS,0.0
2021-04-09,17,AR1 alpha + Enhanced + One-Step,NYSE:FSS,0.0
2021-04-12,17,AR1 alpha + Enhanced + One-Step,NYSE:FSS,0.0
2021-04-13,17,AR1 alpha + Enhanced + One-Step,NYSE:FSS,0.0
2021-04-14,17,AR1 alpha + Enhanced + One-Step,NYSE:FSS,0.0
2021-04-15,17,AR1 alpha + Enhanced + One-Step,NYSE:FSS,7.583505998099087e-07
2021-04-16,17,AR1 alpha + Enhanced + One-Step,NYSE:FSS,5.410754005152045e-07
2021-04-19,17,AR1 alpha + Enhanced + One-Step,NYSE:FSS,1.8043404709235774e-07
2021-04-20,17,AR1 alpha + Enhanced + One-Step,NYSE:FSS,0.0
2021-04-21,17,AR1 alpha + Enhanced + One-Step,NYSE:FSS,0.0
2021-04-22,17,AR1 alpha + Enhanced + One-Step,NYSE:FSS,0.0
2021-04-23,17,AR1 alpha + Enhanced + One-Step,NYSE:FSS,0.0
2021-04-26,17,AR1 alpha + Enhanced + One-Step,NYSE:FSS,0.0
2021-04-27,17,AR1 alpha + Enhanced + One-Step,NYSE:FSS,0.0
2021-04-28,17,AR1 alpha + Enhanced + One-Step,NYSE:FSS,0.0
2021-04-29,17,AR1 alpha + Enhanced + One-Step,NYSE:FSS,0.0
2021-04-30,17,AR1 alpha + Enhanced + One-Step,NYSE:FSS,0.0
2021-05-03,17,AR1 alpha + Enhanced + One-Step,NYSE:FSS,3.790928860014889e-06
2021-05-04,17,AR1 alpha + Enhanced + One-Step,NYSE:FSS,2.3699500004476396e-06
2021-05-05,17,AR1 alpha + Enhanced + One-Step,NYSE:FSS,1.5334229351459591e-06
2021-05-06,17,AR1 alpha + Enhanced + One-Step,NYSE:FSS,2.35421888999102e-06
2021-05-07,17,AR1 alpha + Enhanced + One-Step,NYSE:FSS,1.5407731714312572e-06
2021-05-10,17,AR1 alpha + Enhanced + One-Step,NYSE:FSS,1.3011885989166566e-06
2021-05-11,17,AR1 alpha + Enhanced + One-Step,NYSE:FSS,9.414958855169491e-07
2021-05-12,17,AR1 alpha + Enhanced + One-Step,NYSE:FSS,5.868101069320174e-07
2021-05-13,17,AR1 alpha + Enhanced + One-Step,NYSE:FSS,0.0
2021-05-14,17,AR1 alpha + Enhanced + One-Step,NYSE:FSS,7.3197740994943316e-09
2021-05-17,17,AR1 alpha + Enhanced + One-Step,NYSE:FSS,0.0
2021-05-18,17,AR1 alpha + Enhanced + One-Step,NYSE:FSS,5.60099539001242e-07
2021-05-19,17,AR1 alpha + Enhanced + One-Step,NYSE:FSS,1.4217992576900403e-06
2021-05-20,17,AR1 alpha + Enhanced + One-Step,NYSE:FSS,1.0629443367558356e-06
2021-05-21,17,AR1 alpha + Enhanced + One-Step,NYSE:FSS,8.442416139684488e-07
2021-05-24,17,AR1 alpha + Enhanced + One-Step,NYSE:FSS,0.0
2021-05-25,17,AR1 alpha + Enhanced + One-Step,NYSE:FSS,0.0
2021-05-26,17,AR1 alpha + Enhanced + One-Step,NYSE:FSS,0.0
2021-05-27,17,AR1 alpha + Enhanced + One-Step,NYSE:FSS,0.0
2021-05-28,17,AR1 alpha + Enhanced + One-Step,NYSE:FSS,0.0
2021-06-01,17,AR1 alpha + Enhanced + One-Step,NYSE:FSS,0.0
2021-06-02,17,AR1 alpha + Enhanced + One-Step,NYSE:FSS,0.0
2021-06-03,17,AR1 alpha + Enhanced + One-Step,NYSE:FSS,0.0
2021-06-04,17,AR1 alpha + Enhanced + One-Step,NYSE:FSS,0.0
2021-06-07,17,AR1 alpha + Enhanced + One-Step,NYSE:FSS,0.0
2021-06-08,17,AR1 alpha + Enhanced + One-Step,NYSE:FSS,0.0
2021-06-09,17,AR1 alpha + Enhanced + One-Step,NYSE:FSS,0.0
2021-06-10,17,AR1 alpha + Enhanced + One-Step,NYSE:FSS,0.0
2021-06-11,17,AR1 alpha + Enhanced + One-Step,NYSE:FSS,0.0
2021-06-14,17,AR1 alpha + Enhanced + One-Step,NYSE:FSS,0.0
2021-06-15,17,AR1 alpha + Enhanced + One-Step,NYSE:FSS,0.0
2021-06-16,17,AR1 alpha + Enhanced + One-Step,NYSE:FSS,0.0
2021-06-17,17,AR1 alpha + Enhanced + One-Step,NYSE:FSS,0.0
2021-06-18,17,AR1 alpha + Enhanced + One-Step,NYSE:FSS,0.0
2021-06-21,17,AR1 alpha + Enhanced + One-Step,NYSE:FSS,8.964689687599212e-07
2021-06-22,17,AR1 alpha + Enhanced + One-Step,NYSE:FSS,0.0
2021-06-23,17,AR1 alpha + Enhanced + One-Step,NYSE:FSS,0.0
2021-06-24,17,AR1 alpha + Enhanced + One-Step,NYSE:FSS,1.6556301306770994e-06
2021-06-25,17,AR1 alpha + Enhanced + One-Step,NYSE:FSS,1.8954255360931325e-06
2021-06-28,17,AR1 alpha + Enhanced + One-Step,NYSE:FSS,1.1080207947887508e-06
2021-06-29,17,AR1 alpha + Enhanced + One-Step,NYSE:FSS,0.0
2021-06-30,17,AR1 alpha + Enhanced + One-Step,NYSE:FSS,0.0
2021-07-01,17,AR1 alpha + Enhanced + One-Step,NYSE:FSS,0.0
2021-07-02,17,AR1 alpha + Enhanced + One-Step,NYSE:FSS,0.0
2021-07-06,17,AR1 alpha + Enhanced + One-Step,NYSE:FSS,0.0
2021-07-07,17,AR1 alpha + Enhanced + One-Step,NYSE:FSS,1.0424062981184577e-06
2021-07-08,17,AR1 alpha + Enhanced + One-Step,NYSE:FSS,5.474410689290479e-07
2021-07-09,17,AR1 alpha + Enhanced + One-Step,NYSE:FSS,0.0
2021-07-12,17,AR1 alpha + Enhanced + One-Step,NYSE:FSS,0.0
2021-07-13,17,AR1 alpha + Enhanced + One-Step,NYSE:FSS,0.0
2021-07-14,17,AR1 alpha + Enhanced + One-Step,NYSE:FSS,0.0
2021-07-15,17,AR1 alpha + Enhanced + One-Step,NYSE:FSS,0.0
2021-07-16,17,AR1 alpha + Enhanced + One-Step,NYSE:FSS,0.0
2021-07-19,17,AR1 alpha + Enhanced + One-Step,NYSE:FSS,0.0
2021-07-20,17,AR1 alpha + Enhanced + One-Step,NYSE:FSS,0.0
2021-07-21,17,AR1 alpha + Enhanced + One-Step,NYSE:FSS,2.7797903263480327e-07
2021-07-22,17,AR1 alpha + Enhanced + One-Step,NYSE:FSS,0.0
2021-07-23,17,AR1 alpha + Enhanced + One-Step,NYSE:FSS,0.0
2021-07-26,17,AR1 alpha + Enhanced + One-Step,NYSE:FSS,0.0
2021-07-27,17,AR1 alpha + Enhanced + One-Step,NYSE:FSS,0.0
2021-07-28,17,AR1 alpha + Enhanced + One-Step,NYSE:FSS,0.0
2021-07-29,17,AR1 alpha + Enhanced + One-Step,NYSE:FSS,0.0
2021-07-30,17,AR1 alpha + Enhanced + One-Step,NYSE:FSS,0.0
2021-08-02,17,AR1 alpha + Enhanced + One-Step,NYSE:FSS,0.0
2021-08-03,17,AR1 alpha + Enhanced + One-Step,NYSE:FSS,0.0
2021-08-04,17,AR1 alpha + Enhanced + One-Step,NYSE:FSS,0.0
2021-08-05,17,AR1 alpha + Enhanced + One-Step,NYSE:FSS,0.0
2021-08-06,17,AR1 alpha + Enhanced + One-Step,NYSE:FSS,0.0
2021-08-09,17,AR1 alpha + Enhanced + One-Step,NYSE:FSS,0.0
2021-08-10,17,AR1 alpha + Enhanced + One-Step,NYSE:FSS,0.0
2021-08-11,17,AR1 alpha + Enhanced + One-Step,NYSE:FSS,0.0
2021-08-12,17,AR1 alpha + Enhanced + One-Step,NYSE:FSS,0.0
2021-08-13,17,AR1 alpha + Enhanced + One-Step,NYSE:FSS,1.7064038172482968e-07
2021-08-16,17,AR1 alpha + Enhanced + One-Step,NYSE:FSS,1.316358950281225e-06
2021-08-17,17,AR1 alpha + Enhanced + One-Step,NYSE:FSS,1.2133200928052799e-06
2021-08-18,17,AR1 alpha + Enhanced + One-Step,NYSE:FSS,1.1063934808221924e-06
2021-08-19,17,AR1 alpha + Enhanced + One-Step,NYSE:FSS,2.407013690307444e-06
2021-08-20,17,AR1 alpha + Enhanced + One-Step,NYSE:FSS,0.0
2021-08-23,17,AR1 alpha + Enhanced + One-Step,NYSE:FSS,0.0
2021-08-24,17,AR1 alpha + Enhanced + One-Step,NYSE:FSS,5.033706345362686e-08
2021-08-25,17,AR1 alpha + Enhanced + One-Step,NYSE:FSS,5.332655245447675e-08
2021-08-26,17,AR1 alpha + Enhanced + One-Step,NYSE:FSS,0.0
2021-08-27,17,AR1 alpha + Enhanced + One-Step,NYSE:FSS,0.0
2021-08-30,17,AR1 alpha + Enhanced + One-Step,NYSE:FSS,0.0
2021-08-31,17,AR1 alpha + Enhanced + One-Step,NYSE:FSS,0.0
2021-09-01,17,AR1 alpha + Enhanced + One-Step,NYSE:FSS,0.0
2021-09-02,17,AR1 alpha + Enhanced + One-Step,NYSE:FSS,0.0
2021-09-03,17,AR1 alpha + Enhanced + One-Step,NYSE:FSS,0.0
2021-09-07,17,AR1 alpha + Enhanced + One-Step,NYSE:FSS,0.0
2021-09-08,17,AR1 alpha + Enhanced + One-Step,NYSE:FSS,0.0
2021-09-09,17,AR1 alpha + Enhanced + One-Step,NYSE:FSS,0.0
2021-09-10,17,AR1 alpha + Enhanced + One-Step,NYSE:FSS,0.0
2021-09-13,17,AR1 alpha + Enhanced + One-Step,NYSE:FSS,4.3684823489174744e-07
2021-09-14,17,AR1 alpha + Enhanced + One-Step,NYSE:FSS,0.0
2021-09-15,17,AR1 alpha + Enhanced + One-Step,NYSE:FSS,0.0
2021-09-16,17,AR1 alpha + Enhanced + One-Step,NYSE:FSS,0.0
2021-09-17,17,AR1 alpha + Enhanced + One-Step,NYSE:FSS,0.0
2021-09-20,17,AR1 alpha + Enhanced + One-Step,NYSE:FSS,0.0
2021-09-21,17,AR1 alpha + Enhanced + One-Step,NYSE:FSS,0.0
2021-09-22,17,AR1 alpha + Enhanced + One-Step,NYSE:FSS,0.0
2021-09-23,17,AR1 alpha + Enhanced + One-Step,NYSE:FSS,5.644327099516975e-07
2021-09-24,17,AR1 alpha + Enhanced + One-Step,NYSE:FSS,4.878421259480397e-08
2021-09-27,17,AR1 alpha + Enhanced + One-Step,NYSE:FSS,3.9015867625736786e-08
2021-09-28,17,AR1 alpha + Enhanced + One-Step,NYSE:FSS,0.0
2021-09-29,17,AR1 alpha + Enhanced + One-Step,NYSE:FSS,4.5967443766376073e-07
2021-09-30,17,AR1 alpha + Enhanced + One-Step,NYSE:FSS,2.902288415519011e-07
2021-10-01,17,AR1 alpha + Enhanced + One-Step,NYSE:FSS,2.0648567977257082e-07
2021-10-04,17,AR1 alpha + Enhanced + One-Step,NYSE:FSS,1.8348660704220067e-07
2021-10-05,17,AR1 alpha + Enhanced + One-Step,NYSE:FSS,0.0
2021-10-06,17,AR1 alpha + Enhanced + One-Step,NYSE:FSS,0.0
2021-10-07,17,AR1 alpha + Enhanced + One-Step,NYSE:FSS,0.0
2021-10-08,17,AR1 alpha + Enhanced + One-Step,NYSE:FSS,0.0
2021-10-11,17,AR1 alpha + Enhanced + One-Step,NYSE:FSS,0.0
2021-10-12,17,AR1 alpha + Enhanced + One-Step,NYSE:FSS,2.4960701314131505e-07
2021-10-13,17,AR1 alpha + Enhanced + One-Step,NYSE:FSS,2.0391888540041566e-07
2021-10-14,17,AR1 alpha + Enhanced + One-Step,NYSE:FSS,0.0
2021-10-15,17,AR1 alpha + Enhanced + One-Step,NYSE:FSS,0.0
2021-10-18,17,AR1 alpha + Enhanced + One-Step,NYSE:FSS,0.0
2021-10-19,17,AR1 alpha + Enhanced + One-Step,NYSE:FSS,0.0
2021-10-20,17,AR1 alpha + Enhanced + One-Step,NYSE:FSS,1.699235540343988e-07
2021-10-21,17,AR1 alpha + Enhanced + One-Step,NYSE:FSS,1.034898057051142e-07
2021-10-22,17,AR1 alpha + Enhanced + One-Step,NYSE:FSS,0.0
2021-10-25,17,AR1 alpha + Enhanced + One-Step,NYSE:FSS,0.0
2021-10-26,17,AR1 alpha + Enhanced + One-Step,NYSE:FSS,0.0
2021-10-27,17,AR1 alpha + Enhanced + One-Step,NYSE:FSS,6.54884740982432e-08
2021-10-28,17,AR1 alpha + Enhanced + One-Step,NYSE:FSS,1.5848068191642764e-07
2021-10-29,17,AR1 alpha + Enhanced + One-Step,NYSE:FSS,0.0
2021-11-01,17,AR1 alpha + Enhanced + One-Step,NYSE:FSS,0.0
2021-11-02,17,AR1 alpha + Enhanced + One-Step,NYSE:FSS,0.0
2021-11-03,17,AR1 alpha + Enhanced + One-Step,NYSE:FSS,5.146588619102608e-07
2021-11-04,17,AR1 alpha + Enhanced + One-Step,NYSE:FSS,3.5759508788531666e-07
2021-11-05,17,AR1 alpha + Enhanced + One-Step,NYSE:FSS,5.304642076236511e-08
2021-11-08,17,AR1 alpha + Enhanced + One-Step,NYSE:FSS,8.777489042492071e-09
2021-11-09,17,AR1 alpha + Enhanced + One-Step,NYSE:FSS,4.776925866347949e-08
2021-11-10,17,AR1 alpha + Enhanced + One-Step,NYSE:FSS,1.0717229555758149e-06
2021-11-11,17,AR1 alpha + Enhanced + One-Step,NYSE:FSS,7.510121069228119e-07
2021-11-12,17,AR1 alpha + Enhanced + One-Step,NYSE:FSS,6.545531074392735e-07
2021-11-15,17,AR1 alpha + Enhanced + One-Step,NYSE:FSS,9.196997598889566e-07
2021-11-16,17,AR1 alpha + Enhanced + One-Step,NYSE:FSS,5.149345068687456e-07
2021-11-17,17,AR1 alpha + Enhanced + One-Step,NYSE:FSS,0.0
2021-11-18,17,AR1 alpha + Enhanced + One-Step,NYSE:FSS,0.0
2021-11-19,17,AR1 alpha + Enhanced + One-Step,NYSE:FSS,2.527280120833023e-07
2021-11-22,17,AR1 alpha + Enhanced + One-Step,NYSE:FSS,3.783611837351229e-07
2021-11-23,17,AR1 alpha + Enhanced + One-Step,NYSE:FSS,0.0
2021-11-24,17,AR1 alpha + Enhanced + One-Step,NYSE:FSS,0.0
2021-11-26,17,AR1 alpha + Enhanced + One-Step,NYSE:FSS,0.0
2021-11-29,17,AR1 alpha + Enhanced + One-Step,NYSE:FSS,1.1541834152353575e-08
2021-11-30,17,AR1 alpha + Enhanced + One-Step,NYSE:FSS,0.0
2021-12-01,17,AR1 alpha + Enhanced + One-Step,NYSE:FSS,0.0
2021-12-02,17,AR1 alpha + Enhanced + One-Step,NYSE:FSS,0.0
2021-12-03,17,AR1 alpha + Enhanced + One-Step,NYSE:FSS,8.425613915363306e-08
2021-12-06,17,AR1 alpha + Enhanced + One-Step,NYSE:FSS,0.0
2021-12-07,17,AR1 alpha + Enhanced + One-Step,NYSE:FSS,1.6239413712795692e-08
2021-12-08,17,AR1 alpha + Enhanced + One-Step,NYSE:FSS,9.858043923596778e-08
2021-12-09,17,AR1 alpha + Enhanced + One-Step,NYSE:FSS,0.0
2021-12-10,17,AR1 alpha + Enhanced + One-Step,NYSE:FSS,0.0
2021-12-13,17,AR1 alpha + Enhanced + One-Step,NYSE:FSS,0.0
2021-12-14,17,AR1 alpha + Enhanced + One-Step,NYSE:FSS,3.2270938362852904e-07
2021-12-15,17,AR1 alpha + Enhanced + One-Step,NYSE:FSS,5.274134550400505e-07
2021-12-16,17,AR1 alpha + Enhanced + One-Step,NYSE:FSS,4.652850093645637e-07
2021-12-17,17,AR1 alpha + Enhanced + One-Step,NYSE:FSS,1.9660696340918267e-07
2021-12-20,17,AR1 alpha + Enhanced + One-Step,NYSE:FSS,0.0
2021-12-21,17,AR1 alpha + Enhanced + One-Step,NYSE:FSS,1.3990952467458962e-07
2021-12-22,17,AR1 alpha + Enhanced + One-Step,NYSE:FSS,1.1546470615930748e-07
2021-12-23,17,AR1 alpha + Enhanced + One-Step,NYSE:FSS,2.7837501250766406e-07
2021-12-27,17,AR1 alpha + Enhanced + One-Step,NYSE:FSS,3.0703918548691957e-07
2021-12-28,17,AR1 alpha + Enhanced + One-Step,NYSE:FSS,2.429931158580564e-07
2021-12-29,17,AR1 alpha + Enhanced + One-Step,NYSE:FSS,1.493305318275385e-07
2021-12-30,17,AR1 alpha + Enhanced + One-Step,NYSE:FSS,2.6322977403471505e-07
2021-12-31,17,AR1 alpha + Enhanced + One-Step,NYSE:FSS,1.4865744893372832e-07
2022-01-03,17,AR1 alpha + Enhanced + One-Step,NYSE:FSS,1.5331144809766094e-07
2022-01-04,17,AR1 alpha + Enhanced + One-Step,NYSE:FSS,1.275492416187754e-07
2022-01-05,17,AR1 alpha + Enhanced + One-Step,NYSE:FSS,8.702065055362258e-08
2022-01-06,17,AR1 alpha + Enhanced + One-Step,NYSE:FSS,7.950816722829813e-08
2022-01-07,17,AR1 alpha + Enhanced + One-Step,NYSE:FSS,0.0
2022-01-10,17,AR1 alpha + Enhanced + One-Step,NYSE:FSS,0.0
2022-01-11,17,AR1 alpha + Enhanced + One-Step,NYSE:FSS,0.0
2022-01-12,17,AR1 alpha + Enhanced + One-Step,NYSE:FSS,0.0
2022-01-13,17,AR1 alpha + Enhanced + One-Step,NYSE:FSS,0.0
2022-01-14,17,AR1 alpha + Enhanced + One-Step,NYSE:FSS,0.0
2022-01-18,17,AR1 alpha + Enhanced + One-Step,NYSE:FSS,1.8707123449741483e-07
2022-01-19,17,AR1 alpha + Enhanced + One-Step,NYSE:FSS,0.0
2022-01-20,17,AR1 alpha + Enhanced + One-Step,NYSE:FSS,5.0019337073303956e-08
2022-01-21,17,AR1 alpha + Enhanced + One-Step,NYSE:FSS,0.0
2022-01-24,17,AR1 alpha + Enhanced + One-Step,NYSE:FSS,0.0
2022-01-25,17,AR1 alpha + Enhanced + One-Step,NYSE:FSS,5.4522127521675616e-08
2022-01-26,17,AR1 alpha + Enhanced + One-Step,NYSE:FSS,8.273400733544514e-08
2022-01-27,17,AR1 alpha + Enhanced + One-Step,NYSE:FSS,0.0
2022-01-28,17,AR1 alpha + Enhanced + One-Step,NYSE:FSS,2.655354001073415e-09
2022-01-31,17,AR1 alpha + Enhanced + One-Step,NYSE:FSS,4.696651055908369e-07
2022-02-01,17,AR1 alpha + Enhanced + One-Step,NYSE:FSS,2.6105175598063306e-07
2022-02-02,17,AR1 alpha + Enhanced + One-Step,NYSE:FSS,1.3585948267335067e-07
2022-02-03,17,AR1 alpha + Enhanced + One-Step,NYSE:FSS,0.0
2022-02-04,17,AR1 alpha + Enhanced + One-Step,NYSE:FSS,0.0
2022-02-07,17,AR1 alpha + Enhanced + One-Step,NYSE:FSS,0.0
2022-02-08,17,AR1 alpha + Enhanced + One-Step,NYSE:FSS,0.0
2022-02-09,17,AR1 alpha + Enhanced + One-Step,NYSE:FSS,2.5674853887383806e-08
2022-02-10,17,AR1 alpha + Enhanced + One-Step,NYSE:FSS,2.3164802724940148e-08
2022-02-11,17,AR1 alpha + Enhanced + One-Step,NYSE:FSS,4.343615410624374e-07
2022-02-14,17,AR1 alpha + Enhanced + One-Step,NYSE:FSS,2.2693244012548025e-07
2022-02-15,17,AR1 alpha + Enhanced + One-Step,NYSE:FSS,1.5293754673764366e-07
2022-02-16,17,AR1 alpha + Enhanced + One-Step,NYSE:FSS,2.1351973696553285e-07
2022-02-17,17,AR1 alpha + Enhanced + One-Step,NYSE:FSS,1.2466073646515087e-07
2022-02-18,17,AR1 alpha + Enhanced + One-Step,NYSE:FSS,1.4311072454441835e-07
2022-02-22,17,AR1 alpha + Enhanced + One-Step,NYSE:FSS,9.95502285946375e-08
2022-02-23,17,AR1 alpha + Enhanced + One-Step,NYSE:FSS,8.763003904063208e-08
2022-02-24,17,AR1 alpha + Enhanced + One-Step,NYSE:FSS,0.0
2022-02-25,17,AR1 alpha + Enhanced + One-Step,NYSE:FSS,6.910617041769458e-08
2022-02-28,17,AR1 alpha + Enhanced + One-Step,NYSE:FSS,6.90784793028163e-08
2022-03-01,17,AR1 alpha + Enhanced + One-Step,NYSE:FSS,1.4552312623889117e-07
2022-03-02,17,AR1 alpha + Enhanced + One-Step,NYSE:FSS,4.063036927916342e-08
2022-03-03,17,AR1 alpha + Enhanced + One-Step,NYSE:FSS,1.060934449273154e-08
2022-03-04,17,AR1 alpha + Enhanced + One-Step,NYSE:FSS,0.0
2022-03-07,17,AR1 alpha + Enhanced + One-Step,NYSE:FSS,1.2168692869765245e-06
2022-03-08,17,AR1 alpha + Enhanced + One-Step,NYSE:FSS,7.420561141993018e-07
2022-03-09,17,AR1 alpha + Enhanced + One-Step,NYSE:FSS,0.0
2022-03-10,17,AR1 alpha + Enhanced + One-Step,NYSE:FSS,1.03760923215713e-07
2022-03-11,17,AR1 alpha + Enhanced + One-Step,NYSE:FSS,0.0
2022-03-14,17,AR1 alpha + Enhanced + One-Step,NYSE:FSS,0.0
2022-03-15,17,AR1 alpha + Enhanced + One-Step,NYSE:FSS,0.0
2022-03-16,17,AR1 alpha + Enhanced + One-Step,NYSE:FSS,1.3155235381824787e-08
2022-03-17,17,AR1 alpha + Enhanced + One-Step,NYSE:FSS,3.3852465087590006e-08
2022-03-18,17,AR1 alpha + Enhanced + One-Step,NYSE:FSS,0.0
2022-03-21,17,AR1 alpha + Enhanced + One-Step,NYSE:FSS,2.140439035237904e-07
2022-03-22,17,AR1 alpha + Enhanced + One-Step,NYSE:FSS,1.545956875955745e-07
2022-03-23,17,AR1 alpha + Enhanced + One-Step,NYSE:FSS,5.7582133773603474e-08
2022-03-24,17,AR1 alpha + Enhanced + One-Step,NYSE:FSS,0.0
2022-03-25,17,AR1 alpha + Enhanced + One-Step,NYSE:FSS,0.0
2022-03-28,17,AR1 alpha + Enhanced + One-Step,NYSE:FSS,0.0
2022-03-29,17,AR1 alpha + Enhanced + One-Step,NYSE:FSS,0.0
2022-03-30,17,AR1 alpha + Enhanced + One-Step,NYSE:FSS,0.0
2022-03-31,17,AR1 alpha + Enhanced + One-Step,NYSE:FSS,0.0
2022-04-01,17,AR1 alpha + Enhanced + One-Step,NYSE:FSS,0.0
2022-04-04,17,AR1 alpha + Enhanced + One-Step,NYSE:FSS,0.0
2022-04-05,17,AR1 alpha + Enhanced + One-Step,NYSE:FSS,2.581698998323833e-08
2022-04-06,17,AR1 alpha + Enhanced + One-Step,NYSE:FSS,0.0
2022-04-07,17,AR1 alpha + Enhanced + One-Step,NYSE:FSS,0.0
2022-04-08,17,AR1 alpha + Enhanced + One-Step,NYSE:FSS,1.5160341620013174e-07
2022-04-11,17,AR1 alpha + Enhanced + One-Step,NYSE:FSS,0.0
2022-04-12,17,AR1 alpha + Enhanced + One-Step,NYSE:FSS,0.0
2022-04-13,17,AR1 alpha + Enhanced + One-Step,NYSE:FSS,3.8422088070986264e-08
2022-04-14,17,AR1 alpha + Enhanced + One-Step,NYSE:FSS,0.0
2022-04-18,17,AR1 alpha + Enhanced + One-Step,NYSE:FSS,0.0
2022-04-19,17,AR1 alpha + Enhanced + One-Step,NYSE:FSS,0.0
2022-04-20,17,AR1 alpha + Enhanced + One-Step,NYSE:FSS,0.0
2022-04-21,17,AR1 alpha + Enhanced + One-Step,NYSE:FSS,0.0
2022-04-22,17,AR1 alpha + Enhanced + One-Step,NYSE:FSS,0.0
2022-04-25,17,AR1 alpha + Enhanced + One-Step,NYSE:FSS,0.0
2022-04-26,17,AR1 alpha + Enhanced + One-Step,NYSE:FSS,1.0980516607389561e-07
2022-04-27,17,AR1 alpha + Enhanced + One-Step,NYSE:FSS,0.0
2022-04-28,17,AR1 alpha + Enhanced + One-Step,NYSE:FSS,0.0
2022-04-29,17,AR1 alpha + Enhanced + One-Step,NYSE:FSS,0.0
2022-05-02,17,AR1 alpha + Enhanced + One-Step,NYSE:FSS,0.0
2022-05-03,17,AR1 alpha + Enhanced + One-Step,NYSE:FSS,0.0
2022-05-04,17,AR1 alpha + Enhanced + One-Step,NYSE:FSS,0.0
2022-05-05,17,AR1 alpha + Enhanced + One-Step,NYSE:FSS,0.0
2022-05-06,17,AR1 alpha + Enhanced + One-Step,NYSE:FSS,0.0
2022-05-09,17,AR1 alpha + Enhanced + One-Step,NYSE:FSS,1.8147216101825897e-08
2022-05-10,17,AR1 alpha + Enhanced + One-Step,NYSE:FSS,0.0
2022-05-11,17,AR1 alpha + Enhanced + One-Step,NYSE:FSS,0.0
2022-05-12,17,AR1 alpha + Enhanced + One-Step,NYSE:FSS,0.0
2022-05-13,17,AR1 alpha + Enhanced + One-Step,NYSE:FSS,0.0
2022-05-16,17,AR1 alpha + Enhanced + One-Step,NYSE:FSS,0.0
2022-05-17,17,AR1 alpha + Enhanced + One-Step,NYSE:FSS,0.0
2022-05-18,17,AR1 alpha + Enhanced + One-Step,NYSE:FSS,0.0
2022-05-19,17,AR1 alpha + Enhanced + One-Step,NYSE:FSS,0.0
2022-05-20,17,AR1 alpha + Enhanced + One-Step,NYSE:FSS,0.0
2022-05-23,17,AR1 alpha + Enhanced + One-Step,NYSE:FSS,0.0
2022-05-24,17,AR1 alpha + Enhanced + One-Step,NYSE:FSS,0.0
2022-05-25,17,AR1 alpha + Enhanced + One-Step,NYSE:FSS,0.0
2022-05-26,17,AR1 alpha + Enhanced + One-Step,NYSE:FSS,0.0
2022-05-27,17,AR1 alpha + Enhanced + One-Step,NYSE:FSS,9.954595996243374e-08
2022-05-31,17,AR1 alpha + Enhanced + One-Step,NYSE:FSS,0.0
2022-06-01,17,AR1 alpha + Enhanced + One-Step,NYSE:FSS,1.2677826787581097e-06
2022-06-02,17,AR1 alpha + Enhanced + One-Step,NYSE:FSS,0.0
2022-06-03,17,AR1 alpha + Enhanced + One-Step,NYSE:FSS,0.0
2022-06-06,17,AR1 alpha + Enhanced + One-Step,NYSE:FSS,0.0
2022-06-07,17,AR1 alpha + Enhanced + One-Step,NYSE:FSS,0.0
2022-06-08,17,AR1 alpha + Enhanced + One-Step,NYSE:FSS,0.0
2022-06-09,17,AR1 alpha + Enhanced + One-Step,NYSE:FSS,0.0
2022-06-10,17,AR1 alpha + Enhanced + One-Step,NYSE:FSS,0.0
2022-06-13,17,AR1 alpha + Enhanced + One-Step,NYSE:FSS,0.0
2022-06-14,17,AR1 alpha + Enhanced + One-Step,NYSE:FSS,5.876387691131427e-07
2022-06-15,17,AR1 alpha + Enhanced + One-Step,NYSE:FSS,1.5264730672268542e-07
2022-06-16,17,AR1 alpha + Enhanced + One-Step,NYSE:FSS,2.2196341448651239e-07
2022-06-17,17,AR1 alpha + Enhanced + One-Step,NYSE:FSS,0.0
2022-06-21,17,AR1 alpha + Enhanced + One-Step,NYSE:FSS,0.0
2022-06-22,17,AR1 alpha + Enhanced + One-Step,NYSE:FSS,0.0
2022-06-23,17,AR1 alpha + Enhanced + One-Step,NYSE:FSS,0.0
2022-06-24,17,AR1 alpha + Enhanced + One-Step,NYSE:FSS,0.0
2022-06-27,17,AR1 alpha + Enhanced + One-Step,NYSE:FSS,1.5027254403069144e-07
2022-06-28,17,AR1 alpha + Enhanced + One-Step,NYSE:FSS,7.784671872546092e-08
2022-06-29,17,AR1 alpha + Enhanced + One-Step,NYSE:FSS,0.0
2022-06-30,17,AR1 alpha + Enhanced + One-Step,NYSE:FSS,1.48550813181497e-07
2022-07-01,17,AR1 alpha + Enhanced + One-Step,NYSE:FSS,0.0
2022-07-05,17,AR1 alpha + Enhanced + One-Step,NYSE:FSS,0.0
2022-07-06,17,AR1 alpha + Enhanced + One-Step,NYSE:FSS,0.0
2022-07-07,17,AR1 alpha + Enhanced + One-Step,NYSE:FSS,0.0
2022-07-08,17,AR1 alpha + Enhanced + One-Step,NYSE:FSS,0.0
2022-07-11,17,AR1 alpha + Enhanced + One-Step,NYSE:FSS,0.0
2022-07-12,17,AR1 alpha + Enhanced + One-Step,NYSE:FSS,0.0
2022-07-13,17,AR1 alpha + Enhanced + One-Step,NYSE:FSS,0.0
2022-07-14,17,AR1 alpha + Enhanced + One-Step,NYSE:FSS,1.915175963553277e-08
2022-07-15,17,AR1 alpha + Enhanced + One-Step,NYSE:FSS,4.051692294000462e-08
2022-07-18,17,AR1 alpha + Enhanced + One-Step,NYSE:FSS,0.0
2022-07-19,17,AR1 alpha + Enhanced + One-Step,NYSE:FSS,0.0
2022-07-20,17,AR1 alpha + Enhanced + One-Step,NYSE:FSS,0.0
2022-07-21,17,AR1 alpha + Enhanced + One-Step,NYSE:FSS,0.0
2022-07-22,17,AR1 alpha + Enhanced + One-Step,NYSE:FSS,0.0
2022-07-25,17,AR1 alpha + Enhanced + One-Step,NYSE:FSS,4.2456095898586315e-07
2022-07-26,17,AR1 alpha + Enhanced + One-Step,NYSE:FSS,4.980385031929086e-09
2022-07-27,17,AR1 alpha + Enhanced + One-Step,NYSE:FSS,4.3982052324195516e-09
2022-07-28,17,AR1 alpha + Enhanced + One-Step,NYSE:FSS,0.0
2022-07-29,17,AR1 alpha + Enhanced + One-Step,NYSE:FSS,0.0
2022-08-01,17,AR1 alpha + Enhanced + One-Step,NYSE:FSS,5.630968909854084e-10
2022-08-02,17,AR1 alpha + Enhanced + One-Step,NYSE:FSS,0.0
2022-08-03,17,AR1 alpha + Enhanced + One-Step,NYSE:FSS,0.0
2022-08-04,17,AR1 alpha + Enhanced + One-Step,NYSE:FSS,2.0862873644700373e-08
2022-08-05,17,AR1 alpha + Enhanced + One-Step,NYSE:FSS,0.0
2022-08-08,17,AR1 alpha + Enhanced + One-Step,NYSE:FSS,0.0
2022-08-09,17,AR1 alpha + Enhanced + One-Step,NYSE:FSS,4.1125844276679495e-07
2022-08-10,17,AR1 alpha + Enhanced + One-Step,NYSE:FSS,0.0
2022-08-11,17,AR1 alpha + Enhanced + One-Step,NYSE:FSS,0.0
2022-08-12,17,AR1 alpha + Enhanced + One-Step,NYSE:FSS,1.5976308930578453e-08
2022-08-15,17,AR1 alpha + Enhanced + One-Step,NYSE:FSS,2.5180583830342367e-09
2022-08-16,17,AR1 alpha + Enhanced + One-Step,NYSE:FSS,4.011662935811355e-08
2022-08-17,17,AR1 alpha + Enhanced + One-Step,NYSE:FSS,2.2193922646617383e-07
2022-08-18,17,AR1 alpha + Enhanced + One-Step,NYSE:FSS,0.0
2022-08-19,17,AR1 alpha + Enhanced + One-Step,NYSE:FSS,0.0
2022-08-22,17,AR1 alpha + Enhanced + One-Step,NYSE:FSS,6.266804239837795e-07
2022-08-23,17,AR1 alpha + Enhanced + One-Step,NYSE:FSS,6.755582855748428e-07
2022-08-24,17,AR1 alpha + Enhanced + One-Step,NYSE:FSS,4.966293129534154e-07
2022-08-25,17,AR1 alpha + Enhanced + One-Step,NYSE:FSS,0.0
2022-08-26,17,AR1 alpha + Enhanced + One-Step,NYSE:FSS,0.0
2022-08-29,17,AR1 alpha + Enhanced + One-Step,NYSE:FSS,9.457342490361439e-08
2022-08-30,17,AR1 alpha + Enhanced + One-Step,NYSE:FSS,7.833587515409821e-08
2022-08-31,17,AR1 alpha + Enhanced + One-Step,NYSE:FSS,0.0
2022-09-01,17,AR1 alpha + Enhanced + One-Step,NYSE:FSS,6.890679478130997e-08
2022-09-02,17,AR1 alpha + Enhanced + One-Step,NYSE:FSS,2.986215052580318e-08
2022-09-06,17,AR1 alpha + Enhanced + One-Step,NYSE:FSS,3.276587934709027e-08
2022-09-07,17,AR1 alpha + Enhanced + One-Step,NYSE:FSS,3.850850669010778e-08
2022-09-08,17,AR1 alpha + Enhanced + One-Step,NYSE:FSS,1.2848336631568206e-07
2022-09-09,17,AR1 alpha + Enhanced + One-Step,NYSE:FSS,0.0
2022-09-12,17,AR1 alpha + Enhanced + One-Step,NYSE:FSS,0.0
2022-09-13,17,AR1 alpha + Enhanced + One-Step,NYSE:FSS,1.6575379629288788e-08
2022-09-14,17,AR1 alpha + Enhanced + One-Step,NYSE:FSS,7.928635617882957e-07
2022-09-15,17,AR1 alpha + Enhanced + One-Step,NYSE:FSS,4.62757175198084e-07
2022-09-16,17,AR1 alpha + Enhanced + One-Step,NYSE:FSS,3.830550784403668e-07
2022-09-19,17,AR1 alpha + Enhanced + One-Step,NYSE:FSS,0.0
2022-09-20,17,AR1 alpha + Enhanced + One-Step,NYSE:FSS,1.513341188222497e-07
2022-09-21,17,AR1 alpha + Enhanced + One-Step,NYSE:FSS,0.0
2022-09-22,17,AR1 alpha + Enhanced + One-Step,NYSE:FSS,0.0
2022-09-23,17,AR1 alpha + Enhanced + One-Step,NYSE:FSS,6.083816982694296e-08
2022-09-26,17,AR1 alpha + Enhanced + One-Step,NYSE:FSS,3.002121211050882e-08
2022-09-27,17,AR1 alpha + Enhanced + One-Step,NYSE:FSS,0.001425496933417676
2022-09-28,17,AR1 alpha + Enhanced + One-Step,NYSE:FSS,0.001425414084743903
2022-09-29,17,AR1 alpha + Enhanced + One-Step,NYSE:FSS,0.0014259062325263374
2022-09-30,17,AR1 alpha + Enhanced + One-Step,NYSE:FSS,0.003502042017721238
2022-10-03,17,AR1 alpha + Enhanced + One-Step,NYSE:FSS,0.0
2022-10-04,17,AR1 alpha + Enhanced + One-Step,NYSE:FSS,0.0
2022-10-05,17,AR1 alpha + Enhanced + One-Step,NYSE:FSS,0.0
2022-10-06,17,AR1 alpha + Enhanced + One-Step,NYSE:FSS,0.0
2022-10-07,17,AR1 alpha + Enhanced + One-Step,NYSE:FSS,5.450126342843877e-08
2022-10-10,17,AR1 alpha + Enhanced + One-Step,NYSE:FSS,0.0
2022-10-11,17,AR1 alpha + Enhanced + One-Step,NYSE:FSS,0.0
2022-10-12,17,AR1 alpha + Enhanced + One-Step,NYSE:FSS,0.0
2022-10-13,17,AR1 alpha + Enhanced + One-Step,NYSE:FSS,7.19738931322366e-07
2022-10-14,17,AR1 alpha + Enhanced + One-Step,NYSE:FSS,5.588177885504754e-07
2022-10-17,17,AR1 alpha + Enhanced + One-Step,NYSE:FSS,3.884119910649488e-07
2022-10-18,17,AR1 alpha + Enhanced + One-Step,NYSE:FSS,3.078043606981367e-07
2022-10-19,17,AR1 alpha + Enhanced + One-Step,NYSE:FSS,2.274716946892447e-07
2022-10-20,17,AR1 alpha + Enhanced + One-Step,NYSE:FSS,1.7603176081939977e-07
2022-10-21,17,AR1 alpha + Enhanced + One-Step,NYSE:FSS,1.7089062890088907e-07
2022-10-24,17,AR1 alpha + Enhanced + One-Step,NYSE:FSS,0.0
2022-10-25,17,AR1 alpha + Enhanced + One-Step,NYSE:FSS,2.425341020739978e-08
2022-10-26,17,AR1 alpha + Enhanced + One-Step,NYSE:FSS,2.84365455536496e-08
2022-10-27,17,AR1 alpha + Enhanced + One-Step,NYSE:FSS,0.0
2022-10-28,17,AR1 alpha + Enhanced + One-Step,NYSE:FSS,0.0
2022-10-31,17,AR1 alpha + Enhanced + One-Step,NYSE:FSS,0.0
2022-11-01,17,AR1 alpha + Enhanced + One-Step,NYSE:FSS,0.0
2022-11-02,17,AR1 alpha + Enhanced + One-Step,NYSE:FSS,3.594147687168938e-08
2022-11-03,17,AR1 alpha + Enhanced + One-Step,NYSE:FSS,1.920940194570823e-06
2022-11-04,17,AR1 alpha + Enhanced + One-Step,NYSE:FSS,9.435279661482007e-07
2022-11-07,17,AR1 alpha + Enhanced + One-Step,NYSE:FSS,3.1997454027917965e-08
2022-11-08,17,AR1 alpha + Enhanced + One-Step,NYSE:FSS,1.1280198655482586e-07
2022-11-09,17,AR1 alpha + Enhanced + One-Step,NYSE:FSS,0.0
2022-11-10,17,AR1 alpha + Enhanced + One-Step,NYSE:FSS,0.0
2022-11-11,17,AR1 alpha + Enhanced + One-Step,NYSE:FSS,5.7038569471798606e-08
2022-11-14,17,AR1 alpha + Enhanced + One-Step,NYSE:FSS,0.0
2022-11-15,17,AR1 alpha + Enhanced + One-Step,NYSE:FSS,2.565642480601543e-08
2022-11-16,17,AR1 alpha + Enhanced + One-Step,NYSE:FSS,3.088428095132609e-08
2022-11-17,17,AR1 alpha + Enhanced + One-Step,NYSE:FSS,0.0
2022-11-18,17,AR1 alpha + Enhanced + One-Step,NYSE:FSS,3.411610740779561e-08
2022-11-21,17,AR1 alpha + Enhanced + One-Step,NYSE:FSS,0.0
2022-11-22,17,AR1 alpha + Enhanced + One-Step,NYSE:FSS,1.0396777472179755e-06
2022-11-23,17,AR1 alpha + Enhanced + One-Step,NYSE:FSS,1.0528290785310335e-06
2022-11-25,17,AR1 alpha + Enhanced + One-Step,NYSE:FSS,8.706158415188687e-07
2022-11-28,17,AR1 alpha + Enhanced + One-Step,NYSE:FSS,0.023661499613074333
2022-11-29,17,AR1 alpha + Enhanced + One-Step,NYSE:FSS,0.0367186812840333
2022-11-30,17,AR1 alpha + Enhanced + One-Step,NYSE:FSS,0.03671868303374768
2022-12-01,17,AR1 alpha + Enhanced + One-Step,NYSE:FSS,0.02772058647842776
2022-12-02,17,AR1 alpha + Enhanced + One-Step,NYSE:FSS,0.00719101760785143
2022-12-05,17,AR1 alpha + Enhanced + One-Step,NYSE:FSS,0.007190734207601024
2022-12-06,17,AR1 alpha + Enhanced + One-Step,NYSE:FSS,0.007189941634894602
2022-12-07,17,AR1 alpha + Enhanced + One-Step,NYSE:FSS,0.007189940743060211
2022-12-08,17,AR1 alpha + Enhanced + One-Step,NYSE:FSS,0.018009623948104087
2022-12-09,17,AR1 alpha + Enhanced + One-Step,NYSE:FSS,0.029558332309385784
2022-12-12,17,AR1 alpha + Enhanced + One-Step,NYSE:FSS,0.02955726264722029
2022-12-13,17,AR1 alpha + Enhanced + One-Step,NYSE:FSS,0.03708723557192281
2022-12-14,17,AR1 alpha + Enhanced + One-Step,NYSE:FSS,0.045169875904153486
2022-12-15,17,AR1 alpha + Enhanced + One-Step,NYSE:FSS,0.04516723417441394
2022-12-16,17,AR1 alpha + Enhanced + One-Step,NYSE:FSS,0.07009390752187313
2022-12-19,17,AR1 alpha + Enhanced + One-Step,NYSE:FSS,0.07009369985163828
2022-12-20,17,AR1 alpha + Enhanced + One-Step,NYSE:FSS,0.06908356292217471
2022-12-21,17,AR1 alpha + Enhanced + One-Step,NYSE:FSS,0.06908361710054242
2022-12-22,17,AR1 alpha + Enhanced + One-Step,NYSE:FSS,0.06094042740240614
2022-12-23,17,AR1 alpha + Enhanced + One-Step,NYSE:FSS,0.047647418465172904
2022-12-27,17,AR1 alpha + Enhanced + One-Step,NYSE:FSS,0.039101201500476045
2022-12-28,17,AR1 alpha + Enhanced + One-Step,NYSE:FSS,0.039101190739876356
2022-12-29,17,AR1 alpha + Enhanced + One-Step,NYSE:FSS,0.039092670894493524
2022-12-30,17,AR1 alpha + Enhanced + One-Step,NYSE:FSS,0.03162047667493433
2023-01-03,17,AR1 alpha + Enhanced + One-Step,NYSE:FSS,0.03162049208052943
2023-01-04,17,AR1 alpha + Enhanced + One-Step,NYSE:FSS,0.02703095812771118
2023-01-05,17,AR1 alpha + Enhanced + One-Step,NYSE:FSS,0.027031870128457935
2023-01-06,17,AR1 alpha + Enhanced + One-Step,NYSE:FSS,0.011346277067226114
2023-01-09,17,AR1 alpha + Enhanced + One-Step,NYSE:FSS,0.0
2023-01-10,17,AR1 alpha + Enhanced + One-Step,NYSE:FSS,0.0
2023-01-11,17,AR1 alpha + Enhanced + One-Step,NYSE:FSS,0.0
2023-01-12,17,AR1 alpha + Enhanced + One-Step,NYSE:FSS,0.0
2023-01-13,17,AR1 alpha + Enhanced + One-Step,NYSE:FSS,0.0
2023-01-17,17,AR1 alpha + Enhanced + One-Step,NYSE:FSS,0.003388473978869218
2023-01-18,17,AR1 alpha + Enhanced + One-Step,NYSE:FSS,0.0033883608129548974
2023-01-19,17,AR1 alpha + Enhanced + One-Step,NYSE:FSS,0.003387884161364177
2023-01-20,17,AR1 alpha + Enhanced + One-Step,NYSE:FSS,0.0
2023-01-23,17,AR1 alpha + Enhanced + One-Step,NYSE:FSS,0.0
2023-01-24,17,AR1 alpha + Enhanced + One-Step,NYSE:FSS,3.511591743402949e-08
2023-01-25,17,AR1 alpha + Enhanced + One-Step,NYSE:FSS,0.0077079262431462335
2023-01-26,17,AR1 alpha + Enhanced + One-Step,NYSE:FSS,0.007707819840767822
2023-01-27,17,AR1 alpha + Enhanced + One-Step,NYSE:FSS,0.007706107684563377
2023-01-30,17,AR1 alpha + Enhanced + One-Step,NYSE:FSS,0.010774397859837647
2023-01-31,17,AR1 alpha + Enhanced + One-Step,NYSE:FSS,0.010773126737736607
2023-02-01,17,AR1 alpha + Enhanced + One-Step,NYSE:FSS,0.01077268816855245
2023-02-02,17,AR1 alpha + Enhanced + One-Step,NYSE:FSS,0.01077435956912394
2023-02-03,17,AR1 alpha + Enhanced + One-Step,NYSE:FSS,0.010774460133048912
2023-02-06,17,AR1 alpha + Enhanced + One-Step,NYSE:FSS,0.01901285932928293
2023-02-07,17,AR1 alpha + Enhanced + One-Step,NYSE:FSS,0.019016656509281592
2023-02-08,17,AR1 alpha + Enhanced + One-Step,NYSE:FSS,0.0190177904078693
2023-02-09,17,AR1 alpha + Enhanced + One-Step,NYSE:FSS,0.019017938008883326
2023-02-10,17,AR1 alpha + Enhanced + One-Step,NYSE:FSS,0.04046880821365977
2023-02-13,17,AR1 alpha + Enhanced + One-Step,NYSE:FSS,0.04046863422054181
2023-02-14,17,AR1 alpha + Enhanced + One-Step,NYSE:FSS,0.04046669946596132
2023-02-15,17,AR1 alpha + Enhanced + One-Step,NYSE:FSS,0.040466581773077055
2023-02-16,17,AR1 alpha + Enhanced + One-Step,NYSE:FSS,0.05521209239982081
2023-02-17,17,AR1 alpha + Enhanced + One-Step,NYSE:FSS,0.07955176855073315
2023-02-21,17,AR1 alpha + Enhanced + One-Step,NYSE:FSS,0.09407007985664945
2023-02-22,17,AR1 alpha + Enhanced + One-Step,NYSE:FSS,0.09999954042334457
2023-02-23,17,AR1 alpha + Enhanced + One-Step,NYSE:FSS,0.09999967686115444
2023-02-24,17,AR1 alpha + Enhanced + One-Step,NYSE:FSS,0.10000080981691899
2023-02-27,17,AR1 alpha + Enhanced + One-Step,NYSE:FSS,0.10000063814192793
2023-02-28,17,AR1 alpha + Enhanced + One-Step,NYSE:FSS,0.10000104533870813
2023-03-01,17,AR1 alpha + Enhanced + One-Step,NYSE:FSS,0.07676258898990877
2023-03-02,17,AR1 alpha + Enhanced + One-Step,NYSE:FSS,0.07676014775717711
2023-03-03,17,AR1 alpha + Enhanced + One-Step,NYSE:FSS,0.09205179604073235
2023-03-06,17,AR1 alpha + Enhanced + One-Step,NYSE:FSS,0.1000001672200127
2023-03-07,17,AR1 alpha + Enhanced + One-Step,NYSE:FSS,0.09999691758259721
2023-03-08,17,AR1 alpha + Enhanced + One-Step,NYSE:FSS,0.09999532590416413
2023-03-09,17,AR1 alpha + Enhanced + One-Step,NYSE:FSS,0.09999499203428402
2023-03-10,17,AR1 alpha + Enhanced + One-Step,NYSE:FSS,0.0999960333038377
2023-03-13,17,AR1 alpha + Enhanced + One-Step,NYSE:FSS,0.09999761611105315
2023-03-14,17,AR1 alpha + Enhanced + One-Step,NYSE:FSS,0.09999864558571546
2023-03-15,17,AR1 alpha + Enhanced + One-Step,NYSE:FSS,0.0999995098368578
2023-03-16,17,AR1 alpha + Enhanced + One-Step,NYSE:FSS,0.09999964601996743
2023-03-17,17,AR1 alpha + Enhanced + One-Step,NYSE:FSS,0.09999954623891347
2023-03-20,17,AR1 alpha + Enhanced + One-Step,NYSE:FSS,0.09999823019374766
2023-03-21,17,AR1 alpha + Enhanced + One-Step,NYSE:FSS,0.09999804111838934
2023-03-22,17,AR1 alpha + Enhanced + One-Step,NYSE:FSS,0.09999567540300563
2023-03-23,17,AR1 alpha + Enhanced + One-Step,NYSE:FSS,0.09999301172911945
2023-03-24,17,AR1 alpha + Enhanced + One-Step,NYSE:FSS,0.09999450518674555
2023-03-27,17,AR1 alpha + Enhanced + One-Step,NYSE:FSS,0.09999580566174643
2023-03-28,17,AR1 alpha + Enhanced + One-Step,NYSE:FSS,0.09999670948126323
2023-03-29,17,AR1 alpha + Enhanced + One-Step,NYSE:FSS,0.09999759415245184
2023-03-30,17,AR1 alpha + Enhanced + One-Step,NYSE:FSS,0.09999825479995585
2023-03-31,17,AR1 alpha + Enhanced + One-Step,NYSE:FSS,0.09999872331135921
2023-04-03,17,AR1 alpha + Enhanced + One-Step,NYSE:FSS,0.09999824581683148
2023-04-04,17,AR1 alpha + Enhanced + One-Step,NYSE:FSS,0.09999784341190936
2023-04-05,17,AR1 alpha + Enhanced + One-Step,NYSE:FSS,0.09999715347735061
2023-04-06,17,AR1 alpha + Enhanced + One-Step,NYSE:FSS,0.09999764494653257
2023-04-10,17,AR1 alpha + Enhanced + One-Step,NYSE:FSS,0.09999875200579034
2023-04-11,17,AR1 alpha + Enhanced + One-Step,NYSE:FSS,0.09999500768740778
2023-04-12,17,AR1 alpha + Enhanced + One-Step,NYSE:FSS,0.09999421772987722
2023-04-13,17,AR1 alpha + Enhanced + One-Step,NYSE:FSS,0.09999540356626037
2023-04-14,17,AR1 alpha + Enhanced + One-Step,NYSE:FSS,0.09999469793148963
2023-04-17,17,AR1 alpha + Enhanced + One-Step,NYSE:FSS,0.09999706213184047
2023-04-18,17,AR1 alpha + Enhanced + One-Step,NYSE:FSS,0.0999967512110225
2023-04-19,17,AR1 alpha + Enhanced + One-Step,NYSE:FSS,0.099996753831703
2023-04-20,17,AR1 alpha + Enhanced + One-Step,NYSE:FSS,0.09999828957044449
2023-04-21,17,AR1 alpha + Enhanced + One-Step,NYSE:FSS,0.09999396686617446
2023-04-24,17,AR1 alpha + Enhanced + One-Step,NYSE:FSS,0.09999341827458275
2023-04-25,17,AR1 alpha + Enhanced + One-Step,NYSE:FSS,0.09999963570918233
2023-04-26,17,AR1 alpha + Enhanced + One-Step,NYSE:FSS,0.09999864324687976
2023-04-27,17,AR1 alpha + Enhanced + One-Step,NYSE:FSS,0.09999755448948416
2023-04-28,17,AR1 alpha + Enhanced + One-Step,NYSE:FSS,0.09999803213057987
2023-05-01,17,AR1 alpha + Enhanced + One-Step,NYSE:FSS,0.0999983430642594
2023-05-02,17,AR1 alpha + Enhanced + One-Step,NYSE:FSS,0.099998459230542
2023-05-03,17,AR1 alpha + Enhanced + One-Step,NYSE:FSS,0.09999886808915429
2023-05-04,17,AR1 alpha + Enhanced + One-Step,NYSE:FSS,0.09999913026632339
2023-05-05,17,AR1 alpha + Enhanced + One-Step,NYSE:FSS,0.09999935361290857
2023-05-08,17,AR1 alpha + Enhanced + One-Step,NYSE:FSS,0.09999872141610792
2023-05-09,17,AR1 alpha + Enhanced + One-Step,NYSE:FSS,0.09999904702936843
2023-05-10,17,AR1 alpha + Enhanced + One-Step,NYSE:FSS,0.09999887579446992
2023-05-11,17,AR1 alpha + Enhanced + One-Step,NYSE:FSS,0.09999920502199396
2023-05-12,17,AR1 alpha + Enhanced + One-Step,NYSE:FSS,0.09999936817759342
2023-05-15,17,AR1 alpha + Enhanced + One-Step,NYSE:FSS,0.09999841633517716
2023-05-16,17,AR1 alpha + Enhanced + One-Step,NYSE:FSS,0.09999879136583047
2023-05-17,17,AR1 alpha + Enhanced + One-Step,NYSE:FSS,0.09999854474302285
2023-05-18,17,AR1 alpha + Enhanced + One-Step,NYSE:FSS,0.10000014487429942
2023-05-19,17,AR1 alpha + Enhanced + One-Step,NYSE:FSS,0.10000019303296069
2023-05-22,17,AR1 alpha + Enhanced + One-Step,NYSE:FSS,0.10000012500029934
2023-05-23,17,AR1 alpha + Enhanced + One-Step,NYSE:FSS,0.09999963121499846
2023-05-24,17,AR1 alpha + Enhanced + One-Step,NYSE:FSS,0.09999960922837722
2023-05-25,17,AR1 alpha + Enhanced + One-Step,NYSE:FSS,0.09999931219011021
2023-05-26,17,AR1 alpha + Enhanced + One-Step,NYSE:FSS,0.09999912716193171
2023-05-30,17,AR1 alpha + Enhanced + One-Step,NYSE:FSS,0.0999991706854765
2023-05-31,17,AR1 alpha + Enhanced + One-Step,NYSE:FSS,0.09999815011086143
2023-06-01,17,AR1 alpha + Enhanced + One-Step,NYSE:FSS,0.09999484613981308
2023-06-02,17,AR1 alpha + Enhanced + One-Step,NYSE:FSS,0.099994826268198
2023-06-05,17,AR1 alpha + Enhanced + One-Step,NYSE:FSS,0.09999819143076993
2023-06-06,17,AR1 alpha + Enhanced + One-Step,NYSE:FSS,0.09999919234316969
2023-06-07,17,AR1 alpha + Enhanced + One-Step,NYSE:FSS,0.09999930031481469
2023-06-08,17,AR1 alpha + Enhanced + One-Step,NYSE:FSS,0.09999925024807219
2023-06-09,17,AR1 alpha + Enhanced + One-Step,NYSE:FSS,0.099997058678313
2023-06-12,17,AR1 alpha + Enhanced + One-Step,NYSE:FSS,0.0999968370785676
2023-06-13,17,AR1 alpha + Enhanced + One-Step,NYSE:FSS,0.09999749976061625
2023-06-14,17,AR1 alpha + Enhanced + One-Step,NYSE:FSS,0.0999978388074564
2023-06-15,17,AR1 alpha + Enhanced + One-Step,NYSE:FSS,0.09999696282627438
2023-06-16,17,AR1 alpha + Enhanced + One-Step,NYSE:FSS,0.09999624177578875
2023-06-20,17,AR1 alpha + Enhanced + One-Step,NYSE:FSS,0.09999425025377152
2023-06-21,17,AR1 alpha + Enhanced + One-Step,NYSE:FSS,0.09999526260747837
2023-06-22,17,AR1 alpha + Enhanced + One-Step,NYSE:FSS,0.09999526251616395
2023-06-23,17,AR1 alpha + Enhanced + One-Step,NYSE:FSS,0.09999421358765156
2023-06-26,17,AR1 alpha + Enhanced + One-Step,NYSE:FSS,0.09999198446101401
2023-06-27,17,AR1 alpha + Enhanced + One-Step,NYSE:FSS,0.0999915485078883
2023-06-28,17,AR1 alpha + Enhanced + One-Step,NYSE:FSS,0.09998635367550114
2023-06-29,17,AR1 alpha + Enhanced + One-Step,NYSE:FSS,0.09998650990144646
2023-06-30,17,AR1 alpha + Enhanced + One-Step,NYSE:FSS,0.09998907596911927
2023-07-03,17,AR1 alpha + Enhanced + One-Step,NYSE:FSS,0.0999879602483157
2023-07-05,17,AR1 alpha + Enhanced + One-Step,NYSE:FSS,0.09998890609072493
2023-07-06,17,AR1 alpha + Enhanced + One-Step,NYSE:FSS,0.09999210314314592
2023-07-07,17,AR1 alpha + Enhanced + One-Step,NYSE:FSS,0.09999252260680093
2023-07-10,17,AR1 alpha + Enhanced + One-Step,NYSE:FSS,0.0999945296082571
2023-07-11,17,AR1 alpha + Enhanced + One-Step,NYSE:FSS,0.09999260511897796
2023-07-12,17,AR1 alpha + Enhanced + One-Step,NYSE:FSS,0.0999960420088832
2023-07-13,17,AR1 alpha + Enhanced + One-Step,NYSE:FSS,0.09999296472506725
2023-07-14,17,AR1 alpha + Enhanced + One-Step,NYSE:FSS,0.09999212912766191
2023-07-17,17,AR1 alpha + Enhanced + One-Step,NYSE:FSS,0.09999306814286328
2023-07-18,17,AR1 alpha + Enhanced + One-Step,NYSE:FSS,0.09999509074351265
2023-07-19,17,AR1 alpha + Enhanced + One-Step,NYSE:FSS,0.09999387377933282
2023-07-20,17,AR1 alpha + Enhanced + One-Step,NYSE:FSS,0.0999950465830585
2023-07-21,17,AR1 alpha + Enhanced + One-Step,NYSE:FSS,0.09999448660594423
2023-07-24,17,AR1 alpha + Enhanced + One-Step,NYSE:FSS,0.09998782244077385
2023-07-25,17,AR1 alpha + Enhanced + One-Step,NYSE:FSS,0.09998819520750939
2023-07-26,17,AR1 alpha + Enhanced + One-Step,NYSE:FSS,0.09998637714757522
2023-07-27,17,AR1 alpha + Enhanced + One-Step,NYSE:FSS,0.099988885085223
2023-08-01,17,AR1 alpha + Enhanced + One-Step,NYSE:FSS,0.09999096056650598
2023-08-02,17,AR1 alpha + Enhanced + One-Step,NYSE:FSS,0.0999927946880138
2023-08-03,17,AR1 alpha + Enhanced + One-Step,NYSE:FSS,0.09999593053337014
2023-08-04,17,AR1 alpha + Enhanced + One-Step,NYSE:FSS,0.09999800279618276
2023-08-07,17,AR1 alpha + Enhanced + One-Step,NYSE:FSS,0.09999846489855896
2023-08-08,17,AR1 alpha + Enhanced + One-Step,NYSE:FSS,0.0999989538332677
2023-08-09,17,AR1 alpha + Enhanced + One-Step,NYSE:FSS,0.09999919804441981
2023-08-10,17,AR1 alpha + Enhanced + One-Step,NYSE:FSS,0.09999667777976126
2023-08-11,17,AR1 alpha + Enhanced + One-Step,NYSE:FSS,0.09999438400511035
2023-08-14,17,AR1 alpha + Enhanced + One-Step,NYSE:FSS,0.09999209783604776
2023-08-15,17,AR1 alpha + Enhanced + One-Step,NYSE:FSS,0.09999383857929778
2023-08-16,17,AR1 alpha + Enhanced + One-Step,NYSE:FSS,0.09999199091920218
2023-08-17,17,AR1 alpha + Enhanced + One-Step,NYSE:FSS,0.09999138653412462
2023-08-18,17,AR1 alpha + Enhanced + One-Step,NYSE:FSS,0.09999048102351268
2023-08-21,17,AR1 alpha + Enhanced + One-Step,NYSE:FSS,0.09999084397332
2023-08-22,17,AR1 alpha + Enhanced + One-Step,NYSE:FSS,0.09999308558543746
2023-08-23,17,AR1 alpha + Enhanced + One-Step,NYSE:FSS,0.09999224690332037
2023-08-24,17,AR1 alpha + Enhanced + One-Step,NYSE:FSS,0.09999367814754029
2023-08-25,17,AR1 alpha + Enhanced + One-Step,NYSE:FSS,0.09999628685582564
2023-08-28,17,AR1 alpha + Enhanced + One-Step,NYSE:FSS,0.09999401084185203
2023-08-29,17,AR1 alpha + Enhanced + One-Step,NYSE:FSS,0.09999395427384603
2023-08-30,17,AR1 alpha + Enhanced + One-Step,NYSE:FSS,0.09999534574516136
2023-08-31,17,AR1 alpha + Enhanced + One-Step,NYSE:FSS,0.0999950669500419
2023-09-01,17,AR1 alpha + Enhanced + One-Step,NYSE:FSS,0.09999422429510799
2023-09-05,17,AR1 alpha + Enhanced + One-Step,NYSE:FSS,0.09998830568830852
2023-09-06,17,AR1 alpha + Enhanced + One-Step,NYSE:FSS,0.09998763468244663
2023-09-07,17,AR1 alpha + Enhanced + One-Step,NYSE:FSS,0.09999093037812831
2023-09-08,17,AR1 alpha + Enhanced + One-Step,NYSE:FSS,0.0999924891197628
2023-09-11,17,AR1 alpha + Enhanced + One-Step,NYSE:FSS,0.09999994083634992
2023-09-12,17,AR1 alpha + Enhanced + One-Step,NYSE:FSS,0.1000001003568445
2023-09-13,17,AR1 alpha + Enhanced + One-Step,NYSE:FSS,0.09999505639590804
2023-09-14,17,AR1 alpha + Enhanced + One-Step,NYSE:FSS,0.0999964138480243
2023-09-15,17,AR1 alpha + Enhanced + One-Step,NYSE:FSS,0.09999751588920024
2023-09-18,17,AR1 alpha + Enhanced + One-Step,NYSE:FSS,0.09999818321836727
2023-09-19,17,AR1 alpha + Enhanced + One-Step,NYSE:FSS,0.09999868612467841
2023-09-20,17,AR1 alpha + Enhanced + One-Step,NYSE:FSS,0.09999904139689487
2023-09-21,17,AR1 alpha + Enhanced + One-Step,NYSE:FSS,0.09999934814519738
2023-09-22,17,AR1 alpha + Enhanced + One-Step,NYSE:FSS,0.0999995413262109
2023-09-25,17,AR1 alpha + Enhanced + One-Step,NYSE:FSS,0.0999973419646065
2023-09-26,17,AR1 alpha + Enhanced + One-Step,NYSE:FSS,0.0999981172071031
2023-09-27,17,AR1 alpha + Enhanced + One-Step,NYSE:FSS,0.0999985668946284
2023-09-28,17,AR1 alpha + Enhanced + One-Step,NYSE:FSS,0.0999988979185967
2023-09-29,17,AR1 alpha + Enhanced + One-Step,NYSE:FSS,0.09999917734845086
2023-10-02,17,AR1 alpha + Enhanced + One-Step,NYSE:FSS,0.09999633837834351
2023-10-03,17,AR1 alpha + Enhanced + One-Step,NYSE:FSS,0.09999393246438117
2023-10-04,17,AR1 alpha + Enhanced + One-Step,NYSE:FSS,0.0999873207753587
2023-10-05,17,AR1 alpha + Enhanced + One-Step,NYSE:FSS,0.09998992806092033
2023-10-06,17,AR1 alpha + Enhanced + One-Step,NYSE:FSS,0.0999921294772724
2023-10-09,17,AR1 alpha + Enhanced + One-Step,NYSE:FSS,0.09999355334335527
2023-10-10,17,AR1 alpha + Enhanced + One-Step,NYSE:FSS,0.09999164069372944
2023-10-11,17,AR1 alpha + Enhanced + One-Step,NYSE:FSS,0.0999927240674896
2023-10-12,17,AR1 alpha + Enhanced + One-Step,NYSE:FSS,0.0999946262030431
2023-10-13,17,AR1 alpha + Enhanced + One-Step,NYSE:FSS,0.09999684874877152
2023-10-16,17,AR1 alpha + Enhanced + One-Step,NYSE:FSS,0.09999767740092001
2023-10-17,17,AR1 alpha + Enhanced + One-Step,NYSE:FSS,0.09999746520387628
2023-10-18,17,AR1 alpha + Enhanced + One-Step,NYSE:FSS,0.09999828919194659
2023-10-19,17,AR1 alpha + Enhanced + One-Step,NYSE:FSS,0.09999870771220336
2023-10-20,17,AR1 alpha + Enhanced + One-Step,NYSE:FSS,0.09999910871757081
2023-10-23,17,AR1 alpha + Enhanced + One-Step,NYSE:FSS,0.09999884532539954
2023-10-24,17,AR1 alpha + Enhanced + One-Step,NYSE:FSS,0.0999991589941983
2023-10-25,17,AR1 alpha + Enhanced + One-Step,NYSE:FSS,0.09999913870706095
2023-10-26,17,AR1 alpha + Enhanced + One-Step,NYSE:FSS,0.09999934081948243
2023-10-27,17,AR1 alpha + Enhanced + One-Step,NYSE:FSS,0.09999950255275598
2023-10-30,17,AR1 alpha + Enhanced + One-Step,NYSE:FSS,0.09999813379229744
2023-10-31,17,AR1 alpha + Enhanced + One-Step,NYSE:FSS,0.09999877184555352
2023-11-01,17,AR1 alpha + Enhanced + One-Step,NYSE:FSS,0.09999812187228903
2023-11-02,17,AR1 alpha + Enhanced + One-Step,NYSE:FSS,0.09999982012039393
2023-11-03,17,AR1 alpha + Enhanced + One-Step,NYSE:FSS,0.09999988250654684
2023-11-06,17,AR1 alpha + Enhanced + One-Step,NYSE:FSS,0.09999998565177382
2023-11-07,17,AR1 alpha + Enhanced + One-Step,NYSE:FSS,0.09999265021004775
2023-11-08,17,AR1 alpha + Enhanced + One-Step,NYSE:FSS,0.09998721873727781
2023-11-09,17,AR1 alpha + Enhanced + One-Step,NYSE:FSS,0.09244839265293522
2023-11-10,17,AR1 alpha + Enhanced + One-Step,NYSE:FSS,0.08632368568983542
2023-11-13,17,AR1 alpha + Enhanced + One-Step,NYSE:FSS,0.08632248809652236
2023-11-14,17,AR1 alpha + Enhanced + One-Step,NYSE:FSS,0.08632174049934706
2023-11-15,17,AR1 alpha + Enhanced + One-Step,NYSE:FSS,0.08044198062792532
2023-11-16,17,AR1 alpha + Enhanced + One-Step,NYSE:FSS,0.07170670063530955
2023-11-17,17,AR1 alpha + Enhanced + One-Step,NYSE:FSS,0.06651643968578423
2023-11-20,17,AR1 alpha + Enhanced + One-Step,NYSE:FSS,0.06039739956581831
2023-11-21,17,AR1 alpha + Enhanced + One-Step,NYSE:FSS,0.06092688402324279
2023-11-22,17,AR1 alpha + Enhanced + One-Step,NYSE:FSS,0.06166321688952027
2023-11-24,17,AR1 alpha + Enhanced + One-Step,NYSE:FSS,0.06957003186754683
2023-11-27,17,AR1 alpha + Enhanced + One-Step,NYSE:FSS,0.07894594469103396
2023-11-28,17,AR1 alpha + Enhanced + One-Step,NYSE:FSS,0.08469279511714588
2023-11-29,17,AR1 alpha + Enhanced + One-Step,NYSE:FSS,0.0858001425077459
2023-11-30,17,AR1 alpha + Enhanced + One-Step,NYSE:FSS,0.08579744185660951
2023-12-01,17,AR1 alpha + Enhanced + One-Step,NYSE:FSS,0.0857973823984528
2023-12-04,17,AR1 alpha + Enhanced + One-Step,NYSE:FSS,0.08828976270620757
2023-12-05,17,AR1 alpha + Enhanced + One-Step,NYSE:FSS,0.09999811288188272
2023-12-06,17,AR1 alpha + Enhanced + One-Step,NYSE:FSS,0.099998630955832
2023-12-07,17,AR1 alpha + Enhanced + One-Step,NYSE:FSS,0.09999898371108894
2023-12-08,17,AR1 alpha + Enhanced + One-Step,NYSE:FSS,0.1000002096427387
2023-12-11,17,AR1 alpha + Enhanced + One-Step,NYSE:FSS,0.09999859369294198
2023-12-12,17,AR1 alpha + Enhanced + One-Step,NYSE:FSS,0.09999847485877919
2023-12-13,17,AR1 alpha + Enhanced + One-Step,NYSE:FSS,0.09999918807152415
2023-12-14,17,AR1 alpha + Enhanced + One-Step,NYSE:FSS,0.09999943796470502
2023-12-15,17,AR1 alpha + Enhanced + One-Step,NYSE:FSS,0.09999481288736997
2023-12-18,17,AR1 alpha + Enhanced + One-Step,NYSE:FSS,0.0999955689520197
2023-12-19,17,AR1 alpha + Enhanced + One-Step,NYSE:FSS,0.09999648655938713
2023-12-20,17,AR1 alpha + Enhanced + One-Step,NYSE:FSS,0.09999911361423652
2023-12-21,17,AR1 alpha + Enhanced + One-Step,NYSE:FSS,0.09999937111685364
2023-12-22,17,AR1 alpha + Enhanced + One-Step,NYSE:FSS,0.09999956418491363
2023-12-26,17,AR1 alpha + Enhanced + One-Step,NYSE:FSS,0.0999975125100896
2023-12-27,17,AR1 alpha + Enhanced + One-Step,NYSE:FSS,0.09999815876473137
2023-12-28,17,AR1 alpha + Enhanced + One-Step,NYSE:FSS,0.09999867692558387
2023-12-29,17,AR1 alpha + Enhanced + One-Step,NYSE:FSS,0.09999928765692849
2024-01-02,17,AR1 alpha + Enhanced + One-Step,NYSE:FSS,0.09999554148442204
2024-01-03,17,AR1 alpha + Enhanced + One-Step,NYSE:FSS,0.09999555787088654
2024-01-04,17,AR1 alpha + Enhanced + One-Step,NYSE:FSS,0.09999644046116006
2024-01-05,17,AR1 alpha + Enhanced + One-Step,NYSE:FSS,0.0999973684698863
2024-01-08,17,AR1 alpha + Enhanced + One-Step,NYSE:FSS,0.09999817814586284
2024-01-09,17,AR1 alpha + Enhanced + One-Step,NYSE:FSS,0.09999683879330785
2024-01-10,17,AR1 alpha + Enhanced + One-Step,NYSE:FSS,0.09998757835578692
2024-01-11,17,AR1 alpha + Enhanced + One-Step,NYSE:FSS,0.09999244551207986
2024-01-12,17,AR1 alpha + Enhanced + One-Step,NYSE:FSS,0.0999955974478127
2024-01-16,17,AR1 alpha + Enhanced + One-Step,NYSE:FSS,0.0999932092448781
2024-01-17,17,AR1 alpha + Enhanced + One-Step,NYSE:FSS,0.09999049464773736
2024-01-18,17,AR1 alpha + Enhanced + One-Step,NYSE:FSS,0.09999339404902827
2024-01-19,17,AR1 alpha + Enhanced + One-Step,NYSE:FSS,0.09999485576959283
2024-01-22,17,AR1 alpha + Enhanced + One-Step,NYSE:FSS,0.0999956567550171
2024-01-23,17,AR1 alpha + Enhanced + One-Step,NYSE:FSS,0.09999462712117024
2024-01-24,17,AR1 alpha + Enhanced + One-Step,NYSE:FSS,0.09999020269761212
2024-01-25,17,AR1 alpha + Enhanced + One-Step,NYSE:FSS,0.09999271511870841
2024-01-26,17,AR1 alpha + Enhanced + One-Step,NYSE:FSS,0.09999172666579803
2024-01-29,17,AR1 alpha + Enhanced + One-Step,NYSE:FSS,0.09998708537315802
2024-01-30,17,AR1 alpha + Enhanced + One-Step,NYSE:FSS,0.0999890080774859
2024-01-31,17,AR1 alpha + Enhanced + One-Step,NYSE:FSS,0.09998958019159639
2024-02-01,17,AR1 alpha + Enhanced + One-Step,NYSE:FSS,0.09998692638004195
2024-02-02,17,AR1 alpha + Enhanced + One-Step,NYSE:FSS,0.09998662691802097
2024-02-05,17,AR1 alpha + Enhanced + One-Step,NYSE:FSS,0.09998997768574691
2024-02-06,17,AR1 alpha + Enhanced + One-Step,NYSE:FSS,0.09999203678347443
2024-02-07,17,AR1 alpha + Enhanced + One-Step,NYSE:FSS,0.0999940174854198
2024-02-08,17,AR1 alpha + Enhanced + One-Step,NYSE:FSS,0.09999543085300659
2024-02-09,17,AR1 alpha + Enhanced + One-Step,NYSE:FSS,0.09999147695873456
2024-02-12,17,AR1 alpha + Enhanced + One-Step,NYSE:FSS,0.0999908151630713
2024-02-13,17,AR1 alpha + Enhanced + One-Step,NYSE:FSS,0.09999264209351776
2024-02-14,17,AR1 alpha + Enhanced + One-Step,NYSE:FSS,0.09999585432502002
2024-02-15,17,AR1 alpha + Enhanced + One-Step,NYSE:FSS,0.09999294440724583
2024-02-16,17,AR1 alpha + Enhanced + One-Step,NYSE:FSS,0.09999493798544375
2024-02-20,17,AR1 alpha + Enhanced + One-Step,NYSE:FSS,0.09999720675213382
2024-02-21,17,AR1 alpha + Enhanced + One-Step,NYSE:FSS,0.0999952182491358
2024-02-22,17,AR1 alpha + Enhanced + One-Step,NYSE:FSS,0.0999888936069959
2024-02-23,17,AR1 alpha + Enhanced + One-Step,NYSE:FSS,0.09998777302388738
2024-02-26,17,AR1 alpha + Enhanced + One-Step,NYSE:FSS,0.09998436129290729
2024-02-27,17,AR1 alpha + Enhanced + One-Step,NYSE:FSS,0.09998021301371315
2024-02-28,17,AR1 alpha + Enhanced + One-Step,NYSE:FSS,0.09997791574963809
2024-02-29,17,AR1 alpha + Enhanced + One-Step,NYSE:FSS,0.09997831275396303
2024-03-01,17,AR1 alpha + Enhanced + One-Step,NYSE:FSS,0.09997938376280817
2024-03-04,17,AR1 alpha + Enhanced + One-Step,NYSE:FSS,0.0999814620516016
2024-03-05,17,AR1 alpha + Enhanced + One-Step,NYSE:FSS,0.09998856714823134
2024-03-06,17,AR1 alpha + Enhanced + One-Step,NYSE:FSS,0.09999122336792078
2024-03-07,17,AR1 alpha + Enhanced + One-Step,NYSE:FSS,0.09998639402009614
2024-03-08,17,AR1 alpha + Enhanced + One-Step,NYSE:FSS,0.09998311561316765
2024-03-11,17,AR1 alpha + Enhanced + One-Step,NYSE:FSS,0.09997541194021323
2024-03-12,17,AR1 alpha + Enhanced + One-Step,NYSE:FSS,0.09956991793085265
2024-03-13,17,AR1 alpha + Enhanced + One-Step,NYSE:FSS,0.09956099376296756
2024-03-14,17,AR1 alpha + Enhanced + One-Step,NYSE:FSS,0.09956055130924021
2024-03-15,17,AR1 alpha + Enhanced + One-Step,NYSE:FSS,0.09956075706019382
2024-03-18,17,AR1 alpha + Enhanced + One-Step,NYSE:FSS,0.09955980859241519
2024-03-19,17,AR1 alpha + Enhanced + One-Step,NYSE:FSS,0.09999669545486571
2024-03-20,17,AR1 alpha + Enhanced + One-Step,NYSE:FSS,0.09999725639026494
2024-03-21,17,AR1 alpha + Enhanced + One-Step,NYSE:FSS,0.0999944815909539
2024-03-22,17,AR1 alpha + Enhanced + One-Step,NYSE:FSS,0.0999949454118816
2024-03-25,17,AR1 alpha + Enhanced + One-Step,NYSE:FSS,0.09999616379454347
2024-03-26,17,AR1 alpha + Enhanced + One-Step,NYSE:FSS,0.0999937648281726
2024-03-27,17,AR1 alpha + Enhanced + One-Step,NYSE:FSS,0.09999419338674598
2024-03-28,17,AR1 alpha + Enhanced + One-Step,NYSE:FSS,0.09999689633802225
2024-04-01,17,AR1 alpha + Enhanced + One-Step,NYSE:FSS,0.09999841983541063
2024-04-02,17,AR1 alpha + Enhanced + One-Step,NYSE:FSS,0.09999869966566298
2024-04-03,17,AR1 alpha + Enhanced + One-Step,NYSE:FSS,0.09999284373891516
2024-04-04,17,AR1 alpha + Enhanced + One-Step,NYSE:FSS,0.09999432308150678
2024-04-05,17,AR1 alpha + Enhanced + One-Step,NYSE:FSS,0.09999615197842088
2024-04-08,17,AR1 alpha + Enhanced + One-Step,NYSE:FSS,0.09999793373802152
2024-04-09,17,AR1 alpha + Enhanced + One-Step,NYSE:FSS,0.09999785037740229
2024-04-10,17,AR1 alpha + Enhanced + One-Step,NYSE:FSS,0.09999806473513419
2024-04-11,17,AR1 alpha + Enhanced + One-Step,NYSE:FSS,0.09999799433814217
2024-04-12,17,AR1 alpha + Enhanced + One-Step,NYSE:FSS,0.09999844712199614
2024-04-15,17,AR1 alpha + Enhanced + One-Step,NYSE:FSS,0.09999654238659994
2024-04-16,17,AR1 alpha + Enhanced + One-Step,NYSE:FSS,0.09999370439362001
2024-04-17,17,AR1 alpha + Enhanced + One-Step,NYSE:FSS,0.09999531867178736
2024-04-18,17,AR1 alpha + Enhanced + One-Step,NYSE:FSS,0.09999641044075895
2024-04-19,17,AR1 alpha + Enhanced + One-Step,NYSE:FSS,0.09999467005239061
2020-03-25,17,AR1 alpha + Enhanced + One-Step,NASDAQ:VCYT,0.020000000000007227
2020-03-26,17,AR1 alpha + Enhanced + One-Step,NASDAQ:VCYT,0.02000000000001305
2020-03-27,17,AR1 alpha + Enhanced + One-Step,NASDAQ:VCYT,0.019999879852248326
2020-03-30,17,AR1 alpha + Enhanced + One-Step,NASDAQ:VCYT,0.020001339378039742
2020-03-31,17,AR1 alpha + Enhanced + One-Step,NASDAQ:VCYT,0.020002583180555852
2020-04-01,17,AR1 alpha + Enhanced + One-Step,NASDAQ:VCYT,0.020002775231788412
2020-04-02,17,AR1 alpha + Enhanced + One-Step,NASDAQ:VCYT,0.020001912059818525
2020-04-03,17,AR1 alpha + Enhanced + One-Step,NASDAQ:VCYT,0.02000154358479065
2020-04-06,17,AR1 alpha + Enhanced + One-Step,NASDAQ:VCYT,0.020001761819573704
2020-04-07,17,AR1 alpha + Enhanced + One-Step,NASDAQ:VCYT,0.020006790241379156
2020-04-08,17,AR1 alpha + Enhanced + One-Step,NASDAQ:VCYT,0.020007023856633933
2020-04-09,17,AR1 alpha + Enhanced + One-Step,NASDAQ:VCYT,0.020006832742996455
2020-04-13,17,AR1 alpha + Enhanced + One-Step,NASDAQ:VCYT,0.008056941471735654
2020-04-14,17,AR1 alpha + Enhanced + One-Step,NASDAQ:VCYT,0.003046817942262576
2020-04-15,17,AR1 alpha + Enhanced + One-Step,NASDAQ:VCYT,2.890366625286409e-07
2020-04-16,17,AR1 alpha + Enhanced + One-Step,NASDAQ:VCYT,1.790648025229893e-07
2020-04-17,17,AR1 alpha + Enhanced + One-Step,NASDAQ:VCYT,4.281132356866049e-08
2020-04-20,17,AR1 alpha + Enhanced + One-Step,NASDAQ:VCYT,3.6589087257523143e-09
2020-04-21,17,AR1 alpha + Enhanced + One-Step,NASDAQ:VCYT,8.293883375050369e-08
2020-04-22,17,AR1 alpha + Enhanced + One-Step,NASDAQ:VCYT,9.498325639876072e-08
2020-04-23,17,AR1 alpha + Enhanced + One-Step,NASDAQ:VCYT,1.0372525734677606e-08
2020-04-24,17,AR1 alpha + Enhanced + One-Step,NASDAQ:VCYT,2.0068959390550847e-08
2020-04-27,17,AR1 alpha + Enhanced + One-Step,NASDAQ:VCYT,4.837325706551764e-09
2020-04-28,17,AR1 alpha + Enhanced + One-Step,NASDAQ:VCYT,6.536923483492049e-10
2020-04-29,17,AR1 alpha + Enhanced + One-Step,NASDAQ:VCYT,7.822536818011284e-12
2020-04-30,17,AR1 alpha + Enhanced + One-Step,NASDAQ:VCYT,0.0
2020-05-01,17,AR1 alpha + Enhanced + One-Step,NASDAQ:VCYT,0.0
2020-05-04,17,AR1 alpha + Enhanced + One-Step,NASDAQ:VCYT,7.74305519931053e-09
2020-05-05,17,AR1 alpha + Enhanced + One-Step,NASDAQ:VCYT,0.0
2020-05-06,17,AR1 alpha + Enhanced + One-Step,NASDAQ:VCYT,3.9182478228833e-11
2020-05-07,17,AR1 alpha + Enhanced + One-Step,NASDAQ:VCYT,0.0
2020-05-08,17,AR1 alpha + Enhanced + One-Step,NASDAQ:VCYT,0.0
2020-05-11,17,AR1 alpha + Enhanced + One-Step,NASDAQ:VCYT,0.0
2020-05-12,17,AR1 alpha + Enhanced + One-Step,NASDAQ:VCYT,0.0
2020-05-13,17,AR1 alpha + Enhanced + One-Step,NASDAQ:VCYT,2.9238282284275114e-08
2020-05-14,17,AR1 alpha + Enhanced + One-Step,NASDAQ:VCYT,0.0
2020-05-15,17,AR1 alpha + Enhanced + One-Step,NASDAQ:VCYT,2.5195451775440207e-08
2020-05-18,17,AR1 alpha + Enhanced + One-Step,NASDAQ:VCYT,2.643895431967696e-08
2020-05-19,17,AR1 alpha + Enhanced + One-Step,NASDAQ:VCYT,0.0
2020-05-20,17,AR1 alpha + Enhanced + One-Step,NASDAQ:VCYT,6.482920689035028e-09
2020-05-21,17,AR1 alpha + Enhanced + One-Step,NASDAQ:VCYT,0.0
2020-05-22,17,AR1 alpha + Enhanced + One-Step,NASDAQ:VCYT,4.9813867946529235e-09
2020-05-26,17,AR1 alpha + Enhanced + One-Step,NASDAQ:VCYT,0.0
2020-05-27,17,AR1 alpha + Enhanced + One-Step,NASDAQ:VCYT,2.1964450746191407e-08
2020-05-28,17,AR1 alpha + Enhanced + One-Step,NASDAQ:VCYT,8.863377156995615e-09
2020-05-29,17,AR1 alpha + Enhanced + One-Step,NASDAQ:VCYT,2.9274759087111993e-09
2020-06-01,17,AR1 alpha + Enhanced + One-Step,NASDAQ:VCYT,2.8661839067426225e-08
2020-06-02,17,AR1 alpha + Enhanced + One-Step,NASDAQ:VCYT,0.0
2020-06-03,17,AR1 alpha + Enhanced + One-Step,NASDAQ:VCYT,2.7553601284175294e-07
2020-06-04,17,AR1 alpha + Enhanced + One-Step,NASDAQ:VCYT,7.52111828672413e-09
2020-06-05,17,AR1 alpha + Enhanced + One-Step,NASDAQ:VCYT,0.0
2020-06-08,17,AR1 alpha + Enhanced + One-Step,NASDAQ:VCYT,0.0
2020-06-09,17,AR1 alpha + Enhanced + One-Step,NASDAQ:VCYT,3.8532145249042174e-10
2020-06-10,17,AR1 alpha + Enhanced + One-Step,NASDAQ:VCYT,0.0
2020-06-11,17,AR1 alpha + Enhanced + One-Step,NASDAQ:VCYT,1.0661597772145267e-06
2020-06-12,17,AR1 alpha + Enhanced + One-Step,NASDAQ:VCYT,2.38643940535952e-07
2020-06-15,17,AR1 alpha + Enhanced + One-Step,NASDAQ:VCYT,2.3123626110575167e-08
2020-06-16,17,AR1 alpha + Enhanced + One-Step,NASDAQ:VCYT,1.491433486223007e-08
2020-06-17,17,AR1 alpha + Enhanced + One-Step,NASDAQ:VCYT,1.1046297608697421e-08
2020-06-18,17,AR1 alpha + Enhanced + One-Step,NASDAQ:VCYT,0.0
2020-06-19,17,AR1 alpha + Enhanced + One-Step,NASDAQ:VCYT,1.5062278130977617e-08
2020-06-22,17,AR1 alpha + Enhanced + One-Step,NASDAQ:VCYT,4.1818707919901075e-08
2020-06-23,17,AR1 alpha + Enhanced + One-Step,NASDAQ:VCYT,1.0558397327421964e-08
2020-06-24,17,AR1 alpha + Enhanced + One-Step,NASDAQ:VCYT,0.0
2020-06-25,17,AR1 alpha + Enhanced + One-Step,NASDAQ:VCYT,8.634711962000934e-09
2020-06-26,17,AR1 alpha + Enhanced + One-Step,NASDAQ:VCYT,0.0
2020-06-29,17,AR1 alpha + Enhanced + One-Step,NASDAQ:VCYT,0.0
2020-06-30,17,AR1 alpha + Enhanced + One-Step,NASDAQ:VCYT,0.0
2020-07-01,17,AR1 alpha + Enhanced + One-Step,NASDAQ:VCYT,0.0
2020-07-02,17,AR1 alpha + Enhanced + One-Step,NASDAQ:VCYT,0.0
2020-07-06,17,AR1 alpha + Enhanced + One-Step,NASDAQ:VCYT,0.0
2020-07-07,17,AR1 alpha + Enhanced + One-Step,NASDAQ:VCYT,0.0
2020-07-08,17,AR1 alpha + Enhanced + One-Step,NASDAQ:VCYT,0.0
2020-07-09,17,AR1 alpha + Enhanced + One-Step,NASDAQ:VCYT,0.0
2020-07-10,17,AR1 alpha + Enhanced + One-Step,NASDAQ:VCYT,0.0
2020-07-13,17,AR1 alpha + Enhanced + One-Step,NASDAQ:VCYT,0.0
2020-07-14,17,AR1 alpha + Enhanced + One-Step,NASDAQ:VCYT,8.236257775408792e-09
2020-07-15,17,AR1 alpha + Enhanced + One-Step,NASDAQ:VCYT,7.987775444828653e-08
2020-07-16,17,AR1 alpha + Enhanced + One-Step,NASDAQ:VCYT,2.3712781182229714e-08
2020-07-17,17,AR1 alpha + Enhanced + One-Step,NASDAQ:VCYT,2.0489518267785547e-09
2020-07-20,17,AR1 alpha + Enhanced + One-Step,NASDAQ:VCYT,6.566638019677415e-09
2020-07-21,17,AR1 alpha + Enhanced + One-Step,NASDAQ:VCYT,3.761428233754509e-08
2020-07-22,17,AR1 alpha + Enhanced + One-Step,NASDAQ:VCYT,2.1926581381811556e-08
2020-07-23,17,AR1 alpha + Enhanced + One-Step,NASDAQ:VCYT,0.0
2020-07-24,17,AR1 alpha + Enhanced + One-Step,NASDAQ:VCYT,1.4099889741956904e-07
2020-07-27,17,AR1 alpha + Enhanced + One-Step,NASDAQ:VCYT,1.191841391363796e-07
2020-07-28,17,AR1 alpha + Enhanced + One-Step,NASDAQ:VCYT,4.584093069463142e-08
2020-07-29,17,AR1 alpha + Enhanced + One-Step,NASDAQ:VCYT,0.0
2020-07-30,17,AR1 alpha + Enhanced + One-Step,NASDAQ:VCYT,0.0
2020-07-31,17,AR1 alpha + Enhanced + One-Step,NASDAQ:VCYT,0.0
2020-08-03,17,AR1 alpha + Enhanced + One-Step,NASDAQ:VCYT,4.431779258672799e-08
2020-08-04,17,AR1 alpha + Enhanced + One-Step,NASDAQ:VCYT,0.0
2020-08-05,17,AR1 alpha + Enhanced + One-Step,NASDAQ:VCYT,1.940837169304267e-08
2020-08-06,17,AR1 alpha + Enhanced + One-Step,NASDAQ:VCYT,0.0
2020-08-07,17,AR1 alpha + Enhanced + One-Step,NASDAQ:VCYT,1.0034529636335531e-07
2020-08-10,17,AR1 alpha + Enhanced + One-Step,NASDAQ:VCYT,2.4507585933468425e-07
2020-08-11,17,AR1 alpha + Enhanced + One-Step,NASDAQ:VCYT,0.0
2020-08-12,17,AR1 alpha + Enhanced + One-Step,NASDAQ:VCYT,0.0
2020-08-13,17,AR1 alpha + Enhanced + One-Step,NASDAQ:VCYT,2.1022757451848005e-10
2020-08-14,17,AR1 alpha + Enhanced + One-Step,NASDAQ:VCYT,9.877206187608287e-10
2020-08-17,17,AR1 alpha + Enhanced + One-Step,NASDAQ:VCYT,0.0
2020-08-18,17,AR1 alpha + Enhanced + One-Step,NASDAQ:VCYT,0.0
2020-08-19,17,AR1 alpha + Enhanced + One-Step,NASDAQ:VCYT,0.0
2020-08-20,17,AR1 alpha + Enhanced + One-Step,NASDAQ:VCYT,0.0
2020-08-21,17,AR1 alpha + Enhanced + One-Step,NASDAQ:VCYT,0.0
2020-08-24,17,AR1 alpha + Enhanced + One-Step,NASDAQ:VCYT,0.0
2020-08-25,17,AR1 alpha + Enhanced + One-Step,NASDAQ:VCYT,6.472190178924716e-08
2020-08-26,17,AR1 alpha + Enhanced + One-Step,NASDAQ:VCYT,0.0
2020-08-27,17,AR1 alpha + Enhanced + One-Step,NASDAQ:VCYT,2.6759086905694202e-09
2020-08-28,17,AR1 alpha + Enhanced + One-Step,NASDAQ:VCYT,3.075568411035215e-09
2020-08-31,17,AR1 alpha + Enhanced + One-Step,NASDAQ:VCYT,0.0
2020-09-01,17,AR1 alpha + Enhanced + One-Step,NASDAQ:VCYT,0.0
2020-09-02,17,AR1 alpha + Enhanced + One-Step,NASDAQ:VCYT,3.393028944686555e-08
2020-09-03,17,AR1 alpha + Enhanced + One-Step,NASDAQ:VCYT,0.0
2020-09-04,17,AR1 alpha + Enhanced + One-Step,NASDAQ:VCYT,1.3875520791603327e-08
2020-09-08,17,AR1 alpha + Enhanced + One-Step,NASDAQ:VCYT,1.1069468915358213e-07
2020-09-09,17,AR1 alpha + Enhanced + One-Step,NASDAQ:VCYT,1.6542215166810466e-08
2020-09-10,17,AR1 alpha + Enhanced + One-Step,NASDAQ:VCYT,4.495081235725174e-08
2020-09-11,17,AR1 alpha + Enhanced + One-Step,NASDAQ:VCYT,3.838477038728906e-08
2020-09-14,17,AR1 alpha + Enhanced + One-Step,NASDAQ:VCYT,3.663982457321483e-07
2020-09-15,17,AR1 alpha + Enhanced + One-Step,NASDAQ:VCYT,1.594573228239289e-07
2020-09-16,17,AR1 alpha + Enhanced + One-Step,NASDAQ:VCYT,0.0
2020-09-17,17,AR1 alpha + Enhanced + One-Step,NASDAQ:VCYT,0.0
2020-09-18,17,AR1 alpha + Enhanced + One-Step,NASDAQ:VCYT,0.0
2020-09-21,17,AR1 alpha + Enhanced + One-Step,NASDAQ:VCYT,0.0
2020-09-22,17,AR1 alpha + Enhanced + One-Step,NASDAQ:VCYT,9.277434945362809e-09
2020-09-23,17,AR1 alpha + Enhanced + One-Step,NASDAQ:VCYT,0.0
2020-09-24,17,AR1 alpha + Enhanced + One-Step,NASDAQ:VCYT,0.0
2020-09-25,17,AR1 alpha + Enhanced + One-Step,NASDAQ:VCYT,0.0
2020-09-28,17,AR1 alpha + Enhanced + One-Step,NASDAQ:VCYT,0.0
2020-09-29,17,AR1 alpha + Enhanced + One-Step,NASDAQ:VCYT,3.2974354249804285e-08
2020-09-30,17,AR1 alpha + Enhanced + One-Step,NASDAQ:VCYT,9.738113620309052e-09
2020-10-01,17,AR1 alpha + Enhanced + One-Step,NASDAQ:VCYT,2.515348286577547e-07
2020-10-02,17,AR1 alpha + Enhanced + One-Step,NASDAQ:VCYT,1.8191743224909432e-07
2020-10-05,17,AR1 alpha + Enhanced + One-Step,NASDAQ:VCYT,3.477544245716367e-07
2020-10-06,17,AR1 alpha + Enhanced + One-Step,NASDAQ:VCYT,5.5368735222967106e-08
2020-10-07,17,AR1 alpha + Enhanced + One-Step,NASDAQ:VCYT,5.1139954431339496e-08
2020-10-08,17,AR1 alpha + Enhanced + One-Step,NASDAQ:VCYT,0.0
2020-10-09,17,AR1 alpha + Enhanced + One-Step,NASDAQ:VCYT,1.3318737935645292e-07
2020-10-12,17,AR1 alpha + Enhanced + One-Step,NASDAQ:VCYT,4.979448270707741e-08
2020-10-13,17,AR1 alpha + Enhanced + One-Step,NASDAQ:VCYT,1.6385913543262504e-07
2020-10-14,17,AR1 alpha + Enhanced + One-Step,NASDAQ:VCYT,0.0
2020-10-15,17,AR1 alpha + Enhanced + One-Step,NASDAQ:VCYT,0.0
2020-10-16,17,AR1 alpha + Enhanced + One-Step,NASDAQ:VCYT,0.0
2020-10-19,17,AR1 alpha + Enhanced + One-Step,NASDAQ:VCYT,0.0
2020-10-20,17,AR1 alpha + Enhanced + One-Step,NASDAQ:VCYT,0.0
2020-10-21,17,AR1 alpha + Enhanced + One-Step,NASDAQ:VCYT,0.0
2020-10-22,17,AR1 alpha + Enhanced + One-Step,NASDAQ:VCYT,0.0
2020-10-23,17,AR1 alpha + Enhanced + One-Step,NASDAQ:VCYT,0.0
2020-10-26,17,AR1 alpha + Enhanced + One-Step,NASDAQ:VCYT,8.731151174900653e-09
2020-10-27,17,AR1 alpha + Enhanced + One-Step,NASDAQ:VCYT,1.9336226739260691e-07
2020-10-28,17,AR1 alpha + Enhanced + One-Step,NASDAQ:VCYT,1.5729352312726434e-07
2020-10-29,17,AR1 alpha + Enhanced + One-Step,NASDAQ:VCYT,2.3175066048383346e-07
2020-10-30,17,AR1 alpha + Enhanced + One-Step,NASDAQ:VCYT,9.992908949051769e-08
2020-11-02,17,AR1 alpha + Enhanced + One-Step,NASDAQ:VCYT,3.9301976472635463e-07
2020-11-03,17,AR1 alpha + Enhanced + One-Step,NASDAQ:VCYT,1.871173604656777e-07
2020-11-04,17,AR1 alpha + Enhanced + One-Step,NASDAQ:VCYT,6.766592977000747e-07
2020-11-05,17,AR1 alpha + Enhanced + One-Step,NASDAQ:VCYT,3.110535634215573e-07
2020-11-06,17,AR1 alpha + Enhanced + One-Step,NASDAQ:VCYT,8.663983001981101e-08
2020-11-09,17,AR1 alpha + Enhanced + One-Step,NASDAQ:VCYT,2.0210739188134595e-08
2020-11-10,17,AR1 alpha + Enhanced + One-Step,NASDAQ:VCYT,5.634590251313842e-08
2020-11-11,17,AR1 alpha + Enhanced + One-Step,NASDAQ:VCYT,1.0936113297927889e-07
2020-11-12,17,AR1 alpha + Enhanced + One-Step,NASDAQ:VCYT,4.8996929271649275e-08
2020-11-13,17,AR1 alpha + Enhanced + One-Step,NASDAQ:VCYT,1.847283075229712e-08
2020-11-16,17,AR1 alpha + Enhanced + One-Step,NASDAQ:VCYT,4.192121204459774e-08
2020-11-17,17,AR1 alpha + Enhanced + One-Step,NASDAQ:VCYT,1.6410503496909046e-07
2020-11-18,17,AR1 alpha + Enhanced + One-Step,NASDAQ:VCYT,0.0
2020-11-19,17,AR1 alpha + Enhanced + One-Step,NASDAQ:VCYT,0.0
2020-11-20,17,AR1 alpha + Enhanced + One-Step,NASDAQ:VCYT,0.0
2020-11-23,17,AR1 alpha + Enhanced + One-Step,NASDAQ:VCYT,7.71511554441429e-08
2020-11-24,17,AR1 alpha + Enhanced + One-Step,NASDAQ:VCYT,0.0
2020-11-25,17,AR1 alpha + Enhanced + One-Step,NASDAQ:VCYT,5.785270441831943e-08
2020-11-27,17,AR1 alpha + Enhanced + One-Step,NASDAQ:VCYT,0.0
2020-11-30,17,AR1 alpha + Enhanced + One-Step,NASDAQ:VCYT,0.0
2020-12-01,17,AR1 alpha + Enhanced + One-Step,NASDAQ:VCYT,5.949965425428028e-08
2020-12-04,17,AR1 alpha + Enhanced + One-Step,NASDAQ:VCYT,2.4015062356287356e-08
2020-12-07,17,AR1 alpha + Enhanced + One-Step,NASDAQ:VCYT,0.0
2020-12-08,17,AR1 alpha + Enhanced + One-Step,NASDAQ:VCYT,1.819577699770234e-08
2020-12-09,17,AR1 alpha + Enhanced + One-Step,NASDAQ:VCYT,1.0682903053624867e-07
2020-12-10,17,AR1 alpha + Enhanced + One-Step,NASDAQ:VCYT,1.2978053690399253e-07
2020-12-11,17,AR1 alpha + Enhanced + One-Step,NASDAQ:VCYT,0.0
2020-12-14,17,AR1 alpha + Enhanced + One-Step,NASDAQ:VCYT,0.0
2020-12-15,17,AR1 alpha + Enhanced + One-Step,NASDAQ:VCYT,1.1630510771625991e-07
2020-12-16,17,AR1 alpha + Enhanced + One-Step,NASDAQ:VCYT,0.004840927178481371
2020-12-17,17,AR1 alpha + Enhanced + One-Step,NASDAQ:VCYT,0.004840843239812765
2020-12-18,17,AR1 alpha + Enhanced + One-Step,NASDAQ:VCYT,0.004842709044925034
2020-12-21,17,AR1 alpha + Enhanced + One-Step,NASDAQ:VCYT,0.004842343879817218
2020-12-22,17,AR1 alpha + Enhanced + One-Step,NASDAQ:VCYT,0.004842431538467324
2020-12-23,17,AR1 alpha + Enhanced + One-Step,NASDAQ:VCYT,0.004842301546970287
2020-12-24,17,AR1 alpha + Enhanced + One-Step,NASDAQ:VCYT,0.004842263009020915
2020-12-28,17,AR1 alpha + Enhanced + One-Step,NASDAQ:VCYT,0.00484215467722774
2020-12-29,17,AR1 alpha + Enhanced + One-Step,NASDAQ:VCYT,1.4420128463997166e-08
2020-12-30,17,AR1 alpha + Enhanced + One-Step,NASDAQ:VCYT,6.515372216163246e-09
2020-12-31,17,AR1 alpha + Enhanced + One-Step,NASDAQ:VCYT,0.0
2021-01-04,17,AR1 alpha + Enhanced + One-Step,NASDAQ:VCYT,5.2337603466611504e-09
2021-01-05,17,AR1 alpha + Enhanced + One-Step,NASDAQ:VCYT,8.77149210552294e-09
2021-01-06,17,AR1 alpha + Enhanced + One-Step,NASDAQ:VCYT,0.0
2021-01-07,17,AR1 alpha + Enhanced + One-Step,NASDAQ:VCYT,0.0
2021-01-08,17,AR1 alpha + Enhanced + One-Step,NASDAQ:VCYT,0.0
2021-01-11,17,AR1 alpha + Enhanced + One-Step,NASDAQ:VCYT,1.660745149094843e-07
2021-01-12,17,AR1 alpha + Enhanced + One-Step,NASDAQ:VCYT,0.0
2021-01-13,17,AR1 alpha + Enhanced + One-Step,NASDAQ:VCYT,6.506732189394257e-08
2021-01-14,17,AR1 alpha + Enhanced + One-Step,NASDAQ:VCYT,6.32283654913445e-08
2021-01-15,17,AR1 alpha + Enhanced + One-Step,NASDAQ:VCYT,6.15721188570613e-08
2021-01-19,17,AR1 alpha + Enhanced + One-Step,NASDAQ:VCYT,0.0
2021-01-20,17,AR1 alpha + Enhanced + One-Step,NASDAQ:VCYT,1.865566870446872e-08
2021-01-21,17,AR1 alpha + Enhanced + One-Step,NASDAQ:VCYT,0.0
2021-01-22,17,AR1 alpha + Enhanced + One-Step,NASDAQ:VCYT,0.0
2021-01-25,17,AR1 alpha + Enhanced + One-Step,NASDAQ:VCYT,4.320435363240358e-08
2021-01-26,17,AR1 alpha + Enhanced + One-Step,NASDAQ:VCYT,1.7028065418218163e-08
2021-01-27,17,AR1 alpha + Enhanced + One-Step,NASDAQ:VCYT,1.7323141913088158e-07
2021-01-28,17,AR1 alpha + Enhanced + One-Step,NASDAQ:VCYT,6.620594657295264e-07
2021-01-29,17,AR1 alpha + Enhanced + One-Step,NASDAQ:VCYT,1.4648115416616704e-07
2021-02-01,17,AR1 alpha + Enhanced + One-Step,NASDAQ:VCYT,7.13063784737585e-08
2021-02-02,17,AR1 alpha + Enhanced + One-Step,NASDAQ:VCYT,3.564283954247389e-08
2021-02-03,17,AR1 alpha + Enhanced + One-Step,NASDAQ:VCYT,0.0
2021-02-04,17,AR1 alpha + Enhanced + One-Step,NASDAQ:VCYT,3.622817915697391e-07
2021-02-05,17,AR1 alpha + Enhanced + One-Step,NASDAQ:VCYT,0.0
2021-02-08,17,AR1 alpha + Enhanced + One-Step,NASDAQ:VCYT,1.2842196871934694e-07
2021-02-09,17,AR1 alpha + Enhanced + One-Step,NASDAQ:VCYT,5.246776587793433e-08
2021-02-10,17,AR1 alpha + Enhanced + One-Step,NASDAQ:VCYT,4.3850147001048013e-07
2021-02-11,17,AR1 alpha + Enhanced + One-Step,NASDAQ:VCYT,2.1714135467402092e-07
2021-02-12,17,AR1 alpha + Enhanced + One-Step,NASDAQ:VCYT,0.010194670776503486
2021-02-16,17,AR1 alpha + Enhanced + One-Step,NASDAQ:VCYT,0.010194673999668632
2021-02-17,17,AR1 alpha + Enhanced + One-Step,NASDAQ:VCYT,0.010194799338797968
2021-02-18,17,AR1 alpha + Enhanced + One-Step,NASDAQ:VCYT,0.010194865838181787
2021-02-19,17,AR1 alpha + Enhanced + One-Step,NASDAQ:VCYT,0.010194253284787635
2021-02-22,17,AR1 alpha + Enhanced + One-Step,NASDAQ:VCYT,0.010195241330704522
2021-02-23,17,AR1 alpha + Enhanced + One-Step,NASDAQ:VCYT,0.010196158492681157
2021-02-24,17,AR1 alpha + Enhanced + One-Step,NASDAQ:VCYT,0.010196264217008205
2021-02-25,17,AR1 alpha + Enhanced + One-Step,NASDAQ:VCYT,0.01018966096109975
2021-02-26,17,AR1 alpha + Enhanced + One-Step,NASDAQ:VCYT,0.01018965004372631
2021-03-01,17,AR1 alpha + Enhanced + One-Step,NASDAQ:VCYT,2.936419442603579e-07
2021-03-02,17,AR1 alpha + Enhanced + One-Step,NASDAQ:VCYT,2.3453088520899686e-08
2021-03-03,17,AR1 alpha + Enhanced + One-Step,NASDAQ:VCYT,0.0
2021-03-04,17,AR1 alpha + Enhanced + One-Step,NASDAQ:VCYT,2.635763836692102e-10
2021-03-05,17,AR1 alpha + Enhanced + One-Step,NASDAQ:VCYT,0.0
2021-03-08,17,AR1 alpha + Enhanced + One-Step,NASDAQ:VCYT,0.0
2021-03-09,17,AR1 alpha + Enhanced + One-Step,NASDAQ:VCYT,9.049968287654895e-09
2021-03-10,17,AR1 alpha + Enhanced + One-Step,NASDAQ:VCYT,7.673865977688706e-07
2021-03-11,17,AR1 alpha + Enhanced + One-Step,NASDAQ:VCYT,7.56427234418927e-08
2021-03-12,17,AR1 alpha + Enhanced + One-Step,NASDAQ:VCYT,1.1797463342999843e-08
2021-03-15,17,AR1 alpha + Enhanced + One-Step,NASDAQ:VCYT,7.491700742099869e-07
2021-03-16,17,AR1 alpha + Enhanced + One-Step,NASDAQ:VCYT,3.382028371288538e-07
2021-03-17,17,AR1 alpha + Enhanced + One-Step,NASDAQ:VCYT,2.1815132913602255e-08
2021-03-18,17,AR1 alpha + Enhanced + One-Step,NASDAQ:VCYT,8.574884501469645e-08
2021-03-19,17,AR1 alpha + Enhanced + One-Step,NASDAQ:VCYT,2.2080991381088754e-08
2021-03-22,17,AR1 alpha + Enhanced + One-Step,NASDAQ:VCYT,1.4671565264087536e-07
2021-03-23,17,AR1 alpha + Enhanced + One-Step,NASDAQ:VCYT,2.986082928874595e-07
2021-03-24,17,AR1 alpha + Enhanced + One-Step,NASDAQ:VCYT,9.303529809464513e-08
2021-03-25,17,AR1 alpha + Enhanced + One-Step,NASDAQ:VCYT,9.559588006164246e-08
2021-03-26,17,AR1 alpha + Enhanced + One-Step,NASDAQ:VCYT,1.3541914761342685e-07
2021-03-29,17,AR1 alpha + Enhanced + One-Step,NASDAQ:VCYT,1.2563197046563325e-07
2021-03-30,17,AR1 alpha + Enhanced + One-Step,NASDAQ:VCYT,0.0
2021-03-31,17,AR1 alpha + Enhanced + One-Step,NASDAQ:VCYT,7.340043896231838e-09
2021-04-01,17,AR1 alpha + Enhanced + One-Step,NASDAQ:VCYT,3.38113916891386e-07
2021-04-05,17,AR1 alpha + Enhanced + One-Step,NASDAQ:VCYT,5.4090099938045074e-08
2021-04-06,17,AR1 alpha + Enhanced + One-Step,NASDAQ:VCYT,1.5965293304019228e-08
2021-04-07,17,AR1 alpha + Enhanced + One-Step,NASDAQ:VCYT,0.0
2021-04-08,17,AR1 alpha + Enhanced + One-Step,NASDAQ:VCYT,0.0
2021-04-09,17,AR1 alpha + Enhanced + One-Step,NASDAQ:VCYT,1.3178071769071647e-09
2021-04-12,17,AR1 alpha + Enhanced + One-Step,NASDAQ:VCYT,0.0
2021-04-13,17,AR1 alpha + Enhanced + One-Step,NASDAQ:VCYT,0.0
2021-04-14,17,AR1 alpha + Enhanced + One-Step,NASDAQ:VCYT,0.0
2021-04-15,17,AR1 alpha + Enhanced + One-Step,NASDAQ:VCYT,1.3397873402714029e-07
2021-04-16,17,AR1 alpha + Enhanced + One-Step,NASDAQ:VCYT,5.829417319229637e-08
2021-04-19,17,AR1 alpha + Enhanced + One-Step,NASDAQ:VCYT,1.661827293796788e-08
2021-04-20,17,AR1 alpha + Enhanced + One-Step,NASDAQ:VCYT,0.0
2021-04-21,17,AR1 alpha + Enhanced + One-Step,NASDAQ:VCYT,0.0
2021-04-22,17,AR1 alpha + Enhanced + One-Step,NASDAQ:VCYT,0.0
2021-04-23,17,AR1 alpha + Enhanced + One-Step,NASDAQ:VCYT,6.3427351064215454e-09
2021-04-26,17,AR1 alpha + Enhanced + One-Step,NASDAQ:VCYT,2.791417901624635e-08
2021-04-27,17,AR1 alpha + Enhanced + One-Step,NASDAQ:VCYT,7.280727127727106e-09
2021-04-28,17,AR1 alpha + Enhanced + One-Step,NASDAQ:VCYT,0.0
2021-04-29,17,AR1 alpha + Enhanced + One-Step,NASDAQ:VCYT,0.0
2021-04-30,17,AR1 alpha + Enhanced + One-Step,NASDAQ:VCYT,0.0
2021-05-03,17,AR1 alpha + Enhanced + One-Step,NASDAQ:VCYT,9.024500532634887e-07
2021-05-04,17,AR1 alpha + Enhanced + One-Step,NASDAQ:VCYT,2.5204286041693225e-07
2021-05-05,17,AR1 alpha + Enhanced + One-Step,NASDAQ:VCYT,0.0
2021-05-06,17,AR1 alpha + Enhanced + One-Step,NASDAQ:VCYT,1.7882990671924826e-07
2021-05-07,17,AR1 alpha + Enhanced + One-Step,NASDAQ:VCYT,1.5634407108084485e-07
2021-05-10,17,AR1 alpha + Enhanced + One-Step,NASDAQ:VCYT,1.301316721973758e-07
2021-05-11,17,AR1 alpha + Enhanced + One-Step,NASDAQ:VCYT,5.1889290599356797e-08
2021-05-12,17,AR1 alpha + Enhanced + One-Step,NASDAQ:VCYT,2.066108070311667e-10
2021-05-13,17,AR1 alpha + Enhanced + One-Step,NASDAQ:VCYT,0.0
2021-05-14,17,AR1 alpha + Enhanced + One-Step,NASDAQ:VCYT,0.0
2021-05-17,17,AR1 alpha + Enhanced + One-Step,NASDAQ:VCYT,1.2661318541958643e-07
2021-05-18,17,AR1 alpha + Enhanced + One-Step,NASDAQ:VCYT,3.5471863599047534e-07
2021-05-19,17,AR1 alpha + Enhanced + One-Step,NASDAQ:VCYT,5.334925783414585e-07
2021-05-20,17,AR1 alpha + Enhanced + One-Step,NASDAQ:VCYT,2.1269979548546933e-07
2021-05-21,17,AR1 alpha + Enhanced + One-Step,NASDAQ:VCYT,8.22638912895471e-08
2021-05-24,17,AR1 alpha + Enhanced + One-Step,NASDAQ:VCYT,0.0
2021-05-25,17,AR1 alpha + Enhanced + One-Step,NASDAQ:VCYT,0.0
2021-05-26,17,AR1 alpha + Enhanced + One-Step,NASDAQ:VCYT,0.0
2021-05-27,17,AR1 alpha + Enhanced + One-Step,NASDAQ:VCYT,0.0
2021-05-28,17,AR1 alpha + Enhanced + One-Step,NASDAQ:VCYT,0.0
2021-06-01,17,AR1 alpha + Enhanced + One-Step,NASDAQ:VCYT,0.0
2021-06-02,17,AR1 alpha + Enhanced + One-Step,NASDAQ:VCYT,0.0
2021-06-03,17,AR1 alpha + Enhanced + One-Step,NASDAQ:VCYT,0.0
2021-06-04,17,AR1 alpha + Enhanced + One-Step,NASDAQ:VCYT,0.0
2021-06-07,17,AR1 alpha + Enhanced + One-Step,NASDAQ:VCYT,0.0
2021-06-08,17,AR1 alpha + Enhanced + One-Step,NASDAQ:VCYT,5.567241270044097e-08
2021-06-09,17,AR1 alpha + Enhanced + One-Step,NASDAQ:VCYT,0.0
2021-06-10,17,AR1 alpha + Enhanced + One-Step,NASDAQ:VCYT,0.0
2021-06-11,17,AR1 alpha + Enhanced + One-Step,NASDAQ:VCYT,9.82535347604291e-10
2021-06-14,17,AR1 alpha + Enhanced + One-Step,NASDAQ:VCYT,0.0
2021-06-15,17,AR1 alpha + Enhanced + One-Step,NASDAQ:VCYT,0.0
2021-06-16,17,AR1 alpha + Enhanced + One-Step,NASDAQ:VCYT,0.0
2021-06-17,17,AR1 alpha + Enhanced + One-Step,NASDAQ:VCYT,0.0
2021-06-18,17,AR1 alpha + Enhanced + One-Step,NASDAQ:VCYT,8.637170583474075e-08
2021-06-21,17,AR1 alpha + Enhanced + One-Step,NASDAQ:VCYT,6.338039456538908e-07
2021-06-22,17,AR1 alpha + Enhanced + One-Step,NASDAQ:VCYT,0.0
2021-06-23,17,AR1 alpha + Enhanced + One-Step,NASDAQ:VCYT,0.0
2021-06-24,17,AR1 alpha + Enhanced + One-Step,NASDAQ:VCYT,2.3710222006752523e-07
2021-06-25,17,AR1 alpha + Enhanced + One-Step,NASDAQ:VCYT,2.0083795969123844e-07
2021-06-28,17,AR1 alpha + Enhanced + One-Step,NASDAQ:VCYT,1.3247077341299086e-07
2021-06-29,17,AR1 alpha + Enhanced + One-Step,NASDAQ:VCYT,2.7699608405223028e-08
2021-06-30,17,AR1 alpha + Enhanced + One-Step,NASDAQ:VCYT,1.9543334917958115e-07
2021-07-01,17,AR1 alpha + Enhanced + One-Step,NASDAQ:VCYT,5.440844197078354e-08
2021-07-02,17,AR1 alpha + Enhanced + One-Step,NASDAQ:VCYT,0.0
2021-07-06,17,AR1 alpha + Enhanced + One-Step,NASDAQ:VCYT,0.0
2021-07-07,17,AR1 alpha + Enhanced + One-Step,NASDAQ:VCYT,3.965287800837222e-07
2021-07-08,17,AR1 alpha + Enhanced + One-Step,NASDAQ:VCYT,7.790012171429208e-08
2021-07-09,17,AR1 alpha + Enhanced + One-Step,NASDAQ:VCYT,0.0
2021-07-12,17,AR1 alpha + Enhanced + One-Step,NASDAQ:VCYT,0.0
2021-07-13,17,AR1 alpha + Enhanced + One-Step,NASDAQ:VCYT,0.0
2021-07-14,17,AR1 alpha + Enhanced + One-Step,NASDAQ:VCYT,0.0
2021-07-15,17,AR1 alpha + Enhanced + One-Step,NASDAQ:VCYT,0.0
2021-07-16,17,AR1 alpha + Enhanced + One-Step,NASDAQ:VCYT,0.0
2021-07-19,17,AR1 alpha + Enhanced + One-Step,NASDAQ:VCYT,0.0
2021-07-20,17,AR1 alpha + Enhanced + One-Step,NASDAQ:VCYT,0.0
2021-07-21,17,AR1 alpha + Enhanced + One-Step,NASDAQ:VCYT,2.3095790415625597e-07
2021-07-22,17,AR1 alpha + Enhanced + One-Step,NASDAQ:VCYT,0.0
2021-07-23,17,AR1 alpha + Enhanced + One-Step,NASDAQ:VCYT,0.0
2021-07-26,17,AR1 alpha + Enhanced + One-Step,NASDAQ:VCYT,0.0
2021-07-27,17,AR1 alpha + Enhanced + One-Step,NASDAQ:VCYT,1.745342164797732e-07
2021-07-28,17,AR1 alpha + Enhanced + One-Step,NASDAQ:VCYT,0.0
2021-07-29,17,AR1 alpha + Enhanced + One-Step,NASDAQ:VCYT,0.0
2021-07-30,17,AR1 alpha + Enhanced + One-Step,NASDAQ:VCYT,0.0053029340105243015
2021-08-02,17,AR1 alpha + Enhanced + One-Step,NASDAQ:VCYT,0.0
2021-08-03,17,AR1 alpha + Enhanced + One-Step,NASDAQ:VCYT,1.0402602855670471e-08
2021-08-04,17,AR1 alpha + Enhanced + One-Step,NASDAQ:VCYT,0.0
2021-08-05,17,AR1 alpha + Enhanced + One-Step,NASDAQ:VCYT,3.035850179255821e-09
2021-08-06,17,AR1 alpha + Enhanced + One-Step,NASDAQ:VCYT,0.0
2021-08-09,17,AR1 alpha + Enhanced + One-Step,NASDAQ:VCYT,0.0
2021-08-10,17,AR1 alpha + Enhanced + One-Step,NASDAQ:VCYT,0.0
2021-08-11,17,AR1 alpha + Enhanced + One-Step,NASDAQ:VCYT,0.0
2021-08-12,17,AR1 alpha + Enhanced + One-Step,NASDAQ:VCYT,0.0
2021-08-13,17,AR1 alpha + Enhanced + One-Step,NASDAQ:VCYT,0.0
2021-08-16,17,AR1 alpha + Enhanced + One-Step,NASDAQ:VCYT,6.35019480522985e-07
2021-08-17,17,AR1 alpha + Enhanced + One-Step,NASDAQ:VCYT,4.44759580576659e-07
2021-08-18,17,AR1 alpha + Enhanced + One-Step,NASDAQ:VCYT,2.57552149218997e-07
2021-08-19,17,AR1 alpha + Enhanced + One-Step,NASDAQ:VCYT,7.577092336204935e-07
2021-08-20,17,AR1 alpha + Enhanced + One-Step,NASDAQ:VCYT,0.0
2021-08-23,17,AR1 alpha + Enhanced + One-Step,NASDAQ:VCYT,0.0
2021-08-24,17,AR1 alpha + Enhanced + One-Step,NASDAQ:VCYT,0.0
2021-08-25,17,AR1 alpha + Enhanced + One-Step,NASDAQ:VCYT,9.11117683276858e-09
2021-08-26,17,AR1 alpha + Enhanced + One-Step,NASDAQ:VCYT,0.0
2021-08-27,17,AR1 alpha + Enhanced + One-Step,NASDAQ:VCYT,0.0
2021-08-30,17,AR1 alpha + Enhanced + One-Step,NASDAQ:VCYT,0.0
2021-08-31,17,AR1 alpha + Enhanced + One-Step,NASDAQ:VCYT,4.881697630051011e-09
2021-09-01,17,AR1 alpha + Enhanced + One-Step,NASDAQ:VCYT,1.9845381894850044e-07
2021-09-02,17,AR1 alpha + Enhanced + One-Step,NASDAQ:VCYT,7.205468500333923e-08
2021-09-03,17,AR1 alpha + Enhanced + One-Step,NASDAQ:VCYT,0.0
2021-09-07,17,AR1 alpha + Enhanced + One-Step,NASDAQ:VCYT,3.5160164115368195e-08
2021-09-08,17,AR1 alpha + Enhanced + One-Step,NASDAQ:VCYT,0.0
2021-09-09,17,AR1 alpha + Enhanced + One-Step,NASDAQ:VCYT,0.0
2021-09-10,17,AR1 alpha + Enhanced + One-Step,NASDAQ:VCYT,0.0
2021-09-13,17,AR1 alpha + Enhanced + One-Step,NASDAQ:VCYT,8.746664655875191e-08
2021-09-14,17,AR1 alpha + Enhanced + One-Step,NASDAQ:VCYT,0.0
2021-09-15,17,AR1 alpha + Enhanced + One-Step,NASDAQ:VCYT,0.0
2021-09-16,17,AR1 alpha + Enhanced + One-Step,NASDAQ:VCYT,0.0
2021-09-17,17,AR1 alpha + Enhanced + One-Step,NASDAQ:VCYT,2.94930971434061e-08
2021-09-20,17,AR1 alpha + Enhanced + One-Step,NASDAQ:VCYT,1.5002986873228648e-07
2021-09-21,17,AR1 alpha + Enhanced + One-Step,NASDAQ:VCYT,2.452281377336803e-07
2021-09-22,17,AR1 alpha + Enhanced + One-Step,NASDAQ:VCYT,4.182679041361072e-08
2021-09-23,17,AR1 alpha + Enhanced + One-Step,NASDAQ:VCYT,2.2231478940385074e-07
2021-09-24,17,AR1 alpha + Enhanced + One-Step,NASDAQ:VCYT,4.239205378654015e-08
2021-09-27,17,AR1 alpha + Enhanced + One-Step,NASDAQ:VCYT,3.216236689735954e-08
2021-09-28,17,AR1 alpha + Enhanced + One-Step,NASDAQ:VCYT,0.0
2021-09-29,17,AR1 alpha + Enhanced + One-Step,NASDAQ:VCYT,3.377839087724989e-07
2021-09-30,17,AR1 alpha + Enhanced + One-Step,NASDAQ:VCYT,5.9264209132250335e-08
2021-10-01,17,AR1 alpha + Enhanced + One-Step,NASDAQ:VCYT,4.054796902768886e-09
2021-10-04,17,AR1 alpha + Enhanced + One-Step,NASDAQ:VCYT,6.128440022835413e-08
2021-10-05,17,AR1 alpha + Enhanced + One-Step,NASDAQ:VCYT,0.0
2021-10-06,17,AR1 alpha + Enhanced + One-Step,NASDAQ:VCYT,0.0
2021-10-07,17,AR1 alpha + Enhanced + One-Step,NASDAQ:VCYT,0.0
2021-10-08,17,AR1 alpha + Enhanced + One-Step,NASDAQ:VCYT,0.0
2021-10-11,17,AR1 alpha + Enhanced + One-Step,NASDAQ:VCYT,0.0
2021-10-12,17,AR1 alpha + Enhanced + One-Step,NASDAQ:VCYT,1.1846615752550645e-07
2021-10-13,17,AR1 alpha + Enhanced + One-Step,NASDAQ:VCYT,7.171847135544299e-08
2021-10-14,17,AR1 alpha + Enhanced + One-Step,NASDAQ:VCYT,0.0
2021-10-15,17,AR1 alpha + Enhanced + One-Step,NASDAQ:VCYT,0.0
2021-10-18,17,AR1 alpha + Enhanced + One-Step,NASDAQ:VCYT,0.0
2021-10-19,17,AR1 alpha + Enhanced + One-Step,NASDAQ:VCYT,0.0
2021-10-20,17,AR1 alpha + Enhanced + One-Step,NASDAQ:VCYT,1.2150005823293747e-07
2021-10-21,17,AR1 alpha + Enhanced + One-Step,NASDAQ:VCYT,7.040286703501287e-08
2021-10-22,17,AR1 alpha + Enhanced + One-Step,NASDAQ:VCYT,0.0
2021-10-25,17,AR1 alpha + Enhanced + One-Step,NASDAQ:VCYT,0.0
2021-10-26,17,AR1 alpha + Enhanced + One-Step,NASDAQ:VCYT,0.0
2021-10-27,17,AR1 alpha + Enhanced + One-Step,NASDAQ:VCYT,0.0
2021-10-28,17,AR1 alpha + Enhanced + One-Step,NASDAQ:VCYT,3.7647707208788907e-08
2021-10-29,17,AR1 alpha + Enhanced + One-Step,NASDAQ:VCYT,0.0
2021-11-01,17,AR1 alpha + Enhanced + One-Step,NASDAQ:VCYT,0.0
2021-11-02,17,AR1 alpha + Enhanced + One-Step,NASDAQ:VCYT,0.0
2021-11-03,17,AR1 alpha + Enhanced + One-Step,NASDAQ:VCYT,9.654805262298369e-07
2021-11-04,17,AR1 alpha + Enhanced + One-Step,NASDAQ:VCYT,7.102126573620645e-07
2021-11-05,17,AR1 alpha + Enhanced + One-Step,NASDAQ:VCYT,2.78827280950264e-07
2021-11-08,17,AR1 alpha + Enhanced + One-Step,NASDAQ:VCYT,1.50507830641282e-07
2021-11-09,17,AR1 alpha + Enhanced + One-Step,NASDAQ:VCYT,7.100942097341366e-08
2021-11-10,17,AR1 alpha + Enhanced + One-Step,NASDAQ:VCYT,2.8164014537074e-07
2021-11-11,17,AR1 alpha + Enhanced + One-Step,NASDAQ:VCYT,9.56433857217648e-08
2021-11-12,17,AR1 alpha + Enhanced + One-Step,NASDAQ:VCYT,7.723671223107896e-08
2021-11-15,17,AR1 alpha + Enhanced + One-Step,NASDAQ:VCYT,3.207375899183383e-07
2021-11-16,17,AR1 alpha + Enhanced + One-Step,NASDAQ:VCYT,0.0
2021-11-17,17,AR1 alpha + Enhanced + One-Step,NASDAQ:VCYT,0.0
2021-11-18,17,AR1 alpha + Enhanced + One-Step,NASDAQ:VCYT,0.0
2021-11-19,17,AR1 alpha + Enhanced + One-Step,NASDAQ:VCYT,1.3297135420575785e-07
2021-11-22,17,AR1 alpha + Enhanced + One-Step,NASDAQ:VCYT,1.5510047202317286e-07
2021-11-23,17,AR1 alpha + Enhanced + One-Step,NASDAQ:VCYT,0.0
2021-11-24,17,AR1 alpha + Enhanced + One-Step,NASDAQ:VCYT,0.0
2021-11-26,17,AR1 alpha + Enhanced + One-Step,NASDAQ:VCYT,0.0
2021-11-29,17,AR1 alpha + Enhanced + One-Step,NASDAQ:VCYT,0.0
2021-11-30,17,AR1 alpha + Enhanced + One-Step,NASDAQ:VCYT,0.0
2021-12-01,17,AR1 alpha + Enhanced + One-Step,NASDAQ:VCYT,0.0
2021-12-02,17,AR1 alpha + Enhanced + One-Step,NASDAQ:VCYT,0.0
2021-12-03,17,AR1 alpha + Enhanced + One-Step,NASDAQ:VCYT,0.0
2021-12-06,17,AR1 alpha + Enhanced + One-Step,NASDAQ:VCYT,2.4277045647854006e-07
2021-12-07,17,AR1 alpha + Enhanced + One-Step,NASDAQ:VCYT,5.2091489184775e-08
2021-12-08,17,AR1 alpha + Enhanced + One-Step,NASDAQ:VCYT,0.0
2021-12-09,17,AR1 alpha + Enhanced + One-Step,NASDAQ:VCYT,0.0
2021-12-10,17,AR1 alpha + Enhanced + One-Step,NASDAQ:VCYT,0.0
2021-12-13,17,AR1 alpha + Enhanced + One-Step,NASDAQ:VCYT,0.0
2021-12-14,17,AR1 alpha + Enhanced + One-Step,NASDAQ:VCYT,0.0
2021-12-15,17,AR1 alpha + Enhanced + One-Step,NASDAQ:VCYT,4.1474913301775844e-08
2021-12-16,17,AR1 alpha + Enhanced + One-Step,NASDAQ:VCYT,3.339308992665205e-08
2021-12-17,17,AR1 alpha + Enhanced + One-Step,NASDAQ:VCYT,0.0
2021-12-20,17,AR1 alpha + Enhanced + One-Step,NASDAQ:VCYT,1.4288564811190697e-07
2021-12-21,17,AR1 alpha + Enhanced + One-Step,NASDAQ:VCYT,1.1425068237510283e-07
2021-12-22,17,AR1 alpha + Enhanced + One-Step,NASDAQ:VCYT,0.0
2021-12-23,17,AR1 alpha + Enhanced + One-Step,NASDAQ:VCYT,8.367060099118946e-08
2021-12-27,17,AR1 alpha + Enhanced + One-Step,NASDAQ:VCYT,0.0
2021-12-28,17,AR1 alpha + Enhanced + One-Step,NASDAQ:VCYT,3.0636551106572955e-08
2021-12-29,17,AR1 alpha + Enhanced + One-Step,NASDAQ:VCYT,1.6794357423454083e-07
2021-12-30,17,AR1 alpha + Enhanced + One-Step,NASDAQ:VCYT,0.0
2021-12-31,17,AR1 alpha + Enhanced + One-Step,NASDAQ:VCYT,0.0
2022-01-03,17,AR1 alpha + Enhanced + One-Step,NASDAQ:VCYT,0.0
2022-01-04,17,AR1 alpha + Enhanced + One-Step,NASDAQ:VCYT,1.874040642123849e-08
2022-01-05,17,AR1 alpha + Enhanced + One-Step,NASDAQ:VCYT,6.717109952096527e-09
2022-01-06,17,AR1 alpha + Enhanced + One-Step,NASDAQ:VCYT,2.4762451095055244e-08
2022-01-07,17,AR1 alpha + Enhanced + One-Step,NASDAQ:VCYT,0.0
2022-01-10,17,AR1 alpha + Enhanced + One-Step,NASDAQ:VCYT,2.3080884273766802e-08
2022-01-11,17,AR1 alpha + Enhanced + One-Step,NASDAQ:VCYT,1.558914882921598e-08
2022-01-12,17,AR1 alpha + Enhanced + One-Step,NASDAQ:VCYT,0.0
2022-01-13,17,AR1 alpha + Enhanced + One-Step,NASDAQ:VCYT,0.0
2022-01-14,17,AR1 alpha + Enhanced + One-Step,NASDAQ:VCYT,0.0
2022-01-18,17,AR1 alpha + Enhanced + One-Step,NASDAQ:VCYT,6.226053410753068e-08
2022-01-19,17,AR1 alpha + Enhanced + One-Step,NASDAQ:VCYT,0.0
2022-01-20,17,AR1 alpha + Enhanced + One-Step,NASDAQ:VCYT,1.7532211637177284e-08
2022-01-21,17,AR1 alpha + Enhanced + One-Step,NASDAQ:VCYT,0.0
2022-01-24,17,AR1 alpha + Enhanced + One-Step,NASDAQ:VCYT,0.0
2022-01-25,17,AR1 alpha + Enhanced + One-Step,NASDAQ:VCYT,3.74179612855334e-08
2022-01-26,17,AR1 alpha + Enhanced + One-Step,NASDAQ:VCYT,7.369983933120639e-08
2022-01-27,17,AR1 alpha + Enhanced + One-Step,NASDAQ:VCYT,2.172790106698414e-07
2022-01-28,17,AR1 alpha + Enhanced + One-Step,NASDAQ:VCYT,6.042460910223695e-08
2022-01-31,17,AR1 alpha + Enhanced + One-Step,NASDAQ:VCYT,2.474645562636218e-07
2022-02-01,17,AR1 alpha + Enhanced + One-Step,NASDAQ:VCYT,9.32029674759242e-08
2022-02-02,17,AR1 alpha + Enhanced + One-Step,NASDAQ:VCYT,1.0250076429846454e-08
2022-02-03,17,AR1 alpha + Enhanced + One-Step,NASDAQ:VCYT,1.375689766696249e-10
2022-02-04,17,AR1 alpha + Enhanced + One-Step,NASDAQ:VCYT,1.0152183923908165e-08
2022-02-07,17,AR1 alpha + Enhanced + One-Step,NASDAQ:VCYT,0.0
2022-02-08,17,AR1 alpha + Enhanced + One-Step,NASDAQ:VCYT,0.0
2022-02-09,17,AR1 alpha + Enhanced + One-Step,NASDAQ:VCYT,0.0
2022-02-10,17,AR1 alpha + Enhanced + One-Step,NASDAQ:VCYT,0.0
2022-02-11,17,AR1 alpha + Enhanced + One-Step,NASDAQ:VCYT,2.644619954239328e-07
2022-02-14,17,AR1 alpha + Enhanced + One-Step,NASDAQ:VCYT,2.148272227064032e-08
2022-02-15,17,AR1 alpha + Enhanced + One-Step,NASDAQ:VCYT,7.182973260592552e-09
2022-02-16,17,AR1 alpha + Enhanced + One-Step,NASDAQ:VCYT,0.0
2022-02-17,17,AR1 alpha + Enhanced + One-Step,NASDAQ:VCYT,5.3025507053124675e-08
2022-02-18,17,AR1 alpha + Enhanced + One-Step,NASDAQ:VCYT,4.513525789889372e-08
2022-02-22,17,AR1 alpha + Enhanced + One-Step,NASDAQ:VCYT,6.9942658226374386e-09
2022-02-23,17,AR1 alpha + Enhanced + One-Step,NASDAQ:VCYT,0.0
2022-02-24,17,AR1 alpha + Enhanced + One-Step,NASDAQ:VCYT,0.0
2022-02-25,17,AR1 alpha + Enhanced + One-Step,NASDAQ:VCYT,1.276296390479039e-08
2022-02-28,17,AR1 alpha + Enhanced + One-Step,NASDAQ:VCYT,9.927300424508731e-09
2022-03-01,17,AR1 alpha + Enhanced + One-Step,NASDAQ:VCYT,4.8233429887704876e-08
2022-03-02,17,AR1 alpha + Enhanced + One-Step,NASDAQ:VCYT,0.0
2022-03-03,17,AR1 alpha + Enhanced + One-Step,NASDAQ:VCYT,0.0
2022-03-04,17,AR1 alpha + Enhanced + One-Step,NASDAQ:VCYT,0.0
2022-03-07,17,AR1 alpha + Enhanced + One-Step,NASDAQ:VCYT,4.209673573455002e-07
2022-03-08,17,AR1 alpha + Enhanced + One-Step,NASDAQ:VCYT,1.500741318334201e-07
2022-03-09,17,AR1 alpha + Enhanced + One-Step,NASDAQ:VCYT,0.0
2022-03-10,17,AR1 alpha + Enhanced + One-Step,NASDAQ:VCYT,5.508076988173247e-08
2022-03-11,17,AR1 alpha + Enhanced + One-Step,NASDAQ:VCYT,0.0
2022-03-14,17,AR1 alpha + Enhanced + One-Step,NASDAQ:VCYT,0.0
2022-03-15,17,AR1 alpha + Enhanced + One-Step,NASDAQ:VCYT,0.0
2022-03-16,17,AR1 alpha + Enhanced + One-Step,NASDAQ:VCYT,0.0
2022-03-17,17,AR1 alpha + Enhanced + One-Step,NASDAQ:VCYT,3.4672729765632993e-08
2022-03-18,17,AR1 alpha + Enhanced + One-Step,NASDAQ:VCYT,0.0
2022-03-21,17,AR1 alpha + Enhanced + One-Step,NASDAQ:VCYT,1.234291880391593e-07
2022-03-22,17,AR1 alpha + Enhanced + One-Step,NASDAQ:VCYT,5.0671109102975664e-08
2022-03-23,17,AR1 alpha + Enhanced + One-Step,NASDAQ:VCYT,2.052241206981037e-08
2022-03-24,17,AR1 alpha + Enhanced + One-Step,NASDAQ:VCYT,0.0
2022-03-25,17,AR1 alpha + Enhanced + One-Step,NASDAQ:VCYT,0.0
2022-03-28,17,AR1 alpha + Enhanced + One-Step,NASDAQ:VCYT,0.0
2022-03-29,17,AR1 alpha + Enhanced + One-Step,NASDAQ:VCYT,0.0
2022-03-30,17,AR1 alpha + Enhanced + One-Step,NASDAQ:VCYT,9.134063461991863e-09
2022-03-31,17,AR1 alpha + Enhanced + One-Step,NASDAQ:VCYT,0.0
2022-04-01,17,AR1 alpha + Enhanced + One-Step,NASDAQ:VCYT,0.0
2022-04-04,17,AR1 alpha + Enhanced + One-Step,NASDAQ:VCYT,0.0
2022-04-05,17,AR1 alpha + Enhanced + One-Step,NASDAQ:VCYT,0.0
2022-04-06,17,AR1 alpha + Enhanced + One-Step,NASDAQ:VCYT,6.180346050605961e-07
2022-04-07,17,AR1 alpha + Enhanced + One-Step,NASDAQ:VCYT,2.531758645859359e-08
2022-04-08,17,AR1 alpha + Enhanced + One-Step,NASDAQ:VCYT,2.708294784774756e-07
2022-04-11,17,AR1 alpha + Enhanced + One-Step,NASDAQ:VCYT,0.0
2022-04-12,17,AR1 alpha + Enhanced + One-Step,NASDAQ:VCYT,0.0
2022-04-13,17,AR1 alpha + Enhanced + One-Step,NASDAQ:VCYT,9.30042397257714e-09
2022-04-14,17,AR1 alpha + Enhanced + One-Step,NASDAQ:VCYT,0.0
2022-04-18,17,AR1 alpha + Enhanced + One-Step,NASDAQ:VCYT,0.0
2022-04-19,17,AR1 alpha + Enhanced + One-Step,NASDAQ:VCYT,0.0
2022-04-20,17,AR1 alpha + Enhanced + One-Step,NASDAQ:VCYT,0.0
2022-04-21,17,AR1 alpha + Enhanced + One-Step,NASDAQ:VCYT,0.0
2022-04-22,17,AR1 alpha + Enhanced + One-Step,NASDAQ:VCYT,0.0
2022-04-25,17,AR1 alpha + Enhanced + One-Step,NASDAQ:VCYT,0.0
2022-04-26,17,AR1 alpha + Enhanced + One-Step,NASDAQ:VCYT,4.4214375120588876e-08
2022-04-27,17,AR1 alpha + Enhanced + One-Step,NASDAQ:VCYT,0.0
2022-04-28,17,AR1 alpha + Enhanced + One-Step,NASDAQ:VCYT,0.0
2022-04-29,17,AR1 alpha + Enhanced + One-Step,NASDAQ:VCYT,0.0
2022-05-02,17,AR1 alpha + Enhanced + One-Step,NASDAQ:VCYT,0.0
2022-05-03,17,AR1 alpha + Enhanced + One-Step,NASDAQ:VCYT,3.9957158949038553e-08
2022-05-04,17,AR1 alpha + Enhanced + One-Step,NASDAQ:VCYT,0.0
2022-05-05,17,AR1 alpha + Enhanced + One-Step,NASDAQ:VCYT,2.276162233193918e-08
2022-05-06,17,AR1 alpha + Enhanced + One-Step,NASDAQ:VCYT,6.295232364076108e-08
2022-05-09,17,AR1 alpha + Enhanced + One-Step,NASDAQ:VCYT,0.0
2022-05-10,17,AR1 alpha + Enhanced + One-Step,NASDAQ:VCYT,0.0
2022-05-11,17,AR1 alpha + Enhanced + One-Step,NASDAQ:VCYT,0.0
2022-05-12,17,AR1 alpha + Enhanced + One-Step,NASDAQ:VCYT,0.0
2022-05-13,17,AR1 alpha + Enhanced + One-Step,NASDAQ:VCYT,0.0
2022-05-16,17,AR1 alpha + Enhanced + One-Step,NASDAQ:VCYT,0.0
2022-05-17,17,AR1 alpha + Enhanced + One-Step,NASDAQ:VCYT,0.0
2022-05-18,17,AR1 alpha + Enhanced + One-Step,NASDAQ:VCYT,0.0
2022-05-19,17,AR1 alpha + Enhanced + One-Step,NASDAQ:VCYT,0.0
2022-05-20,17,AR1 alpha + Enhanced + One-Step,NASDAQ:VCYT,0.0
2022-05-23,17,AR1 alpha + Enhanced + One-Step,NASDAQ:VCYT,0.0
2022-05-24,17,AR1 alpha + Enhanced + One-Step,NASDAQ:VCYT,0.0
2022-05-25,17,AR1 alpha + Enhanced + One-Step,NASDAQ:VCYT,0.0
2022-05-26,17,AR1 alpha + Enhanced + One-Step,NASDAQ:VCYT,0.0
2022-05-27,17,AR1 alpha + Enhanced + One-Step,NASDAQ:VCYT,5.238500965251286e-07
2022-05-31,17,AR1 alpha + Enhanced + One-Step,NASDAQ:VCYT,9.70621800117598e-08
2022-06-01,17,AR1 alpha + Enhanced + One-Step,NASDAQ:VCYT,3.0354267239769116e-07
2022-06-02,17,AR1 alpha + Enhanced + One-Step,NASDAQ:VCYT,2.036056126638398e-07
2022-06-03,17,AR1 alpha + Enhanced + One-Step,NASDAQ:VCYT,0.0
2022-06-06,17,AR1 alpha + Enhanced + One-Step,NASDAQ:VCYT,0.0
2022-06-07,17,AR1 alpha + Enhanced + One-Step,NASDAQ:VCYT,0.0
2022-06-08,17,AR1 alpha + Enhanced + One-Step,NASDAQ:VCYT,5.931047863197975e-10
2022-06-09,17,AR1 alpha + Enhanced + One-Step,NASDAQ:VCYT,0.0
2022-06-10,17,AR1 alpha + Enhanced + One-Step,NASDAQ:VCYT,0.0
2022-06-13,17,AR1 alpha + Enhanced + One-Step,NASDAQ:VCYT,0.0
2022-06-14,17,AR1 alpha + Enhanced + One-Step,NASDAQ:VCYT,0.0
2022-06-15,17,AR1 alpha + Enhanced + One-Step,NASDAQ:VCYT,0.0
2022-06-16,17,AR1 alpha + Enhanced + One-Step,NASDAQ:VCYT,0.0
2022-06-17,17,AR1 alpha + Enhanced + One-Step,NASDAQ:VCYT,1.079666009975533e-07
2022-06-21,17,AR1 alpha + Enhanced + One-Step,NASDAQ:VCYT,0.0
2022-06-22,17,AR1 alpha + Enhanced + One-Step,NASDAQ:VCYT,0.0
2022-06-23,17,AR1 alpha + Enhanced + One-Step,NASDAQ:VCYT,0.0
2022-06-24,17,AR1 alpha + Enhanced + One-Step,NASDAQ:VCYT,0.0
2022-06-27,17,AR1 alpha + Enhanced + One-Step,NASDAQ:VCYT,0.0
2022-06-28,17,AR1 alpha + Enhanced + One-Step,NASDAQ:VCYT,0.0
2022-06-29,17,AR1 alpha + Enhanced + One-Step,NASDAQ:VCYT,0.0
2022-06-30,17,AR1 alpha + Enhanced + One-Step,NASDAQ:VCYT,1.2830347407964152e-08
2022-07-01,17,AR1 alpha + Enhanced + One-Step,NASDAQ:VCYT,3.889028474140505e-08
2022-07-05,17,AR1 alpha + Enhanced + One-Step,NASDAQ:VCYT,7.136246193244528e-10
2022-07-06,17,AR1 alpha + Enhanced + One-Step,NASDAQ:VCYT,0.0
2022-07-07,17,AR1 alpha + Enhanced + One-Step,NASDAQ:VCYT,0.0
2022-07-08,17,AR1 alpha + Enhanced + One-Step,NASDAQ:VCYT,0.0
2022-07-11,17,AR1 alpha + Enhanced + One-Step,NASDAQ:VCYT,0.0
2022-07-12,17,AR1 alpha + Enhanced + One-Step,NASDAQ:VCYT,0.0
2022-07-13,17,AR1 alpha + Enhanced + One-Step,NASDAQ:VCYT,0.0
2022-07-14,17,AR1 alpha + Enhanced + One-Step,NASDAQ:VCYT,0.0
2022-07-15,17,AR1 alpha + Enhanced + One-Step,NASDAQ:VCYT,0.0
2022-07-18,17,AR1 alpha + Enhanced + One-Step,NASDAQ:VCYT,0.0
2022-07-19,17,AR1 alpha + Enhanced + One-Step,NASDAQ:VCYT,0.0
2022-07-20,17,AR1 alpha + Enhanced + One-Step,NASDAQ:VCYT,0.0
2022-07-21,17,AR1 alpha + Enhanced + One-Step,NASDAQ:VCYT,0.0
2022-07-22,17,AR1 alpha + Enhanced + One-Step,NASDAQ:VCYT,1.564027836195018e-08
2022-07-25,17,AR1 alpha + Enhanced + One-Step,NASDAQ:VCYT,1.6505021418914086e-07
2022-07-26,17,AR1 alpha + Enhanced + One-Step,NASDAQ:VCYT,3.783509326921416e-08
2022-07-27,17,AR1 alpha + Enhanced + One-Step,NASDAQ:VCYT,8.33341333984093e-09
2022-07-28,17,AR1 alpha + Enhanced + One-Step,NASDAQ:VCYT,2.7702745414897273e-08
2022-07-29,17,AR1 alpha + Enhanced + One-Step,NASDAQ:VCYT,3.5548326879732475e-08
2022-08-01,17,AR1 alpha + Enhanced + One-Step,NASDAQ:VCYT,7.81614130619779e-09
2022-08-02,17,AR1 alpha + Enhanced + One-Step,NASDAQ:VCYT,0.0
2022-08-03,17,AR1 alpha + Enhanced + One-Step,NASDAQ:VCYT,0.0
2022-08-04,17,AR1 alpha + Enhanced + One-Step,NASDAQ:VCYT,1.6295325244939828e-07
2022-08-05,17,AR1 alpha + Enhanced + One-Step,NASDAQ:VCYT,0.0
2022-08-08,17,AR1 alpha + Enhanced + One-Step,NASDAQ:VCYT,0.0
2022-08-09,17,AR1 alpha + Enhanced + One-Step,NASDAQ:VCYT,2.049128966523299e-07
2022-08-10,17,AR1 alpha + Enhanced + One-Step,NASDAQ:VCYT,0.0
2022-08-11,17,AR1 alpha + Enhanced + One-Step,NASDAQ:VCYT,0.0
2022-08-12,17,AR1 alpha + Enhanced + One-Step,NASDAQ:VCYT,5.116909755966373e-09
2022-08-15,17,AR1 alpha + Enhanced + One-Step,NASDAQ:VCYT,1.6902463854579826e-09
2022-08-16,17,AR1 alpha + Enhanced + One-Step,NASDAQ:VCYT,2.301847237326635e-08
2022-08-17,17,AR1 alpha + Enhanced + One-Step,NASDAQ:VCYT,5.216547840446956e-07
2022-08-18,17,AR1 alpha + Enhanced + One-Step,NASDAQ:VCYT,9.352152731555213e-08
2022-08-19,17,AR1 alpha + Enhanced + One-Step,NASDAQ:VCYT,0.0006968832917125091
2022-08-22,17,AR1 alpha + Enhanced + One-Step,NASDAQ:VCYT,0.0005890411830524837
2022-08-23,17,AR1 alpha + Enhanced + One-Step,NASDAQ:VCYT,0.0
2022-08-24,17,AR1 alpha + Enhanced + One-Step,NASDAQ:VCYT,0.0
2022-08-25,17,AR1 alpha + Enhanced + One-Step,NASDAQ:VCYT,0.0
2022-08-26,17,AR1 alpha + Enhanced + One-Step,NASDAQ:VCYT,0.0
2022-08-29,17,AR1 alpha + Enhanced + One-Step,NASDAQ:VCYT,1.7185099402163123e-09
2022-08-30,17,AR1 alpha + Enhanced + One-Step,NASDAQ:VCYT,0.0
2022-08-31,17,AR1 alpha + Enhanced + One-Step,NASDAQ:VCYT,0.0
2022-09-01,17,AR1 alpha + Enhanced + One-Step,NASDAQ:VCYT,1.4486652948348295e-07
2022-09-02,17,AR1 alpha + Enhanced + One-Step,NASDAQ:VCYT,6.000598521049959e-08
2022-09-06,17,AR1 alpha + Enhanced + One-Step,NASDAQ:VCYT,2.9237231045231364e-08
2022-09-07,17,AR1 alpha + Enhanced + One-Step,NASDAQ:VCYT,1.0757560838827102e-08
2022-09-08,17,AR1 alpha + Enhanced + One-Step,NASDAQ:VCYT,3.487779156835339e-08
2022-09-09,17,AR1 alpha + Enhanced + One-Step,NASDAQ:VCYT,1.336469349230791e-07
2022-09-12,17,AR1 alpha + Enhanced + One-Step,NASDAQ:VCYT,0.0
2022-09-13,17,AR1 alpha + Enhanced + One-Step,NASDAQ:VCYT,0.0
2022-09-14,17,AR1 alpha + Enhanced + One-Step,NASDAQ:VCYT,0.0
2022-09-15,17,AR1 alpha + Enhanced + One-Step,NASDAQ:VCYT,0.0
2022-09-16,17,AR1 alpha + Enhanced + One-Step,NASDAQ:VCYT,3.2824425405733166e-08
2022-09-19,17,AR1 alpha + Enhanced + One-Step,NASDAQ:VCYT,0.0
2022-09-20,17,AR1 alpha + Enhanced + One-Step,NASDAQ:VCYT,5.288312096918022e-08
2022-09-21,17,AR1 alpha + Enhanced + One-Step,NASDAQ:VCYT,0.0
2022-09-22,17,AR1 alpha + Enhanced + One-Step,NASDAQ:VCYT,0.0
2022-09-23,17,AR1 alpha + Enhanced + One-Step,NASDAQ:VCYT,7.584979405334704e-08
2022-09-26,17,AR1 alpha + Enhanced + One-Step,NASDAQ:VCYT,1.3279467890210663e-08
2022-09-27,17,AR1 alpha + Enhanced + One-Step,NASDAQ:VCYT,0.0
2022-09-28,17,AR1 alpha + Enhanced + One-Step,NASDAQ:VCYT,0.0
2022-09-29,17,AR1 alpha + Enhanced + One-Step,NASDAQ:VCYT,1.2084253038211417e-07
2022-09-30,17,AR1 alpha + Enhanced + One-Step,NASDAQ:VCYT,0.0
2022-10-03,17,AR1 alpha + Enhanced + One-Step,NASDAQ:VCYT,3.0012362932034167e-09
2022-10-04,17,AR1 alpha + Enhanced + One-Step,NASDAQ:VCYT,4.894668518148776e-08
2022-10-05,17,AR1 alpha + Enhanced + One-Step,NASDAQ:VCYT,0.0
2022-10-06,17,AR1 alpha + Enhanced + One-Step,NASDAQ:VCYT,0.0
2022-10-07,17,AR1 alpha + Enhanced + One-Step,NASDAQ:VCYT,4.6864561129505956e-08
2022-10-10,17,AR1 alpha + Enhanced + One-Step,NASDAQ:VCYT,0.0
2022-10-11,17,AR1 alpha + Enhanced + One-Step,NASDAQ:VCYT,0.0
2022-10-12,17,AR1 alpha + Enhanced + One-Step,NASDAQ:VCYT,0.0
2022-10-13,17,AR1 alpha + Enhanced + One-Step,NASDAQ:VCYT,4.60920493815173e-07
2022-10-14,17,AR1 alpha + Enhanced + One-Step,NASDAQ:VCYT,8.844840869024566e-08
2022-10-17,17,AR1 alpha + Enhanced + One-Step,NASDAQ:VCYT,0.0
2022-10-18,17,AR1 alpha + Enhanced + One-Step,NASDAQ:VCYT,0.0
2022-10-19,17,AR1 alpha + Enhanced + One-Step,NASDAQ:VCYT,0.0
2022-10-20,17,AR1 alpha + Enhanced + One-Step,NASDAQ:VCYT,5.846723321076051e-08
2022-10-21,17,AR1 alpha + Enhanced + One-Step,NASDAQ:VCYT,3.6348153548338135e-08
2022-10-24,17,AR1 alpha + Enhanced + One-Step,NASDAQ:VCYT,0.0
2022-10-25,17,AR1 alpha + Enhanced + One-Step,NASDAQ:VCYT,2.4687746751047543e-09
2022-10-26,17,AR1 alpha + Enhanced + One-Step,NASDAQ:VCYT,4.46428326819906e-08
2022-10-27,17,AR1 alpha + Enhanced + One-Step,NASDAQ:VCYT,0.0
2022-10-28,17,AR1 alpha + Enhanced + One-Step,NASDAQ:VCYT,0.0
2022-10-31,17,AR1 alpha + Enhanced + One-Step,NASDAQ:VCYT,0.0
2022-11-01,17,AR1 alpha + Enhanced + One-Step,NASDAQ:VCYT,0.0
2022-11-02,17,AR1 alpha + Enhanced + One-Step,NASDAQ:VCYT,3.280429646084006e-08
2022-11-03,17,AR1 alpha + Enhanced + One-Step,NASDAQ:VCYT,6.11706229389146e-07
2022-11-04,17,AR1 alpha + Enhanced + One-Step,NASDAQ:VCYT,5.021055074558388e-08
2022-11-07,17,AR1 alpha + Enhanced + One-Step,NASDAQ:VCYT,0.0
2022-11-08,17,AR1 alpha + Enhanced + One-Step,NASDAQ:VCYT,2.7729215137286318e-08
2022-11-09,17,AR1 alpha + Enhanced + One-Step,NASDAQ:VCYT,0.0
2022-11-10,17,AR1 alpha + Enhanced + One-Step,NASDAQ:VCYT,1.6058879872920173e-08
2022-11-11,17,AR1 alpha + Enhanced + One-Step,NASDAQ:VCYT,0.0
2022-11-14,17,AR1 alpha + Enhanced + One-Step,NASDAQ:VCYT,0.0
2022-11-15,17,AR1 alpha + Enhanced + One-Step,NASDAQ:VCYT,2.653192879955298e-09
2022-11-16,17,AR1 alpha + Enhanced + One-Step,NASDAQ:VCYT,1.8053994050657986e-09
2022-11-17,17,AR1 alpha + Enhanced + One-Step,NASDAQ:VCYT,0.0
2022-11-18,17,AR1 alpha + Enhanced + One-Step,NASDAQ:VCYT,1.5066864855522188e-08
2022-11-21,17,AR1 alpha + Enhanced + One-Step,NASDAQ:VCYT,0.0
2022-11-22,17,AR1 alpha + Enhanced + One-Step,NASDAQ:VCYT,1.2079753084552095e-07
2022-11-23,17,AR1 alpha + Enhanced + One-Step,NASDAQ:VCYT,1.3753348741954986e-07
2022-11-25,17,AR1 alpha + Enhanced + One-Step,NASDAQ:VCYT,8.458983814069663e-08
2022-11-28,17,AR1 alpha + Enhanced + One-Step,NASDAQ:VCYT,6.405812361668174e-08
2022-11-29,17,AR1 alpha + Enhanced + One-Step,NASDAQ:VCYT,2.442443167266911e-08
2022-11-30,17,AR1 alpha + Enhanced + One-Step,NASDAQ:VCYT,6.520319650182622e-09
2022-12-01,17,AR1 alpha + Enhanced + One-Step,NASDAQ:VCYT,0.0
2022-12-02,17,AR1 alpha + Enhanced + One-Step,NASDAQ:VCYT,0.0
2022-12-05,17,AR1 alpha + Enhanced + One-Step,NASDAQ:VCYT,0.0
2022-12-06,17,AR1 alpha + Enhanced + One-Step,NASDAQ:VCYT,0.0
2022-12-07,17,AR1 alpha + Enhanced + One-Step,NASDAQ:VCYT,0.0
2022-12-08,17,AR1 alpha + Enhanced + One-Step,NASDAQ:VCYT,0.0
2022-12-09,17,AR1 alpha + Enhanced + One-Step,NASDAQ:VCYT,0.0
2022-12-12,17,AR1 alpha + Enhanced + One-Step,NASDAQ:VCYT,0.0
2022-12-13,17,AR1 alpha + Enhanced + One-Step,NASDAQ:VCYT,0.0
2022-12-14,17,AR1 alpha + Enhanced + One-Step,NASDAQ:VCYT,0.0
2022-12-15,17,AR1 alpha + Enhanced + One-Step,NASDAQ:VCYT,0.0
2022-12-16,17,AR1 alpha + Enhanced + One-Step,NASDAQ:VCYT,0.0
2022-12-19,17,AR1 alpha + Enhanced + One-Step,NASDAQ:VCYT,0.0
2022-12-20,17,AR1 alpha + Enhanced + One-Step,NASDAQ:VCYT,0.0
2022-12-21,17,AR1 alpha + Enhanced + One-Step,NASDAQ:VCYT,1.982120278208197e-08
2022-12-22,17,AR1 alpha + Enhanced + One-Step,NASDAQ:VCYT,6.378479481559119e-09
2022-12-23,17,AR1 alpha + Enhanced + One-Step,NASDAQ:VCYT,2.5259699066496092e-08
2022-12-27,17,AR1 alpha + Enhanced + One-Step,NASDAQ:VCYT,1.6572088416095333e-08
2022-12-28,17,AR1 alpha + Enhanced + One-Step,NASDAQ:VCYT,6.792139344001421e-09
2022-12-29,17,AR1 alpha + Enhanced + One-Step,NASDAQ:VCYT,0.0
2022-12-30,17,AR1 alpha + Enhanced + One-Step,NASDAQ:VCYT,0.0
2023-01-03,17,AR1 alpha + Enhanced + One-Step,NASDAQ:VCYT,0.0
2023-01-04,17,AR1 alpha + Enhanced + One-Step,NASDAQ:VCYT,2.2374191565955466e-09
2023-01-05,17,AR1 alpha + Enhanced + One-Step,NASDAQ:VCYT,8.47427421669856e-08
2023-01-06,17,AR1 alpha + Enhanced + One-Step,NASDAQ:VCYT,0.0
2023-01-09,17,AR1 alpha + Enhanced + One-Step,NASDAQ:VCYT,0.0
2023-01-10,17,AR1 alpha + Enhanced + One-Step,NASDAQ:VCYT,2.6247106636546935e-07
2023-01-11,17,AR1 alpha + Enhanced + One-Step,NASDAQ:VCYT,0.0
2023-01-12,17,AR1 alpha + Enhanced + One-Step,NASDAQ:VCYT,0.0
2023-01-13,17,AR1 alpha + Enhanced + One-Step,NASDAQ:VCYT,0.0
2023-01-17,17,AR1 alpha + Enhanced + One-Step,NASDAQ:VCYT,0.0
2023-01-18,17,AR1 alpha + Enhanced + One-Step,NASDAQ:VCYT,1.1386764891443475e-07
2023-01-19,17,AR1 alpha + Enhanced + One-Step,NASDAQ:VCYT,3.8555322032827186e-08
2023-01-20,17,AR1 alpha + Enhanced + One-Step,NASDAQ:VCYT,1.747394263491691e-08
2023-01-23,17,AR1 alpha + Enhanced + One-Step,NASDAQ:VCYT,9.883577050660739e-08
2023-01-24,17,AR1 alpha + Enhanced + One-Step,NASDAQ:VCYT,1.5528899684108126e-08
2023-01-25,17,AR1 alpha + Enhanced + One-Step,NASDAQ:VCYT,1.5466703926194258e-08
2023-01-26,17,AR1 alpha + Enhanced + One-Step,NASDAQ:VCYT,0.0
2023-01-27,17,AR1 alpha + Enhanced + One-Step,NASDAQ:VCYT,0.0
2023-01-30,17,AR1 alpha + Enhanced + One-Step,NASDAQ:VCYT,1.0582522882869966e-07
2023-01-31,17,AR1 alpha + Enhanced + One-Step,NASDAQ:VCYT,6.611023270928719e-08
2023-02-01,17,AR1 alpha + Enhanced + One-Step,NASDAQ:VCYT,9.413098710309934e-08
2023-02-02,17,AR1 alpha + Enhanced + One-Step,NASDAQ:VCYT,2.8707492278131246e-07
2023-02-03,17,AR1 alpha + Enhanced + One-Step,NASDAQ:VCYT,1.020070942812757e-07
2023-02-06,17,AR1 alpha + Enhanced + One-Step,NASDAQ:VCYT,3.454298862142168e-07
2023-02-07,17,AR1 alpha + Enhanced + One-Step,NASDAQ:VCYT,6.521860297540558e-07
2023-02-08,17,AR1 alpha + Enhanced + One-Step,NASDAQ:VCYT,1.6873689594888943e-07
2023-02-09,17,AR1 alpha + Enhanced + One-Step,NASDAQ:VCYT,1.510867421002222e-08
2023-02-10,17,AR1 alpha + Enhanced + One-Step,NASDAQ:VCYT,0.0
2023-02-13,17,AR1 alpha + Enhanced + One-Step,NASDAQ:VCYT,2.8158045533407564e-08
2023-02-14,17,AR1 alpha + Enhanced + One-Step,NASDAQ:VCYT,1.7256308805185766e-08
2023-02-15,17,AR1 alpha + Enhanced + One-Step,NASDAQ:VCYT,0.0
2023-02-16,17,AR1 alpha + Enhanced + One-Step,NASDAQ:VCYT,0.0
2023-02-17,17,AR1 alpha + Enhanced + One-Step,NASDAQ:VCYT,0.0
2023-02-21,17,AR1 alpha + Enhanced + One-Step,NASDAQ:VCYT,0.0
2023-02-22,17,AR1 alpha + Enhanced + One-Step,NASDAQ:VCYT,0.0
2023-02-23,17,AR1 alpha + Enhanced + One-Step,NASDAQ:VCYT,0.0
2023-02-24,17,AR1 alpha + Enhanced + One-Step,NASDAQ:VCYT,3.578714144523973e-07
2023-02-27,17,AR1 alpha + Enhanced + One-Step,NASDAQ:VCYT,4.6739238498976676e-08
2023-02-28,17,AR1 alpha + Enhanced + One-Step,NASDAQ:VCYT,2.2554787003551724e-07
2023-03-01,17,AR1 alpha + Enhanced + One-Step,NASDAQ:VCYT,0.0
2023-03-02,17,AR1 alpha + Enhanced + One-Step,NASDAQ:VCYT,0.0
2023-03-03,17,AR1 alpha + Enhanced + One-Step,NASDAQ:VCYT,8.002210873763426e-08
2023-03-06,17,AR1 alpha + Enhanced + One-Step,NASDAQ:VCYT,1.8847297584501923e-08
2023-03-07,17,AR1 alpha + Enhanced + One-Step,NASDAQ:VCYT,3.762113007769236e-07
2023-03-08,17,AR1 alpha + Enhanced + One-Step,NASDAQ:VCYT,2.888987821389304e-07
2023-03-09,17,AR1 alpha + Enhanced + One-Step,NASDAQ:VCYT,0.0002726304786159542
2023-03-10,17,AR1 alpha + Enhanced + One-Step,NASDAQ:VCYT,7.246856062620816e-05
2023-03-13,17,AR1 alpha + Enhanced + One-Step,NASDAQ:VCYT,7.21929072211065e-05
2023-03-14,17,AR1 alpha + Enhanced + One-Step,NASDAQ:VCYT,7.162317422879413e-05
2023-03-15,17,AR1 alpha + Enhanced + One-Step,NASDAQ:VCYT,7.144436602275322e-05
2023-03-16,17,AR1 alpha + Enhanced + One-Step,NASDAQ:VCYT,7.148844892933752e-05
2023-03-17,17,AR1 alpha + Enhanced + One-Step,NASDAQ:VCYT,7.197828400792984e-05
2023-03-20,17,AR1 alpha + Enhanced + One-Step,NASDAQ:VCYT,7.202088551538513e-05
2023-03-21,17,AR1 alpha + Enhanced + One-Step,NASDAQ:VCYT,7.165060787260827e-05
2023-03-22,17,AR1 alpha + Enhanced + One-Step,NASDAQ:VCYT,7.165921872976177e-05
2023-03-23,17,AR1 alpha + Enhanced + One-Step,NASDAQ:VCYT,7.078894210538982e-05
2023-03-24,17,AR1 alpha + Enhanced + One-Step,NASDAQ:VCYT,7.117686839102736e-05
2023-03-27,17,AR1 alpha + Enhanced + One-Step,NASDAQ:VCYT,7.295309695152289e-05
2023-03-28,17,AR1 alpha + Enhanced + One-Step,NASDAQ:VCYT,7.293321219494396e-05
2023-03-29,17,AR1 alpha + Enhanced + One-Step,NASDAQ:VCYT,7.296094101054075e-05
2023-03-30,17,AR1 alpha + Enhanced + One-Step,NASDAQ:VCYT,7.295448143924384e-05
2023-03-31,17,AR1 alpha + Enhanced + One-Step,NASDAQ:VCYT,0.0
2023-04-03,17,AR1 alpha + Enhanced + One-Step,NASDAQ:VCYT,0.0
2023-04-04,17,AR1 alpha + Enhanced + One-Step,NASDAQ:VCYT,0.0
2023-04-05,17,AR1 alpha + Enhanced + One-Step,NASDAQ:VCYT,0.0
2023-04-06,17,AR1 alpha + Enhanced + One-Step,NASDAQ:VCYT,1.42960750222819e-07
2023-04-10,17,AR1 alpha + Enhanced + One-Step,NASDAQ:VCYT,3.5122063248636114e-07
2023-04-11,17,AR1 alpha + Enhanced + One-Step,NASDAQ:VCYT,9.33916320469493e-08
2023-04-12,17,AR1 alpha + Enhanced + One-Step,NASDAQ:VCYT,4.513482308248381e-08
2023-04-13,17,AR1 alpha + Enhanced + One-Step,NASDAQ:VCYT,0.0
2023-04-14,17,AR1 alpha + Enhanced + One-Step,NASDAQ:VCYT,6.930559037662336e-08
2023-04-17,17,AR1 alpha + Enhanced + One-Step,NASDAQ:VCYT,4.067125279834962e-08
2023-04-18,17,AR1 alpha + Enhanced + One-Step,NASDAQ:VCYT,3.2936757355696825e-10
2023-04-19,17,AR1 alpha + Enhanced + One-Step,NASDAQ:VCYT,0.0
2023-04-20,17,AR1 alpha + Enhanced + One-Step,NASDAQ:VCYT,6.5816561975440365e-09
2023-04-21,17,AR1 alpha + Enhanced + One-Step,NASDAQ:VCYT,2.3418131334206667e-08
2023-04-24,17,AR1 alpha + Enhanced + One-Step,NASDAQ:VCYT,0.0
2023-04-25,17,AR1 alpha + Enhanced + One-Step,NASDAQ:VCYT,0.006909185708551102
2023-04-26,17,AR1 alpha + Enhanced + One-Step,NASDAQ:VCYT,0.006909003801557905
2023-04-27,17,AR1 alpha + Enhanced + One-Step,NASDAQ:VCYT,0.006908731641587622
2023-04-28,17,AR1 alpha + Enhanced + One-Step,NASDAQ:VCYT,0.006909073922755454
2023-05-01,17,AR1 alpha + Enhanced + One-Step,NASDAQ:VCYT,0.006908945276652827
2023-05-02,17,AR1 alpha + Enhanced + One-Step,NASDAQ:VCYT,0.006909085877379764
2023-05-03,17,AR1 alpha + Enhanced + One-Step,NASDAQ:VCYT,0.006908771181476003
2023-05-04,17,AR1 alpha + Enhanced + One-Step,NASDAQ:VCYT,0.006183913163397897
2023-05-05,17,AR1 alpha + Enhanced + One-Step,NASDAQ:VCYT,3.1304941649659126e-09
2023-05-08,17,AR1 alpha + Enhanced + One-Step,NASDAQ:VCYT,0.0
2023-05-09,17,AR1 alpha + Enhanced + One-Step,NASDAQ:VCYT,0.0
2023-05-10,17,AR1 alpha + Enhanced + One-Step,NASDAQ:VCYT,9.684502819272208e-08
2023-05-11,17,AR1 alpha + Enhanced + One-Step,NASDAQ:VCYT,6.2703870420554e-08
2023-05-12,17,AR1 alpha + Enhanced + One-Step,NASDAQ:VCYT,3.505736138466816e-08
2023-05-15,17,AR1 alpha + Enhanced + One-Step,NASDAQ:VCYT,0.0
2023-05-16,17,AR1 alpha + Enhanced + One-Step,NASDAQ:VCYT,7.451928682756033e-08
2023-05-17,17,AR1 alpha + Enhanced + One-Step,NASDAQ:VCYT,4.2163831439151016e-08
2023-05-18,17,AR1 alpha + Enhanced + One-Step,NASDAQ:VCYT,0.005641649719084947
2023-05-19,17,AR1 alpha + Enhanced + One-Step,NASDAQ:VCYT,0.007641286869455649
2023-05-22,17,AR1 alpha + Enhanced + One-Step,NASDAQ:VCYT,0.007641289643972075
2023-05-23,17,AR1 alpha + Enhanced + One-Step,NASDAQ:VCYT,0.007639633402811365
2023-05-24,17,AR1 alpha + Enhanced + One-Step,NASDAQ:VCYT,0.010408223015593071
2023-05-25,17,AR1 alpha + Enhanced + One-Step,NASDAQ:VCYT,0.010407973259969304
2023-05-26,17,AR1 alpha + Enhanced + One-Step,NASDAQ:VCYT,0.010407923673147738
2023-05-30,17,AR1 alpha + Enhanced + One-Step,NASDAQ:VCYT,0.010407871928901491
2023-05-31,17,AR1 alpha + Enhanced + One-Step,NASDAQ:VCYT,0.015116541281119519
2023-06-01,17,AR1 alpha + Enhanced + One-Step,NASDAQ:VCYT,0.029020262185161384
2023-06-02,17,AR1 alpha + Enhanced + One-Step,NASDAQ:VCYT,0.032784761444687865
2023-06-05,17,AR1 alpha + Enhanced + One-Step,NASDAQ:VCYT,0.03666563137457701
2023-06-06,17,AR1 alpha + Enhanced + One-Step,NASDAQ:VCYT,0.03666794968544738
2023-06-07,17,AR1 alpha + Enhanced + One-Step,NASDAQ:VCYT,0.036667749351049904
2023-06-08,17,AR1 alpha + Enhanced + One-Step,NASDAQ:VCYT,0.036667567282211544
2023-06-09,17,AR1 alpha + Enhanced + One-Step,NASDAQ:VCYT,0.03666681841139877
2023-06-12,17,AR1 alpha + Enhanced + One-Step,NASDAQ:VCYT,0.03502737343718892
2023-06-13,17,AR1 alpha + Enhanced + One-Step,NASDAQ:VCYT,0.030537298210107283
2023-06-14,17,AR1 alpha + Enhanced + One-Step,NASDAQ:VCYT,0.03053734730379717
2023-06-15,17,AR1 alpha + Enhanced + One-Step,NASDAQ:VCYT,0.03053672488902755
2023-06-16,17,AR1 alpha + Enhanced + One-Step,NASDAQ:VCYT,0.030536157229950345
2023-06-20,17,AR1 alpha + Enhanced + One-Step,NASDAQ:VCYT,0.024334135932248792
2023-06-21,17,AR1 alpha + Enhanced + One-Step,NASDAQ:VCYT,0.02433389315141714
2023-06-22,17,AR1 alpha + Enhanced + One-Step,NASDAQ:VCYT,0.014739969866404103
2023-06-23,17,AR1 alpha + Enhanced + One-Step,NASDAQ:VCYT,0.010763512442945395
2023-06-26,17,AR1 alpha + Enhanced + One-Step,NASDAQ:VCYT,0.009272408938345671
2023-06-27,17,AR1 alpha + Enhanced + One-Step,NASDAQ:VCYT,0.006289008867913009
2023-06-28,17,AR1 alpha + Enhanced + One-Step,NASDAQ:VCYT,0.005533246412543357
2023-06-29,17,AR1 alpha + Enhanced + One-Step,NASDAQ:VCYT,0.0013963223671432721
2023-06-30,17,AR1 alpha + Enhanced + One-Step,NASDAQ:VCYT,0.0013962955850571979
2023-07-03,17,AR1 alpha + Enhanced + One-Step,NASDAQ:VCYT,0.0035930220996644524
2023-07-05,17,AR1 alpha + Enhanced + One-Step,NASDAQ:VCYT,0.009896151403693484
2023-07-06,17,AR1 alpha + Enhanced + One-Step,NASDAQ:VCYT,0.011357106112762185
2023-07-07,17,AR1 alpha + Enhanced + One-Step,NASDAQ:VCYT,0.004007187204925238
2023-07-10,17,AR1 alpha + Enhanced + One-Step,NASDAQ:VCYT,2.5526727095454e-07
2023-07-11,17,AR1 alpha + Enhanced + One-Step,NASDAQ:VCYT,0.0
2023-07-12,17,AR1 alpha + Enhanced + One-Step,NASDAQ:VCYT,4.2099889273011306e-08
2023-07-13,17,AR1 alpha + Enhanced + One-Step,NASDAQ:VCYT,0.0
2023-07-14,17,AR1 alpha + Enhanced + One-Step,NASDAQ:VCYT,0.0
2023-07-17,17,AR1 alpha + Enhanced + One-Step,NASDAQ:VCYT,0.0
2023-07-18,17,AR1 alpha + Enhanced + One-Step,NASDAQ:VCYT,1.8751731957605296e-07
2023-07-19,17,AR1 alpha + Enhanced + One-Step,NASDAQ:VCYT,0.0
2023-07-20,17,AR1 alpha + Enhanced + One-Step,NASDAQ:VCYT,0.0
2023-07-21,17,AR1 alpha + Enhanced + One-Step,NASDAQ:VCYT,0.0
2023-07-24,17,AR1 alpha + Enhanced + One-Step,NASDAQ:VCYT,0.0
2023-07-25,17,AR1 alpha + Enhanced + One-Step,NASDAQ:VCYT,0.0
2023-07-26,17,AR1 alpha + Enhanced + One-Step,NASDAQ:VCYT,0.0
2023-07-27,17,AR1 alpha + Enhanced + One-Step,NASDAQ:VCYT,0.0
2023-08-01,17,AR1 alpha + Enhanced + One-Step,NASDAQ:VCYT,0.0
2023-08-02,17,AR1 alpha + Enhanced + One-Step,NASDAQ:VCYT,0.0
2023-08-03,17,AR1 alpha + Enhanced + One-Step,NASDAQ:VCYT,4.376648383986888e-08
2023-08-04,17,AR1 alpha + Enhanced + One-Step,NASDAQ:VCYT,1.1459628394987899e-06
2023-08-07,17,AR1 alpha + Enhanced + One-Step,NASDAQ:VCYT,3.455297262609565e-07
2023-08-08,17,AR1 alpha + Enhanced + One-Step,NASDAQ:VCYT,8.427356787178691e-08
2023-08-09,17,AR1 alpha + Enhanced + One-Step,NASDAQ:VCYT,0.0
2023-08-10,17,AR1 alpha + Enhanced + One-Step,NASDAQ:VCYT,1.0851138088820034e-08
2023-08-11,17,AR1 alpha + Enhanced + One-Step,NASDAQ:VCYT,0.0
2023-08-14,17,AR1 alpha + Enhanced + One-Step,NASDAQ:VCYT,0.0
2023-08-15,17,AR1 alpha + Enhanced + One-Step,NASDAQ:VCYT,6.25004167046164e-08
2023-08-16,17,AR1 alpha + Enhanced + One-Step,NASDAQ:VCYT,5.909051849530002e-08
2023-08-17,17,AR1 alpha + Enhanced + One-Step,NASDAQ:VCYT,9.212395340393135e-08
2023-08-18,17,AR1 alpha + Enhanced + One-Step,NASDAQ:VCYT,0.0
2023-08-21,17,AR1 alpha + Enhanced + One-Step,NASDAQ:VCYT,0.0
2023-08-22,17,AR1 alpha + Enhanced + One-Step,NASDAQ:VCYT,0.0
2023-08-23,17,AR1 alpha + Enhanced + One-Step,NASDAQ:VCYT,0.0
2023-08-24,17,AR1 alpha + Enhanced + One-Step,NASDAQ:VCYT,0.0
2023-08-25,17,AR1 alpha + Enhanced + One-Step,NASDAQ:VCYT,1.4741326332555235e-09
2023-08-28,17,AR1 alpha + Enhanced + One-Step,NASDAQ:VCYT,1.0395523168968463e-08
2023-08-29,17,AR1 alpha + Enhanced + One-Step,NASDAQ:VCYT,2.620280053176974e-08
2023-08-30,17,AR1 alpha + Enhanced + One-Step,NASDAQ:VCYT,8.002672510672578e-08
2023-08-31,17,AR1 alpha + Enhanced + One-Step,NASDAQ:VCYT,9.008601886165912e-08
2023-09-01,17,AR1 alpha + Enhanced + One-Step,NASDAQ:VCYT,4.4025194334211846e-08
2023-09-05,17,AR1 alpha + Enhanced + One-Step,NASDAQ:VCYT,0.0
2023-09-06,17,AR1 alpha + Enhanced + One-Step,NASDAQ:VCYT,0.0
2023-09-07,17,AR1 alpha + Enhanced + One-Step,NASDAQ:VCYT,2.0644451492397833e-09
2023-09-08,17,AR1 alpha + Enhanced + One-Step,NASDAQ:VCYT,0.002471602373292108
2023-09-11,17,AR1 alpha + Enhanced + One-Step,NASDAQ:VCYT,4.5396029995413755e-08
2023-09-12,17,AR1 alpha + Enhanced + One-Step,NASDAQ:VCYT,8.26730062918404e-08
2023-09-13,17,AR1 alpha + Enhanced + One-Step,NASDAQ:VCYT,5.259160120311664e-09
2023-09-14,17,AR1 alpha + Enhanced + One-Step,NASDAQ:VCYT,2.0107547189873577e-08
2023-09-15,17,AR1 alpha + Enhanced + One-Step,NASDAQ:VCYT,7.404643690840851e-08
2023-09-18,17,AR1 alpha + Enhanced + One-Step,NASDAQ:VCYT,0.004600304108129747
2023-09-19,17,AR1 alpha + Enhanced + One-Step,NASDAQ:VCYT,0.005960743611205224
2023-09-20,17,AR1 alpha + Enhanced + One-Step,NASDAQ:VCYT,0.01393319268758012
2023-09-21,17,AR1 alpha + Enhanced + One-Step,NASDAQ:VCYT,0.014486303849090136
2023-09-22,17,AR1 alpha + Enhanced + One-Step,NASDAQ:VCYT,0.015057284394589188
2023-09-25,17,AR1 alpha + Enhanced + One-Step,NASDAQ:VCYT,0.01505667960224557
2023-09-26,17,AR1 alpha + Enhanced + One-Step,NASDAQ:VCYT,0.010941559706960664
2023-09-27,17,AR1 alpha + Enhanced + One-Step,NASDAQ:VCYT,0.010941558716410539
2023-09-28,17,AR1 alpha + Enhanced + One-Step,NASDAQ:VCYT,0.008914837542951288
2023-09-29,17,AR1 alpha + Enhanced + One-Step,NASDAQ:VCYT,0.00891484297803398
2023-10-02,17,AR1 alpha + Enhanced + One-Step,NASDAQ:VCYT,0.008914797199806552
2023-10-03,17,AR1 alpha + Enhanced + One-Step,NASDAQ:VCYT,0.008914380946879664
2023-10-04,17,AR1 alpha + Enhanced + One-Step,NASDAQ:VCYT,0.008912672648693722
2023-10-05,17,AR1 alpha + Enhanced + One-Step,NASDAQ:VCYT,0.008912604502370466
2023-10-06,17,AR1 alpha + Enhanced + One-Step,NASDAQ:VCYT,0.00891256162002477
2023-10-09,17,AR1 alpha + Enhanced + One-Step,NASDAQ:VCYT,0.006543569172808382
2023-10-10,17,AR1 alpha + Enhanced + One-Step,NASDAQ:VCYT,0.001984453256828135
2023-10-11,17,AR1 alpha + Enhanced + One-Step,NASDAQ:VCYT,0.008540146943708232
2023-10-12,17,AR1 alpha + Enhanced + One-Step,NASDAQ:VCYT,0.0161810467632416
2023-10-13,17,AR1 alpha + Enhanced + One-Step,NASDAQ:VCYT,0.016181082671520745
2023-10-16,17,AR1 alpha + Enhanced + One-Step,NASDAQ:VCYT,0.01672005105370024
2023-10-17,17,AR1 alpha + Enhanced + One-Step,NASDAQ:VCYT,0.01671953251789488
2023-10-18,17,AR1 alpha + Enhanced + One-Step,NASDAQ:VCYT,0.016719720281198502
2023-10-19,17,AR1 alpha + Enhanced + One-Step,NASDAQ:VCYT,0.015739353601885085
2023-10-20,17,AR1 alpha + Enhanced + One-Step,NASDAQ:VCYT,0.010088265652853177
2023-10-23,17,AR1 alpha + Enhanced + One-Step,NASDAQ:VCYT,0.01008795148666634
2023-10-24,17,AR1 alpha + Enhanced + One-Step,NASDAQ:VCYT,0.0032910526468584622
2023-10-25,17,AR1 alpha + Enhanced + One-Step,NASDAQ:VCYT,0.02243995453792659
2023-10-26,17,AR1 alpha + Enhanced + One-Step,NASDAQ:VCYT,0.022439950880914467
2023-10-27,17,AR1 alpha + Enhanced + One-Step,NASDAQ:VCYT,0.026965304165429423
2023-10-30,17,AR1 alpha + Enhanced + One-Step,NASDAQ:VCYT,0.023799600230621686
2023-10-31,17,AR1 alpha + Enhanced + One-Step,NASDAQ:VCYT,0.023799771140362844
2023-11-01,17,AR1 alpha + Enhanced + One-Step,NASDAQ:VCYT,0.010880871217337532
2023-11-02,17,AR1 alpha + Enhanced + One-Step,NASDAQ:VCYT,0.010882946903901989
2023-11-03,17,AR1 alpha + Enhanced + One-Step,NASDAQ:VCYT,2.187031425714662e-08
2023-11-06,17,AR1 alpha + Enhanced + One-Step,NASDAQ:VCYT,3.8274339793763635e-08
2023-11-07,17,AR1 alpha + Enhanced + One-Step,NASDAQ:VCYT,0.0
2023-11-08,17,AR1 alpha + Enhanced + One-Step,NASDAQ:VCYT,4.478925018998537e-09
2023-11-09,17,AR1 alpha + Enhanced + One-Step,NASDAQ:VCYT,0.0
2023-11-10,17,AR1 alpha + Enhanced + One-Step,NASDAQ:VCYT,0.0
2023-11-13,17,AR1 alpha + Enhanced + One-Step,NASDAQ:VCYT,0.0
2023-11-14,17,AR1 alpha + Enhanced + One-Step,NASDAQ:VCYT,3.7547152648221193e-07
2023-11-15,17,AR1 alpha + Enhanced + One-Step,NASDAQ:VCYT,1.7466242699817313e-07
2023-11-16,17,AR1 alpha + Enhanced + One-Step,NASDAQ:VCYT,0.0
2023-11-17,17,AR1 alpha + Enhanced + One-Step,NASDAQ:VCYT,0.0
2023-11-20,17,AR1 alpha + Enhanced + One-Step,NASDAQ:VCYT,4.537998216719177e-08
2023-11-21,17,AR1 alpha + Enhanced + One-Step,NASDAQ:VCYT,5.411613955489455e-08
2023-11-22,17,AR1 alpha + Enhanced + One-Step,NASDAQ:VCYT,8.110641457404791e-09
2023-11-24,17,AR1 alpha + Enhanced + One-Step,NASDAQ:VCYT,3.434314623327049e-09
2023-11-27,17,AR1 alpha + Enhanced + One-Step,NASDAQ:VCYT,0.0
2023-11-28,17,AR1 alpha + Enhanced + One-Step,NASDAQ:VCYT,5.00998379659635e-08
2023-11-29,17,AR1 alpha + Enhanced + One-Step,NASDAQ:VCYT,0.0
2023-11-30,17,AR1 alpha + Enhanced + One-Step,NASDAQ:VCYT,0.0
2023-12-01,17,AR1 alpha + Enhanced + One-Step,NASDAQ:VCYT,0.0
2023-12-04,17,AR1 alpha + Enhanced + One-Step,NASDAQ:VCYT,0.0
2023-12-05,17,AR1 alpha + Enhanced + One-Step,NASDAQ:VCYT,0.0
2023-12-06,17,AR1 alpha + Enhanced + One-Step,NASDAQ:VCYT,1.5383870891511037e-08
2023-12-07,17,AR1 alpha + Enhanced + One-Step,NASDAQ:VCYT,7.541510874844412e-09
2023-12-08,17,AR1 alpha + Enhanced + One-Step,NASDAQ:VCYT,0.0
2023-12-11,17,AR1 alpha + Enhanced + One-Step,NASDAQ:VCYT,0.0
2023-12-12,17,AR1 alpha + Enhanced + One-Step,NASDAQ:VCYT,0.0
2023-12-13,17,AR1 alpha + Enhanced + One-Step,NASDAQ:VCYT,5.604440724979802e-07
2023-12-14,17,AR1 alpha + Enhanced + One-Step,NASDAQ:VCYT,1.7660734879743862e-07
2023-12-15,17,AR1 alpha + Enhanced + One-Step,NASDAQ:VCYT,0.0
2023-12-18,17,AR1 alpha + Enhanced + One-Step,NASDAQ:VCYT,0.0
2023-12-19,17,AR1 alpha + Enhanced + One-Step,NASDAQ:VCYT,0.0
2023-12-20,17,AR1 alpha + Enhanced + One-Step,NASDAQ:VCYT,8.810982064272795e-07
2023-12-21,17,AR1 alpha + Enhanced + One-Step,NASDAQ:VCYT,3.28525659064893e-07
2023-12-22,17,AR1 alpha + Enhanced + One-Step,NASDAQ:VCYT,1.8635875470321243e-07
2023-12-26,17,AR1 alpha + Enhanced + One-Step,NASDAQ:VCYT,0.0
2023-12-27,17,AR1 alpha + Enhanced + One-Step,NASDAQ:VCYT,0.0
2023-12-28,17,AR1 alpha + Enhanced + One-Step,NASDAQ:VCYT,5.564358783500842e-10
2023-12-29,17,AR1 alpha + Enhanced + One-Step,NASDAQ:VCYT,1.525158964455547e-07
2024-01-02,17,AR1 alpha + Enhanced + One-Step,NASDAQ:VCYT,0.0
2024-01-03,17,AR1 alpha + Enhanced + One-Step,NASDAQ:VCYT,0.0
2024-01-04,17,AR1 alpha + Enhanced + One-Step,NASDAQ:VCYT,0.0
2024-01-05,17,AR1 alpha + Enhanced + One-Step,NASDAQ:VCYT,1.5937870312356503e-07
2024-01-08,17,AR1 alpha + Enhanced + One-Step,NASDAQ:VCYT,3.9033862331562297e-07
2024-01-09,17,AR1 alpha + Enhanced + One-Step,NASDAQ:VCYT,0.0
2024-01-10,17,AR1 alpha + Enhanced + One-Step,NASDAQ:VCYT,0.0
2024-01-11,17,AR1 alpha + Enhanced + One-Step,NASDAQ:VCYT,0.0
2024-01-12,17,AR1 alpha + Enhanced + One-Step,NASDAQ:VCYT,2.0327726944179424e-08
2024-01-16,17,AR1 alpha + Enhanced + One-Step,NASDAQ:VCYT,0.0
2024-01-17,17,AR1 alpha + Enhanced + One-Step,NASDAQ:VCYT,1.7584425909584123e-07
2024-01-18,17,AR1 alpha + Enhanced + One-Step,NASDAQ:VCYT,9.364052055376038e-09
2024-01-19,17,AR1 alpha + Enhanced + One-Step,NASDAQ:VCYT,0.0
2024-01-22,17,AR1 alpha + Enhanced + One-Step,NASDAQ:VCYT,0.0
2024-01-23,17,AR1 alpha + Enhanced + One-Step,NASDAQ:VCYT,0.0
2024-01-24,17,AR1 alpha + Enhanced + One-Step,NASDAQ:VCYT,0.0
2024-01-25,17,AR1 alpha + Enhanced + One-Step,NASDAQ:VCYT,0.0
2024-01-26,17,AR1 alpha + Enhanced + One-Step,NASDAQ:VCYT,0.0
2024-01-29,17,AR1 alpha + Enhanced + One-Step,NASDAQ:VCYT,0.0
2024-01-30,17,AR1 alpha + Enhanced + One-Step,NASDAQ:VCYT,0.0
2024-01-31,17,AR1 alpha + Enhanced + One-Step,NASDAQ:VCYT,5.555729726594614e-08
2024-02-01,17,AR1 alpha + Enhanced + One-Step,NASDAQ:VCYT,1.8019318845114182e-07
2024-02-02,17,AR1 alpha + Enhanced + One-Step,NASDAQ:VCYT,4.076191836091239e-07
2024-02-05,17,AR1 alpha + Enhanced + One-Step,NASDAQ:VCYT,2.249784613988639e-07
2024-02-06,17,AR1 alpha + Enhanced + One-Step,NASDAQ:VCYT,9.741833669162702e-10
2024-02-07,17,AR1 alpha + Enhanced + One-Step,NASDAQ:VCYT,0.0
2024-02-08,17,AR1 alpha + Enhanced + One-Step,NASDAQ:VCYT,0.0
2024-02-09,17,AR1 alpha + Enhanced + One-Step,NASDAQ:VCYT,0.0
2024-02-12,17,AR1 alpha + Enhanced + One-Step,NASDAQ:VCYT,0.0
2024-02-13,17,AR1 alpha + Enhanced + One-Step,NASDAQ:VCYT,0.0
2024-02-14,17,AR1 alpha + Enhanced + One-Step,NASDAQ:VCYT,2.3096994579726775e-07
2024-02-15,17,AR1 alpha + Enhanced + One-Step,NASDAQ:VCYT,9.967176878865541e-09
2024-02-16,17,AR1 alpha + Enhanced + One-Step,NASDAQ:VCYT,2.17124590429307e-07
2024-02-20,17,AR1 alpha + Enhanced + One-Step,NASDAQ:VCYT,2.242279128257825e-07
2024-02-21,17,AR1 alpha + Enhanced + One-Step,NASDAQ:VCYT,0.0
2024-02-22,17,AR1 alpha + Enhanced + One-Step,NASDAQ:VCYT,0.0
2024-02-23,17,AR1 alpha + Enhanced + One-Step,NASDAQ:VCYT,0.024929257143301634
2024-02-26,17,AR1 alpha + Enhanced + One-Step,NASDAQ:VCYT,0.006540209049065556
2024-02-27,17,AR1 alpha + Enhanced + One-Step,NASDAQ:VCYT,0.0
2024-02-28,17,AR1 alpha + Enhanced + One-Step,NASDAQ:VCYT,0.0
2024-02-29,17,AR1 alpha + Enhanced + One-Step,NASDAQ:VCYT,0.0
2024-03-01,17,AR1 alpha + Enhanced + One-Step,NASDAQ:VCYT,0.0
2024-03-04,17,AR1 alpha + Enhanced + One-Step,NASDAQ:VCYT,0.0
2024-03-05,17,AR1 alpha + Enhanced + One-Step,NASDAQ:VCYT,0.0
2024-03-06,17,AR1 alpha + Enhanced + One-Step,NASDAQ:VCYT,0.0
2024-03-07,17,AR1 alpha + Enhanced + One-Step,NASDAQ:VCYT,0.0
2024-03-08,17,AR1 alpha + Enhanced + One-Step,NASDAQ:VCYT,0.0
2024-03-11,17,AR1 alpha + Enhanced + One-Step,NASDAQ:VCYT,0.0
2024-03-12,17,AR1 alpha + Enhanced + One-Step,NASDAQ:VCYT,0.0
2024-03-13,17,AR1 alpha + Enhanced + One-Step,NASDAQ:VCYT,0.0
2024-03-14,17,AR1 alpha + Enhanced + One-Step,NASDAQ:VCYT,0.0
2024-03-15,17,AR1 alpha + Enhanced + One-Step,NASDAQ:VCYT,8.595184336214239e-08
2024-03-18,17,AR1 alpha + Enhanced + One-Step,NASDAQ:VCYT,0.0
2024-03-19,17,AR1 alpha + Enhanced + One-Step,NASDAQ:VCYT,0.0
2024-03-20,17,AR1 alpha + Enhanced + One-Step,NASDAQ:VCYT,0.0
2024-03-21,17,AR1 alpha + Enhanced + One-Step,NASDAQ:VCYT,0.0
2024-03-22,17,AR1 alpha + Enhanced + One-Step,NASDAQ:VCYT,0.0
2024-03-25,17,AR1 alpha + Enhanced + One-Step,NASDAQ:VCYT,0.0
2024-03-26,17,AR1 alpha + Enhanced + One-Step,NASDAQ:VCYT,0.0
2024-03-27,17,AR1 alpha + Enhanced + One-Step,NASDAQ:VCYT,0.0
2024-03-28,17,AR1 alpha + Enhanced + One-Step,NASDAQ:VCYT,1.1500035513894134e-07
2024-04-01,17,AR1 alpha + Enhanced + One-Step,NASDAQ:VCYT,1.3029952292720968e-07
2024-04-02,17,AR1 alpha + Enhanced + One-Step,NASDAQ:VCYT,0.0
2024-04-03,17,AR1 alpha + Enhanced + One-Step,NASDAQ:VCYT,0.0
2024-04-04,17,AR1 alpha + Enhanced + One-Step,NASDAQ:VCYT,0.0
2024-04-05,17,AR1 alpha + Enhanced + One-Step,NASDAQ:VCYT,0.0
2024-04-08,17,AR1 alpha + Enhanced + One-Step,NASDAQ:VCYT,8.903189021884262e-08
2024-04-09,17,AR1 alpha + Enhanced + One-Step,NASDAQ:VCYT,0.0
2024-04-10,17,AR1 alpha + Enhanced + One-Step,NASDAQ:VCYT,0.0
2024-04-11,17,AR1 alpha + Enhanced + One-Step,NASDAQ:VCYT,0.0
2024-04-12,17,AR1 alpha + Enhanced + One-Step,NASDAQ:VCYT,0.0
2024-04-15,17,AR1 alpha + Enhanced + One-Step,NASDAQ:VCYT,0.0
2024-04-16,17,AR1 alpha + Enhanced + One-Step,NASDAQ:VCYT,0.0
2024-04-17,17,AR1 alpha + Enhanced + One-Step,NASDAQ:VCYT,7.275653425967801e-08
2024-04-18,17,AR1 alpha + Enhanced + One-Step,NASDAQ:VCYT,0.0
2024-04-19,17,AR1 alpha + Enhanced + One-Step,NASDAQ:VCYT,0.0
2020-03-25,17,AR1 alpha + Enhanced + One-Step,NYSE:EVRI,0.020000000000007227
2020-03-26,17,AR1 alpha + Enhanced + One-Step,NYSE:EVRI,0.02000000000001305
2020-03-27,17,AR1 alpha + Enhanced + One-Step,NYSE:EVRI,0.04499934279047283
2020-03-30,17,AR1 alpha + Enhanced + One-Step,NYSE:EVRI,0.044999854122503444
2020-03-31,17,AR1 alpha + Enhanced + One-Step,NYSE:EVRI,0.044999570753805986
2020-04-01,17,AR1 alpha + Enhanced + One-Step,NYSE:EVRI,0.04499946650255451
2020-04-02,17,AR1 alpha + Enhanced + One-Step,NYSE:EVRI,0.04499967918318898
2020-04-03,17,AR1 alpha + Enhanced + One-Step,NYSE:EVRI,0.045000302434193305
2020-04-06,17,AR1 alpha + Enhanced + One-Step,NYSE:EVRI,0.01999158964685188
2020-04-07,17,AR1 alpha + Enhanced + One-Step,NYSE:EVRI,0.0
2020-04-08,17,AR1 alpha + Enhanced + One-Step,NYSE:EVRI,3.1384356053940626e-08
2020-04-09,17,AR1 alpha + Enhanced + One-Step,NYSE:EVRI,0.0
2020-04-13,17,AR1 alpha + Enhanced + One-Step,NYSE:EVRI,8.185863364070052e-08
2020-04-14,17,AR1 alpha + Enhanced + One-Step,NYSE:EVRI,3.971720124243716e-08
2020-04-15,17,AR1 alpha + Enhanced + One-Step,NYSE:EVRI,9.297914741465085e-08
2020-04-16,17,AR1 alpha + Enhanced + One-Step,NYSE:EVRI,5.230157547530186e-08
2020-04-17,17,AR1 alpha + Enhanced + One-Step,NYSE:EVRI,8.136440514058079e-09
2020-04-20,17,AR1 alpha + Enhanced + One-Step,NYSE:EVRI,0.0
2020-04-21,17,AR1 alpha + Enhanced + One-Step,NYSE:EVRI,9.971808040956175e-09
2020-04-22,17,AR1 alpha + Enhanced + One-Step,NYSE:EVRI,1.5033065866167263e-08
2020-04-23,17,AR1 alpha + Enhanced + One-Step,NYSE:EVRI,0.0
2020-04-24,17,AR1 alpha + Enhanced + One-Step,NYSE:EVRI,4.3223012810765435e-09
2020-04-27,17,AR1 alpha + Enhanced + One-Step,NYSE:EVRI,2.4646504164008906e-10
2020-04-28,17,AR1 alpha + Enhanced + One-Step,NYSE:EVRI,0.0
2020-04-29,17,AR1 alpha + Enhanced + One-Step,NYSE:EVRI,2.086712070710508e-10
2020-04-30,17,AR1 alpha + Enhanced + One-Step,NYSE:EVRI,0.0
2020-05-01,17,AR1 alpha + Enhanced + One-Step,NYSE:EVRI,0.0
2020-05-04,17,AR1 alpha + Enhanced + One-Step,NYSE:EVRI,2.2563916496567316e-09
2020-05-05,17,AR1 alpha + Enhanced + One-Step,NYSE:EVRI,0.0
2020-05-06,17,AR1 alpha + Enhanced + One-Step,NYSE:EVRI,0.0
2020-05-07,17,AR1 alpha + Enhanced + One-Step,NYSE:EVRI,0.0
2020-05-08,17,AR1 alpha + Enhanced + One-Step,NYSE:EVRI,7.563702978729058e-09
2020-05-11,17,AR1 alpha + Enhanced + One-Step,NYSE:EVRI,0.0
2020-05-12,17,AR1 alpha + Enhanced + One-Step,NYSE:EVRI,0.0
2020-05-13,17,AR1 alpha + Enhanced + One-Step,NYSE:EVRI,8.066167575434117e-09
2020-05-14,17,AR1 alpha + Enhanced + One-Step,NYSE:EVRI,0.0
2020-05-15,17,AR1 alpha + Enhanced + One-Step,NYSE:EVRI,1.5288711063978327e-08
2020-05-18,17,AR1 alpha + Enhanced + One-Step,NYSE:EVRI,0.0
2020-05-19,17,AR1 alpha + Enhanced + One-Step,NYSE:EVRI,1.1941381751541262e-08
2020-05-20,17,AR1 alpha + Enhanced + One-Step,NYSE:EVRI,0.0
2020-05-21,17,AR1 alpha + Enhanced + One-Step,NYSE:EVRI,5.94600509705774e-09
2020-05-22,17,AR1 alpha + Enhanced + One-Step,NYSE:EVRI,1.5529439398567517e-09
2020-05-26,17,AR1 alpha + Enhanced + One-Step,NYSE:EVRI,0.0
2020-05-27,17,AR1 alpha + Enhanced + One-Step,NYSE:EVRI,5.2011307328987986e-09
2020-05-28,17,AR1 alpha + Enhanced + One-Step,NYSE:EVRI,5.772251620191845e-11
2020-05-29,17,AR1 alpha + Enhanced + One-Step,NYSE:EVRI,1.6561793460180881e-09
2020-06-01,17,AR1 alpha + Enhanced + One-Step,NYSE:EVRI,1.0581671846682768e-08
2020-06-02,17,AR1 alpha + Enhanced + One-Step,NYSE:EVRI,1.08872145532624e-09
2020-06-03,17,AR1 alpha + Enhanced + One-Step,NYSE:EVRI,0.0017781575317547267
2020-06-04,17,AR1 alpha + Enhanced + One-Step,NYSE:EVRI,0.0017773056690288268
2020-06-05,17,AR1 alpha + Enhanced + One-Step,NYSE:EVRI,0.00177711944557286
2020-06-08,17,AR1 alpha + Enhanced + One-Step,NYSE:EVRI,0.001777118025794069
2020-06-09,17,AR1 alpha + Enhanced + One-Step,NYSE:EVRI,0.019129634597471516
2020-06-10,17,AR1 alpha + Enhanced + One-Step,NYSE:EVRI,0.023857531697754526
2020-06-11,17,AR1 alpha + Enhanced + One-Step,NYSE:EVRI,0.023857544389410384
2020-06-12,17,AR1 alpha + Enhanced + One-Step,NYSE:EVRI,0.02385754650487798
2020-06-15,17,AR1 alpha + Enhanced + One-Step,NYSE:EVRI,0.033259175656388355
2020-06-16,17,AR1 alpha + Enhanced + One-Step,NYSE:EVRI,0.03287232701941083
2020-06-17,17,AR1 alpha + Enhanced + One-Step,NYSE:EVRI,0.03729117525897973
2020-06-18,17,AR1 alpha + Enhanced + One-Step,NYSE:EVRI,0.03891377729777707
2020-06-19,17,AR1 alpha + Enhanced + One-Step,NYSE:EVRI,0.04132685377866942
2020-06-22,17,AR1 alpha + Enhanced + One-Step,NYSE:EVRI,0.04132699547328307
2020-06-23,17,AR1 alpha + Enhanced + One-Step,NYSE:EVRI,0.04132702871252148
2020-06-24,17,AR1 alpha + Enhanced + One-Step,NYSE:EVRI,0.04132689863134905
2020-06-25,17,AR1 alpha + Enhanced + One-Step,NYSE:EVRI,0.041327236490931875
2020-06-26,17,AR1 alpha + Enhanced + One-Step,NYSE:EVRI,0.036894875223398724
2020-06-29,17,AR1 alpha + Enhanced + One-Step,NYSE:EVRI,0.03526990899614929
2020-06-30,17,AR1 alpha + Enhanced + One-Step,NYSE:EVRI,0.025952660955746245
2020-07-01,17,AR1 alpha + Enhanced + One-Step,NYSE:EVRI,0.02582631236685506
2020-07-02,17,AR1 alpha + Enhanced + One-Step,NYSE:EVRI,0.013397305894955714
2020-07-06,17,AR1 alpha + Enhanced + One-Step,NYSE:EVRI,0.003012606506153935
2020-07-07,17,AR1 alpha + Enhanced + One-Step,NYSE:EVRI,0.000787891329804327
2020-07-08,17,AR1 alpha + Enhanced + One-Step,NYSE:EVRI,0.0
2020-07-09,17,AR1 alpha + Enhanced + One-Step,NYSE:EVRI,6.837378338234811e-08
2020-07-10,17,AR1 alpha + Enhanced + One-Step,NYSE:EVRI,9.019974216332949e-08
2020-07-13,17,AR1 alpha + Enhanced + One-Step,NYSE:EVRI,1.543783284821728e-08
2020-07-14,17,AR1 alpha + Enhanced + One-Step,NYSE:EVRI,0.0
2020-07-15,17,AR1 alpha + Enhanced + One-Step,NYSE:EVRI,2.2761413196148932e-08
2020-07-16,17,AR1 alpha + Enhanced + One-Step,NYSE:EVRI,5.342939549015054e-10
2020-07-17,17,AR1 alpha + Enhanced + One-Step,NYSE:EVRI,1.7907264549449726e-10
2020-07-20,17,AR1 alpha + Enhanced + One-Step,NYSE:EVRI,1.020973534817001e-08
2020-07-21,17,AR1 alpha + Enhanced + One-Step,NYSE:EVRI,4.173907820848587e-09
2020-07-22,17,AR1 alpha + Enhanced + One-Step,NYSE:EVRI,9.649650101475495e-09
2020-07-23,17,AR1 alpha + Enhanced + One-Step,NYSE:EVRI,0.0
2020-07-24,17,AR1 alpha + Enhanced + One-Step,NYSE:EVRI,0.0
2020-07-27,17,AR1 alpha + Enhanced + One-Step,NYSE:EVRI,7.264711123063642e-08
2020-07-28,17,AR1 alpha + Enhanced + One-Step,NYSE:EVRI,7.773361086968546e-09
2020-07-29,17,AR1 alpha + Enhanced + One-Step,NYSE:EVRI,0.0
2020-07-30,17,AR1 alpha + Enhanced + One-Step,NYSE:EVRI,0.0
2020-07-31,17,AR1 alpha + Enhanced + One-Step,NYSE:EVRI,0.0
2020-08-03,17,AR1 alpha + Enhanced + One-Step,NYSE:EVRI,1.0052241882224942e-07
2020-08-04,17,AR1 alpha + Enhanced + One-Step,NYSE:EVRI,1.2790289079810644e-08
2020-08-05,17,AR1 alpha + Enhanced + One-Step,NYSE:EVRI,3.028703336646389e-08
2020-08-06,17,AR1 alpha + Enhanced + One-Step,NYSE:EVRI,7.824627343217051e-09
2020-08-07,17,AR1 alpha + Enhanced + One-Step,NYSE:EVRI,0.0
2020-08-10,17,AR1 alpha + Enhanced + One-Step,NYSE:EVRI,1.1748937771616049e-07
2020-08-11,17,AR1 alpha + Enhanced + One-Step,NYSE:EVRI,0.0
2020-08-12,17,AR1 alpha + Enhanced + One-Step,NYSE:EVRI,0.0
2020-08-13,17,AR1 alpha + Enhanced + One-Step,NYSE:EVRI,3.006256641548974e-10
2020-08-14,17,AR1 alpha + Enhanced + One-Step,NYSE:EVRI,6.876785304545205e-10
2020-08-17,17,AR1 alpha + Enhanced + One-Step,NYSE:EVRI,1.270904872495178e-07
2020-08-18,17,AR1 alpha + Enhanced + One-Step,NYSE:EVRI,1.435295757570596e-07
2020-08-19,17,AR1 alpha + Enhanced + One-Step,NYSE:EVRI,5.4469878579071565e-08
2020-08-20,17,AR1 alpha + Enhanced + One-Step,NYSE:EVRI,0.0
2020-08-21,17,AR1 alpha + Enhanced + One-Step,NYSE:EVRI,0.0
2020-08-24,17,AR1 alpha + Enhanced + One-Step,NYSE:EVRI,0.0
2020-08-25,17,AR1 alpha + Enhanced + One-Step,NYSE:EVRI,0.001639530238183925
2020-08-26,17,AR1 alpha + Enhanced + One-Step,NYSE:EVRI,0.011560690121670303
2020-08-27,17,AR1 alpha + Enhanced + One-Step,NYSE:EVRI,2.7457895295065914e-09
2020-08-28,17,AR1 alpha + Enhanced + One-Step,NYSE:EVRI,1.769339572615122e-09
2020-08-31,17,AR1 alpha + Enhanced + One-Step,NYSE:EVRI,0.01865191846841285
2020-09-01,17,AR1 alpha + Enhanced + One-Step,NYSE:EVRI,0.01865142100911002
2020-09-02,17,AR1 alpha + Enhanced + One-Step,NYSE:EVRI,0.018651342509520618
2020-09-03,17,AR1 alpha + Enhanced + One-Step,NYSE:EVRI,0.018651060473961947
2020-09-04,17,AR1 alpha + Enhanced + One-Step,NYSE:EVRI,0.01865116269350581
2020-09-08,17,AR1 alpha + Enhanced + One-Step,NYSE:EVRI,0.018651226978854605
2020-09-09,17,AR1 alpha + Enhanced + One-Step,NYSE:EVRI,0.013548100383834007
2020-09-10,17,AR1 alpha + Enhanced + One-Step,NYSE:EVRI,0.013548278100396792
2020-09-11,17,AR1 alpha + Enhanced + One-Step,NYSE:EVRI,0.013548338597394119
2020-09-14,17,AR1 alpha + Enhanced + One-Step,NYSE:EVRI,0.013487075392033714
2020-09-15,17,AR1 alpha + Enhanced + One-Step,NYSE:EVRI,0.00598308325165836
2020-09-16,17,AR1 alpha + Enhanced + One-Step,NYSE:EVRI,0.0004513795246776725
2020-09-17,17,AR1 alpha + Enhanced + One-Step,NYSE:EVRI,0.0
2020-09-18,17,AR1 alpha + Enhanced + One-Step,NYSE:EVRI,3.3121582102467024e-09
2020-09-21,17,AR1 alpha + Enhanced + One-Step,NYSE:EVRI,0.002753514191138026
2020-09-22,17,AR1 alpha + Enhanced + One-Step,NYSE:EVRI,0.0027535469755007322
2020-09-23,17,AR1 alpha + Enhanced + One-Step,NYSE:EVRI,0.0027530200156512382
2020-09-24,17,AR1 alpha + Enhanced + One-Step,NYSE:EVRI,0.009518811123018427
2020-09-25,17,AR1 alpha + Enhanced + One-Step,NYSE:EVRI,0.013159039398097115
2020-09-28,17,AR1 alpha + Enhanced + One-Step,NYSE:EVRI,0.01315890431318185
2020-09-29,17,AR1 alpha + Enhanced + One-Step,NYSE:EVRI,0.02048449555684677
2020-09-30,17,AR1 alpha + Enhanced + One-Step,NYSE:EVRI,0.020483937053138418
2020-10-01,17,AR1 alpha + Enhanced + One-Step,NYSE:EVRI,0.020484000083055304
2020-10-02,17,AR1 alpha + Enhanced + One-Step,NYSE:EVRI,0.020484032089162475
2020-10-05,17,AR1 alpha + Enhanced + One-Step,NYSE:EVRI,0.02048422078801331
2020-10-06,17,AR1 alpha + Enhanced + One-Step,NYSE:EVRI,0.020484167836843585
2020-10-07,17,AR1 alpha + Enhanced + One-Step,NYSE:EVRI,0.02048557611895354
2020-10-08,17,AR1 alpha + Enhanced + One-Step,NYSE:EVRI,0.020485643812607375
2020-10-09,17,AR1 alpha + Enhanced + One-Step,NYSE:EVRI,0.020484869235306718
2020-10-12,17,AR1 alpha + Enhanced + One-Step,NYSE:EVRI,0.020484868336794994
2020-10-13,17,AR1 alpha + Enhanced + One-Step,NYSE:EVRI,0.020485538076647
2020-10-14,17,AR1 alpha + Enhanced + One-Step,NYSE:EVRI,0.020485553950790283
2020-10-15,17,AR1 alpha + Enhanced + One-Step,NYSE:EVRI,0.02035830390069495
2020-10-16,17,AR1 alpha + Enhanced + One-Step,NYSE:EVRI,0.02035827642550203
2020-10-19,17,AR1 alpha + Enhanced + One-Step,NYSE:EVRI,0.020357902436104955
2020-10-20,17,AR1 alpha + Enhanced + One-Step,NYSE:EVRI,0.02035699270659452
2020-10-21,17,AR1 alpha + Enhanced + One-Step,NYSE:EVRI,0.020356889786014742
2020-10-22,17,AR1 alpha + Enhanced + One-Step,NYSE:EVRI,0.015543815958676113
2020-10-23,17,AR1 alpha + Enhanced + One-Step,NYSE:EVRI,0.015543361528244778
2020-10-26,17,AR1 alpha + Enhanced + One-Step,NYSE:EVRI,0.019455349116555255
2020-10-27,17,AR1 alpha + Enhanced + One-Step,NYSE:EVRI,0.033161028406630384
2020-10-28,17,AR1 alpha + Enhanced + One-Step,NYSE:EVRI,0.033160415301052786
2020-10-29,17,AR1 alpha + Enhanced + One-Step,NYSE:EVRI,0.033161096796121
2020-10-30,17,AR1 alpha + Enhanced + One-Step,NYSE:EVRI,0.03316109437734194
2020-11-02,17,AR1 alpha + Enhanced + One-Step,NYSE:EVRI,0.03316332876995398
2020-11-03,17,AR1 alpha + Enhanced + One-Step,NYSE:EVRI,0.031194405478998273
2020-11-04,17,AR1 alpha + Enhanced + One-Step,NYSE:EVRI,0.031197387087735454
2020-11-05,17,AR1 alpha + Enhanced + One-Step,NYSE:EVRI,0.031197963042912467
2020-11-06,17,AR1 alpha + Enhanced + One-Step,NYSE:EVRI,0.031198188624501445
2020-11-09,17,AR1 alpha + Enhanced + One-Step,NYSE:EVRI,0.03119812752479367
2020-11-10,17,AR1 alpha + Enhanced + One-Step,NYSE:EVRI,0.03119824232270393
2020-11-11,17,AR1 alpha + Enhanced + One-Step,NYSE:EVRI,0.031198493252388475
2020-11-12,17,AR1 alpha + Enhanced + One-Step,NYSE:EVRI,0.02301702649620751
2020-11-13,17,AR1 alpha + Enhanced + One-Step,NYSE:EVRI,0.022954984917858214
2020-11-16,17,AR1 alpha + Enhanced + One-Step,NYSE:EVRI,0.020616973432487792
2020-11-17,17,AR1 alpha + Enhanced + One-Step,NYSE:EVRI,0.016709040548759792
2020-11-18,17,AR1 alpha + Enhanced + One-Step,NYSE:EVRI,0.01658427595508788
2020-11-19,17,AR1 alpha + Enhanced + One-Step,NYSE:EVRI,0.016583469377047536
2020-11-20,17,AR1 alpha + Enhanced + One-Step,NYSE:EVRI,0.016583470589899993
2020-11-23,17,AR1 alpha + Enhanced + One-Step,NYSE:EVRI,0.01658390929105405
2020-11-24,17,AR1 alpha + Enhanced + One-Step,NYSE:EVRI,0.011371486130973914
2020-11-25,17,AR1 alpha + Enhanced + One-Step,NYSE:EVRI,0.01137185394863534
2020-11-27,17,AR1 alpha + Enhanced + One-Step,NYSE:EVRI,0.011370810486656585
2020-11-30,17,AR1 alpha + Enhanced + One-Step,NYSE:EVRI,0.017240949780305014
2020-12-01,17,AR1 alpha + Enhanced + One-Step,NYSE:EVRI,0.017241025878658625
2020-12-04,17,AR1 alpha + Enhanced + One-Step,NYSE:EVRI,0.025048853001258697
2020-12-07,17,AR1 alpha + Enhanced + One-Step,NYSE:EVRI,0.03233295337803396
2020-12-08,17,AR1 alpha + Enhanced + One-Step,NYSE:EVRI,0.03285930377583268
2020-12-09,17,AR1 alpha + Enhanced + One-Step,NYSE:EVRI,0.03285833622014924
2020-12-10,17,AR1 alpha + Enhanced + One-Step,NYSE:EVRI,0.03248238071883485
2020-12-11,17,AR1 alpha + Enhanced + One-Step,NYSE:EVRI,0.03248213414852377
2020-12-14,17,AR1 alpha + Enhanced + One-Step,NYSE:EVRI,0.03248219173399227
2020-12-15,17,AR1 alpha + Enhanced + One-Step,NYSE:EVRI,0.032481811945753156
2020-12-16,17,AR1 alpha + Enhanced + One-Step,NYSE:EVRI,0.0324815776977574
2020-12-17,17,AR1 alpha + Enhanced + One-Step,NYSE:EVRI,0.030931376169320225
2020-12-18,17,AR1 alpha + Enhanced + One-Step,NYSE:EVRI,0.033388774313822325
2020-12-21,17,AR1 alpha + Enhanced + One-Step,NYSE:EVRI,0.035019665349728266
2020-12-22,17,AR1 alpha + Enhanced + One-Step,NYSE:EVRI,0.03501970576816228
2020-12-23,17,AR1 alpha + Enhanced + One-Step,NYSE:EVRI,0.03501859028658709
2020-12-24,17,AR1 alpha + Enhanced + One-Step,NYSE:EVRI,0.035018508425803105
2020-12-28,17,AR1 alpha + Enhanced + One-Step,NYSE:EVRI,0.03501834192930296
2020-12-29,17,AR1 alpha + Enhanced + One-Step,NYSE:EVRI,0.03626600526324225
2020-12-30,17,AR1 alpha + Enhanced + One-Step,NYSE:EVRI,0.036266007809711356
2020-12-31,17,AR1 alpha + Enhanced + One-Step,NYSE:EVRI,0.036265534589541945
2021-01-04,17,AR1 alpha + Enhanced + One-Step,NYSE:EVRI,0.03626556582530637
2021-01-05,17,AR1 alpha + Enhanced + One-Step,NYSE:EVRI,0.04566818312538983
2021-01-06,17,AR1 alpha + Enhanced + One-Step,NYSE:EVRI,0.045668173027221
2021-01-07,17,AR1 alpha + Enhanced + One-Step,NYSE:EVRI,0.04566618048425967
2021-01-08,17,AR1 alpha + Enhanced + One-Step,NYSE:EVRI,0.045665692714300175
2021-01-11,17,AR1 alpha + Enhanced + One-Step,NYSE:EVRI,0.030456938887484877
2021-01-12,17,AR1 alpha + Enhanced + One-Step,NYSE:EVRI,0.012547563291909116
2021-01-13,17,AR1 alpha + Enhanced + One-Step,NYSE:EVRI,0.01254715437343571
2021-01-14,17,AR1 alpha + Enhanced + One-Step,NYSE:EVRI,0.003196119727223112
2021-01-15,17,AR1 alpha + Enhanced + One-Step,NYSE:EVRI,0.0031963742472690022
2021-01-19,17,AR1 alpha + Enhanced + One-Step,NYSE:EVRI,0.0031963385686772285
2021-01-20,17,AR1 alpha + Enhanced + One-Step,NYSE:EVRI,0.003196744801178756
2021-01-21,17,AR1 alpha + Enhanced + One-Step,NYSE:EVRI,0.0031982286581681914
2021-01-22,17,AR1 alpha + Enhanced + One-Step,NYSE:EVRI,0.003197287570173286
2021-01-25,17,AR1 alpha + Enhanced + One-Step,NYSE:EVRI,0.010167514365465261
2021-01-26,17,AR1 alpha + Enhanced + One-Step,NYSE:EVRI,0.010167509920831678
2021-01-27,17,AR1 alpha + Enhanced + One-Step,NYSE:EVRI,0.010167268631598017
2021-01-28,17,AR1 alpha + Enhanced + One-Step,NYSE:EVRI,0.010167120859186411
2021-01-29,17,AR1 alpha + Enhanced + One-Step,NYSE:EVRI,0.010166862759048323
2021-02-01,17,AR1 alpha + Enhanced + One-Step,NYSE:EVRI,0.01016683903859904
2021-02-02,17,AR1 alpha + Enhanced + One-Step,NYSE:EVRI,0.01016685163585452
2021-02-03,17,AR1 alpha + Enhanced + One-Step,NYSE:EVRI,0.0002834473606538315
2021-02-04,17,AR1 alpha + Enhanced + One-Step,NYSE:EVRI,0.0
2021-02-05,17,AR1 alpha + Enhanced + One-Step,NYSE:EVRI,4.430551446201477e-08
2021-02-08,17,AR1 alpha + Enhanced + One-Step,NYSE:EVRI,1.0802991064957805e-07
2021-02-09,17,AR1 alpha + Enhanced + One-Step,NYSE:EVRI,3.009752226656054e-08
2021-02-10,17,AR1 alpha + Enhanced + One-Step,NYSE:EVRI,0.0011646480047535985
2021-02-11,17,AR1 alpha + Enhanced + One-Step,NYSE:EVRI,0.005359429878993716
2021-02-12,17,AR1 alpha + Enhanced + One-Step,NYSE:EVRI,0.005359412815815126
2021-02-16,17,AR1 alpha + Enhanced + One-Step,NYSE:EVRI,0.005359437752569893
2021-02-17,17,AR1 alpha + Enhanced + One-Step,NYSE:EVRI,0.005966276825298996
2021-02-18,17,AR1 alpha + Enhanced + One-Step,NYSE:EVRI,0.005966296568595737
2021-02-19,17,AR1 alpha + Enhanced + One-Step,NYSE:EVRI,0.005965497129843376
2021-02-22,17,AR1 alpha + Enhanced + One-Step,NYSE:EVRI,0.005966097331204359
2021-02-23,17,AR1 alpha + Enhanced + One-Step,NYSE:EVRI,0.005967239757185354
2021-02-24,17,AR1 alpha + Enhanced + One-Step,NYSE:EVRI,0.0059673535631436375
2021-02-25,17,AR1 alpha + Enhanced + One-Step,NYSE:EVRI,0.005957963612994237
2021-02-26,17,AR1 alpha + Enhanced + One-Step,NYSE:EVRI,0.005957857007896037
2021-03-01,17,AR1 alpha + Enhanced + One-Step,NYSE:EVRI,0.0009947718411548435
2021-03-02,17,AR1 alpha + Enhanced + One-Step,NYSE:EVRI,0.000994790522738575
2021-03-03,17,AR1 alpha + Enhanced + One-Step,NYSE:EVRI,0.0009946996981794341
2021-03-04,17,AR1 alpha + Enhanced + One-Step,NYSE:EVRI,0.01281325929875919
2021-03-05,17,AR1 alpha + Enhanced + One-Step,NYSE:EVRI,0.018334680655022095
2021-03-08,17,AR1 alpha + Enhanced + One-Step,NYSE:EVRI,0.018334685608319856
2021-03-09,17,AR1 alpha + Enhanced + One-Step,NYSE:EVRI,0.01833391569764748
2021-03-10,17,AR1 alpha + Enhanced + One-Step,NYSE:EVRI,0.01833567208556957
2021-03-11,17,AR1 alpha + Enhanced + One-Step,NYSE:EVRI,0.018334748079296755
2021-03-12,17,AR1 alpha + Enhanced + One-Step,NYSE:EVRI,0.018334720867439983
2021-03-15,17,AR1 alpha + Enhanced + One-Step,NYSE:EVRI,0.018337602031460763
2021-03-16,17,AR1 alpha + Enhanced + One-Step,NYSE:EVRI,0.01833775087159876
2021-03-17,17,AR1 alpha + Enhanced + One-Step,NYSE:EVRI,0.014983222252838374
2021-03-18,17,AR1 alpha + Enhanced + One-Step,NYSE:EVRI,0.014982904101840337
2021-03-19,17,AR1 alpha + Enhanced + One-Step,NYSE:EVRI,0.01365179758281075
2021-03-22,17,AR1 alpha + Enhanced + One-Step,NYSE:EVRI,0.013651950454561048
2021-03-23,17,AR1 alpha + Enhanced + One-Step,NYSE:EVRI,0.01365195544793266
2021-03-24,17,AR1 alpha + Enhanced + One-Step,NYSE:EVRI,0.013651978377071126
2021-03-25,17,AR1 alpha + Enhanced + One-Step,NYSE:EVRI,0.013652164810675101
2021-03-26,17,AR1 alpha + Enhanced + One-Step,NYSE:EVRI,0.013652429177082405
2021-03-29,17,AR1 alpha + Enhanced + One-Step,NYSE:EVRI,0.020759028837800394
2021-03-30,17,AR1 alpha + Enhanced + One-Step,NYSE:EVRI,0.02075902682747511
2021-03-31,17,AR1 alpha + Enhanced + One-Step,NYSE:EVRI,0.018226583011083385
2021-04-01,17,AR1 alpha + Enhanced + One-Step,NYSE:EVRI,0.018227254885943147
2021-04-05,17,AR1 alpha + Enhanced + One-Step,NYSE:EVRI,0.010153713194418518
2021-04-06,17,AR1 alpha + Enhanced + One-Step,NYSE:EVRI,0.010153342549806313
2021-04-07,17,AR1 alpha + Enhanced + One-Step,NYSE:EVRI,0.01015218953591785
2021-04-08,17,AR1 alpha + Enhanced + One-Step,NYSE:EVRI,0.01015099751150803
2021-04-09,17,AR1 alpha + Enhanced + One-Step,NYSE:EVRI,0.010150975096534587
2021-04-12,17,AR1 alpha + Enhanced + One-Step,NYSE:EVRI,0.010149966394015188
2021-04-13,17,AR1 alpha + Enhanced + One-Step,NYSE:EVRI,0.010147693572548676
2021-04-14,17,AR1 alpha + Enhanced + One-Step,NYSE:EVRI,0.01014624192016146
2021-04-15,17,AR1 alpha + Enhanced + One-Step,NYSE:EVRI,0.010146564010729185
2021-04-16,17,AR1 alpha + Enhanced + One-Step,NYSE:EVRI,0.010146601825303652
2021-04-19,17,AR1 alpha + Enhanced + One-Step,NYSE:EVRI,0.010146631783852167
2021-04-20,17,AR1 alpha + Enhanced + One-Step,NYSE:EVRI,0.010146077146266797
2021-04-21,17,AR1 alpha + Enhanced + One-Step,NYSE:EVRI,0.010145702767666588
2021-04-22,17,AR1 alpha + Enhanced + One-Step,NYSE:EVRI,0.005811730784397369
2021-04-23,17,AR1 alpha + Enhanced + One-Step,NYSE:EVRI,0.0
2021-04-26,17,AR1 alpha + Enhanced + One-Step,NYSE:EVRI,5.845409376770891e-09
2021-04-27,17,AR1 alpha + Enhanced + One-Step,NYSE:EVRI,0.0
2021-04-28,17,AR1 alpha + Enhanced + One-Step,NYSE:EVRI,0.0
2021-04-29,17,AR1 alpha + Enhanced + One-Step,NYSE:EVRI,0.0
2021-04-30,17,AR1 alpha + Enhanced + One-Step,NYSE:EVRI,0.0
2021-05-03,17,AR1 alpha + Enhanced + One-Step,NYSE:EVRI,1.2071763040932398e-06
2021-05-04,17,AR1 alpha + Enhanced + One-Step,NYSE:EVRI,3.997144207816753e-07
2021-05-05,17,AR1 alpha + Enhanced + One-Step,NYSE:EVRI,1.3864080407923573e-07
2021-05-06,17,AR1 alpha + Enhanced + One-Step,NYSE:EVRI,5.763576538997667e-07
2021-05-07,17,AR1 alpha + Enhanced + One-Step,NYSE:EVRI,7.833287945354767e-07
2021-05-10,17,AR1 alpha + Enhanced + One-Step,NYSE:EVRI,2.8226919685146266e-07
2021-05-11,17,AR1 alpha + Enhanced + One-Step,NYSE:EVRI,1.243487959841023e-07
2021-05-12,17,AR1 alpha + Enhanced + One-Step,NYSE:EVRI,5.975557906254406e-08
2021-05-13,17,AR1 alpha + Enhanced + One-Step,NYSE:EVRI,0.0025893017074458363
2021-05-14,17,AR1 alpha + Enhanced + One-Step,NYSE:EVRI,0.0025893369793110305
2021-05-17,17,AR1 alpha + Enhanced + One-Step,NYSE:EVRI,0.002588812576826474
2021-05-18,17,AR1 alpha + Enhanced + One-Step,NYSE:EVRI,0.004846517453034095
2021-05-19,17,AR1 alpha + Enhanced + One-Step,NYSE:EVRI,0.005269524912504759
2021-05-20,17,AR1 alpha + Enhanced + One-Step,NYSE:EVRI,0.005269603825164564
2021-05-21,17,AR1 alpha + Enhanced + One-Step,NYSE:EVRI,0.005269560545965971
2021-05-24,17,AR1 alpha + Enhanced + One-Step,NYSE:EVRI,0.00021956664062035763
2021-05-25,17,AR1 alpha + Enhanced + One-Step,NYSE:EVRI,0.00021918917948962946
2021-05-26,17,AR1 alpha + Enhanced + One-Step,NYSE:EVRI,0.00021880365530574445
2021-05-27,17,AR1 alpha + Enhanced + One-Step,NYSE:EVRI,0.0
2021-05-28,17,AR1 alpha + Enhanced + One-Step,NYSE:EVRI,0.0
2021-06-01,17,AR1 alpha + Enhanced + One-Step,NYSE:EVRI,0.0
2021-06-02,17,AR1 alpha + Enhanced + One-Step,NYSE:EVRI,0.0
2021-06-03,17,AR1 alpha + Enhanced + One-Step,NYSE:EVRI,0.0
2021-06-04,17,AR1 alpha + Enhanced + One-Step,NYSE:EVRI,0.0
2021-06-07,17,AR1 alpha + Enhanced + One-Step,NYSE:EVRI,0.0
2021-06-08,17,AR1 alpha + Enhanced + One-Step,NYSE:EVRI,0.0
2021-06-09,17,AR1 alpha + Enhanced + One-Step,NYSE:EVRI,5.056974430247411e-08
2021-06-10,17,AR1 alpha + Enhanced + One-Step,NYSE:EVRI,0.004071637439190723
2021-06-11,17,AR1 alpha + Enhanced + One-Step,NYSE:EVRI,0.00224800830064062
2021-06-14,17,AR1 alpha + Enhanced + One-Step,NYSE:EVRI,0.008941626074788087
2021-06-15,17,AR1 alpha + Enhanced + One-Step,NYSE:EVRI,0.017147248754079067
2021-06-16,17,AR1 alpha + Enhanced + One-Step,NYSE:EVRI,0.017145402245760114
2021-06-17,17,AR1 alpha + Enhanced + One-Step,NYSE:EVRI,0.023140551608611063
2021-06-18,17,AR1 alpha + Enhanced + One-Step,NYSE:EVRI,0.023139753885602164
2021-06-21,17,AR1 alpha + Enhanced + One-Step,NYSE:EVRI,1.1145989064304384e-06
2021-06-22,17,AR1 alpha + Enhanced + One-Step,NYSE:EVRI,2.2342138423566843e-07
2021-06-23,17,AR1 alpha + Enhanced + One-Step,NYSE:EVRI,0.0
2021-06-24,17,AR1 alpha + Enhanced + One-Step,NYSE:EVRI,6.24550673316665e-07
2021-06-25,17,AR1 alpha + Enhanced + One-Step,NYSE:EVRI,5.723413868814322e-07
2021-06-28,17,AR1 alpha + Enhanced + One-Step,NYSE:EVRI,2.974883137716026e-07
2021-06-29,17,AR1 alpha + Enhanced + One-Step,NYSE:EVRI,0.007042993658125955
2021-06-30,17,AR1 alpha + Enhanced + One-Step,NYSE:EVRI,0.007041549190932659
2021-07-01,17,AR1 alpha + Enhanced + One-Step,NYSE:EVRI,0.01495388617729199
2021-07-02,17,AR1 alpha + Enhanced + One-Step,NYSE:EVRI,0.029630396107013166
2021-07-06,17,AR1 alpha + Enhanced + One-Step,NYSE:EVRI,0.03388611679779811
2021-07-07,17,AR1 alpha + Enhanced + One-Step,NYSE:EVRI,0.05365039995249823
2021-07-08,17,AR1 alpha + Enhanced + One-Step,NYSE:EVRI,0.07865688096128882
2021-07-09,17,AR1 alpha + Enhanced + One-Step,NYSE:EVRI,0.09999331791275384
2021-07-12,17,AR1 alpha + Enhanced + One-Step,NYSE:EVRI,0.09999347104613646
2021-07-13,17,AR1 alpha + Enhanced + One-Step,NYSE:EVRI,0.09999098146683462
2021-07-14,17,AR1 alpha + Enhanced + One-Step,NYSE:EVRI,0.09999296458691531
2021-07-15,17,AR1 alpha + Enhanced + One-Step,NYSE:EVRI,0.09999049412394306
2021-07-16,17,AR1 alpha + Enhanced + One-Step,NYSE:EVRI,0.09999130190826405
2021-07-19,17,AR1 alpha + Enhanced + One-Step,NYSE:EVRI,0.09999413630048978
2021-07-20,17,AR1 alpha + Enhanced + One-Step,NYSE:EVRI,0.09999087375809831
2021-07-21,17,AR1 alpha + Enhanced + One-Step,NYSE:EVRI,0.09999515544999166
2021-07-22,17,AR1 alpha + Enhanced + One-Step,NYSE:EVRI,0.09998997621762154
2021-07-23,17,AR1 alpha + Enhanced + One-Step,NYSE:EVRI,0.09999615224501172
2021-07-26,17,AR1 alpha + Enhanced + One-Step,NYSE:EVRI,0.09999806540612009
2021-07-27,17,AR1 alpha + Enhanced + One-Step,NYSE:EVRI,0.09999721306173644
2021-07-28,17,AR1 alpha + Enhanced + One-Step,NYSE:EVRI,0.09998919851665386
2021-07-29,17,AR1 alpha + Enhanced + One-Step,NYSE:EVRI,0.09999552829111566
2021-07-30,17,AR1 alpha + Enhanced + One-Step,NYSE:EVRI,0.09999729669423901
2021-08-02,17,AR1 alpha + Enhanced + One-Step,NYSE:EVRI,0.09999613929478281
2021-08-03,17,AR1 alpha + Enhanced + One-Step,NYSE:EVRI,0.09999719822357389
2021-08-04,17,AR1 alpha + Enhanced + One-Step,NYSE:EVRI,0.09999200298062073
2021-08-05,17,AR1 alpha + Enhanced + One-Step,NYSE:EVRI,0.09999419280759363
2021-08-06,17,AR1 alpha + Enhanced + One-Step,NYSE:EVRI,0.09999250619319847
2021-08-09,17,AR1 alpha + Enhanced + One-Step,NYSE:EVRI,0.09999066891817615
2021-08-10,17,AR1 alpha + Enhanced + One-Step,NYSE:EVRI,0.09999556342148604
2021-08-11,17,AR1 alpha + Enhanced + One-Step,NYSE:EVRI,0.09972386441832826
2021-08-12,17,AR1 alpha + Enhanced + One-Step,NYSE:EVRI,0.07736401927286632
2021-08-13,17,AR1 alpha + Enhanced + One-Step,NYSE:EVRI,0.07736440140203783
2021-08-16,17,AR1 alpha + Enhanced + One-Step,NYSE:EVRI,0.08523263358138183
2021-08-17,17,AR1 alpha + Enhanced + One-Step,NYSE:EVRI,0.09358093991982784
2021-08-18,17,AR1 alpha + Enhanced + One-Step,NYSE:EVRI,0.09999884380621687
2021-08-19,17,AR1 alpha + Enhanced + One-Step,NYSE:EVRI,0.09999942243827765
2021-08-20,17,AR1 alpha + Enhanced + One-Step,NYSE:EVRI,0.09999419972610593
2021-08-23,17,AR1 alpha + Enhanced + One-Step,NYSE:EVRI,0.09906021479003647
2021-08-24,17,AR1 alpha + Enhanced + One-Step,NYSE:EVRI,0.09445316649877432
2021-08-25,17,AR1 alpha + Enhanced + One-Step,NYSE:EVRI,0.09445319161385046
2021-08-26,17,AR1 alpha + Enhanced + One-Step,NYSE:EVRI,0.09444503875335343
2021-08-27,17,AR1 alpha + Enhanced + One-Step,NYSE:EVRI,0.0929115823774303
2021-08-30,17,AR1 alpha + Enhanced + One-Step,NYSE:EVRI,0.09290575043580636
2021-08-31,17,AR1 alpha + Enhanced + One-Step,NYSE:EVRI,0.0930924419485877
2021-09-01,17,AR1 alpha + Enhanced + One-Step,NYSE:EVRI,0.09718241347606023
2021-09-02,17,AR1 alpha + Enhanced + One-Step,NYSE:EVRI,0.09718043233800001
2021-09-03,17,AR1 alpha + Enhanced + One-Step,NYSE:EVRI,0.09717748078805441
2021-09-07,17,AR1 alpha + Enhanced + One-Step,NYSE:EVRI,0.09999611354296983
2021-09-08,17,AR1 alpha + Enhanced + One-Step,NYSE:EVRI,0.09999365672866567
2021-09-09,17,AR1 alpha + Enhanced + One-Step,NYSE:EVRI,0.09999712523845862
2021-09-10,17,AR1 alpha + Enhanced + One-Step,NYSE:EVRI,0.09999666723293821
2021-09-13,17,AR1 alpha + Enhanced + One-Step,NYSE:EVRI,0.09999833230977581
2021-09-14,17,AR1 alpha + Enhanced + One-Step,NYSE:EVRI,0.09999825268279763
2021-09-15,17,AR1 alpha + Enhanced + One-Step,NYSE:EVRI,0.09999353260870511
2021-09-16,17,AR1 alpha + Enhanced + One-Step,NYSE:EVRI,0.09999341843823514
2021-09-17,17,AR1 alpha + Enhanced + One-Step,NYSE:EVRI,0.09690741028199501
2021-09-20,17,AR1 alpha + Enhanced + One-Step,NYSE:EVRI,0.09690544399066393
2021-09-21,17,AR1 alpha + Enhanced + One-Step,NYSE:EVRI,0.08486514827378003
2021-09-22,17,AR1 alpha + Enhanced + One-Step,NYSE:EVRI,0.08096072990270763
2021-09-23,17,AR1 alpha + Enhanced + One-Step,NYSE:EVRI,0.0809615576059712
2021-09-24,17,AR1 alpha + Enhanced + One-Step,NYSE:EVRI,0.07036302654836621
2021-09-27,17,AR1 alpha + Enhanced + One-Step,NYSE:EVRI,0.07036294920963511
2021-09-28,17,AR1 alpha + Enhanced + One-Step,NYSE:EVRI,0.07036079457869722
2021-09-29,17,AR1 alpha + Enhanced + One-Step,NYSE:EVRI,0.07036119748432168
2021-09-30,17,AR1 alpha + Enhanced + One-Step,NYSE:EVRI,0.07036113555982768
2021-10-01,17,AR1 alpha + Enhanced + One-Step,NYSE:EVRI,0.0618688544939006
2021-10-04,17,AR1 alpha + Enhanced + One-Step,NYSE:EVRI,0.06186895724932024
2021-10-05,17,AR1 alpha + Enhanced + One-Step,NYSE:EVRI,0.07337900973064865
2021-10-06,17,AR1 alpha + Enhanced + One-Step,NYSE:EVRI,0.07337865978888657
2021-10-07,17,AR1 alpha + Enhanced + One-Step,NYSE:EVRI,0.07691317544239505
2021-10-08,17,AR1 alpha + Enhanced + One-Step,NYSE:EVRI,0.08452205097299438
2021-10-11,17,AR1 alpha + Enhanced + One-Step,NYSE:EVRI,0.09104950361984662
2021-10-12,17,AR1 alpha + Enhanced + One-Step,NYSE:EVRI,0.08482125378733887
2021-10-13,17,AR1 alpha + Enhanced + One-Step,NYSE:EVRI,0.08482129397708517
2021-10-14,17,AR1 alpha + Enhanced + One-Step,NYSE:EVRI,0.08702455059928141
2021-10-15,17,AR1 alpha + Enhanced + One-Step,NYSE:EVRI,0.0911428466462087
2021-10-18,17,AR1 alpha + Enhanced + One-Step,NYSE:EVRI,0.09114179913980076
2021-10-19,17,AR1 alpha + Enhanced + One-Step,NYSE:EVRI,0.09262113536901674
2021-10-20,17,AR1 alpha + Enhanced + One-Step,NYSE:EVRI,0.09652969875649453
2021-10-21,17,AR1 alpha + Enhanced + One-Step,NYSE:EVRI,0.0975163528664794
2021-10-22,17,AR1 alpha + Enhanced + One-Step,NYSE:EVRI,0.09751545584122599
2021-10-25,17,AR1 alpha + Enhanced + One-Step,NYSE:EVRI,0.09751179945351242
2021-10-26,17,AR1 alpha + Enhanced + One-Step,NYSE:EVRI,0.0975063155802329
2021-10-27,17,AR1 alpha + Enhanced + One-Step,NYSE:EVRI,0.09750624335868238
2021-10-28,17,AR1 alpha + Enhanced + One-Step,NYSE:EVRI,0.09750633076026662
2021-10-29,17,AR1 alpha + Enhanced + One-Step,NYSE:EVRI,0.09999565500424475
2021-11-01,17,AR1 alpha + Enhanced + One-Step,NYSE:EVRI,0.09999434916564447
2021-11-02,17,AR1 alpha + Enhanced + One-Step,NYSE:EVRI,0.0999930329352783
2021-11-03,17,AR1 alpha + Enhanced + One-Step,NYSE:EVRI,0.09999624518424122
2021-11-04,17,AR1 alpha + Enhanced + One-Step,NYSE:EVRI,0.0999959633616174
2021-11-05,17,AR1 alpha + Enhanced + One-Step,NYSE:EVRI,0.09999820778692606
2021-11-08,17,AR1 alpha + Enhanced + One-Step,NYSE:EVRI,0.09999686368057496
2021-11-09,17,AR1 alpha + Enhanced + One-Step,NYSE:EVRI,0.09147137999341443
2021-11-10,17,AR1 alpha + Enhanced + One-Step,NYSE:EVRI,0.09147249573838737
2021-11-11,17,AR1 alpha + Enhanced + One-Step,NYSE:EVRI,0.09147246074005286
2021-11-12,17,AR1 alpha + Enhanced + One-Step,NYSE:EVRI,0.09147264850209123
2021-11-15,17,AR1 alpha + Enhanced + One-Step,NYSE:EVRI,0.09147315958574836
2021-11-16,17,AR1 alpha + Enhanced + One-Step,NYSE:EVRI,0.07689361669442936
2021-11-17,17,AR1 alpha + Enhanced + One-Step,NYSE:EVRI,0.07689050234697396
2021-11-18,17,AR1 alpha + Enhanced + One-Step,NYSE:EVRI,0.07557266426773536
2021-11-19,17,AR1 alpha + Enhanced + One-Step,NYSE:EVRI,0.07557295173301458
2021-11-22,17,AR1 alpha + Enhanced + One-Step,NYSE:EVRI,0.07557316875898588
2021-11-23,17,AR1 alpha + Enhanced + One-Step,NYSE:EVRI,0.06676114013977033
2021-11-24,17,AR1 alpha + Enhanced + One-Step,NYSE:EVRI,0.04467337732509228
2021-11-26,17,AR1 alpha + Enhanced + One-Step,NYSE:EVRI,0.03564227947846505
2021-11-29,17,AR1 alpha + Enhanced + One-Step,NYSE:EVRI,0.03010476199742284
2021-11-30,17,AR1 alpha + Enhanced + One-Step,NYSE:EVRI,0.027712811841064233
2021-12-01,17,AR1 alpha + Enhanced + One-Step,NYSE:EVRI,0.014551644495467983
2021-12-02,17,AR1 alpha + Enhanced + One-Step,NYSE:EVRI,0.004474801232935662
2021-12-03,17,AR1 alpha + Enhanced + One-Step,NYSE:EVRI,0.0
2021-12-06,17,AR1 alpha + Enhanced + One-Step,NYSE:EVRI,6.440081403125993e-09
2021-12-07,17,AR1 alpha + Enhanced + One-Step,NYSE:EVRI,8.862230184909574e-09
2021-12-08,17,AR1 alpha + Enhanced + One-Step,NYSE:EVRI,5.0627959733861066e-08
2021-12-09,17,AR1 alpha + Enhanced + One-Step,NYSE:EVRI,0.0
2021-12-10,17,AR1 alpha + Enhanced + One-Step,NYSE:EVRI,0.0
2021-12-13,17,AR1 alpha + Enhanced + One-Step,NYSE:EVRI,0.0
2021-12-14,17,AR1 alpha + Enhanced + One-Step,NYSE:EVRI,2.0951744425483723e-07
2021-12-15,17,AR1 alpha + Enhanced + One-Step,NYSE:EVRI,3.3711159033154297e-07
2021-12-16,17,AR1 alpha + Enhanced + One-Step,NYSE:EVRI,2.498817607464631e-07
2021-12-17,17,AR1 alpha + Enhanced + One-Step,NYSE:EVRI,6.104182627746797e-08
2021-12-20,17,AR1 alpha + Enhanced + One-Step,NYSE:EVRI,0.0
2021-12-21,17,AR1 alpha + Enhanced + One-Step,NYSE:EVRI,1.0007234617186266e-07
2021-12-22,17,AR1 alpha + Enhanced + One-Step,NYSE:EVRI,5.413568386669645e-08
2021-12-23,17,AR1 alpha + Enhanced + One-Step,NYSE:EVRI,1.6608767135718553e-07
2021-12-27,17,AR1 alpha + Enhanced + One-Step,NYSE:EVRI,1.2573484195481573e-07
2021-12-28,17,AR1 alpha + Enhanced + One-Step,NYSE:EVRI,8.971132121489529e-08
2021-12-29,17,AR1 alpha + Enhanced + One-Step,NYSE:EVRI,0.0
2021-12-30,17,AR1 alpha + Enhanced + One-Step,NYSE:EVRI,1.2289922178432e-07
2021-12-31,17,AR1 alpha + Enhanced + One-Step,NYSE:EVRI,3.0699772110248495e-08
2022-01-03,17,AR1 alpha + Enhanced + One-Step,NYSE:EVRI,0.0
2022-01-04,17,AR1 alpha + Enhanced + One-Step,NYSE:EVRI,0.0
2022-01-05,17,AR1 alpha + Enhanced + One-Step,NYSE:EVRI,0.0
2022-01-06,17,AR1 alpha + Enhanced + One-Step,NYSE:EVRI,1.1763305003585804e-08
2022-01-07,17,AR1 alpha + Enhanced + One-Step,NYSE:EVRI,0.0
2022-01-10,17,AR1 alpha + Enhanced + One-Step,NYSE:EVRI,0.0
2022-01-11,17,AR1 alpha + Enhanced + One-Step,NYSE:EVRI,0.0
2022-01-12,17,AR1 alpha + Enhanced + One-Step,NYSE:EVRI,0.0
2022-01-13,17,AR1 alpha + Enhanced + One-Step,NYSE:EVRI,0.0
2022-01-14,17,AR1 alpha + Enhanced + One-Step,NYSE:EVRI,0.0
2022-01-18,17,AR1 alpha + Enhanced + One-Step,NYSE:EVRI,1.3949055447030513e-07
2022-01-19,17,AR1 alpha + Enhanced + One-Step,NYSE:EVRI,0.0
2022-01-20,17,AR1 alpha + Enhanced + One-Step,NYSE:EVRI,3.5916935036555175e-08
2022-01-21,17,AR1 alpha + Enhanced + One-Step,NYSE:EVRI,0.0
2022-01-24,17,AR1 alpha + Enhanced + One-Step,NYSE:EVRI,0.0
2022-01-25,17,AR1 alpha + Enhanced + One-Step,NYSE:EVRI,7.264197210163751e-08
2022-01-26,17,AR1 alpha + Enhanced + One-Step,NYSE:EVRI,1.0415251251336873e-07
2022-01-27,17,AR1 alpha + Enhanced + One-Step,NYSE:EVRI,6.54941261691627e-09
2022-01-28,17,AR1 alpha + Enhanced + One-Step,NYSE:EVRI,5.613057001214664e-09
2022-01-31,17,AR1 alpha + Enhanced + One-Step,NYSE:EVRI,2.0491066815239135e-07
2022-02-01,17,AR1 alpha + Enhanced + One-Step,NYSE:EVRI,1.6887129443879194e-08
2022-02-02,17,AR1 alpha + Enhanced + One-Step,NYSE:EVRI,0.0
2022-02-03,17,AR1 alpha + Enhanced + One-Step,NYSE:EVRI,0.0
2022-02-04,17,AR1 alpha + Enhanced + One-Step,NYSE:EVRI,0.0
2022-02-07,17,AR1 alpha + Enhanced + One-Step,NYSE:EVRI,7.181711179222878e-09
2022-02-08,17,AR1 alpha + Enhanced + One-Step,NYSE:EVRI,0.0
2022-02-09,17,AR1 alpha + Enhanced + One-Step,NYSE:EVRI,0.0
2022-02-10,17,AR1 alpha + Enhanced + One-Step,NYSE:EVRI,0.002480343502988548
2022-02-11,17,AR1 alpha + Enhanced + One-Step,NYSE:EVRI,0.0024807455641398172
2022-02-14,17,AR1 alpha + Enhanced + One-Step,NYSE:EVRI,0.0024807252429235203
2022-02-15,17,AR1 alpha + Enhanced + One-Step,NYSE:EVRI,0.011585896909029905
2022-02-16,17,AR1 alpha + Enhanced + One-Step,NYSE:EVRI,0.01158602358749529
2022-02-17,17,AR1 alpha + Enhanced + One-Step,NYSE:EVRI,0.011585806877058447
2022-02-18,17,AR1 alpha + Enhanced + One-Step,NYSE:EVRI,0.011585907414645874
2022-02-22,17,AR1 alpha + Enhanced + One-Step,NYSE:EVRI,0.011585911050065522
2022-02-23,17,AR1 alpha + Enhanced + One-Step,NYSE:EVRI,0.011585944372082548
2022-02-24,17,AR1 alpha + Enhanced + One-Step,NYSE:EVRI,0.011585840418103883
2022-02-25,17,AR1 alpha + Enhanced + One-Step,NYSE:EVRI,0.011585924939279476
2022-02-28,17,AR1 alpha + Enhanced + One-Step,NYSE:EVRI,0.01379798195759034
2022-03-01,17,AR1 alpha + Enhanced + One-Step,NYSE:EVRI,0.013798096151256819
2022-03-02,17,AR1 alpha + Enhanced + One-Step,NYSE:EVRI,0.01379803165519574
2022-03-03,17,AR1 alpha + Enhanced + One-Step,NYSE:EVRI,0.013798017154750174
2022-03-04,17,AR1 alpha + Enhanced + One-Step,NYSE:EVRI,0.013797575408519695
2022-03-07,17,AR1 alpha + Enhanced + One-Step,NYSE:EVRI,3.0127501339854958e-06
2022-03-08,17,AR1 alpha + Enhanced + One-Step,NYSE:EVRI,1.2135904985937288e-06
2022-03-09,17,AR1 alpha + Enhanced + One-Step,NYSE:EVRI,4.834752265987914e-07
2022-03-10,17,AR1 alpha + Enhanced + One-Step,NYSE:EVRI,3.694671209217189e-07
2022-03-11,17,AR1 alpha + Enhanced + One-Step,NYSE:EVRI,0.0
2022-03-14,17,AR1 alpha + Enhanced + One-Step,NYSE:EVRI,0.0
2022-03-15,17,AR1 alpha + Enhanced + One-Step,NYSE:EVRI,0.0
2022-03-16,17,AR1 alpha + Enhanced + One-Step,NYSE:EVRI,2.7890798949703167e-08
2022-03-17,17,AR1 alpha + Enhanced + One-Step,NYSE:EVRI,0.005903028620252026
2022-03-18,17,AR1 alpha + Enhanced + One-Step,NYSE:EVRI,0.016549973164950372
2022-03-21,17,AR1 alpha + Enhanced + One-Step,NYSE:EVRI,0.016550184470525007
2022-03-22,17,AR1 alpha + Enhanced + One-Step,NYSE:EVRI,0.016550168592258364
2022-03-23,17,AR1 alpha + Enhanced + One-Step,NYSE:EVRI,0.01655016508789962
2022-03-24,17,AR1 alpha + Enhanced + One-Step,NYSE:EVRI,0.01655016728232935
2022-03-25,17,AR1 alpha + Enhanced + One-Step,NYSE:EVRI,0.01654921992236571
2022-03-28,17,AR1 alpha + Enhanced + One-Step,NYSE:EVRI,0.016549218516937407
2022-03-29,17,AR1 alpha + Enhanced + One-Step,NYSE:EVRI,0.018848091092377905
2022-03-30,17,AR1 alpha + Enhanced + One-Step,NYSE:EVRI,0.018848097767274745
2022-03-31,17,AR1 alpha + Enhanced + One-Step,NYSE:EVRI,0.018848082830325106
2022-04-01,17,AR1 alpha + Enhanced + One-Step,NYSE:EVRI,0.01884417927532559
2022-04-04,17,AR1 alpha + Enhanced + One-Step,NYSE:EVRI,0.018843625507063227
2022-04-05,17,AR1 alpha + Enhanced + One-Step,NYSE:EVRI,0.018843824680777853
2022-04-06,17,AR1 alpha + Enhanced + One-Step,NYSE:EVRI,0.01884275242814867
2022-04-07,17,AR1 alpha + Enhanced + One-Step,NYSE:EVRI,0.01884271044094992
2022-04-08,17,AR1 alpha + Enhanced + One-Step,NYSE:EVRI,0.018842850969427206
2022-04-11,17,AR1 alpha + Enhanced + One-Step,NYSE:EVRI,0.018840375443653374
2022-04-12,17,AR1 alpha + Enhanced + One-Step,NYSE:EVRI,0.018839122500570585
2022-04-13,17,AR1 alpha + Enhanced + One-Step,NYSE:EVRI,0.018839196774347616
2022-04-14,17,AR1 alpha + Enhanced + One-Step,NYSE:EVRI,0.018838259470999666
2022-04-18,17,AR1 alpha + Enhanced + One-Step,NYSE:EVRI,0.018837816703504102
2022-04-19,17,AR1 alpha + Enhanced + One-Step,NYSE:EVRI,0.018830630386948696
2022-04-20,17,AR1 alpha + Enhanced + One-Step,NYSE:EVRI,0.018830557624552845
2022-04-21,17,AR1 alpha + Enhanced + One-Step,NYSE:EVRI,0.018830233170063118
2022-04-22,17,AR1 alpha + Enhanced + One-Step,NYSE:EVRI,0.016540482312341627
2022-04-25,17,AR1 alpha + Enhanced + One-Step,NYSE:EVRI,0.01654001577849944
2022-04-26,17,AR1 alpha + Enhanced + One-Step,NYSE:EVRI,0.016540145601615448
2022-04-27,17,AR1 alpha + Enhanced + One-Step,NYSE:EVRI,0.002136995391245203
2022-04-28,17,AR1 alpha + Enhanced + One-Step,NYSE:EVRI,0.0021362027021712628
2022-04-29,17,AR1 alpha + Enhanced + One-Step,NYSE:EVRI,0.0
2022-05-02,17,AR1 alpha + Enhanced + One-Step,NYSE:EVRI,0.0
2022-05-03,17,AR1 alpha + Enhanced + One-Step,NYSE:EVRI,0.0
2022-05-04,17,AR1 alpha + Enhanced + One-Step,NYSE:EVRI,0.0
2022-05-05,17,AR1 alpha + Enhanced + One-Step,NYSE:EVRI,0.0
2022-05-06,17,AR1 alpha + Enhanced + One-Step,NYSE:EVRI,0.0
2022-05-09,17,AR1 alpha + Enhanced + One-Step,NYSE:EVRI,0.0
2022-05-10,17,AR1 alpha + Enhanced + One-Step,NYSE:EVRI,0.0
2022-05-11,17,AR1 alpha + Enhanced + One-Step,NYSE:EVRI,0.0
2022-05-12,17,AR1 alpha + Enhanced + One-Step,NYSE:EVRI,0.0
2022-05-13,17,AR1 alpha + Enhanced + One-Step,NYSE:EVRI,0.0
2022-05-16,17,AR1 alpha + Enhanced + One-Step,NYSE:EVRI,0.0
2022-05-17,17,AR1 alpha + Enhanced + One-Step,NYSE:EVRI,0.0
2022-05-18,17,AR1 alpha + Enhanced + One-Step,NYSE:EVRI,0.0
2022-05-19,17,AR1 alpha + Enhanced + One-Step,NYSE:EVRI,0.0
2022-05-20,17,AR1 alpha + Enhanced + One-Step,NYSE:EVRI,0.0
2022-05-23,17,AR1 alpha + Enhanced + One-Step,NYSE:EVRI,0.0
2022-05-24,17,AR1 alpha + Enhanced + One-Step,NYSE:EVRI,0.0
2022-05-25,17,AR1 alpha + Enhanced + One-Step,NYSE:EVRI,0.0
2022-05-26,17,AR1 alpha + Enhanced + One-Step,NYSE:EVRI,4.136127743413867e-09
2022-05-27,17,AR1 alpha + Enhanced + One-Step,NYSE:EVRI,5.753101112625661e-08
2022-05-31,17,AR1 alpha + Enhanced + One-Step,NYSE:EVRI,0.0
2022-06-01,17,AR1 alpha + Enhanced + One-Step,NYSE:EVRI,3.9943146853520883e-07
2022-06-02,17,AR1 alpha + Enhanced + One-Step,NYSE:EVRI,3.496972679404308e-07
2022-06-03,17,AR1 alpha + Enhanced + One-Step,NYSE:EVRI,0.0
2022-06-06,17,AR1 alpha + Enhanced + One-Step,NYSE:EVRI,0.0
2022-06-07,17,AR1 alpha + Enhanced + One-Step,NYSE:EVRI,0.0
2022-06-08,17,AR1 alpha + Enhanced + One-Step,NYSE:EVRI,0.0
2022-06-09,17,AR1 alpha + Enhanced + One-Step,NYSE:EVRI,0.0
2022-06-10,17,AR1 alpha + Enhanced + One-Step,NYSE:EVRI,0.0
2022-06-13,17,AR1 alpha + Enhanced + One-Step,NYSE:EVRI,0.0
2022-06-14,17,AR1 alpha + Enhanced + One-Step,NYSE:EVRI,5.38618005308703e-08
2022-06-15,17,AR1 alpha + Enhanced + One-Step,NYSE:EVRI,0.0
2022-06-16,17,AR1 alpha + Enhanced + One-Step,NYSE:EVRI,0.0
2022-06-17,17,AR1 alpha + Enhanced + One-Step,NYSE:EVRI,1.8725529094872988e-07
2022-06-21,17,AR1 alpha + Enhanced + One-Step,NYSE:EVRI,0.0
2022-06-22,17,AR1 alpha + Enhanced + One-Step,NYSE:EVRI,0.0
2022-06-23,17,AR1 alpha + Enhanced + One-Step,NYSE:EVRI,0.0
2022-06-24,17,AR1 alpha + Enhanced + One-Step,NYSE:EVRI,0.0
2022-06-27,17,AR1 alpha + Enhanced + One-Step,NYSE:EVRI,7.437427091938665e-08
2022-06-28,17,AR1 alpha + Enhanced + One-Step,NYSE:EVRI,3.541285584004151e-08
2022-06-29,17,AR1 alpha + Enhanced + One-Step,NYSE:EVRI,0.0
2022-06-30,17,AR1 alpha + Enhanced + One-Step,NYSE:EVRI,8.292229039535473e-08
2022-07-01,17,AR1 alpha + Enhanced + One-Step,NYSE:EVRI,0.0
2022-07-05,17,AR1 alpha + Enhanced + One-Step,NYSE:EVRI,0.0
2022-07-06,17,AR1 alpha + Enhanced + One-Step,NYSE:EVRI,0.0
2022-07-07,17,AR1 alpha + Enhanced + One-Step,NYSE:EVRI,0.0
2022-07-08,17,AR1 alpha + Enhanced + One-Step,NYSE:EVRI,0.0
2022-07-11,17,AR1 alpha + Enhanced + One-Step,NYSE:EVRI,0.0
2022-07-12,17,AR1 alpha + Enhanced + One-Step,NYSE:EVRI,0.0
2022-07-13,17,AR1 alpha + Enhanced + One-Step,NYSE:EVRI,0.0
2022-07-14,17,AR1 alpha + Enhanced + One-Step,NYSE:EVRI,4.905803932920407e-10
2022-07-15,17,AR1 alpha + Enhanced + One-Step,NYSE:EVRI,7.067680549927903e-09
2022-07-18,17,AR1 alpha + Enhanced + One-Step,NYSE:EVRI,0.0
2022-07-19,17,AR1 alpha + Enhanced + One-Step,NYSE:EVRI,0.0
2022-07-20,17,AR1 alpha + Enhanced + One-Step,NYSE:EVRI,0.0
2022-07-21,17,AR1 alpha + Enhanced + One-Step,NYSE:EVRI,0.0
2022-07-22,17,AR1 alpha + Enhanced + One-Step,NYSE:EVRI,0.0
2022-07-25,17,AR1 alpha + Enhanced + One-Step,NYSE:EVRI,2.3563905653147932e-07
2022-07-26,17,AR1 alpha + Enhanced + One-Step,NYSE:EVRI,0.0
2022-07-27,17,AR1 alpha + Enhanced + One-Step,NYSE:EVRI,0.0
2022-07-28,17,AR1 alpha + Enhanced + One-Step,NYSE:EVRI,5.713042679441735e-09
2022-07-29,17,AR1 alpha + Enhanced + One-Step,NYSE:EVRI,0.0
2022-08-01,17,AR1 alpha + Enhanced + One-Step,NYSE:EVRI,0.0
2022-08-02,17,AR1 alpha + Enhanced + One-Step,NYSE:EVRI,0.0
2022-08-03,17,AR1 alpha + Enhanced + One-Step,NYSE:EVRI,0.0
2022-08-04,17,AR1 alpha + Enhanced + One-Step,NYSE:EVRI,1.101608263653527e-07
2022-08-05,17,AR1 alpha + Enhanced + One-Step,NYSE:EVRI,0.0
2022-08-08,17,AR1 alpha + Enhanced + One-Step,NYSE:EVRI,0.0
2022-08-09,17,AR1 alpha + Enhanced + One-Step,NYSE:EVRI,3.259886252358164e-07
2022-08-10,17,AR1 alpha + Enhanced + One-Step,NYSE:EVRI,0.0
2022-08-11,17,AR1 alpha + Enhanced + One-Step,NYSE:EVRI,0.0
2022-08-12,17,AR1 alpha + Enhanced + One-Step,NYSE:EVRI,2.253168850276181e-09
2022-08-15,17,AR1 alpha + Enhanced + One-Step,NYSE:EVRI,0.0
2022-08-16,17,AR1 alpha + Enhanced + One-Step,NYSE:EVRI,2.8973140955861093e-08
2022-08-17,17,AR1 alpha + Enhanced + One-Step,NYSE:EVRI,3.7962790346090264e-07
2022-08-18,17,AR1 alpha + Enhanced + One-Step,NYSE:EVRI,0.0
2022-08-19,17,AR1 alpha + Enhanced + One-Step,NYSE:EVRI,0.0
2022-08-22,17,AR1 alpha + Enhanced + One-Step,NYSE:EVRI,2.721330610684493e-07
2022-08-23,17,AR1 alpha + Enhanced + One-Step,NYSE:EVRI,2.992220571712733e-07
2022-08-24,17,AR1 alpha + Enhanced + One-Step,NYSE:EVRI,1.0792859649640442e-07
2022-08-25,17,AR1 alpha + Enhanced + One-Step,NYSE:EVRI,0.0
2022-08-26,17,AR1 alpha + Enhanced + One-Step,NYSE:EVRI,0.0
2022-08-29,17,AR1 alpha + Enhanced + One-Step,NYSE:EVRI,2.7213691652736998e-08
2022-08-30,17,AR1 alpha + Enhanced + One-Step,NYSE:EVRI,8.644178909531636e-09
2022-08-31,17,AR1 alpha + Enhanced + One-Step,NYSE:EVRI,0.0
2022-09-01,17,AR1 alpha + Enhanced + One-Step,NYSE:EVRI,1.2167836035210593e-07
2022-09-02,17,AR1 alpha + Enhanced + One-Step,NYSE:EVRI,6.509751299258194e-08
2022-09-06,17,AR1 alpha + Enhanced + One-Step,NYSE:EVRI,3.685281864333311e-08
2022-09-07,17,AR1 alpha + Enhanced + One-Step,NYSE:EVRI,3.2838234436440834e-08
2022-09-08,17,AR1 alpha + Enhanced + One-Step,NYSE:EVRI,7.887646680830223e-08
2022-09-09,17,AR1 alpha + Enhanced + One-Step,NYSE:EVRI,1.0584084300879914e-07
2022-09-12,17,AR1 alpha + Enhanced + One-Step,NYSE:EVRI,0.0
2022-09-13,17,AR1 alpha + Enhanced + One-Step,NYSE:EVRI,4.4862363879339955e-09
2022-09-14,17,AR1 alpha + Enhanced + One-Step,NYSE:EVRI,4.545266165900317e-09
2022-09-15,17,AR1 alpha + Enhanced + One-Step,NYSE:EVRI,0.0
2022-09-16,17,AR1 alpha + Enhanced + One-Step,NYSE:EVRI,4.114691644110061e-08
2022-09-19,17,AR1 alpha + Enhanced + One-Step,NYSE:EVRI,0.0
2022-09-20,17,AR1 alpha + Enhanced + One-Step,NYSE:EVRI,9.61391013719569e-08
2022-09-21,17,AR1 alpha + Enhanced + One-Step,NYSE:EVRI,0.0
2022-09-22,17,AR1 alpha + Enhanced + One-Step,NYSE:EVRI,0.0
2022-09-23,17,AR1 alpha + Enhanced + One-Step,NYSE:EVRI,1.934471601173074e-08
2022-09-26,17,AR1 alpha + Enhanced + One-Step,NYSE:EVRI,0.0
2022-09-27,17,AR1 alpha + Enhanced + One-Step,NYSE:EVRI,0.0
2022-09-28,17,AR1 alpha + Enhanced + One-Step,NYSE:EVRI,0.0
2022-09-29,17,AR1 alpha + Enhanced + One-Step,NYSE:EVRI,2.1491428440628347e-07
2022-09-30,17,AR1 alpha + Enhanced + One-Step,NYSE:EVRI,7.067209324273352e-08
2022-10-03,17,AR1 alpha + Enhanced + One-Step,NYSE:EVRI,3.469158419407582e-08
2022-10-04,17,AR1 alpha + Enhanced + One-Step,NYSE:EVRI,7.709383268309806e-08
2022-10-05,17,AR1 alpha + Enhanced + One-Step,NYSE:EVRI,0.0
2022-10-06,17,AR1 alpha + Enhanced + One-Step,NYSE:EVRI,0.0
2022-10-07,17,AR1 alpha + Enhanced + One-Step,NYSE:EVRI,1.2112378482067245e-08
2022-10-10,17,AR1 alpha + Enhanced + One-Step,NYSE:EVRI,0.0
2022-10-11,17,AR1 alpha + Enhanced + One-Step,NYSE:EVRI,0.0
2022-10-12,17,AR1 alpha + Enhanced + One-Step,NYSE:EVRI,0.0
2022-10-13,17,AR1 alpha + Enhanced + One-Step,NYSE:EVRI,9.67503727874794e-07
2022-10-14,17,AR1 alpha + Enhanced + One-Step,NYSE:EVRI,3.8393602108490526e-07
2022-10-17,17,AR1 alpha + Enhanced + One-Step,NYSE:EVRI,1.3277723354638215e-07
2022-10-18,17,AR1 alpha + Enhanced + One-Step,NYSE:EVRI,6.55341563029463e-08
2022-10-19,17,AR1 alpha + Enhanced + One-Step,NYSE:EVRI,3.640397209928909e-08
2022-10-20,17,AR1 alpha + Enhanced + One-Step,NYSE:EVRI,0.0
2022-10-21,17,AR1 alpha + Enhanced + One-Step,NYSE:EVRI,2.806626335220106e-08
2022-10-24,17,AR1 alpha + Enhanced + One-Step,NYSE:EVRI,0.0
2022-10-25,17,AR1 alpha + Enhanced + One-Step,NYSE:EVRI,8.004228942879041e-09
2022-10-26,17,AR1 alpha + Enhanced + One-Step,NYSE:EVRI,3.6204750227926156e-08
2022-10-27,17,AR1 alpha + Enhanced + One-Step,NYSE:EVRI,0.0
2022-10-28,17,AR1 alpha + Enhanced + One-Step,NYSE:EVRI,0.0
2022-10-31,17,AR1 alpha + Enhanced + One-Step,NYSE:EVRI,0.0
2022-11-01,17,AR1 alpha + Enhanced + One-Step,NYSE:EVRI,0.0
2022-11-02,17,AR1 alpha + Enhanced + One-Step,NYSE:EVRI,6.184663385237502e-08
2022-11-03,17,AR1 alpha + Enhanced + One-Step,NYSE:EVRI,1.2849396121994238e-06
2022-11-04,17,AR1 alpha + Enhanced + One-Step,NYSE:EVRI,4.346968128715389e-07
2022-11-07,17,AR1 alpha + Enhanced + One-Step,NYSE:EVRI,0.0
2022-11-08,17,AR1 alpha + Enhanced + One-Step,NYSE:EVRI,6.198965353160489e-08
2022-11-09,17,AR1 alpha + Enhanced + One-Step,NYSE:EVRI,0.0
2022-11-10,17,AR1 alpha + Enhanced + One-Step,NYSE:EVRI,1.620199908221842e-08
2022-11-11,17,AR1 alpha + Enhanced + One-Step,NYSE:EVRI,2.8891196671401076e-08
2022-11-14,17,AR1 alpha + Enhanced + One-Step,NYSE:EVRI,0.0
2022-11-15,17,AR1 alpha + Enhanced + One-Step,NYSE:EVRI,1.3459786929338754e-08
2022-11-16,17,AR1 alpha + Enhanced + One-Step,NYSE:EVRI,1.1859998842115027e-08
2022-11-17,17,AR1 alpha + Enhanced + One-Step,NYSE:EVRI,0.0
2022-11-18,17,AR1 alpha + Enhanced + One-Step,NYSE:EVRI,2.2524660186713023e-08
2022-11-21,17,AR1 alpha + Enhanced + One-Step,NYSE:EVRI,0.0
2022-11-22,17,AR1 alpha + Enhanced + One-Step,NYSE:EVRI,0.0
2022-11-23,17,AR1 alpha + Enhanced + One-Step,NYSE:EVRI,2.7204391741266324e-07
2022-11-25,17,AR1 alpha + Enhanced + One-Step,NYSE:EVRI,2.5523420836029585e-07
2022-11-28,17,AR1 alpha + Enhanced + One-Step,NYSE:EVRI,1.718461308913099e-07
2022-11-29,17,AR1 alpha + Enhanced + One-Step,NYSE:EVRI,1.0661025238435528e-07
2022-11-30,17,AR1 alpha + Enhanced + One-Step,NYSE:EVRI,6.064814243144338e-08
2022-12-01,17,AR1 alpha + Enhanced + One-Step,NYSE:EVRI,0.0
2022-12-02,17,AR1 alpha + Enhanced + One-Step,NYSE:EVRI,3.6330839331240944e-08
2022-12-05,17,AR1 alpha + Enhanced + One-Step,NYSE:EVRI,0.0
2022-12-06,17,AR1 alpha + Enhanced + One-Step,NYSE:EVRI,0.0
2022-12-07,17,AR1 alpha + Enhanced + One-Step,NYSE:EVRI,0.0
2022-12-08,17,AR1 alpha + Enhanced + One-Step,NYSE:EVRI,0.0
2022-12-09,17,AR1 alpha + Enhanced + One-Step,NYSE:EVRI,0.0
2022-12-12,17,AR1 alpha + Enhanced + One-Step,NYSE:EVRI,0.0
2022-12-13,17,AR1 alpha + Enhanced + One-Step,NYSE:EVRI,0.0
2022-12-14,17,AR1 alpha + Enhanced + One-Step,NYSE:EVRI,0.0
2022-12-15,17,AR1 alpha + Enhanced + One-Step,NYSE:EVRI,0.0
2022-12-16,17,AR1 alpha + Enhanced + One-Step,NYSE:EVRI,0.0
2022-12-19,17,AR1 alpha + Enhanced + One-Step,NYSE:EVRI,0.0
2022-12-20,17,AR1 alpha + Enhanced + One-Step,NYSE:EVRI,0.0
2022-12-21,17,AR1 alpha + Enhanced + One-Step,NYSE:EVRI,1.411651246344289e-08
2022-12-22,17,AR1 alpha + Enhanced + One-Step,NYSE:EVRI,7.56039072182853e-09
2022-12-23,17,AR1 alpha + Enhanced + One-Step,NYSE:EVRI,2.254426514675384e-08
2022-12-27,17,AR1 alpha + Enhanced + One-Step,NYSE:EVRI,1.9874262141151348e-08
2022-12-28,17,AR1 alpha + Enhanced + One-Step,NYSE:EVRI,0.0
2022-12-29,17,AR1 alpha + Enhanced + One-Step,NYSE:EVRI,0.0
2022-12-30,17,AR1 alpha + Enhanced + One-Step,NYSE:EVRI,0.0
2023-01-03,17,AR1 alpha + Enhanced + One-Step,NYSE:EVRI,3.6422444988490107e-09
2023-01-04,17,AR1 alpha + Enhanced + One-Step,NYSE:EVRI,0.0
2023-01-05,17,AR1 alpha + Enhanced + One-Step,NYSE:EVRI,3.4450727847567775e-07
2023-01-06,17,AR1 alpha + Enhanced + One-Step,NYSE:EVRI,1.5046124207452158e-07
2023-01-09,17,AR1 alpha + Enhanced + One-Step,NYSE:EVRI,0.0
2023-01-10,17,AR1 alpha + Enhanced + One-Step,NYSE:EVRI,3.5104610325451943e-07
2023-01-11,17,AR1 alpha + Enhanced + One-Step,NYSE:EVRI,0.0
2023-01-12,17,AR1 alpha + Enhanced + One-Step,NYSE:EVRI,0.0
2023-01-13,17,AR1 alpha + Enhanced + One-Step,NYSE:EVRI,0.0
2023-01-17,17,AR1 alpha + Enhanced + One-Step,NYSE:EVRI,0.0
2023-01-18,17,AR1 alpha + Enhanced + One-Step,NYSE:EVRI,2.3742478990291174e-07
2023-01-19,17,AR1 alpha + Enhanced + One-Step,NYSE:EVRI,0.0
2023-01-20,17,AR1 alpha + Enhanced + One-Step,NYSE:EVRI,0.0
2023-01-23,17,AR1 alpha + Enhanced + One-Step,NYSE:EVRI,0.0
2023-01-24,17,AR1 alpha + Enhanced + One-Step,NYSE:EVRI,1.5884432736866463e-08
2023-01-25,17,AR1 alpha + Enhanced + One-Step,NYSE:EVRI,2.4467813884586998e-08
2023-01-26,17,AR1 alpha + Enhanced + One-Step,NYSE:EVRI,0.0
2023-01-27,17,AR1 alpha + Enhanced + One-Step,NYSE:EVRI,0.0
2023-01-30,17,AR1 alpha + Enhanced + One-Step,NYSE:EVRI,4.619502213823054e-08
2023-01-31,17,AR1 alpha + Enhanced + One-Step,NYSE:EVRI,0.0
2023-02-01,17,AR1 alpha + Enhanced + One-Step,NYSE:EVRI,0.0
2023-02-02,17,AR1 alpha + Enhanced + One-Step,NYSE:EVRI,8.137967052083561e-07
2023-02-03,17,AR1 alpha + Enhanced + One-Step,NYSE:EVRI,4.3303468653715686e-07
2023-02-06,17,AR1 alpha + Enhanced + One-Step,NYSE:EVRI,5.409970205595244e-07
2023-02-07,17,AR1 alpha + Enhanced + One-Step,NYSE:EVRI,1.6383313765851917e-06
2023-02-08,17,AR1 alpha + Enhanced + One-Step,NYSE:EVRI,7.401158573611152e-07
2023-02-09,17,AR1 alpha + Enhanced + One-Step,NYSE:EVRI,3.599093616386292e-07
2023-02-10,17,AR1 alpha + Enhanced + One-Step,NYSE:EVRI,0.0
2023-02-13,17,AR1 alpha + Enhanced + One-Step,NYSE:EVRI,0.0
2023-02-14,17,AR1 alpha + Enhanced + One-Step,NYSE:EVRI,8.428431071681507e-07
2023-02-15,17,AR1 alpha + Enhanced + One-Step,NYSE:EVRI,4.765995786447999e-07
2023-02-16,17,AR1 alpha + Enhanced + One-Step,NYSE:EVRI,0.0
2023-02-17,17,AR1 alpha + Enhanced + One-Step,NYSE:EVRI,0.0
2023-02-21,17,AR1 alpha + Enhanced + One-Step,NYSE:EVRI,0.0
2023-02-22,17,AR1 alpha + Enhanced + One-Step,NYSE:EVRI,0.0
2023-02-23,17,AR1 alpha + Enhanced + One-Step,NYSE:EVRI,0.0
2023-02-24,17,AR1 alpha + Enhanced + One-Step,NYSE:EVRI,1.2569897241559061e-06
2023-02-27,17,AR1 alpha + Enhanced + One-Step,NYSE:EVRI,7.711186414616042e-07
2023-02-28,17,AR1 alpha + Enhanced + One-Step,NYSE:EVRI,1.0497840864163448e-06
2023-03-01,17,AR1 alpha + Enhanced + One-Step,NYSE:EVRI,4.371430749383654e-07
2023-03-02,17,AR1 alpha + Enhanced + One-Step,NYSE:EVRI,0.0
2023-03-03,17,AR1 alpha + Enhanced + One-Step,NYSE:EVRI,0.0
2023-03-06,17,AR1 alpha + Enhanced + One-Step,NYSE:EVRI,0.0
2023-03-07,17,AR1 alpha + Enhanced + One-Step,NYSE:EVRI,0.0
2023-03-08,17,AR1 alpha + Enhanced + One-Step,NYSE:EVRI,0.0
2023-03-09,17,AR1 alpha + Enhanced + One-Step,NYSE:EVRI,0.0
2023-03-10,17,AR1 alpha + Enhanced + One-Step,NYSE:EVRI,0.0
2023-03-13,17,AR1 alpha + Enhanced + One-Step,NYSE:EVRI,0.0
2023-03-14,17,AR1 alpha + Enhanced + One-Step,NYSE:EVRI,3.04283591298949e-09
2023-03-15,17,AR1 alpha + Enhanced + One-Step,NYSE:EVRI,0.0
2023-03-16,17,AR1 alpha + Enhanced + One-Step,NYSE:EVRI,6.703317529149992e-09
2023-03-17,17,AR1 alpha + Enhanced + One-Step,NYSE:EVRI,0.0
2023-03-20,17,AR1 alpha + Enhanced + One-Step,NYSE:EVRI,0.0
2023-03-21,17,AR1 alpha + Enhanced + One-Step,NYSE:EVRI,0.0
2023-03-22,17,AR1 alpha + Enhanced + One-Step,NYSE:EVRI,0.0
2023-03-23,17,AR1 alpha + Enhanced + One-Step,NYSE:EVRI,0.0
2023-03-24,17,AR1 alpha + Enhanced + One-Step,NYSE:EVRI,1.9108251155456723e-08
2023-03-27,17,AR1 alpha + Enhanced + One-Step,NYSE:EVRI,0.0
2023-03-28,17,AR1 alpha + Enhanced + One-Step,NYSE:EVRI,0.0
2023-03-29,17,AR1 alpha + Enhanced + One-Step,NYSE:EVRI,7.810615591323333e-09
2023-03-30,17,AR1 alpha + Enhanced + One-Step,NYSE:EVRI,1.9695169678786627e-08
2023-03-31,17,AR1 alpha + Enhanced + One-Step,NYSE:EVRI,1.2253736512772567e-07
2023-04-03,17,AR1 alpha + Enhanced + One-Step,NYSE:EVRI,0.0
2023-04-04,17,AR1 alpha + Enhanced + One-Step,NYSE:EVRI,0.0
2023-04-05,17,AR1 alpha + Enhanced + One-Step,NYSE:EVRI,0.0
2023-04-06,17,AR1 alpha + Enhanced + One-Step,NYSE:EVRI,5.212582462618425e-08
2023-04-10,17,AR1 alpha + Enhanced + One-Step,NYSE:EVRI,5.715018841647591e-07
2023-04-11,17,AR1 alpha + Enhanced + One-Step,NYSE:EVRI,0.0
2023-04-12,17,AR1 alpha + Enhanced + One-Step,NYSE:EVRI,0.0
2023-04-13,17,AR1 alpha + Enhanced + One-Step,NYSE:EVRI,0.0
2023-04-14,17,AR1 alpha + Enhanced + One-Step,NYSE:EVRI,8.085486821004975e-08
2023-04-17,17,AR1 alpha + Enhanced + One-Step,NYSE:EVRI,1.213775324051104e-07
2023-04-18,17,AR1 alpha + Enhanced + One-Step,NYSE:EVRI,0.0
2023-04-19,17,AR1 alpha + Enhanced + One-Step,NYSE:EVRI,0.0
2023-04-20,17,AR1 alpha + Enhanced + One-Step,NYSE:EVRI,4.409481639638533e-08
2023-04-21,17,AR1 alpha + Enhanced + One-Step,NYSE:EVRI,0.0
2023-04-24,17,AR1 alpha + Enhanced + One-Step,NYSE:EVRI,0.0
2023-04-25,17,AR1 alpha + Enhanced + One-Step,NYSE:EVRI,5.744795551479369e-07
2023-04-26,17,AR1 alpha + Enhanced + One-Step,NYSE:EVRI,2.407190966772107e-07
2023-04-27,17,AR1 alpha + Enhanced + One-Step,NYSE:EVRI,0.0
2023-04-28,17,AR1 alpha + Enhanced + One-Step,NYSE:EVRI,0.0
2023-05-01,17,AR1 alpha + Enhanced + One-Step,NYSE:EVRI,0.0
2023-05-02,17,AR1 alpha + Enhanced + One-Step,NYSE:EVRI,8.943784176389972e-08
2023-05-03,17,AR1 alpha + Enhanced + One-Step,NYSE:EVRI,0.0
2023-05-04,17,AR1 alpha + Enhanced + One-Step,NYSE:EVRI,0.0
2023-05-05,17,AR1 alpha + Enhanced + One-Step,NYSE:EVRI,0.0
2023-05-08,17,AR1 alpha + Enhanced + One-Step,NYSE:EVRI,0.0
2023-05-09,17,AR1 alpha + Enhanced + One-Step,NYSE:EVRI,0.0
2023-05-10,17,AR1 alpha + Enhanced + One-Step,NYSE:EVRI,3.01314990439099e-07
2023-05-11,17,AR1 alpha + Enhanced + One-Step,NYSE:EVRI,1.8509673732582634e-07
2023-05-12,17,AR1 alpha + Enhanced + One-Step,NYSE:EVRI,2.4713315141515214e-07
2023-05-15,17,AR1 alpha + Enhanced + One-Step,NYSE:EVRI,7.2652539978300785e-09
2023-05-16,17,AR1 alpha + Enhanced + One-Step,NYSE:EVRI,5.478801200236914e-08
2023-05-17,17,AR1 alpha + Enhanced + One-Step,NYSE:EVRI,0.0
2023-05-18,17,AR1 alpha + Enhanced + One-Step,NYSE:EVRI,1.3287112359429294e-06
2023-05-19,17,AR1 alpha + Enhanced + One-Step,NYSE:EVRI,7.326404385417604e-08
2023-05-22,17,AR1 alpha + Enhanced + One-Step,NYSE:EVRI,1.1724612610776562e-09
2023-05-23,17,AR1 alpha + Enhanced + One-Step,NYSE:EVRI,0.0
2023-05-24,17,AR1 alpha + Enhanced + One-Step,NYSE:EVRI,0.0
2023-05-25,17,AR1 alpha + Enhanced + One-Step,NYSE:EVRI,0.0
2023-05-26,17,AR1 alpha + Enhanced + One-Step,NYSE:EVRI,1.492872024216309e-08
2023-05-30,17,AR1 alpha + Enhanced + One-Step,NYSE:EVRI,0.0
2023-05-31,17,AR1 alpha + Enhanced + One-Step,NYSE:EVRI,0.0
2023-06-01,17,AR1 alpha + Enhanced + One-Step,NYSE:EVRI,0.0
2023-06-02,17,AR1 alpha + Enhanced + One-Step,NYSE:EVRI,0.0
2023-06-05,17,AR1 alpha + Enhanced + One-Step,NYSE:EVRI,0.0
2023-06-06,17,AR1 alpha + Enhanced + One-Step,NYSE:EVRI,1.91403951366126e-06
2023-06-07,17,AR1 alpha + Enhanced + One-Step,NYSE:EVRI,7.564492096758556e-07
2023-06-08,17,AR1 alpha + Enhanced + One-Step,NYSE:EVRI,2.9049196972378775e-07
2023-06-09,17,AR1 alpha + Enhanced + One-Step,NYSE:EVRI,0.0
2023-06-12,17,AR1 alpha + Enhanced + One-Step,NYSE:EVRI,0.0
2023-06-13,17,AR1 alpha + Enhanced + One-Step,NYSE:EVRI,0.0
2023-06-14,17,AR1 alpha + Enhanced + One-Step,NYSE:EVRI,0.0
2023-06-15,17,AR1 alpha + Enhanced + One-Step,NYSE:EVRI,0.0
2023-06-16,17,AR1 alpha + Enhanced + One-Step,NYSE:EVRI,0.0
2023-06-20,17,AR1 alpha + Enhanced + One-Step,NYSE:EVRI,0.0
2023-06-21,17,AR1 alpha + Enhanced + One-Step,NYSE:EVRI,0.0
2023-06-22,17,AR1 alpha + Enhanced + One-Step,NYSE:EVRI,0.0
2023-06-23,17,AR1 alpha + Enhanced + One-Step,NYSE:EVRI,0.0
2023-06-26,17,AR1 alpha + Enhanced + One-Step,NYSE:EVRI,0.0
2023-06-27,17,AR1 alpha + Enhanced + One-Step,NYSE:EVRI,0.0
2023-06-28,17,AR1 alpha + Enhanced + One-Step,NYSE:EVRI,0.0
2023-06-29,17,AR1 alpha + Enhanced + One-Step,NYSE:EVRI,0.0
2023-06-30,17,AR1 alpha + Enhanced + One-Step,NYSE:EVRI,0.0
2023-07-03,17,AR1 alpha + Enhanced + One-Step,NYSE:EVRI,0.0
2023-07-05,17,AR1 alpha + Enhanced + One-Step,NYSE:EVRI,0.0
2023-07-06,17,AR1 alpha + Enhanced + One-Step,NYSE:EVRI,0.0
2023-07-07,17,AR1 alpha + Enhanced + One-Step,NYSE:EVRI,0.0
2023-07-10,17,AR1 alpha + Enhanced + One-Step,NYSE:EVRI,4.536475971409275e-08
2023-07-11,17,AR1 alpha + Enhanced + One-Step,NYSE:EVRI,0.0
2023-07-12,17,AR1 alpha + Enhanced + One-Step,NYSE:EVRI,7.667753027400249e-08
2023-07-13,17,AR1 alpha + Enhanced + One-Step,NYSE:EVRI,0.0
2023-07-14,17,AR1 alpha + Enhanced + One-Step,NYSE:EVRI,0.0
2023-07-17,17,AR1 alpha + Enhanced + One-Step,NYSE:EVRI,0.0
2023-07-18,17,AR1 alpha + Enhanced + One-Step,NYSE:EVRI,3.851541535343345e-07
2023-07-19,17,AR1 alpha + Enhanced + One-Step,NYSE:EVRI,0.0
2023-07-20,17,AR1 alpha + Enhanced + One-Step,NYSE:EVRI,0.0
2023-07-21,17,AR1 alpha + Enhanced + One-Step,NYSE:EVRI,0.0
2023-07-24,17,AR1 alpha + Enhanced + One-Step,NYSE:EVRI,0.0
2023-07-25,17,AR1 alpha + Enhanced + One-Step,NYSE:EVRI,0.0
2023-07-26,17,AR1 alpha + Enhanced + One-Step,NYSE:EVRI,0.0
2023-07-27,17,AR1 alpha + Enhanced + One-Step,NYSE:EVRI,0.0
2023-08-01,17,AR1 alpha + Enhanced + One-Step,NYSE:EVRI,3.1861797595111825e-07
2023-08-02,17,AR1 alpha + Enhanced + One-Step,NYSE:EVRI,5.397848973539925e-08
2023-08-03,17,AR1 alpha + Enhanced + One-Step,NYSE:EVRI,1.1164832278283595e-07
2023-08-04,17,AR1 alpha + Enhanced + One-Step,NYSE:EVRI,2.385738967982462e-06
2023-08-07,17,AR1 alpha + Enhanced + One-Step,NYSE:EVRI,1.1182998127388966e-06
2023-08-08,17,AR1 alpha + Enhanced + One-Step,NYSE:EVRI,1.5290616218670764e-06
2023-08-09,17,AR1 alpha + Enhanced + One-Step,NYSE:EVRI,0.0
2023-08-10,17,AR1 alpha + Enhanced + One-Step,NYSE:EVRI,0.0
2023-08-11,17,AR1 alpha + Enhanced + One-Step,NYSE:EVRI,0.0
2023-08-14,17,AR1 alpha + Enhanced + One-Step,NYSE:EVRI,0.0
2023-08-15,17,AR1 alpha + Enhanced + One-Step,NYSE:EVRI,0.0
2023-08-16,17,AR1 alpha + Enhanced + One-Step,NYSE:EVRI,0.0
2023-08-17,17,AR1 alpha + Enhanced + One-Step,NYSE:EVRI,0.0
2023-08-18,17,AR1 alpha + Enhanced + One-Step,NYSE:EVRI,0.0
2023-08-21,17,AR1 alpha + Enhanced + One-Step,NYSE:EVRI,0.0
2023-08-22,17,AR1 alpha + Enhanced + One-Step,NYSE:EVRI,0.0
2023-08-23,17,AR1 alpha + Enhanced + One-Step,NYSE:EVRI,0.0
2023-08-24,17,AR1 alpha + Enhanced + One-Step,NYSE:EVRI,0.0
2023-08-25,17,AR1 alpha + Enhanced + One-Step,NYSE:EVRI,0.0
2023-08-28,17,AR1 alpha + Enhanced + One-Step,NYSE:EVRI,0.0
2023-08-29,17,AR1 alpha + Enhanced + One-Step,NYSE:EVRI,0.0
2023-08-30,17,AR1 alpha + Enhanced + One-Step,NYSE:EVRI,0.0
2023-08-31,17,AR1 alpha + Enhanced + One-Step,NYSE:EVRI,0.0
2023-09-01,17,AR1 alpha + Enhanced + One-Step,NYSE:EVRI,0.0
2023-09-05,17,AR1 alpha + Enhanced + One-Step,NYSE:EVRI,0.0
2023-09-06,17,AR1 alpha + Enhanced + One-Step,NYSE:EVRI,0.0
2023-09-07,17,AR1 alpha + Enhanced + One-Step,NYSE:EVRI,0.0
2023-09-08,17,AR1 alpha + Enhanced + One-Step,NYSE:EVRI,0.0
2023-09-11,17,AR1 alpha + Enhanced + One-Step,NYSE:EVRI,1.266510924557586e-07
2023-09-12,17,AR1 alpha + Enhanced + One-Step,NYSE:EVRI,1.8193255339676602e-07
2023-09-13,17,AR1 alpha + Enhanced + One-Step,NYSE:EVRI,0.0
2023-09-14,17,AR1 alpha + Enhanced + One-Step,NYSE:EVRI,2.1204345597161887e-08
2023-09-15,17,AR1 alpha + Enhanced + One-Step,NYSE:EVRI,3.336686109523263e-07
2023-09-18,17,AR1 alpha + Enhanced + One-Step,NYSE:EVRI,2.4842831354536038e-08
2023-09-19,17,AR1 alpha + Enhanced + One-Step,NYSE:EVRI,2.4039229061986058e-08
2023-09-20,17,AR1 alpha + Enhanced + One-Step,NYSE:EVRI,3.236046259975164e-08
2023-09-21,17,AR1 alpha + Enhanced + One-Step,NYSE:EVRI,8.50981385698361e-08
2023-09-22,17,AR1 alpha + Enhanced + One-Step,NYSE:EVRI,6.778016711709054e-08
2023-09-25,17,AR1 alpha + Enhanced + One-Step,NYSE:EVRI,0.0
2023-09-26,17,AR1 alpha + Enhanced + One-Step,NYSE:EVRI,0.0
2023-09-27,17,AR1 alpha + Enhanced + One-Step,NYSE:EVRI,0.0
2023-09-28,17,AR1 alpha + Enhanced + One-Step,NYSE:EVRI,4.653983514530976e-10
2023-09-29,17,AR1 alpha + Enhanced + One-Step,NYSE:EVRI,0.0
2023-10-02,17,AR1 alpha + Enhanced + One-Step,NYSE:EVRI,0.0
2023-10-03,17,AR1 alpha + Enhanced + One-Step,NYSE:EVRI,0.0
2023-10-04,17,AR1 alpha + Enhanced + One-Step,NYSE:EVRI,0.0
2023-10-05,17,AR1 alpha + Enhanced + One-Step,NYSE:EVRI,0.0
2023-10-06,17,AR1 alpha + Enhanced + One-Step,NYSE:EVRI,0.0
2023-10-09,17,AR1 alpha + Enhanced + One-Step,NYSE:EVRI,0.0
2023-10-10,17,AR1 alpha + Enhanced + One-Step,NYSE:EVRI,0.0
2023-10-11,17,AR1 alpha + Enhanced + One-Step,NYSE:EVRI,0.0
2023-10-12,17,AR1 alpha + Enhanced + One-Step,NYSE:EVRI,2.877528415056862e-09
2023-10-13,17,AR1 alpha + Enhanced + One-Step,NYSE:EVRI,7.567920449584809e-09
2023-10-16,17,AR1 alpha + Enhanced + One-Step,NYSE:EVRI,1.8205039581664618e-08
2023-10-17,17,AR1 alpha + Enhanced + One-Step,NYSE:EVRI,0.0
2023-10-18,17,AR1 alpha + Enhanced + One-Step,NYSE:EVRI,1.1253489120299574e-07
2023-10-19,17,AR1 alpha + Enhanced + One-Step,NYSE:EVRI,4.6226017166219775e-08
2023-10-20,17,AR1 alpha + Enhanced + One-Step,NYSE:EVRI,7.349828646980397e-08
2023-10-23,17,AR1 alpha + Enhanced + One-Step,NYSE:EVRI,0.0
2023-10-24,17,AR1 alpha + Enhanced + One-Step,NYSE:EVRI,4.573368736492693e-09
2023-10-25,17,AR1 alpha + Enhanced + One-Step,NYSE:EVRI,0.0
2023-10-26,17,AR1 alpha + Enhanced + One-Step,NYSE:EVRI,0.0
2023-10-27,17,AR1 alpha + Enhanced + One-Step,NYSE:EVRI,0.0
2023-10-30,17,AR1 alpha + Enhanced + One-Step,NYSE:EVRI,0.0
2023-10-31,17,AR1 alpha + Enhanced + One-Step,NYSE:EVRI,1.1025447200423028e-07
2023-11-01,17,AR1 alpha + Enhanced + One-Step,NYSE:EVRI,0.0
2023-11-02,17,AR1 alpha + Enhanced + One-Step,NYSE:EVRI,1.476523949233667e-06
2023-11-03,17,AR1 alpha + Enhanced + One-Step,NYSE:EVRI,9.45372130409124e-07
2023-11-06,17,AR1 alpha + Enhanced + One-Step,NYSE:EVRI,6.720258805099293e-07
2023-11-07,17,AR1 alpha + Enhanced + One-Step,NYSE:EVRI,0.0
2023-11-08,17,AR1 alpha + Enhanced + One-Step,NYSE:EVRI,0.0
2023-11-09,17,AR1 alpha + Enhanced + One-Step,NYSE:EVRI,0.0
2023-11-10,17,AR1 alpha + Enhanced + One-Step,NYSE:EVRI,0.0
2023-11-13,17,AR1 alpha + Enhanced + One-Step,NYSE:EVRI,0.0
2023-11-14,17,AR1 alpha + Enhanced + One-Step,NYSE:EVRI,6.93201658971167e-07
2023-11-15,17,AR1 alpha + Enhanced + One-Step,NYSE:EVRI,2.6456068695896674e-07
2023-11-16,17,AR1 alpha + Enhanced + One-Step,NYSE:EVRI,0.0
2023-11-17,17,AR1 alpha + Enhanced + One-Step,NYSE:EVRI,0.0
2023-11-20,17,AR1 alpha + Enhanced + One-Step,NYSE:EVRI,5.621988067310849e-08
2023-11-21,17,AR1 alpha + Enhanced + One-Step,NYSE:EVRI,3.754224114431712e-08
2023-11-22,17,AR1 alpha + Enhanced + One-Step,NYSE:EVRI,0.0
2023-11-24,17,AR1 alpha + Enhanced + One-Step,NYSE:EVRI,0.0
2023-11-27,17,AR1 alpha + Enhanced + One-Step,NYSE:EVRI,0.0
2023-11-28,17,AR1 alpha + Enhanced + One-Step,NYSE:EVRI,5.8114221338409205e-08
2023-11-29,17,AR1 alpha + Enhanced + One-Step,NYSE:EVRI,0.0
2023-11-30,17,AR1 alpha + Enhanced + One-Step,NYSE:EVRI,0.0
2023-12-01,17,AR1 alpha + Enhanced + One-Step,NYSE:EVRI,0.0
2023-12-04,17,AR1 alpha + Enhanced + One-Step,NYSE:EVRI,0.0
2023-12-05,17,AR1 alpha + Enhanced + One-Step,NYSE:EVRI,0.0
2023-12-06,17,AR1 alpha + Enhanced + One-Step,NYSE:EVRI,0.0
2023-12-07,17,AR1 alpha + Enhanced + One-Step,NYSE:EVRI,0.0
2023-12-08,17,AR1 alpha + Enhanced + One-Step,NYSE:EVRI,3.045946084197377e-08
2023-12-11,17,AR1 alpha + Enhanced + One-Step,NYSE:EVRI,0.0
2023-12-12,17,AR1 alpha + Enhanced + One-Step,NYSE:EVRI,0.0
2023-12-13,17,AR1 alpha + Enhanced + One-Step,NYSE:EVRI,9.651070925924557e-07
2023-12-14,17,AR1 alpha + Enhanced + One-Step,NYSE:EVRI,4.406067750556749e-07
2023-12-15,17,AR1 alpha + Enhanced + One-Step,NYSE:EVRI,0.0
2023-12-18,17,AR1 alpha + Enhanced + One-Step,NYSE:EVRI,0.0
2023-12-19,17,AR1 alpha + Enhanced + One-Step,NYSE:EVRI,0.0
2023-12-20,17,AR1 alpha + Enhanced + One-Step,NYSE:EVRI,5.342534807763224e-07
2023-12-21,17,AR1 alpha + Enhanced + One-Step,NYSE:EVRI,3.430114797401535e-07
2023-12-22,17,AR1 alpha + Enhanced + One-Step,NYSE:EVRI,2.3201004479534602e-07
2023-12-26,17,AR1 alpha + Enhanced + One-Step,NYSE:EVRI,0.0
2023-12-27,17,AR1 alpha + Enhanced + One-Step,NYSE:EVRI,0.0
2023-12-28,17,AR1 alpha + Enhanced + One-Step,NYSE:EVRI,6.693359993813021e-09
2023-12-29,17,AR1 alpha + Enhanced + One-Step,NYSE:EVRI,2.2279597613563395e-07
2024-01-02,17,AR1 alpha + Enhanced + One-Step,NYSE:EVRI,0.0
2024-01-03,17,AR1 alpha + Enhanced + One-Step,NYSE:EVRI,0.0
2024-01-04,17,AR1 alpha + Enhanced + One-Step,NYSE:EVRI,0.0
2024-01-05,17,AR1 alpha + Enhanced + One-Step,NYSE:EVRI,3.0718253484921094e-07
2024-01-08,17,AR1 alpha + Enhanced + One-Step,NYSE:EVRI,5.868374010773701e-07
2024-01-09,17,AR1 alpha + Enhanced + One-Step,NYSE:EVRI,0.0
2024-01-10,17,AR1 alpha + Enhanced + One-Step,NYSE:EVRI,0.0
2024-01-11,17,AR1 alpha + Enhanced + One-Step,NYSE:EVRI,0.0
2024-01-12,17,AR1 alpha + Enhanced + One-Step,NYSE:EVRI,0.0
2024-01-16,17,AR1 alpha + Enhanced + One-Step,NYSE:EVRI,0.0
2024-01-17,17,AR1 alpha + Enhanced + One-Step,NYSE:EVRI,0.0
2024-01-18,17,AR1 alpha + Enhanced + One-Step,NYSE:EVRI,0.0
2024-01-19,17,AR1 alpha + Enhanced + One-Step,NYSE:EVRI,0.0
2024-01-22,17,AR1 alpha + Enhanced + One-Step,NYSE:EVRI,0.0
2024-01-23,17,AR1 alpha + Enhanced + One-Step,NYSE:EVRI,0.0
2024-01-24,17,AR1 alpha + Enhanced + One-Step,NYSE:EVRI,0.0
2024-01-25,17,AR1 alpha + Enhanced + One-Step,NYSE:EVRI,0.0
2024-01-26,17,AR1 alpha + Enhanced + One-Step,NYSE:EVRI,0.0
2024-01-29,17,AR1 alpha + Enhanced + One-Step,NYSE:EVRI,0.0
2024-01-30,17,AR1 alpha + Enhanced + One-Step,NYSE:EVRI,0.0
2024-01-31,17,AR1 alpha + Enhanced + One-Step,NYSE:EVRI,0.0
2024-02-01,17,AR1 alpha + Enhanced + One-Step,NYSE:EVRI,0.0
2024-02-02,17,AR1 alpha + Enhanced + One-Step,NYSE:EVRI,0.0
2024-02-05,17,AR1 alpha + Enhanced + One-Step,NYSE:EVRI,0.0
2024-02-06,17,AR1 alpha + Enhanced + One-Step,NYSE:EVRI,0.0
2024-02-07,17,AR1 alpha + Enhanced + One-Step,NYSE:EVRI,0.0
2024-02-08,17,AR1 alpha + Enhanced + One-Step,NYSE:EVRI,0.0
2024-02-09,17,AR1 alpha + Enhanced + One-Step,NYSE:EVRI,0.0
2024-02-12,17,AR1 alpha + Enhanced + One-Step,NYSE:EVRI,0.0
2024-02-13,17,AR1 alpha + Enhanced + One-Step,NYSE:EVRI,5.811151826389416e-07
2024-02-14,17,AR1 alpha + Enhanced + One-Step,NYSE:EVRI,6.755528910052509e-07
2024-02-15,17,AR1 alpha + Enhanced + One-Step,NYSE:EVRI,0.0
2024-02-16,17,AR1 alpha + Enhanced + One-Step,NYSE:EVRI,5.498522923504048e-07
2024-02-20,17,AR1 alpha + Enhanced + One-Step,NYSE:EVRI,5.332626422424296e-07
2024-02-21,17,AR1 alpha + Enhanced + One-Step,NYSE:EVRI,0.0
2024-02-22,17,AR1 alpha + Enhanced + One-Step,NYSE:EVRI,0.0
2024-02-23,17,AR1 alpha + Enhanced + One-Step,NYSE:EVRI,0.0
2024-02-26,17,AR1 alpha + Enhanced + One-Step,NYSE:EVRI,0.0
2024-02-27,17,AR1 alpha + Enhanced + One-Step,NYSE:EVRI,0.0
2024-02-28,17,AR1 alpha + Enhanced + One-Step,NYSE:EVRI,0.0
2024-02-29,17,AR1 alpha + Enhanced + One-Step,NYSE:EVRI,0.0
2024-03-01,17,AR1 alpha + Enhanced + One-Step,NYSE:EVRI,0.0
2024-03-04,17,AR1 alpha + Enhanced + One-Step,NYSE:EVRI,0.0
2024-03-05,17,AR1 alpha + Enhanced + One-Step,NYSE:EVRI,0.0
2024-03-06,17,AR1 alpha + Enhanced + One-Step,NYSE:EVRI,0.0
2024-03-07,17,AR1 alpha + Enhanced + One-Step,NYSE:EVRI,0.0
2024-03-08,17,AR1 alpha + Enhanced + One-Step,NYSE:EVRI,0.0
2024-03-11,17,AR1 alpha + Enhanced + One-Step,NYSE:EVRI,0.0
2024-03-12,17,AR1 alpha + Enhanced + One-Step,NYSE:EVRI,0.0
2024-03-13,17,AR1 alpha + Enhanced + One-Step,NYSE:EVRI,0.0
2024-03-14,17,AR1 alpha + Enhanced + One-Step,NYSE:EVRI,0.0
2024-03-15,17,AR1 alpha + Enhanced + One-Step,NYSE:EVRI,5.1652307531565485e-08
2024-03-18,17,AR1 alpha + Enhanced + One-Step,NYSE:EVRI,0.0
2024-03-19,17,AR1 alpha + Enhanced + One-Step,NYSE:EVRI,0.0
2024-03-20,17,AR1 alpha + Enhanced + One-Step,NYSE:EVRI,0.0
2024-03-21,17,AR1 alpha + Enhanced + One-Step,NYSE:EVRI,0.0
2024-03-22,17,AR1 alpha + Enhanced + One-Step,NYSE:EVRI,0.0
2024-03-25,17,AR1 alpha + Enhanced + One-Step,NYSE:EVRI,0.0
2024-03-26,17,AR1 alpha + Enhanced + One-Step,NYSE:EVRI,0.0
2024-03-27,17,AR1 alpha + Enhanced + One-Step,NYSE:EVRI,0.0
2024-03-28,17,AR1 alpha + Enhanced + One-Step,NYSE:EVRI,6.29911705286413e-08
2024-04-01,17,AR1 alpha + Enhanced + One-Step,NYSE:EVRI,7.907038361131921e-08
2024-04-02,17,AR1 alpha + Enhanced + One-Step,NYSE:EVRI,0.0
2024-04-03,17,AR1 alpha + Enhanced + One-Step,NYSE:EVRI,0.0
2024-04-04,17,AR1 alpha + Enhanced + One-Step,NYSE:EVRI,0.0
2024-04-05,17,AR1 alpha + Enhanced + One-Step,NYSE:EVRI,0.0
2024-04-08,17,AR1 alpha + Enhanced + One-Step,NYSE:EVRI,7.559304080122588e-08
2024-04-09,17,AR1 alpha + Enhanced + One-Step,NYSE:EVRI,0.0
2024-04-10,17,AR1 alpha + Enhanced + One-Step,NYSE:EVRI,0.0
2024-04-11,17,AR1 alpha + Enhanced + One-Step,NYSE:EVRI,0.0
2024-04-12,17,AR1 alpha + Enhanced + One-Step,NYSE:EVRI,0.0
2024-04-15,17,AR1 alpha + Enhanced + One-Step,NYSE:EVRI,0.0
2024-04-16,17,AR1 alpha + Enhanced + One-Step,NYSE:EVRI,0.0
2024-04-17,17,AR1 alpha + Enhanced + One-Step,NYSE:EVRI,4.861970312999683e-08
2024-04-18,17,AR1 alpha + Enhanced + One-Step,NYSE:EVRI,0.0
2024-04-19,17,AR1 alpha + Enhanced + One-Step,NYSE:EVRI,0.0
2020-03-25,17,AR1 alpha + Enhanced + One-Step,NASDAQ:SFIX,0.020000000000007227
2020-03-26,17,AR1 alpha + Enhanced + One-Step,NASDAQ:SFIX,0.02000000000001305
2020-03-27,17,AR1 alpha + Enhanced + One-Step,NASDAQ:SFIX,0.019999982496266402
2020-03-30,17,AR1 alpha + Enhanced + One-Step,NASDAQ:SFIX,0.02000109625098831
2020-03-31,17,AR1 alpha + Enhanced + One-Step,NASDAQ:SFIX,0.020002601796299407
2020-04-01,17,AR1 alpha + Enhanced + One-Step,NASDAQ:SFIX,0.0200025899615043
2020-04-02,17,AR1 alpha + Enhanced + One-Step,NASDAQ:SFIX,0.020004127322490683
2020-04-03,17,AR1 alpha + Enhanced + One-Step,NASDAQ:SFIX,0.02000524430031889
2020-04-06,17,AR1 alpha + Enhanced + One-Step,NASDAQ:SFIX,0.020006035550014897
2020-04-07,17,AR1 alpha + Enhanced + One-Step,NASDAQ:SFIX,0.02000485321883056
2020-04-08,17,AR1 alpha + Enhanced + One-Step,NASDAQ:SFIX,0.020005015242419693
2020-04-09,17,AR1 alpha + Enhanced + One-Step,NASDAQ:SFIX,0.02000496523542611
2020-04-13,17,AR1 alpha + Enhanced + One-Step,NASDAQ:SFIX,0.020004692597089445
2020-04-14,17,AR1 alpha + Enhanced + One-Step,NASDAQ:SFIX,0.02000588847320073
2020-04-15,17,AR1 alpha + Enhanced + One-Step,NASDAQ:SFIX,0.020006822246804404
2020-04-16,17,AR1 alpha + Enhanced + One-Step,NASDAQ:SFIX,0.020007460102709953
2020-04-17,17,AR1 alpha + Enhanced + One-Step,NASDAQ:SFIX,0.02000753388532951
2020-04-20,17,AR1 alpha + Enhanced + One-Step,NASDAQ:SFIX,0.02000740981387829
2020-04-21,17,AR1 alpha + Enhanced + One-Step,NASDAQ:SFIX,0.020007475204298335
2020-04-22,17,AR1 alpha + Enhanced + One-Step,NASDAQ:SFIX,0.020007673372781355
2020-04-23,17,AR1 alpha + Enhanced + One-Step,NASDAQ:SFIX,0.02000746272336685
2020-04-24,17,AR1 alpha + Enhanced + One-Step,NASDAQ:SFIX,0.02000752581394061
2020-04-27,17,AR1 alpha + Enhanced + One-Step,NASDAQ:SFIX,0.02000753894796135
2020-04-28,17,AR1 alpha + Enhanced + One-Step,NASDAQ:SFIX,0.02000754740802567
2020-04-29,17,AR1 alpha + Enhanced + One-Step,NASDAQ:SFIX,0.020007554905262022
2020-04-30,17,AR1 alpha + Enhanced + One-Step,NASDAQ:SFIX,0.020007605293457444
2020-05-01,17,AR1 alpha + Enhanced + One-Step,NASDAQ:SFIX,0.020006708042679552
2020-05-04,17,AR1 alpha + Enhanced + One-Step,NASDAQ:SFIX,0.020006727039549692
2020-05-05,17,AR1 alpha + Enhanced + One-Step,NASDAQ:SFIX,0.020006706363843357
2020-05-06,17,AR1 alpha + Enhanced + One-Step,NASDAQ:SFIX,0.02000672922869326
2020-05-07,17,AR1 alpha + Enhanced + One-Step,NASDAQ:SFIX,0.02000674501066508
2020-05-08,17,AR1 alpha + Enhanced + One-Step,NASDAQ:SFIX,0.02000649317774803
2020-05-11,17,AR1 alpha + Enhanced + One-Step,NASDAQ:SFIX,0.020006368567424004
2020-05-12,17,AR1 alpha + Enhanced + One-Step,NASDAQ:SFIX,0.020006321056924844
2020-05-13,17,AR1 alpha + Enhanced + One-Step,NASDAQ:SFIX,0.020006371039794628
2020-05-14,17,AR1 alpha + Enhanced + One-Step,NASDAQ:SFIX,0.020004007303215814
2020-05-15,17,AR1 alpha + Enhanced + One-Step,NASDAQ:SFIX,0.020004072057844165
2020-05-18,17,AR1 alpha + Enhanced + One-Step,NASDAQ:SFIX,0.020004317993775198
2020-05-19,17,AR1 alpha + Enhanced + One-Step,NASDAQ:SFIX,0.02000413690952902
2020-05-20,17,AR1 alpha + Enhanced + One-Step,NASDAQ:SFIX,0.02000421142472402
2020-05-21,17,AR1 alpha + Enhanced + One-Step,NASDAQ:SFIX,0.020003954590417303
2020-05-22,17,AR1 alpha + Enhanced + One-Step,NASDAQ:SFIX,0.020003941356589353
2020-05-26,17,AR1 alpha + Enhanced + One-Step,NASDAQ:SFIX,0.03908743677266523
2020-05-27,17,AR1 alpha + Enhanced + One-Step,NASDAQ:SFIX,0.05206869662162867
2020-05-28,17,AR1 alpha + Enhanced + One-Step,NASDAQ:SFIX,0.07706935023328382
2020-05-29,17,AR1 alpha + Enhanced + One-Step,NASDAQ:SFIX,0.1000000062147267
2020-06-01,17,AR1 alpha + Enhanced + One-Step,NASDAQ:SFIX,0.10000003803510994
2020-06-02,17,AR1 alpha + Enhanced + One-Step,NASDAQ:SFIX,0.09999998575827788
2020-06-03,17,AR1 alpha + Enhanced + One-Step,NASDAQ:SFIX,0.10000015892863166
2020-06-04,17,AR1 alpha + Enhanced + One-Step,NASDAQ:SFIX,0.09999968494793751
2020-06-05,17,AR1 alpha + Enhanced + One-Step,NASDAQ:SFIX,0.09999943523758632
2020-06-08,17,AR1 alpha + Enhanced + One-Step,NASDAQ:SFIX,0.0999997553252499
2020-06-09,17,AR1 alpha + Enhanced + One-Step,NASDAQ:SFIX,0.09999991697306033
2020-06-10,17,AR1 alpha + Enhanced + One-Step,NASDAQ:SFIX,0.0999999804851323
2020-06-11,17,AR1 alpha + Enhanced + One-Step,NASDAQ:SFIX,0.10000020480375794
2020-06-12,17,AR1 alpha + Enhanced + One-Step,NASDAQ:SFIX,0.10000008877727985
2020-06-15,17,AR1 alpha + Enhanced + One-Step,NASDAQ:SFIX,0.09999989777284939
2020-06-16,17,AR1 alpha + Enhanced + One-Step,NASDAQ:SFIX,0.09999997707964019
2020-06-17,17,AR1 alpha + Enhanced + One-Step,NASDAQ:SFIX,0.09999999070829801
2020-06-18,17,AR1 alpha + Enhanced + One-Step,NASDAQ:SFIX,0.09999994041584
2020-06-19,17,AR1 alpha + Enhanced + One-Step,NASDAQ:SFIX,0.09999983457151189
2020-06-22,17,AR1 alpha + Enhanced + One-Step,NASDAQ:SFIX,0.09999994792160562
2020-06-23,17,AR1 alpha + Enhanced + One-Step,NASDAQ:SFIX,0.09999996533944001
2020-06-24,17,AR1 alpha + Enhanced + One-Step,NASDAQ:SFIX,0.09999988393407441
2020-06-25,17,AR1 alpha + Enhanced + One-Step,NASDAQ:SFIX,0.09999996471469248
2020-06-26,17,AR1 alpha + Enhanced + One-Step,NASDAQ:SFIX,0.09999921199684647
2020-06-29,17,AR1 alpha + Enhanced + One-Step,NASDAQ:SFIX,0.09999841293725553
2020-06-30,17,AR1 alpha + Enhanced + One-Step,NASDAQ:SFIX,0.0999984020111518
2020-07-01,17,AR1 alpha + Enhanced + One-Step,NASDAQ:SFIX,0.09999632856026669
2020-07-02,17,AR1 alpha + Enhanced + One-Step,NASDAQ:SFIX,0.09999846957969445
2020-07-06,17,AR1 alpha + Enhanced + One-Step,NASDAQ:SFIX,0.099999293513031
2020-07-07,17,AR1 alpha + Enhanced + One-Step,NASDAQ:SFIX,0.09999902162258893
2020-07-08,17,AR1 alpha + Enhanced + One-Step,NASDAQ:SFIX,0.09999902730001163
2020-07-09,17,AR1 alpha + Enhanced + One-Step,NASDAQ:SFIX,0.09999862872626979
2020-07-10,17,AR1 alpha + Enhanced + One-Step,NASDAQ:SFIX,0.09999889317998648
2020-07-13,17,AR1 alpha + Enhanced + One-Step,NASDAQ:SFIX,0.09999951623712337
2020-07-14,17,AR1 alpha + Enhanced + One-Step,NASDAQ:SFIX,0.09999966756869456
2020-07-15,17,AR1 alpha + Enhanced + One-Step,NASDAQ:SFIX,0.09999991209101322
2020-07-16,17,AR1 alpha + Enhanced + One-Step,NASDAQ:SFIX,0.09999996563734297
2020-07-17,17,AR1 alpha + Enhanced + One-Step,NASDAQ:SFIX,0.09999997881235491
2020-07-20,17,AR1 alpha + Enhanced + One-Step,NASDAQ:SFIX,0.09999998342886524
2020-07-21,17,AR1 alpha + Enhanced + One-Step,NASDAQ:SFIX,0.10000000626717698
2020-07-22,17,AR1 alpha + Enhanced + One-Step,NASDAQ:SFIX,0.1000000037091691
2020-07-23,17,AR1 alpha + Enhanced + One-Step,NASDAQ:SFIX,0.0999984418103937
2020-07-24,17,AR1 alpha + Enhanced + One-Step,NASDAQ:SFIX,0.09999746980805928
2020-07-27,17,AR1 alpha + Enhanced + One-Step,NASDAQ:SFIX,0.09999746710073729
2020-07-28,17,AR1 alpha + Enhanced + One-Step,NASDAQ:SFIX,0.09382372668848217
2020-07-29,17,AR1 alpha + Enhanced + One-Step,NASDAQ:SFIX,0.09382291627660741
2020-07-30,17,AR1 alpha + Enhanced + One-Step,NASDAQ:SFIX,0.0833530858260548
2020-07-31,17,AR1 alpha + Enhanced + One-Step,NASDAQ:SFIX,0.08335133269374592
2020-08-03,17,AR1 alpha + Enhanced + One-Step,NASDAQ:SFIX,0.08335121105271424
2020-08-04,17,AR1 alpha + Enhanced + One-Step,NASDAQ:SFIX,0.07864395161889012
2020-08-05,17,AR1 alpha + Enhanced + One-Step,NASDAQ:SFIX,0.07198767325051843
2020-08-06,17,AR1 alpha + Enhanced + One-Step,NASDAQ:SFIX,0.07198763982874558
2020-08-07,17,AR1 alpha + Enhanced + One-Step,NASDAQ:SFIX,0.05463402937870409
2020-08-10,17,AR1 alpha + Enhanced + One-Step,NASDAQ:SFIX,0.04540388333757524
2020-08-11,17,AR1 alpha + Enhanced + One-Step,NASDAQ:SFIX,0.04540355519094896
2020-08-12,17,AR1 alpha + Enhanced + One-Step,NASDAQ:SFIX,0.04540354212369999
2020-08-13,17,AR1 alpha + Enhanced + One-Step,NASDAQ:SFIX,0.04383417871831428
2020-08-14,17,AR1 alpha + Enhanced + One-Step,NASDAQ:SFIX,0.03571032582145274
2020-08-17,17,AR1 alpha + Enhanced + One-Step,NASDAQ:SFIX,0.030798746087063615
2020-08-18,17,AR1 alpha + Enhanced + One-Step,NASDAQ:SFIX,0.03079819166859862
2020-08-19,17,AR1 alpha + Enhanced + One-Step,NASDAQ:SFIX,0.030797868780877723
2020-08-20,17,AR1 alpha + Enhanced + One-Step,NASDAQ:SFIX,0.025333966904704103
2020-08-21,17,AR1 alpha + Enhanced + One-Step,NASDAQ:SFIX,0.010739309518834334
2020-08-24,17,AR1 alpha + Enhanced + One-Step,NASDAQ:SFIX,0.010739211771913348
2020-08-25,17,AR1 alpha + Enhanced + One-Step,NASDAQ:SFIX,0.023637345378578433
2020-08-26,17,AR1 alpha + Enhanced + One-Step,NASDAQ:SFIX,0.024726079286103445
2020-08-27,17,AR1 alpha + Enhanced + One-Step,NASDAQ:SFIX,0.024910587558842626
2020-08-28,17,AR1 alpha + Enhanced + One-Step,NASDAQ:SFIX,0.030410381205815563
2020-08-31,17,AR1 alpha + Enhanced + One-Step,NASDAQ:SFIX,0.03234259025502649
2020-09-01,17,AR1 alpha + Enhanced + One-Step,NASDAQ:SFIX,0.03234145047423635
2020-09-02,17,AR1 alpha + Enhanced + One-Step,NASDAQ:SFIX,0.03234145600423551
2020-09-03,17,AR1 alpha + Enhanced + One-Step,NASDAQ:SFIX,0.03234127455601629
2020-09-04,17,AR1 alpha + Enhanced + One-Step,NASDAQ:SFIX,0.03234130645628874
2020-09-08,17,AR1 alpha + Enhanced + One-Step,NASDAQ:SFIX,0.03234130453109937
2020-09-09,17,AR1 alpha + Enhanced + One-Step,NASDAQ:SFIX,0.032341351082820144
2020-09-10,17,AR1 alpha + Enhanced + One-Step,NASDAQ:SFIX,0.03234093581142505
2020-09-11,17,AR1 alpha + Enhanced + One-Step,NASDAQ:SFIX,0.0323409978872229
2020-09-14,17,AR1 alpha + Enhanced + One-Step,NASDAQ:SFIX,0.049927615253705836
2020-09-15,17,AR1 alpha + Enhanced + One-Step,NASDAQ:SFIX,0.06822480908052644
2020-09-16,17,AR1 alpha + Enhanced + One-Step,NASDAQ:SFIX,0.06822480170537197
2020-09-17,17,AR1 alpha + Enhanced + One-Step,NASDAQ:SFIX,0.06822217146258223
2020-09-18,17,AR1 alpha + Enhanced + One-Step,NASDAQ:SFIX,0.06822200787830371
2020-09-21,17,AR1 alpha + Enhanced + One-Step,NASDAQ:SFIX,0.06822176526290483
2020-09-22,17,AR1 alpha + Enhanced + One-Step,NASDAQ:SFIX,0.0682217808475983
2020-09-23,17,AR1 alpha + Enhanced + One-Step,NASDAQ:SFIX,0.09322876166070115
2020-09-24,17,AR1 alpha + Enhanced + One-Step,NASDAQ:SFIX,0.09999906616155897
2020-09-25,17,AR1 alpha + Enhanced + One-Step,NASDAQ:SFIX,0.09999775950541923
2020-09-28,17,AR1 alpha + Enhanced + One-Step,NASDAQ:SFIX,0.0999989222339962
2020-09-29,17,AR1 alpha + Enhanced + One-Step,NASDAQ:SFIX,0.09999922938088267
2020-09-30,17,AR1 alpha + Enhanced + One-Step,NASDAQ:SFIX,0.09999904804118079
2020-10-01,17,AR1 alpha + Enhanced + One-Step,NASDAQ:SFIX,0.09999971673853535
2020-10-02,17,AR1 alpha + Enhanced + One-Step,NASDAQ:SFIX,0.09999991914173229
2020-10-05,17,AR1 alpha + Enhanced + One-Step,NASDAQ:SFIX,0.10000016534268272
2020-10-06,17,AR1 alpha + Enhanced + One-Step,NASDAQ:SFIX,0.09704331290818005
2020-10-07,17,AR1 alpha + Enhanced + One-Step,NASDAQ:SFIX,0.09019751036271992
2020-10-08,17,AR1 alpha + Enhanced + One-Step,NASDAQ:SFIX,0.06520199327893952
2020-10-09,17,AR1 alpha + Enhanced + One-Step,NASDAQ:SFIX,0.06520198010533727
2020-10-12,17,AR1 alpha + Enhanced + One-Step,NASDAQ:SFIX,0.06520198866935949
2020-10-13,17,AR1 alpha + Enhanced + One-Step,NASDAQ:SFIX,0.06520210118846398
2020-10-14,17,AR1 alpha + Enhanced + One-Step,NASDAQ:SFIX,0.06520201711030442
2020-10-15,17,AR1 alpha + Enhanced + One-Step,NASDAQ:SFIX,0.06520139210975075
2020-10-16,17,AR1 alpha + Enhanced + One-Step,NASDAQ:SFIX,0.06520133154882003
2020-10-19,17,AR1 alpha + Enhanced + One-Step,NASDAQ:SFIX,0.06519863969753302
2020-10-20,17,AR1 alpha + Enhanced + One-Step,NASDAQ:SFIX,0.06519485778537926
2020-10-21,17,AR1 alpha + Enhanced + One-Step,NASDAQ:SFIX,0.0651922905800211
2020-10-22,17,AR1 alpha + Enhanced + One-Step,NASDAQ:SFIX,0.0651893315238294
2020-10-23,17,AR1 alpha + Enhanced + One-Step,NASDAQ:SFIX,0.06518711591016295
2020-10-26,17,AR1 alpha + Enhanced + One-Step,NASDAQ:SFIX,0.06518702577546537
2020-10-27,17,AR1 alpha + Enhanced + One-Step,NASDAQ:SFIX,0.06518748414605305
2020-10-28,17,AR1 alpha + Enhanced + One-Step,NASDAQ:SFIX,0.06518706680647605
2020-10-29,17,AR1 alpha + Enhanced + One-Step,NASDAQ:SFIX,0.06518720297376256
2020-10-30,17,AR1 alpha + Enhanced + One-Step,NASDAQ:SFIX,0.06518689663357745
2020-11-02,17,AR1 alpha + Enhanced + One-Step,NASDAQ:SFIX,0.07734558685268225
2020-11-03,17,AR1 alpha + Enhanced + One-Step,NASDAQ:SFIX,0.07734402676438251
2020-11-04,17,AR1 alpha + Enhanced + One-Step,NASDAQ:SFIX,0.08388778984493098
2020-11-05,17,AR1 alpha + Enhanced + One-Step,NASDAQ:SFIX,0.08388746521214883
2020-11-06,17,AR1 alpha + Enhanced + One-Step,NASDAQ:SFIX,0.08388748883174031
2020-11-09,17,AR1 alpha + Enhanced + One-Step,NASDAQ:SFIX,0.08388753195290893
2020-11-10,17,AR1 alpha + Enhanced + One-Step,NASDAQ:SFIX,0.0838885302899725
2020-11-11,17,AR1 alpha + Enhanced + One-Step,NASDAQ:SFIX,0.08388880538199348
2020-11-12,17,AR1 alpha + Enhanced + One-Step,NASDAQ:SFIX,0.08388844841137097
2020-11-13,17,AR1 alpha + Enhanced + One-Step,NASDAQ:SFIX,0.0858555632736555
2020-11-16,17,AR1 alpha + Enhanced + One-Step,NASDAQ:SFIX,0.08585557787429528
2020-11-17,17,AR1 alpha + Enhanced + One-Step,NASDAQ:SFIX,0.09307181708257732
2020-11-18,17,AR1 alpha + Enhanced + One-Step,NASDAQ:SFIX,0.09306910684377204
2020-11-19,17,AR1 alpha + Enhanced + One-Step,NASDAQ:SFIX,0.09306750419295001
2020-11-20,17,AR1 alpha + Enhanced + One-Step,NASDAQ:SFIX,0.09306749589021322
2020-11-23,17,AR1 alpha + Enhanced + One-Step,NASDAQ:SFIX,0.09146039618256345
2020-11-24,17,AR1 alpha + Enhanced + One-Step,NASDAQ:SFIX,0.08142212070966307
2020-11-25,17,AR1 alpha + Enhanced + One-Step,NASDAQ:SFIX,0.07769553771922448
2020-11-27,17,AR1 alpha + Enhanced + One-Step,NASDAQ:SFIX,0.05279403929151237
2020-11-30,17,AR1 alpha + Enhanced + One-Step,NASDAQ:SFIX,0.05279116694863323
2020-12-01,17,AR1 alpha + Enhanced + One-Step,NASDAQ:SFIX,0.056087024097310006
2020-12-04,17,AR1 alpha + Enhanced + One-Step,NASDAQ:SFIX,0.07276248766641773
2020-12-07,17,AR1 alpha + Enhanced + One-Step,NASDAQ:SFIX,0.07918806907107442
2020-12-08,17,AR1 alpha + Enhanced + One-Step,NASDAQ:SFIX,0.05416974837399327
2020-12-09,17,AR1 alpha + Enhanced + One-Step,NASDAQ:SFIX,0.04129986528098526
2020-12-10,17,AR1 alpha + Enhanced + One-Step,NASDAQ:SFIX,0.05010960434356455
2020-12-11,17,AR1 alpha + Enhanced + One-Step,NASDAQ:SFIX,0.05917936459917443
2020-12-14,17,AR1 alpha + Enhanced + One-Step,NASDAQ:SFIX,0.08268428409503688
2020-12-15,17,AR1 alpha + Enhanced + One-Step,NASDAQ:SFIX,0.10000008299025655
2020-12-16,17,AR1 alpha + Enhanced + One-Step,NASDAQ:SFIX,0.09999899337851285
2020-12-17,17,AR1 alpha + Enhanced + One-Step,NASDAQ:SFIX,0.09999911212363016
2020-12-18,17,AR1 alpha + Enhanced + One-Step,NASDAQ:SFIX,0.09999981282930617
2020-12-21,17,AR1 alpha + Enhanced + One-Step,NASDAQ:SFIX,0.09999962658751085
2020-12-22,17,AR1 alpha + Enhanced + One-Step,NASDAQ:SFIX,0.09999993466820217
2020-12-23,17,AR1 alpha + Enhanced + One-Step,NASDAQ:SFIX,0.09999842997572539
2020-12-24,17,AR1 alpha + Enhanced + One-Step,NASDAQ:SFIX,0.0999992688172511
2020-12-28,17,AR1 alpha + Enhanced + One-Step,NASDAQ:SFIX,0.09999961799550564
2020-12-29,17,AR1 alpha + Enhanced + One-Step,NASDAQ:SFIX,0.09999934276205899
2020-12-30,17,AR1 alpha + Enhanced + One-Step,NASDAQ:SFIX,0.09999975049697903
2020-12-31,17,AR1 alpha + Enhanced + One-Step,NASDAQ:SFIX,0.09359509226867117
2021-01-04,17,AR1 alpha + Enhanced + One-Step,NASDAQ:SFIX,0.07937460523242816
2021-01-05,17,AR1 alpha + Enhanced + One-Step,NASDAQ:SFIX,0.07774970132712285
2021-01-06,17,AR1 alpha + Enhanced + One-Step,NASDAQ:SFIX,0.07774969025292577
2021-01-07,17,AR1 alpha + Enhanced + One-Step,NASDAQ:SFIX,0.07774657517567483
2021-01-08,17,AR1 alpha + Enhanced + One-Step,NASDAQ:SFIX,0.07555070721700123
2021-01-11,17,AR1 alpha + Enhanced + One-Step,NASDAQ:SFIX,0.07452613769239644
2021-01-12,17,AR1 alpha + Enhanced + One-Step,NASDAQ:SFIX,0.0919453212614333
2021-01-13,17,AR1 alpha + Enhanced + One-Step,NASDAQ:SFIX,0.09999879368384129
2021-01-14,17,AR1 alpha + Enhanced + One-Step,NASDAQ:SFIX,0.09999959652910222
2021-01-15,17,AR1 alpha + Enhanced + One-Step,NASDAQ:SFIX,0.09999812200200703
2021-01-19,17,AR1 alpha + Enhanced + One-Step,NASDAQ:SFIX,0.09999921426847272
2021-01-20,17,AR1 alpha + Enhanced + One-Step,NASDAQ:SFIX,0.09999970408456828
2021-01-21,17,AR1 alpha + Enhanced + One-Step,NASDAQ:SFIX,0.09999947043729318
2021-01-22,17,AR1 alpha + Enhanced + One-Step,NASDAQ:SFIX,0.09999629176117189
2021-01-25,17,AR1 alpha + Enhanced + One-Step,NASDAQ:SFIX,0.09999739891461067
2021-01-26,17,AR1 alpha + Enhanced + One-Step,NASDAQ:SFIX,0.09999775663887955
2021-01-27,17,AR1 alpha + Enhanced + One-Step,NASDAQ:SFIX,0.09999914066279664
2021-01-28,17,AR1 alpha + Enhanced + One-Step,NASDAQ:SFIX,0.09999947237557329
2021-01-29,17,AR1 alpha + Enhanced + One-Step,NASDAQ:SFIX,0.09999972560428358
2021-02-01,17,AR1 alpha + Enhanced + One-Step,NASDAQ:SFIX,0.09999992831719756
2021-02-02,17,AR1 alpha + Enhanced + One-Step,NASDAQ:SFIX,0.09999998452352253
2021-02-03,17,AR1 alpha + Enhanced + One-Step,NASDAQ:SFIX,0.09999585754180894
2021-02-04,17,AR1 alpha + Enhanced + One-Step,NASDAQ:SFIX,0.09999507028711742
2021-02-05,17,AR1 alpha + Enhanced + One-Step,NASDAQ:SFIX,0.0999975849122558
2021-02-08,17,AR1 alpha + Enhanced + One-Step,NASDAQ:SFIX,0.09999927633503872
2021-02-09,17,AR1 alpha + Enhanced + One-Step,NASDAQ:SFIX,0.09999974716303119
2021-02-10,17,AR1 alpha + Enhanced + One-Step,NASDAQ:SFIX,0.10000000761310701
2021-02-11,17,AR1 alpha + Enhanced + One-Step,NASDAQ:SFIX,0.10000004983355466
2021-02-12,17,AR1 alpha + Enhanced + One-Step,NASDAQ:SFIX,0.10000001443318328
2021-02-16,17,AR1 alpha + Enhanced + One-Step,NASDAQ:SFIX,0.09999996715921744
2021-02-17,17,AR1 alpha + Enhanced + One-Step,NASDAQ:SFIX,0.09999965789665492
2021-02-18,17,AR1 alpha + Enhanced + One-Step,NASDAQ:SFIX,0.09999991254705731
2021-02-19,17,AR1 alpha + Enhanced + One-Step,NASDAQ:SFIX,0.09999952692901731
2021-02-22,17,AR1 alpha + Enhanced + One-Step,NASDAQ:SFIX,0.10000011219922332
2021-02-23,17,AR1 alpha + Enhanced + One-Step,NASDAQ:SFIX,0.1000003223593829
2021-02-24,17,AR1 alpha + Enhanced + One-Step,NASDAQ:SFIX,0.10000012238342414
2021-02-25,17,AR1 alpha + Enhanced + One-Step,NASDAQ:SFIX,0.0999859530593827
2021-02-26,17,AR1 alpha + Enhanced + One-Step,NASDAQ:SFIX,0.09999487416888717
2021-03-01,17,AR1 alpha + Enhanced + One-Step,NASDAQ:SFIX,0.09999835616692336
2021-03-02,17,AR1 alpha + Enhanced + One-Step,NASDAQ:SFIX,0.09999922831933608
2021-03-03,17,AR1 alpha + Enhanced + One-Step,NASDAQ:SFIX,0.09999954577017829
2021-03-04,17,AR1 alpha + Enhanced + One-Step,NASDAQ:SFIX,0.09999954390914245
2021-03-05,17,AR1 alpha + Enhanced + One-Step,NASDAQ:SFIX,0.09999832516995474
2021-03-08,17,AR1 alpha + Enhanced + One-Step,NASDAQ:SFIX,0.0999994156032549
2021-03-09,17,AR1 alpha + Enhanced + One-Step,NASDAQ:SFIX,0.07500060818605046
2021-03-10,17,AR1 alpha + Enhanced + One-Step,NASDAQ:SFIX,0.04993066343266369
2021-03-11,17,AR1 alpha + Enhanced + One-Step,NASDAQ:SFIX,0.049930692030863796
2021-03-12,17,AR1 alpha + Enhanced + One-Step,NASDAQ:SFIX,0.04993067074646829
2021-03-15,17,AR1 alpha + Enhanced + One-Step,NASDAQ:SFIX,0.04993140178349628
2021-03-16,17,AR1 alpha + Enhanced + One-Step,NASDAQ:SFIX,0.0499316353393108
2021-03-17,17,AR1 alpha + Enhanced + One-Step,NASDAQ:SFIX,0.04993118788123155
2021-03-18,17,AR1 alpha + Enhanced + One-Step,NASDAQ:SFIX,0.04927044058642132
2021-03-19,17,AR1 alpha + Enhanced + One-Step,NASDAQ:SFIX,0.04830115525069558
2021-03-22,17,AR1 alpha + Enhanced + One-Step,NASDAQ:SFIX,0.04830148773116828
2021-03-23,17,AR1 alpha + Enhanced + One-Step,NASDAQ:SFIX,0.048303016835437355
2021-03-24,17,AR1 alpha + Enhanced + One-Step,NASDAQ:SFIX,0.02619153622843958
2021-03-25,17,AR1 alpha + Enhanced + One-Step,NASDAQ:SFIX,0.02619169705748985
2021-03-26,17,AR1 alpha + Enhanced + One-Step,NASDAQ:SFIX,0.026191970682306474
2021-03-29,17,AR1 alpha + Enhanced + One-Step,NASDAQ:SFIX,0.026192201307715112
2021-03-30,17,AR1 alpha + Enhanced + One-Step,NASDAQ:SFIX,0.02619219129758479
2021-03-31,17,AR1 alpha + Enhanced + One-Step,NASDAQ:SFIX,0.04109612897802574
2021-04-01,17,AR1 alpha + Enhanced + One-Step,NASDAQ:SFIX,0.041096807374476664
2021-04-05,17,AR1 alpha + Enhanced + One-Step,NASDAQ:SFIX,0.04109789962074164
2021-04-06,17,AR1 alpha + Enhanced + One-Step,NASDAQ:SFIX,0.05331593207340688
2021-04-07,17,AR1 alpha + Enhanced + One-Step,NASDAQ:SFIX,0.055208902180291924
2021-04-08,17,AR1 alpha + Enhanced + One-Step,NASDAQ:SFIX,0.06350140654526737
2021-04-09,17,AR1 alpha + Enhanced + One-Step,NASDAQ:SFIX,0.06407510141523073
2021-04-12,17,AR1 alpha + Enhanced + One-Step,NASDAQ:SFIX,0.06407351800102887
2021-04-13,17,AR1 alpha + Enhanced + One-Step,NASDAQ:SFIX,0.06329455718219108
2021-04-14,17,AR1 alpha + Enhanced + One-Step,NASDAQ:SFIX,0.03838454446452238
2021-04-15,17,AR1 alpha + Enhanced + One-Step,NASDAQ:SFIX,0.033716623163870245
2021-04-16,17,AR1 alpha + Enhanced + One-Step,NASDAQ:SFIX,0.033716666184787206
2021-04-19,17,AR1 alpha + Enhanced + One-Step,NASDAQ:SFIX,0.027929878776532354
2021-04-20,17,AR1 alpha + Enhanced + One-Step,NASDAQ:SFIX,0.009291131217646877
2021-04-21,17,AR1 alpha + Enhanced + One-Step,NASDAQ:SFIX,0.009290527058419656
2021-04-22,17,AR1 alpha + Enhanced + One-Step,NASDAQ:SFIX,0.00928965595845306
2021-04-23,17,AR1 alpha + Enhanced + One-Step,NASDAQ:SFIX,0.021984606272688053
2021-04-26,17,AR1 alpha + Enhanced + One-Step,NASDAQ:SFIX,0.02381240990544213
2021-04-27,17,AR1 alpha + Enhanced + One-Step,NASDAQ:SFIX,0.03725771766477832
2021-04-28,17,AR1 alpha + Enhanced + One-Step,NASDAQ:SFIX,0.04052526586671418
2021-04-29,17,AR1 alpha + Enhanced + One-Step,NASDAQ:SFIX,0.035645952007854434
2021-04-30,17,AR1 alpha + Enhanced + One-Step,NASDAQ:SFIX,0.02308678352221998
2021-05-03,17,AR1 alpha + Enhanced + One-Step,NASDAQ:SFIX,0.023091056513340008
2021-05-04,17,AR1 alpha + Enhanced + One-Step,NASDAQ:SFIX,0.023090869083721488
2021-05-05,17,AR1 alpha + Enhanced + One-Step,NASDAQ:SFIX,0.0017526604002291088
2021-05-06,17,AR1 alpha + Enhanced + One-Step,NASDAQ:SFIX,0.0017533444441318775
2021-05-07,17,AR1 alpha + Enhanced + One-Step,NASDAQ:SFIX,0.009801349763817526
2021-05-10,17,AR1 alpha + Enhanced + One-Step,NASDAQ:SFIX,0.009801426838609668
2021-05-11,17,AR1 alpha + Enhanced + One-Step,NASDAQ:SFIX,0.016675595372462007
2021-05-12,17,AR1 alpha + Enhanced + One-Step,NASDAQ:SFIX,0.016675540276843984
2021-05-13,17,AR1 alpha + Enhanced + One-Step,NASDAQ:SFIX,0.01667466990092607
2021-05-14,17,AR1 alpha + Enhanced + One-Step,NASDAQ:SFIX,0.02508252126835546
2021-05-17,17,AR1 alpha + Enhanced + One-Step,NASDAQ:SFIX,0.025081969552978766
2021-05-18,17,AR1 alpha + Enhanced + One-Step,NASDAQ:SFIX,0.03240528324027166
2021-05-19,17,AR1 alpha + Enhanced + One-Step,NASDAQ:SFIX,0.03240559440957459
2021-05-20,17,AR1 alpha + Enhanced + One-Step,NASDAQ:SFIX,0.04516443920055603
2021-05-21,17,AR1 alpha + Enhanced + One-Step,NASDAQ:SFIX,0.045164163684686634
2021-05-24,17,AR1 alpha + Enhanced + One-Step,NASDAQ:SFIX,0.04522232388885317
2021-05-25,17,AR1 alpha + Enhanced + One-Step,NASDAQ:SFIX,0.04521917707992469
2021-05-26,17,AR1 alpha + Enhanced + One-Step,NASDAQ:SFIX,0.061469217923383265
2021-05-27,17,AR1 alpha + Enhanced + One-Step,NASDAQ:SFIX,0.0774768445541893
2021-05-28,17,AR1 alpha + Enhanced + One-Step,NASDAQ:SFIX,0.07747520844845297
2021-06-01,17,AR1 alpha + Enhanced + One-Step,NASDAQ:SFIX,0.07474628288051349
2021-06-02,17,AR1 alpha + Enhanced + One-Step,NASDAQ:SFIX,0.08849075940747685
2021-06-03,17,AR1 alpha + Enhanced + One-Step,NASDAQ:SFIX,0.08044066680610913
2021-06-04,17,AR1 alpha + Enhanced + One-Step,NASDAQ:SFIX,0.07135893056084157
2021-06-07,17,AR1 alpha + Enhanced + One-Step,NASDAQ:SFIX,0.07168287205436423
2021-06-08,17,AR1 alpha + Enhanced + One-Step,NASDAQ:SFIX,0.09674609442358233
2021-06-09,17,AR1 alpha + Enhanced + One-Step,NASDAQ:SFIX,0.09999699750160666
2021-06-10,17,AR1 alpha + Enhanced + One-Step,NASDAQ:SFIX,0.09686800359212216
2021-06-11,17,AR1 alpha + Enhanced + One-Step,NASDAQ:SFIX,0.09278421218973182
2021-06-14,17,AR1 alpha + Enhanced + One-Step,NASDAQ:SFIX,0.07848329540460591
2021-06-15,17,AR1 alpha + Enhanced + One-Step,NASDAQ:SFIX,0.059382516273166944
2021-06-16,17,AR1 alpha + Enhanced + One-Step,NASDAQ:SFIX,0.04137913271100818
2021-06-17,17,AR1 alpha + Enhanced + One-Step,NASDAQ:SFIX,0.04137719289161783
2021-06-18,17,AR1 alpha + Enhanced + One-Step,NASDAQ:SFIX,0.03938906989726228
2021-06-21,17,AR1 alpha + Enhanced + One-Step,NASDAQ:SFIX,0.03938846145502196
2021-06-22,17,AR1 alpha + Enhanced + One-Step,NASDAQ:SFIX,0.0573917906854696
2021-06-23,17,AR1 alpha + Enhanced + One-Step,NASDAQ:SFIX,0.054880926159420834
2021-06-24,17,AR1 alpha + Enhanced + One-Step,NASDAQ:SFIX,0.06042753325350269
2021-06-25,17,AR1 alpha + Enhanced + One-Step,NASDAQ:SFIX,0.06042823410190822
2021-06-28,17,AR1 alpha + Enhanced + One-Step,NASDAQ:SFIX,0.060428375268242844
2021-06-29,17,AR1 alpha + Enhanced + One-Step,NASDAQ:SFIX,0.05785851197653425
2021-06-30,17,AR1 alpha + Enhanced + One-Step,NASDAQ:SFIX,0.040630531365509814
2021-07-01,17,AR1 alpha + Enhanced + One-Step,NASDAQ:SFIX,0.040630416373737245
2021-07-02,17,AR1 alpha + Enhanced + One-Step,NASDAQ:SFIX,0.040628015465098616
2021-07-06,17,AR1 alpha + Enhanced + One-Step,NASDAQ:SFIX,0.040626403493381105
2021-07-07,17,AR1 alpha + Enhanced + One-Step,NASDAQ:SFIX,0.027754328746115296
2021-07-08,17,AR1 alpha + Enhanced + One-Step,NASDAQ:SFIX,0.01760143118506237
2021-07-09,17,AR1 alpha + Enhanced + One-Step,NASDAQ:SFIX,0.017599648498995604
2021-07-12,17,AR1 alpha + Enhanced + One-Step,NASDAQ:SFIX,0.01759892055775401
2021-07-13,17,AR1 alpha + Enhanced + One-Step,NASDAQ:SFIX,0.017597317351374504
2021-07-14,17,AR1 alpha + Enhanced + One-Step,NASDAQ:SFIX,0.000768601367176746
2021-07-15,17,AR1 alpha + Enhanced + One-Step,NASDAQ:SFIX,0.0
2021-07-16,17,AR1 alpha + Enhanced + One-Step,NASDAQ:SFIX,0.0
2021-07-19,17,AR1 alpha + Enhanced + One-Step,NASDAQ:SFIX,2.453504584379013e-07
2021-07-20,17,AR1 alpha + Enhanced + One-Step,NASDAQ:SFIX,0.01373967179275264
2021-07-21,17,AR1 alpha + Enhanced + One-Step,NASDAQ:SFIX,0.018643505144164498
2021-07-22,17,AR1 alpha + Enhanced + One-Step,NASDAQ:SFIX,0.02143756281288528
2021-07-23,17,AR1 alpha + Enhanced + One-Step,NASDAQ:SFIX,0.030595822231177097
2021-07-26,17,AR1 alpha + Enhanced + One-Step,NASDAQ:SFIX,0.02823332902783195
2021-07-27,17,AR1 alpha + Enhanced + One-Step,NASDAQ:SFIX,0.015122607821336492
2021-07-28,17,AR1 alpha + Enhanced + One-Step,NASDAQ:SFIX,0.02187589865545627
2021-07-29,17,AR1 alpha + Enhanced + One-Step,NASDAQ:SFIX,0.019028279788910616
2021-07-30,17,AR1 alpha + Enhanced + One-Step,NASDAQ:SFIX,0.009538085780004079
2021-08-02,17,AR1 alpha + Enhanced + One-Step,NASDAQ:SFIX,0.01505552661914057
2021-08-03,17,AR1 alpha + Enhanced + One-Step,NASDAQ:SFIX,0.01278297855565955
2021-08-04,17,AR1 alpha + Enhanced + One-Step,NASDAQ:SFIX,0.0
2021-08-05,17,AR1 alpha + Enhanced + One-Step,NASDAQ:SFIX,0.0
2021-08-06,17,AR1 alpha + Enhanced + One-Step,NASDAQ:SFIX,0.0
2021-08-09,17,AR1 alpha + Enhanced + One-Step,NASDAQ:SFIX,0.0
2021-08-10,17,AR1 alpha + Enhanced + One-Step,NASDAQ:SFIX,0.0
2021-08-11,17,AR1 alpha + Enhanced + One-Step,NASDAQ:SFIX,0.0
2021-08-12,17,AR1 alpha + Enhanced + One-Step,NASDAQ:SFIX,0.0
2021-08-13,17,AR1 alpha + Enhanced + One-Step,NASDAQ:SFIX,2.1516781818504368e-08
2021-08-16,17,AR1 alpha + Enhanced + One-Step,NASDAQ:SFIX,2.4548342378741657e-07
2021-08-17,17,AR1 alpha + Enhanced + One-Step,NASDAQ:SFIX,1.7305892307805557e-07
2021-08-18,17,AR1 alpha + Enhanced + One-Step,NASDAQ:SFIX,1.2946433452196291e-08
2021-08-19,17,AR1 alpha + Enhanced + One-Step,NASDAQ:SFIX,4.02684188384268e-07
2021-08-20,17,AR1 alpha + Enhanced + One-Step,NASDAQ:SFIX,0.0
2021-08-23,17,AR1 alpha + Enhanced + One-Step,NASDAQ:SFIX,0.0
2021-08-24,17,AR1 alpha + Enhanced + One-Step,NASDAQ:SFIX,0.0
2021-08-25,17,AR1 alpha + Enhanced + One-Step,NASDAQ:SFIX,0.002070056904251696
2021-08-26,17,AR1 alpha + Enhanced + One-Step,NASDAQ:SFIX,0.0020692143276550595
2021-08-27,17,AR1 alpha + Enhanced + One-Step,NASDAQ:SFIX,0.008790346687458619
2021-08-30,17,AR1 alpha + Enhanced + One-Step,NASDAQ:SFIX,0.008789580881132826
2021-08-31,17,AR1 alpha + Enhanced + One-Step,NASDAQ:SFIX,0.0094295312145039
2021-09-01,17,AR1 alpha + Enhanced + One-Step,NASDAQ:SFIX,0.009428544516216449
2021-09-02,17,AR1 alpha + Enhanced + One-Step,NASDAQ:SFIX,3.099968303007021e-07
2021-09-03,17,AR1 alpha + Enhanced + One-Step,NASDAQ:SFIX,1.985134098388344e-07
2021-09-07,17,AR1 alpha + Enhanced + One-Step,NASDAQ:SFIX,1.7336959722864063e-07
2021-09-08,17,AR1 alpha + Enhanced + One-Step,NASDAQ:SFIX,0.0
2021-09-09,17,AR1 alpha + Enhanced + One-Step,NASDAQ:SFIX,0.0
2021-09-10,17,AR1 alpha + Enhanced + One-Step,NASDAQ:SFIX,0.0
2021-09-13,17,AR1 alpha + Enhanced + One-Step,NASDAQ:SFIX,1.2824815065169605e-07
2021-09-14,17,AR1 alpha + Enhanced + One-Step,NASDAQ:SFIX,0.0
2021-09-15,17,AR1 alpha + Enhanced + One-Step,NASDAQ:SFIX,0.0
2021-09-16,17,AR1 alpha + Enhanced + One-Step,NASDAQ:SFIX,0.0
2021-09-17,17,AR1 alpha + Enhanced + One-Step,NASDAQ:SFIX,9.281225315557094e-08
2021-09-20,17,AR1 alpha + Enhanced + One-Step,NASDAQ:SFIX,1.2993593214434384e-07
2021-09-21,17,AR1 alpha + Enhanced + One-Step,NASDAQ:SFIX,2.0808273114032144e-07
2021-09-22,17,AR1 alpha + Enhanced + One-Step,NASDAQ:SFIX,0.02500442676264118
2021-09-23,17,AR1 alpha + Enhanced + One-Step,NASDAQ:SFIX,0.028141744227017106
2021-09-24,17,AR1 alpha + Enhanced + One-Step,NASDAQ:SFIX,0.05187105182336589
2021-09-27,17,AR1 alpha + Enhanced + One-Step,NASDAQ:SFIX,0.05187102036450312
2021-09-28,17,AR1 alpha + Enhanced + One-Step,NASDAQ:SFIX,0.03437465038656097
2021-09-29,17,AR1 alpha + Enhanced + One-Step,NASDAQ:SFIX,0.009306109680214383
2021-09-30,17,AR1 alpha + Enhanced + One-Step,NASDAQ:SFIX,0.00930605635264379
2021-10-01,17,AR1 alpha + Enhanced + One-Step,NASDAQ:SFIX,0.011643465425602509
2021-10-04,17,AR1 alpha + Enhanced + One-Step,NASDAQ:SFIX,1.287013712285393e-07
2021-10-05,17,AR1 alpha + Enhanced + One-Step,NASDAQ:SFIX,0.0
2021-10-06,17,AR1 alpha + Enhanced + One-Step,NASDAQ:SFIX,0.0
2021-10-07,17,AR1 alpha + Enhanced + One-Step,NASDAQ:SFIX,0.0
2021-10-08,17,AR1 alpha + Enhanced + One-Step,NASDAQ:SFIX,0.0
2021-10-11,17,AR1 alpha + Enhanced + One-Step,NASDAQ:SFIX,0.0
2021-10-12,17,AR1 alpha + Enhanced + One-Step,NASDAQ:SFIX,1.0526235370873309e-07
2021-10-13,17,AR1 alpha + Enhanced + One-Step,NASDAQ:SFIX,2.2128273894488953e-08
2021-10-14,17,AR1 alpha + Enhanced + One-Step,NASDAQ:SFIX,0.0
2021-10-15,17,AR1 alpha + Enhanced + One-Step,NASDAQ:SFIX,0.0
2021-10-18,17,AR1 alpha + Enhanced + One-Step,NASDAQ:SFIX,0.0
2021-10-19,17,AR1 alpha + Enhanced + One-Step,NASDAQ:SFIX,0.0
2021-10-20,17,AR1 alpha + Enhanced + One-Step,NASDAQ:SFIX,6.444494837191164e-08
2021-10-21,17,AR1 alpha + Enhanced + One-Step,NASDAQ:SFIX,4.5055126812878126e-08
2021-10-22,17,AR1 alpha + Enhanced + One-Step,NASDAQ:SFIX,9.70429480220202e-09
2021-10-25,17,AR1 alpha + Enhanced + One-Step,NASDAQ:SFIX,0.0
2021-10-26,17,AR1 alpha + Enhanced + One-Step,NASDAQ:SFIX,0.0
2021-10-27,17,AR1 alpha + Enhanced + One-Step,NASDAQ:SFIX,1.0624768133845329e-08
2021-10-28,17,AR1 alpha + Enhanced + One-Step,NASDAQ:SFIX,2.2800919195944394e-08
2021-10-29,17,AR1 alpha + Enhanced + One-Step,NASDAQ:SFIX,0.0
2021-11-01,17,AR1 alpha + Enhanced + One-Step,NASDAQ:SFIX,0.0
2021-11-02,17,AR1 alpha + Enhanced + One-Step,NASDAQ:SFIX,0.0
2021-11-03,17,AR1 alpha + Enhanced + One-Step,NASDAQ:SFIX,4.490773747057434e-07
2021-11-04,17,AR1 alpha + Enhanced + One-Step,NASDAQ:SFIX,2.422193258463144e-07
2021-11-05,17,AR1 alpha + Enhanced + One-Step,NASDAQ:SFIX,8.176479663612949e-08
2021-11-08,17,AR1 alpha + Enhanced + One-Step,NASDAQ:SFIX,5.25952151768316e-07
2021-11-09,17,AR1 alpha + Enhanced + One-Step,NASDAQ:SFIX,1.8215847861016113e-07
2021-11-10,17,AR1 alpha + Enhanced + One-Step,NASDAQ:SFIX,2.900798716266206e-07
2021-11-11,17,AR1 alpha + Enhanced + One-Step,NASDAQ:SFIX,7.964130239660624e-08
2021-11-12,17,AR1 alpha + Enhanced + One-Step,NASDAQ:SFIX,6.490954223352723e-08
2021-11-15,17,AR1 alpha + Enhanced + One-Step,NASDAQ:SFIX,1.6544017797062886e-07
2021-11-16,17,AR1 alpha + Enhanced + One-Step,NASDAQ:SFIX,0.0
2021-11-17,17,AR1 alpha + Enhanced + One-Step,NASDAQ:SFIX,0.0
2021-11-18,17,AR1 alpha + Enhanced + One-Step,NASDAQ:SFIX,0.0
2021-11-19,17,AR1 alpha + Enhanced + One-Step,NASDAQ:SFIX,8.201179982617343e-08
2021-11-22,17,AR1 alpha + Enhanced + One-Step,NASDAQ:SFIX,7.732941498586102e-08
2021-11-23,17,AR1 alpha + Enhanced + One-Step,NASDAQ:SFIX,3.892738685579306e-08
2021-11-24,17,AR1 alpha + Enhanced + One-Step,NASDAQ:SFIX,0.0
2021-11-26,17,AR1 alpha + Enhanced + One-Step,NASDAQ:SFIX,0.0
2021-11-29,17,AR1 alpha + Enhanced + One-Step,NASDAQ:SFIX,0.0
2021-11-30,17,AR1 alpha + Enhanced + One-Step,NASDAQ:SFIX,0.0
2021-12-01,17,AR1 alpha + Enhanced + One-Step,NASDAQ:SFIX,0.0
2021-12-02,17,AR1 alpha + Enhanced + One-Step,NASDAQ:SFIX,0.0
2021-12-03,17,AR1 alpha + Enhanced + One-Step,NASDAQ:SFIX,0.0
2021-12-06,17,AR1 alpha + Enhanced + One-Step,NASDAQ:SFIX,1.0503759568286038e-07
2021-12-07,17,AR1 alpha + Enhanced + One-Step,NASDAQ:SFIX,5.883392396594573e-09
2021-12-08,17,AR1 alpha + Enhanced + One-Step,NASDAQ:SFIX,0.0
2021-12-09,17,AR1 alpha + Enhanced + One-Step,NASDAQ:SFIX,0.0
2021-12-10,17,AR1 alpha + Enhanced + One-Step,NASDAQ:SFIX,0.0
2021-12-13,17,AR1 alpha + Enhanced + One-Step,NASDAQ:SFIX,0.0
2021-12-14,17,AR1 alpha + Enhanced + One-Step,NASDAQ:SFIX,0.0
2021-12-15,17,AR1 alpha + Enhanced + One-Step,NASDAQ:SFIX,1.6770705072466573e-07
2021-12-16,17,AR1 alpha + Enhanced + One-Step,NASDAQ:SFIX,6.914656530858718e-08
2021-12-17,17,AR1 alpha + Enhanced + One-Step,NASDAQ:SFIX,0.0
2021-12-20,17,AR1 alpha + Enhanced + One-Step,NASDAQ:SFIX,3.3305254307503176e-07
2021-12-21,17,AR1 alpha + Enhanced + One-Step,NASDAQ:SFIX,3.2701966061513556e-07
2021-12-22,17,AR1 alpha + Enhanced + One-Step,NASDAQ:SFIX,0.0
2021-12-23,17,AR1 alpha + Enhanced + One-Step,NASDAQ:SFIX,2.0345366882927332e-07
2021-12-27,17,AR1 alpha + Enhanced + One-Step,NASDAQ:SFIX,9.007408223801137e-08
2021-12-28,17,AR1 alpha + Enhanced + One-Step,NASDAQ:SFIX,5.480622143860476e-08
2021-12-29,17,AR1 alpha + Enhanced + One-Step,NASDAQ:SFIX,8.923015228563597e-07
2021-12-30,17,AR1 alpha + Enhanced + One-Step,NASDAQ:SFIX,1.75711852200708e-07
2021-12-31,17,AR1 alpha + Enhanced + One-Step,NASDAQ:SFIX,5.877849542446376e-08
2022-01-03,17,AR1 alpha + Enhanced + One-Step,NASDAQ:SFIX,2.255105320360451e-07
2022-01-04,17,AR1 alpha + Enhanced + One-Step,NASDAQ:SFIX,1.2602822032216422e-07
2022-01-05,17,AR1 alpha + Enhanced + One-Step,NASDAQ:SFIX,3.2455458009882005e-08
2022-01-06,17,AR1 alpha + Enhanced + One-Step,NASDAQ:SFIX,2.8969273771561088e-08
2022-01-07,17,AR1 alpha + Enhanced + One-Step,NASDAQ:SFIX,1.2778221588297487e-07
2022-01-10,17,AR1 alpha + Enhanced + One-Step,NASDAQ:SFIX,2.1595933716575242e-07
2022-01-11,17,AR1 alpha + Enhanced + One-Step,NASDAQ:SFIX,1.1918804623886055e-07
2022-01-12,17,AR1 alpha + Enhanced + One-Step,NASDAQ:SFIX,0.0
2022-01-13,17,AR1 alpha + Enhanced + One-Step,NASDAQ:SFIX,0.0
2022-01-14,17,AR1 alpha + Enhanced + One-Step,NASDAQ:SFIX,1.4880533902886596e-07
2022-01-18,17,AR1 alpha + Enhanced + One-Step,NASDAQ:SFIX,8.362664230546231e-08
2022-01-19,17,AR1 alpha + Enhanced + One-Step,NASDAQ:SFIX,0.0
2022-01-20,17,AR1 alpha + Enhanced + One-Step,NASDAQ:SFIX,2.586313271132983e-08
2022-01-21,17,AR1 alpha + Enhanced + One-Step,NASDAQ:SFIX,0.0
2022-01-24,17,AR1 alpha + Enhanced + One-Step,NASDAQ:SFIX,6.216110714563434e-09
2022-01-25,17,AR1 alpha + Enhanced + One-Step,NASDAQ:SFIX,2.0327828723895918e-07
2022-01-26,17,AR1 alpha + Enhanced + One-Step,NASDAQ:SFIX,2.232993470999057e-07
2022-01-27,17,AR1 alpha + Enhanced + One-Step,NASDAQ:SFIX,5.591015724217394e-07
2022-01-28,17,AR1 alpha + Enhanced + One-Step,NASDAQ:SFIX,1.6339754878412407e-07
2022-01-31,17,AR1 alpha + Enhanced + One-Step,NASDAQ:SFIX,3.461357856408448e-07
2022-02-01,17,AR1 alpha + Enhanced + One-Step,NASDAQ:SFIX,1.4754978803647548e-07
2022-02-02,17,AR1 alpha + Enhanced + One-Step,NASDAQ:SFIX,5.905760064953759e-08
2022-02-03,17,AR1 alpha + Enhanced + One-Step,NASDAQ:SFIX,2.6047746049599365e-07
2022-02-04,17,AR1 alpha + Enhanced + One-Step,NASDAQ:SFIX,2.2863240232504138e-07
2022-02-07,17,AR1 alpha + Enhanced + One-Step,NASDAQ:SFIX,2.981530487009022e-08
2022-02-08,17,AR1 alpha + Enhanced + One-Step,NASDAQ:SFIX,1.571781807713061e-08
2022-02-09,17,AR1 alpha + Enhanced + One-Step,NASDAQ:SFIX,3.9377854255962984e-08
2022-02-10,17,AR1 alpha + Enhanced + One-Step,NASDAQ:SFIX,0.0
2022-02-11,17,AR1 alpha + Enhanced + One-Step,NASDAQ:SFIX,4.3859526236221605e-07
2022-02-14,17,AR1 alpha + Enhanced + One-Step,NASDAQ:SFIX,1.5341894477988318e-07
2022-02-15,17,AR1 alpha + Enhanced + One-Step,NASDAQ:SFIX,1.2487054925417994e-08
2022-02-16,17,AR1 alpha + Enhanced + One-Step,NASDAQ:SFIX,0.0
2022-02-17,17,AR1 alpha + Enhanced + One-Step,NASDAQ:SFIX,0.0
2022-02-18,17,AR1 alpha + Enhanced + One-Step,NASDAQ:SFIX,0.0
2022-02-22,17,AR1 alpha + Enhanced + One-Step,NASDAQ:SFIX,0.0
2022-02-23,17,AR1 alpha + Enhanced + One-Step,NASDAQ:SFIX,0.0
2022-02-24,17,AR1 alpha + Enhanced + One-Step,NASDAQ:SFIX,0.0
2022-02-25,17,AR1 alpha + Enhanced + One-Step,NASDAQ:SFIX,1.055772156756139e-08
2022-02-28,17,AR1 alpha + Enhanced + One-Step,NASDAQ:SFIX,7.2481891658302985e-09
2022-03-01,17,AR1 alpha + Enhanced + One-Step,NASDAQ:SFIX,4.624172716698264e-08
2022-03-02,17,AR1 alpha + Enhanced + One-Step,NASDAQ:SFIX,0.0
2022-03-03,17,AR1 alpha + Enhanced + One-Step,NASDAQ:SFIX,0.0
2022-03-04,17,AR1 alpha + Enhanced + One-Step,NASDAQ:SFIX,0.0
2022-03-07,17,AR1 alpha + Enhanced + One-Step,NASDAQ:SFIX,1.5430711509636199e-06
2022-03-08,17,AR1 alpha + Enhanced + One-Step,NASDAQ:SFIX,5.685460165637507e-07
2022-03-09,17,AR1 alpha + Enhanced + One-Step,NASDAQ:SFIX,5.828621279582773e-08
2022-03-10,17,AR1 alpha + Enhanced + One-Step,NASDAQ:SFIX,6.165112804063302e-08
2022-03-11,17,AR1 alpha + Enhanced + One-Step,NASDAQ:SFIX,2.37185647998725e-08
2022-03-14,17,AR1 alpha + Enhanced + One-Step,NASDAQ:SFIX,7.411473162140283e-08
2022-03-15,17,AR1 alpha + Enhanced + One-Step,NASDAQ:SFIX,0.0
2022-03-16,17,AR1 alpha + Enhanced + One-Step,NASDAQ:SFIX,0.0
2022-03-17,17,AR1 alpha + Enhanced + One-Step,NASDAQ:SFIX,6.417819868783125e-08
2022-03-18,17,AR1 alpha + Enhanced + One-Step,NASDAQ:SFIX,0.0
2022-03-21,17,AR1 alpha + Enhanced + One-Step,NASDAQ:SFIX,1.5309012304911584e-07
2022-03-22,17,AR1 alpha + Enhanced + One-Step,NASDAQ:SFIX,6.999821883287455e-08
2022-03-23,17,AR1 alpha + Enhanced + One-Step,NASDAQ:SFIX,0.0
2022-03-24,17,AR1 alpha + Enhanced + One-Step,NASDAQ:SFIX,0.0
2022-03-25,17,AR1 alpha + Enhanced + One-Step,NASDAQ:SFIX,0.0
2022-03-28,17,AR1 alpha + Enhanced + One-Step,NASDAQ:SFIX,0.0
2022-03-29,17,AR1 alpha + Enhanced + One-Step,NASDAQ:SFIX,0.0
2022-03-30,17,AR1 alpha + Enhanced + One-Step,NASDAQ:SFIX,0.0
2022-03-31,17,AR1 alpha + Enhanced + One-Step,NASDAQ:SFIX,0.0
2022-04-01,17,AR1 alpha + Enhanced + One-Step,NASDAQ:SFIX,1.0276232906572613e-06
2022-04-04,17,AR1 alpha + Enhanced + One-Step,NASDAQ:SFIX,2.996984063586755e-07
2022-04-05,17,AR1 alpha + Enhanced + One-Step,NASDAQ:SFIX,3.385852167289232e-08
2022-04-06,17,AR1 alpha + Enhanced + One-Step,NASDAQ:SFIX,1.3777457970653314e-06
2022-04-07,17,AR1 alpha + Enhanced + One-Step,NASDAQ:SFIX,3.1004543689754196e-07
2022-04-08,17,AR1 alpha + Enhanced + One-Step,NASDAQ:SFIX,6.84709081792238e-07
2022-04-11,17,AR1 alpha + Enhanced + One-Step,NASDAQ:SFIX,0.0
2022-04-12,17,AR1 alpha + Enhanced + One-Step,NASDAQ:SFIX,0.0
2022-04-13,17,AR1 alpha + Enhanced + One-Step,NASDAQ:SFIX,0.0
2022-04-14,17,AR1 alpha + Enhanced + One-Step,NASDAQ:SFIX,0.0
2022-04-18,17,AR1 alpha + Enhanced + One-Step,NASDAQ:SFIX,0.0
2022-04-19,17,AR1 alpha + Enhanced + One-Step,NASDAQ:SFIX,2.0836346524534097e-07
2022-04-20,17,AR1 alpha + Enhanced + One-Step,NASDAQ:SFIX,4.729534795266425e-08
2022-04-21,17,AR1 alpha + Enhanced + One-Step,NASDAQ:SFIX,0.0
2022-04-22,17,AR1 alpha + Enhanced + One-Step,NASDAQ:SFIX,5.054128769725212e-09
2022-04-25,17,AR1 alpha + Enhanced + One-Step,NASDAQ:SFIX,8.569834527104998e-09
2022-04-26,17,AR1 alpha + Enhanced + One-Step,NASDAQ:SFIX,4.630660357939795e-08
2022-04-27,17,AR1 alpha + Enhanced + One-Step,NASDAQ:SFIX,1.4850060449104355e-08
2022-04-28,17,AR1 alpha + Enhanced + One-Step,NASDAQ:SFIX,0.0
2022-04-29,17,AR1 alpha + Enhanced + One-Step,NASDAQ:SFIX,0.0
2022-05-02,17,AR1 alpha + Enhanced + One-Step,NASDAQ:SFIX,0.0
2022-05-03,17,AR1 alpha + Enhanced + One-Step,NASDAQ:SFIX,1.0289765602752203e-07
2022-05-04,17,AR1 alpha + Enhanced + One-Step,NASDAQ:SFIX,0.0
2022-05-05,17,AR1 alpha + Enhanced + One-Step,NASDAQ:SFIX,2.5786247825842843e-08
2022-05-06,17,AR1 alpha + Enhanced + One-Step,NASDAQ:SFIX,3.591772018190156e-07
2022-05-09,17,AR1 alpha + Enhanced + One-Step,NASDAQ:SFIX,0.0
2022-05-10,17,AR1 alpha + Enhanced + One-Step,NASDAQ:SFIX,0.0
2022-05-11,17,AR1 alpha + Enhanced + One-Step,NASDAQ:SFIX,0.0
2022-05-12,17,AR1 alpha + Enhanced + One-Step,NASDAQ:SFIX,0.0
2022-05-13,17,AR1 alpha + Enhanced + One-Step,NASDAQ:SFIX,7.55943117297604e-09
2022-05-16,17,AR1 alpha + Enhanced + One-Step,NASDAQ:SFIX,0.0
2022-05-17,17,AR1 alpha + Enhanced + One-Step,NASDAQ:SFIX,0.0
2022-05-18,17,AR1 alpha + Enhanced + One-Step,NASDAQ:SFIX,0.0
2022-05-19,17,AR1 alpha + Enhanced + One-Step,NASDAQ:SFIX,0.0
2022-05-20,17,AR1 alpha + Enhanced + One-Step,NASDAQ:SFIX,0.0
2022-05-23,17,AR1 alpha + Enhanced + One-Step,NASDAQ:SFIX,0.0
2022-05-24,17,AR1 alpha + Enhanced + One-Step,NASDAQ:SFIX,0.0
2022-05-25,17,AR1 alpha + Enhanced + One-Step,NASDAQ:SFIX,0.0
2022-05-26,17,AR1 alpha + Enhanced + One-Step,NASDAQ:SFIX,0.0
2022-05-27,17,AR1 alpha + Enhanced + One-Step,NASDAQ:SFIX,1.041270425698473e-06
2022-05-31,17,AR1 alpha + Enhanced + One-Step,NASDAQ:SFIX,2.960721988491787e-07
2022-06-01,17,AR1 alpha + Enhanced + One-Step,NASDAQ:SFIX,1.345516153652516e-06
2022-06-02,17,AR1 alpha + Enhanced + One-Step,NASDAQ:SFIX,2.624003731676931e-07
2022-06-03,17,AR1 alpha + Enhanced + One-Step,NASDAQ:SFIX,2.3064026794317017e-08
2022-06-06,17,AR1 alpha + Enhanced + One-Step,NASDAQ:SFIX,0.0
2022-06-07,17,AR1 alpha + Enhanced + One-Step,NASDAQ:SFIX,0.0
2022-06-08,17,AR1 alpha + Enhanced + One-Step,NASDAQ:SFIX,0.0
2022-06-09,17,AR1 alpha + Enhanced + One-Step,NASDAQ:SFIX,0.0
2022-06-10,17,AR1 alpha + Enhanced + One-Step,NASDAQ:SFIX,0.0
2022-06-13,17,AR1 alpha + Enhanced + One-Step,NASDAQ:SFIX,0.0
2022-06-14,17,AR1 alpha + Enhanced + One-Step,NASDAQ:SFIX,0.0
2022-06-15,17,AR1 alpha + Enhanced + One-Step,NASDAQ:SFIX,0.0
2022-06-16,17,AR1 alpha + Enhanced + One-Step,NASDAQ:SFIX,0.0
2022-06-17,17,AR1 alpha + Enhanced + One-Step,NASDAQ:SFIX,4.60117675766426e-07
2022-06-21,17,AR1 alpha + Enhanced + One-Step,NASDAQ:SFIX,6.629034416707493e-08
2022-06-22,17,AR1 alpha + Enhanced + One-Step,NASDAQ:SFIX,0.0
2022-06-23,17,AR1 alpha + Enhanced + One-Step,NASDAQ:SFIX,0.0
2022-06-24,17,AR1 alpha + Enhanced + One-Step,NASDAQ:SFIX,0.0
2022-06-27,17,AR1 alpha + Enhanced + One-Step,NASDAQ:SFIX,0.0
2022-06-28,17,AR1 alpha + Enhanced + One-Step,NASDAQ:SFIX,0.0
2022-06-29,17,AR1 alpha + Enhanced + One-Step,NASDAQ:SFIX,0.0
2022-06-30,17,AR1 alpha + Enhanced + One-Step,NASDAQ:SFIX,4.802943529468406e-08
2022-07-01,17,AR1 alpha + Enhanced + One-Step,NASDAQ:SFIX,4.649718616245055e-08
2022-07-05,17,AR1 alpha + Enhanced + One-Step,NASDAQ:SFIX,1.0872851632243747e-08
2022-07-06,17,AR1 alpha + Enhanced + One-Step,NASDAQ:SFIX,0.0
2022-07-07,17,AR1 alpha + Enhanced + One-Step,NASDAQ:SFIX,0.0
2022-07-08,17,AR1 alpha + Enhanced + One-Step,NASDAQ:SFIX,0.0
2022-07-11,17,AR1 alpha + Enhanced + One-Step,NASDAQ:SFIX,0.0
2022-07-12,17,AR1 alpha + Enhanced + One-Step,NASDAQ:SFIX,0.0
2022-07-13,17,AR1 alpha + Enhanced + One-Step,NASDAQ:SFIX,7.49649876981046e-09
2022-07-14,17,AR1 alpha + Enhanced + One-Step,NASDAQ:SFIX,5.049736218446164e-10
2022-07-15,17,AR1 alpha + Enhanced + One-Step,NASDAQ:SFIX,1.0412468650142783e-08
2022-07-18,17,AR1 alpha + Enhanced + One-Step,NASDAQ:SFIX,0.0
2022-07-19,17,AR1 alpha + Enhanced + One-Step,NASDAQ:SFIX,0.0
2022-07-20,17,AR1 alpha + Enhanced + One-Step,NASDAQ:SFIX,0.0
2022-07-21,17,AR1 alpha + Enhanced + One-Step,NASDAQ:SFIX,0.0
2022-07-22,17,AR1 alpha + Enhanced + One-Step,NASDAQ:SFIX,0.0
2022-07-25,17,AR1 alpha + Enhanced + One-Step,NASDAQ:SFIX,2.917983850755537e-07
2022-07-26,17,AR1 alpha + Enhanced + One-Step,NASDAQ:SFIX,9.131565816361325e-08
2022-07-27,17,AR1 alpha + Enhanced + One-Step,NASDAQ:SFIX,2.975241405294784e-08
2022-07-28,17,AR1 alpha + Enhanced + One-Step,NASDAQ:SFIX,2.277749401699553e-08
2022-07-29,17,AR1 alpha + Enhanced + One-Step,NASDAQ:SFIX,4.363284678641986e-08
2022-08-01,17,AR1 alpha + Enhanced + One-Step,NASDAQ:SFIX,0.0
2022-08-02,17,AR1 alpha + Enhanced + One-Step,NASDAQ:SFIX,0.0
2022-08-03,17,AR1 alpha + Enhanced + One-Step,NASDAQ:SFIX,0.0
2022-08-04,17,AR1 alpha + Enhanced + One-Step,NASDAQ:SFIX,3.6199225895224726e-07
2022-08-05,17,AR1 alpha + Enhanced + One-Step,NASDAQ:SFIX,0.0
2022-08-08,17,AR1 alpha + Enhanced + One-Step,NASDAQ:SFIX,0.0
2022-08-09,17,AR1 alpha + Enhanced + One-Step,NASDAQ:SFIX,2.6312752329336093e-07
2022-08-10,17,AR1 alpha + Enhanced + One-Step,NASDAQ:SFIX,0.0
2022-08-11,17,AR1 alpha + Enhanced + One-Step,NASDAQ:SFIX,0.0
2022-08-12,17,AR1 alpha + Enhanced + One-Step,NASDAQ:SFIX,0.0
2022-08-15,17,AR1 alpha + Enhanced + One-Step,NASDAQ:SFIX,0.0
2022-08-16,17,AR1 alpha + Enhanced + One-Step,NASDAQ:SFIX,0.0
2022-08-17,17,AR1 alpha + Enhanced + One-Step,NASDAQ:SFIX,4.2701422763418817e-07
2022-08-18,17,AR1 alpha + Enhanced + One-Step,NASDAQ:SFIX,0.0
2022-08-19,17,AR1 alpha + Enhanced + One-Step,NASDAQ:SFIX,0.0
2022-08-22,17,AR1 alpha + Enhanced + One-Step,NASDAQ:SFIX,0.0
2022-08-23,17,AR1 alpha + Enhanced + One-Step,NASDAQ:SFIX,0.0
2022-08-24,17,AR1 alpha + Enhanced + One-Step,NASDAQ:SFIX,0.0
2022-08-25,17,AR1 alpha + Enhanced + One-Step,NASDAQ:SFIX,0.0
2022-08-26,17,AR1 alpha + Enhanced + One-Step,NASDAQ:SFIX,0.0
2022-08-29,17,AR1 alpha + Enhanced + One-Step,NASDAQ:SFIX,0.0
2022-08-30,17,AR1 alpha + Enhanced + One-Step,NASDAQ:SFIX,0.0
2022-08-31,17,AR1 alpha + Enhanced + One-Step,NASDAQ:SFIX,0.0
2022-09-01,17,AR1 alpha + Enhanced + One-Step,NASDAQ:SFIX,1.1611180723037404e-07
2022-09-02,17,AR1 alpha + Enhanced + One-Step,NASDAQ:SFIX,3.7038641279867884e-08
2022-09-06,17,AR1 alpha + Enhanced + One-Step,NASDAQ:SFIX,4.140641930457141e-09
2022-09-07,17,AR1 alpha + Enhanced + One-Step,NASDAQ:SFIX,6.449897968025143e-09
2022-09-08,17,AR1 alpha + Enhanced + One-Step,NASDAQ:SFIX,3.6258018240083494e-08
2022-09-09,17,AR1 alpha + Enhanced + One-Step,NASDAQ:SFIX,5.982494394885298e-08
2022-09-12,17,AR1 alpha + Enhanced + One-Step,NASDAQ:SFIX,0.0
2022-09-13,17,AR1 alpha + Enhanced + One-Step,NASDAQ:SFIX,0.0
2022-09-14,17,AR1 alpha + Enhanced + One-Step,NASDAQ:SFIX,0.0
2022-09-15,17,AR1 alpha + Enhanced + One-Step,NASDAQ:SFIX,0.0
2022-09-16,17,AR1 alpha + Enhanced + One-Step,NASDAQ:SFIX,1.2605757178847181e-08
2022-09-19,17,AR1 alpha + Enhanced + One-Step,NASDAQ:SFIX,0.0
2022-09-20,17,AR1 alpha + Enhanced + One-Step,NASDAQ:SFIX,3.313908559617508e-08
2022-09-21,17,AR1 alpha + Enhanced + One-Step,NASDAQ:SFIX,0.0
2022-09-22,17,AR1 alpha + Enhanced + One-Step,NASDAQ:SFIX,0.0
2022-09-23,17,AR1 alpha + Enhanced + One-Step,NASDAQ:SFIX,0.0
2022-09-26,17,AR1 alpha + Enhanced + One-Step,NASDAQ:SFIX,0.0
2022-09-27,17,AR1 alpha + Enhanced + One-Step,NASDAQ:SFIX,0.0
2022-09-28,17,AR1 alpha + Enhanced + One-Step,NASDAQ:SFIX,0.0
2022-09-29,17,AR1 alpha + Enhanced + One-Step,NASDAQ:SFIX,9.197317850251054e-08
2022-09-30,17,AR1 alpha + Enhanced + One-Step,NASDAQ:SFIX,0.0
2022-10-03,17,AR1 alpha + Enhanced + One-Step,NASDAQ:SFIX,0.0
2022-10-04,17,AR1 alpha + Enhanced + One-Step,NASDAQ:SFIX,2.1587090932240933e-07
2022-10-05,17,AR1 alpha + Enhanced + One-Step,NASDAQ:SFIX,2.2896793124879513e-08
2022-10-06,17,AR1 alpha + Enhanced + One-Step,NASDAQ:SFIX,0.0
2022-10-07,17,AR1 alpha + Enhanced + One-Step,NASDAQ:SFIX,0.0
2022-10-10,17,AR1 alpha + Enhanced + One-Step,NASDAQ:SFIX,0.0
2022-10-11,17,AR1 alpha + Enhanced + One-Step,NASDAQ:SFIX,0.0
2022-10-12,17,AR1 alpha + Enhanced + One-Step,NASDAQ:SFIX,0.0
2022-10-13,17,AR1 alpha + Enhanced + One-Step,NASDAQ:SFIX,6.603009514692503e-07
2022-10-14,17,AR1 alpha + Enhanced + One-Step,NASDAQ:SFIX,5.904657810962188e-08
2022-10-17,17,AR1 alpha + Enhanced + One-Step,NASDAQ:SFIX,0.0
2022-10-18,17,AR1 alpha + Enhanced + One-Step,NASDAQ:SFIX,0.0
2022-10-19,17,AR1 alpha + Enhanced + One-Step,NASDAQ:SFIX,0.0
2022-10-20,17,AR1 alpha + Enhanced + One-Step,NASDAQ:SFIX,5.7166308413482637e-08
2022-10-21,17,AR1 alpha + Enhanced + One-Step,NASDAQ:SFIX,2.8372798785287224e-08
2022-10-24,17,AR1 alpha + Enhanced + One-Step,NASDAQ:SFIX,0.0
2022-10-25,17,AR1 alpha + Enhanced + One-Step,NASDAQ:SFIX,0.0
2022-10-26,17,AR1 alpha + Enhanced + One-Step,NASDAQ:SFIX,6.152494499403124e-08
2022-10-27,17,AR1 alpha + Enhanced + One-Step,NASDAQ:SFIX,0.0
2022-10-28,17,AR1 alpha + Enhanced + One-Step,NASDAQ:SFIX,0.0
2022-10-31,17,AR1 alpha + Enhanced + One-Step,NASDAQ:SFIX,1.450643023920459e-08
2022-11-01,17,AR1 alpha + Enhanced + One-Step,NASDAQ:SFIX,0.0
2022-11-02,17,AR1 alpha + Enhanced + One-Step,NASDAQ:SFIX,3.2446255142729738e-09
2022-11-03,17,AR1 alpha + Enhanced + One-Step,NASDAQ:SFIX,3.2191938763642134e-07
2022-11-04,17,AR1 alpha + Enhanced + One-Step,NASDAQ:SFIX,0.0
2022-11-07,17,AR1 alpha + Enhanced + One-Step,NASDAQ:SFIX,0.0
2022-11-08,17,AR1 alpha + Enhanced + One-Step,NASDAQ:SFIX,1.8873916791079506e-08
2022-11-09,17,AR1 alpha + Enhanced + One-Step,NASDAQ:SFIX,0.0
2022-11-10,17,AR1 alpha + Enhanced + One-Step,NASDAQ:SFIX,2.955700001030094e-09
2022-11-11,17,AR1 alpha + Enhanced + One-Step,NASDAQ:SFIX,0.0
2022-11-14,17,AR1 alpha + Enhanced + One-Step,NASDAQ:SFIX,0.0
2022-11-15,17,AR1 alpha + Enhanced + One-Step,NASDAQ:SFIX,2.362137684395752e-09
2022-11-16,17,AR1 alpha + Enhanced + One-Step,NASDAQ:SFIX,0.0
2022-11-17,17,AR1 alpha + Enhanced + One-Step,NASDAQ:SFIX,4.541802065554353e-08
2022-11-18,17,AR1 alpha + Enhanced + One-Step,NASDAQ:SFIX,2.3176015305897793e-08
2022-11-21,17,AR1 alpha + Enhanced + One-Step,NASDAQ:SFIX,0.0
2022-11-22,17,AR1 alpha + Enhanced + One-Step,NASDAQ:SFIX,0.0
2022-11-23,17,AR1 alpha + Enhanced + One-Step,NASDAQ:SFIX,5.089564304377678e-08
2022-11-25,17,AR1 alpha + Enhanced + One-Step,NASDAQ:SFIX,3.586659492468521e-08
2022-11-28,17,AR1 alpha + Enhanced + One-Step,NASDAQ:SFIX,3.3739864551087106e-08
2022-11-29,17,AR1 alpha + Enhanced + One-Step,NASDAQ:SFIX,6.528547744169346e-09
2022-11-30,17,AR1 alpha + Enhanced + One-Step,NASDAQ:SFIX,0.0
2022-12-01,17,AR1 alpha + Enhanced + One-Step,NASDAQ:SFIX,0.0
2022-12-02,17,AR1 alpha + Enhanced + One-Step,NASDAQ:SFIX,8.82213272698087e-09
2022-12-05,17,AR1 alpha + Enhanced + One-Step,NASDAQ:SFIX,0.0
2022-12-06,17,AR1 alpha + Enhanced + One-Step,NASDAQ:SFIX,0.0
2022-12-07,17,AR1 alpha + Enhanced + One-Step,NASDAQ:SFIX,0.0
2022-12-08,17,AR1 alpha + Enhanced + One-Step,NASDAQ:SFIX,0.0
2022-12-09,17,AR1 alpha + Enhanced + One-Step,NASDAQ:SFIX,0.0
2022-12-12,17,AR1 alpha + Enhanced + One-Step,NASDAQ:SFIX,0.0
2022-12-13,17,AR1 alpha + Enhanced + One-Step,NASDAQ:SFIX,0.0
2022-12-14,17,AR1 alpha + Enhanced + One-Step,NASDAQ:SFIX,0.0
2022-12-15,17,AR1 alpha + Enhanced + One-Step,NASDAQ:SFIX,0.0
2022-12-16,17,AR1 alpha + Enhanced + One-Step,NASDAQ:SFIX,0.0
2022-12-19,17,AR1 alpha + Enhanced + One-Step,NASDAQ:SFIX,0.0
2022-12-20,17,AR1 alpha + Enhanced + One-Step,NASDAQ:SFIX,0.0
2022-12-21,17,AR1 alpha + Enhanced + One-Step,NASDAQ:SFIX,0.0
2022-12-22,17,AR1 alpha + Enhanced + One-Step,NASDAQ:SFIX,0.0
2022-12-23,17,AR1 alpha + Enhanced + One-Step,NASDAQ:SFIX,1.180518966723959e-08
2022-12-27,17,AR1 alpha + Enhanced + One-Step,NASDAQ:SFIX,6.9627442538809515e-09
2022-12-28,17,AR1 alpha + Enhanced + One-Step,NASDAQ:SFIX,0.0
2022-12-29,17,AR1 alpha + Enhanced + One-Step,NASDAQ:SFIX,0.0
2022-12-30,17,AR1 alpha + Enhanced + One-Step,NASDAQ:SFIX,0.0
2023-01-03,17,AR1 alpha + Enhanced + One-Step,NASDAQ:SFIX,0.0
2023-01-04,17,AR1 alpha + Enhanced + One-Step,NASDAQ:SFIX,6.689827821917008e-10
2023-01-05,17,AR1 alpha + Enhanced + One-Step,NASDAQ:SFIX,1.5555665259705428e-07
2023-01-06,17,AR1 alpha + Enhanced + One-Step,NASDAQ:SFIX,0.0
2023-01-09,17,AR1 alpha + Enhanced + One-Step,NASDAQ:SFIX,0.0
2023-01-10,17,AR1 alpha + Enhanced + One-Step,NASDAQ:SFIX,9.738089393594685e-07
2023-01-11,17,AR1 alpha + Enhanced + One-Step,NASDAQ:SFIX,0.0
2023-01-12,17,AR1 alpha + Enhanced + One-Step,NASDAQ:SFIX,0.0
2023-01-13,17,AR1 alpha + Enhanced + One-Step,NASDAQ:SFIX,0.0
2023-01-17,17,AR1 alpha + Enhanced + One-Step,NASDAQ:SFIX,0.0
2023-01-18,17,AR1 alpha + Enhanced + One-Step,NASDAQ:SFIX,2.4223491306198444e-07
2023-01-19,17,AR1 alpha + Enhanced + One-Step,NASDAQ:SFIX,0.0
2023-01-20,17,AR1 alpha + Enhanced + One-Step,NASDAQ:SFIX,0.0
2023-01-23,17,AR1 alpha + Enhanced + One-Step,NASDAQ:SFIX,0.0
2023-01-24,17,AR1 alpha + Enhanced + One-Step,NASDAQ:SFIX,0.0
2023-01-25,17,AR1 alpha + Enhanced + One-Step,NASDAQ:SFIX,9.672823424197954e-09
2023-01-26,17,AR1 alpha + Enhanced + One-Step,NASDAQ:SFIX,1.3510457377579978e-08
2023-01-27,17,AR1 alpha + Enhanced + One-Step,NASDAQ:SFIX,0.0
2023-01-30,17,AR1 alpha + Enhanced + One-Step,NASDAQ:SFIX,1.2395582236316873e-07
2023-01-31,17,AR1 alpha + Enhanced + One-Step,NASDAQ:SFIX,0.0
2023-02-01,17,AR1 alpha + Enhanced + One-Step,NASDAQ:SFIX,0.0
2023-02-02,17,AR1 alpha + Enhanced + One-Step,NASDAQ:SFIX,4.378022812251078e-07
2023-02-03,17,AR1 alpha + Enhanced + One-Step,NASDAQ:SFIX,1.662031523691994e-08
2023-02-06,17,AR1 alpha + Enhanced + One-Step,NASDAQ:SFIX,2.8066143571691385e-07
2023-02-07,17,AR1 alpha + Enhanced + One-Step,NASDAQ:SFIX,4.6973878403509105e-07
2023-02-08,17,AR1 alpha + Enhanced + One-Step,NASDAQ:SFIX,0.0
2023-02-09,17,AR1 alpha + Enhanced + One-Step,NASDAQ:SFIX,0.0
2023-02-10,17,AR1 alpha + Enhanced + One-Step,NASDAQ:SFIX,0.0
2023-02-13,17,AR1 alpha + Enhanced + One-Step,NASDAQ:SFIX,5.127215162141687e-08
2023-02-14,17,AR1 alpha + Enhanced + One-Step,NASDAQ:SFIX,6.430580509021983e-07
2023-02-15,17,AR1 alpha + Enhanced + One-Step,NASDAQ:SFIX,1.6726509276907497e-07
2023-02-16,17,AR1 alpha + Enhanced + One-Step,NASDAQ:SFIX,0.0
2023-02-17,17,AR1 alpha + Enhanced + One-Step,NASDAQ:SFIX,0.0
2023-02-21,17,AR1 alpha + Enhanced + One-Step,NASDAQ:SFIX,0.0
2023-02-22,17,AR1 alpha + Enhanced + One-Step,NASDAQ:SFIX,0.0
2023-02-23,17,AR1 alpha + Enhanced + One-Step,NASDAQ:SFIX,0.0
2023-02-24,17,AR1 alpha + Enhanced + One-Step,NASDAQ:SFIX,5.252651255207906e-07
2023-02-27,17,AR1 alpha + Enhanced + One-Step,NASDAQ:SFIX,1.3329627333554767e-07
2023-02-28,17,AR1 alpha + Enhanced + One-Step,NASDAQ:SFIX,2.500327697212422e-07
2023-03-01,17,AR1 alpha + Enhanced + One-Step,NASDAQ:SFIX,4.84440951665723e-08
2023-03-02,17,AR1 alpha + Enhanced + One-Step,NASDAQ:SFIX,0.0
2023-03-03,17,AR1 alpha + Enhanced + One-Step,NASDAQ:SFIX,0.0
2023-03-06,17,AR1 alpha + Enhanced + One-Step,NASDAQ:SFIX,0.0
2023-03-07,17,AR1 alpha + Enhanced + One-Step,NASDAQ:SFIX,0.0
2023-03-08,17,AR1 alpha + Enhanced + One-Step,NASDAQ:SFIX,0.0
2023-03-09,17,AR1 alpha + Enhanced + One-Step,NASDAQ:SFIX,0.0
2023-03-10,17,AR1 alpha + Enhanced + One-Step,NASDAQ:SFIX,0.0
2023-03-13,17,AR1 alpha + Enhanced + One-Step,NASDAQ:SFIX,0.0
2023-03-14,17,AR1 alpha + Enhanced + One-Step,NASDAQ:SFIX,0.0
2023-03-15,17,AR1 alpha + Enhanced + One-Step,NASDAQ:SFIX,0.0
2023-03-16,17,AR1 alpha + Enhanced + One-Step,NASDAQ:SFIX,5.037489011199523e-09
2023-03-17,17,AR1 alpha + Enhanced + One-Step,NASDAQ:SFIX,0.0
2023-03-20,17,AR1 alpha + Enhanced + One-Step,NASDAQ:SFIX,0.0
2023-03-21,17,AR1 alpha + Enhanced + One-Step,NASDAQ:SFIX,0.0
2023-03-22,17,AR1 alpha + Enhanced + One-Step,NASDAQ:SFIX,2.405519466439888e-09
2023-03-23,17,AR1 alpha + Enhanced + One-Step,NASDAQ:SFIX,0.0
2023-03-24,17,AR1 alpha + Enhanced + One-Step,NASDAQ:SFIX,0.0
2023-03-27,17,AR1 alpha + Enhanced + One-Step,NASDAQ:SFIX,0.0
2023-03-28,17,AR1 alpha + Enhanced + One-Step,NASDAQ:SFIX,0.0
2023-03-29,17,AR1 alpha + Enhanced + One-Step,NASDAQ:SFIX,2.0974447835283326e-09
2023-03-30,17,AR1 alpha + Enhanced + One-Step,NASDAQ:SFIX,6.788404830937735e-09
2023-03-31,17,AR1 alpha + Enhanced + One-Step,NASDAQ:SFIX,3.9094165544875465e-08
2023-04-03,17,AR1 alpha + Enhanced + One-Step,NASDAQ:SFIX,0.0
2023-04-04,17,AR1 alpha + Enhanced + One-Step,NASDAQ:SFIX,0.0
2023-04-05,17,AR1 alpha + Enhanced + One-Step,NASDAQ:SFIX,0.0
2023-04-06,17,AR1 alpha + Enhanced + One-Step,NASDAQ:SFIX,9.789805747817971e-08
2023-04-10,17,AR1 alpha + Enhanced + One-Step,NASDAQ:SFIX,2.4609354951333623e-07
2023-04-11,17,AR1 alpha + Enhanced + One-Step,NASDAQ:SFIX,0.0
2023-04-12,17,AR1 alpha + Enhanced + One-Step,NASDAQ:SFIX,8.474131645827792e-08
2023-04-13,17,AR1 alpha + Enhanced + One-Step,NASDAQ:SFIX,0.0
2023-04-14,17,AR1 alpha + Enhanced + One-Step,NASDAQ:SFIX,0.0
2023-04-17,17,AR1 alpha + Enhanced + One-Step,NASDAQ:SFIX,1.9681917646377566e-08
2023-04-18,17,AR1 alpha + Enhanced + One-Step,NASDAQ:SFIX,0.0
2023-04-19,17,AR1 alpha + Enhanced + One-Step,NASDAQ:SFIX,0.0
2023-04-20,17,AR1 alpha + Enhanced + One-Step,NASDAQ:SFIX,3.673438301499208e-09
2023-04-21,17,AR1 alpha + Enhanced + One-Step,NASDAQ:SFIX,0.0
2023-04-24,17,AR1 alpha + Enhanced + One-Step,NASDAQ:SFIX,0.0
2023-04-25,17,AR1 alpha + Enhanced + One-Step,NASDAQ:SFIX,2.3066654088378574e-08
2023-04-26,17,AR1 alpha + Enhanced + One-Step,NASDAQ:SFIX,1.2024904299448273e-08
2023-04-27,17,AR1 alpha + Enhanced + One-Step,NASDAQ:SFIX,0.0
2023-04-28,17,AR1 alpha + Enhanced + One-Step,NASDAQ:SFIX,9.59358802603262e-08
2023-05-01,17,AR1 alpha + Enhanced + One-Step,NASDAQ:SFIX,0.0
2023-05-02,17,AR1 alpha + Enhanced + One-Step,NASDAQ:SFIX,4.103893769572552e-08
2023-05-03,17,AR1 alpha + Enhanced + One-Step,NASDAQ:SFIX,0.0
2023-05-04,17,AR1 alpha + Enhanced + One-Step,NASDAQ:SFIX,0.0
2023-05-05,17,AR1 alpha + Enhanced + One-Step,NASDAQ:SFIX,0.0
2023-05-08,17,AR1 alpha + Enhanced + One-Step,NASDAQ:SFIX,2.0516698581461025e-07
2023-05-09,17,AR1 alpha + Enhanced + One-Step,NASDAQ:SFIX,3.097239323468493e-08
2023-05-10,17,AR1 alpha + Enhanced + One-Step,NASDAQ:SFIX,4.3087163344518065e-07
2023-05-11,17,AR1 alpha + Enhanced + One-Step,NASDAQ:SFIX,9.993569360995232e-08
2023-05-12,17,AR1 alpha + Enhanced + One-Step,NASDAQ:SFIX,1.2725443730689103e-07
2023-05-15,17,AR1 alpha + Enhanced + One-Step,NASDAQ:SFIX,1.6701487856965274e-07
2023-05-16,17,AR1 alpha + Enhanced + One-Step,NASDAQ:SFIX,8.237774493814489e-08
2023-05-17,17,AR1 alpha + Enhanced + One-Step,NASDAQ:SFIX,6.219247450391179e-08
2023-05-18,17,AR1 alpha + Enhanced + One-Step,NASDAQ:SFIX,7.160458065795425e-07
2023-05-19,17,AR1 alpha + Enhanced + One-Step,NASDAQ:SFIX,1.1269542408437154e-07
2023-05-22,17,AR1 alpha + Enhanced + One-Step,NASDAQ:SFIX,0.0
2023-05-23,17,AR1 alpha + Enhanced + One-Step,NASDAQ:SFIX,0.0
2023-05-24,17,AR1 alpha + Enhanced + One-Step,NASDAQ:SFIX,0.0
2023-05-25,17,AR1 alpha + Enhanced + One-Step,NASDAQ:SFIX,0.0
2023-05-26,17,AR1 alpha + Enhanced + One-Step,NASDAQ:SFIX,2.0333597787405307e-07
2023-05-30,17,AR1 alpha + Enhanced + One-Step,NASDAQ:SFIX,1.5410183738258025e-07
2023-05-31,17,AR1 alpha + Enhanced + One-Step,NASDAQ:SFIX,0.0
2023-06-01,17,AR1 alpha + Enhanced + One-Step,NASDAQ:SFIX,0.0
2023-06-02,17,AR1 alpha + Enhanced + One-Step,NASDAQ:SFIX,0.0
2023-06-05,17,AR1 alpha + Enhanced + One-Step,NASDAQ:SFIX,0.0
2023-06-06,17,AR1 alpha + Enhanced + One-Step,NASDAQ:SFIX,1.1938525407948093e-06
2023-06-07,17,AR1 alpha + Enhanced + One-Step,NASDAQ:SFIX,1.2694153938013546e-07
2023-06-08,17,AR1 alpha + Enhanced + One-Step,NASDAQ:SFIX,0.0
2023-06-09,17,AR1 alpha + Enhanced + One-Step,NASDAQ:SFIX,0.0
2023-06-12,17,AR1 alpha + Enhanced + One-Step,NASDAQ:SFIX,0.0
2023-06-13,17,AR1 alpha + Enhanced + One-Step,NASDAQ:SFIX,0.0
2023-06-14,17,AR1 alpha + Enhanced + One-Step,NASDAQ:SFIX,0.0
2023-06-15,17,AR1 alpha + Enhanced + One-Step,NASDAQ:SFIX,0.0
2023-06-16,17,AR1 alpha + Enhanced + One-Step,NASDAQ:SFIX,0.0
2023-06-20,17,AR1 alpha + Enhanced + One-Step,NASDAQ:SFIX,0.0
2023-06-21,17,AR1 alpha + Enhanced + One-Step,NASDAQ:SFIX,0.0
2023-06-22,17,AR1 alpha + Enhanced + One-Step,NASDAQ:SFIX,0.0
2023-06-23,17,AR1 alpha + Enhanced + One-Step,NASDAQ:SFIX,0.0
2023-06-26,17,AR1 alpha + Enhanced + One-Step,NASDAQ:SFIX,0.0
2023-06-27,17,AR1 alpha + Enhanced + One-Step,NASDAQ:SFIX,0.0
2023-06-28,17,AR1 alpha + Enhanced + One-Step,NASDAQ:SFIX,0.0
2023-06-29,17,AR1 alpha + Enhanced + One-Step,NASDAQ:SFIX,0.0
2023-06-30,17,AR1 alpha + Enhanced + One-Step,NASDAQ:SFIX,0.0
2023-07-03,17,AR1 alpha + Enhanced + One-Step,NASDAQ:SFIX,0.0
2023-07-05,17,AR1 alpha + Enhanced + One-Step,NASDAQ:SFIX,0.0
2023-07-06,17,AR1 alpha + Enhanced + One-Step,NASDAQ:SFIX,0.0
2023-07-07,17,AR1 alpha + Enhanced + One-Step,NASDAQ:SFIX,0.0
2023-07-10,17,AR1 alpha + Enhanced + One-Step,NASDAQ:SFIX,2.9626162376351256e-08
2023-07-11,17,AR1 alpha + Enhanced + One-Step,NASDAQ:SFIX,0.0
2023-07-12,17,AR1 alpha + Enhanced + One-Step,NASDAQ:SFIX,3.419813614121618e-08
2023-07-13,17,AR1 alpha + Enhanced + One-Step,NASDAQ:SFIX,0.0
2023-07-14,17,AR1 alpha + Enhanced + One-Step,NASDAQ:SFIX,0.0
2023-07-17,17,AR1 alpha + Enhanced + One-Step,NASDAQ:SFIX,0.0
2023-07-18,17,AR1 alpha + Enhanced + One-Step,NASDAQ:SFIX,1.1912195329062035e-07
2023-07-19,17,AR1 alpha + Enhanced + One-Step,NASDAQ:SFIX,0.0
2023-07-20,17,AR1 alpha + Enhanced + One-Step,NASDAQ:SFIX,0.0
2023-07-21,17,AR1 alpha + Enhanced + One-Step,NASDAQ:SFIX,0.0
2023-07-24,17,AR1 alpha + Enhanced + One-Step,NASDAQ:SFIX,0.0
2023-07-25,17,AR1 alpha + Enhanced + One-Step,NASDAQ:SFIX,0.0
2023-07-26,17,AR1 alpha + Enhanced + One-Step,NASDAQ:SFIX,0.0
2023-07-27,17,AR1 alpha + Enhanced + One-Step,NASDAQ:SFIX,9.431450584127734e-11
2023-08-01,17,AR1 alpha + Enhanced + One-Step,NASDAQ:SFIX,9.045894445951017e-08
2023-08-02,17,AR1 alpha + Enhanced + One-Step,NASDAQ:SFIX,0.0
2023-08-03,17,AR1 alpha + Enhanced + One-Step,NASDAQ:SFIX,2.1766664172866988e-08
2023-08-04,17,AR1 alpha + Enhanced + One-Step,NASDAQ:SFIX,7.957300631815538e-07
2023-08-07,17,AR1 alpha + Enhanced + One-Step,NASDAQ:SFIX,1.28747378399749e-08
2023-08-08,17,AR1 alpha + Enhanced + One-Step,NASDAQ:SFIX,2.13161772040913e-08
2023-08-09,17,AR1 alpha + Enhanced + One-Step,NASDAQ:SFIX,1.6212877174819386e-09
2023-08-10,17,AR1 alpha + Enhanced + One-Step,NASDAQ:SFIX,5.596884026111185e-08
2023-08-11,17,AR1 alpha + Enhanced + One-Step,NASDAQ:SFIX,0.0
2023-08-14,17,AR1 alpha + Enhanced + One-Step,NASDAQ:SFIX,0.0
2023-08-15,17,AR1 alpha + Enhanced + One-Step,NASDAQ:SFIX,8.699167928873396e-09
2023-08-16,17,AR1 alpha + Enhanced + One-Step,NASDAQ:SFIX,1.4812028492304113e-08
2023-08-17,17,AR1 alpha + Enhanced + One-Step,NASDAQ:SFIX,0.0
2023-08-18,17,AR1 alpha + Enhanced + One-Step,NASDAQ:SFIX,0.0
2023-08-21,17,AR1 alpha + Enhanced + One-Step,NASDAQ:SFIX,0.0
2023-08-22,17,AR1 alpha + Enhanced + One-Step,NASDAQ:SFIX,0.0
2023-08-23,17,AR1 alpha + Enhanced + One-Step,NASDAQ:SFIX,0.0
2023-08-24,17,AR1 alpha + Enhanced + One-Step,NASDAQ:SFIX,0.0
2023-08-25,17,AR1 alpha + Enhanced + One-Step,NASDAQ:SFIX,0.0
2023-08-28,17,AR1 alpha + Enhanced + One-Step,NASDAQ:SFIX,0.0
2023-08-29,17,AR1 alpha + Enhanced + One-Step,NASDAQ:SFIX,0.0
2023-08-30,17,AR1 alpha + Enhanced + One-Step,NASDAQ:SFIX,0.0
2023-08-31,17,AR1 alpha + Enhanced + One-Step,NASDAQ:SFIX,0.0
2023-09-01,17,AR1 alpha + Enhanced + One-Step,NASDAQ:SFIX,0.0
2023-09-05,17,AR1 alpha + Enhanced + One-Step,NASDAQ:SFIX,0.0
2023-09-06,17,AR1 alpha + Enhanced + One-Step,NASDAQ:SFIX,0.0
2023-09-07,17,AR1 alpha + Enhanced + One-Step,NASDAQ:SFIX,0.0
2023-09-08,17,AR1 alpha + Enhanced + One-Step,NASDAQ:SFIX,0.0
2023-09-11,17,AR1 alpha + Enhanced + One-Step,NASDAQ:SFIX,4.462108011474048e-08
2023-09-12,17,AR1 alpha + Enhanced + One-Step,NASDAQ:SFIX,4.4783639096903157e-08
2023-09-13,17,AR1 alpha + Enhanced + One-Step,NASDAQ:SFIX,0.0
2023-09-14,17,AR1 alpha + Enhanced + One-Step,NASDAQ:SFIX,9.502839627706291e-09
2023-09-15,17,AR1 alpha + Enhanced + One-Step,NASDAQ:SFIX,6.904012234244387e-08
2023-09-18,17,AR1 alpha + Enhanced + One-Step,NASDAQ:SFIX,2.2878287451070244e-08
2023-09-19,17,AR1 alpha + Enhanced + One-Step,NASDAQ:SFIX,2.3266627856126156e-09
2023-09-20,17,AR1 alpha + Enhanced + One-Step,NASDAQ:SFIX,1.058840630132874e-08
2023-09-21,17,AR1 alpha + Enhanced + One-Step,NASDAQ:SFIX,2.661659880893559e-08
2023-09-22,17,AR1 alpha + Enhanced + One-Step,NASDAQ:SFIX,8.500808909045637e-09
2023-09-25,17,AR1 alpha + Enhanced + One-Step,NASDAQ:SFIX,0.0
2023-09-26,17,AR1 alpha + Enhanced + One-Step,NASDAQ:SFIX,0.0
2023-09-27,17,AR1 alpha + Enhanced + One-Step,NASDAQ:SFIX,0.0
2023-09-28,17,AR1 alpha + Enhanced + One-Step,NASDAQ:SFIX,0.0
2023-09-29,17,AR1 alpha + Enhanced + One-Step,NASDAQ:SFIX,6.360387431641264e-10
2023-10-02,17,AR1 alpha + Enhanced + One-Step,NASDAQ:SFIX,0.0
2023-10-03,17,AR1 alpha + Enhanced + One-Step,NASDAQ:SFIX,0.0
2023-10-04,17,AR1 alpha + Enhanced + One-Step,NASDAQ:SFIX,0.0
2023-10-05,17,AR1 alpha + Enhanced + One-Step,NASDAQ:SFIX,0.0
2023-10-06,17,AR1 alpha + Enhanced + One-Step,NASDAQ:SFIX,0.0
2023-10-09,17,AR1 alpha + Enhanced + One-Step,NASDAQ:SFIX,0.0
2023-10-10,17,AR1 alpha + Enhanced + One-Step,NASDAQ:SFIX,0.0
2023-10-11,17,AR1 alpha + Enhanced + One-Step,NASDAQ:SFIX,0.0
2023-10-12,17,AR1 alpha + Enhanced + One-Step,NASDAQ:SFIX,7.043287807739614e-09
2023-10-13,17,AR1 alpha + Enhanced + One-Step,NASDAQ:SFIX,1.9894093474140598e-08
2023-10-16,17,AR1 alpha + Enhanced + One-Step,NASDAQ:SFIX,2.611809841257188e-08
2023-10-17,17,AR1 alpha + Enhanced + One-Step,NASDAQ:SFIX,0.0
2023-10-18,17,AR1 alpha + Enhanced + One-Step,NASDAQ:SFIX,3.846527618607412e-08
2023-10-19,17,AR1 alpha + Enhanced + One-Step,NASDAQ:SFIX,0.0
2023-10-20,17,AR1 alpha + Enhanced + One-Step,NASDAQ:SFIX,6.553178395374367e-10
2023-10-23,17,AR1 alpha + Enhanced + One-Step,NASDAQ:SFIX,0.0
2023-10-24,17,AR1 alpha + Enhanced + One-Step,NASDAQ:SFIX,1.7467735428282112e-09
2023-10-25,17,AR1 alpha + Enhanced + One-Step,NASDAQ:SFIX,0.0
2023-10-26,17,AR1 alpha + Enhanced + One-Step,NASDAQ:SFIX,0.0
2023-10-27,17,AR1 alpha + Enhanced + One-Step,NASDAQ:SFIX,0.0
2023-10-30,17,AR1 alpha + Enhanced + One-Step,NASDAQ:SFIX,1.1358615402522836e-07
2023-10-31,17,AR1 alpha + Enhanced + One-Step,NASDAQ:SFIX,6.621409772258316e-08
2023-11-01,17,AR1 alpha + Enhanced + One-Step,NASDAQ:SFIX,5.41435760626636e-08
2023-11-02,17,AR1 alpha + Enhanced + One-Step,NASDAQ:SFIX,4.5109642718266167e-07
2023-11-03,17,AR1 alpha + Enhanced + One-Step,NASDAQ:SFIX,1.0357020023805189e-07
2023-11-06,17,AR1 alpha + Enhanced + One-Step,NASDAQ:SFIX,5.184087731003992e-08
2023-11-07,17,AR1 alpha + Enhanced + One-Step,NASDAQ:SFIX,0.0
2023-11-08,17,AR1 alpha + Enhanced + One-Step,NASDAQ:SFIX,0.0
2023-11-09,17,AR1 alpha + Enhanced + One-Step,NASDAQ:SFIX,0.0
2023-11-10,17,AR1 alpha + Enhanced + One-Step,NASDAQ:SFIX,0.0
2023-11-13,17,AR1 alpha + Enhanced + One-Step,NASDAQ:SFIX,1.2605254514986455e-07
2023-11-14,17,AR1 alpha + Enhanced + One-Step,NASDAQ:SFIX,3.177608936076079e-07
2023-11-15,17,AR1 alpha + Enhanced + One-Step,NASDAQ:SFIX,8.321032518414097e-08
2023-11-16,17,AR1 alpha + Enhanced + One-Step,NASDAQ:SFIX,0.0
2023-11-17,17,AR1 alpha + Enhanced + One-Step,NASDAQ:SFIX,1.3235174247547733e-08
2023-11-20,17,AR1 alpha + Enhanced + One-Step,NASDAQ:SFIX,2.4532252520265138e-08
2023-11-21,17,AR1 alpha + Enhanced + One-Step,NASDAQ:SFIX,2.0895376352720742e-08
2023-11-22,17,AR1 alpha + Enhanced + One-Step,NASDAQ:SFIX,0.0
2023-11-24,17,AR1 alpha + Enhanced + One-Step,NASDAQ:SFIX,0.0
2023-11-27,17,AR1 alpha + Enhanced + One-Step,NASDAQ:SFIX,0.0
2023-11-28,17,AR1 alpha + Enhanced + One-Step,NASDAQ:SFIX,9.943993052738636e-09
2023-11-29,17,AR1 alpha + Enhanced + One-Step,NASDAQ:SFIX,0.0
2023-11-30,17,AR1 alpha + Enhanced + One-Step,NASDAQ:SFIX,0.0
2023-12-01,17,AR1 alpha + Enhanced + One-Step,NASDAQ:SFIX,0.0
2023-12-04,17,AR1 alpha + Enhanced + One-Step,NASDAQ:SFIX,0.0
2023-12-05,17,AR1 alpha + Enhanced + One-Step,NASDAQ:SFIX,0.0
2023-12-06,17,AR1 alpha + Enhanced + One-Step,NASDAQ:SFIX,0.0
2023-12-07,17,AR1 alpha + Enhanced + One-Step,NASDAQ:SFIX,1.0104095749821854e-10
2023-12-08,17,AR1 alpha + Enhanced + One-Step,NASDAQ:SFIX,2.189412931391799e-08
2023-12-11,17,AR1 alpha + Enhanced + One-Step,NASDAQ:SFIX,0.0
2023-12-12,17,AR1 alpha + Enhanced + One-Step,NASDAQ:SFIX,0.0
2023-12-13,17,AR1 alpha + Enhanced + One-Step,NASDAQ:SFIX,2.6185243565085077e-07
2023-12-14,17,AR1 alpha + Enhanced + One-Step,NASDAQ:SFIX,2.1904256343173328e-08
2023-12-15,17,AR1 alpha + Enhanced + One-Step,NASDAQ:SFIX,0.0
2023-12-18,17,AR1 alpha + Enhanced + One-Step,NASDAQ:SFIX,0.0
2023-12-19,17,AR1 alpha + Enhanced + One-Step,NASDAQ:SFIX,0.0
2023-12-20,17,AR1 alpha + Enhanced + One-Step,NASDAQ:SFIX,6.227993320015984e-07
2023-12-21,17,AR1 alpha + Enhanced + One-Step,NASDAQ:SFIX,1.2242490185327132e-07
2023-12-22,17,AR1 alpha + Enhanced + One-Step,NASDAQ:SFIX,4.813814023974476e-08
2023-12-26,17,AR1 alpha + Enhanced + One-Step,NASDAQ:SFIX,3.2423077670407824e-08
2023-12-27,17,AR1 alpha + Enhanced + One-Step,NASDAQ:SFIX,0.002144703225267626
2023-12-28,17,AR1 alpha + Enhanced + One-Step,NASDAQ:SFIX,0.0021448402559989697
2023-12-29,17,AR1 alpha + Enhanced + One-Step,NASDAQ:SFIX,0.01220570458422222
2024-01-02,17,AR1 alpha + Enhanced + One-Step,NASDAQ:SFIX,0.010567286555038568
2024-01-03,17,AR1 alpha + Enhanced + One-Step,NASDAQ:SFIX,0.013987586707499071
2024-01-04,17,AR1 alpha + Enhanced + One-Step,NASDAQ:SFIX,0.016140648763187323
2024-01-05,17,AR1 alpha + Enhanced + One-Step,NASDAQ:SFIX,0.0161411175750163
2024-01-08,17,AR1 alpha + Enhanced + One-Step,NASDAQ:SFIX,0.016141815836821026
2024-01-09,17,AR1 alpha + Enhanced + One-Step,NASDAQ:SFIX,0.007470574389661627
2024-01-10,17,AR1 alpha + Enhanced + One-Step,NASDAQ:SFIX,0.0
2024-01-11,17,AR1 alpha + Enhanced + One-Step,NASDAQ:SFIX,0.0
2024-01-12,17,AR1 alpha + Enhanced + One-Step,NASDAQ:SFIX,9.646695235801918e-09
2024-01-16,17,AR1 alpha + Enhanced + One-Step,NASDAQ:SFIX,4.0032408291408605e-07
2024-01-17,17,AR1 alpha + Enhanced + One-Step,NASDAQ:SFIX,0.0
2024-01-18,17,AR1 alpha + Enhanced + One-Step,NASDAQ:SFIX,0.0
2024-01-19,17,AR1 alpha + Enhanced + One-Step,NASDAQ:SFIX,0.0
2024-01-22,17,AR1 alpha + Enhanced + One-Step,NASDAQ:SFIX,0.0
2024-01-23,17,AR1 alpha + Enhanced + One-Step,NASDAQ:SFIX,0.0
2024-01-24,17,AR1 alpha + Enhanced + One-Step,NASDAQ:SFIX,0.0
2024-01-25,17,AR1 alpha + Enhanced + One-Step,NASDAQ:SFIX,0.0
2024-01-26,17,AR1 alpha + Enhanced + One-Step,NASDAQ:SFIX,0.0
2024-01-29,17,AR1 alpha + Enhanced + One-Step,NASDAQ:SFIX,0.0
2024-01-30,17,AR1 alpha + Enhanced + One-Step,NASDAQ:SFIX,0.0
2024-01-31,17,AR1 alpha + Enhanced + One-Step,NASDAQ:SFIX,0.0
2024-02-01,17,AR1 alpha + Enhanced + One-Step,NASDAQ:SFIX,0.0
2024-02-02,17,AR1 alpha + Enhanced + One-Step,NASDAQ:SFIX,0.0
2024-02-05,17,AR1 alpha + Enhanced + One-Step,NASDAQ:SFIX,0.0
2024-02-06,17,AR1 alpha + Enhanced + One-Step,NASDAQ:SFIX,0.0
2024-02-07,17,AR1 alpha + Enhanced + One-Step,NASDAQ:SFIX,0.0
2024-02-08,17,AR1 alpha + Enhanced + One-Step,NASDAQ:SFIX,0.0
2024-02-09,17,AR1 alpha + Enhanced + One-Step,NASDAQ:SFIX,0.0
2024-02-12,17,AR1 alpha + Enhanced + One-Step,NASDAQ:SFIX,0.0
2024-02-13,17,AR1 alpha + Enhanced + One-Step,NASDAQ:SFIX,1.8772081345017662e-07
2024-02-14,17,AR1 alpha + Enhanced + One-Step,NASDAQ:SFIX,2.0331405756577847e-07
2024-02-15,17,AR1 alpha + Enhanced + One-Step,NASDAQ:SFIX,0.0
2024-02-16,17,AR1 alpha + Enhanced + One-Step,NASDAQ:SFIX,2.0616610787932093e-07
2024-02-20,17,AR1 alpha + Enhanced + One-Step,NASDAQ:SFIX,1.2035665836373204e-07
2024-02-21,17,AR1 alpha + Enhanced + One-Step,NASDAQ:SFIX,0.0
2024-02-22,17,AR1 alpha + Enhanced + One-Step,NASDAQ:SFIX,0.0
2024-02-23,17,AR1 alpha + Enhanced + One-Step,NASDAQ:SFIX,0.0
2024-02-26,17,AR1 alpha + Enhanced + One-Step,NASDAQ:SFIX,0.0
2024-02-27,17,AR1 alpha + Enhanced + One-Step,NASDAQ:SFIX,0.0
2024-02-28,17,AR1 alpha + Enhanced + One-Step,NASDAQ:SFIX,0.0
2024-02-29,17,AR1 alpha + Enhanced + One-Step,NASDAQ:SFIX,0.0
2024-03-01,17,AR1 alpha + Enhanced + One-Step,NASDAQ:SFIX,0.0
2024-03-04,17,AR1 alpha + Enhanced + One-Step,NASDAQ:SFIX,0.0
2024-03-05,17,AR1 alpha + Enhanced + One-Step,NASDAQ:SFIX,0.017097331455205374
2024-03-06,17,AR1 alpha + Enhanced + One-Step,NASDAQ:SFIX,0.0213764104495767
2024-03-07,17,AR1 alpha + Enhanced + One-Step,NASDAQ:SFIX,0.0
2024-03-08,17,AR1 alpha + Enhanced + One-Step,NASDAQ:SFIX,0.0
2024-03-11,17,AR1 alpha + Enhanced + One-Step,NASDAQ:SFIX,0.0
2024-03-12,17,AR1 alpha + Enhanced + One-Step,NASDAQ:SFIX,0.0
2024-03-13,17,AR1 alpha + Enhanced + One-Step,NASDAQ:SFIX,0.0
2024-03-14,17,AR1 alpha + Enhanced + One-Step,NASDAQ:SFIX,0.0
2024-03-15,17,AR1 alpha + Enhanced + One-Step,NASDAQ:SFIX,2.497957121859656e-08
2024-03-18,17,AR1 alpha + Enhanced + One-Step,NASDAQ:SFIX,0.0
2024-03-19,17,AR1 alpha + Enhanced + One-Step,NASDAQ:SFIX,0.0
2024-03-20,17,AR1 alpha + Enhanced + One-Step,NASDAQ:SFIX,0.0
2024-03-21,17,AR1 alpha + Enhanced + One-Step,NASDAQ:SFIX,1.0498094872085728e-07
2024-03-22,17,AR1 alpha + Enhanced + One-Step,NASDAQ:SFIX,0.0
2024-03-25,17,AR1 alpha + Enhanced + One-Step,NASDAQ:SFIX,0.0
2024-03-26,17,AR1 alpha + Enhanced + One-Step,NASDAQ:SFIX,0.0
2024-03-27,17,AR1 alpha + Enhanced + One-Step,NASDAQ:SFIX,0.0
2024-03-28,17,AR1 alpha + Enhanced + One-Step,NASDAQ:SFIX,6.2895098391934326e-09
2024-04-01,17,AR1 alpha + Enhanced + One-Step,NASDAQ:SFIX,2.619354013646032e-08
2024-04-02,17,AR1 alpha + Enhanced + One-Step,NASDAQ:SFIX,0.0
2024-04-03,17,AR1 alpha + Enhanced + One-Step,NASDAQ:SFIX,0.0
2024-04-04,17,AR1 alpha + Enhanced + One-Step,NASDAQ:SFIX,0.0
2024-04-05,17,AR1 alpha + Enhanced + One-Step,NASDAQ:SFIX,0.0
2024-04-08,17,AR1 alpha + Enhanced + One-Step,NASDAQ:SFIX,2.6520506767431118e-08
2024-04-09,17,AR1 alpha + Enhanced + One-Step,NASDAQ:SFIX,0.0
2024-04-10,17,AR1 alpha + Enhanced + One-Step,NASDAQ:SFIX,0.0
2024-04-11,17,AR1 alpha + Enhanced + One-Step,NASDAQ:SFIX,0.0
2024-04-12,17,AR1 alpha + Enhanced + One-Step,NASDAQ:SFIX,0.0
2024-04-15,17,AR1 alpha + Enhanced + One-Step,NASDAQ:SFIX,0.0
2024-04-16,17,AR1 alpha + Enhanced + One-Step,NASDAQ:SFIX,0.0
2024-04-17,17,AR1 alpha + Enhanced + One-Step,NASDAQ:SFIX,1.4629394051355728e-08
2024-04-18,17,AR1 alpha + Enhanced + One-Step,NASDAQ:SFIX,0.0
2024-04-19,17,AR1 alpha + Enhanced + One-Step,NASDAQ:SFIX,0.0
2020-03-25,17,AR1 alpha + Enhanced + One-Step,NASDAQ:TTMI,0.020000000000007227
2020-03-26,17,AR1 alpha + Enhanced + One-Step,NASDAQ:TTMI,0.02000000000001305
2020-03-27,17,AR1 alpha + Enhanced + One-Step,NASDAQ:TTMI,0.01999992494221858
2020-03-30,17,AR1 alpha + Enhanced + One-Step,NASDAQ:TTMI,0.02000098114861383
2020-03-31,17,AR1 alpha + Enhanced + One-Step,NASDAQ:TTMI,0.020002285799511757
2020-04-01,17,AR1 alpha + Enhanced + One-Step,NASDAQ:TTMI,0.02000228561270962
2020-04-02,17,AR1 alpha + Enhanced + One-Step,NASDAQ:TTMI,0.020001618107619634
2020-04-03,17,AR1 alpha + Enhanced + One-Step,NASDAQ:TTMI,0.02000242414952411
2020-04-06,17,AR1 alpha + Enhanced + One-Step,NASDAQ:TTMI,0.02000321582782301
2020-04-07,17,AR1 alpha + Enhanced + One-Step,NASDAQ:TTMI,0.020002394859002612
2020-04-08,17,AR1 alpha + Enhanced + One-Step,NASDAQ:TTMI,0.0200026307406177
2020-04-09,17,AR1 alpha + Enhanced + One-Step,NASDAQ:TTMI,0.020002484187468726
2020-04-13,17,AR1 alpha + Enhanced + One-Step,NASDAQ:TTMI,0.020002717603335322
2020-04-14,17,AR1 alpha + Enhanced + One-Step,NASDAQ:TTMI,0.020003482570508904
2020-04-15,17,AR1 alpha + Enhanced + One-Step,NASDAQ:TTMI,0.020005030412635603
2020-04-16,17,AR1 alpha + Enhanced + One-Step,NASDAQ:TTMI,0.02000587001823071
2020-04-17,17,AR1 alpha + Enhanced + One-Step,NASDAQ:TTMI,0.020005908939010296
2020-04-20,17,AR1 alpha + Enhanced + One-Step,NASDAQ:TTMI,1.901791721798041e-08
2020-04-21,17,AR1 alpha + Enhanced + One-Step,NASDAQ:TTMI,1.0521056736253003e-07
2020-04-22,17,AR1 alpha + Enhanced + One-Step,NASDAQ:TTMI,1.1719032333619767e-07
2020-04-23,17,AR1 alpha + Enhanced + One-Step,NASDAQ:TTMI,2.2111898033747394e-08
2020-04-24,17,AR1 alpha + Enhanced + One-Step,NASDAQ:TTMI,2.9951023491979896e-08
2020-04-27,17,AR1 alpha + Enhanced + One-Step,NASDAQ:TTMI,1.0469795971895207e-08
2020-04-28,17,AR1 alpha + Enhanced + One-Step,NASDAQ:TTMI,3.0394546508741753e-09
2020-04-29,17,AR1 alpha + Enhanced + One-Step,NASDAQ:TTMI,8.696429020170338e-10
2020-04-30,17,AR1 alpha + Enhanced + One-Step,NASDAQ:TTMI,0.0
2020-05-01,17,AR1 alpha + Enhanced + One-Step,NASDAQ:TTMI,0.0
2020-05-04,17,AR1 alpha + Enhanced + One-Step,NASDAQ:TTMI,8.962949449449166e-09
2020-05-05,17,AR1 alpha + Enhanced + One-Step,NASDAQ:TTMI,0.0
2020-05-06,17,AR1 alpha + Enhanced + One-Step,NASDAQ:TTMI,0.0
2020-05-07,17,AR1 alpha + Enhanced + One-Step,NASDAQ:TTMI,4.440985970602907e-09
2020-05-08,17,AR1 alpha + Enhanced + One-Step,NASDAQ:TTMI,0.0
2020-05-11,17,AR1 alpha + Enhanced + One-Step,NASDAQ:TTMI,0.0
2020-05-12,17,AR1 alpha + Enhanced + One-Step,NASDAQ:TTMI,0.0
2020-05-13,17,AR1 alpha + Enhanced + One-Step,NASDAQ:TTMI,3.583293502345445e-08
2020-05-14,17,AR1 alpha + Enhanced + One-Step,NASDAQ:TTMI,0.0
2020-05-15,17,AR1 alpha + Enhanced + One-Step,NASDAQ:TTMI,2.754803168225356e-08
2020-05-18,17,AR1 alpha + Enhanced + One-Step,NASDAQ:TTMI,2.106325130595291e-08
2020-05-19,17,AR1 alpha + Enhanced + One-Step,NASDAQ:TTMI,0.0
2020-05-20,17,AR1 alpha + Enhanced + One-Step,NASDAQ:TTMI,0.0
2020-05-21,17,AR1 alpha + Enhanced + One-Step,NASDAQ:TTMI,0.0
2020-05-22,17,AR1 alpha + Enhanced + One-Step,NASDAQ:TTMI,0.0
2020-05-26,17,AR1 alpha + Enhanced + One-Step,NASDAQ:TTMI,0.0
2020-05-27,17,AR1 alpha + Enhanced + One-Step,NASDAQ:TTMI,4.698589061494333e-08
2020-05-28,17,AR1 alpha + Enhanced + One-Step,NASDAQ:TTMI,2.1918617271475952e-08
2020-05-29,17,AR1 alpha + Enhanced + One-Step,NASDAQ:TTMI,6.0976219177842695e-09
2020-06-01,17,AR1 alpha + Enhanced + One-Step,NASDAQ:TTMI,4.080358566282236e-08
2020-06-02,17,AR1 alpha + Enhanced + One-Step,NASDAQ:TTMI,1.5576145786598407e-08
2020-06-03,17,AR1 alpha + Enhanced + One-Step,NASDAQ:TTMI,2.919900819182908e-07
2020-06-04,17,AR1 alpha + Enhanced + One-Step,NASDAQ:TTMI,1.1052655871533063e-07
2020-06-05,17,AR1 alpha + Enhanced + One-Step,NASDAQ:TTMI,0.0
2020-06-08,17,AR1 alpha + Enhanced + One-Step,NASDAQ:TTMI,0.0
2020-06-09,17,AR1 alpha + Enhanced + One-Step,NASDAQ:TTMI,2.3297069793375656e-09
2020-06-10,17,AR1 alpha + Enhanced + One-Step,NASDAQ:TTMI,5.095719793506599e-10
2020-06-11,17,AR1 alpha + Enhanced + One-Step,NASDAQ:TTMI,1.0645308583660106e-06
2020-06-12,17,AR1 alpha + Enhanced + One-Step,NASDAQ:TTMI,3.155918886617731e-07
2020-06-15,17,AR1 alpha + Enhanced + One-Step,NASDAQ:TTMI,0.0
2020-06-16,17,AR1 alpha + Enhanced + One-Step,NASDAQ:TTMI,1.0303821142591732e-08
2020-06-17,17,AR1 alpha + Enhanced + One-Step,NASDAQ:TTMI,8.615188850472924e-09
2020-06-18,17,AR1 alpha + Enhanced + One-Step,NASDAQ:TTMI,0.0
2020-06-19,17,AR1 alpha + Enhanced + One-Step,NASDAQ:TTMI,2.0684521311856735e-08
2020-06-22,17,AR1 alpha + Enhanced + One-Step,NASDAQ:TTMI,3.9001142447309006e-08
2020-06-23,17,AR1 alpha + Enhanced + One-Step,NASDAQ:TTMI,5.210400894856866e-09
2020-06-24,17,AR1 alpha + Enhanced + One-Step,NASDAQ:TTMI,0.0
2020-06-25,17,AR1 alpha + Enhanced + One-Step,NASDAQ:TTMI,1.4201245891774273e-08
2020-06-26,17,AR1 alpha + Enhanced + One-Step,NASDAQ:TTMI,0.0
2020-06-29,17,AR1 alpha + Enhanced + One-Step,NASDAQ:TTMI,0.0
2020-06-30,17,AR1 alpha + Enhanced + One-Step,NASDAQ:TTMI,0.0
2020-07-01,17,AR1 alpha + Enhanced + One-Step,NASDAQ:TTMI,0.0
2020-07-02,17,AR1 alpha + Enhanced + One-Step,NASDAQ:TTMI,0.0
2020-07-06,17,AR1 alpha + Enhanced + One-Step,NASDAQ:TTMI,0.0
2020-07-07,17,AR1 alpha + Enhanced + One-Step,NASDAQ:TTMI,0.0
2020-07-08,17,AR1 alpha + Enhanced + One-Step,NASDAQ:TTMI,0.0
2020-07-09,17,AR1 alpha + Enhanced + One-Step,NASDAQ:TTMI,0.0
2020-07-10,17,AR1 alpha + Enhanced + One-Step,NASDAQ:TTMI,0.0
2020-07-13,17,AR1 alpha + Enhanced + One-Step,NASDAQ:TTMI,0.0
2020-07-14,17,AR1 alpha + Enhanced + One-Step,NASDAQ:TTMI,6.594477135588085e-10
2020-07-15,17,AR1 alpha + Enhanced + One-Step,NASDAQ:TTMI,1.6433058336617326e-07
2020-07-16,17,AR1 alpha + Enhanced + One-Step,NASDAQ:TTMI,7.462943167861186e-08
2020-07-17,17,AR1 alpha + Enhanced + One-Step,NASDAQ:TTMI,0.0
2020-07-20,17,AR1 alpha + Enhanced + One-Step,NASDAQ:TTMI,8.611634171259124e-09
2020-07-21,17,AR1 alpha + Enhanced + One-Step,NASDAQ:TTMI,4.966516239869152e-08
2020-07-22,17,AR1 alpha + Enhanced + One-Step,NASDAQ:TTMI,3.910424411689295e-08
2020-07-23,17,AR1 alpha + Enhanced + One-Step,NASDAQ:TTMI,0.0
2020-07-24,17,AR1 alpha + Enhanced + One-Step,NASDAQ:TTMI,0.0
2020-07-27,17,AR1 alpha + Enhanced + One-Step,NASDAQ:TTMI,0.0
2020-07-28,17,AR1 alpha + Enhanced + One-Step,NASDAQ:TTMI,0.0
2020-07-29,17,AR1 alpha + Enhanced + One-Step,NASDAQ:TTMI,0.0
2020-07-30,17,AR1 alpha + Enhanced + One-Step,NASDAQ:TTMI,0.0
2020-07-31,17,AR1 alpha + Enhanced + One-Step,NASDAQ:TTMI,0.0
2020-08-03,17,AR1 alpha + Enhanced + One-Step,NASDAQ:TTMI,8.344563272880219e-08
2020-08-04,17,AR1 alpha + Enhanced + One-Step,NASDAQ:TTMI,1.7793207806554076e-08
2020-08-05,17,AR1 alpha + Enhanced + One-Step,NASDAQ:TTMI,0.0
2020-08-06,17,AR1 alpha + Enhanced + One-Step,NASDAQ:TTMI,0.0
2020-08-07,17,AR1 alpha + Enhanced + One-Step,NASDAQ:TTMI,1.9180308678398962e-07
2020-08-10,17,AR1 alpha + Enhanced + One-Step,NASDAQ:TTMI,2.730296852987475e-07
2020-08-11,17,AR1 alpha + Enhanced + One-Step,NASDAQ:TTMI,5.162040047483987e-08
2020-08-12,17,AR1 alpha + Enhanced + One-Step,NASDAQ:TTMI,0.0
2020-08-13,17,AR1 alpha + Enhanced + One-Step,NASDAQ:TTMI,4.553113079066799e-10
2020-08-14,17,AR1 alpha + Enhanced + One-Step,NASDAQ:TTMI,1.407847595083859e-09
2020-08-17,17,AR1 alpha + Enhanced + One-Step,NASDAQ:TTMI,0.0
2020-08-18,17,AR1 alpha + Enhanced + One-Step,NASDAQ:TTMI,0.0
2020-08-19,17,AR1 alpha + Enhanced + One-Step,NASDAQ:TTMI,0.0
2020-08-20,17,AR1 alpha + Enhanced + One-Step,NASDAQ:TTMI,0.0
2020-08-21,17,AR1 alpha + Enhanced + One-Step,NASDAQ:TTMI,0.0
2020-08-24,17,AR1 alpha + Enhanced + One-Step,NASDAQ:TTMI,0.0
2020-08-25,17,AR1 alpha + Enhanced + One-Step,NASDAQ:TTMI,7.410348757653793e-08
2020-08-26,17,AR1 alpha + Enhanced + One-Step,NASDAQ:TTMI,0.0
2020-08-27,17,AR1 alpha + Enhanced + One-Step,NASDAQ:TTMI,0.0
2020-08-28,17,AR1 alpha + Enhanced + One-Step,NASDAQ:TTMI,2.8289134488937313e-09
2020-08-31,17,AR1 alpha + Enhanced + One-Step,NASDAQ:TTMI,0.0
2020-09-01,17,AR1 alpha + Enhanced + One-Step,NASDAQ:TTMI,0.0
2020-09-02,17,AR1 alpha + Enhanced + One-Step,NASDAQ:TTMI,7.222266100345636e-09
2020-09-03,17,AR1 alpha + Enhanced + One-Step,NASDAQ:TTMI,0.0
2020-09-04,17,AR1 alpha + Enhanced + One-Step,NASDAQ:TTMI,2.6223206719548542e-08
2020-09-08,17,AR1 alpha + Enhanced + One-Step,NASDAQ:TTMI,1.333848854206593e-07
2020-09-09,17,AR1 alpha + Enhanced + One-Step,NASDAQ:TTMI,4.7375557022028324e-08
2020-09-10,17,AR1 alpha + Enhanced + One-Step,NASDAQ:TTMI,7.938361658668475e-08
2020-09-11,17,AR1 alpha + Enhanced + One-Step,NASDAQ:TTMI,7.536302972090254e-08
2020-09-14,17,AR1 alpha + Enhanced + One-Step,NASDAQ:TTMI,6.673585188737993e-07
2020-09-15,17,AR1 alpha + Enhanced + One-Step,NASDAQ:TTMI,3.623821474697438e-07
2020-09-16,17,AR1 alpha + Enhanced + One-Step,NASDAQ:TTMI,0.0
2020-09-17,17,AR1 alpha + Enhanced + One-Step,NASDAQ:TTMI,0.0
2020-09-18,17,AR1 alpha + Enhanced + One-Step,NASDAQ:TTMI,0.0
2020-09-21,17,AR1 alpha + Enhanced + One-Step,NASDAQ:TTMI,0.0
2020-09-22,17,AR1 alpha + Enhanced + One-Step,NASDAQ:TTMI,4.637794733987414e-09
2020-09-23,17,AR1 alpha + Enhanced + One-Step,NASDAQ:TTMI,0.0
2020-09-24,17,AR1 alpha + Enhanced + One-Step,NASDAQ:TTMI,0.0
2020-09-25,17,AR1 alpha + Enhanced + One-Step,NASDAQ:TTMI,0.0
2020-09-28,17,AR1 alpha + Enhanced + One-Step,NASDAQ:TTMI,4.874707555546538e-08
2020-09-29,17,AR1 alpha + Enhanced + One-Step,NASDAQ:TTMI,9.711504368071049e-08
2020-09-30,17,AR1 alpha + Enhanced + One-Step,NASDAQ:TTMI,0.0
2020-10-01,17,AR1 alpha + Enhanced + One-Step,NASDAQ:TTMI,3.418157416030297e-07
2020-10-02,17,AR1 alpha + Enhanced + One-Step,NASDAQ:TTMI,2.834251049293297e-07
2020-10-05,17,AR1 alpha + Enhanced + One-Step,NASDAQ:TTMI,5.478078761172145e-07
2020-10-06,17,AR1 alpha + Enhanced + One-Step,NASDAQ:TTMI,1.4929583408456385e-07
2020-10-07,17,AR1 alpha + Enhanced + One-Step,NASDAQ:TTMI,0.0
2020-10-08,17,AR1 alpha + Enhanced + One-Step,NASDAQ:TTMI,0.0
2020-10-09,17,AR1 alpha + Enhanced + One-Step,NASDAQ:TTMI,3.891575868640242e-07
2020-10-12,17,AR1 alpha + Enhanced + One-Step,NASDAQ:TTMI,1.998298592313569e-07
2020-10-13,17,AR1 alpha + Enhanced + One-Step,NASDAQ:TTMI,4.5046896665799784e-07
2020-10-14,17,AR1 alpha + Enhanced + One-Step,NASDAQ:TTMI,0.0
2020-10-15,17,AR1 alpha + Enhanced + One-Step,NASDAQ:TTMI,0.0
2020-10-16,17,AR1 alpha + Enhanced + One-Step,NASDAQ:TTMI,0.0
2020-10-19,17,AR1 alpha + Enhanced + One-Step,NASDAQ:TTMI,0.0
2020-10-20,17,AR1 alpha + Enhanced + One-Step,NASDAQ:TTMI,0.0
2020-10-21,17,AR1 alpha + Enhanced + One-Step,NASDAQ:TTMI,0.0
2020-10-22,17,AR1 alpha + Enhanced + One-Step,NASDAQ:TTMI,0.0
2020-10-23,17,AR1 alpha + Enhanced + One-Step,NASDAQ:TTMI,0.0
2020-10-26,17,AR1 alpha + Enhanced + One-Step,NASDAQ:TTMI,0.0
2020-10-27,17,AR1 alpha + Enhanced + One-Step,NASDAQ:TTMI,3.653591157027145e-07
2020-10-28,17,AR1 alpha + Enhanced + One-Step,NASDAQ:TTMI,2.9076142115504066e-07
2020-10-29,17,AR1 alpha + Enhanced + One-Step,NASDAQ:TTMI,6.06647266362251e-07
2020-10-30,17,AR1 alpha + Enhanced + One-Step,NASDAQ:TTMI,3.59021114114751e-07
2020-11-02,17,AR1 alpha + Enhanced + One-Step,NASDAQ:TTMI,9.945597213932654e-07
2020-11-03,17,AR1 alpha + Enhanced + One-Step,NASDAQ:TTMI,3.109874599382024e-07
2020-11-04,17,AR1 alpha + Enhanced + One-Step,NASDAQ:TTMI,1.6830113812175334e-06
2020-11-05,17,AR1 alpha + Enhanced + One-Step,NASDAQ:TTMI,1.055220158629727e-06
2020-11-06,17,AR1 alpha + Enhanced + One-Step,NASDAQ:TTMI,4.775817226633772e-07
2020-11-09,17,AR1 alpha + Enhanced + One-Step,NASDAQ:TTMI,2.0914206561118028e-07
2020-11-10,17,AR1 alpha + Enhanced + One-Step,NASDAQ:TTMI,4.67635981482292e-07
2020-11-11,17,AR1 alpha + Enhanced + One-Step,NASDAQ:TTMI,4.2777052694688064e-07
2020-11-12,17,AR1 alpha + Enhanced + One-Step,NASDAQ:TTMI,2.749110954210035e-07
2020-11-13,17,AR1 alpha + Enhanced + One-Step,NASDAQ:TTMI,1.477019807684155e-07
2020-11-16,17,AR1 alpha + Enhanced + One-Step,NASDAQ:TTMI,3.791003613532205e-08
2020-11-17,17,AR1 alpha + Enhanced + One-Step,NASDAQ:TTMI,0.0
2020-11-18,17,AR1 alpha + Enhanced + One-Step,NASDAQ:TTMI,0.0
2020-11-19,17,AR1 alpha + Enhanced + One-Step,NASDAQ:TTMI,0.0
2020-11-20,17,AR1 alpha + Enhanced + One-Step,NASDAQ:TTMI,0.0
2020-11-23,17,AR1 alpha + Enhanced + One-Step,NASDAQ:TTMI,2.865643022991616e-08
2020-11-24,17,AR1 alpha + Enhanced + One-Step,NASDAQ:TTMI,0.0
2020-11-25,17,AR1 alpha + Enhanced + One-Step,NASDAQ:TTMI,0.0
2020-11-27,17,AR1 alpha + Enhanced + One-Step,NASDAQ:TTMI,0.0
2020-11-30,17,AR1 alpha + Enhanced + One-Step,NASDAQ:TTMI,0.0
2020-12-01,17,AR1 alpha + Enhanced + One-Step,NASDAQ:TTMI,1.2052928973293456e-07
2020-12-04,17,AR1 alpha + Enhanced + One-Step,NASDAQ:TTMI,8.377008479504045e-08
2020-12-07,17,AR1 alpha + Enhanced + One-Step,NASDAQ:TTMI,0.0
2020-12-08,17,AR1 alpha + Enhanced + One-Step,NASDAQ:TTMI,9.326461972329257e-08
2020-12-09,17,AR1 alpha + Enhanced + One-Step,NASDAQ:TTMI,0.0
2020-12-10,17,AR1 alpha + Enhanced + One-Step,NASDAQ:TTMI,9.70310163577285e-08
2020-12-11,17,AR1 alpha + Enhanced + One-Step,NASDAQ:TTMI,0.0
2020-12-14,17,AR1 alpha + Enhanced + One-Step,NASDAQ:TTMI,0.0
2020-12-15,17,AR1 alpha + Enhanced + One-Step,NASDAQ:TTMI,0.0
2020-12-16,17,AR1 alpha + Enhanced + One-Step,NASDAQ:TTMI,0.0
2020-12-17,17,AR1 alpha + Enhanced + One-Step,NASDAQ:TTMI,0.0
2020-12-18,17,AR1 alpha + Enhanced + One-Step,NASDAQ:TTMI,1.356201699720392e-06
2020-12-21,17,AR1 alpha + Enhanced + One-Step,NASDAQ:TTMI,1.3815147738510358e-06
2020-12-22,17,AR1 alpha + Enhanced + One-Step,NASDAQ:TTMI,7.885191707994587e-07
2020-12-23,17,AR1 alpha + Enhanced + One-Step,NASDAQ:TTMI,0.0
2020-12-24,17,AR1 alpha + Enhanced + One-Step,NASDAQ:TTMI,0.0
2020-12-28,17,AR1 alpha + Enhanced + One-Step,NASDAQ:TTMI,0.0
2020-12-29,17,AR1 alpha + Enhanced + One-Step,NASDAQ:TTMI,0.0
2020-12-30,17,AR1 alpha + Enhanced + One-Step,NASDAQ:TTMI,0.0
2020-12-31,17,AR1 alpha + Enhanced + One-Step,NASDAQ:TTMI,0.0
2021-01-04,17,AR1 alpha + Enhanced + One-Step,NASDAQ:TTMI,4.053507279921706e-09
2021-01-05,17,AR1 alpha + Enhanced + One-Step,NASDAQ:TTMI,5.56861641759621e-09
2021-01-06,17,AR1 alpha + Enhanced + One-Step,NASDAQ:TTMI,0.0
2021-01-07,17,AR1 alpha + Enhanced + One-Step,NASDAQ:TTMI,0.0
2021-01-08,17,AR1 alpha + Enhanced + One-Step,NASDAQ:TTMI,6.233558856187463e-08
2021-01-11,17,AR1 alpha + Enhanced + One-Step,NASDAQ:TTMI,0.0
2021-01-12,17,AR1 alpha + Enhanced + One-Step,NASDAQ:TTMI,0.0
2021-01-13,17,AR1 alpha + Enhanced + One-Step,NASDAQ:TTMI,0.0
2021-01-14,17,AR1 alpha + Enhanced + One-Step,NASDAQ:TTMI,4.625026237243137e-08
2021-01-15,17,AR1 alpha + Enhanced + One-Step,NASDAQ:TTMI,0.0
2021-01-19,17,AR1 alpha + Enhanced + One-Step,NASDAQ:TTMI,0.0
2021-01-20,17,AR1 alpha + Enhanced + One-Step,NASDAQ:TTMI,1.5451402745594536e-07
2021-01-21,17,AR1 alpha + Enhanced + One-Step,NASDAQ:TTMI,0.0
2021-01-22,17,AR1 alpha + Enhanced + One-Step,NASDAQ:TTMI,0.0
2021-01-25,17,AR1 alpha + Enhanced + One-Step,NASDAQ:TTMI,0.0
2021-01-26,17,AR1 alpha + Enhanced + One-Step,NASDAQ:TTMI,0.0
2021-01-27,17,AR1 alpha + Enhanced + One-Step,NASDAQ:TTMI,2.53358002345066e-07
2021-01-28,17,AR1 alpha + Enhanced + One-Step,NASDAQ:TTMI,1.3446763003911528e-06
2021-01-29,17,AR1 alpha + Enhanced + One-Step,NASDAQ:TTMI,6.076659116236954e-07
2021-02-01,17,AR1 alpha + Enhanced + One-Step,NASDAQ:TTMI,3.411636218809489e-07
2021-02-02,17,AR1 alpha + Enhanced + One-Step,NASDAQ:TTMI,2.165216627381283e-07
2021-02-03,17,AR1 alpha + Enhanced + One-Step,NASDAQ:TTMI,0.0
2021-02-04,17,AR1 alpha + Enhanced + One-Step,NASDAQ:TTMI,0.0
2021-02-05,17,AR1 alpha + Enhanced + One-Step,NASDAQ:TTMI,3.34094869513133e-08
2021-02-08,17,AR1 alpha + Enhanced + One-Step,NASDAQ:TTMI,5.285660015400781e-07
2021-02-09,17,AR1 alpha + Enhanced + One-Step,NASDAQ:TTMI,0.0
2021-02-10,17,AR1 alpha + Enhanced + One-Step,NASDAQ:TTMI,3.6795775675281544e-07
2021-02-11,17,AR1 alpha + Enhanced + One-Step,NASDAQ:TTMI,2.986877681130273e-07
2021-02-12,17,AR1 alpha + Enhanced + One-Step,NASDAQ:TTMI,1.5663577636339803e-07
2021-02-16,17,AR1 alpha + Enhanced + One-Step,NASDAQ:TTMI,0.0
2021-02-17,17,AR1 alpha + Enhanced + One-Step,NASDAQ:TTMI,0.0
2021-02-18,17,AR1 alpha + Enhanced + One-Step,NASDAQ:TTMI,1.0045636149895288e-07
2021-02-19,17,AR1 alpha + Enhanced + One-Step,NASDAQ:TTMI,8.776725042057399e-08
2021-02-22,17,AR1 alpha + Enhanced + One-Step,NASDAQ:TTMI,8.85057733171587e-07
2021-02-23,17,AR1 alpha + Enhanced + One-Step,NASDAQ:TTMI,2.1003949015251167e-06
2021-02-24,17,AR1 alpha + Enhanced + One-Step,NASDAQ:TTMI,1.4995101915149696e-06
2021-02-25,17,AR1 alpha + Enhanced + One-Step,NASDAQ:TTMI,0.0
2021-02-26,17,AR1 alpha + Enhanced + One-Step,NASDAQ:TTMI,4.7678818359864323e-07
2021-03-01,17,AR1 alpha + Enhanced + One-Step,NASDAQ:TTMI,3.068418324945975e-07
2021-03-02,17,AR1 alpha + Enhanced + One-Step,NASDAQ:TTMI,2.0740293385853067e-07
2021-03-03,17,AR1 alpha + Enhanced + One-Step,NASDAQ:TTMI,6.980127223386303e-08
2021-03-04,17,AR1 alpha + Enhanced + One-Step,NASDAQ:TTMI,4.7260082790343064e-08
2021-03-05,17,AR1 alpha + Enhanced + One-Step,NASDAQ:TTMI,0.0
2021-03-08,17,AR1 alpha + Enhanced + One-Step,NASDAQ:TTMI,0.0
2021-03-09,17,AR1 alpha + Enhanced + One-Step,NASDAQ:TTMI,0.0
2021-03-10,17,AR1 alpha + Enhanced + One-Step,NASDAQ:TTMI,1.830270705992881e-06
2021-03-11,17,AR1 alpha + Enhanced + One-Step,NASDAQ:TTMI,6.112611176438483e-07
2021-03-12,17,AR1 alpha + Enhanced + One-Step,NASDAQ:TTMI,3.538669201184763e-07
2021-03-15,17,AR1 alpha + Enhanced + One-Step,NASDAQ:TTMI,2.432395650327698e-06
2021-03-16,17,AR1 alpha + Enhanced + One-Step,NASDAQ:TTMI,1.6762107326193944e-06
2021-03-17,17,AR1 alpha + Enhanced + One-Step,NASDAQ:TTMI,9.866073362557778e-07
2021-03-18,17,AR1 alpha + Enhanced + One-Step,NASDAQ:TTMI,7.910179967236271e-07
2021-03-19,17,AR1 alpha + Enhanced + One-Step,NASDAQ:TTMI,0.0
2021-03-22,17,AR1 alpha + Enhanced + One-Step,NASDAQ:TTMI,3.232754115388873e-07
2021-03-23,17,AR1 alpha + Enhanced + One-Step,NASDAQ:TTMI,1.152217829833546e-06
2021-03-24,17,AR1 alpha + Enhanced + One-Step,NASDAQ:TTMI,7.235657941264721e-07
2021-03-25,17,AR1 alpha + Enhanced + One-Step,NASDAQ:TTMI,5.761772019480783e-07
2021-03-26,17,AR1 alpha + Enhanced + One-Step,NASDAQ:TTMI,5.792678134123147e-07
2021-03-29,17,AR1 alpha + Enhanced + One-Step,NASDAQ:TTMI,5.433752433249615e-07
2021-03-30,17,AR1 alpha + Enhanced + One-Step,NASDAQ:TTMI,0.0
2021-03-31,17,AR1 alpha + Enhanced + One-Step,NASDAQ:TTMI,0.0
2021-04-01,17,AR1 alpha + Enhanced + One-Step,NASDAQ:TTMI,1.4629048537451746e-06
2021-04-05,17,AR1 alpha + Enhanced + One-Step,NASDAQ:TTMI,2.7150530073435518e-08
2021-04-06,17,AR1 alpha + Enhanced + One-Step,NASDAQ:TTMI,0.0
2021-04-07,17,AR1 alpha + Enhanced + One-Step,NASDAQ:TTMI,0.0
2021-04-08,17,AR1 alpha + Enhanced + One-Step,NASDAQ:TTMI,0.0
2021-04-09,17,AR1 alpha + Enhanced + One-Step,NASDAQ:TTMI,0.0
2021-04-12,17,AR1 alpha + Enhanced + One-Step,NASDAQ:TTMI,0.0
2021-04-13,17,AR1 alpha + Enhanced + One-Step,NASDAQ:TTMI,0.0
2021-04-14,17,AR1 alpha + Enhanced + One-Step,NASDAQ:TTMI,0.0
2021-04-15,17,AR1 alpha + Enhanced + One-Step,NASDAQ:TTMI,7.210777424931901e-07
2021-04-16,17,AR1 alpha + Enhanced + One-Step,NASDAQ:TTMI,5.116857520329276e-07
2021-04-19,17,AR1 alpha + Enhanced + One-Step,NASDAQ:TTMI,1.7061883198338288e-07
2021-04-20,17,AR1 alpha + Enhanced + One-Step,NASDAQ:TTMI,0.0
2021-04-21,17,AR1 alpha + Enhanced + One-Step,NASDAQ:TTMI,0.0
2021-04-22,17,AR1 alpha + Enhanced + One-Step,NASDAQ:TTMI,0.0
2021-04-23,17,AR1 alpha + Enhanced + One-Step,NASDAQ:TTMI,0.0
2021-04-26,17,AR1 alpha + Enhanced + One-Step,NASDAQ:TTMI,0.0
2021-04-27,17,AR1 alpha + Enhanced + One-Step,NASDAQ:TTMI,0.0
2021-04-28,17,AR1 alpha + Enhanced + One-Step,NASDAQ:TTMI,0.0
2021-04-29,17,AR1 alpha + Enhanced + One-Step,NASDAQ:TTMI,0.0
2021-04-30,17,AR1 alpha + Enhanced + One-Step,NASDAQ:TTMI,0.0
2021-05-03,17,AR1 alpha + Enhanced + One-Step,NASDAQ:TTMI,3.57398362157146e-06
2021-05-04,17,AR1 alpha + Enhanced + One-Step,NASDAQ:TTMI,2.307629162027099e-06
2021-05-05,17,AR1 alpha + Enhanced + One-Step,NASDAQ:TTMI,1.5189848341972516e-06
2021-05-06,17,AR1 alpha + Enhanced + One-Step,NASDAQ:TTMI,1.4407165148230753e-06
2021-05-07,17,AR1 alpha + Enhanced + One-Step,NASDAQ:TTMI,1.1425075833799965e-06
2021-05-10,17,AR1 alpha + Enhanced + One-Step,NASDAQ:TTMI,1.0630118129728075e-06
2021-05-11,17,AR1 alpha + Enhanced + One-Step,NASDAQ:TTMI,8.111398189283911e-07
2021-05-12,17,AR1 alpha + Enhanced + One-Step,NASDAQ:TTMI,5.025180247900537e-07
2021-05-13,17,AR1 alpha + Enhanced + One-Step,NASDAQ:TTMI,0.0
2021-05-14,17,AR1 alpha + Enhanced + One-Step,NASDAQ:TTMI,5.339080401614469e-10
2021-05-17,17,AR1 alpha + Enhanced + One-Step,NASDAQ:TTMI,0.0
2021-05-18,17,AR1 alpha + Enhanced + One-Step,NASDAQ:TTMI,5.487414743287235e-07
2021-05-19,17,AR1 alpha + Enhanced + One-Step,NASDAQ:TTMI,1.5959061119490363e-06
2021-05-20,17,AR1 alpha + Enhanced + One-Step,NASDAQ:TTMI,1.2503541322517623e-06
2021-05-21,17,AR1 alpha + Enhanced + One-Step,NASDAQ:TTMI,9.447841776061023e-07
2021-05-24,17,AR1 alpha + Enhanced + One-Step,NASDAQ:TTMI,0.0
2021-05-25,17,AR1 alpha + Enhanced + One-Step,NASDAQ:TTMI,0.0
2021-05-26,17,AR1 alpha + Enhanced + One-Step,NASDAQ:TTMI,0.0
2021-05-27,17,AR1 alpha + Enhanced + One-Step,NASDAQ:TTMI,0.0
2021-05-28,17,AR1 alpha + Enhanced + One-Step,NASDAQ:TTMI,0.0
2021-06-01,17,AR1 alpha + Enhanced + One-Step,NASDAQ:TTMI,0.0
2021-06-02,17,AR1 alpha + Enhanced + One-Step,NASDAQ:TTMI,0.0
2021-06-03,17,AR1 alpha + Enhanced + One-Step,NASDAQ:TTMI,0.0
2021-06-04,17,AR1 alpha + Enhanced + One-Step,NASDAQ:TTMI,0.0
2021-06-07,17,AR1 alpha + Enhanced + One-Step,NASDAQ:TTMI,0.0
2021-06-08,17,AR1 alpha + Enhanced + One-Step,NASDAQ:TTMI,0.0
2021-06-09,17,AR1 alpha + Enhanced + One-Step,NASDAQ:TTMI,0.0
2021-06-10,17,AR1 alpha + Enhanced + One-Step,NASDAQ:TTMI,0.0
2021-06-11,17,AR1 alpha + Enhanced + One-Step,NASDAQ:TTMI,0.0
2021-06-14,17,AR1 alpha + Enhanced + One-Step,NASDAQ:TTMI,0.0
2021-06-15,17,AR1 alpha + Enhanced + One-Step,NASDAQ:TTMI,0.0
2021-06-16,17,AR1 alpha + Enhanced + One-Step,NASDAQ:TTMI,0.0
2021-06-17,17,AR1 alpha + Enhanced + One-Step,NASDAQ:TTMI,0.0
2021-06-18,17,AR1 alpha + Enhanced + One-Step,NASDAQ:TTMI,0.0
2021-06-21,17,AR1 alpha + Enhanced + One-Step,NASDAQ:TTMI,3.0709559126769866e-07
2021-06-22,17,AR1 alpha + Enhanced + One-Step,NASDAQ:TTMI,0.0
2021-06-23,17,AR1 alpha + Enhanced + One-Step,NASDAQ:TTMI,0.0
2021-06-24,17,AR1 alpha + Enhanced + One-Step,NASDAQ:TTMI,1.23681440577709e-06
2021-06-25,17,AR1 alpha + Enhanced + One-Step,NASDAQ:TTMI,1.4986187395090378e-06
2021-06-28,17,AR1 alpha + Enhanced + One-Step,NASDAQ:TTMI,9.994993089418246e-07
2021-06-29,17,AR1 alpha + Enhanced + One-Step,NASDAQ:TTMI,0.0
2021-06-30,17,AR1 alpha + Enhanced + One-Step,NASDAQ:TTMI,0.0
2021-07-01,17,AR1 alpha + Enhanced + One-Step,NASDAQ:TTMI,0.0
2021-07-02,17,AR1 alpha + Enhanced + One-Step,NASDAQ:TTMI,0.0
2021-07-06,17,AR1 alpha + Enhanced + One-Step,NASDAQ:TTMI,0.0
2021-07-07,17,AR1 alpha + Enhanced + One-Step,NASDAQ:TTMI,9.345749354941976e-07
2021-07-08,17,AR1 alpha + Enhanced + One-Step,NASDAQ:TTMI,5.144375614599597e-07
2021-07-09,17,AR1 alpha + Enhanced + One-Step,NASDAQ:TTMI,0.0
2021-07-12,17,AR1 alpha + Enhanced + One-Step,NASDAQ:TTMI,0.0
2021-07-13,17,AR1 alpha + Enhanced + One-Step,NASDAQ:TTMI,0.0
2021-07-14,17,AR1 alpha + Enhanced + One-Step,NASDAQ:TTMI,0.0
2021-07-15,17,AR1 alpha + Enhanced + One-Step,NASDAQ:TTMI,0.0
2021-07-16,17,AR1 alpha + Enhanced + One-Step,NASDAQ:TTMI,0.0
2021-07-19,17,AR1 alpha + Enhanced + One-Step,NASDAQ:TTMI,0.0
2021-07-20,17,AR1 alpha + Enhanced + One-Step,NASDAQ:TTMI,0.0
2021-07-21,17,AR1 alpha + Enhanced + One-Step,NASDAQ:TTMI,4.0665336485964165e-07
2021-07-22,17,AR1 alpha + Enhanced + One-Step,NASDAQ:TTMI,0.0
2021-07-23,17,AR1 alpha + Enhanced + One-Step,NASDAQ:TTMI,0.0
2021-07-26,17,AR1 alpha + Enhanced + One-Step,NASDAQ:TTMI,0.0
2021-07-27,17,AR1 alpha + Enhanced + One-Step,NASDAQ:TTMI,0.0
2021-07-28,17,AR1 alpha + Enhanced + One-Step,NASDAQ:TTMI,0.0
2021-07-29,17,AR1 alpha + Enhanced + One-Step,NASDAQ:TTMI,0.0
2021-07-30,17,AR1 alpha + Enhanced + One-Step,NASDAQ:TTMI,0.0
2021-08-02,17,AR1 alpha + Enhanced + One-Step,NASDAQ:TTMI,0.0
2021-08-03,17,AR1 alpha + Enhanced + One-Step,NASDAQ:TTMI,0.0
2021-08-04,17,AR1 alpha + Enhanced + One-Step,NASDAQ:TTMI,0.0
2021-08-05,17,AR1 alpha + Enhanced + One-Step,NASDAQ:TTMI,0.0
2021-08-06,17,AR1 alpha + Enhanced + One-Step,NASDAQ:TTMI,0.0
2021-08-09,17,AR1 alpha + Enhanced + One-Step,NASDAQ:TTMI,0.0
2021-08-10,17,AR1 alpha + Enhanced + One-Step,NASDAQ:TTMI,0.0
2021-08-11,17,AR1 alpha + Enhanced + One-Step,NASDAQ:TTMI,0.0
2021-08-12,17,AR1 alpha + Enhanced + One-Step,NASDAQ:TTMI,0.0
2021-08-13,17,AR1 alpha + Enhanced + One-Step,NASDAQ:TTMI,2.366589752976174e-07
2021-08-16,17,AR1 alpha + Enhanced + One-Step,NASDAQ:TTMI,1.4759206420327764e-06
2021-08-17,17,AR1 alpha + Enhanced + One-Step,NASDAQ:TTMI,1.38772836516156e-06
2021-08-18,17,AR1 alpha + Enhanced + One-Step,NASDAQ:TTMI,1.1698972205720982e-06
2021-08-19,17,AR1 alpha + Enhanced + One-Step,NASDAQ:TTMI,2.2198324543601234e-06
2021-08-20,17,AR1 alpha + Enhanced + One-Step,NASDAQ:TTMI,0.0
2021-08-23,17,AR1 alpha + Enhanced + One-Step,NASDAQ:TTMI,0.0
2021-08-24,17,AR1 alpha + Enhanced + One-Step,NASDAQ:TTMI,0.0
2021-08-25,17,AR1 alpha + Enhanced + One-Step,NASDAQ:TTMI,2.168477153669814e-08
2021-08-26,17,AR1 alpha + Enhanced + One-Step,NASDAQ:TTMI,0.0
2021-08-27,17,AR1 alpha + Enhanced + One-Step,NASDAQ:TTMI,0.0
2021-08-30,17,AR1 alpha + Enhanced + One-Step,NASDAQ:TTMI,0.0
2021-08-31,17,AR1 alpha + Enhanced + One-Step,NASDAQ:TTMI,1.6263876189277045e-08
2021-09-01,17,AR1 alpha + Enhanced + One-Step,NASDAQ:TTMI,0.0
2021-09-02,17,AR1 alpha + Enhanced + One-Step,NASDAQ:TTMI,0.0
2021-09-03,17,AR1 alpha + Enhanced + One-Step,NASDAQ:TTMI,0.0
2021-09-07,17,AR1 alpha + Enhanced + One-Step,NASDAQ:TTMI,0.0
2021-09-08,17,AR1 alpha + Enhanced + One-Step,NASDAQ:TTMI,0.0
2021-09-09,17,AR1 alpha + Enhanced + One-Step,NASDAQ:TTMI,0.0
2021-09-10,17,AR1 alpha + Enhanced + One-Step,NASDAQ:TTMI,0.0
2021-09-13,17,AR1 alpha + Enhanced + One-Step,NASDAQ:TTMI,4.3667394565919515e-07
2021-09-14,17,AR1 alpha + Enhanced + One-Step,NASDAQ:TTMI,0.0
2021-09-15,17,AR1 alpha + Enhanced + One-Step,NASDAQ:TTMI,0.0
2021-09-16,17,AR1 alpha + Enhanced + One-Step,NASDAQ:TTMI,0.0
2021-09-17,17,AR1 alpha + Enhanced + One-Step,NASDAQ:TTMI,0.0
2021-09-20,17,AR1 alpha + Enhanced + One-Step,NASDAQ:TTMI,0.0
2021-09-21,17,AR1 alpha + Enhanced + One-Step,NASDAQ:TTMI,0.0
2021-09-22,17,AR1 alpha + Enhanced + One-Step,NASDAQ:TTMI,0.0
2021-09-23,17,AR1 alpha + Enhanced + One-Step,NASDAQ:TTMI,6.988208598051293e-07
2021-09-24,17,AR1 alpha + Enhanced + One-Step,NASDAQ:TTMI,0.0
2021-09-27,17,AR1 alpha + Enhanced + One-Step,NASDAQ:TTMI,3.124310715105038e-08
2021-09-28,17,AR1 alpha + Enhanced + One-Step,NASDAQ:TTMI,0.0
2021-09-29,17,AR1 alpha + Enhanced + One-Step,NASDAQ:TTMI,4.63321651137832e-07
2021-09-30,17,AR1 alpha + Enhanced + One-Step,NASDAQ:TTMI,2.917611528915853e-07
2021-10-01,17,AR1 alpha + Enhanced + One-Step,NASDAQ:TTMI,2.1311126693378248e-07
2021-10-04,17,AR1 alpha + Enhanced + One-Step,NASDAQ:TTMI,1.7873623547734687e-07
2021-10-05,17,AR1 alpha + Enhanced + One-Step,NASDAQ:TTMI,0.0
2021-10-06,17,AR1 alpha + Enhanced + One-Step,NASDAQ:TTMI,0.0
2021-10-07,17,AR1 alpha + Enhanced + One-Step,NASDAQ:TTMI,0.0
2021-10-08,17,AR1 alpha + Enhanced + One-Step,NASDAQ:TTMI,0.0
2021-10-11,17,AR1 alpha + Enhanced + One-Step,NASDAQ:TTMI,0.0
2021-10-12,17,AR1 alpha + Enhanced + One-Step,NASDAQ:TTMI,2.4845172024051254e-07
2021-10-13,17,AR1 alpha + Enhanced + One-Step,NASDAQ:TTMI,2.1487614466333338e-07
2021-10-14,17,AR1 alpha + Enhanced + One-Step,NASDAQ:TTMI,9.760453914029379e-08
2021-10-15,17,AR1 alpha + Enhanced + One-Step,NASDAQ:TTMI,2.2854219390723204e-08
2021-10-18,17,AR1 alpha + Enhanced + One-Step,NASDAQ:TTMI,0.0
2021-10-19,17,AR1 alpha + Enhanced + One-Step,NASDAQ:TTMI,0.0
2021-10-20,17,AR1 alpha + Enhanced + One-Step,NASDAQ:TTMI,2.7263331512677487e-07
2021-10-21,17,AR1 alpha + Enhanced + One-Step,NASDAQ:TTMI,2.238058880584483e-07
2021-10-22,17,AR1 alpha + Enhanced + One-Step,NASDAQ:TTMI,3.3799170521699197e-09
2021-10-25,17,AR1 alpha + Enhanced + One-Step,NASDAQ:TTMI,0.0
2021-10-26,17,AR1 alpha + Enhanced + One-Step,NASDAQ:TTMI,0.0
2021-10-27,17,AR1 alpha + Enhanced + One-Step,NASDAQ:TTMI,0.0
2021-10-28,17,AR1 alpha + Enhanced + One-Step,NASDAQ:TTMI,5.668813581514718e-08
2021-10-29,17,AR1 alpha + Enhanced + One-Step,NASDAQ:TTMI,0.0
2021-11-01,17,AR1 alpha + Enhanced + One-Step,NASDAQ:TTMI,0.0
2021-11-02,17,AR1 alpha + Enhanced + One-Step,NASDAQ:TTMI,0.0
2021-11-03,17,AR1 alpha + Enhanced + One-Step,NASDAQ:TTMI,4.2829398656179236e-07
2021-11-04,17,AR1 alpha + Enhanced + One-Step,NASDAQ:TTMI,0.0
2021-11-05,17,AR1 alpha + Enhanced + One-Step,NASDAQ:TTMI,5.2117141261649766e-08
2021-11-08,17,AR1 alpha + Enhanced + One-Step,NASDAQ:TTMI,0.0
2021-11-09,17,AR1 alpha + Enhanced + One-Step,NASDAQ:TTMI,0.0
2021-11-10,17,AR1 alpha + Enhanced + One-Step,NASDAQ:TTMI,9.754391804616423e-07
2021-11-11,17,AR1 alpha + Enhanced + One-Step,NASDAQ:TTMI,6.825838264069495e-07
2021-11-12,17,AR1 alpha + Enhanced + One-Step,NASDAQ:TTMI,6.014555306813888e-07
2021-11-15,17,AR1 alpha + Enhanced + One-Step,NASDAQ:TTMI,9.151651595436026e-07
2021-11-16,17,AR1 alpha + Enhanced + One-Step,NASDAQ:TTMI,5.06197110326017e-07
2021-11-17,17,AR1 alpha + Enhanced + One-Step,NASDAQ:TTMI,0.0
2021-11-18,17,AR1 alpha + Enhanced + One-Step,NASDAQ:TTMI,0.0
2021-11-19,17,AR1 alpha + Enhanced + One-Step,NASDAQ:TTMI,2.6763123432180126e-07
2021-11-22,17,AR1 alpha + Enhanced + One-Step,NASDAQ:TTMI,4.1193972006862535e-07
2021-11-23,17,AR1 alpha + Enhanced + One-Step,NASDAQ:TTMI,0.0
2021-11-24,17,AR1 alpha + Enhanced + One-Step,NASDAQ:TTMI,0.0
2021-11-26,17,AR1 alpha + Enhanced + One-Step,NASDAQ:TTMI,0.0
2021-11-29,17,AR1 alpha + Enhanced + One-Step,NASDAQ:TTMI,0.0
2021-11-30,17,AR1 alpha + Enhanced + One-Step,NASDAQ:TTMI,0.0
2021-12-01,17,AR1 alpha + Enhanced + One-Step,NASDAQ:TTMI,0.0
2021-12-02,17,AR1 alpha + Enhanced + One-Step,NASDAQ:TTMI,0.0
2021-12-03,17,AR1 alpha + Enhanced + One-Step,NASDAQ:TTMI,0.0
2021-12-06,17,AR1 alpha + Enhanced + One-Step,NASDAQ:TTMI,0.0
2021-12-07,17,AR1 alpha + Enhanced + One-Step,NASDAQ:TTMI,7.749760217895926e-09
2021-12-08,17,AR1 alpha + Enhanced + One-Step,NASDAQ:TTMI,9.510205832352327e-08
2021-12-09,17,AR1 alpha + Enhanced + One-Step,NASDAQ:TTMI,0.0
2021-12-10,17,AR1 alpha + Enhanced + One-Step,NASDAQ:TTMI,0.0
2021-12-13,17,AR1 alpha + Enhanced + One-Step,NASDAQ:TTMI,0.0
2021-12-14,17,AR1 alpha + Enhanced + One-Step,NASDAQ:TTMI,0.0
2021-12-15,17,AR1 alpha + Enhanced + One-Step,NASDAQ:TTMI,2.7896139752822466e-07
2021-12-16,17,AR1 alpha + Enhanced + One-Step,NASDAQ:TTMI,2.676434580096613e-07
2021-12-17,17,AR1 alpha + Enhanced + One-Step,NASDAQ:TTMI,7.411692125213337e-08
2021-12-20,17,AR1 alpha + Enhanced + One-Step,NASDAQ:TTMI,0.0
2021-12-21,17,AR1 alpha + Enhanced + One-Step,NASDAQ:TTMI,3.926913421140785e-08
2021-12-22,17,AR1 alpha + Enhanced + One-Step,NASDAQ:TTMI,5.4165030659074436e-08
2021-12-23,17,AR1 alpha + Enhanced + One-Step,NASDAQ:TTMI,4.0711719545428944e-07
2021-12-27,17,AR1 alpha + Enhanced + One-Step,NASDAQ:TTMI,0.01841094309130941
2021-12-28,17,AR1 alpha + Enhanced + One-Step,NASDAQ:TTMI,0.028512078382911293
2021-12-29,17,AR1 alpha + Enhanced + One-Step,NASDAQ:TTMI,0.04693865999029007
2021-12-30,17,AR1 alpha + Enhanced + One-Step,NASDAQ:TTMI,0.04693850786471931
2021-12-31,17,AR1 alpha + Enhanced + One-Step,NASDAQ:TTMI,0.047695180574882326
2022-01-03,17,AR1 alpha + Enhanced + One-Step,NASDAQ:TTMI,0.07271106158481801
2022-01-04,17,AR1 alpha + Enhanced + One-Step,NASDAQ:TTMI,0.09772009441164986
2022-01-05,17,AR1 alpha + Enhanced + One-Step,NASDAQ:TTMI,0.10000001715375358
2022-01-06,17,AR1 alpha + Enhanced + One-Step,NASDAQ:TTMI,0.10000001947818762
2022-01-07,17,AR1 alpha + Enhanced + One-Step,NASDAQ:TTMI,0.09999975084005831
2022-01-10,17,AR1 alpha + Enhanced + One-Step,NASDAQ:TTMI,0.08865721100779957
2022-01-11,17,AR1 alpha + Enhanced + One-Step,NASDAQ:TTMI,0.06364340049522377
2022-01-12,17,AR1 alpha + Enhanced + One-Step,NASDAQ:TTMI,0.04209849960959096
2022-01-13,17,AR1 alpha + Enhanced + One-Step,NASDAQ:TTMI,0.017103386118103716
2022-01-14,17,AR1 alpha + Enhanced + One-Step,NASDAQ:TTMI,0.017102101237615425
2022-01-18,17,AR1 alpha + Enhanced + One-Step,NASDAQ:TTMI,0.016784878892400965
2022-01-19,17,AR1 alpha + Enhanced + One-Step,NASDAQ:TTMI,0.00891328110811039
2022-01-20,17,AR1 alpha + Enhanced + One-Step,NASDAQ:TTMI,3.519453458798692e-07
2022-01-21,17,AR1 alpha + Enhanced + One-Step,NASDAQ:TTMI,0.0
2022-01-24,17,AR1 alpha + Enhanced + One-Step,NASDAQ:TTMI,0.0
2022-01-25,17,AR1 alpha + Enhanced + One-Step,NASDAQ:TTMI,3.423221786550288e-07
2022-01-26,17,AR1 alpha + Enhanced + One-Step,NASDAQ:TTMI,6.028021705161041e-07
2022-01-27,17,AR1 alpha + Enhanced + One-Step,NASDAQ:TTMI,1.096279662346763e-06
2022-01-28,17,AR1 alpha + Enhanced + One-Step,NASDAQ:TTMI,7.443088594165467e-07
2022-01-31,17,AR1 alpha + Enhanced + One-Step,NASDAQ:TTMI,9.651982845019744e-07
2022-02-01,17,AR1 alpha + Enhanced + One-Step,NASDAQ:TTMI,7.699810982169389e-07
2022-02-02,17,AR1 alpha + Enhanced + One-Step,NASDAQ:TTMI,4.3774102878983437e-07
2022-02-03,17,AR1 alpha + Enhanced + One-Step,NASDAQ:TTMI,2.563776173037779e-08
2022-02-04,17,AR1 alpha + Enhanced + One-Step,NASDAQ:TTMI,2.109040212279382e-08
2022-02-07,17,AR1 alpha + Enhanced + One-Step,NASDAQ:TTMI,1.4356165408311803e-08
2022-02-08,17,AR1 alpha + Enhanced + One-Step,NASDAQ:TTMI,0.025005774942882336
2022-02-09,17,AR1 alpha + Enhanced + One-Step,NASDAQ:TTMI,0.0500131285656941
2022-02-10,17,AR1 alpha + Enhanced + One-Step,NASDAQ:TTMI,0.02501786974093241
2022-02-11,17,AR1 alpha + Enhanced + One-Step,NASDAQ:TTMI,4.5174854864612e-06
2022-02-14,17,AR1 alpha + Enhanced + One-Step,NASDAQ:TTMI,0.0
2022-02-15,17,AR1 alpha + Enhanced + One-Step,NASDAQ:TTMI,7.188934742362242e-10
2022-02-16,17,AR1 alpha + Enhanced + One-Step,NASDAQ:TTMI,0.0
2022-02-17,17,AR1 alpha + Enhanced + One-Step,NASDAQ:TTMI,0.0
2022-02-18,17,AR1 alpha + Enhanced + One-Step,NASDAQ:TTMI,2.253608356550975e-08
2022-02-22,17,AR1 alpha + Enhanced + One-Step,NASDAQ:TTMI,0.0
2022-02-23,17,AR1 alpha + Enhanced + One-Step,NASDAQ:TTMI,0.0
2022-02-24,17,AR1 alpha + Enhanced + One-Step,NASDAQ:TTMI,0.0
2022-02-25,17,AR1 alpha + Enhanced + One-Step,NASDAQ:TTMI,6.416607234539414e-08
2022-02-28,17,AR1 alpha + Enhanced + One-Step,NASDAQ:TTMI,6.551013034715949e-08
2022-03-01,17,AR1 alpha + Enhanced + One-Step,NASDAQ:TTMI,1.5000335501697336e-07
2022-03-02,17,AR1 alpha + Enhanced + One-Step,NASDAQ:TTMI,2.0855588091240483e-08
2022-03-03,17,AR1 alpha + Enhanced + One-Step,NASDAQ:TTMI,0.0
2022-03-04,17,AR1 alpha + Enhanced + One-Step,NASDAQ:TTMI,0.0
2022-03-07,17,AR1 alpha + Enhanced + One-Step,NASDAQ:TTMI,1.1778556128414185e-06
2022-03-08,17,AR1 alpha + Enhanced + One-Step,NASDAQ:TTMI,7.133507261380259e-07
2022-03-09,17,AR1 alpha + Enhanced + One-Step,NASDAQ:TTMI,3.2492912295435777e-07
2022-03-10,17,AR1 alpha + Enhanced + One-Step,NASDAQ:TTMI,2.9866020155538975e-07
2022-03-11,17,AR1 alpha + Enhanced + One-Step,NASDAQ:TTMI,0.0
2022-03-14,17,AR1 alpha + Enhanced + One-Step,NASDAQ:TTMI,0.0
2022-03-15,17,AR1 alpha + Enhanced + One-Step,NASDAQ:TTMI,0.0
2022-03-16,17,AR1 alpha + Enhanced + One-Step,NASDAQ:TTMI,1.3962371365361777e-09
2022-03-17,17,AR1 alpha + Enhanced + One-Step,NASDAQ:TTMI,7.517761991714047e-08
2022-03-18,17,AR1 alpha + Enhanced + One-Step,NASDAQ:TTMI,2.7007557618390856e-08
2022-03-21,17,AR1 alpha + Enhanced + One-Step,NASDAQ:TTMI,1.8308076499343117e-07
2022-03-22,17,AR1 alpha + Enhanced + One-Step,NASDAQ:TTMI,1.3087837975654697e-07
2022-03-23,17,AR1 alpha + Enhanced + One-Step,NASDAQ:TTMI,7.683106460164245e-08
2022-03-24,17,AR1 alpha + Enhanced + One-Step,NASDAQ:TTMI,2.0558166303615961e-07
2022-03-25,17,AR1 alpha + Enhanced + One-Step,NASDAQ:TTMI,0.0
2022-03-28,17,AR1 alpha + Enhanced + One-Step,NASDAQ:TTMI,1.948223016211263e-07
2022-03-29,17,AR1 alpha + Enhanced + One-Step,NASDAQ:TTMI,0.0
2022-03-30,17,AR1 alpha + Enhanced + One-Step,NASDAQ:TTMI,1.6297180656987994e-08
2022-03-31,17,AR1 alpha + Enhanced + One-Step,NASDAQ:TTMI,8.789380253807466e-09
2022-04-01,17,AR1 alpha + Enhanced + One-Step,NASDAQ:TTMI,0.0
2022-04-04,17,AR1 alpha + Enhanced + One-Step,NASDAQ:TTMI,0.0
2022-04-05,17,AR1 alpha + Enhanced + One-Step,NASDAQ:TTMI,0.0
2022-04-06,17,AR1 alpha + Enhanced + One-Step,NASDAQ:TTMI,0.0
2022-04-07,17,AR1 alpha + Enhanced + One-Step,NASDAQ:TTMI,0.0
2022-04-08,17,AR1 alpha + Enhanced + One-Step,NASDAQ:TTMI,2.3786056882112299e-07
2022-04-11,17,AR1 alpha + Enhanced + One-Step,NASDAQ:TTMI,0.0
2022-04-12,17,AR1 alpha + Enhanced + One-Step,NASDAQ:TTMI,0.0
2022-04-13,17,AR1 alpha + Enhanced + One-Step,NASDAQ:TTMI,4.427978740470604e-08
2022-04-14,17,AR1 alpha + Enhanced + One-Step,NASDAQ:TTMI,0.0
2022-04-18,17,AR1 alpha + Enhanced + One-Step,NASDAQ:TTMI,0.0
2022-04-19,17,AR1 alpha + Enhanced + One-Step,NASDAQ:TTMI,0.0
2022-04-20,17,AR1 alpha + Enhanced + One-Step,NASDAQ:TTMI,0.0
2022-04-21,17,AR1 alpha + Enhanced + One-Step,NASDAQ:TTMI,7.850135882749335e-08
2022-04-22,17,AR1 alpha + Enhanced + One-Step,NASDAQ:TTMI,0.0
2022-04-25,17,AR1 alpha + Enhanced + One-Step,NASDAQ:TTMI,0.0
2022-04-26,17,AR1 alpha + Enhanced + One-Step,NASDAQ:TTMI,1.0819370451062139e-07
2022-04-27,17,AR1 alpha + Enhanced + One-Step,NASDAQ:TTMI,0.0
2022-04-28,17,AR1 alpha + Enhanced + One-Step,NASDAQ:TTMI,0.0
2022-04-29,17,AR1 alpha + Enhanced + One-Step,NASDAQ:TTMI,0.0
2022-05-02,17,AR1 alpha + Enhanced + One-Step,NASDAQ:TTMI,0.0
2022-05-03,17,AR1 alpha + Enhanced + One-Step,NASDAQ:TTMI,0.0
2022-05-04,17,AR1 alpha + Enhanced + One-Step,NASDAQ:TTMI,1.3511903758060133e-08
2022-05-05,17,AR1 alpha + Enhanced + One-Step,NASDAQ:TTMI,0.0
2022-05-06,17,AR1 alpha + Enhanced + One-Step,NASDAQ:TTMI,0.0
2022-05-09,17,AR1 alpha + Enhanced + One-Step,NASDAQ:TTMI,8.889079523990252e-08
2022-05-10,17,AR1 alpha + Enhanced + One-Step,NASDAQ:TTMI,0.0
2022-05-11,17,AR1 alpha + Enhanced + One-Step,NASDAQ:TTMI,0.0
2022-05-12,17,AR1 alpha + Enhanced + One-Step,NASDAQ:TTMI,0.0
2022-05-13,17,AR1 alpha + Enhanced + One-Step,NASDAQ:TTMI,0.0
2022-05-16,17,AR1 alpha + Enhanced + One-Step,NASDAQ:TTMI,3.546914689061045e-08
2022-05-17,17,AR1 alpha + Enhanced + One-Step,NASDAQ:TTMI,0.0
2022-05-18,17,AR1 alpha + Enhanced + One-Step,NASDAQ:TTMI,6.087390043286625e-08
2022-05-19,17,AR1 alpha + Enhanced + One-Step,NASDAQ:TTMI,0.0
2022-05-20,17,AR1 alpha + Enhanced + One-Step,NASDAQ:TTMI,5.132187467631525e-09
2022-05-23,17,AR1 alpha + Enhanced + One-Step,NASDAQ:TTMI,0.0
2022-05-24,17,AR1 alpha + Enhanced + One-Step,NASDAQ:TTMI,0.0
2022-05-25,17,AR1 alpha + Enhanced + One-Step,NASDAQ:TTMI,0.0
2022-05-26,17,AR1 alpha + Enhanced + One-Step,NASDAQ:TTMI,1.8545917141466267e-08
2022-05-27,17,AR1 alpha + Enhanced + One-Step,NASDAQ:TTMI,0.0
2022-05-31,17,AR1 alpha + Enhanced + One-Step,NASDAQ:TTMI,0.0
2022-06-01,17,AR1 alpha + Enhanced + One-Step,NASDAQ:TTMI,5.016974018924058e-07
2022-06-02,17,AR1 alpha + Enhanced + One-Step,NASDAQ:TTMI,6.143197300760299e-07
2022-06-03,17,AR1 alpha + Enhanced + One-Step,NASDAQ:TTMI,2.6666042261367556e-07
2022-06-06,17,AR1 alpha + Enhanced + One-Step,NASDAQ:TTMI,2.0430729486350479e-07
2022-06-07,17,AR1 alpha + Enhanced + One-Step,NASDAQ:TTMI,6.246730001082787e-07
2022-06-08,17,AR1 alpha + Enhanced + One-Step,NASDAQ:TTMI,3.8172677817781003e-07
2022-06-09,17,AR1 alpha + Enhanced + One-Step,NASDAQ:TTMI,1.0802568291606269e-07
2022-06-10,17,AR1 alpha + Enhanced + One-Step,NASDAQ:TTMI,0.0
2022-06-13,17,AR1 alpha + Enhanced + One-Step,NASDAQ:TTMI,0.0
2022-06-14,17,AR1 alpha + Enhanced + One-Step,NASDAQ:TTMI,6.882128512932231e-07
2022-06-15,17,AR1 alpha + Enhanced + One-Step,NASDAQ:TTMI,2.0706071586427338e-07
2022-06-16,17,AR1 alpha + Enhanced + One-Step,NASDAQ:TTMI,1.8887413486573407e-07
2022-06-17,17,AR1 alpha + Enhanced + One-Step,NASDAQ:TTMI,0.0
2022-06-21,17,AR1 alpha + Enhanced + One-Step,NASDAQ:TTMI,0.0
2022-06-22,17,AR1 alpha + Enhanced + One-Step,NASDAQ:TTMI,0.0
2022-06-23,17,AR1 alpha + Enhanced + One-Step,NASDAQ:TTMI,0.0
2022-06-24,17,AR1 alpha + Enhanced + One-Step,NASDAQ:TTMI,0.0
2022-06-27,17,AR1 alpha + Enhanced + One-Step,NASDAQ:TTMI,2.2019711575012543e-07
2022-06-28,17,AR1 alpha + Enhanced + One-Step,NASDAQ:TTMI,1.1713837352898424e-07
2022-06-29,17,AR1 alpha + Enhanced + One-Step,NASDAQ:TTMI,0.0
2022-06-30,17,AR1 alpha + Enhanced + One-Step,NASDAQ:TTMI,1.2636609397520947e-07
2022-07-01,17,AR1 alpha + Enhanced + One-Step,NASDAQ:TTMI,0.0
2022-07-05,17,AR1 alpha + Enhanced + One-Step,NASDAQ:TTMI,0.0
2022-07-06,17,AR1 alpha + Enhanced + One-Step,NASDAQ:TTMI,0.0
2022-07-07,17,AR1 alpha + Enhanced + One-Step,NASDAQ:TTMI,0.0
2022-07-08,17,AR1 alpha + Enhanced + One-Step,NASDAQ:TTMI,0.0
2022-07-11,17,AR1 alpha + Enhanced + One-Step,NASDAQ:TTMI,0.0
2022-07-12,17,AR1 alpha + Enhanced + One-Step,NASDAQ:TTMI,0.0
2022-07-13,17,AR1 alpha + Enhanced + One-Step,NASDAQ:TTMI,0.0
2022-07-14,17,AR1 alpha + Enhanced + One-Step,NASDAQ:TTMI,3.4848209572598473e-09
2022-07-15,17,AR1 alpha + Enhanced + One-Step,NASDAQ:TTMI,1.279917047843858e-08
2022-07-18,17,AR1 alpha + Enhanced + One-Step,NASDAQ:TTMI,0.0
2022-07-19,17,AR1 alpha + Enhanced + One-Step,NASDAQ:TTMI,0.0
2022-07-20,17,AR1 alpha + Enhanced + One-Step,NASDAQ:TTMI,0.0
2022-07-21,17,AR1 alpha + Enhanced + One-Step,NASDAQ:TTMI,0.0
2022-07-22,17,AR1 alpha + Enhanced + One-Step,NASDAQ:TTMI,0.0
2022-07-25,17,AR1 alpha + Enhanced + One-Step,NASDAQ:TTMI,3.88063767030243e-07
2022-07-26,17,AR1 alpha + Enhanced + One-Step,NASDAQ:TTMI,2.7926426855293194e-07
2022-07-27,17,AR1 alpha + Enhanced + One-Step,NASDAQ:TTMI,1.5645150249962095e-07
2022-07-28,17,AR1 alpha + Enhanced + One-Step,NASDAQ:TTMI,1.1561076803548161e-07
2022-07-29,17,AR1 alpha + Enhanced + One-Step,NASDAQ:TTMI,0.0
2022-08-01,17,AR1 alpha + Enhanced + One-Step,NASDAQ:TTMI,1.6026797826320444e-08
2022-08-02,17,AR1 alpha + Enhanced + One-Step,NASDAQ:TTMI,1.918648167758766e-07
2022-08-03,17,AR1 alpha + Enhanced + One-Step,NASDAQ:TTMI,1.0265053644032004e-07
2022-08-04,17,AR1 alpha + Enhanced + One-Step,NASDAQ:TTMI,7.902454367317254e-08
2022-08-05,17,AR1 alpha + Enhanced + One-Step,NASDAQ:TTMI,0.0
2022-08-08,17,AR1 alpha + Enhanced + One-Step,NASDAQ:TTMI,0.0
2022-08-09,17,AR1 alpha + Enhanced + One-Step,NASDAQ:TTMI,1.000567139581569e-06
2022-08-10,17,AR1 alpha + Enhanced + One-Step,NASDAQ:TTMI,0.0
2022-08-11,17,AR1 alpha + Enhanced + One-Step,NASDAQ:TTMI,0.0
2022-08-12,17,AR1 alpha + Enhanced + One-Step,NASDAQ:TTMI,1.62526507923792e-08
2022-08-15,17,AR1 alpha + Enhanced + One-Step,NASDAQ:TTMI,0.005247549133390947
2022-08-16,17,AR1 alpha + Enhanced + One-Step,NASDAQ:TTMI,0.0052476281647647945
2022-08-17,17,AR1 alpha + Enhanced + One-Step,NASDAQ:TTMI,0.005248212426919593
2022-08-18,17,AR1 alpha + Enhanced + One-Step,NASDAQ:TTMI,0.01027094786535482
2022-08-19,17,AR1 alpha + Enhanced + One-Step,NASDAQ:TTMI,0.016322274486696056
2022-08-22,17,AR1 alpha + Enhanced + One-Step,NASDAQ:TTMI,0.016323616905286997
2022-08-23,17,AR1 alpha + Enhanced + One-Step,NASDAQ:TTMI,0.01632380462587945
2022-08-24,17,AR1 alpha + Enhanced + One-Step,NASDAQ:TTMI,0.01632377790621785
2022-08-25,17,AR1 alpha + Enhanced + One-Step,NASDAQ:TTMI,0.02052169218142208
2022-08-26,17,AR1 alpha + Enhanced + One-Step,NASDAQ:TTMI,0.02052138300780902
2022-08-29,17,AR1 alpha + Enhanced + One-Step,NASDAQ:TTMI,0.020521473826359653
2022-08-30,17,AR1 alpha + Enhanced + One-Step,NASDAQ:TTMI,0.02052144473146565
2022-08-31,17,AR1 alpha + Enhanced + One-Step,NASDAQ:TTMI,0.02052144265343471
2022-09-01,17,AR1 alpha + Enhanced + One-Step,NASDAQ:TTMI,0.02052152802716702
2022-09-02,17,AR1 alpha + Enhanced + One-Step,NASDAQ:TTMI,0.024053897667683614
2022-09-06,17,AR1 alpha + Enhanced + One-Step,NASDAQ:TTMI,0.02405389638473723
2022-09-07,17,AR1 alpha + Enhanced + One-Step,NASDAQ:TTMI,0.02506120109129612
2022-09-08,17,AR1 alpha + Enhanced + One-Step,NASDAQ:TTMI,0.029200749127707225
2022-09-09,17,AR1 alpha + Enhanced + One-Step,NASDAQ:TTMI,0.029349766187208432
2022-09-12,17,AR1 alpha + Enhanced + One-Step,NASDAQ:TTMI,0.03028926571099086
2022-09-13,17,AR1 alpha + Enhanced + One-Step,NASDAQ:TTMI,0.030289279410611488
2022-09-14,17,AR1 alpha + Enhanced + One-Step,NASDAQ:TTMI,0.032231124752283936
2022-09-15,17,AR1 alpha + Enhanced + One-Step,NASDAQ:TTMI,0.038973235387549834
2022-09-16,17,AR1 alpha + Enhanced + One-Step,NASDAQ:TTMI,0.038973333190436554
2022-09-19,17,AR1 alpha + Enhanced + One-Step,NASDAQ:TTMI,0.03941975034886535
2022-09-20,17,AR1 alpha + Enhanced + One-Step,NASDAQ:TTMI,0.04003918384380468
2022-09-21,17,AR1 alpha + Enhanced + One-Step,NASDAQ:TTMI,0.04681882186313631
2022-09-22,17,AR1 alpha + Enhanced + One-Step,NASDAQ:TTMI,0.04681881319724894
2022-09-23,17,AR1 alpha + Enhanced + One-Step,NASDAQ:TTMI,0.04681784495356456
2022-09-26,17,AR1 alpha + Enhanced + One-Step,NASDAQ:TTMI,0.046431445294530894
2022-09-27,17,AR1 alpha + Enhanced + One-Step,NASDAQ:TTMI,0.046431388626471615
2022-09-28,17,AR1 alpha + Enhanced + One-Step,NASDAQ:TTMI,0.05320624075840088
2022-09-29,17,AR1 alpha + Enhanced + One-Step,NASDAQ:TTMI,0.05456618369909152
2022-09-30,17,AR1 alpha + Enhanced + One-Step,NASDAQ:TTMI,0.05248521341828992
2022-10-03,17,AR1 alpha + Enhanced + One-Step,NASDAQ:TTMI,0.052485229039115
2022-10-04,17,AR1 alpha + Enhanced + One-Step,NASDAQ:TTMI,0.05248505391359216
2022-10-05,17,AR1 alpha + Enhanced + One-Step,NASDAQ:TTMI,0.052481729792954124
2022-10-06,17,AR1 alpha + Enhanced + One-Step,NASDAQ:TTMI,0.05248028123365787
2022-10-07,17,AR1 alpha + Enhanced + One-Step,NASDAQ:TTMI,0.05248035825337638
2022-10-10,17,AR1 alpha + Enhanced + One-Step,NASDAQ:TTMI,0.05247918024458691
2022-10-11,17,AR1 alpha + Enhanced + One-Step,NASDAQ:TTMI,0.052476277774325876
2022-10-12,17,AR1 alpha + Enhanced + One-Step,NASDAQ:TTMI,0.04414314655848279
2022-10-13,17,AR1 alpha + Enhanced + One-Step,NASDAQ:TTMI,0.04414545220889848
2022-10-14,17,AR1 alpha + Enhanced + One-Step,NASDAQ:TTMI,0.038003854408295304
2022-10-17,17,AR1 alpha + Enhanced + One-Step,NASDAQ:TTMI,0.026625068866791515
2022-10-18,17,AR1 alpha + Enhanced + One-Step,NASDAQ:TTMI,0.026625063827581397
2022-10-19,17,AR1 alpha + Enhanced + One-Step,NASDAQ:TTMI,0.026625057526428263
2022-10-20,17,AR1 alpha + Enhanced + One-Step,NASDAQ:TTMI,0.02662497366901975
2022-10-21,17,AR1 alpha + Enhanced + One-Step,NASDAQ:TTMI,0.026625025147679306
2022-10-24,17,AR1 alpha + Enhanced + One-Step,NASDAQ:TTMI,0.02662392154669794
2022-10-25,17,AR1 alpha + Enhanced + One-Step,NASDAQ:TTMI,0.026623952512441564
2022-10-26,17,AR1 alpha + Enhanced + One-Step,NASDAQ:TTMI,0.026623957901603015
2022-10-27,17,AR1 alpha + Enhanced + One-Step,NASDAQ:TTMI,0.026622778563864104
2022-10-28,17,AR1 alpha + Enhanced + One-Step,NASDAQ:TTMI,0.026622725737314477
2022-10-31,17,AR1 alpha + Enhanced + One-Step,NASDAQ:TTMI,0.026622425704328295
2022-11-01,17,AR1 alpha + Enhanced + One-Step,NASDAQ:TTMI,0.02662090968660928
2022-11-02,17,AR1 alpha + Enhanced + One-Step,NASDAQ:TTMI,0.026620932334719526
2022-11-03,17,AR1 alpha + Enhanced + One-Step,NASDAQ:TTMI,0.01384168156389149
2022-11-04,17,AR1 alpha + Enhanced + One-Step,NASDAQ:TTMI,0.0
2022-11-07,17,AR1 alpha + Enhanced + One-Step,NASDAQ:TTMI,0.0
2022-11-08,17,AR1 alpha + Enhanced + One-Step,NASDAQ:TTMI,6.054987049963967e-08
2022-11-09,17,AR1 alpha + Enhanced + One-Step,NASDAQ:TTMI,0.0
2022-11-10,17,AR1 alpha + Enhanced + One-Step,NASDAQ:TTMI,6.377852336083857e-09
2022-11-11,17,AR1 alpha + Enhanced + One-Step,NASDAQ:TTMI,2.7654177422975227e-08
2022-11-14,17,AR1 alpha + Enhanced + One-Step,NASDAQ:TTMI,0.0
2022-11-15,17,AR1 alpha + Enhanced + One-Step,NASDAQ:TTMI,1.518734432612055e-08
2022-11-16,17,AR1 alpha + Enhanced + One-Step,NASDAQ:TTMI,1.3985978938803989e-08
2022-11-17,17,AR1 alpha + Enhanced + One-Step,NASDAQ:TTMI,0.0
2022-11-18,17,AR1 alpha + Enhanced + One-Step,NASDAQ:TTMI,2.5044818946489794e-08
2022-11-21,17,AR1 alpha + Enhanced + One-Step,NASDAQ:TTMI,0.0033112710521527827
2022-11-22,17,AR1 alpha + Enhanced + One-Step,NASDAQ:TTMI,0.0
2022-11-23,17,AR1 alpha + Enhanced + One-Step,NASDAQ:TTMI,2.723601305016799e-07
2022-11-25,17,AR1 alpha + Enhanced + One-Step,NASDAQ:TTMI,2.693866918622841e-07
2022-11-28,17,AR1 alpha + Enhanced + One-Step,NASDAQ:TTMI,1.999030147368678e-07
2022-11-29,17,AR1 alpha + Enhanced + One-Step,NASDAQ:TTMI,1.231517185144643e-07
2022-11-30,17,AR1 alpha + Enhanced + One-Step,NASDAQ:TTMI,7.222177472310723e-08
2022-12-01,17,AR1 alpha + Enhanced + One-Step,NASDAQ:TTMI,3.7454786429832916e-08
2022-12-02,17,AR1 alpha + Enhanced + One-Step,NASDAQ:TTMI,0.0010405359348951578
2022-12-05,17,AR1 alpha + Enhanced + One-Step,NASDAQ:TTMI,0.0010403406331287027
2022-12-06,17,AR1 alpha + Enhanced + One-Step,NASDAQ:TTMI,0.0010398086786784098
2022-12-07,17,AR1 alpha + Enhanced + One-Step,NASDAQ:TTMI,0.0010398954670378412
2022-12-08,17,AR1 alpha + Enhanced + One-Step,NASDAQ:TTMI,0.0010398840798852553
2022-12-09,17,AR1 alpha + Enhanced + One-Step,NASDAQ:TTMI,0.0010390825420592172
2022-12-12,17,AR1 alpha + Enhanced + One-Step,NASDAQ:TTMI,0.00103866046134179
2022-12-13,17,AR1 alpha + Enhanced + One-Step,NASDAQ:TTMI,0.0010382160566813562
2022-12-14,17,AR1 alpha + Enhanced + One-Step,NASDAQ:TTMI,0.009055586652814971
2022-12-15,17,AR1 alpha + Enhanced + One-Step,NASDAQ:TTMI,0.023726319655961368
2022-12-16,17,AR1 alpha + Enhanced + One-Step,NASDAQ:TTMI,0.023724633897307078
2022-12-19,17,AR1 alpha + Enhanced + One-Step,NASDAQ:TTMI,0.023724545063223357
2022-12-20,17,AR1 alpha + Enhanced + One-Step,NASDAQ:TTMI,0.023724187917912958
2022-12-21,17,AR1 alpha + Enhanced + One-Step,NASDAQ:TTMI,0.02372427393666163
2022-12-22,17,AR1 alpha + Enhanced + One-Step,NASDAQ:TTMI,0.02372429250959768
2022-12-23,17,AR1 alpha + Enhanced + One-Step,NASDAQ:TTMI,0.023724327635661294
2022-12-27,17,AR1 alpha + Enhanced + One-Step,NASDAQ:TTMI,0.023001970806953344
2022-12-28,17,AR1 alpha + Enhanced + One-Step,NASDAQ:TTMI,0.023001974699237964
2022-12-29,17,AR1 alpha + Enhanced + One-Step,NASDAQ:TTMI,0.013413742717292988
2022-12-30,17,AR1 alpha + Enhanced + One-Step,NASDAQ:TTMI,0.006516580958067859
2023-01-03,17,AR1 alpha + Enhanced + One-Step,NASDAQ:TTMI,0.006516590493886171
2023-01-04,17,AR1 alpha + Enhanced + One-Step,NASDAQ:TTMI,0.006516587202430501
2023-01-05,17,AR1 alpha + Enhanced + One-Step,NASDAQ:TTMI,0.006517252291608978
2023-01-06,17,AR1 alpha + Enhanced + One-Step,NASDAQ:TTMI,0.0003871542346753085
2023-01-09,17,AR1 alpha + Enhanced + One-Step,NASDAQ:TTMI,0.0
2023-01-10,17,AR1 alpha + Enhanced + One-Step,NASDAQ:TTMI,2.0107511964279122e-08
2023-01-11,17,AR1 alpha + Enhanced + One-Step,NASDAQ:TTMI,0.0
2023-01-12,17,AR1 alpha + Enhanced + One-Step,NASDAQ:TTMI,0.0
2023-01-13,17,AR1 alpha + Enhanced + One-Step,NASDAQ:TTMI,0.0
2023-01-17,17,AR1 alpha + Enhanced + One-Step,NASDAQ:TTMI,0.0
2023-01-18,17,AR1 alpha + Enhanced + One-Step,NASDAQ:TTMI,5.264978863002836e-08
2023-01-19,17,AR1 alpha + Enhanced + One-Step,NASDAQ:TTMI,0.0
2023-01-20,17,AR1 alpha + Enhanced + One-Step,NASDAQ:TTMI,0.0
2023-01-23,17,AR1 alpha + Enhanced + One-Step,NASDAQ:TTMI,2.0141413145002596e-07
2023-01-24,17,AR1 alpha + Enhanced + One-Step,NASDAQ:TTMI,0.0005072972457366254
2023-01-25,17,AR1 alpha + Enhanced + One-Step,NASDAQ:TTMI,0.007302242693351083
2023-01-26,17,AR1 alpha + Enhanced + One-Step,NASDAQ:TTMI,0.03230795523522631
2023-01-27,17,AR1 alpha + Enhanced + One-Step,NASDAQ:TTMI,0.04682897261651372
2023-01-30,17,AR1 alpha + Enhanced + One-Step,NASDAQ:TTMI,0.06123266420203596
2023-01-31,17,AR1 alpha + Enhanced + One-Step,NASDAQ:TTMI,0.06122995795339872
2023-02-01,17,AR1 alpha + Enhanced + One-Step,NASDAQ:TTMI,0.059219417329359654
2023-02-02,17,AR1 alpha + Enhanced + One-Step,NASDAQ:TTMI,0.05922101599524238
2023-02-03,17,AR1 alpha + Enhanced + One-Step,NASDAQ:TTMI,0.059221039601074714
2023-02-06,17,AR1 alpha + Enhanced + One-Step,NASDAQ:TTMI,0.059221833181302995
2023-02-07,17,AR1 alpha + Enhanced + One-Step,NASDAQ:TTMI,0.05922524702899796
2023-02-08,17,AR1 alpha + Enhanced + One-Step,NASDAQ:TTMI,0.05922548926836849
2023-02-09,17,AR1 alpha + Enhanced + One-Step,NASDAQ:TTMI,0.05922554504491677
2023-02-10,17,AR1 alpha + Enhanced + One-Step,NASDAQ:TTMI,0.0592238625818642
2023-02-13,17,AR1 alpha + Enhanced + One-Step,NASDAQ:TTMI,0.05922371740265097
2023-02-14,17,AR1 alpha + Enhanced + One-Step,NASDAQ:TTMI,0.059222538879851835
2023-02-15,17,AR1 alpha + Enhanced + One-Step,NASDAQ:TTMI,0.05922247817962373
2023-02-16,17,AR1 alpha + Enhanced + One-Step,NASDAQ:TTMI,0.05914507059277526
2023-02-17,17,AR1 alpha + Enhanced + One-Step,NASDAQ:TTMI,0.05914121302043359
2023-02-21,17,AR1 alpha + Enhanced + One-Step,NASDAQ:TTMI,0.05913738455659482
2023-02-22,17,AR1 alpha + Enhanced + One-Step,NASDAQ:TTMI,0.05913567545180849
2023-02-23,17,AR1 alpha + Enhanced + One-Step,NASDAQ:TTMI,0.05913569830292528
2023-02-24,17,AR1 alpha + Enhanced + One-Step,NASDAQ:TTMI,0.059137695578895616
2023-02-27,17,AR1 alpha + Enhanced + One-Step,NASDAQ:TTMI,0.059137676064272254
2023-02-28,17,AR1 alpha + Enhanced + One-Step,NASDAQ:TTMI,0.05913859330067177
2023-03-01,17,AR1 alpha + Enhanced + One-Step,NASDAQ:TTMI,0.05913807835322255
2023-03-02,17,AR1 alpha + Enhanced + One-Step,NASDAQ:TTMI,0.05913617248349739
2023-03-03,17,AR1 alpha + Enhanced + One-Step,NASDAQ:TTMI,0.04955016001777946
2023-03-06,17,AR1 alpha + Enhanced + One-Step,NASDAQ:TTMI,0.04955015354593642
2023-03-07,17,AR1 alpha + Enhanced + One-Step,NASDAQ:TTMI,0.049548598172583384
2023-03-08,17,AR1 alpha + Enhanced + One-Step,NASDAQ:TTMI,0.0479855714570817
2023-03-09,17,AR1 alpha + Enhanced + One-Step,NASDAQ:TTMI,0.0463661283245652
2023-03-10,17,AR1 alpha + Enhanced + One-Step,NASDAQ:TTMI,0.04636588545748691
2023-03-13,17,AR1 alpha + Enhanced + One-Step,NASDAQ:TTMI,0.04636583133370167
2023-03-14,17,AR1 alpha + Enhanced + One-Step,NASDAQ:TTMI,0.04636582988269947
2023-03-15,17,AR1 alpha + Enhanced + One-Step,NASDAQ:TTMI,0.04636570560873479
2023-03-16,17,AR1 alpha + Enhanced + One-Step,NASDAQ:TTMI,0.04636571681759642
2023-03-17,17,AR1 alpha + Enhanced + One-Step,NASDAQ:TTMI,0.04479109154556775
2023-03-20,17,AR1 alpha + Enhanced + One-Step,NASDAQ:TTMI,0.03373250848702981
2023-03-21,17,AR1 alpha + Enhanced + One-Step,NASDAQ:TTMI,0.027306786200655544
2023-03-22,17,AR1 alpha + Enhanced + One-Step,NASDAQ:TTMI,0.02139824627624186
2023-03-23,17,AR1 alpha + Enhanced + One-Step,NASDAQ:TTMI,0.01100418294766053
2023-03-24,17,AR1 alpha + Enhanced + One-Step,NASDAQ:TTMI,0.007955734376784483
2023-03-27,17,AR1 alpha + Enhanced + One-Step,NASDAQ:TTMI,0.0014384965623070126
2023-03-28,17,AR1 alpha + Enhanced + One-Step,NASDAQ:TTMI,0.0
2023-03-29,17,AR1 alpha + Enhanced + One-Step,NASDAQ:TTMI,6.515500499832659e-09
2023-03-30,17,AR1 alpha + Enhanced + One-Step,NASDAQ:TTMI,1.6051824314355824e-08
2023-03-31,17,AR1 alpha + Enhanced + One-Step,NASDAQ:TTMI,1.1240481348125666e-07
2023-04-03,17,AR1 alpha + Enhanced + One-Step,NASDAQ:TTMI,0.0
2023-04-04,17,AR1 alpha + Enhanced + One-Step,NASDAQ:TTMI,0.0
2023-04-05,17,AR1 alpha + Enhanced + One-Step,NASDAQ:TTMI,0.0
2023-04-06,17,AR1 alpha + Enhanced + One-Step,NASDAQ:TTMI,7.040828852343064e-08
2023-04-10,17,AR1 alpha + Enhanced + One-Step,NASDAQ:TTMI,5.037493662913037e-07
2023-04-11,17,AR1 alpha + Enhanced + One-Step,NASDAQ:TTMI,0.0
2023-04-12,17,AR1 alpha + Enhanced + One-Step,NASDAQ:TTMI,0.0
2023-04-13,17,AR1 alpha + Enhanced + One-Step,NASDAQ:TTMI,0.0
2023-04-14,17,AR1 alpha + Enhanced + One-Step,NASDAQ:TTMI,7.045786481398591e-08
2023-04-17,17,AR1 alpha + Enhanced + One-Step,NASDAQ:TTMI,1.0692932291720303e-07
2023-04-18,17,AR1 alpha + Enhanced + One-Step,NASDAQ:TTMI,0.0
2023-04-19,17,AR1 alpha + Enhanced + One-Step,NASDAQ:TTMI,0.0
2023-04-20,17,AR1 alpha + Enhanced + One-Step,NASDAQ:TTMI,2.599771858191643e-08
2023-04-21,17,AR1 alpha + Enhanced + One-Step,NASDAQ:TTMI,0.0
2023-04-24,17,AR1 alpha + Enhanced + One-Step,NASDAQ:TTMI,0.0
2023-04-25,17,AR1 alpha + Enhanced + One-Step,NASDAQ:TTMI,0.0026553244873070356
2023-04-26,17,AR1 alpha + Enhanced + One-Step,NASDAQ:TTMI,0.002655252205975947
2023-04-27,17,AR1 alpha + Enhanced + One-Step,NASDAQ:TTMI,0.0026547348191828376
2023-04-28,17,AR1 alpha + Enhanced + One-Step,NASDAQ:TTMI,9.205575419337279e-07
2023-05-01,17,AR1 alpha + Enhanced + One-Step,NASDAQ:TTMI,8.723487264146997e-07
2023-05-02,17,AR1 alpha + Enhanced + One-Step,NASDAQ:TTMI,4.723504469253708e-07
2023-05-03,17,AR1 alpha + Enhanced + One-Step,NASDAQ:TTMI,3.7353500770429634e-07
2023-05-04,17,AR1 alpha + Enhanced + One-Step,NASDAQ:TTMI,1.3756677963229884e-07
2023-05-05,17,AR1 alpha + Enhanced + One-Step,NASDAQ:TTMI,7.650205693268485e-08
2023-05-08,17,AR1 alpha + Enhanced + One-Step,NASDAQ:TTMI,7.523427463920452e-08
2023-05-09,17,AR1 alpha + Enhanced + One-Step,NASDAQ:TTMI,4.18757927800391e-09
2023-05-10,17,AR1 alpha + Enhanced + One-Step,NASDAQ:TTMI,2.3973672993768177e-07
2023-05-11,17,AR1 alpha + Enhanced + One-Step,NASDAQ:TTMI,1.0045176217350736e-07
2023-05-12,17,AR1 alpha + Enhanced + One-Step,NASDAQ:TTMI,2.2526084293603102e-07
2023-05-15,17,AR1 alpha + Enhanced + One-Step,NASDAQ:TTMI,3.0635317926520224e-07
2023-05-16,17,AR1 alpha + Enhanced + One-Step,NASDAQ:TTMI,2.1969773734814538e-07
2023-05-17,17,AR1 alpha + Enhanced + One-Step,NASDAQ:TTMI,0.0
2023-05-18,17,AR1 alpha + Enhanced + One-Step,NASDAQ:TTMI,1.3528471015007975e-06
2023-05-19,17,AR1 alpha + Enhanced + One-Step,NASDAQ:TTMI,4.5956463364778543e-07
2023-05-22,17,AR1 alpha + Enhanced + One-Step,NASDAQ:TTMI,2.150727517964137e-07
2023-05-23,17,AR1 alpha + Enhanced + One-Step,NASDAQ:TTMI,3.133310180951871e-08
2023-05-24,17,AR1 alpha + Enhanced + One-Step,NASDAQ:TTMI,6.823874275028573e-08
2023-05-25,17,AR1 alpha + Enhanced + One-Step,NASDAQ:TTMI,0.0
2023-05-26,17,AR1 alpha + Enhanced + One-Step,NASDAQ:TTMI,1.223641713045661e-07
2023-05-30,17,AR1 alpha + Enhanced + One-Step,NASDAQ:TTMI,9.387140547443906e-08
2023-05-31,17,AR1 alpha + Enhanced + One-Step,NASDAQ:TTMI,0.0
2023-06-01,17,AR1 alpha + Enhanced + One-Step,NASDAQ:TTMI,0.0
2023-06-02,17,AR1 alpha + Enhanced + One-Step,NASDAQ:TTMI,0.0
2023-06-05,17,AR1 alpha + Enhanced + One-Step,NASDAQ:TTMI,0.0
2023-06-06,17,AR1 alpha + Enhanced + One-Step,NASDAQ:TTMI,1.4693487550152635e-06
2023-06-07,17,AR1 alpha + Enhanced + One-Step,NASDAQ:TTMI,4.3883533907827395e-07
2023-06-08,17,AR1 alpha + Enhanced + One-Step,NASDAQ:TTMI,8.334306191061228e-08
2023-06-09,17,AR1 alpha + Enhanced + One-Step,NASDAQ:TTMI,0.0
2023-06-12,17,AR1 alpha + Enhanced + One-Step,NASDAQ:TTMI,0.0
2023-06-13,17,AR1 alpha + Enhanced + One-Step,NASDAQ:TTMI,0.0
2023-06-14,17,AR1 alpha + Enhanced + One-Step,NASDAQ:TTMI,0.0
2023-06-15,17,AR1 alpha + Enhanced + One-Step,NASDAQ:TTMI,0.0
2023-06-16,17,AR1 alpha + Enhanced + One-Step,NASDAQ:TTMI,0.0
2023-06-20,17,AR1 alpha + Enhanced + One-Step,NASDAQ:TTMI,0.0
2023-06-21,17,AR1 alpha + Enhanced + One-Step,NASDAQ:TTMI,0.0
2023-06-22,17,AR1 alpha + Enhanced + One-Step,NASDAQ:TTMI,0.0
2023-06-23,17,AR1 alpha + Enhanced + One-Step,NASDAQ:TTMI,0.0
2023-06-26,17,AR1 alpha + Enhanced + One-Step,NASDAQ:TTMI,0.0
2023-06-27,17,AR1 alpha + Enhanced + One-Step,NASDAQ:TTMI,0.0
2023-06-28,17,AR1 alpha + Enhanced + One-Step,NASDAQ:TTMI,0.0
2023-06-29,17,AR1 alpha + Enhanced + One-Step,NASDAQ:TTMI,0.0
2023-06-30,17,AR1 alpha + Enhanced + One-Step,NASDAQ:TTMI,0.0
2023-07-03,17,AR1 alpha + Enhanced + One-Step,NASDAQ:TTMI,0.0
2023-07-05,17,AR1 alpha + Enhanced + One-Step,NASDAQ:TTMI,0.0
2023-07-06,17,AR1 alpha + Enhanced + One-Step,NASDAQ:TTMI,0.0
2023-07-07,17,AR1 alpha + Enhanced + One-Step,NASDAQ:TTMI,0.0
2023-07-10,17,AR1 alpha + Enhanced + One-Step,NASDAQ:TTMI,2.5373406211527303e-08
2023-07-11,17,AR1 alpha + Enhanced + One-Step,NASDAQ:TTMI,0.0
2023-07-12,17,AR1 alpha + Enhanced + One-Step,NASDAQ:TTMI,7.076195666498713e-08
2023-07-13,17,AR1 alpha + Enhanced + One-Step,NASDAQ:TTMI,0.0
2023-07-14,17,AR1 alpha + Enhanced + One-Step,NASDAQ:TTMI,0.0
2023-07-17,17,AR1 alpha + Enhanced + One-Step,NASDAQ:TTMI,0.0
2023-07-18,17,AR1 alpha + Enhanced + One-Step,NASDAQ:TTMI,3.182069449517424e-07
2023-07-19,17,AR1 alpha + Enhanced + One-Step,NASDAQ:TTMI,0.0
2023-07-20,17,AR1 alpha + Enhanced + One-Step,NASDAQ:TTMI,0.0
2023-07-21,17,AR1 alpha + Enhanced + One-Step,NASDAQ:TTMI,0.0
2023-07-24,17,AR1 alpha + Enhanced + One-Step,NASDAQ:TTMI,0.0
2023-07-25,17,AR1 alpha + Enhanced + One-Step,NASDAQ:TTMI,0.0
2023-07-26,17,AR1 alpha + Enhanced + One-Step,NASDAQ:TTMI,0.0
2023-07-27,17,AR1 alpha + Enhanced + One-Step,NASDAQ:TTMI,0.0
2023-08-01,17,AR1 alpha + Enhanced + One-Step,NASDAQ:TTMI,0.0
2023-08-02,17,AR1 alpha + Enhanced + One-Step,NASDAQ:TTMI,0.0
2023-08-03,17,AR1 alpha + Enhanced + One-Step,NASDAQ:TTMI,5.273537277234079e-08
2023-08-04,17,AR1 alpha + Enhanced + One-Step,NASDAQ:TTMI,1.8888325912879626e-06
2023-08-07,17,AR1 alpha + Enhanced + One-Step,NASDAQ:TTMI,7.949254034249228e-07
2023-08-08,17,AR1 alpha + Enhanced + One-Step,NASDAQ:TTMI,4.0326598481007814e-07
2023-08-09,17,AR1 alpha + Enhanced + One-Step,NASDAQ:TTMI,0.0
2023-08-10,17,AR1 alpha + Enhanced + One-Step,NASDAQ:TTMI,0.0
2023-08-11,17,AR1 alpha + Enhanced + One-Step,NASDAQ:TTMI,0.0
2023-08-14,17,AR1 alpha + Enhanced + One-Step,NASDAQ:TTMI,0.0
2023-08-15,17,AR1 alpha + Enhanced + One-Step,NASDAQ:TTMI,0.0
2023-08-16,17,AR1 alpha + Enhanced + One-Step,NASDAQ:TTMI,0.0
2023-08-17,17,AR1 alpha + Enhanced + One-Step,NASDAQ:TTMI,0.0
2023-08-18,17,AR1 alpha + Enhanced + One-Step,NASDAQ:TTMI,0.0
2023-08-21,17,AR1 alpha + Enhanced + One-Step,NASDAQ:TTMI,0.0
2023-08-22,17,AR1 alpha + Enhanced + One-Step,NASDAQ:TTMI,0.0
2023-08-23,17,AR1 alpha + Enhanced + One-Step,NASDAQ:TTMI,0.0
2023-08-24,17,AR1 alpha + Enhanced + One-Step,NASDAQ:TTMI,0.0
2023-08-25,17,AR1 alpha + Enhanced + One-Step,NASDAQ:TTMI,0.0
2023-08-28,17,AR1 alpha + Enhanced + One-Step,NASDAQ:TTMI,0.0
2023-08-29,17,AR1 alpha + Enhanced + One-Step,NASDAQ:TTMI,0.0
2023-08-30,17,AR1 alpha + Enhanced + One-Step,NASDAQ:TTMI,0.0
2023-08-31,17,AR1 alpha + Enhanced + One-Step,NASDAQ:TTMI,0.0
2023-09-01,17,AR1 alpha + Enhanced + One-Step,NASDAQ:TTMI,0.0
2023-09-05,17,AR1 alpha + Enhanced + One-Step,NASDAQ:TTMI,0.0
2023-09-06,17,AR1 alpha + Enhanced + One-Step,NASDAQ:TTMI,0.0
2023-09-07,17,AR1 alpha + Enhanced + One-Step,NASDAQ:TTMI,0.0
2023-09-08,17,AR1 alpha + Enhanced + One-Step,NASDAQ:TTMI,1.8870130656848395e-07
2023-09-11,17,AR1 alpha + Enhanced + One-Step,NASDAQ:TTMI,1.2116322696760476e-07
2023-09-12,17,AR1 alpha + Enhanced + One-Step,NASDAQ:TTMI,1.7040387303910932e-07
2023-09-13,17,AR1 alpha + Enhanced + One-Step,NASDAQ:TTMI,0.0
2023-09-14,17,AR1 alpha + Enhanced + One-Step,NASDAQ:TTMI,3.5461896847834284e-08
2023-09-15,17,AR1 alpha + Enhanced + One-Step,NASDAQ:TTMI,2.2247532340073837e-07
2023-09-18,17,AR1 alpha + Enhanced + One-Step,NASDAQ:TTMI,3.192080525260365e-08
2023-09-19,17,AR1 alpha + Enhanced + One-Step,NASDAQ:TTMI,2.8979677225220272e-08
2023-09-20,17,AR1 alpha + Enhanced + One-Step,NASDAQ:TTMI,3.038447450206646e-08
2023-09-21,17,AR1 alpha + Enhanced + One-Step,NASDAQ:TTMI,8.719666705561271e-08
2023-09-22,17,AR1 alpha + Enhanced + One-Step,NASDAQ:TTMI,7.654544845301592e-08
2023-09-25,17,AR1 alpha + Enhanced + One-Step,NASDAQ:TTMI,0.0
2023-09-26,17,AR1 alpha + Enhanced + One-Step,NASDAQ:TTMI,0.0
2023-09-27,17,AR1 alpha + Enhanced + One-Step,NASDAQ:TTMI,0.0
2023-09-28,17,AR1 alpha + Enhanced + One-Step,NASDAQ:TTMI,0.0
2023-09-29,17,AR1 alpha + Enhanced + One-Step,NASDAQ:TTMI,0.0
2023-10-02,17,AR1 alpha + Enhanced + One-Step,NASDAQ:TTMI,0.0
2023-10-03,17,AR1 alpha + Enhanced + One-Step,NASDAQ:TTMI,0.0
2023-10-04,17,AR1 alpha + Enhanced + One-Step,NASDAQ:TTMI,0.0
2023-10-05,17,AR1 alpha + Enhanced + One-Step,NASDAQ:TTMI,0.0
2023-10-06,17,AR1 alpha + Enhanced + One-Step,NASDAQ:TTMI,0.0
2023-10-09,17,AR1 alpha + Enhanced + One-Step,NASDAQ:TTMI,0.0
2023-10-10,17,AR1 alpha + Enhanced + One-Step,NASDAQ:TTMI,0.0
2023-10-11,17,AR1 alpha + Enhanced + One-Step,NASDAQ:TTMI,0.0
2023-10-12,17,AR1 alpha + Enhanced + One-Step,NASDAQ:TTMI,1.2381332848098508e-09
2023-10-13,17,AR1 alpha + Enhanced + One-Step,NASDAQ:TTMI,6.943078942297165e-09
2023-10-16,17,AR1 alpha + Enhanced + One-Step,NASDAQ:TTMI,1.5504664268531716e-08
2023-10-17,17,AR1 alpha + Enhanced + One-Step,NASDAQ:TTMI,0.0
2023-10-18,17,AR1 alpha + Enhanced + One-Step,NASDAQ:TTMI,1.0676128904420095e-07
2023-10-19,17,AR1 alpha + Enhanced + One-Step,NASDAQ:TTMI,4.512347496336351e-08
2023-10-20,17,AR1 alpha + Enhanced + One-Step,NASDAQ:TTMI,7.172351098382633e-08
2023-10-23,17,AR1 alpha + Enhanced + One-Step,NASDAQ:TTMI,0.0
2023-10-24,17,AR1 alpha + Enhanced + One-Step,NASDAQ:TTMI,7.37535176697227e-09
2023-10-25,17,AR1 alpha + Enhanced + One-Step,NASDAQ:TTMI,0.0
2023-10-26,17,AR1 alpha + Enhanced + One-Step,NASDAQ:TTMI,0.0
2023-10-27,17,AR1 alpha + Enhanced + One-Step,NASDAQ:TTMI,0.0
2023-10-30,17,AR1 alpha + Enhanced + One-Step,NASDAQ:TTMI,0.0
2023-10-31,17,AR1 alpha + Enhanced + One-Step,NASDAQ:TTMI,1.0545068371095469e-07
2023-11-01,17,AR1 alpha + Enhanced + One-Step,NASDAQ:TTMI,0.0
2023-11-02,17,AR1 alpha + Enhanced + One-Step,NASDAQ:TTMI,1.8655268884456896e-06
2023-11-03,17,AR1 alpha + Enhanced + One-Step,NASDAQ:TTMI,1.075643945223952e-06
2023-11-06,17,AR1 alpha + Enhanced + One-Step,NASDAQ:TTMI,7.01958330697996e-07
2023-11-07,17,AR1 alpha + Enhanced + One-Step,NASDAQ:TTMI,0.0
2023-11-08,17,AR1 alpha + Enhanced + One-Step,NASDAQ:TTMI,0.0
2023-11-09,17,AR1 alpha + Enhanced + One-Step,NASDAQ:TTMI,0.0
2023-11-10,17,AR1 alpha + Enhanced + One-Step,NASDAQ:TTMI,0.0
2023-11-13,17,AR1 alpha + Enhanced + One-Step,NASDAQ:TTMI,0.0
2023-11-14,17,AR1 alpha + Enhanced + One-Step,NASDAQ:TTMI,2.2573024948569055e-07
2023-11-15,17,AR1 alpha + Enhanced + One-Step,NASDAQ:TTMI,2.6709580501847266e-08
2023-11-16,17,AR1 alpha + Enhanced + One-Step,NASDAQ:TTMI,0.0
2023-11-17,17,AR1 alpha + Enhanced + One-Step,NASDAQ:TTMI,0.0
2023-11-20,17,AR1 alpha + Enhanced + One-Step,NASDAQ:TTMI,6.177976561194181e-08
2023-11-21,17,AR1 alpha + Enhanced + One-Step,NASDAQ:TTMI,5.4010822140619694e-08
2023-11-22,17,AR1 alpha + Enhanced + One-Step,NASDAQ:TTMI,1.0780095981504459e-08
2023-11-24,17,AR1 alpha + Enhanced + One-Step,NASDAQ:TTMI,7.872925458558539e-09
2023-11-27,17,AR1 alpha + Enhanced + One-Step,NASDAQ:TTMI,0.0
2023-11-28,17,AR1 alpha + Enhanced + One-Step,NASDAQ:TTMI,4.276175425717663e-08
2023-11-29,17,AR1 alpha + Enhanced + One-Step,NASDAQ:TTMI,0.0
2023-11-30,17,AR1 alpha + Enhanced + One-Step,NASDAQ:TTMI,0.0
2023-12-01,17,AR1 alpha + Enhanced + One-Step,NASDAQ:TTMI,0.0
2023-12-04,17,AR1 alpha + Enhanced + One-Step,NASDAQ:TTMI,0.0
2023-12-05,17,AR1 alpha + Enhanced + One-Step,NASDAQ:TTMI,0.0
2023-12-06,17,AR1 alpha + Enhanced + One-Step,NASDAQ:TTMI,1.1073727733240342e-08
2023-12-07,17,AR1 alpha + Enhanced + One-Step,NASDAQ:TTMI,2.929968300739181e-10
2023-12-08,17,AR1 alpha + Enhanced + One-Step,NASDAQ:TTMI,2.7013619560774368e-08
2023-12-11,17,AR1 alpha + Enhanced + One-Step,NASDAQ:TTMI,0.0
2023-12-12,17,AR1 alpha + Enhanced + One-Step,NASDAQ:TTMI,0.0
2023-12-13,17,AR1 alpha + Enhanced + One-Step,NASDAQ:TTMI,6.814787660426069e-07
2023-12-14,17,AR1 alpha + Enhanced + One-Step,NASDAQ:TTMI,3.5063714523647904e-07
2023-12-15,17,AR1 alpha + Enhanced + One-Step,NASDAQ:TTMI,0.0
2023-12-18,17,AR1 alpha + Enhanced + One-Step,NASDAQ:TTMI,0.0
2023-12-19,17,AR1 alpha + Enhanced + One-Step,NASDAQ:TTMI,0.0
2023-12-20,17,AR1 alpha + Enhanced + One-Step,NASDAQ:TTMI,5.750988209053717e-07
2023-12-21,17,AR1 alpha + Enhanced + One-Step,NASDAQ:TTMI,3.969856401706817e-07
2023-12-22,17,AR1 alpha + Enhanced + One-Step,NASDAQ:TTMI,2.8642857608081406e-07
2023-12-26,17,AR1 alpha + Enhanced + One-Step,NASDAQ:TTMI,0.0
2023-12-27,17,AR1 alpha + Enhanced + One-Step,NASDAQ:TTMI,0.0
2023-12-28,17,AR1 alpha + Enhanced + One-Step,NASDAQ:TTMI,2.313731176649358e-08
2023-12-29,17,AR1 alpha + Enhanced + One-Step,NASDAQ:TTMI,2.592715055661773e-07
2024-01-02,17,AR1 alpha + Enhanced + One-Step,NASDAQ:TTMI,0.0
2024-01-03,17,AR1 alpha + Enhanced + One-Step,NASDAQ:TTMI,0.0
2024-01-04,17,AR1 alpha + Enhanced + One-Step,NASDAQ:TTMI,0.0
2024-01-05,17,AR1 alpha + Enhanced + One-Step,NASDAQ:TTMI,3.3118731807546884e-07
2024-01-08,17,AR1 alpha + Enhanced + One-Step,NASDAQ:TTMI,5.644792559798669e-07
2024-01-09,17,AR1 alpha + Enhanced + One-Step,NASDAQ:TTMI,0.0
2024-01-10,17,AR1 alpha + Enhanced + One-Step,NASDAQ:TTMI,0.0
2024-01-11,17,AR1 alpha + Enhanced + One-Step,NASDAQ:TTMI,0.0
2024-01-12,17,AR1 alpha + Enhanced + One-Step,NASDAQ:TTMI,0.0
2024-01-16,17,AR1 alpha + Enhanced + One-Step,NASDAQ:TTMI,0.0
2024-01-17,17,AR1 alpha + Enhanced + One-Step,NASDAQ:TTMI,0.0
2024-01-18,17,AR1 alpha + Enhanced + One-Step,NASDAQ:TTMI,0.0
2024-01-19,17,AR1 alpha + Enhanced + One-Step,NASDAQ:TTMI,0.0
2024-01-22,17,AR1 alpha + Enhanced + One-Step,NASDAQ:TTMI,0.0
2024-01-23,17,AR1 alpha + Enhanced + One-Step,NASDAQ:TTMI,0.0
2024-01-24,17,AR1 alpha + Enhanced + One-Step,NASDAQ:TTMI,0.0
2024-01-25,17,AR1 alpha + Enhanced + One-Step,NASDAQ:TTMI,0.0
2024-01-26,17,AR1 alpha + Enhanced + One-Step,NASDAQ:TTMI,0.0
2024-01-29,17,AR1 alpha + Enhanced + One-Step,NASDAQ:TTMI,0.0
2024-01-30,17,AR1 alpha + Enhanced + One-Step,NASDAQ:TTMI,0.0
2024-01-31,17,AR1 alpha + Enhanced + One-Step,NASDAQ:TTMI,0.0
2024-02-01,17,AR1 alpha + Enhanced + One-Step,NASDAQ:TTMI,0.0
2024-02-02,17,AR1 alpha + Enhanced + One-Step,NASDAQ:TTMI,0.0
2024-02-05,17,AR1 alpha + Enhanced + One-Step,NASDAQ:TTMI,0.0
2024-02-06,17,AR1 alpha + Enhanced + One-Step,NASDAQ:TTMI,0.0
2024-02-07,17,AR1 alpha + Enhanced + One-Step,NASDAQ:TTMI,0.0
2024-02-08,17,AR1 alpha + Enhanced + One-Step,NASDAQ:TTMI,0.0
2024-02-09,17,AR1 alpha + Enhanced + One-Step,NASDAQ:TTMI,0.0
2024-02-12,17,AR1 alpha + Enhanced + One-Step,NASDAQ:TTMI,0.0
2024-02-13,17,AR1 alpha + Enhanced + One-Step,NASDAQ:TTMI,2.418733612604804e-08
2024-02-14,17,AR1 alpha + Enhanced + One-Step,NASDAQ:TTMI,2.450663445785878e-07
2024-02-15,17,AR1 alpha + Enhanced + One-Step,NASDAQ:TTMI,2.5924518417767214e-07
2024-02-16,17,AR1 alpha + Enhanced + One-Step,NASDAQ:TTMI,4.753539599365034e-07
2024-02-20,17,AR1 alpha + Enhanced + One-Step,NASDAQ:TTMI,4.4051373058544386e-07
2024-02-21,17,AR1 alpha + Enhanced + One-Step,NASDAQ:TTMI,0.0
2024-02-22,17,AR1 alpha + Enhanced + One-Step,NASDAQ:TTMI,0.0
2024-02-23,17,AR1 alpha + Enhanced + One-Step,NASDAQ:TTMI,0.0
2024-02-26,17,AR1 alpha + Enhanced + One-Step,NASDAQ:TTMI,0.0
2024-02-27,17,AR1 alpha + Enhanced + One-Step,NASDAQ:TTMI,0.0
2024-02-28,17,AR1 alpha + Enhanced + One-Step,NASDAQ:TTMI,0.0
2024-02-29,17,AR1 alpha + Enhanced + One-Step,NASDAQ:TTMI,0.0
2024-03-01,17,AR1 alpha + Enhanced + One-Step,NASDAQ:TTMI,0.0
2024-03-04,17,AR1 alpha + Enhanced + One-Step,NASDAQ:TTMI,0.0
2024-03-05,17,AR1 alpha + Enhanced + One-Step,NASDAQ:TTMI,0.0
2024-03-06,17,AR1 alpha + Enhanced + One-Step,NASDAQ:TTMI,0.0
2024-03-07,17,AR1 alpha + Enhanced + One-Step,NASDAQ:TTMI,0.0
2024-03-08,17,AR1 alpha + Enhanced + One-Step,NASDAQ:TTMI,0.0
2024-03-11,17,AR1 alpha + Enhanced + One-Step,NASDAQ:TTMI,0.0
2024-03-12,17,AR1 alpha + Enhanced + One-Step,NASDAQ:TTMI,0.0
2024-03-13,17,AR1 alpha + Enhanced + One-Step,NASDAQ:TTMI,0.0
2024-03-14,17,AR1 alpha + Enhanced + One-Step,NASDAQ:TTMI,0.0
2024-03-15,17,AR1 alpha + Enhanced + One-Step,NASDAQ:TTMI,8.982141111348482e-08
2024-03-18,17,AR1 alpha + Enhanced + One-Step,NASDAQ:TTMI,0.0
2024-03-19,17,AR1 alpha + Enhanced + One-Step,NASDAQ:TTMI,0.0
2024-03-20,17,AR1 alpha + Enhanced + One-Step,NASDAQ:TTMI,0.0
2024-03-21,17,AR1 alpha + Enhanced + One-Step,NASDAQ:TTMI,5.4082650262544515e-08
2024-03-22,17,AR1 alpha + Enhanced + One-Step,NASDAQ:TTMI,0.0
2024-03-25,17,AR1 alpha + Enhanced + One-Step,NASDAQ:TTMI,2.342475855665279e-08
2024-03-26,17,AR1 alpha + Enhanced + One-Step,NASDAQ:TTMI,0.0
2024-03-27,17,AR1 alpha + Enhanced + One-Step,NASDAQ:TTMI,0.0
2024-03-28,17,AR1 alpha + Enhanced + One-Step,NASDAQ:TTMI,2.2910914804602128e-07
2024-04-01,17,AR1 alpha + Enhanced + One-Step,NASDAQ:TTMI,2.8365207656186077e-07
2024-04-02,17,AR1 alpha + Enhanced + One-Step,NASDAQ:TTMI,9.076149165651669e-08
2024-04-03,17,AR1 alpha + Enhanced + One-Step,NASDAQ:TTMI,0.0
2024-04-04,17,AR1 alpha + Enhanced + One-Step,NASDAQ:TTMI,0.0
2024-04-05,17,AR1 alpha + Enhanced + One-Step,NASDAQ:TTMI,0.0
2024-04-08,17,AR1 alpha + Enhanced + One-Step,NASDAQ:TTMI,1.3545277352284193e-07
2024-04-09,17,AR1 alpha + Enhanced + One-Step,NASDAQ:TTMI,0.0
2024-04-10,17,AR1 alpha + Enhanced + One-Step,NASDAQ:TTMI,0.0
2024-04-11,17,AR1 alpha + Enhanced + One-Step,NASDAQ:TTMI,0.0
2024-04-12,17,AR1 alpha + Enhanced + One-Step,NASDAQ:TTMI,0.0
2024-04-15,17,AR1 alpha + Enhanced + One-Step,NASDAQ:TTMI,0.0
2024-04-16,17,AR1 alpha + Enhanced + One-Step,NASDAQ:TTMI,0.0
2024-04-17,17,AR1 alpha + Enhanced + One-Step,NASDAQ:TTMI,8.161203935549937e-08
2024-04-18,17,AR1 alpha + Enhanced + One-Step,NASDAQ:TTMI,0.0
2024-04-19,17,AR1 alpha + Enhanced + One-Step,NASDAQ:TTMI,0.0
2020-03-25,17,AR1 alpha + Enhanced + One-Step,NYSE:UVV,0.020000000000007227
2020-03-26,17,AR1 alpha + Enhanced + One-Step,NYSE:UVV,0.02000000000001305
2020-03-27,17,AR1 alpha + Enhanced + One-Step,NYSE:UVV,0.019999981511273007
2020-03-30,17,AR1 alpha + Enhanced + One-Step,NYSE:UVV,0.020001070445278657
2020-03-31,17,AR1 alpha + Enhanced + One-Step,NYSE:UVV,0.020002863768394056
2020-04-01,17,AR1 alpha + Enhanced + One-Step,NYSE:UVV,0.020002988594522562
2020-04-02,17,AR1 alpha + Enhanced + One-Step,NYSE:UVV,0.020001059782364133
2020-04-03,17,AR1 alpha + Enhanced + One-Step,NYSE:UVV,0.020002653311556425
2020-04-06,17,AR1 alpha + Enhanced + One-Step,NYSE:UVV,0.020003205806144012
2020-04-07,17,AR1 alpha + Enhanced + One-Step,NYSE:UVV,0.020004893055747132
2020-04-08,17,AR1 alpha + Enhanced + One-Step,NYSE:UVV,0.020004976806127388
2020-04-09,17,AR1 alpha + Enhanced + One-Step,NYSE:UVV,0.020004942485045595
2020-04-13,17,AR1 alpha + Enhanced + One-Step,NYSE:UVV,0.020004513255392358
2020-04-14,17,AR1 alpha + Enhanced + One-Step,NYSE:UVV,0.02000561200015455
2020-04-15,17,AR1 alpha + Enhanced + One-Step,NYSE:UVV,0.04499743067374626
2020-04-16,17,AR1 alpha + Enhanced + One-Step,NYSE:UVV,0.06999615307222612
2020-04-17,17,AR1 alpha + Enhanced + One-Step,NYSE:UVV,0.0699962176432116
2020-04-20,17,AR1 alpha + Enhanced + One-Step,NYSE:UVV,0.06999602476399554
2020-04-21,17,AR1 alpha + Enhanced + One-Step,NYSE:UVV,0.06999631851701739
2020-04-22,17,AR1 alpha + Enhanced + One-Step,NYSE:UVV,0.06999654762762096
2020-04-23,17,AR1 alpha + Enhanced + One-Step,NYSE:UVV,0.06999626646380677
2020-04-24,17,AR1 alpha + Enhanced + One-Step,NYSE:UVV,0.069996341216456
2020-04-27,17,AR1 alpha + Enhanced + One-Step,NYSE:UVV,0.06999633914458364
2020-04-28,17,AR1 alpha + Enhanced + One-Step,NYSE:UVV,0.06999633568274521
2020-04-29,17,AR1 alpha + Enhanced + One-Step,NYSE:UVV,0.0699963339425399
2020-04-30,17,AR1 alpha + Enhanced + One-Step,NYSE:UVV,0.06999638613388724
2020-05-01,17,AR1 alpha + Enhanced + One-Step,NYSE:UVV,0.06999506772800183
2020-05-04,17,AR1 alpha + Enhanced + One-Step,NYSE:UVV,0.06999508688759286
2020-05-05,17,AR1 alpha + Enhanced + One-Step,NYSE:UVV,0.06999502792868952
2020-05-06,17,AR1 alpha + Enhanced + One-Step,NYSE:UVV,0.06999502770930827
2020-05-07,17,AR1 alpha + Enhanced + One-Step,NYSE:UVV,0.06999437549870209
2020-05-08,17,AR1 alpha + Enhanced + One-Step,NYSE:UVV,0.06999389685077578
2020-05-11,17,AR1 alpha + Enhanced + One-Step,NYSE:UVV,0.0699936672926386
2020-05-12,17,AR1 alpha + Enhanced + One-Step,NYSE:UVV,0.06999358388358681
2020-05-13,17,AR1 alpha + Enhanced + One-Step,NYSE:UVV,0.06999370476277614
2020-05-14,17,AR1 alpha + Enhanced + One-Step,NYSE:UVV,0.06090758325539589
2020-05-15,17,AR1 alpha + Enhanced + One-Step,NYSE:UVV,0.03589064296508701
2020-05-18,17,AR1 alpha + Enhanced + One-Step,NYSE:UVV,0.010893533216148195
2020-05-19,17,AR1 alpha + Enhanced + One-Step,NYSE:UVV,0.01089336862755516
2020-05-20,17,AR1 alpha + Enhanced + One-Step,NYSE:UVV,0.010605100083356661
2020-05-21,17,AR1 alpha + Enhanced + One-Step,NYSE:UVV,0.0
2020-05-22,17,AR1 alpha + Enhanced + One-Step,NYSE:UVV,0.0
2020-05-26,17,AR1 alpha + Enhanced + One-Step,NYSE:UVV,0.0
2020-05-27,17,AR1 alpha + Enhanced + One-Step,NYSE:UVV,6.358197625924975e-08
2020-05-28,17,AR1 alpha + Enhanced + One-Step,NYSE:UVV,4.5190794833512354e-08
2020-05-29,17,AR1 alpha + Enhanced + One-Step,NYSE:UVV,3.11198752814347e-08
2020-06-01,17,AR1 alpha + Enhanced + One-Step,NYSE:UVV,1.1136972314720932e-07
2020-06-02,17,AR1 alpha + Enhanced + One-Step,NYSE:UVV,1.583061291098502e-08
2020-06-03,17,AR1 alpha + Enhanced + One-Step,NYSE:UVV,4.156026647292802e-07
2020-06-04,17,AR1 alpha + Enhanced + One-Step,NYSE:UVV,1.9704439347864667e-07
2020-06-05,17,AR1 alpha + Enhanced + One-Step,NYSE:UVV,0.0
2020-06-08,17,AR1 alpha + Enhanced + One-Step,NYSE:UVV,0.0
2020-06-09,17,AR1 alpha + Enhanced + One-Step,NYSE:UVV,1.5869623115099937e-08
2020-06-10,17,AR1 alpha + Enhanced + One-Step,NYSE:UVV,9.106110143389444e-09
2020-06-11,17,AR1 alpha + Enhanced + One-Step,NYSE:UVV,5.583767593470927e-07
2020-06-12,17,AR1 alpha + Enhanced + One-Step,NYSE:UVV,3.483775926925809e-07
2020-06-15,17,AR1 alpha + Enhanced + One-Step,NYSE:UVV,2.37824054740931e-08
2020-06-16,17,AR1 alpha + Enhanced + One-Step,NYSE:UVV,2.703641714474389e-08
2020-06-17,17,AR1 alpha + Enhanced + One-Step,NYSE:UVV,1.0589072598406775e-08
2020-06-18,17,AR1 alpha + Enhanced + One-Step,NYSE:UVV,0.0
2020-06-19,17,AR1 alpha + Enhanced + One-Step,NYSE:UVV,0.0
2020-06-22,17,AR1 alpha + Enhanced + One-Step,NYSE:UVV,5.353818424476635e-08
2020-06-23,17,AR1 alpha + Enhanced + One-Step,NYSE:UVV,8.279981975450586e-09
2020-06-24,17,AR1 alpha + Enhanced + One-Step,NYSE:UVV,0.0
2020-06-25,17,AR1 alpha + Enhanced + One-Step,NYSE:UVV,1.5289792646012745e-08
2020-06-26,17,AR1 alpha + Enhanced + One-Step,NYSE:UVV,0.0
2020-06-29,17,AR1 alpha + Enhanced + One-Step,NYSE:UVV,0.0
2020-06-30,17,AR1 alpha + Enhanced + One-Step,NYSE:UVV,0.0
2020-07-01,17,AR1 alpha + Enhanced + One-Step,NYSE:UVV,0.0
2020-07-02,17,AR1 alpha + Enhanced + One-Step,NYSE:UVV,5.192130914104902e-08
2020-07-06,17,AR1 alpha + Enhanced + One-Step,NYSE:UVV,0.0
2020-07-07,17,AR1 alpha + Enhanced + One-Step,NYSE:UVV,0.0
2020-07-08,17,AR1 alpha + Enhanced + One-Step,NYSE:UVV,0.0
2020-07-09,17,AR1 alpha + Enhanced + One-Step,NYSE:UVV,0.0
2020-07-10,17,AR1 alpha + Enhanced + One-Step,NYSE:UVV,0.0
2020-07-13,17,AR1 alpha + Enhanced + One-Step,NYSE:UVV,0.0
2020-07-14,17,AR1 alpha + Enhanced + One-Step,NYSE:UVV,3.2471250240698554e-08
2020-07-15,17,AR1 alpha + Enhanced + One-Step,NYSE:UVV,2.208698624236045e-07
2020-07-16,17,AR1 alpha + Enhanced + One-Step,NYSE:UVV,1.0194116818759567e-07
2020-07-17,17,AR1 alpha + Enhanced + One-Step,NYSE:UVV,0.0
2020-07-20,17,AR1 alpha + Enhanced + One-Step,NYSE:UVV,6.814966080169025e-09
2020-07-21,17,AR1 alpha + Enhanced + One-Step,NYSE:UVV,1.0830809163435181e-07
2020-07-22,17,AR1 alpha + Enhanced + One-Step,NYSE:UVV,1.0206074997391702e-07
2020-07-23,17,AR1 alpha + Enhanced + One-Step,NYSE:UVV,0.0
2020-07-24,17,AR1 alpha + Enhanced + One-Step,NYSE:UVV,0.0
2020-07-27,17,AR1 alpha + Enhanced + One-Step,NYSE:UVV,0.0
2020-07-28,17,AR1 alpha + Enhanced + One-Step,NYSE:UVV,0.0
2020-07-29,17,AR1 alpha + Enhanced + One-Step,NYSE:UVV,0.0
2020-07-30,17,AR1 alpha + Enhanced + One-Step,NYSE:UVV,0.0
2020-07-31,17,AR1 alpha + Enhanced + One-Step,NYSE:UVV,0.0
2020-08-03,17,AR1 alpha + Enhanced + One-Step,NYSE:UVV,3.6411068579021085e-08
2020-08-04,17,AR1 alpha + Enhanced + One-Step,NYSE:UVV,0.0
2020-08-05,17,AR1 alpha + Enhanced + One-Step,NYSE:UVV,0.0
2020-08-06,17,AR1 alpha + Enhanced + One-Step,NYSE:UVV,0.0
2020-08-07,17,AR1 alpha + Enhanced + One-Step,NYSE:UVV,3.719476677210643e-07
2020-08-10,17,AR1 alpha + Enhanced + One-Step,NYSE:UVV,2.643038126933569e-07
2020-08-11,17,AR1 alpha + Enhanced + One-Step,NYSE:UVV,5.075650843438368e-08
2020-08-12,17,AR1 alpha + Enhanced + One-Step,NYSE:UVV,0.0
2020-08-13,17,AR1 alpha + Enhanced + One-Step,NYSE:UVV,7.132764227088565e-10
2020-08-14,17,AR1 alpha + Enhanced + One-Step,NYSE:UVV,2.0606878596047936e-09
2020-08-17,17,AR1 alpha + Enhanced + One-Step,NYSE:UVV,0.0
2020-08-18,17,AR1 alpha + Enhanced + One-Step,NYSE:UVV,0.0
2020-08-19,17,AR1 alpha + Enhanced + One-Step,NYSE:UVV,0.0
2020-08-20,17,AR1 alpha + Enhanced + One-Step,NYSE:UVV,0.0
2020-08-21,17,AR1 alpha + Enhanced + One-Step,NYSE:UVV,0.0
2020-08-24,17,AR1 alpha + Enhanced + One-Step,NYSE:UVV,0.0
2020-08-25,17,AR1 alpha + Enhanced + One-Step,NYSE:UVV,1.1125769962366376e-07
2020-08-26,17,AR1 alpha + Enhanced + One-Step,NYSE:UVV,0.0
2020-08-27,17,AR1 alpha + Enhanced + One-Step,NYSE:UVV,0.0
2020-08-28,17,AR1 alpha + Enhanced + One-Step,NYSE:UVV,4.609490552086839e-09
2020-08-31,17,AR1 alpha + Enhanced + One-Step,NYSE:UVV,0.0
2020-09-01,17,AR1 alpha + Enhanced + One-Step,NYSE:UVV,0.0
2020-09-02,17,AR1 alpha + Enhanced + One-Step,NYSE:UVV,1.667783136651593e-08
2020-09-03,17,AR1 alpha + Enhanced + One-Step,NYSE:UVV,0.0
2020-09-04,17,AR1 alpha + Enhanced + One-Step,NYSE:UVV,4.0229785980762884e-08
2020-09-08,17,AR1 alpha + Enhanced + One-Step,NYSE:UVV,2.5820551652791495e-07
2020-09-09,17,AR1 alpha + Enhanced + One-Step,NYSE:UVV,1.2142915963774743e-07
2020-09-10,17,AR1 alpha + Enhanced + One-Step,NYSE:UVV,1.147061864586573e-07
2020-09-11,17,AR1 alpha + Enhanced + One-Step,NYSE:UVV,1.2668623321131725e-07
2020-09-14,17,AR1 alpha + Enhanced + One-Step,NYSE:UVV,1.0106938201061275e-06
2020-09-15,17,AR1 alpha + Enhanced + One-Step,NYSE:UVV,6.958662335057766e-07
2020-09-16,17,AR1 alpha + Enhanced + One-Step,NYSE:UVV,0.0
2020-09-17,17,AR1 alpha + Enhanced + One-Step,NYSE:UVV,0.0
2020-09-18,17,AR1 alpha + Enhanced + One-Step,NYSE:UVV,0.0
2020-09-21,17,AR1 alpha + Enhanced + One-Step,NYSE:UVV,0.0
2020-09-22,17,AR1 alpha + Enhanced + One-Step,NYSE:UVV,0.0
2020-09-23,17,AR1 alpha + Enhanced + One-Step,NYSE:UVV,0.0
2020-09-24,17,AR1 alpha + Enhanced + One-Step,NYSE:UVV,0.0
2020-09-25,17,AR1 alpha + Enhanced + One-Step,NYSE:UVV,0.0
2020-09-28,17,AR1 alpha + Enhanced + One-Step,NYSE:UVV,0.0
2020-09-29,17,AR1 alpha + Enhanced + One-Step,NYSE:UVV,0.0
2020-09-30,17,AR1 alpha + Enhanced + One-Step,NYSE:UVV,0.0
2020-10-01,17,AR1 alpha + Enhanced + One-Step,NYSE:UVV,1.9855212400957056e-07
2020-10-02,17,AR1 alpha + Enhanced + One-Step,NYSE:UVV,2.2507514345463513e-07
2020-10-05,17,AR1 alpha + Enhanced + One-Step,NYSE:UVV,5.524206852745124e-07
2020-10-06,17,AR1 alpha + Enhanced + One-Step,NYSE:UVV,3.263144310437439e-07
2020-10-07,17,AR1 alpha + Enhanced + One-Step,NYSE:UVV,5.715549774860797e-07
2020-10-08,17,AR1 alpha + Enhanced + One-Step,NYSE:UVV,3.8419503851473616e-07
2020-10-09,17,AR1 alpha + Enhanced + One-Step,NYSE:UVV,2.572842947722431e-07
2020-10-12,17,AR1 alpha + Enhanced + One-Step,NYSE:UVV,1.7444406298547184e-07
2020-10-13,17,AR1 alpha + Enhanced + One-Step,NYSE:UVV,3.212688400748534e-07
2020-10-14,17,AR1 alpha + Enhanced + One-Step,NYSE:UVV,0.0
2020-10-15,17,AR1 alpha + Enhanced + One-Step,NYSE:UVV,0.0
2020-10-16,17,AR1 alpha + Enhanced + One-Step,NYSE:UVV,0.0
2020-10-19,17,AR1 alpha + Enhanced + One-Step,NYSE:UVV,0.0
2020-10-20,17,AR1 alpha + Enhanced + One-Step,NYSE:UVV,0.0
2020-10-21,17,AR1 alpha + Enhanced + One-Step,NYSE:UVV,0.0
2020-10-22,17,AR1 alpha + Enhanced + One-Step,NYSE:UVV,0.0
2020-10-23,17,AR1 alpha + Enhanced + One-Step,NYSE:UVV,0.0
2020-10-26,17,AR1 alpha + Enhanced + One-Step,NYSE:UVV,0.0
2020-10-27,17,AR1 alpha + Enhanced + One-Step,NYSE:UVV,5.390128369472757e-07
2020-10-28,17,AR1 alpha + Enhanced + One-Step,NYSE:UVV,5.093690924786498e-07
2020-10-29,17,AR1 alpha + Enhanced + One-Step,NYSE:UVV,9.163678518142954e-07
2020-10-30,17,AR1 alpha + Enhanced + One-Step,NYSE:UVV,6.228506916777154e-07
2020-11-02,17,AR1 alpha + Enhanced + One-Step,NYSE:UVV,1.550727004380454e-06
2020-11-03,17,AR1 alpha + Enhanced + One-Step,NYSE:UVV,7.16208180986e-07
2020-11-04,17,AR1 alpha + Enhanced + One-Step,NYSE:UVV,2.450891605072377e-06
2020-11-05,17,AR1 alpha + Enhanced + One-Step,NYSE:UVV,1.6024467708873457e-06
2020-11-06,17,AR1 alpha + Enhanced + One-Step,NYSE:UVV,9.917969243405388e-07
2020-11-09,17,AR1 alpha + Enhanced + One-Step,NYSE:UVV,6.277857686525759e-07
2020-11-10,17,AR1 alpha + Enhanced + One-Step,NYSE:UVV,1.0076880164255416e-06
2020-11-11,17,AR1 alpha + Enhanced + One-Step,NYSE:UVV,8.659630712558841e-07
2020-11-12,17,AR1 alpha + Enhanced + One-Step,NYSE:UVV,3.9614644842508824e-07
2020-11-13,17,AR1 alpha + Enhanced + One-Step,NYSE:UVV,2.619997363023549e-07
2020-11-16,17,AR1 alpha + Enhanced + One-Step,NYSE:UVV,1.3757127982351147e-07
2020-11-17,17,AR1 alpha + Enhanced + One-Step,NYSE:UVV,0.0
2020-11-18,17,AR1 alpha + Enhanced + One-Step,NYSE:UVV,0.0
2020-11-19,17,AR1 alpha + Enhanced + One-Step,NYSE:UVV,0.0
2020-11-20,17,AR1 alpha + Enhanced + One-Step,NYSE:UVV,0.0
2020-11-23,17,AR1 alpha + Enhanced + One-Step,NYSE:UVV,0.0
2020-11-24,17,AR1 alpha + Enhanced + One-Step,NYSE:UVV,0.0
2020-11-25,17,AR1 alpha + Enhanced + One-Step,NYSE:UVV,0.0
2020-11-27,17,AR1 alpha + Enhanced + One-Step,NYSE:UVV,0.0
2020-11-30,17,AR1 alpha + Enhanced + One-Step,NYSE:UVV,0.0
2020-12-01,17,AR1 alpha + Enhanced + One-Step,NYSE:UVV,2.421488920857103e-07
2020-12-04,17,AR1 alpha + Enhanced + One-Step,NYSE:UVV,1.7241315153682062e-07
2020-12-07,17,AR1 alpha + Enhanced + One-Step,NYSE:UVV,0.0
2020-12-08,17,AR1 alpha + Enhanced + One-Step,NYSE:UVV,1.5167130746930372e-07
2020-12-09,17,AR1 alpha + Enhanced + One-Step,NYSE:UVV,0.0
2020-12-10,17,AR1 alpha + Enhanced + One-Step,NYSE:UVV,1.3103296035454853e-07
2020-12-11,17,AR1 alpha + Enhanced + One-Step,NYSE:UVV,0.0
2020-12-14,17,AR1 alpha + Enhanced + One-Step,NYSE:UVV,0.0
2020-12-15,17,AR1 alpha + Enhanced + One-Step,NYSE:UVV,6.951710764089351e-08
2020-12-16,17,AR1 alpha + Enhanced + One-Step,NYSE:UVV,0.0
2020-12-17,17,AR1 alpha + Enhanced + One-Step,NYSE:UVV,0.0
2020-12-18,17,AR1 alpha + Enhanced + One-Step,NYSE:UVV,1.203908612666245e-06
2020-12-21,17,AR1 alpha + Enhanced + One-Step,NYSE:UVV,1.1832544403028984e-06
2020-12-22,17,AR1 alpha + Enhanced + One-Step,NYSE:UVV,7.55293577628665e-07
2020-12-23,17,AR1 alpha + Enhanced + One-Step,NYSE:UVV,0.0
2020-12-24,17,AR1 alpha + Enhanced + One-Step,NYSE:UVV,0.0
2020-12-28,17,AR1 alpha + Enhanced + One-Step,NYSE:UVV,0.0
2020-12-29,17,AR1 alpha + Enhanced + One-Step,NYSE:UVV,0.0
2020-12-30,17,AR1 alpha + Enhanced + One-Step,NYSE:UVV,0.0
2020-12-31,17,AR1 alpha + Enhanced + One-Step,NYSE:UVV,0.0
2021-01-04,17,AR1 alpha + Enhanced + One-Step,NYSE:UVV,9.695799534208483e-09
2021-01-05,17,AR1 alpha + Enhanced + One-Step,NYSE:UVV,1.4242015623682832e-08
2021-01-06,17,AR1 alpha + Enhanced + One-Step,NYSE:UVV,2.1043146305080096e-09
2021-01-07,17,AR1 alpha + Enhanced + One-Step,NYSE:UVV,0.0
2021-01-08,17,AR1 alpha + Enhanced + One-Step,NYSE:UVV,0.0
2021-01-11,17,AR1 alpha + Enhanced + One-Step,NYSE:UVV,0.0
2021-01-12,17,AR1 alpha + Enhanced + One-Step,NYSE:UVV,0.0
2021-01-13,17,AR1 alpha + Enhanced + One-Step,NYSE:UVV,0.0
2021-01-14,17,AR1 alpha + Enhanced + One-Step,NYSE:UVV,1.5402047493941314e-07
2021-01-15,17,AR1 alpha + Enhanced + One-Step,NYSE:UVV,0.0
2021-01-19,17,AR1 alpha + Enhanced + One-Step,NYSE:UVV,0.0
2021-01-20,17,AR1 alpha + Enhanced + One-Step,NYSE:UVV,2.1768019773010606e-07
2021-01-21,17,AR1 alpha + Enhanced + One-Step,NYSE:UVV,0.0
2021-01-22,17,AR1 alpha + Enhanced + One-Step,NYSE:UVV,0.0
2021-01-25,17,AR1 alpha + Enhanced + One-Step,NYSE:UVV,0.0
2021-01-26,17,AR1 alpha + Enhanced + One-Step,NYSE:UVV,0.0
2021-01-27,17,AR1 alpha + Enhanced + One-Step,NYSE:UVV,3.0453118243669905e-07
2021-01-28,17,AR1 alpha + Enhanced + One-Step,NYSE:UVV,2.0587900830614575e-06
2021-01-29,17,AR1 alpha + Enhanced + One-Step,NYSE:UVV,9.84882894767596e-07
2021-02-01,17,AR1 alpha + Enhanced + One-Step,NYSE:UVV,6.164521486478583e-07
2021-02-02,17,AR1 alpha + Enhanced + One-Step,NYSE:UVV,4.262379792076115e-07
2021-02-03,17,AR1 alpha + Enhanced + One-Step,NYSE:UVV,0.0
2021-02-04,17,AR1 alpha + Enhanced + One-Step,NYSE:UVV,0.0
2021-02-05,17,AR1 alpha + Enhanced + One-Step,NYSE:UVV,0.0
2021-02-08,17,AR1 alpha + Enhanced + One-Step,NYSE:UVV,3.334870557213554e-07
2021-02-09,17,AR1 alpha + Enhanced + One-Step,NYSE:UVV,2.2100049145042737e-08
2021-02-10,17,AR1 alpha + Enhanced + One-Step,NYSE:UVV,6.343896287113459e-07
2021-02-11,17,AR1 alpha + Enhanced + One-Step,NYSE:UVV,5.004283235148052e-07
2021-02-12,17,AR1 alpha + Enhanced + One-Step,NYSE:UVV,3.111201584593323e-07
2021-02-16,17,AR1 alpha + Enhanced + One-Step,NYSE:UVV,1.412407961606138e-07
2021-02-17,17,AR1 alpha + Enhanced + One-Step,NYSE:UVV,0.0
2021-02-18,17,AR1 alpha + Enhanced + One-Step,NYSE:UVV,9.165920205183154e-08
2021-02-19,17,AR1 alpha + Enhanced + One-Step,NYSE:UVV,0.0
2021-02-22,17,AR1 alpha + Enhanced + One-Step,NYSE:UVV,8.748873919058199e-07
2021-02-23,17,AR1 alpha + Enhanced + One-Step,NYSE:UVV,2.547073600233673e-06
2021-02-24,17,AR1 alpha + Enhanced + One-Step,NYSE:UVV,1.949798771265093e-06
2021-02-25,17,AR1 alpha + Enhanced + One-Step,NYSE:UVV,0.0
2021-02-26,17,AR1 alpha + Enhanced + One-Step,NYSE:UVV,5.383083535625791e-07
2021-03-01,17,AR1 alpha + Enhanced + One-Step,NYSE:UVV,5.229435361348492e-07
2021-03-02,17,AR1 alpha + Enhanced + One-Step,NYSE:UVV,3.567099155837909e-07
2021-03-03,17,AR1 alpha + Enhanced + One-Step,NYSE:UVV,1.703594646496206e-07
2021-03-04,17,AR1 alpha + Enhanced + One-Step,NYSE:UVV,1.2160507404854747e-07
2021-03-05,17,AR1 alpha + Enhanced + One-Step,NYSE:UVV,0.0
2021-03-08,17,AR1 alpha + Enhanced + One-Step,NYSE:UVV,7.259442255973286e-09
2021-03-09,17,AR1 alpha + Enhanced + One-Step,NYSE:UVV,0.0
2021-03-10,17,AR1 alpha + Enhanced + One-Step,NYSE:UVV,1.2928409236964182e-06
2021-03-11,17,AR1 alpha + Enhanced + One-Step,NYSE:UVV,9.514985811792108e-08
2021-03-12,17,AR1 alpha + Enhanced + One-Step,NYSE:UVV,3.685822195283504e-08
2021-03-15,17,AR1 alpha + Enhanced + One-Step,NYSE:UVV,2.039516461406884e-06
2021-03-16,17,AR1 alpha + Enhanced + One-Step,NYSE:UVV,1.534318902365676e-06
2021-03-17,17,AR1 alpha + Enhanced + One-Step,NYSE:UVV,4.1683027497998863e-07
2021-03-18,17,AR1 alpha + Enhanced + One-Step,NYSE:UVV,4.508754807123641e-07
2021-03-19,17,AR1 alpha + Enhanced + One-Step,NYSE:UVV,1.158063988287349e-09
2021-03-22,17,AR1 alpha + Enhanced + One-Step,NYSE:UVV,2.53970221672977e-07
2021-03-23,17,AR1 alpha + Enhanced + One-Step,NYSE:UVV,1.505490570820863e-06
2021-03-24,17,AR1 alpha + Enhanced + One-Step,NYSE:UVV,1.0073079069695206e-06
2021-03-25,17,AR1 alpha + Enhanced + One-Step,NYSE:UVV,8.375592714895699e-07
2021-03-26,17,AR1 alpha + Enhanced + One-Step,NYSE:UVV,8.183104346464215e-07
2021-03-29,17,AR1 alpha + Enhanced + One-Step,NYSE:UVV,7.614302731451686e-07
2021-03-30,17,AR1 alpha + Enhanced + One-Step,NYSE:UVV,7.669445664756527e-10
2021-03-31,17,AR1 alpha + Enhanced + One-Step,NYSE:UVV,0.0
2021-04-01,17,AR1 alpha + Enhanced + One-Step,NYSE:UVV,7.595233109155911e-07
2021-04-05,17,AR1 alpha + Enhanced + One-Step,NYSE:UVV,7.214494579169488e-07
2021-04-06,17,AR1 alpha + Enhanced + One-Step,NYSE:UVV,5.327369133191245e-07
2021-04-07,17,AR1 alpha + Enhanced + One-Step,NYSE:UVV,0.0
2021-04-08,17,AR1 alpha + Enhanced + One-Step,NYSE:UVV,0.0
2021-04-09,17,AR1 alpha + Enhanced + One-Step,NYSE:UVV,0.0
2021-04-12,17,AR1 alpha + Enhanced + One-Step,NYSE:UVV,0.0
2021-04-13,17,AR1 alpha + Enhanced + One-Step,NYSE:UVV,0.0
2021-04-14,17,AR1 alpha + Enhanced + One-Step,NYSE:UVV,0.0
2021-04-15,17,AR1 alpha + Enhanced + One-Step,NYSE:UVV,7.459355184018868e-07
2021-04-16,17,AR1 alpha + Enhanced + One-Step,NYSE:UVV,5.366299930977453e-07
2021-04-19,17,AR1 alpha + Enhanced + One-Step,NYSE:UVV,2.1647911459846444e-07
2021-04-20,17,AR1 alpha + Enhanced + One-Step,NYSE:UVV,0.0
2021-04-21,17,AR1 alpha + Enhanced + One-Step,NYSE:UVV,0.0
2021-04-22,17,AR1 alpha + Enhanced + One-Step,NYSE:UVV,0.0
2021-04-23,17,AR1 alpha + Enhanced + One-Step,NYSE:UVV,0.0
2021-04-26,17,AR1 alpha + Enhanced + One-Step,NYSE:UVV,0.0
2021-04-27,17,AR1 alpha + Enhanced + One-Step,NYSE:UVV,0.0
2021-04-28,17,AR1 alpha + Enhanced + One-Step,NYSE:UVV,0.0
2021-04-29,17,AR1 alpha + Enhanced + One-Step,NYSE:UVV,0.0
2021-04-30,17,AR1 alpha + Enhanced + One-Step,NYSE:UVV,0.0
2021-05-03,17,AR1 alpha + Enhanced + One-Step,NYSE:UVV,4.136074639182188e-06
2021-05-04,17,AR1 alpha + Enhanced + One-Step,NYSE:UVV,2.678123202205435e-06
2021-05-05,17,AR1 alpha + Enhanced + One-Step,NYSE:UVV,1.789980557140483e-06
2021-05-06,17,AR1 alpha + Enhanced + One-Step,NYSE:UVV,2.607528211437809e-06
2021-05-07,17,AR1 alpha + Enhanced + One-Step,NYSE:UVV,1.7708325624356811e-06
2021-05-10,17,AR1 alpha + Enhanced + One-Step,NYSE:UVV,1.487643309435841e-06
2021-05-11,17,AR1 alpha + Enhanced + One-Step,NYSE:UVV,1.1097006318417735e-06
2021-05-12,17,AR1 alpha + Enhanced + One-Step,NYSE:UVV,7.1624922358752e-07
2021-05-13,17,AR1 alpha + Enhanced + One-Step,NYSE:UVV,0.0
2021-05-14,17,AR1 alpha + Enhanced + One-Step,NYSE:UVV,1.5779148920603955e-08
2021-05-17,17,AR1 alpha + Enhanced + One-Step,NYSE:UVV,0.0
2021-05-18,17,AR1 alpha + Enhanced + One-Step,NYSE:UVV,5.568674001668646e-07
2021-05-19,17,AR1 alpha + Enhanced + One-Step,NYSE:UVV,1.4493028983434017e-06
2021-05-20,17,AR1 alpha + Enhanced + One-Step,NYSE:UVV,1.130212197798449e-06
2021-05-21,17,AR1 alpha + Enhanced + One-Step,NYSE:UVV,9.083610054683742e-07
2021-05-24,17,AR1 alpha + Enhanced + One-Step,NYSE:UVV,0.0
2021-05-25,17,AR1 alpha + Enhanced + One-Step,NYSE:UVV,0.0
2021-05-26,17,AR1 alpha + Enhanced + One-Step,NYSE:UVV,0.0
2021-05-27,17,AR1 alpha + Enhanced + One-Step,NYSE:UVV,0.0
2021-05-28,17,AR1 alpha + Enhanced + One-Step,NYSE:UVV,0.0
2021-06-01,17,AR1 alpha + Enhanced + One-Step,NYSE:UVV,0.0
2021-06-02,17,AR1 alpha + Enhanced + One-Step,NYSE:UVV,0.0
2021-06-03,17,AR1 alpha + Enhanced + One-Step,NYSE:UVV,0.0
2021-06-04,17,AR1 alpha + Enhanced + One-Step,NYSE:UVV,0.0
2021-06-07,17,AR1 alpha + Enhanced + One-Step,NYSE:UVV,0.0
2021-06-08,17,AR1 alpha + Enhanced + One-Step,NYSE:UVV,0.0
2021-06-09,17,AR1 alpha + Enhanced + One-Step,NYSE:UVV,0.0
2021-06-10,17,AR1 alpha + Enhanced + One-Step,NYSE:UVV,0.0
2021-06-11,17,AR1 alpha + Enhanced + One-Step,NYSE:UVV,0.0
2021-06-14,17,AR1 alpha + Enhanced + One-Step,NYSE:UVV,0.0
2021-06-15,17,AR1 alpha + Enhanced + One-Step,NYSE:UVV,0.0
2021-06-16,17,AR1 alpha + Enhanced + One-Step,NYSE:UVV,0.0
2021-06-17,17,AR1 alpha + Enhanced + One-Step,NYSE:UVV,0.0
2021-06-18,17,AR1 alpha + Enhanced + One-Step,NYSE:UVV,0.0
2021-06-21,17,AR1 alpha + Enhanced + One-Step,NYSE:UVV,1.0319048134022172e-06
2021-06-22,17,AR1 alpha + Enhanced + One-Step,NYSE:UVV,0.0
2021-06-23,17,AR1 alpha + Enhanced + One-Step,NYSE:UVV,0.0
2021-06-24,17,AR1 alpha + Enhanced + One-Step,NYSE:UVV,1.6725618916739475e-06
2021-06-25,17,AR1 alpha + Enhanced + One-Step,NYSE:UVV,1.977890995166312e-06
2021-06-28,17,AR1 alpha + Enhanced + One-Step,NYSE:UVV,1.245027500546445e-06
2021-06-29,17,AR1 alpha + Enhanced + One-Step,NYSE:UVV,1.675459980445497e-08
2021-06-30,17,AR1 alpha + Enhanced + One-Step,NYSE:UVV,0.0
2021-07-01,17,AR1 alpha + Enhanced + One-Step,NYSE:UVV,0.0
2021-07-02,17,AR1 alpha + Enhanced + One-Step,NYSE:UVV,0.0
2021-07-06,17,AR1 alpha + Enhanced + One-Step,NYSE:UVV,0.0
2021-07-07,17,AR1 alpha + Enhanced + One-Step,NYSE:UVV,9.99601704937983e-07
2021-07-08,17,AR1 alpha + Enhanced + One-Step,NYSE:UVV,5.408559973134267e-07
2021-07-09,17,AR1 alpha + Enhanced + One-Step,NYSE:UVV,0.0
2021-07-12,17,AR1 alpha + Enhanced + One-Step,NYSE:UVV,0.0
2021-07-13,17,AR1 alpha + Enhanced + One-Step,NYSE:UVV,0.0
2021-07-14,17,AR1 alpha + Enhanced + One-Step,NYSE:UVV,0.0
2021-07-15,17,AR1 alpha + Enhanced + One-Step,NYSE:UVV,0.0
2021-07-16,17,AR1 alpha + Enhanced + One-Step,NYSE:UVV,0.0
2021-07-19,17,AR1 alpha + Enhanced + One-Step,NYSE:UVV,0.0
2021-07-20,17,AR1 alpha + Enhanced + One-Step,NYSE:UVV,0.0
2021-07-21,17,AR1 alpha + Enhanced + One-Step,NYSE:UVV,2.8363938138110336e-07
2021-07-22,17,AR1 alpha + Enhanced + One-Step,NYSE:UVV,0.0
2021-07-23,17,AR1 alpha + Enhanced + One-Step,NYSE:UVV,0.0
2021-07-26,17,AR1 alpha + Enhanced + One-Step,NYSE:UVV,0.0
2021-07-27,17,AR1 alpha + Enhanced + One-Step,NYSE:UVV,0.0
2021-07-28,17,AR1 alpha + Enhanced + One-Step,NYSE:UVV,0.0
2021-07-29,17,AR1 alpha + Enhanced + One-Step,NYSE:UVV,0.0
2021-07-30,17,AR1 alpha + Enhanced + One-Step,NYSE:UVV,0.0
2021-08-02,17,AR1 alpha + Enhanced + One-Step,NYSE:UVV,0.0
2021-08-03,17,AR1 alpha + Enhanced + One-Step,NYSE:UVV,0.0
2021-08-04,17,AR1 alpha + Enhanced + One-Step,NYSE:UVV,0.0
2021-08-05,17,AR1 alpha + Enhanced + One-Step,NYSE:UVV,0.0
2021-08-06,17,AR1 alpha + Enhanced + One-Step,NYSE:UVV,0.0
2021-08-09,17,AR1 alpha + Enhanced + One-Step,NYSE:UVV,0.0
2021-08-10,17,AR1 alpha + Enhanced + One-Step,NYSE:UVV,0.0
2021-08-11,17,AR1 alpha + Enhanced + One-Step,NYSE:UVV,0.0
2021-08-12,17,AR1 alpha + Enhanced + One-Step,NYSE:UVV,0.0
2021-08-13,17,AR1 alpha + Enhanced + One-Step,NYSE:UVV,1.3852187432935745e-07
2021-08-16,17,AR1 alpha + Enhanced + One-Step,NYSE:UVV,1.2956052006122318e-06
2021-08-17,17,AR1 alpha + Enhanced + One-Step,NYSE:UVV,1.1973350567487793e-06
2021-08-18,17,AR1 alpha + Enhanced + One-Step,NYSE:UVV,1.1238571065659586e-06
2021-08-19,17,AR1 alpha + Enhanced + One-Step,NYSE:UVV,2.700242337779807e-06
2021-08-20,17,AR1 alpha + Enhanced + One-Step,NYSE:UVV,0.0
2021-08-23,17,AR1 alpha + Enhanced + One-Step,NYSE:UVV,0.0
2021-08-24,17,AR1 alpha + Enhanced + One-Step,NYSE:UVV,9.609942988554865e-08
2021-08-25,17,AR1 alpha + Enhanced + One-Step,NYSE:UVV,8.775530751182654e-08
2021-08-26,17,AR1 alpha + Enhanced + One-Step,NYSE:UVV,0.0
2021-08-27,17,AR1 alpha + Enhanced + One-Step,NYSE:UVV,0.0
2021-08-30,17,AR1 alpha + Enhanced + One-Step,NYSE:UVV,0.0
2021-08-31,17,AR1 alpha + Enhanced + One-Step,NYSE:UVV,7.21589383663734e-09
2021-09-01,17,AR1 alpha + Enhanced + One-Step,NYSE:UVV,0.0
2021-09-02,17,AR1 alpha + Enhanced + One-Step,NYSE:UVV,0.0
2021-09-03,17,AR1 alpha + Enhanced + One-Step,NYSE:UVV,0.0
2021-09-07,17,AR1 alpha + Enhanced + One-Step,NYSE:UVV,0.0
2021-09-08,17,AR1 alpha + Enhanced + One-Step,NYSE:UVV,0.0
2021-09-09,17,AR1 alpha + Enhanced + One-Step,NYSE:UVV,0.0
2021-09-10,17,AR1 alpha + Enhanced + One-Step,NYSE:UVV,0.0
2021-09-13,17,AR1 alpha + Enhanced + One-Step,NYSE:UVV,4.3868846877684094e-07
2021-09-14,17,AR1 alpha + Enhanced + One-Step,NYSE:UVV,0.0
2021-09-15,17,AR1 alpha + Enhanced + One-Step,NYSE:UVV,0.0
2021-09-16,17,AR1 alpha + Enhanced + One-Step,NYSE:UVV,0.0
2021-09-17,17,AR1 alpha + Enhanced + One-Step,NYSE:UVV,0.0
2021-09-20,17,AR1 alpha + Enhanced + One-Step,NYSE:UVV,0.0
2021-09-21,17,AR1 alpha + Enhanced + One-Step,NYSE:UVV,0.0
2021-09-22,17,AR1 alpha + Enhanced + One-Step,NYSE:UVV,0.0
2021-09-23,17,AR1 alpha + Enhanced + One-Step,NYSE:UVV,5.767513318051478e-07
2021-09-24,17,AR1 alpha + Enhanced + One-Step,NYSE:UVV,0.0
2021-09-27,17,AR1 alpha + Enhanced + One-Step,NYSE:UVV,8.16086947787708e-09
2021-09-28,17,AR1 alpha + Enhanced + One-Step,NYSE:UVV,0.0
2021-09-29,17,AR1 alpha + Enhanced + One-Step,NYSE:UVV,4.4824076462125146e-07
2021-09-30,17,AR1 alpha + Enhanced + One-Step,NYSE:UVV,2.806859588326041e-07
2021-10-01,17,AR1 alpha + Enhanced + One-Step,NYSE:UVV,2.0934496594886246e-07
2021-10-04,17,AR1 alpha + Enhanced + One-Step,NYSE:UVV,1.679021807646413e-07
2021-10-05,17,AR1 alpha + Enhanced + One-Step,NYSE:UVV,0.0
2021-10-06,17,AR1 alpha + Enhanced + One-Step,NYSE:UVV,0.0
2021-10-07,17,AR1 alpha + Enhanced + One-Step,NYSE:UVV,0.0
2021-10-08,17,AR1 alpha + Enhanced + One-Step,NYSE:UVV,0.0
2021-10-11,17,AR1 alpha + Enhanced + One-Step,NYSE:UVV,0.0
2021-10-12,17,AR1 alpha + Enhanced + One-Step,NYSE:UVV,1.9105750297564345e-07
2021-10-13,17,AR1 alpha + Enhanced + One-Step,NYSE:UVV,1.6121096413848285e-07
2021-10-14,17,AR1 alpha + Enhanced + One-Step,NYSE:UVV,0.0
2021-10-15,17,AR1 alpha + Enhanced + One-Step,NYSE:UVV,0.0
2021-10-18,17,AR1 alpha + Enhanced + One-Step,NYSE:UVV,0.0
2021-10-19,17,AR1 alpha + Enhanced + One-Step,NYSE:UVV,0.0
2021-10-20,17,AR1 alpha + Enhanced + One-Step,NYSE:UVV,1.7846686913356956e-07
2021-10-21,17,AR1 alpha + Enhanced + One-Step,NYSE:UVV,1.1489980531717454e-07
2021-10-22,17,AR1 alpha + Enhanced + One-Step,NYSE:UVV,0.0
2021-10-25,17,AR1 alpha + Enhanced + One-Step,NYSE:UVV,0.0
2021-10-26,17,AR1 alpha + Enhanced + One-Step,NYSE:UVV,0.0
2021-10-27,17,AR1 alpha + Enhanced + One-Step,NYSE:UVV,8.498435575023867e-08
2021-10-28,17,AR1 alpha + Enhanced + One-Step,NYSE:UVV,1.6331847139550395e-07
2021-10-29,17,AR1 alpha + Enhanced + One-Step,NYSE:UVV,0.0
2021-11-01,17,AR1 alpha + Enhanced + One-Step,NYSE:UVV,0.0
2021-11-02,17,AR1 alpha + Enhanced + One-Step,NYSE:UVV,0.0
2021-11-03,17,AR1 alpha + Enhanced + One-Step,NYSE:UVV,8.516337694931897e-07
2021-11-04,17,AR1 alpha + Enhanced + One-Step,NYSE:UVV,3.6030415175190415e-07
2021-11-05,17,AR1 alpha + Enhanced + One-Step,NYSE:UVV,1.4324961874725337e-07
2021-11-08,17,AR1 alpha + Enhanced + One-Step,NYSE:UVV,7.981057815773312e-08
2021-11-09,17,AR1 alpha + Enhanced + One-Step,NYSE:UVV,9.182199754664796e-08
2021-11-10,17,AR1 alpha + Enhanced + One-Step,NYSE:UVV,1.144504089318724e-06
2021-11-11,17,AR1 alpha + Enhanced + One-Step,NYSE:UVV,8.0064653404438e-07
2021-11-12,17,AR1 alpha + Enhanced + One-Step,NYSE:UVV,7.006647421575112e-07
2021-11-15,17,AR1 alpha + Enhanced + One-Step,NYSE:UVV,9.69561288742757e-07
2021-11-16,17,AR1 alpha + Enhanced + One-Step,NYSE:UVV,0.0
2021-11-17,17,AR1 alpha + Enhanced + One-Step,NYSE:UVV,0.0
2021-11-18,17,AR1 alpha + Enhanced + One-Step,NYSE:UVV,0.0
2021-11-19,17,AR1 alpha + Enhanced + One-Step,NYSE:UVV,2.648331638958282e-07
2021-11-22,17,AR1 alpha + Enhanced + One-Step,NYSE:UVV,3.9765803014460777e-07
2021-11-23,17,AR1 alpha + Enhanced + One-Step,NYSE:UVV,0.0
2021-11-24,17,AR1 alpha + Enhanced + One-Step,NYSE:UVV,0.0
2021-11-26,17,AR1 alpha + Enhanced + One-Step,NYSE:UVV,0.0
2021-11-29,17,AR1 alpha + Enhanced + One-Step,NYSE:UVV,0.0
2021-11-30,17,AR1 alpha + Enhanced + One-Step,NYSE:UVV,0.0
2021-12-01,17,AR1 alpha + Enhanced + One-Step,NYSE:UVV,0.0
2021-12-02,17,AR1 alpha + Enhanced + One-Step,NYSE:UVV,0.0
2021-12-03,17,AR1 alpha + Enhanced + One-Step,NYSE:UVV,0.0
2021-12-06,17,AR1 alpha + Enhanced + One-Step,NYSE:UVV,0.0
2021-12-07,17,AR1 alpha + Enhanced + One-Step,NYSE:UVV,0.0
2021-12-08,17,AR1 alpha + Enhanced + One-Step,NYSE:UVV,0.0
2021-12-09,17,AR1 alpha + Enhanced + One-Step,NYSE:UVV,0.0
2021-12-10,17,AR1 alpha + Enhanced + One-Step,NYSE:UVV,0.0
2021-12-13,17,AR1 alpha + Enhanced + One-Step,NYSE:UVV,0.0
2021-12-14,17,AR1 alpha + Enhanced + One-Step,NYSE:UVV,0.0
2021-12-15,17,AR1 alpha + Enhanced + One-Step,NYSE:UVV,3.3196598427926424e-07
2021-12-16,17,AR1 alpha + Enhanced + One-Step,NYSE:UVV,3.199709781626482e-07
2021-12-17,17,AR1 alpha + Enhanced + One-Step,NYSE:UVV,9.596231063792151e-08
2021-12-20,17,AR1 alpha + Enhanced + One-Step,NYSE:UVV,0.0
2021-12-21,17,AR1 alpha + Enhanced + One-Step,NYSE:UVV,1.3136425141792433e-07
2021-12-22,17,AR1 alpha + Enhanced + One-Step,NYSE:UVV,1.0507581817311392e-07
2021-12-23,17,AR1 alpha + Enhanced + One-Step,NYSE:UVV,2.9366476548784786e-07
2021-12-27,17,AR1 alpha + Enhanced + One-Step,NYSE:UVV,3.5347677130160535e-07
2021-12-28,17,AR1 alpha + Enhanced + One-Step,NYSE:UVV,2.916489681848447e-07
2021-12-29,17,AR1 alpha + Enhanced + One-Step,NYSE:UVV,2.9868611880734896e-07
2021-12-30,17,AR1 alpha + Enhanced + One-Step,NYSE:UVV,2.9921299188812727e-07
2021-12-31,17,AR1 alpha + Enhanced + One-Step,NYSE:UVV,1.81936499067639e-07
2022-01-03,17,AR1 alpha + Enhanced + One-Step,NYSE:UVV,1.9812056995467514e-07
2022-01-04,17,AR1 alpha + Enhanced + One-Step,NYSE:UVV,1.889772610094437e-07
2022-01-05,17,AR1 alpha + Enhanced + One-Step,NYSE:UVV,1.3174190642684017e-07
2022-01-06,17,AR1 alpha + Enhanced + One-Step,NYSE:UVV,1.036542260267846e-07
2022-01-07,17,AR1 alpha + Enhanced + One-Step,NYSE:UVV,0.0
2022-01-10,17,AR1 alpha + Enhanced + One-Step,NYSE:UVV,0.0
2022-01-11,17,AR1 alpha + Enhanced + One-Step,NYSE:UVV,0.0
2022-01-12,17,AR1 alpha + Enhanced + One-Step,NYSE:UVV,0.0
2022-01-13,17,AR1 alpha + Enhanced + One-Step,NYSE:UVV,0.0
2022-01-14,17,AR1 alpha + Enhanced + One-Step,NYSE:UVV,0.0
2022-01-18,17,AR1 alpha + Enhanced + One-Step,NYSE:UVV,1.7498049854204497e-07
2022-01-19,17,AR1 alpha + Enhanced + One-Step,NYSE:UVV,0.0
2022-01-20,17,AR1 alpha + Enhanced + One-Step,NYSE:UVV,5.059208369297839e-08
2022-01-21,17,AR1 alpha + Enhanced + One-Step,NYSE:UVV,0.0
2022-01-24,17,AR1 alpha + Enhanced + One-Step,NYSE:UVV,0.0
2022-01-25,17,AR1 alpha + Enhanced + One-Step,NYSE:UVV,6.601192153372754e-08
2022-01-26,17,AR1 alpha + Enhanced + One-Step,NYSE:UVV,1.4579061838304466e-07
2022-01-27,17,AR1 alpha + Enhanced + One-Step,NYSE:UVV,0.0
2022-01-28,17,AR1 alpha + Enhanced + One-Step,NYSE:UVV,1.1988833905080589e-08
2022-01-31,17,AR1 alpha + Enhanced + One-Step,NYSE:UVV,2.820581779307753e-07
2022-02-01,17,AR1 alpha + Enhanced + One-Step,NYSE:UVV,0.007441005121189862
2022-02-02,17,AR1 alpha + Enhanced + One-Step,NYSE:UVV,0.01361899366886354
2022-02-03,17,AR1 alpha + Enhanced + One-Step,NYSE:UVV,0.03866305040641996
2022-02-04,17,AR1 alpha + Enhanced + One-Step,NYSE:UVV,0.06369494298933673
2022-02-07,17,AR1 alpha + Enhanced + One-Step,NYSE:UVV,0.08436704932776438
2022-02-08,17,AR1 alpha + Enhanced + One-Step,NYSE:UVV,0.08436706189757703
2022-02-09,17,AR1 alpha + Enhanced + One-Step,NYSE:UVV,0.08436712828605579
2022-02-10,17,AR1 alpha + Enhanced + One-Step,NYSE:UVV,0.08436712366133134
2022-02-11,17,AR1 alpha + Enhanced + One-Step,NYSE:UVV,0.08436766900241865
2022-02-14,17,AR1 alpha + Enhanced + One-Step,NYSE:UVV,0.08436751641082224
2022-02-15,17,AR1 alpha + Enhanced + One-Step,NYSE:UVV,0.08436753848432671
2022-02-16,17,AR1 alpha + Enhanced + One-Step,NYSE:UVV,0.0843659724028744
2022-02-17,17,AR1 alpha + Enhanced + One-Step,NYSE:UVV,0.08436400071637461
2022-02-18,17,AR1 alpha + Enhanced + One-Step,NYSE:UVV,0.07662177611222262
2022-02-22,17,AR1 alpha + Enhanced + One-Step,NYSE:UVV,0.0766217478886802
2022-02-23,17,AR1 alpha + Enhanced + One-Step,NYSE:UVV,0.07662174917144157
2022-02-24,17,AR1 alpha + Enhanced + One-Step,NYSE:UVV,0.07662069052203797
2022-02-25,17,AR1 alpha + Enhanced + One-Step,NYSE:UVV,0.07662078962094067
2022-02-28,17,AR1 alpha + Enhanced + One-Step,NYSE:UVV,0.07662081789577724
2022-03-01,17,AR1 alpha + Enhanced + One-Step,NYSE:UVV,0.07662099619486802
2022-03-02,17,AR1 alpha + Enhanced + One-Step,NYSE:UVV,0.0766208748614833
2022-03-03,17,AR1 alpha + Enhanced + One-Step,NYSE:UVV,0.07662084623350396
2022-03-04,17,AR1 alpha + Enhanced + One-Step,NYSE:UVV,0.07661939332977674
2022-03-07,17,AR1 alpha + Enhanced + One-Step,NYSE:UVV,0.07662088879663229
2022-03-08,17,AR1 alpha + Enhanced + One-Step,NYSE:UVV,0.07662089386907432
2022-03-09,17,AR1 alpha + Enhanced + One-Step,NYSE:UVV,0.07661973999139989
2022-03-10,17,AR1 alpha + Enhanced + One-Step,NYSE:UVV,0.07661983514468941
2022-03-11,17,AR1 alpha + Enhanced + One-Step,NYSE:UVV,0.0766186963876903
2022-03-14,17,AR1 alpha + Enhanced + One-Step,NYSE:UVV,0.07661637540483525
2022-03-15,17,AR1 alpha + Enhanced + One-Step,NYSE:UVV,0.0766148624553888
2022-03-16,17,AR1 alpha + Enhanced + One-Step,NYSE:UVV,0.07661486375783352
2022-03-17,17,AR1 alpha + Enhanced + One-Step,NYSE:UVV,0.07661492782936861
2022-03-18,17,AR1 alpha + Enhanced + One-Step,NYSE:UVV,0.07661488156232633
2022-03-21,17,AR1 alpha + Enhanced + One-Step,NYSE:UVV,0.0766150907569694
2022-03-22,17,AR1 alpha + Enhanced + One-Step,NYSE:UVV,0.06967723578525466
2022-03-23,17,AR1 alpha + Enhanced + One-Step,NYSE:UVV,0.05795958935199225
2022-03-24,17,AR1 alpha + Enhanced + One-Step,NYSE:UVV,0.04072921542188141
2022-03-25,17,AR1 alpha + Enhanced + One-Step,NYSE:UVV,0.027129092193250375
2022-03-28,17,AR1 alpha + Enhanced + One-Step,NYSE:UVV,0.01670146706213938
2022-03-29,17,AR1 alpha + Enhanced + One-Step,NYSE:UVV,0.016700495949781725
2022-03-30,17,AR1 alpha + Enhanced + One-Step,NYSE:UVV,0.0029698720267360944
2022-03-31,17,AR1 alpha + Enhanced + One-Step,NYSE:UVV,3.755516020826184e-09
2022-04-01,17,AR1 alpha + Enhanced + One-Step,NYSE:UVV,0.0
2022-04-04,17,AR1 alpha + Enhanced + One-Step,NYSE:UVV,0.0
2022-04-05,17,AR1 alpha + Enhanced + One-Step,NYSE:UVV,0.0
2022-04-06,17,AR1 alpha + Enhanced + One-Step,NYSE:UVV,0.0
2022-04-07,17,AR1 alpha + Enhanced + One-Step,NYSE:UVV,0.0
2022-04-08,17,AR1 alpha + Enhanced + One-Step,NYSE:UVV,1.1787985729957721e-07
2022-04-11,17,AR1 alpha + Enhanced + One-Step,NYSE:UVV,0.0
2022-04-12,17,AR1 alpha + Enhanced + One-Step,NYSE:UVV,0.0
2022-04-13,17,AR1 alpha + Enhanced + One-Step,NYSE:UVV,4.972940769916711e-08
2022-04-14,17,AR1 alpha + Enhanced + One-Step,NYSE:UVV,0.0
2022-04-18,17,AR1 alpha + Enhanced + One-Step,NYSE:UVV,0.0
2022-04-19,17,AR1 alpha + Enhanced + One-Step,NYSE:UVV,0.0
2022-04-20,17,AR1 alpha + Enhanced + One-Step,NYSE:UVV,0.0
2022-04-21,17,AR1 alpha + Enhanced + One-Step,NYSE:UVV,5.698605130666496e-08
2022-04-22,17,AR1 alpha + Enhanced + One-Step,NYSE:UVV,0.0
2022-04-25,17,AR1 alpha + Enhanced + One-Step,NYSE:UVV,0.0
2022-04-26,17,AR1 alpha + Enhanced + One-Step,NYSE:UVV,1.0641733237169073e-07
2022-04-27,17,AR1 alpha + Enhanced + One-Step,NYSE:UVV,1.1198475428529915e-07
2022-04-28,17,AR1 alpha + Enhanced + One-Step,NYSE:UVV,0.013055154497923232
2022-04-29,17,AR1 alpha + Enhanced + One-Step,NYSE:UVV,0.013054446785475578
2022-05-02,17,AR1 alpha + Enhanced + One-Step,NYSE:UVV,0.022856053245019044
2022-05-03,17,AR1 alpha + Enhanced + One-Step,NYSE:UVV,0.02285584792804901
2022-05-04,17,AR1 alpha + Enhanced + One-Step,NYSE:UVV,0.023484479711512064
2022-05-05,17,AR1 alpha + Enhanced + One-Step,NYSE:UVV,0.02430614976503592
2022-05-06,17,AR1 alpha + Enhanced + One-Step,NYSE:UVV,0.02430452627845299
2022-05-09,17,AR1 alpha + Enhanced + One-Step,NYSE:UVV,0.024304689967651127
2022-05-10,17,AR1 alpha + Enhanced + One-Step,NYSE:UVV,0.024301267046805797
2022-05-11,17,AR1 alpha + Enhanced + One-Step,NYSE:UVV,0.024300830743625042
2022-05-12,17,AR1 alpha + Enhanced + One-Step,NYSE:UVV,0.02429724128802466
2022-05-13,17,AR1 alpha + Enhanced + One-Step,NYSE:UVV,0.02429476947732253
2022-05-16,17,AR1 alpha + Enhanced + One-Step,NYSE:UVV,0.024294222088338445
2022-05-17,17,AR1 alpha + Enhanced + One-Step,NYSE:UVV,0.02473338116111657
2022-05-18,17,AR1 alpha + Enhanced + One-Step,NYSE:UVV,0.024733238512849462
2022-05-19,17,AR1 alpha + Enhanced + One-Step,NYSE:UVV,0.02473304955007706
2022-05-20,17,AR1 alpha + Enhanced + One-Step,NYSE:UVV,0.0247330572092698
2022-05-23,17,AR1 alpha + Enhanced + One-Step,NYSE:UVV,0.030251855602225677
2022-05-24,17,AR1 alpha + Enhanced + One-Step,NYSE:UVV,0.03025108649449071
2022-05-25,17,AR1 alpha + Enhanced + One-Step,NYSE:UVV,0.0347359127772481
2022-05-26,17,AR1 alpha + Enhanced + One-Step,NYSE:UVV,0.03866347810132355
2022-05-27,17,AR1 alpha + Enhanced + One-Step,NYSE:UVV,0.038661924392264964
2022-05-31,17,AR1 alpha + Enhanced + One-Step,NYSE:UVV,0.061790146600066306
2022-06-01,17,AR1 alpha + Enhanced + One-Step,NYSE:UVV,0.08682848118922021
2022-06-02,17,AR1 alpha + Enhanced + One-Step,NYSE:UVV,0.10000082596659912
2022-06-03,17,AR1 alpha + Enhanced + One-Step,NYSE:UVV,0.0999995031128816
2022-06-06,17,AR1 alpha + Enhanced + One-Step,NYSE:UVV,0.09999809146254875
2022-06-07,17,AR1 alpha + Enhanced + One-Step,NYSE:UVV,0.09999669613700911
2022-06-08,17,AR1 alpha + Enhanced + One-Step,NYSE:UVV,0.09999632776720116
2022-06-09,17,AR1 alpha + Enhanced + One-Step,NYSE:UVV,0.09220457726678671
2022-06-10,17,AR1 alpha + Enhanced + One-Step,NYSE:UVV,0.08635806311654184
2022-06-13,17,AR1 alpha + Enhanced + One-Step,NYSE:UVV,0.061358476540614236
2022-06-14,17,AR1 alpha + Enhanced + One-Step,NYSE:UVV,0.03818265381851663
2022-06-15,17,AR1 alpha + Enhanced + One-Step,NYSE:UVV,0.038181434898824806
2022-06-16,17,AR1 alpha + Enhanced + One-Step,NYSE:UVV,0.02477416874445599
2022-06-17,17,AR1 alpha + Enhanced + One-Step,NYSE:UVV,0.024773735765611135
2022-06-21,17,AR1 alpha + Enhanced + One-Step,NYSE:UVV,0.048650362829797594
2022-06-22,17,AR1 alpha + Enhanced + One-Step,NYSE:UVV,0.06097670296259337
2022-06-23,17,AR1 alpha + Enhanced + One-Step,NYSE:UVV,0.06610595859554082
2022-06-24,17,AR1 alpha + Enhanced + One-Step,NYSE:UVV,0.08778408133993774
2022-06-27,17,AR1 alpha + Enhanced + One-Step,NYSE:UVV,0.08778447191691349
2022-06-28,17,AR1 alpha + Enhanced + One-Step,NYSE:UVV,0.08778445739035062
2022-06-29,17,AR1 alpha + Enhanced + One-Step,NYSE:UVV,0.08825909943959648
2022-06-30,17,AR1 alpha + Enhanced + One-Step,NYSE:UVV,0.09999920236182398
2022-07-01,17,AR1 alpha + Enhanced + One-Step,NYSE:UVV,0.09999920295207422
2022-07-05,17,AR1 alpha + Enhanced + One-Step,NYSE:UVV,0.0999993768861585
2022-07-06,17,AR1 alpha + Enhanced + One-Step,NYSE:UVV,0.09999873617009493
2022-07-07,17,AR1 alpha + Enhanced + One-Step,NYSE:UVV,0.09999803166945541
2022-07-08,17,AR1 alpha + Enhanced + One-Step,NYSE:UVV,0.0797928876223354
2022-07-11,17,AR1 alpha + Enhanced + One-Step,NYSE:UVV,0.058708976737400644
2022-07-12,17,AR1 alpha + Enhanced + One-Step,NYSE:UVV,0.04047922420321044
2022-07-13,17,AR1 alpha + Enhanced + One-Step,NYSE:UVV,0.02675772621899453
2022-07-14,17,AR1 alpha + Enhanced + One-Step,NYSE:UVV,0.026757752063526173
2022-07-15,17,AR1 alpha + Enhanced + One-Step,NYSE:UVV,0.02675778434849772
2022-07-18,17,AR1 alpha + Enhanced + One-Step,NYSE:UVV,0.026757617364130296
2022-07-19,17,AR1 alpha + Enhanced + One-Step,NYSE:UVV,0.028102486860343282
2022-07-20,17,AR1 alpha + Enhanced + One-Step,NYSE:UVV,0.032180482618023275
2022-07-21,17,AR1 alpha + Enhanced + One-Step,NYSE:UVV,0.032180431255887945
2022-07-22,17,AR1 alpha + Enhanced + One-Step,NYSE:UVV,0.044511474106855686
2022-07-25,17,AR1 alpha + Enhanced + One-Step,NYSE:UVV,0.05415895667414922
2022-07-26,17,AR1 alpha + Enhanced + One-Step,NYSE:UVV,0.054158948974412174
2022-07-27,17,AR1 alpha + Enhanced + One-Step,NYSE:UVV,0.06694997155617155
2022-07-28,17,AR1 alpha + Enhanced + One-Step,NYSE:UVV,0.06724981173483525
2022-07-29,17,AR1 alpha + Enhanced + One-Step,NYSE:UVV,0.07761586911566246
2022-08-01,17,AR1 alpha + Enhanced + One-Step,NYSE:UVV,0.07761589403987311
2022-08-02,17,AR1 alpha + Enhanced + One-Step,NYSE:UVV,0.07761465287154796
2022-08-03,17,AR1 alpha + Enhanced + One-Step,NYSE:UVV,0.07243366594514523
2022-08-04,17,AR1 alpha + Enhanced + One-Step,NYSE:UVV,0.06395976246454359
2022-08-05,17,AR1 alpha + Enhanced + One-Step,NYSE:UVV,0.054666554868357
2022-08-08,17,AR1 alpha + Enhanced + One-Step,NYSE:UVV,0.054663728736816346
2022-08-09,17,AR1 alpha + Enhanced + One-Step,NYSE:UVV,0.05466429966073426
2022-08-10,17,AR1 alpha + Enhanced + One-Step,NYSE:UVV,0.054660664356478386
2022-08-11,17,AR1 alpha + Enhanced + One-Step,NYSE:UVV,0.05465985736452048
2022-08-12,17,AR1 alpha + Enhanced + One-Step,NYSE:UVV,0.06447831263618292
2022-08-15,17,AR1 alpha + Enhanced + One-Step,NYSE:UVV,0.07150757405529745
2022-08-16,17,AR1 alpha + Enhanced + One-Step,NYSE:UVV,0.07150763633545992
2022-08-17,17,AR1 alpha + Enhanced + One-Step,NYSE:UVV,0.07150760120292497
2022-08-18,17,AR1 alpha + Enhanced + One-Step,NYSE:UVV,0.07150449174040982
2022-08-19,17,AR1 alpha + Enhanced + One-Step,NYSE:UVV,0.07150223647578259
2022-08-22,17,AR1 alpha + Enhanced + One-Step,NYSE:UVV,0.0695146815827479
2022-08-23,17,AR1 alpha + Enhanced + One-Step,NYSE:UVV,0.06951380009807191
2022-08-24,17,AR1 alpha + Enhanced + One-Step,NYSE:UVV,0.06225447535496772
2022-08-25,17,AR1 alpha + Enhanced + One-Step,NYSE:UVV,0.062249830730783204
2022-08-26,17,AR1 alpha + Enhanced + One-Step,NYSE:UVV,0.058845604127248985
2022-08-29,17,AR1 alpha + Enhanced + One-Step,NYSE:UVV,0.0517043117025638
2022-08-30,17,AR1 alpha + Enhanced + One-Step,NYSE:UVV,0.04011101495688439
2022-08-31,17,AR1 alpha + Enhanced + One-Step,NYSE:UVV,0.02884472006088276
2022-09-01,17,AR1 alpha + Enhanced + One-Step,NYSE:UVV,0.021726639188587207
2022-09-02,17,AR1 alpha + Enhanced + One-Step,NYSE:UVV,0.012831799552509264
2022-09-06,17,AR1 alpha + Enhanced + One-Step,NYSE:UVV,0.0
2022-09-07,17,AR1 alpha + Enhanced + One-Step,NYSE:UVV,6.537958075964261e-09
2022-09-08,17,AR1 alpha + Enhanced + One-Step,NYSE:UVV,1.1027207169767662e-07
2022-09-09,17,AR1 alpha + Enhanced + One-Step,NYSE:UVV,0.0
2022-09-12,17,AR1 alpha + Enhanced + One-Step,NYSE:UVV,0.012851354715582498
2022-09-13,17,AR1 alpha + Enhanced + One-Step,NYSE:UVV,0.0030900215696435885
2022-09-14,17,AR1 alpha + Enhanced + One-Step,NYSE:UVV,0.0
2022-09-15,17,AR1 alpha + Enhanced + One-Step,NYSE:UVV,4.0301787335005904e-10
2022-09-16,17,AR1 alpha + Enhanced + One-Step,NYSE:UVV,4.306012990436521e-08
2022-09-19,17,AR1 alpha + Enhanced + One-Step,NYSE:UVV,4.4621770799175136e-08
2022-09-20,17,AR1 alpha + Enhanced + One-Step,NYSE:UVV,1.6080754664947838e-07
2022-09-21,17,AR1 alpha + Enhanced + One-Step,NYSE:UVV,0.0
2022-09-22,17,AR1 alpha + Enhanced + One-Step,NYSE:UVV,0.0
2022-09-23,17,AR1 alpha + Enhanced + One-Step,NYSE:UVV,0.0
2022-09-26,17,AR1 alpha + Enhanced + One-Step,NYSE:UVV,0.0
2022-09-27,17,AR1 alpha + Enhanced + One-Step,NYSE:UVV,0.0
2022-09-28,17,AR1 alpha + Enhanced + One-Step,NYSE:UVV,0.0
2022-09-29,17,AR1 alpha + Enhanced + One-Step,NYSE:UVV,3.58897181170873e-07
2022-09-30,17,AR1 alpha + Enhanced + One-Step,NYSE:UVV,1.7215409772210425e-07
2022-10-03,17,AR1 alpha + Enhanced + One-Step,NYSE:UVV,1.1399066742399183e-07
2022-10-04,17,AR1 alpha + Enhanced + One-Step,NYSE:UVV,0.0
2022-10-05,17,AR1 alpha + Enhanced + One-Step,NYSE:UVV,0.0
2022-10-06,17,AR1 alpha + Enhanced + One-Step,NYSE:UVV,0.0
2022-10-07,17,AR1 alpha + Enhanced + One-Step,NYSE:UVV,4.214293672831285e-08
2022-10-10,17,AR1 alpha + Enhanced + One-Step,NYSE:UVV,0.0
2022-10-11,17,AR1 alpha + Enhanced + One-Step,NYSE:UVV,6.3889450896366e-08
2022-10-12,17,AR1 alpha + Enhanced + One-Step,NYSE:UVV,5.396953089964001e-08
2022-10-13,17,AR1 alpha + Enhanced + One-Step,NYSE:UVV,0.009008629545103206
2022-10-14,17,AR1 alpha + Enhanced + One-Step,NYSE:UVV,0.009008697468892154
2022-10-17,17,AR1 alpha + Enhanced + One-Step,NYSE:UVV,0.020754288103172473
2022-10-18,17,AR1 alpha + Enhanced + One-Step,NYSE:UVV,0.021483667873587686
2022-10-19,17,AR1 alpha + Enhanced + One-Step,NYSE:UVV,0.026568865541644133
2022-10-20,17,AR1 alpha + Enhanced + One-Step,NYSE:UVV,0.026568627946648663
2022-10-21,17,AR1 alpha + Enhanced + One-Step,NYSE:UVV,0.026568682727648087
2022-10-24,17,AR1 alpha + Enhanced + One-Step,NYSE:UVV,0.03182744836191614
2022-10-25,17,AR1 alpha + Enhanced + One-Step,NYSE:UVV,0.04698011325487099
2022-10-26,17,AR1 alpha + Enhanced + One-Step,NYSE:UVV,0.059396137422300294
2022-10-27,17,AR1 alpha + Enhanced + One-Step,NYSE:UVV,0.059393992853518485
2022-10-28,17,AR1 alpha + Enhanced + One-Step,NYSE:UVV,0.0598608379370207
2022-10-31,17,AR1 alpha + Enhanced + One-Step,NYSE:UVV,0.08210913720330655
2022-11-01,17,AR1 alpha + Enhanced + One-Step,NYSE:UVV,0.08210760289658114
2022-11-02,17,AR1 alpha + Enhanced + One-Step,NYSE:UVV,0.08210764199079618
2022-11-03,17,AR1 alpha + Enhanced + One-Step,NYSE:UVV,0.08211034621226332
2022-11-04,17,AR1 alpha + Enhanced + One-Step,NYSE:UVV,0.09999642500180697
2022-11-07,17,AR1 alpha + Enhanced + One-Step,NYSE:UVV,0.09999369622268856
2022-11-08,17,AR1 alpha + Enhanced + One-Step,NYSE:UVV,0.09999543753647959
2022-11-09,17,AR1 alpha + Enhanced + One-Step,NYSE:UVV,0.09999604086347796
2022-11-10,17,AR1 alpha + Enhanced + One-Step,NYSE:UVV,0.09999706507400957
2022-11-11,17,AR1 alpha + Enhanced + One-Step,NYSE:UVV,0.09999722420620316
2022-11-14,17,AR1 alpha + Enhanced + One-Step,NYSE:UVV,0.09999761073986693
2022-11-15,17,AR1 alpha + Enhanced + One-Step,NYSE:UVV,0.09999825706768642
2022-11-16,17,AR1 alpha + Enhanced + One-Step,NYSE:UVV,0.09999871738819494
2022-11-17,17,AR1 alpha + Enhanced + One-Step,NYSE:UVV,0.09999872872851762
2022-11-18,17,AR1 alpha + Enhanced + One-Step,NYSE:UVV,0.09999909444854344
2022-11-21,17,AR1 alpha + Enhanced + One-Step,NYSE:UVV,0.09999857915004183
2022-11-22,17,AR1 alpha + Enhanced + One-Step,NYSE:UVV,0.09999563624867956
2022-11-23,17,AR1 alpha + Enhanced + One-Step,NYSE:UVV,0.09999791126439703
2022-11-25,17,AR1 alpha + Enhanced + One-Step,NYSE:UVV,0.09999904546520999
2022-11-28,17,AR1 alpha + Enhanced + One-Step,NYSE:UVV,0.09999933820688627
2022-11-29,17,AR1 alpha + Enhanced + One-Step,NYSE:UVV,0.09211162146276006
2022-11-30,17,AR1 alpha + Enhanced + One-Step,NYSE:UVV,0.0999999866431027
2022-12-01,17,AR1 alpha + Enhanced + One-Step,NYSE:UVV,0.09999949338181642
2022-12-02,17,AR1 alpha + Enhanced + One-Step,NYSE:UVV,0.0999996711587864
2022-12-05,17,AR1 alpha + Enhanced + One-Step,NYSE:UVV,0.09999578219931878
2022-12-06,17,AR1 alpha + Enhanced + One-Step,NYSE:UVV,0.09999177553174089
2022-12-07,17,AR1 alpha + Enhanced + One-Step,NYSE:UVV,0.0891091827865605
2022-12-08,17,AR1 alpha + Enhanced + One-Step,NYSE:UVV,0.08710980801451886
2022-12-09,17,AR1 alpha + Enhanced + One-Step,NYSE:UVV,0.07923149387565856
2022-12-12,17,AR1 alpha + Enhanced + One-Step,NYSE:UVV,0.07346437332339886
2022-12-13,17,AR1 alpha + Enhanced + One-Step,NYSE:UVV,0.06811628210855686
2022-12-14,17,AR1 alpha + Enhanced + One-Step,NYSE:UVV,0.06811121128869013
2022-12-15,17,AR1 alpha + Enhanced + One-Step,NYSE:UVV,0.04321896679023177
2022-12-16,17,AR1 alpha + Enhanced + One-Step,NYSE:UVV,0.018319556938523003
2022-12-19,17,AR1 alpha + Enhanced + One-Step,NYSE:UVV,0.00555656934658149
2022-12-20,17,AR1 alpha + Enhanced + One-Step,NYSE:UVV,0.005556790876521335
2022-12-21,17,AR1 alpha + Enhanced + One-Step,NYSE:UVV,0.005556869918489078
2022-12-22,17,AR1 alpha + Enhanced + One-Step,NYSE:UVV,0.005556874643273017
2022-12-23,17,AR1 alpha + Enhanced + One-Step,NYSE:UVV,0.014281182893637306
2022-12-27,17,AR1 alpha + Enhanced + One-Step,NYSE:UVV,0.018044434219693817
2022-12-28,17,AR1 alpha + Enhanced + One-Step,NYSE:UVV,0.0024946369396794017
2022-12-29,17,AR1 alpha + Enhanced + One-Step,NYSE:UVV,0.002494417605452079
2022-12-30,17,AR1 alpha + Enhanced + One-Step,NYSE:UVV,2.9408889323740953e-07
2023-01-03,17,AR1 alpha + Enhanced + One-Step,NYSE:UVV,2.3098908023175256e-07
2023-01-04,17,AR1 alpha + Enhanced + One-Step,NYSE:UVV,1.6719312403297405e-07
2023-01-05,17,AR1 alpha + Enhanced + One-Step,NYSE:UVV,1.165138447893816e-06
2023-01-06,17,AR1 alpha + Enhanced + One-Step,NYSE:UVV,6.896555217458124e-07
2023-01-09,17,AR1 alpha + Enhanced + One-Step,NYSE:UVV,0.0
2023-01-10,17,AR1 alpha + Enhanced + One-Step,NYSE:UVV,0.0
2023-01-11,17,AR1 alpha + Enhanced + One-Step,NYSE:UVV,0.0
2023-01-12,17,AR1 alpha + Enhanced + One-Step,NYSE:UVV,5.828760415398091e-08
2023-01-13,17,AR1 alpha + Enhanced + One-Step,NYSE:UVV,0.0006991481397014618
2023-01-17,17,AR1 alpha + Enhanced + One-Step,NYSE:UVV,0.0006990062748118015
2023-01-18,17,AR1 alpha + Enhanced + One-Step,NYSE:UVV,0.0006989250232035884
2023-01-19,17,AR1 alpha + Enhanced + One-Step,NYSE:UVV,0.0006985458079854123
2023-01-20,17,AR1 alpha + Enhanced + One-Step,NYSE:UVV,0.0006983318859527793
2023-01-23,17,AR1 alpha + Enhanced + One-Step,NYSE:UVV,0.0
2023-01-24,17,AR1 alpha + Enhanced + One-Step,NYSE:UVV,3.980290753512057e-08
2023-01-25,17,AR1 alpha + Enhanced + One-Step,NYSE:UVV,3.094561395047424e-08
2023-01-26,17,AR1 alpha + Enhanced + One-Step,NYSE:UVV,0.0
2023-01-27,17,AR1 alpha + Enhanced + One-Step,NYSE:UVV,0.0
2023-01-30,17,AR1 alpha + Enhanced + One-Step,NYSE:UVV,0.0
2023-01-31,17,AR1 alpha + Enhanced + One-Step,NYSE:UVV,0.002292267296407072
2023-02-01,17,AR1 alpha + Enhanced + One-Step,NYSE:UVV,0.002291664111297999
2023-02-02,17,AR1 alpha + Enhanced + One-Step,NYSE:UVV,0.0022931401300447223
2023-02-03,17,AR1 alpha + Enhanced + One-Step,NYSE:UVV,0.0022934043526861643
2023-02-06,17,AR1 alpha + Enhanced + One-Step,NYSE:UVV,0.002293470484920175
2023-02-07,17,AR1 alpha + Enhanced + One-Step,NYSE:UVV,0.002297501376989949
2023-02-08,17,AR1 alpha + Enhanced + One-Step,NYSE:UVV,1.1451742794932788e-06
2023-02-09,17,AR1 alpha + Enhanced + One-Step,NYSE:UVV,8.306132901793791e-07
2023-02-10,17,AR1 alpha + Enhanced + One-Step,NYSE:UVV,1.0030022335846499e-08
2023-02-13,17,AR1 alpha + Enhanced + One-Step,NYSE:UVV,0.0
2023-02-14,17,AR1 alpha + Enhanced + One-Step,NYSE:UVV,2.0431543093758682e-07
2023-02-15,17,AR1 alpha + Enhanced + One-Step,NYSE:UVV,7.978714555130297e-08
2023-02-16,17,AR1 alpha + Enhanced + One-Step,NYSE:UVV,0.0
2023-02-17,17,AR1 alpha + Enhanced + One-Step,NYSE:UVV,0.0
2023-02-21,17,AR1 alpha + Enhanced + One-Step,NYSE:UVV,0.0
2023-02-22,17,AR1 alpha + Enhanced + One-Step,NYSE:UVV,1.0948764933744644e-07
2023-02-23,17,AR1 alpha + Enhanced + One-Step,NYSE:UVV,1.0669540568521592e-07
2023-02-24,17,AR1 alpha + Enhanced + One-Step,NYSE:UVV,1.951343550469323e-06
2023-02-27,17,AR1 alpha + Enhanced + One-Step,NYSE:UVV,1.4951529729753764e-06
2023-02-28,17,AR1 alpha + Enhanced + One-Step,NYSE:UVV,1.8133220338910395e-06
2023-03-01,17,AR1 alpha + Enhanced + One-Step,NYSE:UVV,1.4424647536464298e-06
2023-03-02,17,AR1 alpha + Enhanced + One-Step,NYSE:UVV,4.0337638403736433e-07
2023-03-03,17,AR1 alpha + Enhanced + One-Step,NYSE:UVV,0.0
2023-03-06,17,AR1 alpha + Enhanced + One-Step,NYSE:UVV,0.0
2023-03-07,17,AR1 alpha + Enhanced + One-Step,NYSE:UVV,0.0
2023-03-08,17,AR1 alpha + Enhanced + One-Step,NYSE:UVV,0.0
2023-03-09,17,AR1 alpha + Enhanced + One-Step,NYSE:UVV,0.0
2023-03-10,17,AR1 alpha + Enhanced + One-Step,NYSE:UVV,0.0
2023-03-13,17,AR1 alpha + Enhanced + One-Step,NYSE:UVV,0.0
2023-03-14,17,AR1 alpha + Enhanced + One-Step,NYSE:UVV,1.8501178866050748e-08
2023-03-15,17,AR1 alpha + Enhanced + One-Step,NYSE:UVV,0.0
2023-03-16,17,AR1 alpha + Enhanced + One-Step,NYSE:UVV,1.6841642556135603e-09
2023-03-17,17,AR1 alpha + Enhanced + One-Step,NYSE:UVV,0.0
2023-03-20,17,AR1 alpha + Enhanced + One-Step,NYSE:UVV,3.3174470474982675e-07
2023-03-21,17,AR1 alpha + Enhanced + One-Step,NYSE:UVV,0.007958138410526602
2023-03-22,17,AR1 alpha + Enhanced + One-Step,NYSE:UVV,0.007957012570781536
2023-03-23,17,AR1 alpha + Enhanced + One-Step,NYSE:UVV,0.0
2023-03-24,17,AR1 alpha + Enhanced + One-Step,NYSE:UVV,0.0011757425642337043
2023-03-27,17,AR1 alpha + Enhanced + One-Step,NYSE:UVV,0.001175685959367734
2023-03-28,17,AR1 alpha + Enhanced + One-Step,NYSE:UVV,0.00500754051567775
2023-03-29,17,AR1 alpha + Enhanced + One-Step,NYSE:UVV,0.02437517906240266
2023-03-30,17,AR1 alpha + Enhanced + One-Step,NYSE:UVV,0.043093259906594426
2023-03-31,17,AR1 alpha + Enhanced + One-Step,NYSE:UVV,0.05979023945685561
2023-04-03,17,AR1 alpha + Enhanced + One-Step,NYSE:UVV,0.05978986628994535
2023-04-04,17,AR1 alpha + Enhanced + One-Step,NYSE:UVV,0.059789424116912605
2023-04-05,17,AR1 alpha + Enhanced + One-Step,NYSE:UVV,0.05978882804104796
2023-04-06,17,AR1 alpha + Enhanced + One-Step,NYSE:UVV,0.05978868355428488
2023-04-10,17,AR1 alpha + Enhanced + One-Step,NYSE:UVV,0.059789550355380125
2023-04-11,17,AR1 alpha + Enhanced + One-Step,NYSE:UVV,0.07965542446156576
2023-04-12,17,AR1 alpha + Enhanced + One-Step,NYSE:UVV,0.09498587999739158
2023-04-13,17,AR1 alpha + Enhanced + One-Step,NYSE:UVV,0.09999976922351489
2023-04-14,17,AR1 alpha + Enhanced + One-Step,NYSE:UVV,0.09999779177352433
2023-04-17,17,AR1 alpha + Enhanced + One-Step,NYSE:UVV,0.09999883865519492
2023-04-18,17,AR1 alpha + Enhanced + One-Step,NYSE:UVV,0.09999851319027923
2023-04-19,17,AR1 alpha + Enhanced + One-Step,NYSE:UVV,0.09999805092491544
2023-04-20,17,AR1 alpha + Enhanced + One-Step,NYSE:UVV,0.09999863668175514
2023-04-21,17,AR1 alpha + Enhanced + One-Step,NYSE:UVV,0.09732822935640553
2023-04-24,17,AR1 alpha + Enhanced + One-Step,NYSE:UVV,0.09732590209803475
2023-04-25,17,AR1 alpha + Enhanced + One-Step,NYSE:UVV,0.09207545667179576
2023-04-26,17,AR1 alpha + Enhanced + One-Step,NYSE:UVV,0.07707859637400893
2023-04-27,17,AR1 alpha + Enhanced + One-Step,NYSE:UVV,0.08512216025476266
2023-04-28,17,AR1 alpha + Enhanced + One-Step,NYSE:UVV,0.08983345619230197
2023-05-01,17,AR1 alpha + Enhanced + One-Step,NYSE:UVV,0.08983305309401281
2023-05-02,17,AR1 alpha + Enhanced + One-Step,NYSE:UVV,0.08983318200249596
2023-05-03,17,AR1 alpha + Enhanced + One-Step,NYSE:UVV,0.08983318504995183
2023-05-04,17,AR1 alpha + Enhanced + One-Step,NYSE:UVV,0.08983314185333313
2023-05-05,17,AR1 alpha + Enhanced + One-Step,NYSE:UVV,0.08983312946556334
2023-05-08,17,AR1 alpha + Enhanced + One-Step,NYSE:UVV,0.08983236647185278
2023-05-09,17,AR1 alpha + Enhanced + One-Step,NYSE:UVV,0.0816544444733332
2023-05-10,17,AR1 alpha + Enhanced + One-Step,NYSE:UVV,0.08165447508561109
2023-05-11,17,AR1 alpha + Enhanced + One-Step,NYSE:UVV,0.056654665664175666
2023-05-12,17,AR1 alpha + Enhanced + One-Step,NYSE:UVV,0.04386180985669528
2023-05-15,17,AR1 alpha + Enhanced + One-Step,NYSE:UVV,0.0348755613827715
2023-05-16,17,AR1 alpha + Enhanced + One-Step,NYSE:UVV,0.016652826221350166
2023-05-17,17,AR1 alpha + Enhanced + One-Step,NYSE:UVV,0.016652226306651828
2023-05-18,17,AR1 alpha + Enhanced + One-Step,NYSE:UVV,0.016654786848457382
2023-05-19,17,AR1 alpha + Enhanced + One-Step,NYSE:UVV,0.01665479550362886
2023-05-22,17,AR1 alpha + Enhanced + One-Step,NYSE:UVV,0.016654738390335096
2023-05-23,17,AR1 alpha + Enhanced + One-Step,NYSE:UVV,0.016653717831379526
2023-05-24,17,AR1 alpha + Enhanced + One-Step,NYSE:UVV,0.016653720658229176
2023-05-25,17,AR1 alpha + Enhanced + One-Step,NYSE:UVV,0.0166534143575683
2023-05-26,17,AR1 alpha + Enhanced + One-Step,NYSE:UVV,0.00612344902284308
2023-05-30,17,AR1 alpha + Enhanced + One-Step,NYSE:UVV,3.661841513129073e-07
2023-05-31,17,AR1 alpha + Enhanced + One-Step,NYSE:UVV,0.0
2023-06-01,17,AR1 alpha + Enhanced + One-Step,NYSE:UVV,0.0
2023-06-02,17,AR1 alpha + Enhanced + One-Step,NYSE:UVV,0.00496866554319533
2023-06-05,17,AR1 alpha + Enhanced + One-Step,NYSE:UVV,0.0
2023-06-06,17,AR1 alpha + Enhanced + One-Step,NYSE:UVV,1.5016944516801864e-06
2023-06-07,17,AR1 alpha + Enhanced + One-Step,NYSE:UVV,0.0026461358242400638
2023-06-08,17,AR1 alpha + Enhanced + One-Step,NYSE:UVV,0.0026458275721139165
2023-06-09,17,AR1 alpha + Enhanced + One-Step,NYSE:UVV,0.0026451359968091607
2023-06-12,17,AR1 alpha + Enhanced + One-Step,NYSE:UVV,0.0
2023-06-13,17,AR1 alpha + Enhanced + One-Step,NYSE:UVV,0.0
2023-06-14,17,AR1 alpha + Enhanced + One-Step,NYSE:UVV,0.0
2023-06-15,17,AR1 alpha + Enhanced + One-Step,NYSE:UVV,0.0
2023-06-16,17,AR1 alpha + Enhanced + One-Step,NYSE:UVV,0.0
2023-06-20,17,AR1 alpha + Enhanced + One-Step,NYSE:UVV,0.0
2023-06-21,17,AR1 alpha + Enhanced + One-Step,NYSE:UVV,0.0
2023-06-22,17,AR1 alpha + Enhanced + One-Step,NYSE:UVV,0.0
2023-06-23,17,AR1 alpha + Enhanced + One-Step,NYSE:UVV,0.0
2023-06-26,17,AR1 alpha + Enhanced + One-Step,NYSE:UVV,0.0
2023-06-27,17,AR1 alpha + Enhanced + One-Step,NYSE:UVV,0.0
2023-06-28,17,AR1 alpha + Enhanced + One-Step,NYSE:UVV,0.0
2023-06-29,17,AR1 alpha + Enhanced + One-Step,NYSE:UVV,0.0
2023-06-30,17,AR1 alpha + Enhanced + One-Step,NYSE:UVV,0.0
2023-07-03,17,AR1 alpha + Enhanced + One-Step,NYSE:UVV,0.0
2023-07-05,17,AR1 alpha + Enhanced + One-Step,NYSE:UVV,0.0
2023-07-06,17,AR1 alpha + Enhanced + One-Step,NYSE:UVV,6.167373022567999e-08
2023-07-07,17,AR1 alpha + Enhanced + One-Step,NYSE:UVV,0.0
2023-07-10,17,AR1 alpha + Enhanced + One-Step,NYSE:UVV,7.323641674187545e-09
2023-07-11,17,AR1 alpha + Enhanced + One-Step,NYSE:UVV,0.0
2023-07-12,17,AR1 alpha + Enhanced + One-Step,NYSE:UVV,4.974916976125419e-07
2023-07-13,17,AR1 alpha + Enhanced + One-Step,NYSE:UVV,0.0
2023-07-14,17,AR1 alpha + Enhanced + One-Step,NYSE:UVV,0.0
2023-07-17,17,AR1 alpha + Enhanced + One-Step,NYSE:UVV,0.0
2023-07-18,17,AR1 alpha + Enhanced + One-Step,NYSE:UVV,3.493397848672944e-07
2023-07-19,17,AR1 alpha + Enhanced + One-Step,NYSE:UVV,0.0
2023-07-20,17,AR1 alpha + Enhanced + One-Step,NYSE:UVV,0.0
2023-07-21,17,AR1 alpha + Enhanced + One-Step,NYSE:UVV,0.0
2023-07-24,17,AR1 alpha + Enhanced + One-Step,NYSE:UVV,0.0
2023-07-25,17,AR1 alpha + Enhanced + One-Step,NYSE:UVV,0.0
2023-07-26,17,AR1 alpha + Enhanced + One-Step,NYSE:UVV,0.0
2023-07-27,17,AR1 alpha + Enhanced + One-Step,NYSE:UVV,0.0
2023-08-01,17,AR1 alpha + Enhanced + One-Step,NYSE:UVV,3.23742538910618e-08
2023-08-02,17,AR1 alpha + Enhanced + One-Step,NYSE:UVV,0.0
2023-08-03,17,AR1 alpha + Enhanced + One-Step,NYSE:UVV,1.1407079597381557e-07
2023-08-04,17,AR1 alpha + Enhanced + One-Step,NYSE:UVV,2.1218866127378607e-06
2023-08-07,17,AR1 alpha + Enhanced + One-Step,NYSE:UVV,1.2244350922772046e-06
2023-08-08,17,AR1 alpha + Enhanced + One-Step,NYSE:UVV,8.017902280824843e-07
2023-08-09,17,AR1 alpha + Enhanced + One-Step,NYSE:UVV,0.0
2023-08-10,17,AR1 alpha + Enhanced + One-Step,NYSE:UVV,0.0
2023-08-11,17,AR1 alpha + Enhanced + One-Step,NYSE:UVV,0.0
2023-08-14,17,AR1 alpha + Enhanced + One-Step,NYSE:UVV,0.0
2023-08-15,17,AR1 alpha + Enhanced + One-Step,NYSE:UVV,0.0
2023-08-16,17,AR1 alpha + Enhanced + One-Step,NYSE:UVV,0.0
2023-08-17,17,AR1 alpha + Enhanced + One-Step,NYSE:UVV,0.0
2023-08-18,17,AR1 alpha + Enhanced + One-Step,NYSE:UVV,0.0
2023-08-21,17,AR1 alpha + Enhanced + One-Step,NYSE:UVV,0.0
2023-08-22,17,AR1 alpha + Enhanced + One-Step,NYSE:UVV,0.0
2023-08-23,17,AR1 alpha + Enhanced + One-Step,NYSE:UVV,0.0
2023-08-24,17,AR1 alpha + Enhanced + One-Step,NYSE:UVV,0.0
2023-08-25,17,AR1 alpha + Enhanced + One-Step,NYSE:UVV,0.0
2023-08-28,17,AR1 alpha + Enhanced + One-Step,NYSE:UVV,0.0
2023-08-29,17,AR1 alpha + Enhanced + One-Step,NYSE:UVV,2.551428281388619e-07
2023-08-30,17,AR1 alpha + Enhanced + One-Step,NYSE:UVV,6.068384145452844e-07
2023-08-31,17,AR1 alpha + Enhanced + One-Step,NYSE:UVV,0.0
2023-09-01,17,AR1 alpha + Enhanced + One-Step,NYSE:UVV,0.0
2023-09-05,17,AR1 alpha + Enhanced + One-Step,NYSE:UVV,0.0
2023-09-06,17,AR1 alpha + Enhanced + One-Step,NYSE:UVV,0.0
2023-09-07,17,AR1 alpha + Enhanced + One-Step,NYSE:UVV,3.588131084630028e-08
2023-09-08,17,AR1 alpha + Enhanced + One-Step,NYSE:UVV,0.0
2023-09-11,17,AR1 alpha + Enhanced + One-Step,NYSE:UVV,5.0311046969692524e-08
2023-09-12,17,AR1 alpha + Enhanced + One-Step,NYSE:UVV,1.6397648397695554e-07
2023-09-13,17,AR1 alpha + Enhanced + One-Step,NYSE:UVV,0.0
2023-09-14,17,AR1 alpha + Enhanced + One-Step,NYSE:UVV,6.182060983201057e-08
2023-09-15,17,AR1 alpha + Enhanced + One-Step,NYSE:UVV,2.9609127714864446e-07
2023-09-18,17,AR1 alpha + Enhanced + One-Step,NYSE:UVV,1.8929660153489213e-07
2023-09-19,17,AR1 alpha + Enhanced + One-Step,NYSE:UVV,1.6237685446641848e-07
2023-09-20,17,AR1 alpha + Enhanced + One-Step,NYSE:UVV,1.2613013080639376e-07
2023-09-21,17,AR1 alpha + Enhanced + One-Step,NYSE:UVV,1.4866359905045417e-07
2023-09-22,17,AR1 alpha + Enhanced + One-Step,NYSE:UVV,1.2575060912584788e-07
2023-09-25,17,AR1 alpha + Enhanced + One-Step,NYSE:UVV,0.0
2023-09-26,17,AR1 alpha + Enhanced + One-Step,NYSE:UVV,0.0
2023-09-27,17,AR1 alpha + Enhanced + One-Step,NYSE:UVV,0.0
2023-09-28,17,AR1 alpha + Enhanced + One-Step,NYSE:UVV,2.7831164746596014e-09
2023-09-29,17,AR1 alpha + Enhanced + One-Step,NYSE:UVV,0.0
2023-10-02,17,AR1 alpha + Enhanced + One-Step,NYSE:UVV,0.0
2023-10-03,17,AR1 alpha + Enhanced + One-Step,NYSE:UVV,0.0
2023-10-04,17,AR1 alpha + Enhanced + One-Step,NYSE:UVV,0.0
2023-10-05,17,AR1 alpha + Enhanced + One-Step,NYSE:UVV,0.0
2023-10-06,17,AR1 alpha + Enhanced + One-Step,NYSE:UVV,0.0
2023-10-09,17,AR1 alpha + Enhanced + One-Step,NYSE:UVV,0.0
2023-10-10,17,AR1 alpha + Enhanced + One-Step,NYSE:UVV,1.347279655897696e-07
2023-10-11,17,AR1 alpha + Enhanced + One-Step,NYSE:UVV,0.0
2023-10-12,17,AR1 alpha + Enhanced + One-Step,NYSE:UVV,2.747491416251523e-09
2023-10-13,17,AR1 alpha + Enhanced + One-Step,NYSE:UVV,0.0
2023-10-16,17,AR1 alpha + Enhanced + One-Step,NYSE:UVV,5.549457537337485e-09
2023-10-17,17,AR1 alpha + Enhanced + One-Step,NYSE:UVV,0.0
2023-10-18,17,AR1 alpha + Enhanced + One-Step,NYSE:UVV,1.4076651960402624e-07
2023-10-19,17,AR1 alpha + Enhanced + One-Step,NYSE:UVV,7.130467605429282e-08
2023-10-20,17,AR1 alpha + Enhanced + One-Step,NYSE:UVV,1.2182018207556975e-07
2023-10-23,17,AR1 alpha + Enhanced + One-Step,NYSE:UVV,0.0
2023-10-24,17,AR1 alpha + Enhanced + One-Step,NYSE:UVV,8.976081683129097e-09
2023-10-25,17,AR1 alpha + Enhanced + One-Step,NYSE:UVV,0.0
2023-10-26,17,AR1 alpha + Enhanced + One-Step,NYSE:UVV,0.0
2023-10-27,17,AR1 alpha + Enhanced + One-Step,NYSE:UVV,0.0
2023-10-30,17,AR1 alpha + Enhanced + One-Step,NYSE:UVV,2.474539921695339e-07
2023-10-31,17,AR1 alpha + Enhanced + One-Step,NYSE:UVV,3.1453883079239985e-07
2023-11-01,17,AR1 alpha + Enhanced + One-Step,NYSE:UVV,4.7257600680625526e-08
2023-11-02,17,AR1 alpha + Enhanced + One-Step,NYSE:UVV,1.5025083936538453e-06
2023-11-03,17,AR1 alpha + Enhanced + One-Step,NYSE:UVV,0.024677681907940386
2023-11-06,17,AR1 alpha + Enhanced + One-Step,NYSE:UVV,0.049684775229255164
2023-11-07,17,AR1 alpha + Enhanced + One-Step,NYSE:UVV,0.07223795531733686
2023-11-08,17,AR1 alpha + Enhanced + One-Step,NYSE:UVV,0.08164824572480722
2023-11-09,17,AR1 alpha + Enhanced + One-Step,NYSE:UVV,0.08164549685286454
2023-11-10,17,AR1 alpha + Enhanced + One-Step,NYSE:UVV,0.08164512005791098
2023-11-13,17,AR1 alpha + Enhanced + One-Step,NYSE:UVV,0.08164405233160159
2023-11-14,17,AR1 alpha + Enhanced + One-Step,NYSE:UVV,0.08164267990686111
2023-11-15,17,AR1 alpha + Enhanced + One-Step,NYSE:UVV,0.08164234829707995
2023-11-16,17,AR1 alpha + Enhanced + One-Step,NYSE:UVV,0.0816413886241843
2023-11-17,17,AR1 alpha + Enhanced + One-Step,NYSE:UVV,0.08164106706711857
2023-11-20,17,AR1 alpha + Enhanced + One-Step,NYSE:UVV,0.07792501559569784
2023-11-21,17,AR1 alpha + Enhanced + One-Step,NYSE:UVV,0.07209152522823029
2023-11-22,17,AR1 alpha + Enhanced + One-Step,NYSE:UVV,0.08828492739083044
2023-11-24,17,AR1 alpha + Enhanced + One-Step,NYSE:UVV,0.08828492950380006
2023-11-27,17,AR1 alpha + Enhanced + One-Step,NYSE:UVV,0.09207483251281835
2023-11-28,17,AR1 alpha + Enhanced + One-Step,NYSE:UVV,0.09207492974537085
2023-11-29,17,AR1 alpha + Enhanced + One-Step,NYSE:UVV,0.09207194114944042
2023-11-30,17,AR1 alpha + Enhanced + One-Step,NYSE:UVV,0.0920690874425549
2023-12-01,17,AR1 alpha + Enhanced + One-Step,NYSE:UVV,0.10000113887060837
2023-12-04,17,AR1 alpha + Enhanced + One-Step,NYSE:UVV,0.09999757877268797
2023-12-05,17,AR1 alpha + Enhanced + One-Step,NYSE:UVV,0.09999618330321339
2023-12-06,17,AR1 alpha + Enhanced + One-Step,NYSE:UVV,0.0999972056184196
2023-12-07,17,AR1 alpha + Enhanced + One-Step,NYSE:UVV,0.09999793540886656
2023-12-08,17,AR1 alpha + Enhanced + One-Step,NYSE:UVV,0.09999878646848585
2023-12-11,17,AR1 alpha + Enhanced + One-Step,NYSE:UVV,0.09999797312162977
2023-12-12,17,AR1 alpha + Enhanced + One-Step,NYSE:UVV,0.0999980050379186
2023-12-13,17,AR1 alpha + Enhanced + One-Step,NYSE:UVV,0.09999874678153974
2023-12-14,17,AR1 alpha + Enhanced + One-Step,NYSE:UVV,0.09999926254682112
2023-12-15,17,AR1 alpha + Enhanced + One-Step,NYSE:UVV,0.09999466225065377
2023-12-18,17,AR1 alpha + Enhanced + One-Step,NYSE:UVV,0.0999954544011778
2023-12-19,17,AR1 alpha + Enhanced + One-Step,NYSE:UVV,0.09999640487319005
2023-12-20,17,AR1 alpha + Enhanced + One-Step,NYSE:UVV,0.0999988048861959
2023-12-21,17,AR1 alpha + Enhanced + One-Step,NYSE:UVV,0.09999914266641875
2023-12-22,17,AR1 alpha + Enhanced + One-Step,NYSE:UVV,0.09999939517531208
2023-12-26,17,AR1 alpha + Enhanced + One-Step,NYSE:UVV,0.09999672914639615
2023-12-27,17,AR1 alpha + Enhanced + One-Step,NYSE:UVV,0.09999758042417863
2023-12-28,17,AR1 alpha + Enhanced + One-Step,NYSE:UVV,0.09999821659635398
2023-12-29,17,AR1 alpha + Enhanced + One-Step,NYSE:UVV,0.0999989084017779
2024-01-02,17,AR1 alpha + Enhanced + One-Step,NYSE:UVV,0.09999547992983589
2024-01-03,17,AR1 alpha + Enhanced + One-Step,NYSE:UVV,0.07884017887130906
2024-01-04,17,AR1 alpha + Enhanced + One-Step,NYSE:UVV,0.06328148622584392
2024-01-05,17,AR1 alpha + Enhanced + One-Step,NYSE:UVV,0.038246840378153166
2024-01-08,17,AR1 alpha + Enhanced + One-Step,NYSE:UVV,0.013217187880893827
2024-01-09,17,AR1 alpha + Enhanced + One-Step,NYSE:UVV,0.0
2024-01-10,17,AR1 alpha + Enhanced + One-Step,NYSE:UVV,0.0
2024-01-11,17,AR1 alpha + Enhanced + One-Step,NYSE:UVV,0.0
2024-01-12,17,AR1 alpha + Enhanced + One-Step,NYSE:UVV,1.1769625190392815e-08
2024-01-16,17,AR1 alpha + Enhanced + One-Step,NYSE:UVV,0.0
2024-01-17,17,AR1 alpha + Enhanced + One-Step,NYSE:UVV,0.0
2024-01-18,17,AR1 alpha + Enhanced + One-Step,NYSE:UVV,0.0
2024-01-19,17,AR1 alpha + Enhanced + One-Step,NYSE:UVV,0.0
2024-01-22,17,AR1 alpha + Enhanced + One-Step,NYSE:UVV,0.0
2024-01-23,17,AR1 alpha + Enhanced + One-Step,NYSE:UVV,0.0
2024-01-24,17,AR1 alpha + Enhanced + One-Step,NYSE:UVV,0.0
2024-01-25,17,AR1 alpha + Enhanced + One-Step,NYSE:UVV,0.0
2024-01-26,17,AR1 alpha + Enhanced + One-Step,NYSE:UVV,0.0
2024-01-29,17,AR1 alpha + Enhanced + One-Step,NYSE:UVV,0.0
2024-01-30,17,AR1 alpha + Enhanced + One-Step,NYSE:UVV,0.0
2024-01-31,17,AR1 alpha + Enhanced + One-Step,NYSE:UVV,0.0
2024-02-01,17,AR1 alpha + Enhanced + One-Step,NYSE:UVV,1.759430432284895e-07
2024-02-02,17,AR1 alpha + Enhanced + One-Step,NYSE:UVV,5.882608451167338e-07
2024-02-05,17,AR1 alpha + Enhanced + One-Step,NYSE:UVV,2.9250881961419266e-07
2024-02-06,17,AR1 alpha + Enhanced + One-Step,NYSE:UVV,0.0
2024-02-07,17,AR1 alpha + Enhanced + One-Step,NYSE:UVV,0.0
2024-02-08,17,AR1 alpha + Enhanced + One-Step,NYSE:UVV,0.0
2024-02-09,17,AR1 alpha + Enhanced + One-Step,NYSE:UVV,0.0
2024-02-12,17,AR1 alpha + Enhanced + One-Step,NYSE:UVV,0.0
2024-02-13,17,AR1 alpha + Enhanced + One-Step,NYSE:UVV,7.608919670549141e-07
2024-02-14,17,AR1 alpha + Enhanced + One-Step,NYSE:UVV,7.714865035643561e-07
2024-02-15,17,AR1 alpha + Enhanced + One-Step,NYSE:UVV,0.0
2024-02-16,17,AR1 alpha + Enhanced + One-Step,NYSE:UVV,4.876795242623509e-07
2024-02-20,17,AR1 alpha + Enhanced + One-Step,NYSE:UVV,6.812927531871395e-07
2024-02-21,17,AR1 alpha + Enhanced + One-Step,NYSE:UVV,0.0
2024-02-22,17,AR1 alpha + Enhanced + One-Step,NYSE:UVV,0.0
2024-02-23,17,AR1 alpha + Enhanced + One-Step,NYSE:UVV,0.0
2024-02-26,17,AR1 alpha + Enhanced + One-Step,NYSE:UVV,0.0
2024-02-27,17,AR1 alpha + Enhanced + One-Step,NYSE:UVV,0.0
2024-02-28,17,AR1 alpha + Enhanced + One-Step,NYSE:UVV,0.0
2024-02-29,17,AR1 alpha + Enhanced + One-Step,NYSE:UVV,0.0
2024-03-01,17,AR1 alpha + Enhanced + One-Step,NYSE:UVV,0.0
2024-03-04,17,AR1 alpha + Enhanced + One-Step,NYSE:UVV,0.0
2024-03-05,17,AR1 alpha + Enhanced + One-Step,NYSE:UVV,0.0
2024-03-06,17,AR1 alpha + Enhanced + One-Step,NYSE:UVV,0.0
2024-03-07,17,AR1 alpha + Enhanced + One-Step,NYSE:UVV,0.0
2024-03-08,17,AR1 alpha + Enhanced + One-Step,NYSE:UVV,0.0
2024-03-11,17,AR1 alpha + Enhanced + One-Step,NYSE:UVV,0.0
2024-03-12,17,AR1 alpha + Enhanced + One-Step,NYSE:UVV,1.385567127101255e-07
2024-03-13,17,AR1 alpha + Enhanced + One-Step,NYSE:UVV,0.0
2024-03-14,17,AR1 alpha + Enhanced + One-Step,NYSE:UVV,0.0
2024-03-15,17,AR1 alpha + Enhanced + One-Step,NYSE:UVV,1.336870233496538e-07
2024-03-18,17,AR1 alpha + Enhanced + One-Step,NYSE:UVV,0.0
2024-03-19,17,AR1 alpha + Enhanced + One-Step,NYSE:UVV,0.0
2024-03-20,17,AR1 alpha + Enhanced + One-Step,NYSE:UVV,9.5531545172633e-09
2024-03-21,17,AR1 alpha + Enhanced + One-Step,NYSE:UVV,6.53983331371042e-08
2024-03-22,17,AR1 alpha + Enhanced + One-Step,NYSE:UVV,0.0
2024-03-25,17,AR1 alpha + Enhanced + One-Step,NYSE:UVV,0.0
2024-03-26,17,AR1 alpha + Enhanced + One-Step,NYSE:UVV,0.0
2024-03-27,17,AR1 alpha + Enhanced + One-Step,NYSE:UVV,0.0
2024-03-28,17,AR1 alpha + Enhanced + One-Step,NYSE:UVV,2.2476297852456408e-07
2024-04-01,17,AR1 alpha + Enhanced + One-Step,NYSE:UVV,3.1175087583506995e-07
2024-04-02,17,AR1 alpha + Enhanced + One-Step,NYSE:UVV,1.0950217577525843e-07
2024-04-03,17,AR1 alpha + Enhanced + One-Step,NYSE:UVV,0.0
2024-04-04,17,AR1 alpha + Enhanced + One-Step,NYSE:UVV,0.0
2024-04-05,17,AR1 alpha + Enhanced + One-Step,NYSE:UVV,0.0
2024-04-08,17,AR1 alpha + Enhanced + One-Step,NYSE:UVV,1.4989208891415425e-07
2024-04-09,17,AR1 alpha + Enhanced + One-Step,NYSE:UVV,0.0
2024-04-10,17,AR1 alpha + Enhanced + One-Step,NYSE:UVV,0.0
2024-04-11,17,AR1 alpha + Enhanced + One-Step,NYSE:UVV,0.0
2024-04-12,17,AR1 alpha + Enhanced + One-Step,NYSE:UVV,0.0
2024-04-15,17,AR1 alpha + Enhanced + One-Step,NYSE:UVV,0.0
2024-04-16,17,AR1 alpha + Enhanced + One-Step,NYSE:UVV,0.0
2024-04-17,17,AR1 alpha + Enhanced + One-Step,NYSE:UVV,9.417909891171654e-08
2024-04-18,17,AR1 alpha + Enhanced + One-Step,NYSE:UVV,0.0
2024-04-19,17,AR1 alpha + Enhanced + One-Step,NYSE:UVV,0.0
2020-03-25,17,AR1 alpha + Enhanced + One-Step,NYSE:TRU,0.020000000000007227
2020-03-26,17,AR1 alpha + Enhanced + One-Step,NYSE:TRU,0.02000000000001305
2020-03-27,17,AR1 alpha + Enhanced + One-Step,NYSE:TRU,0.020000001268193384
2020-03-30,17,AR1 alpha + Enhanced + One-Step,NYSE:TRU,0.020001111602202932
2020-03-31,17,AR1 alpha + Enhanced + One-Step,NYSE:TRU,0.02000228196771563
2020-04-01,17,AR1 alpha + Enhanced + One-Step,NYSE:TRU,0.02000221537037926
2020-04-02,17,AR1 alpha + Enhanced + One-Step,NYSE:TRU,0.020002772220608762
2020-04-03,17,AR1 alpha + Enhanced + One-Step,NYSE:TRU,0.020003126986733805
2020-04-06,17,AR1 alpha + Enhanced + One-Step,NYSE:TRU,0.020003933218130775
2020-04-07,17,AR1 alpha + Enhanced + One-Step,NYSE:TRU,0.020001199998968544
2020-04-08,17,AR1 alpha + Enhanced + One-Step,NYSE:TRU,0.0200013735920437
2020-04-09,17,AR1 alpha + Enhanced + One-Step,NYSE:TRU,0.02000125567720261
2020-04-13,17,AR1 alpha + Enhanced + One-Step,NYSE:TRU,0.020001627227440352
2020-04-14,17,AR1 alpha + Enhanced + One-Step,NYSE:TRU,0.020002194504563753
2020-04-15,17,AR1 alpha + Enhanced + One-Step,NYSE:TRU,0.02000383393033425
2020-04-16,17,AR1 alpha + Enhanced + One-Step,NYSE:TRU,0.02000470066784016
2020-04-17,17,AR1 alpha + Enhanced + One-Step,NYSE:TRU,8.952184218184617e-09
2020-04-20,17,AR1 alpha + Enhanced + One-Step,NYSE:TRU,0.0
2020-04-21,17,AR1 alpha + Enhanced + One-Step,NYSE:TRU,7.384139513125954e-08
2020-04-22,17,AR1 alpha + Enhanced + One-Step,NYSE:TRU,1.2709267062125807e-07
2020-04-23,17,AR1 alpha + Enhanced + One-Step,NYSE:TRU,1.2525477823994878e-08
2020-04-24,17,AR1 alpha + Enhanced + One-Step,NYSE:TRU,2.725440245680774e-08
2020-04-27,17,AR1 alpha + Enhanced + One-Step,NYSE:TRU,1.024221742547548e-08
2020-04-28,17,AR1 alpha + Enhanced + One-Step,NYSE:TRU,3.0308727163215005e-09
2020-04-29,17,AR1 alpha + Enhanced + One-Step,NYSE:TRU,9.363123922516613e-10
2020-04-30,17,AR1 alpha + Enhanced + One-Step,NYSE:TRU,3.943219411700474e-09
2020-05-01,17,AR1 alpha + Enhanced + One-Step,NYSE:TRU,0.0
2020-05-04,17,AR1 alpha + Enhanced + One-Step,NYSE:TRU,6.5078410820466214e-09
2020-05-05,17,AR1 alpha + Enhanced + One-Step,NYSE:TRU,0.0
2020-05-06,17,AR1 alpha + Enhanced + One-Step,NYSE:TRU,0.0
2020-05-07,17,AR1 alpha + Enhanced + One-Step,NYSE:TRU,0.0
2020-05-08,17,AR1 alpha + Enhanced + One-Step,NYSE:TRU,0.0
2020-05-11,17,AR1 alpha + Enhanced + One-Step,NYSE:TRU,0.0
2020-05-12,17,AR1 alpha + Enhanced + One-Step,NYSE:TRU,0.0
2020-05-13,17,AR1 alpha + Enhanced + One-Step,NYSE:TRU,4.4179030984866666e-08
2020-05-14,17,AR1 alpha + Enhanced + One-Step,NYSE:TRU,0.0
2020-05-15,17,AR1 alpha + Enhanced + One-Step,NYSE:TRU,3.7029849637548904e-08
2020-05-18,17,AR1 alpha + Enhanced + One-Step,NYSE:TRU,5.6259924686353826e-08
2020-05-19,17,AR1 alpha + Enhanced + One-Step,NYSE:TRU,0.0
2020-05-20,17,AR1 alpha + Enhanced + One-Step,NYSE:TRU,1.5780903347803854e-08
2020-05-21,17,AR1 alpha + Enhanced + One-Step,NYSE:TRU,0.0
2020-05-22,17,AR1 alpha + Enhanced + One-Step,NYSE:TRU,0.0
2020-05-26,17,AR1 alpha + Enhanced + One-Step,NYSE:TRU,0.0
2020-05-27,17,AR1 alpha + Enhanced + One-Step,NYSE:TRU,3.667883249794337e-08
2020-05-28,17,AR1 alpha + Enhanced + One-Step,NYSE:TRU,2.012222864269696e-08
2020-05-29,17,AR1 alpha + Enhanced + One-Step,NYSE:TRU,1.2093193001450617e-08
2020-06-01,17,AR1 alpha + Enhanced + One-Step,NYSE:TRU,4.588333048233487e-08
2020-06-02,17,AR1 alpha + Enhanced + One-Step,NYSE:TRU,0.0
2020-06-03,17,AR1 alpha + Enhanced + One-Step,NYSE:TRU,3.388114422285695e-07
2020-06-04,17,AR1 alpha + Enhanced + One-Step,NYSE:TRU,0.0
2020-06-05,17,AR1 alpha + Enhanced + One-Step,NYSE:TRU,0.0
2020-06-08,17,AR1 alpha + Enhanced + One-Step,NYSE:TRU,0.0
2020-06-09,17,AR1 alpha + Enhanced + One-Step,NYSE:TRU,1.4235540104173091e-08
2020-06-10,17,AR1 alpha + Enhanced + One-Step,NYSE:TRU,4.072540871193361e-09
2020-06-11,17,AR1 alpha + Enhanced + One-Step,NYSE:TRU,1.1218418840572485e-06
2020-06-12,17,AR1 alpha + Enhanced + One-Step,NYSE:TRU,4.056871777258642e-07
2020-06-15,17,AR1 alpha + Enhanced + One-Step,NYSE:TRU,7.923436538628544e-08
2020-06-16,17,AR1 alpha + Enhanced + One-Step,NYSE:TRU,4.249664569298571e-08
2020-06-17,17,AR1 alpha + Enhanced + One-Step,NYSE:TRU,1.4530839515270222e-08
2020-06-18,17,AR1 alpha + Enhanced + One-Step,NYSE:TRU,9.417890504087106e-09
2020-06-19,17,AR1 alpha + Enhanced + One-Step,NYSE:TRU,0.0
2020-06-22,17,AR1 alpha + Enhanced + One-Step,NYSE:TRU,5.314188396655469e-08
2020-06-23,17,AR1 alpha + Enhanced + One-Step,NYSE:TRU,2.6253305469251192e-08
2020-06-24,17,AR1 alpha + Enhanced + One-Step,NYSE:TRU,0.0
2020-06-25,17,AR1 alpha + Enhanced + One-Step,NYSE:TRU,2.2486145866316582e-08
2020-06-26,17,AR1 alpha + Enhanced + One-Step,NYSE:TRU,2.3161431596180115e-07
2020-06-29,17,AR1 alpha + Enhanced + One-Step,NYSE:TRU,1.373133919871605e-07
2020-06-30,17,AR1 alpha + Enhanced + One-Step,NYSE:TRU,0.0
2020-07-01,17,AR1 alpha + Enhanced + One-Step,NYSE:TRU,0.0
2020-07-02,17,AR1 alpha + Enhanced + One-Step,NYSE:TRU,4.282419933190965e-08
2020-07-06,17,AR1 alpha + Enhanced + One-Step,NYSE:TRU,4.93606947862993e-09
2020-07-07,17,AR1 alpha + Enhanced + One-Step,NYSE:TRU,0.0
2020-07-08,17,AR1 alpha + Enhanced + One-Step,NYSE:TRU,0.0
2020-07-09,17,AR1 alpha + Enhanced + One-Step,NYSE:TRU,8.02671194441238e-08
2020-07-10,17,AR1 alpha + Enhanced + One-Step,NYSE:TRU,1.3094923695439705e-07
2020-07-13,17,AR1 alpha + Enhanced + One-Step,NYSE:TRU,9.148228722468884e-08
2020-07-14,17,AR1 alpha + Enhanced + One-Step,NYSE:TRU,3.380944844297128e-08
2020-07-15,17,AR1 alpha + Enhanced + One-Step,NYSE:TRU,9.61692680498787e-08
2020-07-16,17,AR1 alpha + Enhanced + One-Step,NYSE:TRU,3.146738067292897e-08
2020-07-17,17,AR1 alpha + Enhanced + One-Step,NYSE:TRU,0.0
2020-07-20,17,AR1 alpha + Enhanced + One-Step,NYSE:TRU,1.8786246809263132e-08
2020-07-21,17,AR1 alpha + Enhanced + One-Step,NYSE:TRU,4.89542774884975e-08
2020-07-22,17,AR1 alpha + Enhanced + One-Step,NYSE:TRU,4.7747735285172055e-08
2020-07-23,17,AR1 alpha + Enhanced + One-Step,NYSE:TRU,0.0
2020-07-24,17,AR1 alpha + Enhanced + One-Step,NYSE:TRU,0.0
2020-07-27,17,AR1 alpha + Enhanced + One-Step,NYSE:TRU,0.0
2020-07-28,17,AR1 alpha + Enhanced + One-Step,NYSE:TRU,2.9128675132539234e-09
2020-07-29,17,AR1 alpha + Enhanced + One-Step,NYSE:TRU,0.0
2020-07-30,17,AR1 alpha + Enhanced + One-Step,NYSE:TRU,0.0
2020-07-31,17,AR1 alpha + Enhanced + One-Step,NYSE:TRU,0.0
2020-08-03,17,AR1 alpha + Enhanced + One-Step,NYSE:TRU,0.0
2020-08-04,17,AR1 alpha + Enhanced + One-Step,NYSE:TRU,0.0
2020-08-05,17,AR1 alpha + Enhanced + One-Step,NYSE:TRU,5.323379755705112e-09
2020-08-06,17,AR1 alpha + Enhanced + One-Step,NYSE:TRU,0.0
2020-08-07,17,AR1 alpha + Enhanced + One-Step,NYSE:TRU,8.337361500628424e-08
2020-08-10,17,AR1 alpha + Enhanced + One-Step,NYSE:TRU,2.0640736554288012e-07
2020-08-11,17,AR1 alpha + Enhanced + One-Step,NYSE:TRU,0.0
2020-08-12,17,AR1 alpha + Enhanced + One-Step,NYSE:TRU,2.3439565619425623e-09
2020-08-13,17,AR1 alpha + Enhanced + One-Step,NYSE:TRU,2.3567211787770064e-09
2020-08-14,17,AR1 alpha + Enhanced + One-Step,NYSE:TRU,2.941272022139044e-09
2020-08-17,17,AR1 alpha + Enhanced + One-Step,NYSE:TRU,0.0
2020-08-18,17,AR1 alpha + Enhanced + One-Step,NYSE:TRU,0.0
2020-08-19,17,AR1 alpha + Enhanced + One-Step,NYSE:TRU,7.268920468930273e-08
2020-08-20,17,AR1 alpha + Enhanced + One-Step,NYSE:TRU,0.0
2020-08-21,17,AR1 alpha + Enhanced + One-Step,NYSE:TRU,0.0
2020-08-24,17,AR1 alpha + Enhanced + One-Step,NYSE:TRU,0.0
2020-08-25,17,AR1 alpha + Enhanced + One-Step,NYSE:TRU,9.704533770193778e-08
2020-08-26,17,AR1 alpha + Enhanced + One-Step,NYSE:TRU,0.0
2020-08-27,17,AR1 alpha + Enhanced + One-Step,NYSE:TRU,1.5080472463835237e-09
2020-08-28,17,AR1 alpha + Enhanced + One-Step,NYSE:TRU,4.267827319916701e-09
2020-08-31,17,AR1 alpha + Enhanced + One-Step,NYSE:TRU,0.0
2020-09-01,17,AR1 alpha + Enhanced + One-Step,NYSE:TRU,0.0
2020-09-02,17,AR1 alpha + Enhanced + One-Step,NYSE:TRU,9.564901502666308e-09
2020-09-03,17,AR1 alpha + Enhanced + One-Step,NYSE:TRU,0.0
2020-09-04,17,AR1 alpha + Enhanced + One-Step,NYSE:TRU,4.0724718821562705e-08
2020-09-08,17,AR1 alpha + Enhanced + One-Step,NYSE:TRU,1.5844187087121191e-07
2020-09-09,17,AR1 alpha + Enhanced + One-Step,NYSE:TRU,8.098390343924863e-08
2020-09-10,17,AR1 alpha + Enhanced + One-Step,NYSE:TRU,8.50631346185024e-08
2020-09-11,17,AR1 alpha + Enhanced + One-Step,NYSE:TRU,8.163913214909361e-08
2020-09-14,17,AR1 alpha + Enhanced + One-Step,NYSE:TRU,5.610866917500688e-07
2020-09-15,17,AR1 alpha + Enhanced + One-Step,NYSE:TRU,3.6364780503267486e-07
2020-09-16,17,AR1 alpha + Enhanced + One-Step,NYSE:TRU,0.0
2020-09-17,17,AR1 alpha + Enhanced + One-Step,NYSE:TRU,0.0
2020-09-18,17,AR1 alpha + Enhanced + One-Step,NYSE:TRU,0.0
2020-09-21,17,AR1 alpha + Enhanced + One-Step,NYSE:TRU,0.0
2020-09-22,17,AR1 alpha + Enhanced + One-Step,NYSE:TRU,1.0984324073759694e-08
2020-09-23,17,AR1 alpha + Enhanced + One-Step,NYSE:TRU,0.0
2020-09-24,17,AR1 alpha + Enhanced + One-Step,NYSE:TRU,0.0
2020-09-25,17,AR1 alpha + Enhanced + One-Step,NYSE:TRU,0.0
2020-09-28,17,AR1 alpha + Enhanced + One-Step,NYSE:TRU,0.0
2020-09-29,17,AR1 alpha + Enhanced + One-Step,NYSE:TRU,5.827362929171564e-09
2020-09-30,17,AR1 alpha + Enhanced + One-Step,NYSE:TRU,0.0
2020-10-01,17,AR1 alpha + Enhanced + One-Step,NYSE:TRU,3.4604807502929793e-07
2020-10-02,17,AR1 alpha + Enhanced + One-Step,NYSE:TRU,3.350820228595943e-07
2020-10-05,17,AR1 alpha + Enhanced + One-Step,NYSE:TRU,6.711308294581051e-07
2020-10-06,17,AR1 alpha + Enhanced + One-Step,NYSE:TRU,2.3816297260917756e-07
2020-10-07,17,AR1 alpha + Enhanced + One-Step,NYSE:TRU,5.132800411326603e-07
2020-10-08,17,AR1 alpha + Enhanced + One-Step,NYSE:TRU,3.125354311405836e-07
2020-10-09,17,AR1 alpha + Enhanced + One-Step,NYSE:TRU,3.0361951658980594e-07
2020-10-12,17,AR1 alpha + Enhanced + One-Step,NYSE:TRU,1.8843277188555878e-07
2020-10-13,17,AR1 alpha + Enhanced + One-Step,NYSE:TRU,3.976744099393824e-07
2020-10-14,17,AR1 alpha + Enhanced + One-Step,NYSE:TRU,0.0
2020-10-15,17,AR1 alpha + Enhanced + One-Step,NYSE:TRU,0.0
2020-10-16,17,AR1 alpha + Enhanced + One-Step,NYSE:TRU,0.0
2020-10-19,17,AR1 alpha + Enhanced + One-Step,NYSE:TRU,0.0
2020-10-20,17,AR1 alpha + Enhanced + One-Step,NYSE:TRU,0.0
2020-10-21,17,AR1 alpha + Enhanced + One-Step,NYSE:TRU,0.0
2020-10-22,17,AR1 alpha + Enhanced + One-Step,NYSE:TRU,0.0
2020-10-23,17,AR1 alpha + Enhanced + One-Step,NYSE:TRU,0.0
2020-10-26,17,AR1 alpha + Enhanced + One-Step,NYSE:TRU,0.0
2020-10-27,17,AR1 alpha + Enhanced + One-Step,NYSE:TRU,3.8712298626264397e-07
2020-10-28,17,AR1 alpha + Enhanced + One-Step,NYSE:TRU,2.9637231711583434e-07
2020-10-29,17,AR1 alpha + Enhanced + One-Step,NYSE:TRU,6.340550109899977e-07
2020-10-30,17,AR1 alpha + Enhanced + One-Step,NYSE:TRU,3.862470419474909e-07
2020-11-02,17,AR1 alpha + Enhanced + One-Step,NYSE:TRU,1.1293534246258961e-06
2020-11-03,17,AR1 alpha + Enhanced + One-Step,NYSE:TRU,4.030294977156047e-07
2020-11-04,17,AR1 alpha + Enhanced + One-Step,NYSE:TRU,1.9248845520484387e-06
2020-11-05,17,AR1 alpha + Enhanced + One-Step,NYSE:TRU,1.257045009289901e-06
2020-11-06,17,AR1 alpha + Enhanced + One-Step,NYSE:TRU,6.738334707041384e-07
2020-11-09,17,AR1 alpha + Enhanced + One-Step,NYSE:TRU,3.686102937684733e-07
2020-11-10,17,AR1 alpha + Enhanced + One-Step,NYSE:TRU,6.711383534784545e-07
2020-11-11,17,AR1 alpha + Enhanced + One-Step,NYSE:TRU,5.562362844738861e-07
2020-11-12,17,AR1 alpha + Enhanced + One-Step,NYSE:TRU,2.222672598564855e-07
2020-11-13,17,AR1 alpha + Enhanced + One-Step,NYSE:TRU,1.3045175267976857e-07
2020-11-16,17,AR1 alpha + Enhanced + One-Step,NYSE:TRU,1.7695630529659996e-09
2020-11-17,17,AR1 alpha + Enhanced + One-Step,NYSE:TRU,0.0
2020-11-18,17,AR1 alpha + Enhanced + One-Step,NYSE:TRU,0.0
2020-11-19,17,AR1 alpha + Enhanced + One-Step,NYSE:TRU,0.0
2020-11-20,17,AR1 alpha + Enhanced + One-Step,NYSE:TRU,0.0
2020-11-23,17,AR1 alpha + Enhanced + One-Step,NYSE:TRU,0.0
2020-11-24,17,AR1 alpha + Enhanced + One-Step,NYSE:TRU,0.0
2020-11-25,17,AR1 alpha + Enhanced + One-Step,NYSE:TRU,0.0
2020-11-27,17,AR1 alpha + Enhanced + One-Step,NYSE:TRU,0.0
2020-11-30,17,AR1 alpha + Enhanced + One-Step,NYSE:TRU,0.0
2020-12-01,17,AR1 alpha + Enhanced + One-Step,NYSE:TRU,1.3959854567426054e-07
2020-12-04,17,AR1 alpha + Enhanced + One-Step,NYSE:TRU,1.1239197923256599e-07
2020-12-07,17,AR1 alpha + Enhanced + One-Step,NYSE:TRU,0.0
2020-12-08,17,AR1 alpha + Enhanced + One-Step,NYSE:TRU,1.0531138780768165e-07
2020-12-09,17,AR1 alpha + Enhanced + One-Step,NYSE:TRU,0.0
2020-12-10,17,AR1 alpha + Enhanced + One-Step,NYSE:TRU,7.78836137726175e-08
2020-12-11,17,AR1 alpha + Enhanced + One-Step,NYSE:TRU,0.0
2020-12-14,17,AR1 alpha + Enhanced + One-Step,NYSE:TRU,0.0
2020-12-15,17,AR1 alpha + Enhanced + One-Step,NYSE:TRU,4.702239889367702e-08
2020-12-16,17,AR1 alpha + Enhanced + One-Step,NYSE:TRU,0.0
2020-12-17,17,AR1 alpha + Enhanced + One-Step,NYSE:TRU,0.0
2020-12-18,17,AR1 alpha + Enhanced + One-Step,NYSE:TRU,1.2489016224961648e-06
2020-12-21,17,AR1 alpha + Enhanced + One-Step,NYSE:TRU,1.1388230268217241e-06
2020-12-22,17,AR1 alpha + Enhanced + One-Step,NYSE:TRU,7.29676141040346e-07
2020-12-23,17,AR1 alpha + Enhanced + One-Step,NYSE:TRU,0.0
2020-12-24,17,AR1 alpha + Enhanced + One-Step,NYSE:TRU,0.0
2020-12-28,17,AR1 alpha + Enhanced + One-Step,NYSE:TRU,0.0
2020-12-29,17,AR1 alpha + Enhanced + One-Step,NYSE:TRU,0.0
2020-12-30,17,AR1 alpha + Enhanced + One-Step,NYSE:TRU,0.0
2020-12-31,17,AR1 alpha + Enhanced + One-Step,NYSE:TRU,0.0
2021-01-04,17,AR1 alpha + Enhanced + One-Step,NYSE:TRU,1.0325844427904171e-08
2021-01-05,17,AR1 alpha + Enhanced + One-Step,NYSE:TRU,1.024828665565501e-08
2021-01-06,17,AR1 alpha + Enhanced + One-Step,NYSE:TRU,0.0
2021-01-07,17,AR1 alpha + Enhanced + One-Step,NYSE:TRU,0.0
2021-01-08,17,AR1 alpha + Enhanced + One-Step,NYSE:TRU,0.0
2021-01-11,17,AR1 alpha + Enhanced + One-Step,NYSE:TRU,0.0
2021-01-12,17,AR1 alpha + Enhanced + One-Step,NYSE:TRU,0.0
2021-01-13,17,AR1 alpha + Enhanced + One-Step,NYSE:TRU,0.0
2021-01-14,17,AR1 alpha + Enhanced + One-Step,NYSE:TRU,9.189025667569626e-08
2021-01-15,17,AR1 alpha + Enhanced + One-Step,NYSE:TRU,0.0
2021-01-19,17,AR1 alpha + Enhanced + One-Step,NYSE:TRU,0.0
2021-01-20,17,AR1 alpha + Enhanced + One-Step,NYSE:TRU,2.1114478084809777e-07
2021-01-21,17,AR1 alpha + Enhanced + One-Step,NYSE:TRU,0.0
2021-01-22,17,AR1 alpha + Enhanced + One-Step,NYSE:TRU,0.0
2021-01-25,17,AR1 alpha + Enhanced + One-Step,NYSE:TRU,0.0
2021-01-26,17,AR1 alpha + Enhanced + One-Step,NYSE:TRU,0.0
2021-01-27,17,AR1 alpha + Enhanced + One-Step,NYSE:TRU,2.1273553645085858e-07
2021-01-28,17,AR1 alpha + Enhanced + One-Step,NYSE:TRU,1.7548794094330228e-06
2021-01-29,17,AR1 alpha + Enhanced + One-Step,NYSE:TRU,8.127301947388985e-07
2021-02-01,17,AR1 alpha + Enhanced + One-Step,NYSE:TRU,4.807534721047483e-07
2021-02-02,17,AR1 alpha + Enhanced + One-Step,NYSE:TRU,3.1570739412963155e-07
2021-02-03,17,AR1 alpha + Enhanced + One-Step,NYSE:TRU,0.0
2021-02-04,17,AR1 alpha + Enhanced + One-Step,NYSE:TRU,0.0
2021-02-05,17,AR1 alpha + Enhanced + One-Step,NYSE:TRU,0.0
2021-02-08,17,AR1 alpha + Enhanced + One-Step,NYSE:TRU,5.529325774755769e-07
2021-02-09,17,AR1 alpha + Enhanced + One-Step,NYSE:TRU,0.0
2021-02-10,17,AR1 alpha + Enhanced + One-Step,NYSE:TRU,3.727985460601453e-07
2021-02-11,17,AR1 alpha + Enhanced + One-Step,NYSE:TRU,3.218904243716307e-07
2021-02-12,17,AR1 alpha + Enhanced + One-Step,NYSE:TRU,1.8476684782138302e-07
2021-02-16,17,AR1 alpha + Enhanced + One-Step,NYSE:TRU,7.423731349273255e-08
2021-02-17,17,AR1 alpha + Enhanced + One-Step,NYSE:TRU,0.0
2021-02-18,17,AR1 alpha + Enhanced + One-Step,NYSE:TRU,5.366756758220736e-08
2021-02-19,17,AR1 alpha + Enhanced + One-Step,NYSE:TRU,0.0
2021-02-22,17,AR1 alpha + Enhanced + One-Step,NYSE:TRU,7.540104416014402e-07
2021-02-23,17,AR1 alpha + Enhanced + One-Step,NYSE:TRU,1.98402761238882e-06
2021-02-24,17,AR1 alpha + Enhanced + One-Step,NYSE:TRU,1.4467411767680134e-06
2021-02-25,17,AR1 alpha + Enhanced + One-Step,NYSE:TRU,0.0
2021-02-26,17,AR1 alpha + Enhanced + One-Step,NYSE:TRU,2.3509456046311126e-07
2021-03-01,17,AR1 alpha + Enhanced + One-Step,NYSE:TRU,1.9816849113657523e-07
2021-03-02,17,AR1 alpha + Enhanced + One-Step,NYSE:TRU,1.4360592714737195e-07
2021-03-03,17,AR1 alpha + Enhanced + One-Step,NYSE:TRU,9.142566001259897e-09
2021-03-04,17,AR1 alpha + Enhanced + One-Step,NYSE:TRU,7.154715336182548e-09
2021-03-05,17,AR1 alpha + Enhanced + One-Step,NYSE:TRU,0.0
2021-03-08,17,AR1 alpha + Enhanced + One-Step,NYSE:TRU,0.0
2021-03-09,17,AR1 alpha + Enhanced + One-Step,NYSE:TRU,0.0
2021-03-10,17,AR1 alpha + Enhanced + One-Step,NYSE:TRU,1.7917476952048486e-06
2021-03-11,17,AR1 alpha + Enhanced + One-Step,NYSE:TRU,5.220001212063075e-07
2021-03-12,17,AR1 alpha + Enhanced + One-Step,NYSE:TRU,3.029878258532578e-07
2021-03-15,17,AR1 alpha + Enhanced + One-Step,NYSE:TRU,2.43119366052342e-06
2021-03-16,17,AR1 alpha + Enhanced + One-Step,NYSE:TRU,1.7511383662120412e-06
2021-03-17,17,AR1 alpha + Enhanced + One-Step,NYSE:TRU,6.863852897987127e-07
2021-03-18,17,AR1 alpha + Enhanced + One-Step,NYSE:TRU,5.889230191927455e-07
2021-03-19,17,AR1 alpha + Enhanced + One-Step,NYSE:TRU,0.0
2021-03-22,17,AR1 alpha + Enhanced + One-Step,NYSE:TRU,3.2038621831122634e-07
2021-03-23,17,AR1 alpha + Enhanced + One-Step,NYSE:TRU,1.1384385774737678e-06
2021-03-24,17,AR1 alpha + Enhanced + One-Step,NYSE:TRU,7.181661498191792e-07
2021-03-25,17,AR1 alpha + Enhanced + One-Step,NYSE:TRU,5.982230401779172e-07
2021-03-26,17,AR1 alpha + Enhanced + One-Step,NYSE:TRU,6.052449305713267e-07
2021-03-29,17,AR1 alpha + Enhanced + One-Step,NYSE:TRU,5.64024201006089e-07
2021-03-30,17,AR1 alpha + Enhanced + One-Step,NYSE:TRU,0.0
2021-03-31,17,AR1 alpha + Enhanced + One-Step,NYSE:TRU,0.0
2021-04-01,17,AR1 alpha + Enhanced + One-Step,NYSE:TRU,8.809259994641475e-07
2021-04-05,17,AR1 alpha + Enhanced + One-Step,NYSE:TRU,3.040882607898923e-07
2021-04-06,17,AR1 alpha + Enhanced + One-Step,NYSE:TRU,1.709746889151507e-07
2021-04-07,17,AR1 alpha + Enhanced + One-Step,NYSE:TRU,0.0
2021-04-08,17,AR1 alpha + Enhanced + One-Step,NYSE:TRU,0.0
2021-04-09,17,AR1 alpha + Enhanced + One-Step,NYSE:TRU,2.613162665633483e-10
2021-04-12,17,AR1 alpha + Enhanced + One-Step,NYSE:TRU,0.0
2021-04-13,17,AR1 alpha + Enhanced + One-Step,NYSE:TRU,0.0
2021-04-14,17,AR1 alpha + Enhanced + One-Step,NYSE:TRU,0.0
2021-04-15,17,AR1 alpha + Enhanced + One-Step,NYSE:TRU,6.798479433742364e-07
2021-04-16,17,AR1 alpha + Enhanced + One-Step,NYSE:TRU,4.856021045142322e-07
2021-04-19,17,AR1 alpha + Enhanced + One-Step,NYSE:TRU,1.9114591516731346e-07
2021-04-20,17,AR1 alpha + Enhanced + One-Step,NYSE:TRU,0.0
2021-04-21,17,AR1 alpha + Enhanced + One-Step,NYSE:TRU,0.0
2021-04-22,17,AR1 alpha + Enhanced + One-Step,NYSE:TRU,0.0
2021-04-23,17,AR1 alpha + Enhanced + One-Step,NYSE:TRU,0.0
2021-04-26,17,AR1 alpha + Enhanced + One-Step,NYSE:TRU,0.0
2021-04-27,17,AR1 alpha + Enhanced + One-Step,NYSE:TRU,0.0
2021-04-28,17,AR1 alpha + Enhanced + One-Step,NYSE:TRU,0.0
2021-04-29,17,AR1 alpha + Enhanced + One-Step,NYSE:TRU,0.0
2021-04-30,17,AR1 alpha + Enhanced + One-Step,NYSE:TRU,0.0
2021-05-03,17,AR1 alpha + Enhanced + One-Step,NYSE:TRU,3.6361409444614852e-06
2021-05-04,17,AR1 alpha + Enhanced + One-Step,NYSE:TRU,2.3822931597537745e-06
2021-05-05,17,AR1 alpha + Enhanced + One-Step,NYSE:TRU,1.5818084446373302e-06
2021-05-06,17,AR1 alpha + Enhanced + One-Step,NYSE:TRU,1.4852823314092609e-06
2021-05-07,17,AR1 alpha + Enhanced + One-Step,NYSE:TRU,1.17137905271986e-06
2021-05-10,17,AR1 alpha + Enhanced + One-Step,NYSE:TRU,1.063371311329408e-06
2021-05-11,17,AR1 alpha + Enhanced + One-Step,NYSE:TRU,8.133679220930452e-07
2021-05-12,17,AR1 alpha + Enhanced + One-Step,NYSE:TRU,5.040381578131358e-07
2021-05-13,17,AR1 alpha + Enhanced + One-Step,NYSE:TRU,0.0
2021-05-14,17,AR1 alpha + Enhanced + One-Step,NYSE:TRU,6.081345441148558e-10
2021-05-17,17,AR1 alpha + Enhanced + One-Step,NYSE:TRU,0.0
2021-05-18,17,AR1 alpha + Enhanced + One-Step,NYSE:TRU,5.767290052291518e-07
2021-05-19,17,AR1 alpha + Enhanced + One-Step,NYSE:TRU,1.6550912817595133e-06
2021-05-20,17,AR1 alpha + Enhanced + One-Step,NYSE:TRU,1.2996648152964412e-06
2021-05-21,17,AR1 alpha + Enhanced + One-Step,NYSE:TRU,9.964796439029537e-07
2021-05-24,17,AR1 alpha + Enhanced + One-Step,NYSE:TRU,0.0
2021-05-25,17,AR1 alpha + Enhanced + One-Step,NYSE:TRU,0.0
2021-05-26,17,AR1 alpha + Enhanced + One-Step,NYSE:TRU,0.0
2021-05-27,17,AR1 alpha + Enhanced + One-Step,NYSE:TRU,0.0
2021-05-28,17,AR1 alpha + Enhanced + One-Step,NYSE:TRU,0.0
2021-06-01,17,AR1 alpha + Enhanced + One-Step,NYSE:TRU,0.0
2021-06-02,17,AR1 alpha + Enhanced + One-Step,NYSE:TRU,0.0
2021-06-03,17,AR1 alpha + Enhanced + One-Step,NYSE:TRU,0.0
2021-06-04,17,AR1 alpha + Enhanced + One-Step,NYSE:TRU,0.0
2021-06-07,17,AR1 alpha + Enhanced + One-Step,NYSE:TRU,0.0
2021-06-08,17,AR1 alpha + Enhanced + One-Step,NYSE:TRU,0.0
2021-06-09,17,AR1 alpha + Enhanced + One-Step,NYSE:TRU,0.0
2021-06-10,17,AR1 alpha + Enhanced + One-Step,NYSE:TRU,0.0
2021-06-11,17,AR1 alpha + Enhanced + One-Step,NYSE:TRU,0.0
2021-06-14,17,AR1 alpha + Enhanced + One-Step,NYSE:TRU,0.0
2021-06-15,17,AR1 alpha + Enhanced + One-Step,NYSE:TRU,0.0
2021-06-16,17,AR1 alpha + Enhanced + One-Step,NYSE:TRU,0.0
2021-06-17,17,AR1 alpha + Enhanced + One-Step,NYSE:TRU,0.0
2021-06-18,17,AR1 alpha + Enhanced + One-Step,NYSE:TRU,0.0
2021-06-21,17,AR1 alpha + Enhanced + One-Step,NYSE:TRU,1.1652886910409073e-06
2021-06-22,17,AR1 alpha + Enhanced + One-Step,NYSE:TRU,0.0
2021-06-23,17,AR1 alpha + Enhanced + One-Step,NYSE:TRU,0.0
2021-06-24,17,AR1 alpha + Enhanced + One-Step,NYSE:TRU,1.7976586518584266e-06
2021-06-25,17,AR1 alpha + Enhanced + One-Step,NYSE:TRU,2.0572177088321042e-06
2021-06-28,17,AR1 alpha + Enhanced + One-Step,NYSE:TRU,1.2712651534469792e-06
2021-06-29,17,AR1 alpha + Enhanced + One-Step,NYSE:TRU,6.28256848666341e-10
2021-06-30,17,AR1 alpha + Enhanced + One-Step,NYSE:TRU,0.0
2021-07-01,17,AR1 alpha + Enhanced + One-Step,NYSE:TRU,0.0
2021-07-02,17,AR1 alpha + Enhanced + One-Step,NYSE:TRU,0.0
2021-07-06,17,AR1 alpha + Enhanced + One-Step,NYSE:TRU,0.0
2021-07-07,17,AR1 alpha + Enhanced + One-Step,NYSE:TRU,1.0267956086354124e-06
2021-07-08,17,AR1 alpha + Enhanced + One-Step,NYSE:TRU,5.593177415793167e-07
2021-07-09,17,AR1 alpha + Enhanced + One-Step,NYSE:TRU,0.0
2021-07-12,17,AR1 alpha + Enhanced + One-Step,NYSE:TRU,0.0
2021-07-13,17,AR1 alpha + Enhanced + One-Step,NYSE:TRU,0.0
2021-07-14,17,AR1 alpha + Enhanced + One-Step,NYSE:TRU,0.0
2021-07-15,17,AR1 alpha + Enhanced + One-Step,NYSE:TRU,0.0
2021-07-16,17,AR1 alpha + Enhanced + One-Step,NYSE:TRU,0.0
2021-07-19,17,AR1 alpha + Enhanced + One-Step,NYSE:TRU,0.0
2021-07-20,17,AR1 alpha + Enhanced + One-Step,NYSE:TRU,0.0
2021-07-21,17,AR1 alpha + Enhanced + One-Step,NYSE:TRU,3.9415745936928384e-07
2021-07-22,17,AR1 alpha + Enhanced + One-Step,NYSE:TRU,0.0
2021-07-23,17,AR1 alpha + Enhanced + One-Step,NYSE:TRU,0.0
2021-07-26,17,AR1 alpha + Enhanced + One-Step,NYSE:TRU,0.0
2021-07-27,17,AR1 alpha + Enhanced + One-Step,NYSE:TRU,0.0
2021-07-28,17,AR1 alpha + Enhanced + One-Step,NYSE:TRU,0.0
2021-07-29,17,AR1 alpha + Enhanced + One-Step,NYSE:TRU,0.0
2021-07-30,17,AR1 alpha + Enhanced + One-Step,NYSE:TRU,0.0
2021-08-02,17,AR1 alpha + Enhanced + One-Step,NYSE:TRU,0.0
2021-08-03,17,AR1 alpha + Enhanced + One-Step,NYSE:TRU,0.0
2021-08-04,17,AR1 alpha + Enhanced + One-Step,NYSE:TRU,0.0
2021-08-05,17,AR1 alpha + Enhanced + One-Step,NYSE:TRU,0.0
2021-08-06,17,AR1 alpha + Enhanced + One-Step,NYSE:TRU,0.0
2021-08-09,17,AR1 alpha + Enhanced + One-Step,NYSE:TRU,0.0
2021-08-10,17,AR1 alpha + Enhanced + One-Step,NYSE:TRU,0.0
2021-08-11,17,AR1 alpha + Enhanced + One-Step,NYSE:TRU,0.0
2021-08-12,17,AR1 alpha + Enhanced + One-Step,NYSE:TRU,0.0
2021-08-13,17,AR1 alpha + Enhanced + One-Step,NYSE:TRU,2.702963479758401e-07
2021-08-16,17,AR1 alpha + Enhanced + One-Step,NYSE:TRU,1.8398661692639608e-06
2021-08-17,17,AR1 alpha + Enhanced + One-Step,NYSE:TRU,2.517458391139787e-06
2021-08-18,17,AR1 alpha + Enhanced + One-Step,NYSE:TRU,2.7036142792289247e-06
2021-08-19,17,AR1 alpha + Enhanced + One-Step,NYSE:TRU,4.664038288272237e-06
2021-08-20,17,AR1 alpha + Enhanced + One-Step,NYSE:TRU,2.1091988009054134e-06
2021-08-23,17,AR1 alpha + Enhanced + One-Step,NYSE:TRU,1.1952948832926249e-06
2021-08-24,17,AR1 alpha + Enhanced + One-Step,NYSE:TRU,3.57921045506374e-07
2021-08-25,17,AR1 alpha + Enhanced + One-Step,NYSE:TRU,3.822140506701762e-07
2021-08-26,17,AR1 alpha + Enhanced + One-Step,NYSE:TRU,0.0
2021-08-27,17,AR1 alpha + Enhanced + One-Step,NYSE:TRU,0.0
2021-08-30,17,AR1 alpha + Enhanced + One-Step,NYSE:TRU,0.0
2021-08-31,17,AR1 alpha + Enhanced + One-Step,NYSE:TRU,2.867322884206431e-08
2021-09-01,17,AR1 alpha + Enhanced + One-Step,NYSE:TRU,0.0
2021-09-02,17,AR1 alpha + Enhanced + One-Step,NYSE:TRU,0.0
2021-09-03,17,AR1 alpha + Enhanced + One-Step,NYSE:TRU,0.0
2021-09-07,17,AR1 alpha + Enhanced + One-Step,NYSE:TRU,0.0
2021-09-08,17,AR1 alpha + Enhanced + One-Step,NYSE:TRU,0.0
2021-09-09,17,AR1 alpha + Enhanced + One-Step,NYSE:TRU,0.0
2021-09-10,17,AR1 alpha + Enhanced + One-Step,NYSE:TRU,0.0
2021-09-13,17,AR1 alpha + Enhanced + One-Step,NYSE:TRU,4.546472904001843e-07
2021-09-14,17,AR1 alpha + Enhanced + One-Step,NYSE:TRU,3.0421813049120245e-07
2021-09-15,17,AR1 alpha + Enhanced + One-Step,NYSE:TRU,0.009844744983743894
2021-09-16,17,AR1 alpha + Enhanced + One-Step,NYSE:TRU,0.009844690483592244
2021-09-17,17,AR1 alpha + Enhanced + One-Step,NYSE:TRU,0.009844859612475913
2021-09-20,17,AR1 alpha + Enhanced + One-Step,NYSE:TRU,0.006684304987076129
2021-09-21,17,AR1 alpha + Enhanced + One-Step,NYSE:TRU,0.004811587895212932
2021-09-22,17,AR1 alpha + Enhanced + One-Step,NYSE:TRU,0.00481149418842816
2021-09-23,17,AR1 alpha + Enhanced + One-Step,NYSE:TRU,0.004812512217221194
2021-09-24,17,AR1 alpha + Enhanced + One-Step,NYSE:TRU,0.004812509794324258
2021-09-27,17,AR1 alpha + Enhanced + One-Step,NYSE:TRU,0.004812493224950403
2021-09-28,17,AR1 alpha + Enhanced + One-Step,NYSE:TRU,0.0048122662437725715
2021-09-29,17,AR1 alpha + Enhanced + One-Step,NYSE:TRU,0.004812809446222448
2021-09-30,17,AR1 alpha + Enhanced + One-Step,NYSE:TRU,0.004812746235405573
2021-10-01,17,AR1 alpha + Enhanced + One-Step,NYSE:TRU,0.0
2021-10-04,17,AR1 alpha + Enhanced + One-Step,NYSE:TRU,8.781646839245136e-09
2021-10-05,17,AR1 alpha + Enhanced + One-Step,NYSE:TRU,0.0
2021-10-06,17,AR1 alpha + Enhanced + One-Step,NYSE:TRU,0.0
2021-10-07,17,AR1 alpha + Enhanced + One-Step,NYSE:TRU,0.0
2021-10-08,17,AR1 alpha + Enhanced + One-Step,NYSE:TRU,0.0
2021-10-11,17,AR1 alpha + Enhanced + One-Step,NYSE:TRU,0.0
2021-10-12,17,AR1 alpha + Enhanced + One-Step,NYSE:TRU,2.3427222880977364e-07
2021-10-13,17,AR1 alpha + Enhanced + One-Step,NYSE:TRU,2.16701097000918e-07
2021-10-14,17,AR1 alpha + Enhanced + One-Step,NYSE:TRU,0.0
2021-10-15,17,AR1 alpha + Enhanced + One-Step,NYSE:TRU,0.0
2021-10-18,17,AR1 alpha + Enhanced + One-Step,NYSE:TRU,0.0
2021-10-19,17,AR1 alpha + Enhanced + One-Step,NYSE:TRU,0.0
2021-10-20,17,AR1 alpha + Enhanced + One-Step,NYSE:TRU,2.7158412935520104e-07
2021-10-21,17,AR1 alpha + Enhanced + One-Step,NYSE:TRU,2.370527695351045e-07
2021-10-22,17,AR1 alpha + Enhanced + One-Step,NYSE:TRU,0.0
2021-10-25,17,AR1 alpha + Enhanced + One-Step,NYSE:TRU,0.0
2021-10-26,17,AR1 alpha + Enhanced + One-Step,NYSE:TRU,0.016555624295979825
2021-10-27,17,AR1 alpha + Enhanced + One-Step,NYSE:TRU,0.016555424180029046
2021-10-28,17,AR1 alpha + Enhanced + One-Step,NYSE:TRU,0.01655553033674003
2021-10-29,17,AR1 alpha + Enhanced + One-Step,NYSE:TRU,0.0
2021-11-01,17,AR1 alpha + Enhanced + One-Step,NYSE:TRU,0.0
2021-11-02,17,AR1 alpha + Enhanced + One-Step,NYSE:TRU,0.0
2021-11-03,17,AR1 alpha + Enhanced + One-Step,NYSE:TRU,5.51644374198606e-07
2021-11-04,17,AR1 alpha + Enhanced + One-Step,NYSE:TRU,2.1873584247260732e-07
2021-11-05,17,AR1 alpha + Enhanced + One-Step,NYSE:TRU,2.435928611194659e-08
2021-11-08,17,AR1 alpha + Enhanced + One-Step,NYSE:TRU,0.0
2021-11-09,17,AR1 alpha + Enhanced + One-Step,NYSE:TRU,9.654237074049843e-08
2021-11-10,17,AR1 alpha + Enhanced + One-Step,NYSE:TRU,9.55955345165638e-07
2021-11-11,17,AR1 alpha + Enhanced + One-Step,NYSE:TRU,6.741502661195596e-07
2021-11-12,17,AR1 alpha + Enhanced + One-Step,NYSE:TRU,9.019212010125644e-07
2021-11-15,17,AR1 alpha + Enhanced + One-Step,NYSE:TRU,1.1455411625707517e-06
2021-11-16,17,AR1 alpha + Enhanced + One-Step,NYSE:TRU,0.0
2021-11-17,17,AR1 alpha + Enhanced + One-Step,NYSE:TRU,0.0
2021-11-18,17,AR1 alpha + Enhanced + One-Step,NYSE:TRU,0.0
2021-11-19,17,AR1 alpha + Enhanced + One-Step,NYSE:TRU,2.666670988061206e-07
2021-11-22,17,AR1 alpha + Enhanced + One-Step,NYSE:TRU,4.105505898089393e-07
2021-11-23,17,AR1 alpha + Enhanced + One-Step,NYSE:TRU,0.0
2021-11-24,17,AR1 alpha + Enhanced + One-Step,NYSE:TRU,0.0
2021-11-26,17,AR1 alpha + Enhanced + One-Step,NYSE:TRU,0.0
2021-11-29,17,AR1 alpha + Enhanced + One-Step,NYSE:TRU,0.0
2021-11-30,17,AR1 alpha + Enhanced + One-Step,NYSE:TRU,0.0
2021-12-01,17,AR1 alpha + Enhanced + One-Step,NYSE:TRU,9.168607918439466e-07
2021-12-02,17,AR1 alpha + Enhanced + One-Step,NYSE:TRU,0.0
2021-12-03,17,AR1 alpha + Enhanced + One-Step,NYSE:TRU,0.0
2021-12-06,17,AR1 alpha + Enhanced + One-Step,NYSE:TRU,4.347010650601068e-08
2021-12-07,17,AR1 alpha + Enhanced + One-Step,NYSE:TRU,1.6759449513791292e-08
2021-12-08,17,AR1 alpha + Enhanced + One-Step,NYSE:TRU,0.0
2021-12-09,17,AR1 alpha + Enhanced + One-Step,NYSE:TRU,0.0
2021-12-10,17,AR1 alpha + Enhanced + One-Step,NYSE:TRU,0.0
2021-12-13,17,AR1 alpha + Enhanced + One-Step,NYSE:TRU,0.0
2021-12-14,17,AR1 alpha + Enhanced + One-Step,NYSE:TRU,8.284321225428123e-08
2021-12-15,17,AR1 alpha + Enhanced + One-Step,NYSE:TRU,3.0994111258486767e-07
2021-12-16,17,AR1 alpha + Enhanced + One-Step,NYSE:TRU,2.798400348041437e-07
2021-12-17,17,AR1 alpha + Enhanced + One-Step,NYSE:TRU,1.2633833113261686e-07
2021-12-20,17,AR1 alpha + Enhanced + One-Step,NYSE:TRU,0.0
2021-12-21,17,AR1 alpha + Enhanced + One-Step,NYSE:TRU,0.0
2021-12-22,17,AR1 alpha + Enhanced + One-Step,NYSE:TRU,0.0
2021-12-23,17,AR1 alpha + Enhanced + One-Step,NYSE:TRU,3.423966302822631e-07
2021-12-27,17,AR1 alpha + Enhanced + One-Step,NYSE:TRU,2.880869683278499e-07
2021-12-28,17,AR1 alpha + Enhanced + One-Step,NYSE:TRU,2.89366519943093e-07
2021-12-29,17,AR1 alpha + Enhanced + One-Step,NYSE:TRU,4.618939679276049e-07
2021-12-30,17,AR1 alpha + Enhanced + One-Step,NYSE:TRU,4.778904600970783e-07
2021-12-31,17,AR1 alpha + Enhanced + One-Step,NYSE:TRU,2.7393500243134396e-07
2022-01-03,17,AR1 alpha + Enhanced + One-Step,NYSE:TRU,2.4480414154503834e-07
2022-01-04,17,AR1 alpha + Enhanced + One-Step,NYSE:TRU,2.457046859323697e-07
2022-01-05,17,AR1 alpha + Enhanced + One-Step,NYSE:TRU,2.431118085369924e-07
2022-01-06,17,AR1 alpha + Enhanced + One-Step,NYSE:TRU,2.1832056798539668e-07
2022-01-07,17,AR1 alpha + Enhanced + One-Step,NYSE:TRU,0.018310214379961193
2022-01-10,17,AR1 alpha + Enhanced + One-Step,NYSE:TRU,0.03781810105833132
2022-01-11,17,AR1 alpha + Enhanced + One-Step,NYSE:TRU,0.0378179521580196
2022-01-12,17,AR1 alpha + Enhanced + One-Step,NYSE:TRU,0.0408096493605695
2022-01-13,17,AR1 alpha + Enhanced + One-Step,NYSE:TRU,0.057276631063705674
2022-01-14,17,AR1 alpha + Enhanced + One-Step,NYSE:TRU,0.08233076294511199
2022-01-18,17,AR1 alpha + Enhanced + One-Step,NYSE:TRU,0.08951180789970048
2022-01-19,17,AR1 alpha + Enhanced + One-Step,NYSE:TRU,0.089511048577643
2022-01-20,17,AR1 alpha + Enhanced + One-Step,NYSE:TRU,0.08951110553013661
2022-01-21,17,AR1 alpha + Enhanced + One-Step,NYSE:TRU,0.08951032503673893
2022-01-24,17,AR1 alpha + Enhanced + One-Step,NYSE:TRU,0.08951020672884898
2022-01-25,17,AR1 alpha + Enhanced + One-Step,NYSE:TRU,0.09999815899937246
2022-01-26,17,AR1 alpha + Enhanced + One-Step,NYSE:TRU,0.0999985782546026
2022-01-27,17,AR1 alpha + Enhanced + One-Step,NYSE:TRU,0.09999828930339032
2022-01-28,17,AR1 alpha + Enhanced + One-Step,NYSE:TRU,0.09999873881901584
2022-01-31,17,AR1 alpha + Enhanced + One-Step,NYSE:TRU,0.09999937028138912
2022-02-01,17,AR1 alpha + Enhanced + One-Step,NYSE:TRU,0.09999930289875954
2022-02-02,17,AR1 alpha + Enhanced + One-Step,NYSE:TRU,0.0999992195091066
2022-02-03,17,AR1 alpha + Enhanced + One-Step,NYSE:TRU,0.09999885253515947
2022-02-04,17,AR1 alpha + Enhanced + One-Step,NYSE:TRU,0.09999874147449757
2022-02-07,17,AR1 alpha + Enhanced + One-Step,NYSE:TRU,0.09999894566821618
2022-02-08,17,AR1 alpha + Enhanced + One-Step,NYSE:TRU,0.09999922371375941
2022-02-09,17,AR1 alpha + Enhanced + One-Step,NYSE:TRU,0.08369021661140508
2022-02-10,17,AR1 alpha + Enhanced + One-Step,NYSE:TRU,0.08369021185203637
2022-02-11,17,AR1 alpha + Enhanced + One-Step,NYSE:TRU,0.08369079729060203
2022-02-14,17,AR1 alpha + Enhanced + One-Step,NYSE:TRU,0.0836906478687132
2022-02-15,17,AR1 alpha + Enhanced + One-Step,NYSE:TRU,0.0836906782168677
2022-02-16,17,AR1 alpha + Enhanced + One-Step,NYSE:TRU,0.08368928199687736
2022-02-17,17,AR1 alpha + Enhanced + One-Step,NYSE:TRU,0.08368767077179422
2022-02-18,17,AR1 alpha + Enhanced + One-Step,NYSE:TRU,0.08368773916362718
2022-02-22,17,AR1 alpha + Enhanced + One-Step,NYSE:TRU,0.0836877134034882
2022-02-23,17,AR1 alpha + Enhanced + One-Step,NYSE:TRU,0.07422054104381279
2022-02-24,17,AR1 alpha + Enhanced + One-Step,NYSE:TRU,0.07421962043253273
2022-02-25,17,AR1 alpha + Enhanced + One-Step,NYSE:TRU,0.07421971022892303
2022-02-28,17,AR1 alpha + Enhanced + One-Step,NYSE:TRU,0.07421973684572596
2022-03-01,17,AR1 alpha + Enhanced + One-Step,NYSE:TRU,0.07421992432852857
2022-03-02,17,AR1 alpha + Enhanced + One-Step,NYSE:TRU,0.07421977023659139
2022-03-03,17,AR1 alpha + Enhanced + One-Step,NYSE:TRU,0.07421973894612967
2022-03-04,17,AR1 alpha + Enhanced + One-Step,NYSE:TRU,0.07421792073577352
2022-03-07,17,AR1 alpha + Enhanced + One-Step,NYSE:TRU,0.0742192310066655
2022-03-08,17,AR1 alpha + Enhanced + One-Step,NYSE:TRU,0.07421922146278576
2022-03-09,17,AR1 alpha + Enhanced + One-Step,NYSE:TRU,0.07421811732738336
2022-03-10,17,AR1 alpha + Enhanced + One-Step,NYSE:TRU,0.0742182317320703
2022-03-11,17,AR1 alpha + Enhanced + One-Step,NYSE:TRU,0.07421705859649638
2022-03-14,17,AR1 alpha + Enhanced + One-Step,NYSE:TRU,0.07421505922976851
2022-03-15,17,AR1 alpha + Enhanced + One-Step,NYSE:TRU,0.07421350149213635
2022-03-16,17,AR1 alpha + Enhanced + One-Step,NYSE:TRU,0.07421350326902175
2022-03-17,17,AR1 alpha + Enhanced + One-Step,NYSE:TRU,0.08739437499715448
2022-03-18,17,AR1 alpha + Enhanced + One-Step,NYSE:TRU,0.08739431819958383
2022-03-21,17,AR1 alpha + Enhanced + One-Step,NYSE:TRU,0.08739453408225703
2022-03-22,17,AR1 alpha + Enhanced + One-Step,NYSE:TRU,0.08739452703942434
2022-03-23,17,AR1 alpha + Enhanced + One-Step,NYSE:TRU,0.08174752572701248
2022-03-24,17,AR1 alpha + Enhanced + One-Step,NYSE:TRU,0.079191324649939
2022-03-25,17,AR1 alpha + Enhanced + One-Step,NYSE:TRU,0.07918954675225143
2022-03-28,17,AR1 alpha + Enhanced + One-Step,NYSE:TRU,0.07918899464323012
2022-03-29,17,AR1 alpha + Enhanced + One-Step,NYSE:TRU,0.07918660406425472
2022-03-30,17,AR1 alpha + Enhanced + One-Step,NYSE:TRU,0.076539765673584
2022-03-31,17,AR1 alpha + Enhanced + One-Step,NYSE:TRU,0.07031230529389693
2022-04-01,17,AR1 alpha + Enhanced + One-Step,NYSE:TRU,0.054762860642233714
2022-04-04,17,AR1 alpha + Enhanced + One-Step,NYSE:TRU,0.05457226444170143
2022-04-05,17,AR1 alpha + Enhanced + One-Step,NYSE:TRU,0.0372291159330003
2022-04-06,17,AR1 alpha + Enhanced + One-Step,NYSE:TRU,0.01917679257122946
2022-04-07,17,AR1 alpha + Enhanced + One-Step,NYSE:TRU,0.013176743285702727
2022-04-08,17,AR1 alpha + Enhanced + One-Step,NYSE:TRU,0.011662990552828096
2022-04-11,17,AR1 alpha + Enhanced + One-Step,NYSE:TRU,0.0
2022-04-12,17,AR1 alpha + Enhanced + One-Step,NYSE:TRU,0.0
2022-04-13,17,AR1 alpha + Enhanced + One-Step,NYSE:TRU,4.152150354649813e-08
2022-04-14,17,AR1 alpha + Enhanced + One-Step,NYSE:TRU,0.0
2022-04-18,17,AR1 alpha + Enhanced + One-Step,NYSE:TRU,0.0
2022-04-19,17,AR1 alpha + Enhanced + One-Step,NYSE:TRU,0.0
2022-04-20,17,AR1 alpha + Enhanced + One-Step,NYSE:TRU,0.0
2022-04-21,17,AR1 alpha + Enhanced + One-Step,NYSE:TRU,0.0
2022-04-22,17,AR1 alpha + Enhanced + One-Step,NYSE:TRU,0.0
2022-04-25,17,AR1 alpha + Enhanced + One-Step,NYSE:TRU,0.0
2022-04-26,17,AR1 alpha + Enhanced + One-Step,NYSE:TRU,1.1034521660825197e-07
2022-04-27,17,AR1 alpha + Enhanced + One-Step,NYSE:TRU,0.0
2022-04-28,17,AR1 alpha + Enhanced + One-Step,NYSE:TRU,0.0
2022-04-29,17,AR1 alpha + Enhanced + One-Step,NYSE:TRU,0.0
2022-05-02,17,AR1 alpha + Enhanced + One-Step,NYSE:TRU,0.0
2022-05-03,17,AR1 alpha + Enhanced + One-Step,NYSE:TRU,0.0
2022-05-04,17,AR1 alpha + Enhanced + One-Step,NYSE:TRU,0.0
2022-05-05,17,AR1 alpha + Enhanced + One-Step,NYSE:TRU,0.0
2022-05-06,17,AR1 alpha + Enhanced + One-Step,NYSE:TRU,0.0
2022-05-09,17,AR1 alpha + Enhanced + One-Step,NYSE:TRU,0.0
2022-05-10,17,AR1 alpha + Enhanced + One-Step,NYSE:TRU,0.0
2022-05-11,17,AR1 alpha + Enhanced + One-Step,NYSE:TRU,0.0
2022-05-12,17,AR1 alpha + Enhanced + One-Step,NYSE:TRU,0.0
2022-05-13,17,AR1 alpha + Enhanced + One-Step,NYSE:TRU,0.0
2022-05-16,17,AR1 alpha + Enhanced + One-Step,NYSE:TRU,0.0
2022-05-17,17,AR1 alpha + Enhanced + One-Step,NYSE:TRU,0.0
2022-05-18,17,AR1 alpha + Enhanced + One-Step,NYSE:TRU,0.0
2022-05-19,17,AR1 alpha + Enhanced + One-Step,NYSE:TRU,0.0
2022-05-20,17,AR1 alpha + Enhanced + One-Step,NYSE:TRU,0.0
2022-05-23,17,AR1 alpha + Enhanced + One-Step,NYSE:TRU,0.0
2022-05-24,17,AR1 alpha + Enhanced + One-Step,NYSE:TRU,0.0
2022-05-25,17,AR1 alpha + Enhanced + One-Step,NYSE:TRU,0.0
2022-05-26,17,AR1 alpha + Enhanced + One-Step,NYSE:TRU,3.030150704610763e-09
2022-05-27,17,AR1 alpha + Enhanced + One-Step,NYSE:TRU,2.9201615501845474e-08
2022-05-31,17,AR1 alpha + Enhanced + One-Step,NYSE:TRU,0.0
2022-06-01,17,AR1 alpha + Enhanced + One-Step,NYSE:TRU,4.978493165763183e-07
2022-06-02,17,AR1 alpha + Enhanced + One-Step,NYSE:TRU,5.839735799114178e-07
2022-06-03,17,AR1 alpha + Enhanced + One-Step,NYSE:TRU,0.0
2022-06-06,17,AR1 alpha + Enhanced + One-Step,NYSE:TRU,0.0
2022-06-07,17,AR1 alpha + Enhanced + One-Step,NYSE:TRU,0.0
2022-06-08,17,AR1 alpha + Enhanced + One-Step,NYSE:TRU,0.0
2022-06-09,17,AR1 alpha + Enhanced + One-Step,NYSE:TRU,0.0
2022-06-10,17,AR1 alpha + Enhanced + One-Step,NYSE:TRU,0.0
2022-06-13,17,AR1 alpha + Enhanced + One-Step,NYSE:TRU,0.0
2022-06-14,17,AR1 alpha + Enhanced + One-Step,NYSE:TRU,2.0994319831871972e-07
2022-06-15,17,AR1 alpha + Enhanced + One-Step,NYSE:TRU,0.0
2022-06-16,17,AR1 alpha + Enhanced + One-Step,NYSE:TRU,0.0
2022-06-17,17,AR1 alpha + Enhanced + One-Step,NYSE:TRU,0.0
2022-06-21,17,AR1 alpha + Enhanced + One-Step,NYSE:TRU,0.0
2022-06-22,17,AR1 alpha + Enhanced + One-Step,NYSE:TRU,0.0
2022-06-23,17,AR1 alpha + Enhanced + One-Step,NYSE:TRU,0.0
2022-06-24,17,AR1 alpha + Enhanced + One-Step,NYSE:TRU,0.0
2022-06-27,17,AR1 alpha + Enhanced + One-Step,NYSE:TRU,1.775065755522814e-07
2022-06-28,17,AR1 alpha + Enhanced + One-Step,NYSE:TRU,1.2041995087654735e-07
2022-06-29,17,AR1 alpha + Enhanced + One-Step,NYSE:TRU,0.0
2022-06-30,17,AR1 alpha + Enhanced + One-Step,NYSE:TRU,1.285271245251991e-07
2022-07-01,17,AR1 alpha + Enhanced + One-Step,NYSE:TRU,0.0
2022-07-05,17,AR1 alpha + Enhanced + One-Step,NYSE:TRU,0.0
2022-07-06,17,AR1 alpha + Enhanced + One-Step,NYSE:TRU,0.0
2022-07-07,17,AR1 alpha + Enhanced + One-Step,NYSE:TRU,0.0
2022-07-08,17,AR1 alpha + Enhanced + One-Step,NYSE:TRU,0.0
2022-07-11,17,AR1 alpha + Enhanced + One-Step,NYSE:TRU,0.0
2022-07-12,17,AR1 alpha + Enhanced + One-Step,NYSE:TRU,0.0
2022-07-13,17,AR1 alpha + Enhanced + One-Step,NYSE:TRU,0.0
2022-07-14,17,AR1 alpha + Enhanced + One-Step,NYSE:TRU,4.070482919873722e-09
2022-07-15,17,AR1 alpha + Enhanced + One-Step,NYSE:TRU,1.9845872952164916e-08
2022-07-18,17,AR1 alpha + Enhanced + One-Step,NYSE:TRU,0.0
2022-07-19,17,AR1 alpha + Enhanced + One-Step,NYSE:TRU,0.0
2022-07-20,17,AR1 alpha + Enhanced + One-Step,NYSE:TRU,0.0
2022-07-21,17,AR1 alpha + Enhanced + One-Step,NYSE:TRU,0.0
2022-07-22,17,AR1 alpha + Enhanced + One-Step,NYSE:TRU,0.0
2022-07-25,17,AR1 alpha + Enhanced + One-Step,NYSE:TRU,4.3440007493798123e-07
2022-07-26,17,AR1 alpha + Enhanced + One-Step,NYSE:TRU,0.0
2022-07-27,17,AR1 alpha + Enhanced + One-Step,NYSE:TRU,6.461210465094195e-11
2022-07-28,17,AR1 alpha + Enhanced + One-Step,NYSE:TRU,1.3012847841103127e-08
2022-07-29,17,AR1 alpha + Enhanced + One-Step,NYSE:TRU,0.0
2022-08-01,17,AR1 alpha + Enhanced + One-Step,NYSE:TRU,0.0
2022-08-02,17,AR1 alpha + Enhanced + One-Step,NYSE:TRU,0.0
2022-08-03,17,AR1 alpha + Enhanced + One-Step,NYSE:TRU,0.0
2022-08-04,17,AR1 alpha + Enhanced + One-Step,NYSE:TRU,1.330850460996318e-07
2022-08-05,17,AR1 alpha + Enhanced + One-Step,NYSE:TRU,0.0
2022-08-08,17,AR1 alpha + Enhanced + One-Step,NYSE:TRU,0.0
2022-08-09,17,AR1 alpha + Enhanced + One-Step,NYSE:TRU,5.28781171878168e-07
2022-08-10,17,AR1 alpha + Enhanced + One-Step,NYSE:TRU,0.0
2022-08-11,17,AR1 alpha + Enhanced + One-Step,NYSE:TRU,0.0
2022-08-12,17,AR1 alpha + Enhanced + One-Step,NYSE:TRU,1.1653780808400874e-09
2022-08-15,17,AR1 alpha + Enhanced + One-Step,NYSE:TRU,0.0
2022-08-16,17,AR1 alpha + Enhanced + One-Step,NYSE:TRU,2.992971739058175e-08
2022-08-17,17,AR1 alpha + Enhanced + One-Step,NYSE:TRU,3.7742076160912184e-07
2022-08-18,17,AR1 alpha + Enhanced + One-Step,NYSE:TRU,0.0
2022-08-19,17,AR1 alpha + Enhanced + One-Step,NYSE:TRU,0.0
2022-08-22,17,AR1 alpha + Enhanced + One-Step,NYSE:TRU,0.0
2022-08-23,17,AR1 alpha + Enhanced + One-Step,NYSE:TRU,0.0
2022-08-24,17,AR1 alpha + Enhanced + One-Step,NYSE:TRU,0.0
2022-08-25,17,AR1 alpha + Enhanced + One-Step,NYSE:TRU,0.0
2022-08-26,17,AR1 alpha + Enhanced + One-Step,NYSE:TRU,0.0
2022-08-29,17,AR1 alpha + Enhanced + One-Step,NYSE:TRU,4.666005535297836e-08
2022-08-30,17,AR1 alpha + Enhanced + One-Step,NYSE:TRU,0.0
2022-08-31,17,AR1 alpha + Enhanced + One-Step,NYSE:TRU,0.0
2022-09-01,17,AR1 alpha + Enhanced + One-Step,NYSE:TRU,1.1016583471371728e-07
2022-09-02,17,AR1 alpha + Enhanced + One-Step,NYSE:TRU,5.709304477700241e-08
2022-09-06,17,AR1 alpha + Enhanced + One-Step,NYSE:TRU,4.4840619831132675e-08
2022-09-07,17,AR1 alpha + Enhanced + One-Step,NYSE:TRU,4.369899444649356e-08
2022-09-08,17,AR1 alpha + Enhanced + One-Step,NYSE:TRU,1.277460626304854e-07
2022-09-09,17,AR1 alpha + Enhanced + One-Step,NYSE:TRU,0.0
2022-09-12,17,AR1 alpha + Enhanced + One-Step,NYSE:TRU,0.0
2022-09-13,17,AR1 alpha + Enhanced + One-Step,NYSE:TRU,2.3575937526646923e-09
2022-09-14,17,AR1 alpha + Enhanced + One-Step,NYSE:TRU,0.0
2022-09-15,17,AR1 alpha + Enhanced + One-Step,NYSE:TRU,0.0
2022-09-16,17,AR1 alpha + Enhanced + One-Step,NYSE:TRU,4.5873067009907e-08
2022-09-19,17,AR1 alpha + Enhanced + One-Step,NYSE:TRU,0.0
2022-09-20,17,AR1 alpha + Enhanced + One-Step,NYSE:TRU,1.2948841500386027e-07
2022-09-21,17,AR1 alpha + Enhanced + One-Step,NYSE:TRU,0.0
2022-09-22,17,AR1 alpha + Enhanced + One-Step,NYSE:TRU,0.0
2022-09-23,17,AR1 alpha + Enhanced + One-Step,NYSE:TRU,0.0
2022-09-26,17,AR1 alpha + Enhanced + One-Step,NYSE:TRU,0.0
2022-09-27,17,AR1 alpha + Enhanced + One-Step,NYSE:TRU,0.0
2022-09-28,17,AR1 alpha + Enhanced + One-Step,NYSE:TRU,0.0
2022-09-29,17,AR1 alpha + Enhanced + One-Step,NYSE:TRU,3.038277840938586e-07
2022-09-30,17,AR1 alpha + Enhanced + One-Step,NYSE:TRU,1.1013328480945409e-07
2022-10-03,17,AR1 alpha + Enhanced + One-Step,NYSE:TRU,6.333948325758154e-08
2022-10-04,17,AR1 alpha + Enhanced + One-Step,NYSE:TRU,8.473051896057953e-08
2022-10-05,17,AR1 alpha + Enhanced + One-Step,NYSE:TRU,0.0
2022-10-06,17,AR1 alpha + Enhanced + One-Step,NYSE:TRU,0.0
2022-10-07,17,AR1 alpha + Enhanced + One-Step,NYSE:TRU,4.6411141156365564e-08
2022-10-10,17,AR1 alpha + Enhanced + One-Step,NYSE:TRU,0.0
2022-10-11,17,AR1 alpha + Enhanced + One-Step,NYSE:TRU,0.0
2022-10-12,17,AR1 alpha + Enhanced + One-Step,NYSE:TRU,0.0
2022-10-13,17,AR1 alpha + Enhanced + One-Step,NYSE:TRU,1.4470804678334356e-06
2022-10-14,17,AR1 alpha + Enhanced + One-Step,NYSE:TRU,6.871174491403547e-07
2022-10-17,17,AR1 alpha + Enhanced + One-Step,NYSE:TRU,3.8017583510654747e-07
2022-10-18,17,AR1 alpha + Enhanced + One-Step,NYSE:TRU,2.519023535850718e-07
2022-10-19,17,AR1 alpha + Enhanced + One-Step,NYSE:TRU,1.706076619057694e-07
2022-10-20,17,AR1 alpha + Enhanced + One-Step,NYSE:TRU,0.0
2022-10-21,17,AR1 alpha + Enhanced + One-Step,NYSE:TRU,3.158246904091944e-08
2022-10-24,17,AR1 alpha + Enhanced + One-Step,NYSE:TRU,0.0
2022-10-25,17,AR1 alpha + Enhanced + One-Step,NYSE:TRU,1.1123711840550508e-08
2022-10-26,17,AR1 alpha + Enhanced + One-Step,NYSE:TRU,5.279751035836436e-08
2022-10-27,17,AR1 alpha + Enhanced + One-Step,NYSE:TRU,0.0
2022-10-28,17,AR1 alpha + Enhanced + One-Step,NYSE:TRU,0.0
2022-10-31,17,AR1 alpha + Enhanced + One-Step,NYSE:TRU,0.0
2022-11-01,17,AR1 alpha + Enhanced + One-Step,NYSE:TRU,0.0
2022-11-02,17,AR1 alpha + Enhanced + One-Step,NYSE:TRU,2.5331577292160482e-08
2022-11-03,17,AR1 alpha + Enhanced + One-Step,NYSE:TRU,1.259238225532563e-06
2022-11-04,17,AR1 alpha + Enhanced + One-Step,NYSE:TRU,4.889534923610083e-07
2022-11-07,17,AR1 alpha + Enhanced + One-Step,NYSE:TRU,0.0
2022-11-08,17,AR1 alpha + Enhanced + One-Step,NYSE:TRU,6.991229684751991e-08
2022-11-09,17,AR1 alpha + Enhanced + One-Step,NYSE:TRU,0.0
2022-11-10,17,AR1 alpha + Enhanced + One-Step,NYSE:TRU,9.43060643489583e-09
2022-11-11,17,AR1 alpha + Enhanced + One-Step,NYSE:TRU,6.663037582195671e-09
2022-11-14,17,AR1 alpha + Enhanced + One-Step,NYSE:TRU,0.0
2022-11-15,17,AR1 alpha + Enhanced + One-Step,NYSE:TRU,1.7413716225851295e-08
2022-11-16,17,AR1 alpha + Enhanced + One-Step,NYSE:TRU,0.0
2022-11-17,17,AR1 alpha + Enhanced + One-Step,NYSE:TRU,0.0
2022-11-18,17,AR1 alpha + Enhanced + One-Step,NYSE:TRU,2.9779880223076087e-08
2022-11-21,17,AR1 alpha + Enhanced + One-Step,NYSE:TRU,0.0
2022-11-22,17,AR1 alpha + Enhanced + One-Step,NYSE:TRU,0.0
2022-11-23,17,AR1 alpha + Enhanced + One-Step,NYSE:TRU,3.07499734396856e-07
2022-11-25,17,AR1 alpha + Enhanced + One-Step,NYSE:TRU,3.30465446634498e-07
2022-11-28,17,AR1 alpha + Enhanced + One-Step,NYSE:TRU,2.1474653086251613e-07
2022-11-29,17,AR1 alpha + Enhanced + One-Step,NYSE:TRU,1.3732574623971247e-07
2022-11-30,17,AR1 alpha + Enhanced + One-Step,NYSE:TRU,8.811651872764948e-08
2022-12-01,17,AR1 alpha + Enhanced + One-Step,NYSE:TRU,0.0
2022-12-02,17,AR1 alpha + Enhanced + One-Step,NYSE:TRU,3.185317036134321e-08
2022-12-05,17,AR1 alpha + Enhanced + One-Step,NYSE:TRU,0.0
2022-12-06,17,AR1 alpha + Enhanced + One-Step,NYSE:TRU,0.0
2022-12-07,17,AR1 alpha + Enhanced + One-Step,NYSE:TRU,0.0
2022-12-08,17,AR1 alpha + Enhanced + One-Step,NYSE:TRU,0.0
2022-12-09,17,AR1 alpha + Enhanced + One-Step,NYSE:TRU,0.0
2022-12-12,17,AR1 alpha + Enhanced + One-Step,NYSE:TRU,0.0
2022-12-13,17,AR1 alpha + Enhanced + One-Step,NYSE:TRU,0.0
2022-12-14,17,AR1 alpha + Enhanced + One-Step,NYSE:TRU,0.0
2022-12-15,17,AR1 alpha + Enhanced + One-Step,NYSE:TRU,0.0
2022-12-16,17,AR1 alpha + Enhanced + One-Step,NYSE:TRU,0.0
2022-12-19,17,AR1 alpha + Enhanced + One-Step,NYSE:TRU,0.0
2022-12-20,17,AR1 alpha + Enhanced + One-Step,NYSE:TRU,0.0
2022-12-21,17,AR1 alpha + Enhanced + One-Step,NYSE:TRU,0.0
2022-12-22,17,AR1 alpha + Enhanced + One-Step,NYSE:TRU,0.0
2022-12-23,17,AR1 alpha + Enhanced + One-Step,NYSE:TRU,1.6119906811884933e-08
2022-12-27,17,AR1 alpha + Enhanced + One-Step,NYSE:TRU,1.8289338428158844e-08
2022-12-28,17,AR1 alpha + Enhanced + One-Step,NYSE:TRU,0.0
2022-12-29,17,AR1 alpha + Enhanced + One-Step,NYSE:TRU,0.0
2022-12-30,17,AR1 alpha + Enhanced + One-Step,NYSE:TRU,0.0
2023-01-03,17,AR1 alpha + Enhanced + One-Step,NYSE:TRU,5.373522801958683e-09
2023-01-04,17,AR1 alpha + Enhanced + One-Step,NYSE:TRU,2.577227373170595e-09
2023-01-05,17,AR1 alpha + Enhanced + One-Step,NYSE:TRU,4.099630094043523e-07
2023-01-06,17,AR1 alpha + Enhanced + One-Step,NYSE:TRU,2.2138756651751708e-07
2023-01-09,17,AR1 alpha + Enhanced + One-Step,NYSE:TRU,0.0
2023-01-10,17,AR1 alpha + Enhanced + One-Step,NYSE:TRU,1.39586941841258e-07
2023-01-11,17,AR1 alpha + Enhanced + One-Step,NYSE:TRU,0.0
2023-01-12,17,AR1 alpha + Enhanced + One-Step,NYSE:TRU,0.0
2023-01-13,17,AR1 alpha + Enhanced + One-Step,NYSE:TRU,0.0
2023-01-17,17,AR1 alpha + Enhanced + One-Step,NYSE:TRU,0.0
2023-01-18,17,AR1 alpha + Enhanced + One-Step,NYSE:TRU,2.2025890354573063e-07
2023-01-19,17,AR1 alpha + Enhanced + One-Step,NYSE:TRU,0.0
2023-01-20,17,AR1 alpha + Enhanced + One-Step,NYSE:TRU,0.0
2023-01-23,17,AR1 alpha + Enhanced + One-Step,NYSE:TRU,0.0
2023-01-24,17,AR1 alpha + Enhanced + One-Step,NYSE:TRU,1.6435427165827338e-08
2023-01-25,17,AR1 alpha + Enhanced + One-Step,NYSE:TRU,2.0897781071903968e-08
2023-01-26,17,AR1 alpha + Enhanced + One-Step,NYSE:TRU,0.0
2023-01-27,17,AR1 alpha + Enhanced + One-Step,NYSE:TRU,0.0
2023-01-30,17,AR1 alpha + Enhanced + One-Step,NYSE:TRU,9.548086722495054e-08
2023-01-31,17,AR1 alpha + Enhanced + One-Step,NYSE:TRU,0.0
2023-02-01,17,AR1 alpha + Enhanced + One-Step,NYSE:TRU,0.0
2023-02-02,17,AR1 alpha + Enhanced + One-Step,NYSE:TRU,8.281855247895059e-07
2023-02-03,17,AR1 alpha + Enhanced + One-Step,NYSE:TRU,4.798697324631724e-07
2023-02-06,17,AR1 alpha + Enhanced + One-Step,NYSE:TRU,6.903201254568813e-07
2023-02-07,17,AR1 alpha + Enhanced + One-Step,NYSE:TRU,1.977603909436769e-06
2023-02-08,17,AR1 alpha + Enhanced + One-Step,NYSE:TRU,9.047424944740176e-07
2023-02-09,17,AR1 alpha + Enhanced + One-Step,NYSE:TRU,4.221545071568582e-07
2023-02-10,17,AR1 alpha + Enhanced + One-Step,NYSE:TRU,0.0
2023-02-13,17,AR1 alpha + Enhanced + One-Step,NYSE:TRU,2.5740665105968683e-08
2023-02-14,17,AR1 alpha + Enhanced + One-Step,NYSE:TRU,1.2971026558127114e-06
2023-02-15,17,AR1 alpha + Enhanced + One-Step,NYSE:TRU,7.765288632652021e-07
2023-02-16,17,AR1 alpha + Enhanced + One-Step,NYSE:TRU,0.0
2023-02-17,17,AR1 alpha + Enhanced + One-Step,NYSE:TRU,0.0
2023-02-21,17,AR1 alpha + Enhanced + One-Step,NYSE:TRU,0.0
2023-02-22,17,AR1 alpha + Enhanced + One-Step,NYSE:TRU,0.0
2023-02-23,17,AR1 alpha + Enhanced + One-Step,NYSE:TRU,0.0
2023-02-24,17,AR1 alpha + Enhanced + One-Step,NYSE:TRU,1.8322673080286287e-06
2023-02-27,17,AR1 alpha + Enhanced + One-Step,NYSE:TRU,1.179584901234512e-06
2023-02-28,17,AR1 alpha + Enhanced + One-Step,NYSE:TRU,1.3404060597447975e-06
2023-03-01,17,AR1 alpha + Enhanced + One-Step,NYSE:TRU,7.320830536457423e-07
2023-03-02,17,AR1 alpha + Enhanced + One-Step,NYSE:TRU,0.0
2023-03-03,17,AR1 alpha + Enhanced + One-Step,NYSE:TRU,0.0
2023-03-06,17,AR1 alpha + Enhanced + One-Step,NYSE:TRU,0.0
2023-03-07,17,AR1 alpha + Enhanced + One-Step,NYSE:TRU,0.0
2023-03-08,17,AR1 alpha + Enhanced + One-Step,NYSE:TRU,0.0
2023-03-09,17,AR1 alpha + Enhanced + One-Step,NYSE:TRU,0.0
2023-03-10,17,AR1 alpha + Enhanced + One-Step,NYSE:TRU,0.0
2023-03-13,17,AR1 alpha + Enhanced + One-Step,NYSE:TRU,0.0
2023-03-14,17,AR1 alpha + Enhanced + One-Step,NYSE:TRU,5.984026998422091e-09
2023-03-15,17,AR1 alpha + Enhanced + One-Step,NYSE:TRU,0.0
2023-03-16,17,AR1 alpha + Enhanced + One-Step,NYSE:TRU,6.299798682359151e-09
2023-03-17,17,AR1 alpha + Enhanced + One-Step,NYSE:TRU,0.0
2023-03-20,17,AR1 alpha + Enhanced + One-Step,NYSE:TRU,0.0
2023-03-21,17,AR1 alpha + Enhanced + One-Step,NYSE:TRU,0.0
2023-03-22,17,AR1 alpha + Enhanced + One-Step,NYSE:TRU,0.0
2023-03-23,17,AR1 alpha + Enhanced + One-Step,NYSE:TRU,0.0
2023-03-24,17,AR1 alpha + Enhanced + One-Step,NYSE:TRU,0.0
2023-03-27,17,AR1 alpha + Enhanced + One-Step,NYSE:TRU,0.0
2023-03-28,17,AR1 alpha + Enhanced + One-Step,NYSE:TRU,0.0
2023-03-29,17,AR1 alpha + Enhanced + One-Step,NYSE:TRU,7.706899278749745e-09
2023-03-30,17,AR1 alpha + Enhanced + One-Step,NYSE:TRU,1.9647516504004515e-08
2023-03-31,17,AR1 alpha + Enhanced + One-Step,NYSE:TRU,1.1512866360354563e-07
2023-04-03,17,AR1 alpha + Enhanced + One-Step,NYSE:TRU,0.0
2023-04-04,17,AR1 alpha + Enhanced + One-Step,NYSE:TRU,0.0
2023-04-05,17,AR1 alpha + Enhanced + One-Step,NYSE:TRU,0.0
2023-04-06,17,AR1 alpha + Enhanced + One-Step,NYSE:TRU,2.2243069742226398e-07
2023-04-10,17,AR1 alpha + Enhanced + One-Step,NYSE:TRU,7.615364921471496e-07
2023-04-11,17,AR1 alpha + Enhanced + One-Step,NYSE:TRU,0.0
2023-04-12,17,AR1 alpha + Enhanced + One-Step,NYSE:TRU,0.0
2023-04-13,17,AR1 alpha + Enhanced + One-Step,NYSE:TRU,0.0
2023-04-14,17,AR1 alpha + Enhanced + One-Step,NYSE:TRU,0.0
2023-04-17,17,AR1 alpha + Enhanced + One-Step,NYSE:TRU,7.627311958390561e-08
2023-04-18,17,AR1 alpha + Enhanced + One-Step,NYSE:TRU,0.0
2023-04-19,17,AR1 alpha + Enhanced + One-Step,NYSE:TRU,0.0
2023-04-20,17,AR1 alpha + Enhanced + One-Step,NYSE:TRU,2.254102992992625e-08
2023-04-21,17,AR1 alpha + Enhanced + One-Step,NYSE:TRU,0.0
2023-04-24,17,AR1 alpha + Enhanced + One-Step,NYSE:TRU,0.0
2023-04-25,17,AR1 alpha + Enhanced + One-Step,NYSE:TRU,0.0
2023-04-26,17,AR1 alpha + Enhanced + One-Step,NYSE:TRU,0.0
2023-04-27,17,AR1 alpha + Enhanced + One-Step,NYSE:TRU,0.0
2023-04-28,17,AR1 alpha + Enhanced + One-Step,NYSE:TRU,5.8127426268750907e-08
2023-05-01,17,AR1 alpha + Enhanced + One-Step,NYSE:TRU,0.0
2023-05-02,17,AR1 alpha + Enhanced + One-Step,NYSE:TRU,9.114516204856538e-08
2023-05-03,17,AR1 alpha + Enhanced + One-Step,NYSE:TRU,0.0
2023-05-04,17,AR1 alpha + Enhanced + One-Step,NYSE:TRU,0.0
2023-05-05,17,AR1 alpha + Enhanced + One-Step,NYSE:TRU,0.0
2023-05-08,17,AR1 alpha + Enhanced + One-Step,NYSE:TRU,1.040360850940864e-07
2023-05-09,17,AR1 alpha + Enhanced + One-Step,NYSE:TRU,3.887508146942527e-08
2023-05-10,17,AR1 alpha + Enhanced + One-Step,NYSE:TRU,3.6420929169797264e-07
2023-05-11,17,AR1 alpha + Enhanced + One-Step,NYSE:TRU,2.4829789689837665e-07
2023-05-12,17,AR1 alpha + Enhanced + One-Step,NYSE:TRU,2.986616018458995e-07
2023-05-15,17,AR1 alpha + Enhanced + One-Step,NYSE:TRU,0.0
2023-05-16,17,AR1 alpha + Enhanced + One-Step,NYSE:TRU,6.551771622516696e-08
2023-05-17,17,AR1 alpha + Enhanced + One-Step,NYSE:TRU,0.0
2023-05-18,17,AR1 alpha + Enhanced + One-Step,NYSE:TRU,9.538077992673104e-07
2023-05-19,17,AR1 alpha + Enhanced + One-Step,NYSE:TRU,4.5745720371863433e-07
2023-05-22,17,AR1 alpha + Enhanced + One-Step,NYSE:TRU,2.8326310577550387e-07
2023-05-23,17,AR1 alpha + Enhanced + One-Step,NYSE:TRU,0.0
2023-05-24,17,AR1 alpha + Enhanced + One-Step,NYSE:TRU,1.4152085157517169e-08
2023-05-25,17,AR1 alpha + Enhanced + One-Step,NYSE:TRU,0.0
2023-05-26,17,AR1 alpha + Enhanced + One-Step,NYSE:TRU,5.1187113797136784e-08
2023-05-30,17,AR1 alpha + Enhanced + One-Step,NYSE:TRU,5.5990995343205974e-08
2023-05-31,17,AR1 alpha + Enhanced + One-Step,NYSE:TRU,0.0
2023-06-01,17,AR1 alpha + Enhanced + One-Step,NYSE:TRU,0.0
2023-06-02,17,AR1 alpha + Enhanced + One-Step,NYSE:TRU,0.0
2023-06-05,17,AR1 alpha + Enhanced + One-Step,NYSE:TRU,0.0
2023-06-06,17,AR1 alpha + Enhanced + One-Step,NYSE:TRU,2.373055924286015e-06
2023-06-07,17,AR1 alpha + Enhanced + One-Step,NYSE:TRU,2.1721310980081542e-06
2023-06-08,17,AR1 alpha + Enhanced + One-Step,NYSE:TRU,1.211505331512644e-06
2023-06-09,17,AR1 alpha + Enhanced + One-Step,NYSE:TRU,0.0
2023-06-12,17,AR1 alpha + Enhanced + One-Step,NYSE:TRU,0.0
2023-06-13,17,AR1 alpha + Enhanced + One-Step,NYSE:TRU,0.0
2023-06-14,17,AR1 alpha + Enhanced + One-Step,NYSE:TRU,0.0
2023-06-15,17,AR1 alpha + Enhanced + One-Step,NYSE:TRU,0.0
2023-06-16,17,AR1 alpha + Enhanced + One-Step,NYSE:TRU,0.0
2023-06-20,17,AR1 alpha + Enhanced + One-Step,NYSE:TRU,0.0
2023-06-21,17,AR1 alpha + Enhanced + One-Step,NYSE:TRU,0.0
2023-06-22,17,AR1 alpha + Enhanced + One-Step,NYSE:TRU,0.0
2023-06-23,17,AR1 alpha + Enhanced + One-Step,NYSE:TRU,0.0
2023-06-26,17,AR1 alpha + Enhanced + One-Step,NYSE:TRU,0.0
2023-06-27,17,AR1 alpha + Enhanced + One-Step,NYSE:TRU,0.0
2023-06-28,17,AR1 alpha + Enhanced + One-Step,NYSE:TRU,0.0
2023-06-29,17,AR1 alpha + Enhanced + One-Step,NYSE:TRU,0.0
2023-06-30,17,AR1 alpha + Enhanced + One-Step,NYSE:TRU,0.0
2023-07-03,17,AR1 alpha + Enhanced + One-Step,NYSE:TRU,0.0
2023-07-05,17,AR1 alpha + Enhanced + One-Step,NYSE:TRU,0.0
2023-07-06,17,AR1 alpha + Enhanced + One-Step,NYSE:TRU,0.0
2023-07-07,17,AR1 alpha + Enhanced + One-Step,NYSE:TRU,0.0
2023-07-10,17,AR1 alpha + Enhanced + One-Step,NYSE:TRU,7.681702225581141e-08
2023-07-11,17,AR1 alpha + Enhanced + One-Step,NYSE:TRU,0.0
2023-07-12,17,AR1 alpha + Enhanced + One-Step,NYSE:TRU,1.0795496472642449e-07
2023-07-13,17,AR1 alpha + Enhanced + One-Step,NYSE:TRU,0.0
2023-07-14,17,AR1 alpha + Enhanced + One-Step,NYSE:TRU,0.0
2023-07-17,17,AR1 alpha + Enhanced + One-Step,NYSE:TRU,0.0
2023-07-18,17,AR1 alpha + Enhanced + One-Step,NYSE:TRU,3.542605798549267e-07
2023-07-19,17,AR1 alpha + Enhanced + One-Step,NYSE:TRU,0.0
2023-07-20,17,AR1 alpha + Enhanced + One-Step,NYSE:TRU,0.0
2023-07-21,17,AR1 alpha + Enhanced + One-Step,NYSE:TRU,0.0
2023-07-24,17,AR1 alpha + Enhanced + One-Step,NYSE:TRU,0.0
2023-07-25,17,AR1 alpha + Enhanced + One-Step,NYSE:TRU,0.0
2023-07-26,17,AR1 alpha + Enhanced + One-Step,NYSE:TRU,0.0
2023-07-27,17,AR1 alpha + Enhanced + One-Step,NYSE:TRU,0.0
2023-08-01,17,AR1 alpha + Enhanced + One-Step,NYSE:TRU,0.0
2023-08-02,17,AR1 alpha + Enhanced + One-Step,NYSE:TRU,0.0
2023-08-03,17,AR1 alpha + Enhanced + One-Step,NYSE:TRU,6.06357998375128e-08
2023-08-04,17,AR1 alpha + Enhanced + One-Step,NYSE:TRU,2.5199580460359854e-06
2023-08-07,17,AR1 alpha + Enhanced + One-Step,NYSE:TRU,1.3276681433995056e-06
2023-08-08,17,AR1 alpha + Enhanced + One-Step,NYSE:TRU,6.756972397131845e-07
2023-08-09,17,AR1 alpha + Enhanced + One-Step,NYSE:TRU,0.0
2023-08-10,17,AR1 alpha + Enhanced + One-Step,NYSE:TRU,0.0
2023-08-11,17,AR1 alpha + Enhanced + One-Step,NYSE:TRU,0.0
2023-08-14,17,AR1 alpha + Enhanced + One-Step,NYSE:TRU,0.0
2023-08-15,17,AR1 alpha + Enhanced + One-Step,NYSE:TRU,0.0
2023-08-16,17,AR1 alpha + Enhanced + One-Step,NYSE:TRU,0.0
2023-08-17,17,AR1 alpha + Enhanced + One-Step,NYSE:TRU,0.0
2023-08-18,17,AR1 alpha + Enhanced + One-Step,NYSE:TRU,0.0
2023-08-21,17,AR1 alpha + Enhanced + One-Step,NYSE:TRU,0.0
2023-08-22,17,AR1 alpha + Enhanced + One-Step,NYSE:TRU,0.0
2023-08-23,17,AR1 alpha + Enhanced + One-Step,NYSE:TRU,0.0
2023-08-24,17,AR1 alpha + Enhanced + One-Step,NYSE:TRU,0.0
2023-08-25,17,AR1 alpha + Enhanced + One-Step,NYSE:TRU,0.0
2023-08-28,17,AR1 alpha + Enhanced + One-Step,NYSE:TRU,0.0
2023-08-29,17,AR1 alpha + Enhanced + One-Step,NYSE:TRU,9.570494285208666e-08
2023-08-30,17,AR1 alpha + Enhanced + One-Step,NYSE:TRU,2.0087520030358777e-07
2023-08-31,17,AR1 alpha + Enhanced + One-Step,NYSE:TRU,2.045612219376633e-07
2023-09-01,17,AR1 alpha + Enhanced + One-Step,NYSE:TRU,0.0
2023-09-05,17,AR1 alpha + Enhanced + One-Step,NYSE:TRU,0.0
2023-09-06,17,AR1 alpha + Enhanced + One-Step,NYSE:TRU,0.0
2023-09-07,17,AR1 alpha + Enhanced + One-Step,NYSE:TRU,0.0
2023-09-08,17,AR1 alpha + Enhanced + One-Step,NYSE:TRU,0.0
2023-09-11,17,AR1 alpha + Enhanced + One-Step,NYSE:TRU,7.335147010344611e-08
2023-09-12,17,AR1 alpha + Enhanced + One-Step,NYSE:TRU,1.485435689568969e-07
2023-09-13,17,AR1 alpha + Enhanced + One-Step,NYSE:TRU,0.0
2023-09-14,17,AR1 alpha + Enhanced + One-Step,NYSE:TRU,7.045871827220764e-08
2023-09-15,17,AR1 alpha + Enhanced + One-Step,NYSE:TRU,2.556203854836774e-07
2023-09-18,17,AR1 alpha + Enhanced + One-Step,NYSE:TRU,3.0354038492993855e-08
2023-09-19,17,AR1 alpha + Enhanced + One-Step,NYSE:TRU,2.909206109174191e-08
2023-09-20,17,AR1 alpha + Enhanced + One-Step,NYSE:TRU,3.25607836817909e-08
2023-09-21,17,AR1 alpha + Enhanced + One-Step,NYSE:TRU,9.424175145362679e-08
2023-09-22,17,AR1 alpha + Enhanced + One-Step,NYSE:TRU,7.98303093130716e-08
2023-09-25,17,AR1 alpha + Enhanced + One-Step,NYSE:TRU,0.0
2023-09-26,17,AR1 alpha + Enhanced + One-Step,NYSE:TRU,0.0
2023-09-27,17,AR1 alpha + Enhanced + One-Step,NYSE:TRU,0.0
2023-09-28,17,AR1 alpha + Enhanced + One-Step,NYSE:TRU,0.0
2023-09-29,17,AR1 alpha + Enhanced + One-Step,NYSE:TRU,0.0
2023-10-02,17,AR1 alpha + Enhanced + One-Step,NYSE:TRU,0.0
2023-10-03,17,AR1 alpha + Enhanced + One-Step,NYSE:TRU,0.0
2023-10-04,17,AR1 alpha + Enhanced + One-Step,NYSE:TRU,0.0
2023-10-05,17,AR1 alpha + Enhanced + One-Step,NYSE:TRU,0.0
2023-10-06,17,AR1 alpha + Enhanced + One-Step,NYSE:TRU,0.0
2023-10-09,17,AR1 alpha + Enhanced + One-Step,NYSE:TRU,0.0
2023-10-10,17,AR1 alpha + Enhanced + One-Step,NYSE:TRU,1.932393412422583e-07
2023-10-11,17,AR1 alpha + Enhanced + One-Step,NYSE:TRU,0.0
2023-10-12,17,AR1 alpha + Enhanced + One-Step,NYSE:TRU,5.026908880728037e-09
2023-10-13,17,AR1 alpha + Enhanced + One-Step,NYSE:TRU,2.1882502497308447e-08
2023-10-16,17,AR1 alpha + Enhanced + One-Step,NYSE:TRU,4.1024101404990235e-08
2023-10-17,17,AR1 alpha + Enhanced + One-Step,NYSE:TRU,0.0
2023-10-18,17,AR1 alpha + Enhanced + One-Step,NYSE:TRU,1.1263369076798781e-07
2023-10-19,17,AR1 alpha + Enhanced + One-Step,NYSE:TRU,4.7164957981035004e-08
2023-10-20,17,AR1 alpha + Enhanced + One-Step,NYSE:TRU,5.933178879080567e-08
2023-10-23,17,AR1 alpha + Enhanced + One-Step,NYSE:TRU,0.0
2023-10-24,17,AR1 alpha + Enhanced + One-Step,NYSE:TRU,0.0
2023-10-25,17,AR1 alpha + Enhanced + One-Step,NYSE:TRU,0.0
2023-10-26,17,AR1 alpha + Enhanced + One-Step,NYSE:TRU,0.0
2023-10-27,17,AR1 alpha + Enhanced + One-Step,NYSE:TRU,0.0
2023-10-30,17,AR1 alpha + Enhanced + One-Step,NYSE:TRU,1.8323302921939618e-07
2023-10-31,17,AR1 alpha + Enhanced + One-Step,NYSE:TRU,2.1435387576692667e-07
2023-11-01,17,AR1 alpha + Enhanced + One-Step,NYSE:TRU,0.0
2023-11-02,17,AR1 alpha + Enhanced + One-Step,NYSE:TRU,1.5822099091565771e-06
2023-11-03,17,AR1 alpha + Enhanced + One-Step,NYSE:TRU,0.0003377922903821498
2023-11-06,17,AR1 alpha + Enhanced + One-Step,NYSE:TRU,0.00033796467504679576
2023-11-07,17,AR1 alpha + Enhanced + One-Step,NYSE:TRU,0.0027676208514164293
2023-11-08,17,AR1 alpha + Enhanced + One-Step,NYSE:TRU,0.018289793442992124
2023-11-09,17,AR1 alpha + Enhanced + One-Step,NYSE:TRU,0.04322476505422225
2023-11-10,17,AR1 alpha + Enhanced + One-Step,NYSE:TRU,0.04322458902122036
2023-11-13,17,AR1 alpha + Enhanced + One-Step,NYSE:TRU,0.04057085549468354
2023-11-14,17,AR1 alpha + Enhanced + One-Step,NYSE:TRU,0.06561991054470542
2023-11-15,17,AR1 alpha + Enhanced + One-Step,NYSE:TRU,0.09063458073972898
2023-11-16,17,AR1 alpha + Enhanced + One-Step,NYSE:TRU,0.09999896912855823
2023-11-17,17,AR1 alpha + Enhanced + One-Step,NYSE:TRU,0.09999906680453917
2023-11-20,17,AR1 alpha + Enhanced + One-Step,NYSE:TRU,0.09999949418598526
2023-11-21,17,AR1 alpha + Enhanced + One-Step,NYSE:TRU,0.09999971266593104
2023-11-22,17,AR1 alpha + Enhanced + One-Step,NYSE:TRU,0.09695092502342996
2023-11-24,17,AR1 alpha + Enhanced + One-Step,NYSE:TRU,0.0835569945133847
2023-11-27,17,AR1 alpha + Enhanced + One-Step,NYSE:TRU,0.05855083157857398
2023-11-28,17,AR1 alpha + Enhanced + One-Step,NYSE:TRU,0.03354547034176173
2023-11-29,17,AR1 alpha + Enhanced + One-Step,NYSE:TRU,0.009543681093771716
2023-11-30,17,AR1 alpha + Enhanced + One-Step,NYSE:TRU,0.0
2023-12-01,17,AR1 alpha + Enhanced + One-Step,NYSE:TRU,2.164614675967514e-08
2023-12-04,17,AR1 alpha + Enhanced + One-Step,NYSE:TRU,0.0
2023-12-05,17,AR1 alpha + Enhanced + One-Step,NYSE:TRU,0.0
2023-12-06,17,AR1 alpha + Enhanced + One-Step,NYSE:TRU,0.004489414694657043
2023-12-07,17,AR1 alpha + Enhanced + One-Step,NYSE:TRU,0.023934976920172785
2023-12-08,17,AR1 alpha + Enhanced + One-Step,NYSE:TRU,0.023934989365729086
2023-12-11,17,AR1 alpha + Enhanced + One-Step,NYSE:TRU,0.01942670515522779
2023-12-12,17,AR1 alpha + Enhanced + One-Step,NYSE:TRU,0.019426629482980972
2023-12-13,17,AR1 alpha + Enhanced + One-Step,NYSE:TRU,0.044446334302497184
2023-12-14,17,AR1 alpha + Enhanced + One-Step,NYSE:TRU,0.06945262376263674
2023-12-15,17,AR1 alpha + Enhanced + One-Step,NYSE:TRU,0.0943821440864374
2023-12-18,17,AR1 alpha + Enhanced + One-Step,NYSE:TRU,0.09999947809855965
2023-12-19,17,AR1 alpha + Enhanced + One-Step,NYSE:TRU,0.09999940728099263
2023-12-20,17,AR1 alpha + Enhanced + One-Step,NYSE:TRU,0.0749802903924389
2023-12-21,17,AR1 alpha + Enhanced + One-Step,NYSE:TRU,0.06012214786580084
2023-12-22,17,AR1 alpha + Enhanced + One-Step,NYSE:TRU,0.04278591031218129
2023-12-26,17,AR1 alpha + Enhanced + One-Step,NYSE:TRU,0.042784756071451276
2023-12-27,17,AR1 alpha + Enhanced + One-Step,NYSE:TRU,0.03268535164491178
2023-12-28,17,AR1 alpha + Enhanced + One-Step,NYSE:TRU,0.018371473320677418
2023-12-29,17,AR1 alpha + Enhanced + One-Step,NYSE:TRU,1.8499866290778637e-06
2024-01-02,17,AR1 alpha + Enhanced + One-Step,NYSE:TRU,0.0
2024-01-03,17,AR1 alpha + Enhanced + One-Step,NYSE:TRU,0.0
2024-01-04,17,AR1 alpha + Enhanced + One-Step,NYSE:TRU,0.0
2024-01-05,17,AR1 alpha + Enhanced + One-Step,NYSE:TRU,2.1945546734007216e-07
2024-01-08,17,AR1 alpha + Enhanced + One-Step,NYSE:TRU,3.0360335761556525e-07
2024-01-09,17,AR1 alpha + Enhanced + One-Step,NYSE:TRU,0.0
2024-01-10,17,AR1 alpha + Enhanced + One-Step,NYSE:TRU,6.248682165540363e-07
2024-01-11,17,AR1 alpha + Enhanced + One-Step,NYSE:TRU,0.0014705557627424611
2024-01-12,17,AR1 alpha + Enhanced + One-Step,NYSE:TRU,0.021211709579314328
2024-01-16,17,AR1 alpha + Enhanced + One-Step,NYSE:TRU,0.04612615211871054
2024-01-17,17,AR1 alpha + Enhanced + One-Step,NYSE:TRU,0.021204199842576047
2024-01-18,17,AR1 alpha + Enhanced + One-Step,NYSE:TRU,0.0
2024-01-19,17,AR1 alpha + Enhanced + One-Step,NYSE:TRU,0.0
2024-01-22,17,AR1 alpha + Enhanced + One-Step,NYSE:TRU,0.007715088641150976
2024-01-23,17,AR1 alpha + Enhanced + One-Step,NYSE:TRU,0.010338737843359149
2024-01-24,17,AR1 alpha + Enhanced + One-Step,NYSE:TRU,0.0
2024-01-25,17,AR1 alpha + Enhanced + One-Step,NYSE:TRU,0.0
2024-01-26,17,AR1 alpha + Enhanced + One-Step,NYSE:TRU,0.0
2024-01-29,17,AR1 alpha + Enhanced + One-Step,NYSE:TRU,8.237616235657225e-07
2024-01-30,17,AR1 alpha + Enhanced + One-Step,NYSE:TRU,0.0
2024-01-31,17,AR1 alpha + Enhanced + One-Step,NYSE:TRU,0.0
2024-02-01,17,AR1 alpha + Enhanced + One-Step,NYSE:TRU,1.9698526700644801e-07
2024-02-02,17,AR1 alpha + Enhanced + One-Step,NYSE:TRU,0.0
2024-02-05,17,AR1 alpha + Enhanced + One-Step,NYSE:TRU,0.0
2024-02-06,17,AR1 alpha + Enhanced + One-Step,NYSE:TRU,0.0
2024-02-07,17,AR1 alpha + Enhanced + One-Step,NYSE:TRU,0.0
2024-02-08,17,AR1 alpha + Enhanced + One-Step,NYSE:TRU,0.0
2024-02-09,17,AR1 alpha + Enhanced + One-Step,NYSE:TRU,0.0
2024-02-12,17,AR1 alpha + Enhanced + One-Step,NYSE:TRU,0.0
2024-02-13,17,AR1 alpha + Enhanced + One-Step,NYSE:TRU,0.025047217505332595
2024-02-14,17,AR1 alpha + Enhanced + One-Step,NYSE:TRU,0.050056509238225834
2024-02-15,17,AR1 alpha + Enhanced + One-Step,NYSE:TRU,0.07499233781744162
2024-02-16,17,AR1 alpha + Enhanced + One-Step,NYSE:TRU,0.07499269324956566
2024-02-20,17,AR1 alpha + Enhanced + One-Step,NYSE:TRU,0.07499301923169008
2024-02-21,17,AR1 alpha + Enhanced + One-Step,NYSE:TRU,0.0749902672799823
2024-02-22,17,AR1 alpha + Enhanced + One-Step,NYSE:TRU,0.08093454261970091
2024-02-23,17,AR1 alpha + Enhanced + One-Step,NYSE:TRU,0.08093150297283112
2024-02-26,17,AR1 alpha + Enhanced + One-Step,NYSE:TRU,0.0809256109825501
2024-02-27,17,AR1 alpha + Enhanced + One-Step,NYSE:TRU,0.08091836665606013
2024-02-28,17,AR1 alpha + Enhanced + One-Step,NYSE:TRU,0.058521460778225516
2024-02-29,17,AR1 alpha + Enhanced + One-Step,NYSE:TRU,0.05851832567521844
2024-03-01,17,AR1 alpha + Enhanced + One-Step,NYSE:TRU,0.05851568846822463
2024-03-04,17,AR1 alpha + Enhanced + One-Step,NYSE:TRU,0.05851356314833367
2024-03-05,17,AR1 alpha + Enhanced + One-Step,NYSE:TRU,0.03349285046266322
2024-03-06,17,AR1 alpha + Enhanced + One-Step,NYSE:TRU,0.047955895189190266
2024-03-07,17,AR1 alpha + Enhanced + One-Step,NYSE:TRU,0.04795164701683872
2024-03-08,17,AR1 alpha + Enhanced + One-Step,NYSE:TRU,0.06169197369509711
2024-03-11,17,AR1 alpha + Enhanced + One-Step,NYSE:TRU,0.06168690811662019
2024-03-12,17,AR1 alpha + Enhanced + One-Step,NYSE:TRU,0.06168468502960993
2024-03-13,17,AR1 alpha + Enhanced + One-Step,NYSE:TRU,0.03683372245080316
2024-03-14,17,AR1 alpha + Enhanced + One-Step,NYSE:TRU,0.029333560364737814
2024-03-15,17,AR1 alpha + Enhanced + One-Step,NYSE:TRU,0.02933368540457773
2024-03-18,17,AR1 alpha + Enhanced + One-Step,NYSE:TRU,0.029333171815016667
2024-03-19,17,AR1 alpha + Enhanced + One-Step,NYSE:TRU,0.029332770939171294
2024-03-20,17,AR1 alpha + Enhanced + One-Step,NYSE:TRU,0.029332715349263218
2024-03-21,17,AR1 alpha + Enhanced + One-Step,NYSE:TRU,0.03302545435785302
2024-03-22,17,AR1 alpha + Enhanced + One-Step,NYSE:TRU,0.02752270096426633
2024-03-25,17,AR1 alpha + Enhanced + One-Step,NYSE:TRU,0.002517830548474969
2024-03-26,17,AR1 alpha + Enhanced + One-Step,NYSE:TRU,0.0
2024-03-27,17,AR1 alpha + Enhanced + One-Step,NYSE:TRU,0.0
2024-03-28,17,AR1 alpha + Enhanced + One-Step,NYSE:TRU,2.3264450327959176e-07
2024-04-01,17,AR1 alpha + Enhanced + One-Step,NYSE:TRU,2.6610692362301174e-07
2024-04-02,17,AR1 alpha + Enhanced + One-Step,NYSE:TRU,9.561636936131312e-08
2024-04-03,17,AR1 alpha + Enhanced + One-Step,NYSE:TRU,0.0
2024-04-04,17,AR1 alpha + Enhanced + One-Step,NYSE:TRU,0.0
2024-04-05,17,AR1 alpha + Enhanced + One-Step,NYSE:TRU,0.0
2024-04-08,17,AR1 alpha + Enhanced + One-Step,NYSE:TRU,1.3857366859411248e-07
2024-04-09,17,AR1 alpha + Enhanced + One-Step,NYSE:TRU,0.01725133984511034
2024-04-10,17,AR1 alpha + Enhanced + One-Step,NYSE:TRU,0.0
2024-04-11,17,AR1 alpha + Enhanced + One-Step,NYSE:TRU,0.0
2024-04-12,17,AR1 alpha + Enhanced + One-Step,NYSE:TRU,0.0
2024-04-15,17,AR1 alpha + Enhanced + One-Step,NYSE:TRU,0.0
2024-04-16,17,AR1 alpha + Enhanced + One-Step,NYSE:TRU,0.0
2024-04-17,17,AR1 alpha + Enhanced + One-Step,NYSE:TRU,3.519940725372194e-08
2024-04-18,17,AR1 alpha + Enhanced + One-Step,NYSE:TRU,0.0
2024-04-19,17,AR1 alpha + Enhanced + One-Step,NYSE:TRU,0.0
2020-03-25,17,AR1 alpha + Enhanced + One-Step,NYSE:CCS,0.020000000000007227
2020-03-26,17,AR1 alpha + Enhanced + One-Step,NYSE:CCS,0.02000000000001305
2020-03-27,17,AR1 alpha + Enhanced + One-Step,NYSE:CCS,0.01999991334948725
2020-03-30,17,AR1 alpha + Enhanced + One-Step,NYSE:CCS,0.020001219389367903
2020-03-31,17,AR1 alpha + Enhanced + One-Step,NYSE:CCS,0.01999948738725254
2020-04-01,17,AR1 alpha + Enhanced + One-Step,NYSE:CCS,0.0
2020-04-02,17,AR1 alpha + Enhanced + One-Step,NYSE:CCS,0.0
2020-04-03,17,AR1 alpha + Enhanced + One-Step,NYSE:CCS,0.0
2020-04-06,17,AR1 alpha + Enhanced + One-Step,NYSE:CCS,9.516906124103273e-08
2020-04-07,17,AR1 alpha + Enhanced + One-Step,NYSE:CCS,0.0
2020-04-08,17,AR1 alpha + Enhanced + One-Step,NYSE:CCS,2.4337325289702112e-08
2020-04-09,17,AR1 alpha + Enhanced + One-Step,NYSE:CCS,0.0
2020-04-13,17,AR1 alpha + Enhanced + One-Step,NYSE:CCS,1.4486988356350606e-07
2020-04-14,17,AR1 alpha + Enhanced + One-Step,NYSE:CCS,0.0
2020-04-15,17,AR1 alpha + Enhanced + One-Step,NYSE:CCS,1.9424482673033717e-07
2020-04-16,17,AR1 alpha + Enhanced + One-Step,NYSE:CCS,1.2039516706615334e-07
2020-04-17,17,AR1 alpha + Enhanced + One-Step,NYSE:CCS,2.3983557216336274e-08
2020-04-20,17,AR1 alpha + Enhanced + One-Step,NYSE:CCS,0.0
2020-04-21,17,AR1 alpha + Enhanced + One-Step,NYSE:CCS,1.3711610856102672e-08
2020-04-22,17,AR1 alpha + Enhanced + One-Step,NYSE:CCS,4.1184160256957144e-08
2020-04-23,17,AR1 alpha + Enhanced + One-Step,NYSE:CCS,0.0
2020-04-24,17,AR1 alpha + Enhanced + One-Step,NYSE:CCS,6.462727769718827e-09
2020-04-27,17,AR1 alpha + Enhanced + One-Step,NYSE:CCS,7.09224365869626e-10
2020-04-28,17,AR1 alpha + Enhanced + One-Step,NYSE:CCS,0.0
2020-04-29,17,AR1 alpha + Enhanced + One-Step,NYSE:CCS,2.7329010134799035e-10
2020-04-30,17,AR1 alpha + Enhanced + One-Step,NYSE:CCS,0.0
2020-05-01,17,AR1 alpha + Enhanced + One-Step,NYSE:CCS,0.0
2020-05-04,17,AR1 alpha + Enhanced + One-Step,NYSE:CCS,1.5757642140436285e-09
2020-05-05,17,AR1 alpha + Enhanced + One-Step,NYSE:CCS,0.0
2020-05-06,17,AR1 alpha + Enhanced + One-Step,NYSE:CCS,0.0
2020-05-07,17,AR1 alpha + Enhanced + One-Step,NYSE:CCS,0.0
2020-05-08,17,AR1 alpha + Enhanced + One-Step,NYSE:CCS,0.007251371199325286
2020-05-11,17,AR1 alpha + Enhanced + One-Step,NYSE:CCS,0.0072512684246719035
2020-05-12,17,AR1 alpha + Enhanced + One-Step,NYSE:CCS,0.007250992425031678
2020-05-13,17,AR1 alpha + Enhanced + One-Step,NYSE:CCS,0.007251740927108785
2020-05-14,17,AR1 alpha + Enhanced + One-Step,NYSE:CCS,0.007249484886119443
2020-05-15,17,AR1 alpha + Enhanced + One-Step,NYSE:CCS,0.007249658297953924
2020-05-18,17,AR1 alpha + Enhanced + One-Step,NYSE:CCS,0.03224228485522302
2020-05-19,17,AR1 alpha + Enhanced + One-Step,NYSE:CCS,0.0366001977265576
2020-05-20,17,AR1 alpha + Enhanced + One-Step,NYSE:CCS,0.04471950818233062
2020-05-21,17,AR1 alpha + Enhanced + One-Step,NYSE:CCS,0.048073248139030175
2020-05-22,17,AR1 alpha + Enhanced + One-Step,NYSE:CCS,0.0725391997968051
2020-05-26,17,AR1 alpha + Enhanced + One-Step,NYSE:CCS,0.07845540268530746
2020-05-27,17,AR1 alpha + Enhanced + One-Step,NYSE:CCS,0.07845530409198424
2020-05-28,17,AR1 alpha + Enhanced + One-Step,NYSE:CCS,0.07845526562967445
2020-05-29,17,AR1 alpha + Enhanced + One-Step,NYSE:CCS,0.07845525214001486
2020-06-01,17,AR1 alpha + Enhanced + One-Step,NYSE:CCS,0.0784553825921394
2020-06-02,17,AR1 alpha + Enhanced + One-Step,NYSE:CCS,0.0784548082682492
2020-06-03,17,AR1 alpha + Enhanced + One-Step,NYSE:CCS,0.0784556529153813
2020-06-04,17,AR1 alpha + Enhanced + One-Step,NYSE:CCS,0.07280833722487795
2020-06-05,17,AR1 alpha + Enhanced + One-Step,NYSE:CCS,0.07280800319271391
2020-06-08,17,AR1 alpha + Enhanced + One-Step,NYSE:CCS,0.0668821500487378
2020-06-09,17,AR1 alpha + Enhanced + One-Step,NYSE:CCS,0.0668821628930112
2020-06-10,17,AR1 alpha + Enhanced + One-Step,NYSE:CCS,0.06688215819164375
2020-06-11,17,AR1 alpha + Enhanced + One-Step,NYSE:CCS,0.06688248426352403
2020-06-12,17,AR1 alpha + Enhanced + One-Step,NYSE:CCS,0.045479699751840685
2020-06-15,17,AR1 alpha + Enhanced + One-Step,NYSE:CCS,0.04228440120693684
2020-06-16,17,AR1 alpha + Enhanced + One-Step,NYSE:CCS,0.04614245445351273
2020-06-17,17,AR1 alpha + Enhanced + One-Step,NYSE:CCS,0.03362172788104187
2020-06-18,17,AR1 alpha + Enhanced + One-Step,NYSE:CCS,0.02239314090798673
2020-06-19,17,AR1 alpha + Enhanced + One-Step,NYSE:CCS,0.009478990399434804
2020-06-22,17,AR1 alpha + Enhanced + One-Step,NYSE:CCS,0.009479038036244329
2020-06-23,17,AR1 alpha + Enhanced + One-Step,NYSE:CCS,0.021313751737088278
2020-06-24,17,AR1 alpha + Enhanced + One-Step,NYSE:CCS,0.0
2020-06-25,17,AR1 alpha + Enhanced + One-Step,NYSE:CCS,1.540249438034044e-08
2020-06-26,17,AR1 alpha + Enhanced + One-Step,NYSE:CCS,1.0648335746746359e-07
2020-06-29,17,AR1 alpha + Enhanced + One-Step,NYSE:CCS,3.2483353147535555e-07
2020-06-30,17,AR1 alpha + Enhanced + One-Step,NYSE:CCS,0.02063302598486513
2020-07-01,17,AR1 alpha + Enhanced + One-Step,NYSE:CCS,0.020631997431371972
2020-07-02,17,AR1 alpha + Enhanced + One-Step,NYSE:CCS,0.020632003520364102
2020-07-06,17,AR1 alpha + Enhanced + One-Step,NYSE:CCS,0.03945196177134483
2020-07-07,17,AR1 alpha + Enhanced + One-Step,NYSE:CCS,0.04717735558398188
2020-07-08,17,AR1 alpha + Enhanced + One-Step,NYSE:CCS,0.06865160812874291
2020-07-09,17,AR1 alpha + Enhanced + One-Step,NYSE:CCS,0.05440735871308854
2020-07-10,17,AR1 alpha + Enhanced + One-Step,NYSE:CCS,0.05440720986925256
2020-07-13,17,AR1 alpha + Enhanced + One-Step,NYSE:CCS,0.04238086596881696
2020-07-14,17,AR1 alpha + Enhanced + One-Step,NYSE:CCS,0.04238051585922421
2020-07-15,17,AR1 alpha + Enhanced + One-Step,NYSE:CCS,0.04238049921491285
2020-07-16,17,AR1 alpha + Enhanced + One-Step,NYSE:CCS,0.042392866321315587
2020-07-17,17,AR1 alpha + Enhanced + One-Step,NYSE:CCS,0.06739309761412637
2020-07-20,17,AR1 alpha + Enhanced + One-Step,NYSE:CCS,0.06739326814572558
2020-07-21,17,AR1 alpha + Enhanced + One-Step,NYSE:CCS,0.06739326352225158
2020-07-22,17,AR1 alpha + Enhanced + One-Step,NYSE:CCS,0.09094948023990304
2020-07-23,17,AR1 alpha + Enhanced + One-Step,NYSE:CCS,0.09094813522206255
2020-07-24,17,AR1 alpha + Enhanced + One-Step,NYSE:CCS,0.09094671254523473
2020-07-27,17,AR1 alpha + Enhanced + One-Step,NYSE:CCS,0.09258436931922358
2020-07-28,17,AR1 alpha + Enhanced + One-Step,NYSE:CCS,0.08686326257806198
2020-07-29,17,AR1 alpha + Enhanced + One-Step,NYSE:CCS,0.0868620550795397
2020-07-30,17,AR1 alpha + Enhanced + One-Step,NYSE:CCS,0.08685960928181609
2020-07-31,17,AR1 alpha + Enhanced + One-Step,NYSE:CCS,0.08685764524698283
2020-08-03,17,AR1 alpha + Enhanced + One-Step,NYSE:CCS,0.08685791112127646
2020-08-04,17,AR1 alpha + Enhanced + One-Step,NYSE:CCS,0.06789196925065417
2020-08-05,17,AR1 alpha + Enhanced + One-Step,NYSE:CCS,0.06522859549471162
2020-08-06,17,AR1 alpha + Enhanced + One-Step,NYSE:CCS,0.06522853069296887
2020-08-07,17,AR1 alpha + Enhanced + One-Step,NYSE:CCS,0.05755417401424291
2020-08-10,17,AR1 alpha + Enhanced + One-Step,NYSE:CCS,0.05755456073370575
2020-08-11,17,AR1 alpha + Enhanced + One-Step,NYSE:CCS,0.05755433351651765
2020-08-12,17,AR1 alpha + Enhanced + One-Step,NYSE:CCS,0.05755432402163647
2020-08-13,17,AR1 alpha + Enhanced + One-Step,NYSE:CCS,0.05254356986650507
2020-08-14,17,AR1 alpha + Enhanced + One-Step,NYSE:CCS,0.04135383027785687
2020-08-17,17,AR1 alpha + Enhanced + One-Step,NYSE:CCS,0.04135326038750457
2020-08-18,17,AR1 alpha + Enhanced + One-Step,NYSE:CCS,0.04135263768596686
2020-08-19,17,AR1 alpha + Enhanced + One-Step,NYSE:CCS,0.041352308262652224
2020-08-20,17,AR1 alpha + Enhanced + One-Step,NYSE:CCS,0.03849459770643586
2020-08-21,17,AR1 alpha + Enhanced + One-Step,NYSE:CCS,0.048098712472757696
2020-08-24,17,AR1 alpha + Enhanced + One-Step,NYSE:CCS,0.04809853869731453
2020-08-25,17,AR1 alpha + Enhanced + One-Step,NYSE:CCS,0.044212180861956364
2020-08-26,17,AR1 alpha + Enhanced + One-Step,NYSE:CCS,0.0192180481546995
2020-08-27,17,AR1 alpha + Enhanced + One-Step,NYSE:CCS,0.013951025891330413
2020-08-28,17,AR1 alpha + Enhanced + One-Step,NYSE:CCS,0.013951010061549805
2020-08-31,17,AR1 alpha + Enhanced + One-Step,NYSE:CCS,0.0
2020-09-01,17,AR1 alpha + Enhanced + One-Step,NYSE:CCS,1.0281341601334299e-07
2020-09-02,17,AR1 alpha + Enhanced + One-Step,NYSE:CCS,0.002780706071172205
2020-09-03,17,AR1 alpha + Enhanced + One-Step,NYSE:CCS,0.002780396059444591
2020-09-04,17,AR1 alpha + Enhanced + One-Step,NYSE:CCS,0.002780485205204378
2020-09-08,17,AR1 alpha + Enhanced + One-Step,NYSE:CCS,0.002780599422961567
2020-09-09,17,AR1 alpha + Enhanced + One-Step,NYSE:CCS,0.0027807218671487646
2020-09-10,17,AR1 alpha + Enhanced + One-Step,NYSE:CCS,0.0027804772688957724
2020-09-11,17,AR1 alpha + Enhanced + One-Step,NYSE:CCS,0.002780553632878362
2020-09-14,17,AR1 alpha + Enhanced + One-Step,NYSE:CCS,0.0038050243295934963
2020-09-15,17,AR1 alpha + Enhanced + One-Step,NYSE:CCS,0.00550221881383778
2020-09-16,17,AR1 alpha + Enhanced + One-Step,NYSE:CCS,0.013174884239189411
2020-09-17,17,AR1 alpha + Enhanced + One-Step,NYSE:CCS,0.013173998833157891
2020-09-18,17,AR1 alpha + Enhanced + One-Step,NYSE:CCS,0.006827734801307681
2020-09-21,17,AR1 alpha + Enhanced + One-Step,NYSE:CCS,0.006827628177023891
2020-09-22,17,AR1 alpha + Enhanced + One-Step,NYSE:CCS,0.007815681968273907
2020-09-23,17,AR1 alpha + Enhanced + One-Step,NYSE:CCS,0.0
2020-09-24,17,AR1 alpha + Enhanced + One-Step,NYSE:CCS,5.004305751079539e-07
2020-09-25,17,AR1 alpha + Enhanced + One-Step,NYSE:CCS,0.0
2020-09-28,17,AR1 alpha + Enhanced + One-Step,NYSE:CCS,1.0609809072579106e-08
2020-09-29,17,AR1 alpha + Enhanced + One-Step,NYSE:CCS,0.0003013039943690921
2020-09-30,17,AR1 alpha + Enhanced + One-Step,NYSE:CCS,0.02208468826583789
2020-10-01,17,AR1 alpha + Enhanced + One-Step,NYSE:CCS,0.03203352161646723
2020-10-02,17,AR1 alpha + Enhanced + One-Step,NYSE:CCS,0.04503425055299349
2020-10-05,17,AR1 alpha + Enhanced + One-Step,NYSE:CCS,0.05185227062363904
2020-10-06,17,AR1 alpha + Enhanced + One-Step,NYSE:CCS,0.051852209608541866
2020-10-07,17,AR1 alpha + Enhanced + One-Step,NYSE:CCS,0.05185373850995856
2020-10-08,17,AR1 alpha + Enhanced + One-Step,NYSE:CCS,0.05185381756224884
2020-10-09,17,AR1 alpha + Enhanced + One-Step,NYSE:CCS,0.05185318807629137
2020-10-12,17,AR1 alpha + Enhanced + One-Step,NYSE:CCS,0.057076837552591464
2020-10-13,17,AR1 alpha + Enhanced + One-Step,NYSE:CCS,0.05935237420561385
2020-10-14,17,AR1 alpha + Enhanced + One-Step,NYSE:CCS,0.05935226170547342
2020-10-15,17,AR1 alpha + Enhanced + One-Step,NYSE:CCS,0.06443375082495335
2020-10-16,17,AR1 alpha + Enhanced + One-Step,NYSE:CCS,0.06443369635950921
2020-10-19,17,AR1 alpha + Enhanced + One-Step,NYSE:CCS,0.05544071648224564
2020-10-20,17,AR1 alpha + Enhanced + One-Step,NYSE:CCS,0.051695643704011494
2020-10-21,17,AR1 alpha + Enhanced + One-Step,NYSE:CCS,0.032713333679974976
2020-10-22,17,AR1 alpha + Enhanced + One-Step,NYSE:CCS,0.012598574076650925
2020-10-23,17,AR1 alpha + Enhanced + One-Step,NYSE:CCS,0.0125981150856816
2020-10-26,17,AR1 alpha + Enhanced + One-Step,NYSE:CCS,0.012598165522630256
2020-10-27,17,AR1 alpha + Enhanced + One-Step,NYSE:CCS,0.012598903102319214
2020-10-28,17,AR1 alpha + Enhanced + One-Step,NYSE:CCS,0.012598495248643801
2020-10-29,17,AR1 alpha + Enhanced + One-Step,NYSE:CCS,0.012598759559142124
2020-10-30,17,AR1 alpha + Enhanced + One-Step,NYSE:CCS,0.012358159331763048
2020-11-02,17,AR1 alpha + Enhanced + One-Step,NYSE:CCS,0.01236000587513466
2020-11-03,17,AR1 alpha + Enhanced + One-Step,NYSE:CCS,0.012358420126579228
2020-11-04,17,AR1 alpha + Enhanced + One-Step,NYSE:CCS,0.018373371748443727
2020-11-05,17,AR1 alpha + Enhanced + One-Step,NYSE:CCS,0.024251798986572606
2020-11-06,17,AR1 alpha + Enhanced + One-Step,NYSE:CCS,0.02425182081841683
2020-11-09,17,AR1 alpha + Enhanced + One-Step,NYSE:CCS,0.02425177752761797
2020-11-10,17,AR1 alpha + Enhanced + One-Step,NYSE:CCS,0.024252422347714943
2020-11-11,17,AR1 alpha + Enhanced + One-Step,NYSE:CCS,0.02425255292085209
2020-11-12,17,AR1 alpha + Enhanced + One-Step,NYSE:CCS,0.019609054038778325
2020-11-13,17,AR1 alpha + Enhanced + One-Step,NYSE:CCS,0.019609049542306193
2020-11-16,17,AR1 alpha + Enhanced + One-Step,NYSE:CCS,0.01960901623397258
2020-11-17,17,AR1 alpha + Enhanced + One-Step,NYSE:CCS,0.019608842104974985
2020-11-18,17,AR1 alpha + Enhanced + One-Step,NYSE:CCS,0.018439540108321145
2020-11-19,17,AR1 alpha + Enhanced + One-Step,NYSE:CCS,0.016448310039573703
2020-11-20,17,AR1 alpha + Enhanced + One-Step,NYSE:CCS,0.016448313935660364
2020-11-23,17,AR1 alpha + Enhanced + One-Step,NYSE:CCS,0.016448201589732283
2020-11-24,17,AR1 alpha + Enhanced + One-Step,NYSE:CCS,0.016447409352746106
2020-11-25,17,AR1 alpha + Enhanced + One-Step,NYSE:CCS,0.009086149218053676
2020-11-27,17,AR1 alpha + Enhanced + One-Step,NYSE:CCS,0.009085184728400761
2020-11-30,17,AR1 alpha + Enhanced + One-Step,NYSE:CCS,0.009084366360582337
2020-12-01,17,AR1 alpha + Enhanced + One-Step,NYSE:CCS,0.004198660076871611
2020-12-04,17,AR1 alpha + Enhanced + One-Step,NYSE:CCS,0.004198885598902084
2020-12-07,17,AR1 alpha + Enhanced + One-Step,NYSE:CCS,0.0041965944445672525
2020-12-08,17,AR1 alpha + Enhanced + One-Step,NYSE:CCS,0.004196815090581858
2020-12-09,17,AR1 alpha + Enhanced + One-Step,NYSE:CCS,0.0
2020-12-10,17,AR1 alpha + Enhanced + One-Step,NYSE:CCS,0.0
2020-12-11,17,AR1 alpha + Enhanced + One-Step,NYSE:CCS,0.0
2020-12-14,17,AR1 alpha + Enhanced + One-Step,NYSE:CCS,0.0
2020-12-15,17,AR1 alpha + Enhanced + One-Step,NYSE:CCS,5.865615680311239e-08
2020-12-16,17,AR1 alpha + Enhanced + One-Step,NYSE:CCS,6.832951073403895e-09
2020-12-17,17,AR1 alpha + Enhanced + One-Step,NYSE:CCS,0.011959675552791281
2020-12-18,17,AR1 alpha + Enhanced + One-Step,NYSE:CCS,0.016234901402538752
2020-12-21,17,AR1 alpha + Enhanced + One-Step,NYSE:CCS,0.016234863045449504
2020-12-22,17,AR1 alpha + Enhanced + One-Step,NYSE:CCS,0.01623491546257504
2020-12-23,17,AR1 alpha + Enhanced + One-Step,NYSE:CCS,0.01623449077282925
2020-12-24,17,AR1 alpha + Enhanced + One-Step,NYSE:CCS,0.0162344685233204
2020-12-28,17,AR1 alpha + Enhanced + One-Step,NYSE:CCS,0.016234326661559367
2020-12-29,17,AR1 alpha + Enhanced + One-Step,NYSE:CCS,0.016234183878607856
2020-12-30,17,AR1 alpha + Enhanced + One-Step,NYSE:CCS,0.007745913470211884
2020-12-31,17,AR1 alpha + Enhanced + One-Step,NYSE:CCS,0.0
2021-01-04,17,AR1 alpha + Enhanced + One-Step,NYSE:CCS,7.360032016814312e-09
2021-01-05,17,AR1 alpha + Enhanced + One-Step,NYSE:CCS,5.183821957324816e-09
2021-01-06,17,AR1 alpha + Enhanced + One-Step,NYSE:CCS,0.0
2021-01-07,17,AR1 alpha + Enhanced + One-Step,NYSE:CCS,0.0
2021-01-08,17,AR1 alpha + Enhanced + One-Step,NYSE:CCS,0.0
2021-01-11,17,AR1 alpha + Enhanced + One-Step,NYSE:CCS,1.466842793118675e-07
2021-01-12,17,AR1 alpha + Enhanced + One-Step,NYSE:CCS,0.0
2021-01-13,17,AR1 alpha + Enhanced + One-Step,NYSE:CCS,0.0
2021-01-14,17,AR1 alpha + Enhanced + One-Step,NYSE:CCS,4.4926448399879475e-08
2021-01-15,17,AR1 alpha + Enhanced + One-Step,NYSE:CCS,5.59315167577116e-08
2021-01-19,17,AR1 alpha + Enhanced + One-Step,NYSE:CCS,0.0
2021-01-20,17,AR1 alpha + Enhanced + One-Step,NYSE:CCS,7.042368259566664e-08
2021-01-21,17,AR1 alpha + Enhanced + One-Step,NYSE:CCS,9.598303504754875e-07
2021-01-22,17,AR1 alpha + Enhanced + One-Step,NYSE:CCS,0.0028883792557799623
2021-01-25,17,AR1 alpha + Enhanced + One-Step,NYSE:CCS,0.0028882487578184464
2021-01-26,17,AR1 alpha + Enhanced + One-Step,NYSE:CCS,0.0028881999710594383
2021-01-27,17,AR1 alpha + Enhanced + One-Step,NYSE:CCS,0.0028881979168013557
2021-01-28,17,AR1 alpha + Enhanced + One-Step,NYSE:CCS,0.002888610236480007
2021-01-29,17,AR1 alpha + Enhanced + One-Step,NYSE:CCS,0.0028882185012630746
2021-02-01,17,AR1 alpha + Enhanced + One-Step,NYSE:CCS,0.0028881923670137036
2021-02-02,17,AR1 alpha + Enhanced + One-Step,NYSE:CCS,0.002888210789941659
2021-02-03,17,AR1 alpha + Enhanced + One-Step,NYSE:CCS,0.002887546193761253
2021-02-04,17,AR1 alpha + Enhanced + One-Step,NYSE:CCS,0.0028872212062297383
2021-02-05,17,AR1 alpha + Enhanced + One-Step,NYSE:CCS,0.024555428427954662
2021-02-08,17,AR1 alpha + Enhanced + One-Step,NYSE:CCS,0.0462285686153896
2021-02-09,17,AR1 alpha + Enhanced + One-Step,NYSE:CCS,0.04974252338901668
2021-02-10,17,AR1 alpha + Enhanced + One-Step,NYSE:CCS,0.054522010713496605
2021-02-11,17,AR1 alpha + Enhanced + One-Step,NYSE:CCS,0.05876596096477407
2021-02-12,17,AR1 alpha + Enhanced + One-Step,NYSE:CCS,0.05993148888898549
2021-02-16,17,AR1 alpha + Enhanced + One-Step,NYSE:CCS,0.05142599357913181
2021-02-17,17,AR1 alpha + Enhanced + One-Step,NYSE:CCS,0.039381541512027204
2021-02-18,17,AR1 alpha + Enhanced + One-Step,NYSE:CCS,0.03767939008298615
2021-02-19,17,AR1 alpha + Enhanced + One-Step,NYSE:CCS,0.037678461471928555
2021-02-22,17,AR1 alpha + Enhanced + One-Step,NYSE:CCS,0.03767933348529934
2021-02-23,17,AR1 alpha + Enhanced + One-Step,NYSE:CCS,0.03768041637466391
2021-02-24,17,AR1 alpha + Enhanced + One-Step,NYSE:CCS,0.0376805371277115
2021-02-25,17,AR1 alpha + Enhanced + One-Step,NYSE:CCS,0.037669390014706816
2021-02-26,17,AR1 alpha + Enhanced + One-Step,NYSE:CCS,0.03766956788484011
2021-03-01,17,AR1 alpha + Enhanced + One-Step,NYSE:CCS,0.036212920544663116
2021-03-02,17,AR1 alpha + Enhanced + One-Step,NYSE:CCS,0.03621271336482567
2021-03-03,17,AR1 alpha + Enhanced + One-Step,NYSE:CCS,0.0362125709045582
2021-03-04,17,AR1 alpha + Enhanced + One-Step,NYSE:CCS,0.028788427391314052
2021-03-05,17,AR1 alpha + Enhanced + One-Step,NYSE:CCS,0.0287876739797291
2021-03-08,17,AR1 alpha + Enhanced + One-Step,NYSE:CCS,0.02878769119299839
2021-03-09,17,AR1 alpha + Enhanced + One-Step,NYSE:CCS,0.02878683006252031
2021-03-10,17,AR1 alpha + Enhanced + One-Step,NYSE:CCS,0.03199158369796665
2021-03-11,17,AR1 alpha + Enhanced + One-Step,NYSE:CCS,0.03199068156390357
2021-03-12,17,AR1 alpha + Enhanced + One-Step,NYSE:CCS,0.03199066025815534
2021-03-15,17,AR1 alpha + Enhanced + One-Step,NYSE:CCS,0.03199280477789454
2021-03-16,17,AR1 alpha + Enhanced + One-Step,NYSE:CCS,0.031993005751751326
2021-03-17,17,AR1 alpha + Enhanced + One-Step,NYSE:CCS,0.031992288336129215
2021-03-18,17,AR1 alpha + Enhanced + One-Step,NYSE:CCS,0.02849245095252654
2021-03-19,17,AR1 alpha + Enhanced + One-Step,NYSE:CCS,0.02849181436101245
2021-03-22,17,AR1 alpha + Enhanced + One-Step,NYSE:CCS,0.028492212762259196
2021-03-23,17,AR1 alpha + Enhanced + One-Step,NYSE:CCS,0.020545908119830744
2021-03-24,17,AR1 alpha + Enhanced + One-Step,NYSE:CCS,0.01766556108775595
2021-03-25,17,AR1 alpha + Enhanced + One-Step,NYSE:CCS,0.010639708769634867
2021-03-26,17,AR1 alpha + Enhanced + One-Step,NYSE:CCS,0.010640008661470432
2021-03-29,17,AR1 alpha + Enhanced + One-Step,NYSE:CCS,0.010640245780618719
2021-03-30,17,AR1 alpha + Enhanced + One-Step,NYSE:CCS,0.0028557509288807655
2021-03-31,17,AR1 alpha + Enhanced + One-Step,NYSE:CCS,0.0028557091951157544
2021-04-01,17,AR1 alpha + Enhanced + One-Step,NYSE:CCS,0.0030280215975608967
2021-04-05,17,AR1 alpha + Enhanced + One-Step,NYSE:CCS,0.006422816974632917
2021-04-06,17,AR1 alpha + Enhanced + One-Step,NYSE:CCS,0.01440292907650037
2021-04-07,17,AR1 alpha + Enhanced + One-Step,NYSE:CCS,0.03618523974529019
2021-04-08,17,AR1 alpha + Enhanced + One-Step,NYSE:CCS,0.036183520709472415
2021-04-09,17,AR1 alpha + Enhanced + One-Step,NYSE:CCS,0.03618352411630701
2021-04-12,17,AR1 alpha + Enhanced + One-Step,NYSE:CCS,0.03627644707075365
2021-04-13,17,AR1 alpha + Enhanced + One-Step,NYSE:CCS,0.04072558038191667
2021-04-14,17,AR1 alpha + Enhanced + One-Step,NYSE:CCS,0.0518679469301813
2021-04-15,17,AR1 alpha + Enhanced + One-Step,NYSE:CCS,0.056792272818901264
2021-04-16,17,AR1 alpha + Enhanced + One-Step,NYSE:CCS,0.06575799780787704
2021-04-19,17,AR1 alpha + Enhanced + One-Step,NYSE:CCS,0.06934047193619652
2021-04-20,17,AR1 alpha + Enhanced + One-Step,NYSE:CCS,0.0693385494391496
2021-04-21,17,AR1 alpha + Enhanced + One-Step,NYSE:CCS,0.06933701292554996
2021-04-22,17,AR1 alpha + Enhanced + One-Step,NYSE:CCS,0.06933417915650164
2021-04-23,17,AR1 alpha + Enhanced + One-Step,NYSE:CCS,0.06933339039695138
2021-04-26,17,AR1 alpha + Enhanced + One-Step,NYSE:CCS,0.06933207821428015
2021-04-27,17,AR1 alpha + Enhanced + One-Step,NYSE:CCS,0.07030360448415539
2021-04-28,17,AR1 alpha + Enhanced + One-Step,NYSE:CCS,0.07617542856846563
2021-04-29,17,AR1 alpha + Enhanced + One-Step,NYSE:CCS,0.07032234954737356
2021-04-30,17,AR1 alpha + Enhanced + One-Step,NYSE:CCS,0.07031694030710209
2021-05-03,17,AR1 alpha + Enhanced + One-Step,NYSE:CCS,0.07032113926919607
2021-05-04,17,AR1 alpha + Enhanced + One-Step,NYSE:CCS,0.07032085584091502
2021-05-05,17,AR1 alpha + Enhanced + One-Step,NYSE:CCS,0.07032078892849539
2021-05-06,17,AR1 alpha + Enhanced + One-Step,NYSE:CCS,0.07032119638822364
2021-05-07,17,AR1 alpha + Enhanced + One-Step,NYSE:CCS,0.0703214040343454
2021-05-10,17,AR1 alpha + Enhanced + One-Step,NYSE:CCS,0.0703215045155078
2021-05-11,17,AR1 alpha + Enhanced + One-Step,NYSE:CCS,0.07032150484672066
2021-05-12,17,AR1 alpha + Enhanced + One-Step,NYSE:CCS,0.07032144089753554
2021-05-13,17,AR1 alpha + Enhanced + One-Step,NYSE:CCS,0.07031963891567353
2021-05-14,17,AR1 alpha + Enhanced + One-Step,NYSE:CCS,0.07031965577158762
2021-05-17,17,AR1 alpha + Enhanced + One-Step,NYSE:CCS,0.07031904668754375
2021-05-18,17,AR1 alpha + Enhanced + One-Step,NYSE:CCS,0.0703195448753503
2021-05-19,17,AR1 alpha + Enhanced + One-Step,NYSE:CCS,0.07032006420810605
2021-05-20,17,AR1 alpha + Enhanced + One-Step,NYSE:CCS,0.07032019497059239
2021-05-21,17,AR1 alpha + Enhanced + One-Step,NYSE:CCS,0.07032012196676288
2021-05-24,17,AR1 alpha + Enhanced + One-Step,NYSE:CCS,0.07031765327844189
2021-05-25,17,AR1 alpha + Enhanced + One-Step,NYSE:CCS,0.06514947954527725
2021-05-26,17,AR1 alpha + Enhanced + One-Step,NYSE:CCS,0.04017013499128286
2021-05-27,17,AR1 alpha + Enhanced + One-Step,NYSE:CCS,0.02837643647427354
2021-05-28,17,AR1 alpha + Enhanced + One-Step,NYSE:CCS,0.028375832952568483
2021-06-01,17,AR1 alpha + Enhanced + One-Step,NYSE:CCS,0.028373495904361463
2021-06-02,17,AR1 alpha + Enhanced + One-Step,NYSE:CCS,0.034949943294954405
2021-06-03,17,AR1 alpha + Enhanced + One-Step,NYSE:CCS,0.03802812583659341
2021-06-04,17,AR1 alpha + Enhanced + One-Step,NYSE:CCS,0.04180024804809251
2021-06-07,17,AR1 alpha + Enhanced + One-Step,NYSE:CCS,0.04377659044100941
2021-06-08,17,AR1 alpha + Enhanced + One-Step,NYSE:CCS,0.04377512803483193
2021-06-09,17,AR1 alpha + Enhanced + One-Step,NYSE:CCS,0.05483302232329522
2021-06-10,17,AR1 alpha + Enhanced + One-Step,NYSE:CCS,0.07269363661719763
2021-06-11,17,AR1 alpha + Enhanced + One-Step,NYSE:CCS,0.07401423019310066
2021-06-14,17,AR1 alpha + Enhanced + One-Step,NYSE:CCS,0.07401059190417672
2021-06-15,17,AR1 alpha + Enhanced + One-Step,NYSE:CCS,0.06919808219312963
2021-06-16,17,AR1 alpha + Enhanced + One-Step,NYSE:CCS,0.06452947590451956
2021-06-17,17,AR1 alpha + Enhanced + One-Step,NYSE:CCS,0.05027429710974658
2021-06-18,17,AR1 alpha + Enhanced + One-Step,NYSE:CCS,0.04233185268581458
2021-06-21,17,AR1 alpha + Enhanced + One-Step,NYSE:CCS,0.041437416653687255
2021-06-22,17,AR1 alpha + Enhanced + One-Step,NYSE:CCS,0.028985684200538344
2021-06-23,17,AR1 alpha + Enhanced + One-Step,NYSE:CCS,0.028983269287379754
2021-06-24,17,AR1 alpha + Enhanced + One-Step,NYSE:CCS,0.02898488485890808
2021-06-25,17,AR1 alpha + Enhanced + One-Step,NYSE:CCS,0.028985489923391748
2021-06-28,17,AR1 alpha + Enhanced + One-Step,NYSE:CCS,0.02898562542598949
2021-06-29,17,AR1 alpha + Enhanced + One-Step,NYSE:CCS,0.02512909869120757
2021-06-30,17,AR1 alpha + Enhanced + One-Step,NYSE:CCS,0.025128215035816335
2021-07-01,17,AR1 alpha + Enhanced + One-Step,NYSE:CCS,0.024497132490048656
2021-07-02,17,AR1 alpha + Enhanced + One-Step,NYSE:CCS,0.024495381556092367
2021-07-06,17,AR1 alpha + Enhanced + One-Step,NYSE:CCS,0.024493952113456754
2021-07-07,17,AR1 alpha + Enhanced + One-Step,NYSE:CCS,0.024495106555868302
2021-07-08,17,AR1 alpha + Enhanced + One-Step,NYSE:CCS,0.02226092765184819
2021-07-09,17,AR1 alpha + Enhanced + One-Step,NYSE:CCS,0.011537733592966904
2021-07-12,17,AR1 alpha + Enhanced + One-Step,NYSE:CCS,0.0
2021-07-13,17,AR1 alpha + Enhanced + One-Step,NYSE:CCS,0.0
2021-07-14,17,AR1 alpha + Enhanced + One-Step,NYSE:CCS,0.0
2021-07-15,17,AR1 alpha + Enhanced + One-Step,NYSE:CCS,0.0
2021-07-16,17,AR1 alpha + Enhanced + One-Step,NYSE:CCS,2.2467205994396392e-08
2021-07-19,17,AR1 alpha + Enhanced + One-Step,NYSE:CCS,0.0
2021-07-20,17,AR1 alpha + Enhanced + One-Step,NYSE:CCS,0.0
2021-07-21,17,AR1 alpha + Enhanced + One-Step,NYSE:CCS,5.9408609616730536e-08
2021-07-22,17,AR1 alpha + Enhanced + One-Step,NYSE:CCS,0.0
2021-07-23,17,AR1 alpha + Enhanced + One-Step,NYSE:CCS,0.0
2021-07-26,17,AR1 alpha + Enhanced + One-Step,NYSE:CCS,0.0
2021-07-27,17,AR1 alpha + Enhanced + One-Step,NYSE:CCS,0.0
2021-07-28,17,AR1 alpha + Enhanced + One-Step,NYSE:CCS,0.0
2021-07-29,17,AR1 alpha + Enhanced + One-Step,NYSE:CCS,0.0
2021-07-30,17,AR1 alpha + Enhanced + One-Step,NYSE:CCS,0.0
2021-08-02,17,AR1 alpha + Enhanced + One-Step,NYSE:CCS,0.0
2021-08-03,17,AR1 alpha + Enhanced + One-Step,NYSE:CCS,3.197858511311889e-08
2021-08-04,17,AR1 alpha + Enhanced + One-Step,NYSE:CCS,0.0
2021-08-05,17,AR1 alpha + Enhanced + One-Step,NYSE:CCS,0.0
2021-08-06,17,AR1 alpha + Enhanced + One-Step,NYSE:CCS,0.0
2021-08-09,17,AR1 alpha + Enhanced + One-Step,NYSE:CCS,1.627921436671113e-07
2021-08-10,17,AR1 alpha + Enhanced + One-Step,NYSE:CCS,6.210200306476212e-08
2021-08-11,17,AR1 alpha + Enhanced + One-Step,NYSE:CCS,8.448119860664749e-07
2021-08-12,17,AR1 alpha + Enhanced + One-Step,NYSE:CCS,0.0051357716086856305
2021-08-13,17,AR1 alpha + Enhanced + One-Step,NYSE:CCS,0.007859623312673605
2021-08-16,17,AR1 alpha + Enhanced + One-Step,NYSE:CCS,0.007860812594984425
2021-08-17,17,AR1 alpha + Enhanced + One-Step,NYSE:CCS,0.007861448858744744
2021-08-18,17,AR1 alpha + Enhanced + One-Step,NYSE:CCS,0.007861429467080757
2021-08-19,17,AR1 alpha + Enhanced + One-Step,NYSE:CCS,0.007863021084729915
2021-08-20,17,AR1 alpha + Enhanced + One-Step,NYSE:CCS,0.007862001241488828
2021-08-23,17,AR1 alpha + Enhanced + One-Step,NYSE:CCS,0.007338120798979592
2021-08-24,17,AR1 alpha + Enhanced + One-Step,NYSE:CCS,0.007337194821792203
2021-08-25,17,AR1 alpha + Enhanced + One-Step,NYSE:CCS,0.007337224600961581
2021-08-26,17,AR1 alpha + Enhanced + One-Step,NYSE:CCS,0.007335624021692886
2021-08-27,17,AR1 alpha + Enhanced + One-Step,NYSE:CCS,0.007334669026622226
2021-08-30,17,AR1 alpha + Enhanced + One-Step,NYSE:CCS,0.007333488554944315
2021-08-31,17,AR1 alpha + Enhanced + One-Step,NYSE:CCS,0.007333453917626626
2021-09-01,17,AR1 alpha + Enhanced + One-Step,NYSE:CCS,0.00739337532177534
2021-09-02,17,AR1 alpha + Enhanced + One-Step,NYSE:CCS,0.007391952088267026
2021-09-03,17,AR1 alpha + Enhanced + One-Step,NYSE:CCS,0.007392119457357294
2021-09-07,17,AR1 alpha + Enhanced + One-Step,NYSE:CCS,0.007391561349639089
2021-09-08,17,AR1 alpha + Enhanced + One-Step,NYSE:CCS,0.0073912947864039165
2021-09-09,17,AR1 alpha + Enhanced + One-Step,NYSE:CCS,0.007390914490988734
2021-09-10,17,AR1 alpha + Enhanced + One-Step,NYSE:CCS,0.007390699024050098
2021-09-13,17,AR1 alpha + Enhanced + One-Step,NYSE:CCS,0.00739114827366556
2021-09-14,17,AR1 alpha + Enhanced + One-Step,NYSE:CCS,0.007390997114652603
2021-09-15,17,AR1 alpha + Enhanced + One-Step,NYSE:CCS,0.00738989131172324
2021-09-16,17,AR1 alpha + Enhanced + One-Step,NYSE:CCS,0.004830186277835212
2021-09-17,17,AR1 alpha + Enhanced + One-Step,NYSE:CCS,0.0
2021-09-20,17,AR1 alpha + Enhanced + One-Step,NYSE:CCS,2.0247198148928466e-07
2021-09-21,17,AR1 alpha + Enhanced + One-Step,NYSE:CCS,4.1765540803636007e-07
2021-09-22,17,AR1 alpha + Enhanced + One-Step,NYSE:CCS,1.2843299597204988e-07
2021-09-23,17,AR1 alpha + Enhanced + One-Step,NYSE:CCS,3.389777440355462e-07
2021-09-24,17,AR1 alpha + Enhanced + One-Step,NYSE:CCS,1.3212672182803336e-07
2021-09-27,17,AR1 alpha + Enhanced + One-Step,NYSE:CCS,6.61121063238946e-08
2021-09-28,17,AR1 alpha + Enhanced + One-Step,NYSE:CCS,0.0
2021-09-29,17,AR1 alpha + Enhanced + One-Step,NYSE:CCS,2.470912527582573e-07
2021-09-30,17,AR1 alpha + Enhanced + One-Step,NYSE:CCS,1.0452519694236366e-07
2021-10-01,17,AR1 alpha + Enhanced + One-Step,NYSE:CCS,7.051715463689872e-08
2021-10-04,17,AR1 alpha + Enhanced + One-Step,NYSE:CCS,8.1278308786604e-08
2021-10-05,17,AR1 alpha + Enhanced + One-Step,NYSE:CCS,0.0
2021-10-06,17,AR1 alpha + Enhanced + One-Step,NYSE:CCS,0.0
2021-10-07,17,AR1 alpha + Enhanced + One-Step,NYSE:CCS,0.0
2021-10-08,17,AR1 alpha + Enhanced + One-Step,NYSE:CCS,0.0
2021-10-11,17,AR1 alpha + Enhanced + One-Step,NYSE:CCS,0.0
2021-10-12,17,AR1 alpha + Enhanced + One-Step,NYSE:CCS,1.660415621251302e-07
2021-10-13,17,AR1 alpha + Enhanced + One-Step,NYSE:CCS,8.267193035649246e-08
2021-10-14,17,AR1 alpha + Enhanced + One-Step,NYSE:CCS,0.0
2021-10-15,17,AR1 alpha + Enhanced + One-Step,NYSE:CCS,0.0
2021-10-18,17,AR1 alpha + Enhanced + One-Step,NYSE:CCS,0.0
2021-10-19,17,AR1 alpha + Enhanced + One-Step,NYSE:CCS,0.0
2021-10-20,17,AR1 alpha + Enhanced + One-Step,NYSE:CCS,1.5607671719694115e-07
2021-10-21,17,AR1 alpha + Enhanced + One-Step,NYSE:CCS,9.987060445246056e-08
2021-10-22,17,AR1 alpha + Enhanced + One-Step,NYSE:CCS,0.0
2021-10-25,17,AR1 alpha + Enhanced + One-Step,NYSE:CCS,0.0
2021-10-26,17,AR1 alpha + Enhanced + One-Step,NYSE:CCS,0.0
2021-10-27,17,AR1 alpha + Enhanced + One-Step,NYSE:CCS,3.851643312767901e-08
2021-10-28,17,AR1 alpha + Enhanced + One-Step,NYSE:CCS,8.765741285114905e-08
2021-10-29,17,AR1 alpha + Enhanced + One-Step,NYSE:CCS,0.0
2021-11-01,17,AR1 alpha + Enhanced + One-Step,NYSE:CCS,0.0
2021-11-02,17,AR1 alpha + Enhanced + One-Step,NYSE:CCS,0.0
2021-11-03,17,AR1 alpha + Enhanced + One-Step,NYSE:CCS,7.002072778159967e-07
2021-11-04,17,AR1 alpha + Enhanced + One-Step,NYSE:CCS,4.430369376710039e-07
2021-11-05,17,AR1 alpha + Enhanced + One-Step,NYSE:CCS,2.2180515458535905e-07
2021-11-08,17,AR1 alpha + Enhanced + One-Step,NYSE:CCS,0.0
2021-11-09,17,AR1 alpha + Enhanced + One-Step,NYSE:CCS,0.0
2021-11-10,17,AR1 alpha + Enhanced + One-Step,NYSE:CCS,4.484029567931445e-07
2021-11-11,17,AR1 alpha + Enhanced + One-Step,NYSE:CCS,2.326417700666831e-07
2021-11-12,17,AR1 alpha + Enhanced + One-Step,NYSE:CCS,4.325579185624882e-07
2021-11-15,17,AR1 alpha + Enhanced + One-Step,NYSE:CCS,5.46444507262734e-07
2021-11-16,17,AR1 alpha + Enhanced + One-Step,NYSE:CCS,2.0790645541293954e-07
2021-11-17,17,AR1 alpha + Enhanced + One-Step,NYSE:CCS,0.0
2021-11-18,17,AR1 alpha + Enhanced + One-Step,NYSE:CCS,0.0
2021-11-19,17,AR1 alpha + Enhanced + One-Step,NYSE:CCS,1.6589058372519727e-07
2021-11-22,17,AR1 alpha + Enhanced + One-Step,NYSE:CCS,2.1990952103852017e-07
2021-11-23,17,AR1 alpha + Enhanced + One-Step,NYSE:CCS,0.0
2021-11-24,17,AR1 alpha + Enhanced + One-Step,NYSE:CCS,6.638310834372048e-10
2021-11-26,17,AR1 alpha + Enhanced + One-Step,NYSE:CCS,0.0
2021-11-29,17,AR1 alpha + Enhanced + One-Step,NYSE:CCS,0.0
2021-11-30,17,AR1 alpha + Enhanced + One-Step,NYSE:CCS,0.0
2021-12-01,17,AR1 alpha + Enhanced + One-Step,NYSE:CCS,0.0
2021-12-02,17,AR1 alpha + Enhanced + One-Step,NYSE:CCS,8.155585296514725e-09
2021-12-03,17,AR1 alpha + Enhanced + One-Step,NYSE:CCS,5.17170378768941e-08
2021-12-06,17,AR1 alpha + Enhanced + One-Step,NYSE:CCS,0.0
2021-12-07,17,AR1 alpha + Enhanced + One-Step,NYSE:CCS,0.0027488005210476716
2021-12-08,17,AR1 alpha + Enhanced + One-Step,NYSE:CCS,0.013311543545274232
2021-12-09,17,AR1 alpha + Enhanced + One-Step,NYSE:CCS,0.01331099884982985
2021-12-10,17,AR1 alpha + Enhanced + One-Step,NYSE:CCS,0.01331044120890603
2021-12-13,17,AR1 alpha + Enhanced + One-Step,NYSE:CCS,0.013308794404226307
2021-12-14,17,AR1 alpha + Enhanced + One-Step,NYSE:CCS,0.013308709747652095
2021-12-15,17,AR1 alpha + Enhanced + One-Step,NYSE:CCS,0.013308971815248068
2021-12-16,17,AR1 alpha + Enhanced + One-Step,NYSE:CCS,0.013309061726271939
2021-12-17,17,AR1 alpha + Enhanced + One-Step,NYSE:CCS,0.013308959815575255
2021-12-20,17,AR1 alpha + Enhanced + One-Step,NYSE:CCS,0.013307729525951034
2021-12-21,17,AR1 alpha + Enhanced + One-Step,NYSE:CCS,0.013307855302934043
2021-12-22,17,AR1 alpha + Enhanced + One-Step,NYSE:CCS,0.013890893611577313
2021-12-23,17,AR1 alpha + Enhanced + One-Step,NYSE:CCS,0.016213569771668997
2021-12-27,17,AR1 alpha + Enhanced + One-Step,NYSE:CCS,0.016213665775442938
2021-12-28,17,AR1 alpha + Enhanced + One-Step,NYSE:CCS,0.021347224133250846
2021-12-29,17,AR1 alpha + Enhanced + One-Step,NYSE:CCS,0.024589882890878437
2021-12-30,17,AR1 alpha + Enhanced + One-Step,NYSE:CCS,0.02458991265672289
2021-12-31,17,AR1 alpha + Enhanced + One-Step,NYSE:CCS,0.032059185836744074
2022-01-03,17,AR1 alpha + Enhanced + One-Step,NYSE:CCS,0.032058850254018424
2022-01-04,17,AR1 alpha + Enhanced + One-Step,NYSE:CCS,0.03205882749079047
2022-01-05,17,AR1 alpha + Enhanced + One-Step,NYSE:CCS,0.03205882329157661
2022-01-06,17,AR1 alpha + Enhanced + One-Step,NYSE:CCS,0.032058835091967046
2022-01-07,17,AR1 alpha + Enhanced + One-Step,NYSE:CCS,0.03205872767767126
2022-01-10,17,AR1 alpha + Enhanced + One-Step,NYSE:CCS,0.03205841951215118
2022-01-11,17,AR1 alpha + Enhanced + One-Step,NYSE:CCS,0.0320583167112541
2022-01-12,17,AR1 alpha + Enhanced + One-Step,NYSE:CCS,0.032058242260590133
2022-01-13,17,AR1 alpha + Enhanced + One-Step,NYSE:CCS,0.03205815967906945
2022-01-14,17,AR1 alpha + Enhanced + One-Step,NYSE:CCS,0.03205705873687653
2022-01-18,17,AR1 alpha + Enhanced + One-Step,NYSE:CCS,0.0320572444856614
2022-01-19,17,AR1 alpha + Enhanced + One-Step,NYSE:CCS,0.03205656098107019
2022-01-20,17,AR1 alpha + Enhanced + One-Step,NYSE:CCS,0.03205661399924052
2022-01-21,17,AR1 alpha + Enhanced + One-Step,NYSE:CCS,0.03205609507582834
2022-01-24,17,AR1 alpha + Enhanced + One-Step,NYSE:CCS,0.02667331124788606
2022-01-25,17,AR1 alpha + Enhanced + One-Step,NYSE:CCS,0.02667336418230618
2022-01-26,17,AR1 alpha + Enhanced + One-Step,NYSE:CCS,0.017795355687742636
2022-01-27,17,AR1 alpha + Enhanced + One-Step,NYSE:CCS,0.017795298203687186
2022-01-28,17,AR1 alpha + Enhanced + One-Step,NYSE:CCS,0.014420363398687878
2022-01-31,17,AR1 alpha + Enhanced + One-Step,NYSE:CCS,0.01442106338155303
2022-02-01,17,AR1 alpha + Enhanced + One-Step,NYSE:CCS,0.014420931355412274
2022-02-02,17,AR1 alpha + Enhanced + One-Step,NYSE:CCS,0.014420861515638555
2022-02-03,17,AR1 alpha + Enhanced + One-Step,NYSE:CCS,0.014420189281158772
2022-02-04,17,AR1 alpha + Enhanced + One-Step,NYSE:CCS,0.014419820502944282
2022-02-07,17,AR1 alpha + Enhanced + One-Step,NYSE:CCS,0.002381897811223255
2022-02-08,17,AR1 alpha + Enhanced + One-Step,NYSE:CCS,0.002381846750894171
2022-02-09,17,AR1 alpha + Enhanced + One-Step,NYSE:CCS,4.077086636269587e-08
2022-02-10,17,AR1 alpha + Enhanced + One-Step,NYSE:CCS,3.202051168328316e-08
2022-02-11,17,AR1 alpha + Enhanced + One-Step,NYSE:CCS,3.7279469863003527e-07
2022-02-14,17,AR1 alpha + Enhanced + One-Step,NYSE:CCS,1.373469298357857e-07
2022-02-15,17,AR1 alpha + Enhanced + One-Step,NYSE:CCS,7.03675682987252e-08
2022-02-16,17,AR1 alpha + Enhanced + One-Step,NYSE:CCS,9.840236828394872e-08
2022-02-17,17,AR1 alpha + Enhanced + One-Step,NYSE:CCS,4.233709437290465e-08
2022-02-18,17,AR1 alpha + Enhanced + One-Step,NYSE:CCS,6.227201412736524e-08
2022-02-22,17,AR1 alpha + Enhanced + One-Step,NYSE:CCS,0.0
2022-02-23,17,AR1 alpha + Enhanced + One-Step,NYSE:CCS,0.0
2022-02-24,17,AR1 alpha + Enhanced + One-Step,NYSE:CCS,0.0
2022-02-25,17,AR1 alpha + Enhanced + One-Step,NYSE:CCS,4.6629807901209707e-08
2022-02-28,17,AR1 alpha + Enhanced + One-Step,NYSE:CCS,3.930703910332118e-08
2022-03-01,17,AR1 alpha + Enhanced + One-Step,NYSE:CCS,6.518697543432532e-08
2022-03-02,17,AR1 alpha + Enhanced + One-Step,NYSE:CCS,0.0
2022-03-03,17,AR1 alpha + Enhanced + One-Step,NYSE:CCS,0.0
2022-03-04,17,AR1 alpha + Enhanced + One-Step,NYSE:CCS,0.0
2022-03-07,17,AR1 alpha + Enhanced + One-Step,NYSE:CCS,9.277328920679406e-07
2022-03-08,17,AR1 alpha + Enhanced + One-Step,NYSE:CCS,3.9780653151900753e-07
2022-03-09,17,AR1 alpha + Enhanced + One-Step,NYSE:CCS,0.0
2022-03-10,17,AR1 alpha + Enhanced + One-Step,NYSE:CCS,1.0981842782790673e-07
2022-03-11,17,AR1 alpha + Enhanced + One-Step,NYSE:CCS,0.0
2022-03-14,17,AR1 alpha + Enhanced + One-Step,NYSE:CCS,0.0
2022-03-15,17,AR1 alpha + Enhanced + One-Step,NYSE:CCS,0.0
2022-03-16,17,AR1 alpha + Enhanced + One-Step,NYSE:CCS,1.1856186714038858e-08
2022-03-17,17,AR1 alpha + Enhanced + One-Step,NYSE:CCS,3.0068031507611746e-08
2022-03-18,17,AR1 alpha + Enhanced + One-Step,NYSE:CCS,0.0
2022-03-21,17,AR1 alpha + Enhanced + One-Step,NYSE:CCS,1.2602450830722299e-07
2022-03-22,17,AR1 alpha + Enhanced + One-Step,NYSE:CCS,7.17700055468132e-08
2022-03-23,17,AR1 alpha + Enhanced + One-Step,NYSE:CCS,3.032400381242309e-08
2022-03-24,17,AR1 alpha + Enhanced + One-Step,NYSE:CCS,0.0
2022-03-25,17,AR1 alpha + Enhanced + One-Step,NYSE:CCS,0.0
2022-03-28,17,AR1 alpha + Enhanced + One-Step,NYSE:CCS,0.0
2022-03-29,17,AR1 alpha + Enhanced + One-Step,NYSE:CCS,0.0
2022-03-30,17,AR1 alpha + Enhanced + One-Step,NYSE:CCS,0.0
2022-03-31,17,AR1 alpha + Enhanced + One-Step,NYSE:CCS,0.0
2022-04-01,17,AR1 alpha + Enhanced + One-Step,NYSE:CCS,0.0
2022-04-04,17,AR1 alpha + Enhanced + One-Step,NYSE:CCS,0.0
2022-04-05,17,AR1 alpha + Enhanced + One-Step,NYSE:CCS,3.0600929282943075e-08
2022-04-06,17,AR1 alpha + Enhanced + One-Step,NYSE:CCS,6.512898216253676e-07
2022-04-07,17,AR1 alpha + Enhanced + One-Step,NYSE:CCS,2.0748054580334888e-07
2022-04-08,17,AR1 alpha + Enhanced + One-Step,NYSE:CCS,3.6030165693851445e-07
2022-04-11,17,AR1 alpha + Enhanced + One-Step,NYSE:CCS,0.0
2022-04-12,17,AR1 alpha + Enhanced + One-Step,NYSE:CCS,0.0
2022-04-13,17,AR1 alpha + Enhanced + One-Step,NYSE:CCS,2.9723946929717876e-08
2022-04-14,17,AR1 alpha + Enhanced + One-Step,NYSE:CCS,0.0
2022-04-18,17,AR1 alpha + Enhanced + One-Step,NYSE:CCS,0.0
2022-04-19,17,AR1 alpha + Enhanced + One-Step,NYSE:CCS,0.0
2022-04-20,17,AR1 alpha + Enhanced + One-Step,NYSE:CCS,0.0
2022-04-21,17,AR1 alpha + Enhanced + One-Step,NYSE:CCS,0.0
2022-04-22,17,AR1 alpha + Enhanced + One-Step,NYSE:CCS,0.0
2022-04-25,17,AR1 alpha + Enhanced + One-Step,NYSE:CCS,0.0
2022-04-26,17,AR1 alpha + Enhanced + One-Step,NYSE:CCS,7.501204606126405e-08
2022-04-27,17,AR1 alpha + Enhanced + One-Step,NYSE:CCS,0.0
2022-04-28,17,AR1 alpha + Enhanced + One-Step,NYSE:CCS,0.0
2022-04-29,17,AR1 alpha + Enhanced + One-Step,NYSE:CCS,0.0
2022-05-02,17,AR1 alpha + Enhanced + One-Step,NYSE:CCS,0.0
2022-05-03,17,AR1 alpha + Enhanced + One-Step,NYSE:CCS,0.0
2022-05-04,17,AR1 alpha + Enhanced + One-Step,NYSE:CCS,0.0
2022-05-05,17,AR1 alpha + Enhanced + One-Step,NYSE:CCS,0.0
2022-05-06,17,AR1 alpha + Enhanced + One-Step,NYSE:CCS,0.0
2022-05-09,17,AR1 alpha + Enhanced + One-Step,NYSE:CCS,0.0
2022-05-10,17,AR1 alpha + Enhanced + One-Step,NYSE:CCS,0.0
2022-05-11,17,AR1 alpha + Enhanced + One-Step,NYSE:CCS,0.0
2022-05-12,17,AR1 alpha + Enhanced + One-Step,NYSE:CCS,0.0
2022-05-13,17,AR1 alpha + Enhanced + One-Step,NYSE:CCS,0.0
2022-05-16,17,AR1 alpha + Enhanced + One-Step,NYSE:CCS,0.0
2022-05-17,17,AR1 alpha + Enhanced + One-Step,NYSE:CCS,0.0
2022-05-18,17,AR1 alpha + Enhanced + One-Step,NYSE:CCS,0.0
2022-05-19,17,AR1 alpha + Enhanced + One-Step,NYSE:CCS,0.0
2022-05-20,17,AR1 alpha + Enhanced + One-Step,NYSE:CCS,0.0
2022-05-23,17,AR1 alpha + Enhanced + One-Step,NYSE:CCS,0.0
2022-05-24,17,AR1 alpha + Enhanced + One-Step,NYSE:CCS,0.0
2022-05-25,17,AR1 alpha + Enhanced + One-Step,NYSE:CCS,0.0
2022-05-26,17,AR1 alpha + Enhanced + One-Step,NYSE:CCS,0.0
2022-05-27,17,AR1 alpha + Enhanced + One-Step,NYSE:CCS,2.3520846955581818e-07
2022-05-31,17,AR1 alpha + Enhanced + One-Step,NYSE:CCS,0.0
2022-06-01,17,AR1 alpha + Enhanced + One-Step,NYSE:CCS,8.467315402053091e-07
2022-06-02,17,AR1 alpha + Enhanced + One-Step,NYSE:CCS,1.7439669516326836e-07
2022-06-03,17,AR1 alpha + Enhanced + One-Step,NYSE:CCS,0.0
2022-06-06,17,AR1 alpha + Enhanced + One-Step,NYSE:CCS,0.0
2022-06-07,17,AR1 alpha + Enhanced + One-Step,NYSE:CCS,0.0
2022-06-08,17,AR1 alpha + Enhanced + One-Step,NYSE:CCS,0.0
2022-06-09,17,AR1 alpha + Enhanced + One-Step,NYSE:CCS,0.0
2022-06-10,17,AR1 alpha + Enhanced + One-Step,NYSE:CCS,0.0
2022-06-13,17,AR1 alpha + Enhanced + One-Step,NYSE:CCS,0.0
2022-06-14,17,AR1 alpha + Enhanced + One-Step,NYSE:CCS,3.539285615155675e-07
2022-06-15,17,AR1 alpha + Enhanced + One-Step,NYSE:CCS,6.668183272376836e-08
2022-06-16,17,AR1 alpha + Enhanced + One-Step,NYSE:CCS,0.0
2022-06-17,17,AR1 alpha + Enhanced + One-Step,NYSE:CCS,0.0
2022-06-21,17,AR1 alpha + Enhanced + One-Step,NYSE:CCS,0.0
2022-06-22,17,AR1 alpha + Enhanced + One-Step,NYSE:CCS,0.0
2022-06-23,17,AR1 alpha + Enhanced + One-Step,NYSE:CCS,0.0
2022-06-24,17,AR1 alpha + Enhanced + One-Step,NYSE:CCS,0.0
2022-06-27,17,AR1 alpha + Enhanced + One-Step,NYSE:CCS,6.280632400904604e-08
2022-06-28,17,AR1 alpha + Enhanced + One-Step,NYSE:CCS,2.983040322923907e-08
2022-06-29,17,AR1 alpha + Enhanced + One-Step,NYSE:CCS,0.0
2022-06-30,17,AR1 alpha + Enhanced + One-Step,NYSE:CCS,8.83118958223424e-08
2022-07-01,17,AR1 alpha + Enhanced + One-Step,NYSE:CCS,3.898952806798759e-08
2022-07-05,17,AR1 alpha + Enhanced + One-Step,NYSE:CCS,2.2691591738370172e-08
2022-07-06,17,AR1 alpha + Enhanced + One-Step,NYSE:CCS,0.0
2022-07-07,17,AR1 alpha + Enhanced + One-Step,NYSE:CCS,0.0
2022-07-08,17,AR1 alpha + Enhanced + One-Step,NYSE:CCS,0.0
2022-07-11,17,AR1 alpha + Enhanced + One-Step,NYSE:CCS,0.0
2022-07-12,17,AR1 alpha + Enhanced + One-Step,NYSE:CCS,0.0
2022-07-13,17,AR1 alpha + Enhanced + One-Step,NYSE:CCS,0.0
2022-07-14,17,AR1 alpha + Enhanced + One-Step,NYSE:CCS,2.9397954002207546e-09
2022-07-15,17,AR1 alpha + Enhanced + One-Step,NYSE:CCS,1.3265971136247697e-08
2022-07-18,17,AR1 alpha + Enhanced + One-Step,NYSE:CCS,0.0
2022-07-19,17,AR1 alpha + Enhanced + One-Step,NYSE:CCS,0.0
2022-07-20,17,AR1 alpha + Enhanced + One-Step,NYSE:CCS,0.0
2022-07-21,17,AR1 alpha + Enhanced + One-Step,NYSE:CCS,0.0
2022-07-22,17,AR1 alpha + Enhanced + One-Step,NYSE:CCS,0.0
2022-07-25,17,AR1 alpha + Enhanced + One-Step,NYSE:CCS,2.925822342417485e-07
2022-07-26,17,AR1 alpha + Enhanced + One-Step,NYSE:CCS,7.2835407026434336e-09
2022-07-27,17,AR1 alpha + Enhanced + One-Step,NYSE:CCS,5.106667804841737e-09
2022-07-28,17,AR1 alpha + Enhanced + One-Step,NYSE:CCS,6.909272937078141e-09
2022-07-29,17,AR1 alpha + Enhanced + One-Step,NYSE:CCS,0.0
2022-08-01,17,AR1 alpha + Enhanced + One-Step,NYSE:CCS,1.7696186602986756e-09
2022-08-02,17,AR1 alpha + Enhanced + One-Step,NYSE:CCS,0.0
2022-08-03,17,AR1 alpha + Enhanced + One-Step,NYSE:CCS,0.0
2022-08-04,17,AR1 alpha + Enhanced + One-Step,NYSE:CCS,1.2521635712069012e-07
2022-08-05,17,AR1 alpha + Enhanced + One-Step,NYSE:CCS,0.0
2022-08-08,17,AR1 alpha + Enhanced + One-Step,NYSE:CCS,0.0
2022-08-09,17,AR1 alpha + Enhanced + One-Step,NYSE:CCS,3.8065184750707007e-07
2022-08-10,17,AR1 alpha + Enhanced + One-Step,NYSE:CCS,0.0
2022-08-11,17,AR1 alpha + Enhanced + One-Step,NYSE:CCS,0.0
2022-08-12,17,AR1 alpha + Enhanced + One-Step,NYSE:CCS,0.0
2022-08-15,17,AR1 alpha + Enhanced + One-Step,NYSE:CCS,0.0
2022-08-16,17,AR1 alpha + Enhanced + One-Step,NYSE:CCS,1.6546496220158293e-08
2022-08-17,17,AR1 alpha + Enhanced + One-Step,NYSE:CCS,3.4166579120910977e-07
2022-08-18,17,AR1 alpha + Enhanced + One-Step,NYSE:CCS,0.0
2022-08-19,17,AR1 alpha + Enhanced + One-Step,NYSE:CCS,0.0
2022-08-22,17,AR1 alpha + Enhanced + One-Step,NYSE:CCS,0.0
2022-08-23,17,AR1 alpha + Enhanced + One-Step,NYSE:CCS,0.0
2022-08-24,17,AR1 alpha + Enhanced + One-Step,NYSE:CCS,0.0
2022-08-25,17,AR1 alpha + Enhanced + One-Step,NYSE:CCS,0.0
2022-08-26,17,AR1 alpha + Enhanced + One-Step,NYSE:CCS,0.0
2022-08-29,17,AR1 alpha + Enhanced + One-Step,NYSE:CCS,0.0
2022-08-30,17,AR1 alpha + Enhanced + One-Step,NYSE:CCS,0.0
2022-08-31,17,AR1 alpha + Enhanced + One-Step,NYSE:CCS,0.0
2022-09-01,17,AR1 alpha + Enhanced + One-Step,NYSE:CCS,1.1905978260544839e-07
2022-09-02,17,AR1 alpha + Enhanced + One-Step,NYSE:CCS,6.270554147273595e-08
2022-09-06,17,AR1 alpha + Enhanced + One-Step,NYSE:CCS,3.745306204286958e-08
2022-09-07,17,AR1 alpha + Enhanced + One-Step,NYSE:CCS,4.3722088286449656e-08
2022-09-08,17,AR1 alpha + Enhanced + One-Step,NYSE:CCS,9.365477261148519e-08
2022-09-09,17,AR1 alpha + Enhanced + One-Step,NYSE:CCS,0.0
2022-09-12,17,AR1 alpha + Enhanced + One-Step,NYSE:CCS,0.0
2022-09-13,17,AR1 alpha + Enhanced + One-Step,NYSE:CCS,0.0
2022-09-14,17,AR1 alpha + Enhanced + One-Step,NYSE:CCS,0.0
2022-09-15,17,AR1 alpha + Enhanced + One-Step,NYSE:CCS,0.0
2022-09-16,17,AR1 alpha + Enhanced + One-Step,NYSE:CCS,2.8529703245343112e-08
2022-09-19,17,AR1 alpha + Enhanced + One-Step,NYSE:CCS,0.0
2022-09-20,17,AR1 alpha + Enhanced + One-Step,NYSE:CCS,9.244727019654713e-08
2022-09-21,17,AR1 alpha + Enhanced + One-Step,NYSE:CCS,0.0
2022-09-22,17,AR1 alpha + Enhanced + One-Step,NYSE:CCS,0.0
2022-09-23,17,AR1 alpha + Enhanced + One-Step,NYSE:CCS,0.0
2022-09-26,17,AR1 alpha + Enhanced + One-Step,NYSE:CCS,0.0
2022-09-27,17,AR1 alpha + Enhanced + One-Step,NYSE:CCS,0.0
2022-09-28,17,AR1 alpha + Enhanced + One-Step,NYSE:CCS,0.0
2022-09-29,17,AR1 alpha + Enhanced + One-Step,NYSE:CCS,2.192531955613982e-07
2022-09-30,17,AR1 alpha + Enhanced + One-Step,NYSE:CCS,4.553722957722181e-08
2022-10-03,17,AR1 alpha + Enhanced + One-Step,NYSE:CCS,3.120711514701131e-08
2022-10-04,17,AR1 alpha + Enhanced + One-Step,NYSE:CCS,3.346957534475711e-08
2022-10-05,17,AR1 alpha + Enhanced + One-Step,NYSE:CCS,0.0
2022-10-06,17,AR1 alpha + Enhanced + One-Step,NYSE:CCS,0.0
2022-10-07,17,AR1 alpha + Enhanced + One-Step,NYSE:CCS,4.2157837389291185e-08
2022-10-10,17,AR1 alpha + Enhanced + One-Step,NYSE:CCS,0.0
2022-10-11,17,AR1 alpha + Enhanced + One-Step,NYSE:CCS,0.0
2022-10-12,17,AR1 alpha + Enhanced + One-Step,NYSE:CCS,0.0
2022-10-13,17,AR1 alpha + Enhanced + One-Step,NYSE:CCS,9.155173703419294e-07
2022-10-14,17,AR1 alpha + Enhanced + One-Step,NYSE:CCS,3.387267237651179e-07
2022-10-17,17,AR1 alpha + Enhanced + One-Step,NYSE:CCS,8.411756771625323e-08
2022-10-18,17,AR1 alpha + Enhanced + One-Step,NYSE:CCS,2.044560611276155e-08
2022-10-19,17,AR1 alpha + Enhanced + One-Step,NYSE:CCS,1.0282928890588376e-08
2022-10-20,17,AR1 alpha + Enhanced + One-Step,NYSE:CCS,0.0
2022-10-21,17,AR1 alpha + Enhanced + One-Step,NYSE:CCS,2.6055729067761658e-08
2022-10-24,17,AR1 alpha + Enhanced + One-Step,NYSE:CCS,0.0
2022-10-25,17,AR1 alpha + Enhanced + One-Step,NYSE:CCS,9.99986657276052e-09
2022-10-26,17,AR1 alpha + Enhanced + One-Step,NYSE:CCS,3.9004738953658606e-08
2022-10-27,17,AR1 alpha + Enhanced + One-Step,NYSE:CCS,0.0
2022-10-28,17,AR1 alpha + Enhanced + One-Step,NYSE:CCS,0.0
2022-10-31,17,AR1 alpha + Enhanced + One-Step,NYSE:CCS,0.0
2022-11-01,17,AR1 alpha + Enhanced + One-Step,NYSE:CCS,0.0
2022-11-02,17,AR1 alpha + Enhanced + One-Step,NYSE:CCS,0.0
2022-11-03,17,AR1 alpha + Enhanced + One-Step,NYSE:CCS,1.0232653987725437e-06
2022-11-04,17,AR1 alpha + Enhanced + One-Step,NYSE:CCS,2.669324079352258e-07
2022-11-07,17,AR1 alpha + Enhanced + One-Step,NYSE:CCS,0.0
2022-11-08,17,AR1 alpha + Enhanced + One-Step,NYSE:CCS,5.1755765685985876e-08
2022-11-09,17,AR1 alpha + Enhanced + One-Step,NYSE:CCS,0.0
2022-11-10,17,AR1 alpha + Enhanced + One-Step,NYSE:CCS,1.0373012151033783e-08
2022-11-11,17,AR1 alpha + Enhanced + One-Step,NYSE:CCS,0.0
2022-11-14,17,AR1 alpha + Enhanced + One-Step,NYSE:CCS,0.0
2022-11-15,17,AR1 alpha + Enhanced + One-Step,NYSE:CCS,1.1211765681806408e-08
2022-11-16,17,AR1 alpha + Enhanced + One-Step,NYSE:CCS,0.0
2022-11-17,17,AR1 alpha + Enhanced + One-Step,NYSE:CCS,0.0
2022-11-18,17,AR1 alpha + Enhanced + One-Step,NYSE:CCS,2.281436804700173e-08
2022-11-21,17,AR1 alpha + Enhanced + One-Step,NYSE:CCS,0.0
2022-11-22,17,AR1 alpha + Enhanced + One-Step,NYSE:CCS,0.0
2022-11-23,17,AR1 alpha + Enhanced + One-Step,NYSE:CCS,2.1248438774888868e-07
2022-11-25,17,AR1 alpha + Enhanced + One-Step,NYSE:CCS,2.0165686672657523e-07
2022-11-28,17,AR1 alpha + Enhanced + One-Step,NYSE:CCS,1.5697974178049338e-07
2022-11-29,17,AR1 alpha + Enhanced + One-Step,NYSE:CCS,8.589274550757293e-08
2022-11-30,17,AR1 alpha + Enhanced + One-Step,NYSE:CCS,4.3418984202055575e-08
2022-12-01,17,AR1 alpha + Enhanced + One-Step,NYSE:CCS,0.0
2022-12-02,17,AR1 alpha + Enhanced + One-Step,NYSE:CCS,2.0673912158401635e-08
2022-12-05,17,AR1 alpha + Enhanced + One-Step,NYSE:CCS,0.0
2022-12-06,17,AR1 alpha + Enhanced + One-Step,NYSE:CCS,0.0
2022-12-07,17,AR1 alpha + Enhanced + One-Step,NYSE:CCS,0.0
2022-12-08,17,AR1 alpha + Enhanced + One-Step,NYSE:CCS,0.0
2022-12-09,17,AR1 alpha + Enhanced + One-Step,NYSE:CCS,0.0
2022-12-12,17,AR1 alpha + Enhanced + One-Step,NYSE:CCS,0.0
2022-12-13,17,AR1 alpha + Enhanced + One-Step,NYSE:CCS,0.0
2022-12-14,17,AR1 alpha + Enhanced + One-Step,NYSE:CCS,0.0
2022-12-15,17,AR1 alpha + Enhanced + One-Step,NYSE:CCS,0.0
2022-12-16,17,AR1 alpha + Enhanced + One-Step,NYSE:CCS,0.0
2022-12-19,17,AR1 alpha + Enhanced + One-Step,NYSE:CCS,0.0
2022-12-20,17,AR1 alpha + Enhanced + One-Step,NYSE:CCS,0.0
2022-12-21,17,AR1 alpha + Enhanced + One-Step,NYSE:CCS,0.0
2022-12-22,17,AR1 alpha + Enhanced + One-Step,NYSE:CCS,0.0
2022-12-23,17,AR1 alpha + Enhanced + One-Step,NYSE:CCS,1.747569697800408e-08
2022-12-27,17,AR1 alpha + Enhanced + One-Step,NYSE:CCS,1.8674751631536556e-08
2022-12-28,17,AR1 alpha + Enhanced + One-Step,NYSE:CCS,0.0
2022-12-29,17,AR1 alpha + Enhanced + One-Step,NYSE:CCS,0.0
2022-12-30,17,AR1 alpha + Enhanced + One-Step,NYSE:CCS,0.0
2023-01-03,17,AR1 alpha + Enhanced + One-Step,NYSE:CCS,2.6690945389403464e-09
2023-01-04,17,AR1 alpha + Enhanced + One-Step,NYSE:CCS,0.0
2023-01-05,17,AR1 alpha + Enhanced + One-Step,NYSE:CCS,3.1187442421898227e-07
2023-01-06,17,AR1 alpha + Enhanced + One-Step,NYSE:CCS,1.193404043620586e-07
2023-01-09,17,AR1 alpha + Enhanced + One-Step,NYSE:CCS,0.0
2023-01-10,17,AR1 alpha + Enhanced + One-Step,NYSE:CCS,3.5291245537789365e-07
2023-01-11,17,AR1 alpha + Enhanced + One-Step,NYSE:CCS,0.0
2023-01-12,17,AR1 alpha + Enhanced + One-Step,NYSE:CCS,0.0
2023-01-13,17,AR1 alpha + Enhanced + One-Step,NYSE:CCS,0.0
2023-01-17,17,AR1 alpha + Enhanced + One-Step,NYSE:CCS,0.0
2023-01-18,17,AR1 alpha + Enhanced + One-Step,NYSE:CCS,2.0298420000683526e-07
2023-01-19,17,AR1 alpha + Enhanced + One-Step,NYSE:CCS,0.0
2023-01-20,17,AR1 alpha + Enhanced + One-Step,NYSE:CCS,0.0
2023-01-23,17,AR1 alpha + Enhanced + One-Step,NYSE:CCS,0.0
2023-01-24,17,AR1 alpha + Enhanced + One-Step,NYSE:CCS,1.2490068951221777e-08
2023-01-25,17,AR1 alpha + Enhanced + One-Step,NYSE:CCS,2.00434743601189e-08
2023-01-26,17,AR1 alpha + Enhanced + One-Step,NYSE:CCS,0.0
2023-01-27,17,AR1 alpha + Enhanced + One-Step,NYSE:CCS,0.0
2023-01-30,17,AR1 alpha + Enhanced + One-Step,NYSE:CCS,4.804774855318078e-08
2023-01-31,17,AR1 alpha + Enhanced + One-Step,NYSE:CCS,0.0
2023-02-01,17,AR1 alpha + Enhanced + One-Step,NYSE:CCS,0.0
2023-02-02,17,AR1 alpha + Enhanced + One-Step,NYSE:CCS,7.217035434179123e-07
2023-02-03,17,AR1 alpha + Enhanced + One-Step,NYSE:CCS,3.719877302205575e-07
2023-02-06,17,AR1 alpha + Enhanced + One-Step,NYSE:CCS,5.067315640437238e-07
2023-02-07,17,AR1 alpha + Enhanced + One-Step,NYSE:CCS,1.2389113699326417e-06
2023-02-08,17,AR1 alpha + Enhanced + One-Step,NYSE:CCS,5.779520364078154e-07
2023-02-09,17,AR1 alpha + Enhanced + One-Step,NYSE:CCS,2.522211178159893e-07
2023-02-10,17,AR1 alpha + Enhanced + One-Step,NYSE:CCS,0.0
2023-02-13,17,AR1 alpha + Enhanced + One-Step,NYSE:CCS,0.0
2023-02-14,17,AR1 alpha + Enhanced + One-Step,NYSE:CCS,1.919824814655092e-07
2023-02-15,17,AR1 alpha + Enhanced + One-Step,NYSE:CCS,7.021444212695023e-08
2023-02-16,17,AR1 alpha + Enhanced + One-Step,NYSE:CCS,0.0
2023-02-17,17,AR1 alpha + Enhanced + One-Step,NYSE:CCS,0.0
2023-02-21,17,AR1 alpha + Enhanced + One-Step,NYSE:CCS,0.0
2023-02-22,17,AR1 alpha + Enhanced + One-Step,NYSE:CCS,0.0
2023-02-23,17,AR1 alpha + Enhanced + One-Step,NYSE:CCS,0.0
2023-02-24,17,AR1 alpha + Enhanced + One-Step,NYSE:CCS,8.999168953906208e-07
2023-02-27,17,AR1 alpha + Enhanced + One-Step,NYSE:CCS,4.942338804379484e-07
2023-02-28,17,AR1 alpha + Enhanced + One-Step,NYSE:CCS,6.69248460595992e-07
2023-03-01,17,AR1 alpha + Enhanced + One-Step,NYSE:CCS,1.382183374570681e-07
2023-03-02,17,AR1 alpha + Enhanced + One-Step,NYSE:CCS,0.0
2023-03-03,17,AR1 alpha + Enhanced + One-Step,NYSE:CCS,0.0
2023-03-06,17,AR1 alpha + Enhanced + One-Step,NYSE:CCS,0.0
2023-03-07,17,AR1 alpha + Enhanced + One-Step,NYSE:CCS,2.175022115015737e-08
2023-03-08,17,AR1 alpha + Enhanced + One-Step,NYSE:CCS,0.0
2023-03-09,17,AR1 alpha + Enhanced + One-Step,NYSE:CCS,0.0
2023-03-10,17,AR1 alpha + Enhanced + One-Step,NYSE:CCS,0.0
2023-03-13,17,AR1 alpha + Enhanced + One-Step,NYSE:CCS,0.0
2023-03-14,17,AR1 alpha + Enhanced + One-Step,NYSE:CCS,6.103510971414372e-09
2023-03-15,17,AR1 alpha + Enhanced + One-Step,NYSE:CCS,0.0
2023-03-16,17,AR1 alpha + Enhanced + One-Step,NYSE:CCS,6.970691095955587e-09
2023-03-17,17,AR1 alpha + Enhanced + One-Step,NYSE:CCS,0.0
2023-03-20,17,AR1 alpha + Enhanced + One-Step,NYSE:CCS,0.0
2023-03-21,17,AR1 alpha + Enhanced + One-Step,NYSE:CCS,0.0
2023-03-22,17,AR1 alpha + Enhanced + One-Step,NYSE:CCS,0.0
2023-03-23,17,AR1 alpha + Enhanced + One-Step,NYSE:CCS,0.0
2023-03-24,17,AR1 alpha + Enhanced + One-Step,NYSE:CCS,4.2883149155244965e-08
2023-03-27,17,AR1 alpha + Enhanced + One-Step,NYSE:CCS,0.0
2023-03-28,17,AR1 alpha + Enhanced + One-Step,NYSE:CCS,0.0
2023-03-29,17,AR1 alpha + Enhanced + One-Step,NYSE:CCS,6.54548711816478e-09
2023-03-30,17,AR1 alpha + Enhanced + One-Step,NYSE:CCS,0.0007892218528749796
2023-03-31,17,AR1 alpha + Enhanced + One-Step,NYSE:CCS,0.0007894368246995931
2023-04-03,17,AR1 alpha + Enhanced + One-Step,NYSE:CCS,0.0007893529822294102
2023-04-04,17,AR1 alpha + Enhanced + One-Step,NYSE:CCS,0.006667705155493979
2023-04-05,17,AR1 alpha + Enhanced + One-Step,NYSE:CCS,0.009773267002928292
2023-04-06,17,AR1 alpha + Enhanced + One-Step,NYSE:CCS,0.031097022853590287
2023-04-10,17,AR1 alpha + Enhanced + One-Step,NYSE:CCS,0.044883574730451285
2023-04-11,17,AR1 alpha + Enhanced + One-Step,NYSE:CCS,0.04527764981913009
2023-04-12,17,AR1 alpha + Enhanced + One-Step,NYSE:CCS,0.054886270293031725
2023-04-13,17,AR1 alpha + Enhanced + One-Step,NYSE:CCS,0.0609043627036484
2023-04-14,17,AR1 alpha + Enhanced + One-Step,NYSE:CCS,0.06090324668383119
2023-04-17,17,AR1 alpha + Enhanced + One-Step,NYSE:CCS,0.06090340462876426
2023-04-18,17,AR1 alpha + Enhanced + One-Step,NYSE:CCS,0.05901184261789692
2023-04-19,17,AR1 alpha + Enhanced + One-Step,NYSE:CCS,0.051732487554664607
2023-04-20,17,AR1 alpha + Enhanced + One-Step,NYSE:CCS,0.043427897872164806
2023-04-21,17,AR1 alpha + Enhanced + One-Step,NYSE:CCS,0.0434249754645875
2023-04-24,17,AR1 alpha + Enhanced + One-Step,NYSE:CCS,0.04342370120485774
2023-04-25,17,AR1 alpha + Enhanced + One-Step,NYSE:CCS,0.0434229351646091
2023-04-26,17,AR1 alpha + Enhanced + One-Step,NYSE:CCS,0.051116196500268614
2023-04-27,17,AR1 alpha + Enhanced + One-Step,NYSE:CCS,0.05111471192935897
2023-04-28,17,AR1 alpha + Enhanced + One-Step,NYSE:CCS,0.05018689817998449
2023-05-01,17,AR1 alpha + Enhanced + One-Step,NYSE:CCS,0.050186539306469845
2023-05-02,17,AR1 alpha + Enhanced + One-Step,NYSE:CCS,0.05018664808997563
2023-05-03,17,AR1 alpha + Enhanced + One-Step,NYSE:CCS,0.05018669884118816
2023-05-04,17,AR1 alpha + Enhanced + One-Step,NYSE:CCS,0.05018667226577661
2023-05-05,17,AR1 alpha + Enhanced + One-Step,NYSE:CCS,0.05018666755255007
2023-05-08,17,AR1 alpha + Enhanced + One-Step,NYSE:CCS,0.05018609490335182
2023-05-09,17,AR1 alpha + Enhanced + One-Step,NYSE:CCS,0.050186074556270305
2023-05-10,17,AR1 alpha + Enhanced + One-Step,NYSE:CCS,0.050186108767078075
2023-05-11,17,AR1 alpha + Enhanced + One-Step,NYSE:CCS,0.05018620413417836
2023-05-12,17,AR1 alpha + Enhanced + One-Step,NYSE:CCS,0.05018625277913411
2023-05-15,17,AR1 alpha + Enhanced + One-Step,NYSE:CCS,0.050185137364490956
2023-05-16,17,AR1 alpha + Enhanced + One-Step,NYSE:CCS,0.05018514882174938
2023-05-17,17,AR1 alpha + Enhanced + One-Step,NYSE:CCS,0.05018464327120129
2023-05-18,17,AR1 alpha + Enhanced + One-Step,NYSE:CCS,0.05018659529849444
2023-05-19,17,AR1 alpha + Enhanced + One-Step,NYSE:CCS,0.05018665363401071
2023-05-22,17,AR1 alpha + Enhanced + One-Step,NYSE:CCS,0.050186627895610396
2023-05-23,17,AR1 alpha + Enhanced + One-Step,NYSE:CCS,0.05018637887013311
2023-05-24,17,AR1 alpha + Enhanced + One-Step,NYSE:CCS,0.05018637701288764
2023-05-25,17,AR1 alpha + Enhanced + One-Step,NYSE:CCS,0.05018606072590977
2023-05-26,17,AR1 alpha + Enhanced + One-Step,NYSE:CCS,0.05018576470650658
2023-05-30,17,AR1 alpha + Enhanced + One-Step,NYSE:CCS,0.050185611668566145
2023-05-31,17,AR1 alpha + Enhanced + One-Step,NYSE:CCS,0.0501850125444241
2023-06-01,17,AR1 alpha + Enhanced + One-Step,NYSE:CCS,0.050182442888728335
2023-06-02,17,AR1 alpha + Enhanced + One-Step,NYSE:CCS,0.05018109442204145
2023-06-05,17,AR1 alpha + Enhanced + One-Step,NYSE:CCS,0.05017941078746932
2023-06-06,17,AR1 alpha + Enhanced + One-Step,NYSE:CCS,0.05018144996400541
2023-06-07,17,AR1 alpha + Enhanced + One-Step,NYSE:CCS,0.05018125176207238
2023-06-08,17,AR1 alpha + Enhanced + One-Step,NYSE:CCS,0.05018094817025209
2023-06-09,17,AR1 alpha + Enhanced + One-Step,NYSE:CCS,0.05017968163290542
2023-06-12,17,AR1 alpha + Enhanced + One-Step,NYSE:CCS,0.050179138598776464
2023-06-13,17,AR1 alpha + Enhanced + One-Step,NYSE:CCS,0.05919167167736139
2023-06-14,17,AR1 alpha + Enhanced + One-Step,NYSE:CCS,0.061331287479537484
2023-06-15,17,AR1 alpha + Enhanced + One-Step,NYSE:CCS,0.07164076072174873
2023-06-16,17,AR1 alpha + Enhanced + One-Step,NYSE:CCS,0.07838390433500597
2023-06-20,17,AR1 alpha + Enhanced + One-Step,NYSE:CCS,0.07838162458947928
2023-06-21,17,AR1 alpha + Enhanced + One-Step,NYSE:CCS,0.07851241937233572
2023-06-22,17,AR1 alpha + Enhanced + One-Step,NYSE:CCS,0.09097542182279755
2023-06-23,17,AR1 alpha + Enhanced + One-Step,NYSE:CCS,0.09097343676071866
2023-06-26,17,AR1 alpha + Enhanced + One-Step,NYSE:CCS,0.09096995058739038
2023-06-27,17,AR1 alpha + Enhanced + One-Step,NYSE:CCS,0.08711634957223788
2023-06-28,17,AR1 alpha + Enhanced + One-Step,NYSE:CCS,0.0871092533282538
2023-06-29,17,AR1 alpha + Enhanced + One-Step,NYSE:CCS,0.08710613159513507
2023-06-30,17,AR1 alpha + Enhanced + One-Step,NYSE:CCS,0.0871051952824147
2023-07-03,17,AR1 alpha + Enhanced + One-Step,NYSE:CCS,0.09321822280584087
2023-07-05,17,AR1 alpha + Enhanced + One-Step,NYSE:CCS,0.09999906517854668
2023-07-06,17,AR1 alpha + Enhanced + One-Step,NYSE:CCS,0.09999935919783803
2023-07-07,17,AR1 alpha + Enhanced + One-Step,NYSE:CCS,0.09999782407573092
2023-07-10,17,AR1 alpha + Enhanced + One-Step,NYSE:CCS,0.09999863054596125
2023-07-11,17,AR1 alpha + Enhanced + One-Step,NYSE:CCS,0.09999577861269374
2023-07-12,17,AR1 alpha + Enhanced + One-Step,NYSE:CCS,0.09999823109022973
2023-07-13,17,AR1 alpha + Enhanced + One-Step,NYSE:CCS,0.09999469500641955
2023-07-14,17,AR1 alpha + Enhanced + One-Step,NYSE:CCS,0.09999386572577057
2023-07-17,17,AR1 alpha + Enhanced + One-Step,NYSE:CCS,0.09999482587269223
2023-07-18,17,AR1 alpha + Enhanced + One-Step,NYSE:CCS,0.09999787458738113
2023-07-19,17,AR1 alpha + Enhanced + One-Step,NYSE:CCS,0.0999960562168167
2023-07-20,17,AR1 alpha + Enhanced + One-Step,NYSE:CCS,0.09999704627748578
2023-07-21,17,AR1 alpha + Enhanced + One-Step,NYSE:CCS,0.09999614894642701
2023-07-24,17,AR1 alpha + Enhanced + One-Step,NYSE:CCS,0.09998961280528147
2023-07-25,17,AR1 alpha + Enhanced + One-Step,NYSE:CCS,0.09999044796975216
2023-07-26,17,AR1 alpha + Enhanced + One-Step,NYSE:CCS,0.0999890406338166
2023-07-27,17,AR1 alpha + Enhanced + One-Step,NYSE:CCS,0.0867732298210254
2023-08-01,17,AR1 alpha + Enhanced + One-Step,NYSE:CCS,0.0693995982502782
2023-08-02,17,AR1 alpha + Enhanced + One-Step,NYSE:CCS,0.06939901141714074
2023-08-03,17,AR1 alpha + Enhanced + One-Step,NYSE:CCS,0.06939917943261274
2023-08-04,17,AR1 alpha + Enhanced + One-Step,NYSE:CCS,0.06940361161880039
2023-08-07,17,AR1 alpha + Enhanced + One-Step,NYSE:CCS,0.06940332334771837
2023-08-08,17,AR1 alpha + Enhanced + One-Step,NYSE:CCS,0.06940329764876031
2023-08-09,17,AR1 alpha + Enhanced + One-Step,NYSE:CCS,0.06940327182255739
2023-08-10,17,AR1 alpha + Enhanced + One-Step,NYSE:CCS,0.06940131887868918
2023-08-11,17,AR1 alpha + Enhanced + One-Step,NYSE:CCS,0.07489329586155309
2023-08-14,17,AR1 alpha + Enhanced + One-Step,NYSE:CCS,0.07489016075022807
2023-08-15,17,AR1 alpha + Enhanced + One-Step,NYSE:CCS,0.07488885696145593
2023-08-16,17,AR1 alpha + Enhanced + One-Step,NYSE:CCS,0.07488615402241579
2023-08-17,17,AR1 alpha + Enhanced + One-Step,NYSE:CCS,0.07488415173135991
2023-08-18,17,AR1 alpha + Enhanced + One-Step,NYSE:CCS,0.07488141097997593
2023-08-21,17,AR1 alpha + Enhanced + One-Step,NYSE:CCS,0.07487976745522762
2023-08-22,17,AR1 alpha + Enhanced + One-Step,NYSE:CCS,0.0748795987653225
2023-08-23,17,AR1 alpha + Enhanced + One-Step,NYSE:CCS,0.07487737818507094
2023-08-24,17,AR1 alpha + Enhanced + One-Step,NYSE:CCS,0.07487686545943141
2023-08-25,17,AR1 alpha + Enhanced + One-Step,NYSE:CCS,0.0748768165933921
2023-08-28,17,AR1 alpha + Enhanced + One-Step,NYSE:CCS,0.07487401310612933
2023-08-29,17,AR1 alpha + Enhanced + One-Step,NYSE:CCS,0.07487278506854488
2023-08-30,17,AR1 alpha + Enhanced + One-Step,NYSE:CCS,0.07344633814753633
2023-08-31,17,AR1 alpha + Enhanced + One-Step,NYSE:CCS,0.07211654036622704
2023-09-01,17,AR1 alpha + Enhanced + One-Step,NYSE:CCS,0.06784257341763358
2023-09-05,17,AR1 alpha + Enhanced + One-Step,NYSE:CCS,0.07301061670645317
2023-09-06,17,AR1 alpha + Enhanced + One-Step,NYSE:CCS,0.07300787968623622
2023-09-07,17,AR1 alpha + Enhanced + One-Step,NYSE:CCS,0.06259088751310796
2023-09-08,17,AR1 alpha + Enhanced + One-Step,NYSE:CCS,0.06888508085308709
2023-09-11,17,AR1 alpha + Enhanced + One-Step,NYSE:CCS,0.07082248305607469
2023-09-12,17,AR1 alpha + Enhanced + One-Step,NYSE:CCS,0.07319009175578191
2023-09-13,17,AR1 alpha + Enhanced + One-Step,NYSE:CCS,0.0854377524264067
2023-09-14,17,AR1 alpha + Enhanced + One-Step,NYSE:CCS,0.08836542526283454
2023-09-15,17,AR1 alpha + Enhanced + One-Step,NYSE:CCS,0.08836551973056939
2023-09-18,17,AR1 alpha + Enhanced + One-Step,NYSE:CCS,0.0999999529709128
2023-09-19,17,AR1 alpha + Enhanced + One-Step,NYSE:CCS,0.09999998350136323
2023-09-20,17,AR1 alpha + Enhanced + One-Step,NYSE:CCS,0.10000001429997803
2023-09-21,17,AR1 alpha + Enhanced + One-Step,NYSE:CCS,0.10000005370781612
2023-09-22,17,AR1 alpha + Enhanced + One-Step,NYSE:CCS,0.10000004961788583
2023-09-25,17,AR1 alpha + Enhanced + One-Step,NYSE:CCS,0.0999976735080512
2023-09-26,17,AR1 alpha + Enhanced + One-Step,NYSE:CCS,0.09999855611218887
2023-09-27,17,AR1 alpha + Enhanced + One-Step,NYSE:CCS,0.09999900814674424
2023-09-28,17,AR1 alpha + Enhanced + One-Step,NYSE:CCS,0.09484016571643673
2023-09-29,17,AR1 alpha + Enhanced + One-Step,NYSE:CCS,0.09484015945984632
2023-10-02,17,AR1 alpha + Enhanced + One-Step,NYSE:CCS,0.09483726183335646
2023-10-03,17,AR1 alpha + Enhanced + One-Step,NYSE:CCS,0.0948338726511785
2023-10-04,17,AR1 alpha + Enhanced + One-Step,NYSE:CCS,0.09482522198122031
2023-10-05,17,AR1 alpha + Enhanced + One-Step,NYSE:CCS,0.09482454958745397
2023-10-06,17,AR1 alpha + Enhanced + One-Step,NYSE:CCS,0.09482413523764195
2023-10-09,17,AR1 alpha + Enhanced + One-Step,NYSE:CCS,0.08958541576566957
2023-10-10,17,AR1 alpha + Enhanced + One-Step,NYSE:CCS,0.07323082520396376
2023-10-11,17,AR1 alpha + Enhanced + One-Step,NYSE:CCS,0.07172328230973468
2023-10-12,17,AR1 alpha + Enhanced + One-Step,NYSE:CCS,0.0785631657338766
2023-10-13,17,AR1 alpha + Enhanced + One-Step,NYSE:CCS,0.07860004070152718
2023-10-16,17,AR1 alpha + Enhanced + One-Step,NYSE:CCS,0.0786000743692903
2023-10-17,17,AR1 alpha + Enhanced + One-Step,NYSE:CCS,0.08386032794597442
2023-10-18,17,AR1 alpha + Enhanced + One-Step,NYSE:CCS,0.08386052280620464
2023-10-19,17,AR1 alpha + Enhanced + One-Step,NYSE:CCS,0.08386048291285868
2023-10-20,17,AR1 alpha + Enhanced + One-Step,NYSE:CCS,0.08386052094253407
2023-10-23,17,AR1 alpha + Enhanced + One-Step,NYSE:CCS,0.07835073502441982
2023-10-24,17,AR1 alpha + Enhanced + One-Step,NYSE:CCS,0.07835074589759078
2023-10-25,17,AR1 alpha + Enhanced + One-Step,NYSE:CCS,0.07835052875683221
2023-10-26,17,AR1 alpha + Enhanced + One-Step,NYSE:CCS,0.05334996407041498
2023-10-27,17,AR1 alpha + Enhanced + One-Step,NYSE:CCS,0.04392023478455372
2023-10-30,17,AR1 alpha + Enhanced + One-Step,NYSE:CCS,0.03948036009510873
2023-10-31,17,AR1 alpha + Enhanced + One-Step,NYSE:CCS,0.03948055472709554
2023-11-01,17,AR1 alpha + Enhanced + One-Step,NYSE:CCS,0.04240236334359434
2023-11-02,17,AR1 alpha + Enhanced + One-Step,NYSE:CCS,0.0424038443750307
2023-11-03,17,AR1 alpha + Enhanced + One-Step,NYSE:CCS,0.042403888511837816
2023-11-06,17,AR1 alpha + Enhanced + One-Step,NYSE:CCS,0.042404047103166295
2023-11-07,17,AR1 alpha + Enhanced + One-Step,NYSE:CCS,0.04240021349869955
2023-11-08,17,AR1 alpha + Enhanced + One-Step,NYSE:CCS,0.04239760606212041
2023-11-09,17,AR1 alpha + Enhanced + One-Step,NYSE:CCS,0.04239620549478842
2023-11-10,17,AR1 alpha + Enhanced + One-Step,NYSE:CCS,0.04239601300521178
2023-11-13,17,AR1 alpha + Enhanced + One-Step,NYSE:CCS,0.04559893941496197
2023-11-14,17,AR1 alpha + Enhanced + One-Step,NYSE:CCS,0.04559802543007803
2023-11-15,17,AR1 alpha + Enhanced + One-Step,NYSE:CCS,0.045597789073194506
2023-11-16,17,AR1 alpha + Enhanced + One-Step,NYSE:CCS,0.056620467991517556
2023-11-17,17,AR1 alpha + Enhanced + One-Step,NYSE:CCS,0.07222080426141596
2023-11-20,17,AR1 alpha + Enhanced + One-Step,NYSE:CCS,0.08532705358024494
2023-11-21,17,AR1 alpha + Enhanced + One-Step,NYSE:CCS,0.09839522405062393
2023-11-22,17,AR1 alpha + Enhanced + One-Step,NYSE:CCS,0.09999912755718207
2023-11-24,17,AR1 alpha + Enhanced + One-Step,NYSE:CCS,0.09999937900510643
2023-11-27,17,AR1 alpha + Enhanced + One-Step,NYSE:CCS,0.09999936949994241
2023-11-28,17,AR1 alpha + Enhanced + One-Step,NYSE:CCS,0.09999957681771278
2023-11-29,17,AR1 alpha + Enhanced + One-Step,NYSE:CCS,0.09999677374398133
2023-11-30,17,AR1 alpha + Enhanced + One-Step,NYSE:CCS,0.09999440848368975
2023-12-01,17,AR1 alpha + Enhanced + One-Step,NYSE:CCS,0.09999595056671147
2023-12-04,17,AR1 alpha + Enhanced + One-Step,NYSE:CCS,0.09999395824267096
2023-12-05,17,AR1 alpha + Enhanced + One-Step,NYSE:CCS,0.09999363947598043
2023-12-06,17,AR1 alpha + Enhanced + One-Step,NYSE:CCS,0.0999955450291389
2023-12-07,17,AR1 alpha + Enhanced + One-Step,NYSE:CCS,0.09999554163711369
2023-12-08,17,AR1 alpha + Enhanced + One-Step,NYSE:CCS,0.09740380006463227
2023-12-11,17,AR1 alpha + Enhanced + One-Step,NYSE:CCS,0.09621603649066662
2023-12-12,17,AR1 alpha + Enhanced + One-Step,NYSE:CCS,0.09532066182441465
2023-12-13,17,AR1 alpha + Enhanced + One-Step,NYSE:CCS,0.09532162656368075
2023-12-14,17,AR1 alpha + Enhanced + One-Step,NYSE:CCS,0.09532154422538515
2023-12-15,17,AR1 alpha + Enhanced + One-Step,NYSE:CCS,0.09531701573938998
2023-12-18,17,AR1 alpha + Enhanced + One-Step,NYSE:CCS,0.0953164516151428
2023-12-19,17,AR1 alpha + Enhanced + One-Step,NYSE:CCS,0.09531621457938032
2023-12-20,17,AR1 alpha + Enhanced + One-Step,NYSE:CCS,0.09532154528642382
2023-12-21,17,AR1 alpha + Enhanced + One-Step,NYSE:CCS,0.0953215842973177
2023-12-22,17,AR1 alpha + Enhanced + One-Step,NYSE:CCS,0.09532162338564137
2023-12-26,17,AR1 alpha + Enhanced + One-Step,NYSE:CCS,0.09531946062855864
2023-12-27,17,AR1 alpha + Enhanced + One-Step,NYSE:CCS,0.09531945472885757
2023-12-28,17,AR1 alpha + Enhanced + One-Step,NYSE:CCS,0.10000019312846438
2023-12-29,17,AR1 alpha + Enhanced + One-Step,NYSE:CCS,0.10000039138285886
2024-01-02,17,AR1 alpha + Enhanced + One-Step,NYSE:CCS,0.09999580199225745
2024-01-03,17,AR1 alpha + Enhanced + One-Step,NYSE:CCS,0.09999588855897774
2024-01-04,17,AR1 alpha + Enhanced + One-Step,NYSE:CCS,0.09999679885003537
2024-01-05,17,AR1 alpha + Enhanced + One-Step,NYSE:CCS,0.09999778772694744
2024-01-08,17,AR1 alpha + Enhanced + One-Step,NYSE:CCS,0.09999858042477282
2024-01-09,17,AR1 alpha + Enhanced + One-Step,NYSE:CCS,0.09999713442239273
2024-01-10,17,AR1 alpha + Enhanced + One-Step,NYSE:CCS,0.09998873075294117
2024-01-11,17,AR1 alpha + Enhanced + One-Step,NYSE:CCS,0.0999934315878679
2024-01-12,17,AR1 alpha + Enhanced + One-Step,NYSE:CCS,0.09999633677042756
2024-01-16,17,AR1 alpha + Enhanced + One-Step,NYSE:CCS,0.09999373356422035
2024-01-17,17,AR1 alpha + Enhanced + One-Step,NYSE:CCS,0.09999109618216476
2024-01-18,17,AR1 alpha + Enhanced + One-Step,NYSE:CCS,0.09999396208034739
2024-01-19,17,AR1 alpha + Enhanced + One-Step,NYSE:CCS,0.09999540451534261
2024-01-22,17,AR1 alpha + Enhanced + One-Step,NYSE:CCS,0.0999961621699255
2024-01-23,17,AR1 alpha + Enhanced + One-Step,NYSE:CCS,0.09999514419171972
2024-01-24,17,AR1 alpha + Enhanced + One-Step,NYSE:CCS,0.09999096727053737
2024-01-25,17,AR1 alpha + Enhanced + One-Step,NYSE:CCS,0.09999352697694887
2024-01-26,17,AR1 alpha + Enhanced + One-Step,NYSE:CCS,0.09999247985811943
2024-01-29,17,AR1 alpha + Enhanced + One-Step,NYSE:CCS,0.09998809963222502
2024-01-30,17,AR1 alpha + Enhanced + One-Step,NYSE:CCS,0.09873119539708106
2024-01-31,17,AR1 alpha + Enhanced + One-Step,NYSE:CCS,0.09999809993938195
2024-02-01,17,AR1 alpha + Enhanced + One-Step,NYSE:CCS,0.09605523453580962
2024-02-02,17,AR1 alpha + Enhanced + One-Step,NYSE:CCS,0.09605149180551116
2024-02-05,17,AR1 alpha + Enhanced + One-Step,NYSE:CCS,0.09999970198303786
2024-02-06,17,AR1 alpha + Enhanced + One-Step,NYSE:CCS,0.09999926169846439
2024-02-07,17,AR1 alpha + Enhanced + One-Step,NYSE:CCS,0.09999934583787194
2024-02-08,17,AR1 alpha + Enhanced + One-Step,NYSE:CCS,0.09999937794185565
2024-02-09,17,AR1 alpha + Enhanced + One-Step,NYSE:CCS,0.09999430584956293
2024-02-12,17,AR1 alpha + Enhanced + One-Step,NYSE:CCS,0.09999299479583941
2024-02-13,17,AR1 alpha + Enhanced + One-Step,NYSE:CCS,0.09999467479035817
2024-02-14,17,AR1 alpha + Enhanced + One-Step,NYSE:CCS,0.09999734571490783
2024-02-15,17,AR1 alpha + Enhanced + One-Step,NYSE:CCS,0.09502894062848306
2024-02-16,17,AR1 alpha + Enhanced + One-Step,NYSE:CCS,0.09502943494199388
2024-02-20,17,AR1 alpha + Enhanced + One-Step,NYSE:CCS,0.09502966864690143
2024-02-21,17,AR1 alpha + Enhanced + One-Step,NYSE:CCS,0.09502637625924017
2024-02-22,17,AR1 alpha + Enhanced + One-Step,NYSE:CCS,0.09501835441639446
2024-02-23,17,AR1 alpha + Enhanced + One-Step,NYSE:CCS,0.09501422395757055
2024-02-26,17,AR1 alpha + Enhanced + One-Step,NYSE:CCS,0.09500747177791648
2024-02-27,17,AR1 alpha + Enhanced + One-Step,NYSE:CCS,0.09499906700556783
2024-02-28,17,AR1 alpha + Enhanced + One-Step,NYSE:CCS,0.09499098072920822
2024-02-29,17,AR1 alpha + Enhanced + One-Step,NYSE:CCS,0.08481893121756234
2024-03-01,17,AR1 alpha + Enhanced + One-Step,NYSE:CCS,0.06928746142259638
2024-03-04,17,AR1 alpha + Enhanced + One-Step,NYSE:CCS,0.054038954814369745
2024-03-05,17,AR1 alpha + Enhanced + One-Step,NYSE:CCS,0.05403858694023234
2024-03-06,17,AR1 alpha + Enhanced + One-Step,NYSE:CCS,0.0540383497454848
2024-03-07,17,AR1 alpha + Enhanced + One-Step,NYSE:CCS,0.05056082214854254
2024-03-08,17,AR1 alpha + Enhanced + One-Step,NYSE:CCS,0.050556489626608296
2024-03-11,17,AR1 alpha + Enhanced + One-Step,NYSE:CCS,0.05043238223948274
2024-03-12,17,AR1 alpha + Enhanced + One-Step,NYSE:CCS,0.03075664713449622
2024-03-13,17,AR1 alpha + Enhanced + One-Step,NYSE:CCS,0.030753059052643448
2024-03-14,17,AR1 alpha + Enhanced + One-Step,NYSE:CCS,0.030752832519255965
2024-03-15,17,AR1 alpha + Enhanced + One-Step,NYSE:CCS,0.03075302497153334
2024-03-18,17,AR1 alpha + Enhanced + One-Step,NYSE:CCS,0.03075249493418961
2024-03-19,17,AR1 alpha + Enhanced + One-Step,NYSE:CCS,0.030752073276779094
2024-03-20,17,AR1 alpha + Enhanced + One-Step,NYSE:CCS,0.030751982623151222
2024-03-21,17,AR1 alpha + Enhanced + One-Step,NYSE:CCS,0.027859920830799755
2024-03-22,17,AR1 alpha + Enhanced + One-Step,NYSE:CCS,0.008736811621431572
2024-03-25,17,AR1 alpha + Enhanced + One-Step,NYSE:CCS,0.00873683361875824
2024-03-26,17,AR1 alpha + Enhanced + One-Step,NYSE:CCS,0.008736217617198689
2024-03-27,17,AR1 alpha + Enhanced + One-Step,NYSE:CCS,0.0
2024-03-28,17,AR1 alpha + Enhanced + One-Step,NYSE:CCS,2.0254429432124788e-07
2024-04-01,17,AR1 alpha + Enhanced + One-Step,NYSE:CCS,2.873190412733064e-07
2024-04-02,17,AR1 alpha + Enhanced + One-Step,NYSE:CCS,1.0025458317728573e-07
2024-04-03,17,AR1 alpha + Enhanced + One-Step,NYSE:CCS,0.0
2024-04-04,17,AR1 alpha + Enhanced + One-Step,NYSE:CCS,0.0008872613613362802
2024-04-05,17,AR1 alpha + Enhanced + One-Step,NYSE:CCS,0.0
2024-04-08,17,AR1 alpha + Enhanced + One-Step,NYSE:CCS,1.5722671660800026e-07
2024-04-09,17,AR1 alpha + Enhanced + One-Step,NYSE:CCS,1.8939533093867264e-07
2024-04-10,17,AR1 alpha + Enhanced + One-Step,NYSE:CCS,0.0014069664539242968
2024-04-11,17,AR1 alpha + Enhanced + One-Step,NYSE:CCS,0.0014064884834459716
2024-04-12,17,AR1 alpha + Enhanced + One-Step,NYSE:CCS,0.0014064722413431544
2024-04-15,17,AR1 alpha + Enhanced + One-Step,NYSE:CCS,0.0014063697786498598
2024-04-16,17,AR1 alpha + Enhanced + One-Step,NYSE:CCS,0.0014057800008796504
2024-04-17,17,AR1 alpha + Enhanced + One-Step,NYSE:CCS,0.001405950441188189
2024-04-18,17,AR1 alpha + Enhanced + One-Step,NYSE:CCS,0.0
2024-04-19,17,AR1 alpha + Enhanced + One-Step,NYSE:CCS,2.118999538139797e-07
2020-03-25,17,AR1 alpha + Enhanced + One-Step,NASDAQ:SPNS,0.020000000000007227
2020-03-26,17,AR1 alpha + Enhanced + One-Step,NASDAQ:SPNS,0.02000000000001305
2020-03-27,17,AR1 alpha + Enhanced + One-Step,NASDAQ:SPNS,0.019999980282324824
2020-03-30,17,AR1 alpha + Enhanced + One-Step,NASDAQ:SPNS,0.020001411478530212
2020-03-31,17,AR1 alpha + Enhanced + One-Step,NASDAQ:SPNS,0.020002613144590564
2020-04-01,17,AR1 alpha + Enhanced + One-Step,NASDAQ:SPNS,0.020002682879144345
2020-04-02,17,AR1 alpha + Enhanced + One-Step,NASDAQ:SPNS,0.01999970804484426
2020-04-03,17,AR1 alpha + Enhanced + One-Step,NASDAQ:SPNS,0.02000062032317154
2020-04-06,17,AR1 alpha + Enhanced + One-Step,NASDAQ:SPNS,0.02000119335017417
2020-04-07,17,AR1 alpha + Enhanced + One-Step,NASDAQ:SPNS,0.020002711785894
2020-04-08,17,AR1 alpha + Enhanced + One-Step,NASDAQ:SPNS,0.02000275698063277
2020-04-09,17,AR1 alpha + Enhanced + One-Step,NASDAQ:SPNS,0.0200027310583347
2020-04-13,17,AR1 alpha + Enhanced + One-Step,NASDAQ:SPNS,0.02000283840478262
2020-04-14,17,AR1 alpha + Enhanced + One-Step,NASDAQ:SPNS,0.020002980802623832
2020-04-15,17,AR1 alpha + Enhanced + One-Step,NASDAQ:SPNS,0.020003878716825206
2020-04-16,17,AR1 alpha + Enhanced + One-Step,NASDAQ:SPNS,0.020004430482109713
2020-04-17,17,AR1 alpha + Enhanced + One-Step,NASDAQ:SPNS,0.020004492787230356
2020-04-20,17,AR1 alpha + Enhanced + One-Step,NASDAQ:SPNS,0.02000434418105013
2020-04-21,17,AR1 alpha + Enhanced + One-Step,NASDAQ:SPNS,0.02000461245263907
2020-04-22,17,AR1 alpha + Enhanced + One-Step,NASDAQ:SPNS,0.020004863882675306
2020-04-23,17,AR1 alpha + Enhanced + One-Step,NASDAQ:SPNS,0.020004584465966584
2020-04-24,17,AR1 alpha + Enhanced + One-Step,NASDAQ:SPNS,0.020004660778002427
2020-04-27,17,AR1 alpha + Enhanced + One-Step,NASDAQ:SPNS,0.02000465819597394
2020-04-28,17,AR1 alpha + Enhanced + One-Step,NASDAQ:SPNS,0.020004653905649365
2020-04-29,17,AR1 alpha + Enhanced + One-Step,NASDAQ:SPNS,0.020004649421199984
2020-04-30,17,AR1 alpha + Enhanced + One-Step,NASDAQ:SPNS,0.0200047390099848
2020-05-01,17,AR1 alpha + Enhanced + One-Step,NASDAQ:SPNS,0.037359289068341184
2020-05-04,17,AR1 alpha + Enhanced + One-Step,NASDAQ:SPNS,0.06207401451214386
2020-05-05,17,AR1 alpha + Enhanced + One-Step,NASDAQ:SPNS,0.062073973974029195
2020-05-06,17,AR1 alpha + Enhanced + One-Step,NASDAQ:SPNS,0.06207397166228039
2020-05-07,17,AR1 alpha + Enhanced + One-Step,NASDAQ:SPNS,0.062073359347577774
2020-05-08,17,AR1 alpha + Enhanced + One-Step,NASDAQ:SPNS,0.0620729211722437
2020-05-11,17,AR1 alpha + Enhanced + One-Step,NASDAQ:SPNS,0.06207286824178267
2020-05-12,17,AR1 alpha + Enhanced + One-Step,NASDAQ:SPNS,0.0620727795959043
2020-05-13,17,AR1 alpha + Enhanced + One-Step,NASDAQ:SPNS,0.062072871999563774
2020-05-14,17,AR1 alpha + Enhanced + One-Step,NASDAQ:SPNS,0.06206949262378027
2020-05-15,17,AR1 alpha + Enhanced + One-Step,NASDAQ:SPNS,0.062069551404444166
2020-05-18,17,AR1 alpha + Enhanced + One-Step,NASDAQ:SPNS,0.06206957282290606
2020-05-19,17,AR1 alpha + Enhanced + One-Step,NASDAQ:SPNS,0.062069369936805265
2020-05-20,17,AR1 alpha + Enhanced + One-Step,NASDAQ:SPNS,0.0620694460474071
2020-05-21,17,AR1 alpha + Enhanced + One-Step,NASDAQ:SPNS,0.06206848425567359
2020-05-22,17,AR1 alpha + Enhanced + One-Step,NASDAQ:SPNS,0.06206844548735919
2020-05-26,17,AR1 alpha + Enhanced + One-Step,NASDAQ:SPNS,0.06206844707608041
2020-05-27,17,AR1 alpha + Enhanced + One-Step,NASDAQ:SPNS,0.06206853036018306
2020-05-28,17,AR1 alpha + Enhanced + One-Step,NASDAQ:SPNS,0.0620685367295583
2020-05-29,17,AR1 alpha + Enhanced + One-Step,NASDAQ:SPNS,0.059621333106751946
2020-06-01,17,AR1 alpha + Enhanced + One-Step,NASDAQ:SPNS,0.03462125641003159
2020-06-02,17,AR1 alpha + Enhanced + One-Step,NASDAQ:SPNS,0.009623885589330184
2020-06-03,17,AR1 alpha + Enhanced + One-Step,NASDAQ:SPNS,1.7789242712723373e-06
2020-06-04,17,AR1 alpha + Enhanced + One-Step,NASDAQ:SPNS,4.607127780627758e-07
2020-06-05,17,AR1 alpha + Enhanced + One-Step,NASDAQ:SPNS,7.080683123925016e-08
2020-06-08,17,AR1 alpha + Enhanced + One-Step,NASDAQ:SPNS,3.808721318710914e-08
2020-06-09,17,AR1 alpha + Enhanced + One-Step,NASDAQ:SPNS,3.4088867667915696e-08
2020-06-10,17,AR1 alpha + Enhanced + One-Step,NASDAQ:SPNS,2.8865954227545022e-08
2020-06-11,17,AR1 alpha + Enhanced + One-Step,NASDAQ:SPNS,1.29962851358373e-06
2020-06-12,17,AR1 alpha + Enhanced + One-Step,NASDAQ:SPNS,4.85512315206541e-07
2020-06-15,17,AR1 alpha + Enhanced + One-Step,NASDAQ:SPNS,0.0032449783977153185
2020-06-16,17,AR1 alpha + Enhanced + One-Step,NASDAQ:SPNS,0.003245012789294209
2020-06-17,17,AR1 alpha + Enhanced + One-Step,NASDAQ:SPNS,0.014726734886739657
2020-06-18,17,AR1 alpha + Enhanced + One-Step,NASDAQ:SPNS,0.034080132017932564
2020-06-19,17,AR1 alpha + Enhanced + One-Step,NASDAQ:SPNS,0.051261845902050504
2020-06-22,17,AR1 alpha + Enhanced + One-Step,NASDAQ:SPNS,0.07575238526354584
2020-06-23,17,AR1 alpha + Enhanced + One-Step,NASDAQ:SPNS,0.08891718653950732
2020-06-24,17,AR1 alpha + Enhanced + One-Step,NASDAQ:SPNS,0.08891706689585352
2020-06-25,17,AR1 alpha + Enhanced + One-Step,NASDAQ:SPNS,0.08891719227047318
2020-06-26,17,AR1 alpha + Enhanced + One-Step,NASDAQ:SPNS,0.07625216007359775
2020-06-29,17,AR1 alpha + Enhanced + One-Step,NASDAQ:SPNS,0.07625090014685443
2020-06-30,17,AR1 alpha + Enhanced + One-Step,NASDAQ:SPNS,0.07624982533864944
2020-07-01,17,AR1 alpha + Enhanced + One-Step,NASDAQ:SPNS,0.07624671723976248
2020-07-02,17,AR1 alpha + Enhanced + One-Step,NASDAQ:SPNS,0.07624681694690058
2020-07-06,17,AR1 alpha + Enhanced + One-Step,NASDAQ:SPNS,0.07624675870724247
2020-07-07,17,AR1 alpha + Enhanced + One-Step,NASDAQ:SPNS,0.07667316656341479
2020-07-08,17,AR1 alpha + Enhanced + One-Step,NASDAQ:SPNS,0.06774486155512655
2020-07-09,17,AR1 alpha + Enhanced + One-Step,NASDAQ:SPNS,0.06490532323080209
2020-07-10,17,AR1 alpha + Enhanced + One-Step,NASDAQ:SPNS,0.06460414289934137
2020-07-13,17,AR1 alpha + Enhanced + One-Step,NASDAQ:SPNS,0.0625690233962569
2020-07-14,17,AR1 alpha + Enhanced + One-Step,NASDAQ:SPNS,0.06256904859238491
2020-07-15,17,AR1 alpha + Enhanced + One-Step,NASDAQ:SPNS,0.06256926379799353
2020-07-16,17,AR1 alpha + Enhanced + One-Step,NASDAQ:SPNS,0.06256926607126834
2020-07-17,17,AR1 alpha + Enhanced + One-Step,NASDAQ:SPNS,0.06256925693543343
2020-07-20,17,AR1 alpha + Enhanced + One-Step,NASDAQ:SPNS,0.062569228721232
2020-07-21,17,AR1 alpha + Enhanced + One-Step,NASDAQ:SPNS,0.06256926488746668
2020-07-22,17,AR1 alpha + Enhanced + One-Step,NASDAQ:SPNS,0.06256925565042365
2020-07-23,17,AR1 alpha + Enhanced + One-Step,NASDAQ:SPNS,0.037626542944975194
2020-07-24,17,AR1 alpha + Enhanced + One-Step,NASDAQ:SPNS,0.012688506310436828
2020-07-27,17,AR1 alpha + Enhanced + One-Step,NASDAQ:SPNS,0.012689565486831596
2020-07-28,17,AR1 alpha + Enhanced + One-Step,NASDAQ:SPNS,0.003876520476021815
2020-07-29,17,AR1 alpha + Enhanced + One-Step,NASDAQ:SPNS,0.0038765345513706484
2020-07-30,17,AR1 alpha + Enhanced + One-Step,NASDAQ:SPNS,0.0038765497155049343
2020-07-31,17,AR1 alpha + Enhanced + One-Step,NASDAQ:SPNS,0.003875992359998691
2020-08-03,17,AR1 alpha + Enhanced + One-Step,NASDAQ:SPNS,0.003875639218013243
2020-08-04,17,AR1 alpha + Enhanced + One-Step,NASDAQ:SPNS,0.0038756259665785157
2020-08-05,17,AR1 alpha + Enhanced + One-Step,NASDAQ:SPNS,0.0038755681862717374
2020-08-06,17,AR1 alpha + Enhanced + One-Step,NASDAQ:SPNS,0.003875567521665515
2020-08-07,17,AR1 alpha + Enhanced + One-Step,NASDAQ:SPNS,0.0038757316362125114
2020-08-10,17,AR1 alpha + Enhanced + One-Step,NASDAQ:SPNS,0.00387600627267341
2020-08-11,17,AR1 alpha + Enhanced + One-Step,NASDAQ:SPNS,0.0038756838884163713
2020-08-12,17,AR1 alpha + Enhanced + One-Step,NASDAQ:SPNS,0.004848884521211217
2020-08-13,17,AR1 alpha + Enhanced + One-Step,NASDAQ:SPNS,0.020304853498497078
2020-08-14,17,AR1 alpha + Enhanced + One-Step,NASDAQ:SPNS,0.0363614360746556
2020-08-17,17,AR1 alpha + Enhanced + One-Step,NASDAQ:SPNS,0.03636078877252414
2020-08-18,17,AR1 alpha + Enhanced + One-Step,NASDAQ:SPNS,0.03635996951766108
2020-08-19,17,AR1 alpha + Enhanced + One-Step,NASDAQ:SPNS,0.036359466052648
2020-08-20,17,AR1 alpha + Enhanced + One-Step,NASDAQ:SPNS,0.03635925579733921
2020-08-21,17,AR1 alpha + Enhanced + One-Step,NASDAQ:SPNS,0.03306028080810526
2020-08-24,17,AR1 alpha + Enhanced + One-Step,NASDAQ:SPNS,0.033060107996397005
2020-08-25,17,AR1 alpha + Enhanced + One-Step,NASDAQ:SPNS,0.04351283397845167
2020-08-26,17,AR1 alpha + Enhanced + One-Step,NASDAQ:SPNS,0.05088274155726559
2020-08-27,17,AR1 alpha + Enhanced + One-Step,NASDAQ:SPNS,0.05604790696508196
2020-08-28,17,AR1 alpha + Enhanced + One-Step,NASDAQ:SPNS,0.06505019383844937
2020-08-31,17,AR1 alpha + Enhanced + One-Step,NASDAQ:SPNS,0.06938442273383846
2020-09-01,17,AR1 alpha + Enhanced + One-Step,NASDAQ:SPNS,0.06938277793559339
2020-09-02,17,AR1 alpha + Enhanced + One-Step,NASDAQ:SPNS,0.0743165956726625
2020-09-03,17,AR1 alpha + Enhanced + One-Step,NASDAQ:SPNS,0.07431613974087971
2020-09-04,17,AR1 alpha + Enhanced + One-Step,NASDAQ:SPNS,0.07431618361711019
2020-09-08,17,AR1 alpha + Enhanced + One-Step,NASDAQ:SPNS,0.07431639065362111
2020-09-09,17,AR1 alpha + Enhanced + One-Step,NASDAQ:SPNS,0.06305536938348444
2020-09-10,17,AR1 alpha + Enhanced + One-Step,NASDAQ:SPNS,0.06067304913628678
2020-09-11,17,AR1 alpha + Enhanced + One-Step,NASDAQ:SPNS,0.037656965756964964
2020-09-14,17,AR1 alpha + Enhanced + One-Step,NASDAQ:SPNS,0.03765847061917598
2020-09-15,17,AR1 alpha + Enhanced + One-Step,NASDAQ:SPNS,0.03765845313602141
2020-09-16,17,AR1 alpha + Enhanced + One-Step,NASDAQ:SPNS,0.018198455304572397
2020-09-17,17,AR1 alpha + Enhanced + One-Step,NASDAQ:SPNS,0.0
2020-09-18,17,AR1 alpha + Enhanced + One-Step,NASDAQ:SPNS,0.0
2020-09-21,17,AR1 alpha + Enhanced + One-Step,NASDAQ:SPNS,0.0
2020-09-22,17,AR1 alpha + Enhanced + One-Step,NASDAQ:SPNS,0.0
2020-09-23,17,AR1 alpha + Enhanced + One-Step,NASDAQ:SPNS,0.0
2020-09-24,17,AR1 alpha + Enhanced + One-Step,NASDAQ:SPNS,0.0
2020-09-25,17,AR1 alpha + Enhanced + One-Step,NASDAQ:SPNS,2.00623559752541e-08
2020-09-28,17,AR1 alpha + Enhanced + One-Step,NASDAQ:SPNS,0.0
2020-09-29,17,AR1 alpha + Enhanced + One-Step,NASDAQ:SPNS,0.0
2020-09-30,17,AR1 alpha + Enhanced + One-Step,NASDAQ:SPNS,0.0
2020-10-01,17,AR1 alpha + Enhanced + One-Step,NASDAQ:SPNS,2.2447127218087082e-07
2020-10-02,17,AR1 alpha + Enhanced + One-Step,NASDAQ:SPNS,2.440353260589079e-07
2020-10-05,17,AR1 alpha + Enhanced + One-Step,NASDAQ:SPNS,5.136540805067529e-07
2020-10-06,17,AR1 alpha + Enhanced + One-Step,NASDAQ:SPNS,1.6775818606392311e-07
2020-10-07,17,AR1 alpha + Enhanced + One-Step,NASDAQ:SPNS,5.537841923499496e-07
2020-10-08,17,AR1 alpha + Enhanced + One-Step,NASDAQ:SPNS,3.669031212604276e-07
2020-10-09,17,AR1 alpha + Enhanced + One-Step,NASDAQ:SPNS,6.482803449189265e-08
2020-10-12,17,AR1 alpha + Enhanced + One-Step,NASDAQ:SPNS,3.102476112932195e-08
2020-10-13,17,AR1 alpha + Enhanced + One-Step,NASDAQ:SPNS,3.100830319007289e-08
2020-10-14,17,AR1 alpha + Enhanced + One-Step,NASDAQ:SPNS,1.105197722813593e-08
2020-10-15,17,AR1 alpha + Enhanced + One-Step,NASDAQ:SPNS,0.0
2020-10-16,17,AR1 alpha + Enhanced + One-Step,NASDAQ:SPNS,0.0
2020-10-19,17,AR1 alpha + Enhanced + One-Step,NASDAQ:SPNS,0.0
2020-10-20,17,AR1 alpha + Enhanced + One-Step,NASDAQ:SPNS,0.0
2020-10-21,17,AR1 alpha + Enhanced + One-Step,NASDAQ:SPNS,0.0
2020-10-22,17,AR1 alpha + Enhanced + One-Step,NASDAQ:SPNS,0.0
2020-10-23,17,AR1 alpha + Enhanced + One-Step,NASDAQ:SPNS,0.0
2020-10-26,17,AR1 alpha + Enhanced + One-Step,NASDAQ:SPNS,0.0
2020-10-27,17,AR1 alpha + Enhanced + One-Step,NASDAQ:SPNS,3.3506802343522726e-07
2020-10-28,17,AR1 alpha + Enhanced + One-Step,NASDAQ:SPNS,3.7142417303074107e-07
2020-10-29,17,AR1 alpha + Enhanced + One-Step,NASDAQ:SPNS,5.486253341598406e-07
2020-10-30,17,AR1 alpha + Enhanced + One-Step,NASDAQ:SPNS,3.3348946262602777e-07
2020-11-02,17,AR1 alpha + Enhanced + One-Step,NASDAQ:SPNS,9.159433259062907e-07
2020-11-03,17,AR1 alpha + Enhanced + One-Step,NASDAQ:SPNS,2.2655257232786164e-07
2020-11-04,17,AR1 alpha + Enhanced + One-Step,NASDAQ:SPNS,9.949061488518744e-07
2020-11-05,17,AR1 alpha + Enhanced + One-Step,NASDAQ:SPNS,4.3452624776205474e-07
2020-11-06,17,AR1 alpha + Enhanced + One-Step,NASDAQ:SPNS,2.1230120018752873e-07
2020-11-09,17,AR1 alpha + Enhanced + One-Step,NASDAQ:SPNS,1.1773225623660903e-07
2020-11-10,17,AR1 alpha + Enhanced + One-Step,NASDAQ:SPNS,4.1306799360439634e-07
2020-11-11,17,AR1 alpha + Enhanced + One-Step,NASDAQ:SPNS,3.9251503307249877e-07
2020-11-12,17,AR1 alpha + Enhanced + One-Step,NASDAQ:SPNS,1.4467950882877508e-07
2020-11-13,17,AR1 alpha + Enhanced + One-Step,NASDAQ:SPNS,8.46975733954973e-08
2020-11-16,17,AR1 alpha + Enhanced + One-Step,NASDAQ:SPNS,7.679886244097189e-08
2020-11-17,17,AR1 alpha + Enhanced + One-Step,NASDAQ:SPNS,1.973201364174929e-07
2020-11-18,17,AR1 alpha + Enhanced + One-Step,NASDAQ:SPNS,0.0
2020-11-19,17,AR1 alpha + Enhanced + One-Step,NASDAQ:SPNS,0.0
2020-11-20,17,AR1 alpha + Enhanced + One-Step,NASDAQ:SPNS,0.0
2020-11-23,17,AR1 alpha + Enhanced + One-Step,NASDAQ:SPNS,4.714583513837462e-08
2020-11-24,17,AR1 alpha + Enhanced + One-Step,NASDAQ:SPNS,0.0
2020-11-25,17,AR1 alpha + Enhanced + One-Step,NASDAQ:SPNS,0.0
2020-11-27,17,AR1 alpha + Enhanced + One-Step,NASDAQ:SPNS,0.0
2020-11-30,17,AR1 alpha + Enhanced + One-Step,NASDAQ:SPNS,0.0
2020-12-01,17,AR1 alpha + Enhanced + One-Step,NASDAQ:SPNS,1.4217800271180885e-07
2020-12-04,17,AR1 alpha + Enhanced + One-Step,NASDAQ:SPNS,8.966297893758465e-08
2020-12-07,17,AR1 alpha + Enhanced + One-Step,NASDAQ:SPNS,0.0
2020-12-08,17,AR1 alpha + Enhanced + One-Step,NASDAQ:SPNS,4.501324472413288e-08
2020-12-09,17,AR1 alpha + Enhanced + One-Step,NASDAQ:SPNS,0.0
2020-12-10,17,AR1 alpha + Enhanced + One-Step,NASDAQ:SPNS,1.488998319870671e-07
2020-12-11,17,AR1 alpha + Enhanced + One-Step,NASDAQ:SPNS,0.0
2020-12-14,17,AR1 alpha + Enhanced + One-Step,NASDAQ:SPNS,0.0
2020-12-15,17,AR1 alpha + Enhanced + One-Step,NASDAQ:SPNS,4.1469793841224747e-08
2020-12-16,17,AR1 alpha + Enhanced + One-Step,NASDAQ:SPNS,0.0
2020-12-17,17,AR1 alpha + Enhanced + One-Step,NASDAQ:SPNS,0.0
2020-12-18,17,AR1 alpha + Enhanced + One-Step,NASDAQ:SPNS,1.297991162429255e-06
2020-12-21,17,AR1 alpha + Enhanced + One-Step,NASDAQ:SPNS,1.049890917962981e-06
2020-12-22,17,AR1 alpha + Enhanced + One-Step,NASDAQ:SPNS,6.425557945963335e-07
2020-12-23,17,AR1 alpha + Enhanced + One-Step,NASDAQ:SPNS,0.0
2020-12-24,17,AR1 alpha + Enhanced + One-Step,NASDAQ:SPNS,0.0
2020-12-28,17,AR1 alpha + Enhanced + One-Step,NASDAQ:SPNS,0.0
2020-12-29,17,AR1 alpha + Enhanced + One-Step,NASDAQ:SPNS,0.0
2020-12-30,17,AR1 alpha + Enhanced + One-Step,NASDAQ:SPNS,0.0
2020-12-31,17,AR1 alpha + Enhanced + One-Step,NASDAQ:SPNS,0.0
2021-01-04,17,AR1 alpha + Enhanced + One-Step,NASDAQ:SPNS,7.657245295024218e-09
2021-01-05,17,AR1 alpha + Enhanced + One-Step,NASDAQ:SPNS,7.344704447461493e-09
2021-01-06,17,AR1 alpha + Enhanced + One-Step,NASDAQ:SPNS,0.0
2021-01-07,17,AR1 alpha + Enhanced + One-Step,NASDAQ:SPNS,0.0
2021-01-08,17,AR1 alpha + Enhanced + One-Step,NASDAQ:SPNS,0.0
2021-01-11,17,AR1 alpha + Enhanced + One-Step,NASDAQ:SPNS,0.0
2021-01-12,17,AR1 alpha + Enhanced + One-Step,NASDAQ:SPNS,0.0
2021-01-13,17,AR1 alpha + Enhanced + One-Step,NASDAQ:SPNS,0.0
2021-01-14,17,AR1 alpha + Enhanced + One-Step,NASDAQ:SPNS,7.837230211444024e-08
2021-01-15,17,AR1 alpha + Enhanced + One-Step,NASDAQ:SPNS,0.0
2021-01-19,17,AR1 alpha + Enhanced + One-Step,NASDAQ:SPNS,0.0
2021-01-20,17,AR1 alpha + Enhanced + One-Step,NASDAQ:SPNS,4.3751258162404163e-08
2021-01-21,17,AR1 alpha + Enhanced + One-Step,NASDAQ:SPNS,0.0
2021-01-22,17,AR1 alpha + Enhanced + One-Step,NASDAQ:SPNS,0.0
2021-01-25,17,AR1 alpha + Enhanced + One-Step,NASDAQ:SPNS,0.0
2021-01-26,17,AR1 alpha + Enhanced + One-Step,NASDAQ:SPNS,0.0
2021-01-27,17,AR1 alpha + Enhanced + One-Step,NASDAQ:SPNS,2.541310242556354e-07
2021-01-28,17,AR1 alpha + Enhanced + One-Step,NASDAQ:SPNS,1.203245075599089e-06
2021-01-29,17,AR1 alpha + Enhanced + One-Step,NASDAQ:SPNS,5.773308617736211e-07
2021-02-01,17,AR1 alpha + Enhanced + One-Step,NASDAQ:SPNS,5.29168607983102e-07
2021-02-02,17,AR1 alpha + Enhanced + One-Step,NASDAQ:SPNS,3.426064609220399e-07
2021-02-03,17,AR1 alpha + Enhanced + One-Step,NASDAQ:SPNS,0.0
2021-02-04,17,AR1 alpha + Enhanced + One-Step,NASDAQ:SPNS,0.0
2021-02-05,17,AR1 alpha + Enhanced + One-Step,NASDAQ:SPNS,0.0
2021-02-08,17,AR1 alpha + Enhanced + One-Step,NASDAQ:SPNS,2.629257982737766e-07
2021-02-09,17,AR1 alpha + Enhanced + One-Step,NASDAQ:SPNS,1.0125154356862671e-08
2021-02-10,17,AR1 alpha + Enhanced + One-Step,NASDAQ:SPNS,6.176206720438576e-07
2021-02-11,17,AR1 alpha + Enhanced + One-Step,NASDAQ:SPNS,4.2416316157580213e-07
2021-02-12,17,AR1 alpha + Enhanced + One-Step,NASDAQ:SPNS,2.516760677773479e-07
2021-02-16,17,AR1 alpha + Enhanced + One-Step,NASDAQ:SPNS,1.0768295245576057e-07
2021-02-17,17,AR1 alpha + Enhanced + One-Step,NASDAQ:SPNS,1.7188393894353794e-07
2021-02-18,17,AR1 alpha + Enhanced + One-Step,NASDAQ:SPNS,1.6058924780035977e-07
2021-02-19,17,AR1 alpha + Enhanced + One-Step,NASDAQ:SPNS,0.0
2021-02-22,17,AR1 alpha + Enhanced + One-Step,NASDAQ:SPNS,5.742985778667019e-07
2021-02-23,17,AR1 alpha + Enhanced + One-Step,NASDAQ:SPNS,1.075851500687938e-06
2021-02-24,17,AR1 alpha + Enhanced + One-Step,NASDAQ:SPNS,7.879792259750683e-07
2021-02-25,17,AR1 alpha + Enhanced + One-Step,NASDAQ:SPNS,0.0
2021-02-26,17,AR1 alpha + Enhanced + One-Step,NASDAQ:SPNS,0.0
2021-03-01,17,AR1 alpha + Enhanced + One-Step,NASDAQ:SPNS,9.107913208338434e-08
2021-03-02,17,AR1 alpha + Enhanced + One-Step,NASDAQ:SPNS,0.0
2021-03-03,17,AR1 alpha + Enhanced + One-Step,NASDAQ:SPNS,0.0
2021-03-04,17,AR1 alpha + Enhanced + One-Step,NASDAQ:SPNS,1.1837810295619e-09
2021-03-05,17,AR1 alpha + Enhanced + One-Step,NASDAQ:SPNS,0.0
2021-03-08,17,AR1 alpha + Enhanced + One-Step,NASDAQ:SPNS,5.320227386143785e-09
2021-03-09,17,AR1 alpha + Enhanced + One-Step,NASDAQ:SPNS,0.0
2021-03-10,17,AR1 alpha + Enhanced + One-Step,NASDAQ:SPNS,1.178746888697336e-06
2021-03-11,17,AR1 alpha + Enhanced + One-Step,NASDAQ:SPNS,2.3765770895043388e-07
2021-03-12,17,AR1 alpha + Enhanced + One-Step,NASDAQ:SPNS,8.14671268899583e-08
2021-03-15,17,AR1 alpha + Enhanced + One-Step,NASDAQ:SPNS,1.6220111493592864e-06
2021-03-16,17,AR1 alpha + Enhanced + One-Step,NASDAQ:SPNS,1.1144572276282389e-06
2021-03-17,17,AR1 alpha + Enhanced + One-Step,NASDAQ:SPNS,2.9527607784577827e-07
2021-03-18,17,AR1 alpha + Enhanced + One-Step,NASDAQ:SPNS,3.244592348234377e-07
2021-03-19,17,AR1 alpha + Enhanced + One-Step,NASDAQ:SPNS,3.9302276258620936e-08
2021-03-22,17,AR1 alpha + Enhanced + One-Step,NASDAQ:SPNS,2.9237641877898884e-07
2021-03-23,17,AR1 alpha + Enhanced + One-Step,NASDAQ:SPNS,7.370000994827001e-07
2021-03-24,17,AR1 alpha + Enhanced + One-Step,NASDAQ:SPNS,4.4012014462957306e-07
2021-03-25,17,AR1 alpha + Enhanced + One-Step,NASDAQ:SPNS,3.7788381339001485e-07
2021-03-26,17,AR1 alpha + Enhanced + One-Step,NASDAQ:SPNS,4.340462462138495e-07
2021-03-29,17,AR1 alpha + Enhanced + One-Step,NASDAQ:SPNS,4.279606302526919e-07
2021-03-30,17,AR1 alpha + Enhanced + One-Step,NASDAQ:SPNS,2.176116421808742e-07
2021-03-31,17,AR1 alpha + Enhanced + One-Step,NASDAQ:SPNS,0.0
2021-04-01,17,AR1 alpha + Enhanced + One-Step,NASDAQ:SPNS,6.496747935985794e-07
2021-04-05,17,AR1 alpha + Enhanced + One-Step,NASDAQ:SPNS,5.206646634018347e-07
2021-04-06,17,AR1 alpha + Enhanced + One-Step,NASDAQ:SPNS,3.2658997959061976e-07
2021-04-07,17,AR1 alpha + Enhanced + One-Step,NASDAQ:SPNS,0.0
2021-04-08,17,AR1 alpha + Enhanced + One-Step,NASDAQ:SPNS,0.0
2021-04-09,17,AR1 alpha + Enhanced + One-Step,NASDAQ:SPNS,0.0
2021-04-12,17,AR1 alpha + Enhanced + One-Step,NASDAQ:SPNS,0.0
2021-04-13,17,AR1 alpha + Enhanced + One-Step,NASDAQ:SPNS,0.0
2021-04-14,17,AR1 alpha + Enhanced + One-Step,NASDAQ:SPNS,0.0
2021-04-15,17,AR1 alpha + Enhanced + One-Step,NASDAQ:SPNS,5.052627370203698e-07
2021-04-16,17,AR1 alpha + Enhanced + One-Step,NASDAQ:SPNS,3.377623613310624e-07
2021-04-19,17,AR1 alpha + Enhanced + One-Step,NASDAQ:SPNS,1.3782710688918202e-07
2021-04-20,17,AR1 alpha + Enhanced + One-Step,NASDAQ:SPNS,0.0
2021-04-21,17,AR1 alpha + Enhanced + One-Step,NASDAQ:SPNS,0.0
2021-04-22,17,AR1 alpha + Enhanced + One-Step,NASDAQ:SPNS,0.0
2021-04-23,17,AR1 alpha + Enhanced + One-Step,NASDAQ:SPNS,0.0
2021-04-26,17,AR1 alpha + Enhanced + One-Step,NASDAQ:SPNS,0.0
2021-04-27,17,AR1 alpha + Enhanced + One-Step,NASDAQ:SPNS,0.0
2021-04-28,17,AR1 alpha + Enhanced + One-Step,NASDAQ:SPNS,0.0
2021-04-29,17,AR1 alpha + Enhanced + One-Step,NASDAQ:SPNS,0.0
2021-04-30,17,AR1 alpha + Enhanced + One-Step,NASDAQ:SPNS,0.0
2021-05-03,17,AR1 alpha + Enhanced + One-Step,NASDAQ:SPNS,2.7009844112680965e-06
2021-05-04,17,AR1 alpha + Enhanced + One-Step,NASDAQ:SPNS,1.6128879312572138e-06
2021-05-05,17,AR1 alpha + Enhanced + One-Step,NASDAQ:SPNS,1.0042438422961067e-06
2021-05-06,17,AR1 alpha + Enhanced + One-Step,NASDAQ:SPNS,1.6054439504115656e-06
2021-05-07,17,AR1 alpha + Enhanced + One-Step,NASDAQ:SPNS,1.0660008869053383e-06
2021-05-10,17,AR1 alpha + Enhanced + One-Step,NASDAQ:SPNS,8.207940899860789e-07
2021-05-11,17,AR1 alpha + Enhanced + One-Step,NASDAQ:SPNS,5.6276309502344e-07
2021-05-12,17,AR1 alpha + Enhanced + One-Step,NASDAQ:SPNS,2.9450960055724205e-07
2021-05-13,17,AR1 alpha + Enhanced + One-Step,NASDAQ:SPNS,0.0
2021-05-14,17,AR1 alpha + Enhanced + One-Step,NASDAQ:SPNS,0.0
2021-05-17,17,AR1 alpha + Enhanced + One-Step,NASDAQ:SPNS,0.0
2021-05-18,17,AR1 alpha + Enhanced + One-Step,NASDAQ:SPNS,4.793359807396299e-07
2021-05-19,17,AR1 alpha + Enhanced + One-Step,NASDAQ:SPNS,1.438178001424111e-06
2021-05-20,17,AR1 alpha + Enhanced + One-Step,NASDAQ:SPNS,1.056896189762918e-06
2021-05-21,17,AR1 alpha + Enhanced + One-Step,NASDAQ:SPNS,7.258966695025946e-07
2021-05-24,17,AR1 alpha + Enhanced + One-Step,NASDAQ:SPNS,0.0
2021-05-25,17,AR1 alpha + Enhanced + One-Step,NASDAQ:SPNS,0.0
2021-05-26,17,AR1 alpha + Enhanced + One-Step,NASDAQ:SPNS,0.0
2021-05-27,17,AR1 alpha + Enhanced + One-Step,NASDAQ:SPNS,0.0
2021-05-28,17,AR1 alpha + Enhanced + One-Step,NASDAQ:SPNS,0.0
2021-06-01,17,AR1 alpha + Enhanced + One-Step,NASDAQ:SPNS,0.0
2021-06-02,17,AR1 alpha + Enhanced + One-Step,NASDAQ:SPNS,0.0
2021-06-03,17,AR1 alpha + Enhanced + One-Step,NASDAQ:SPNS,0.0
2021-06-04,17,AR1 alpha + Enhanced + One-Step,NASDAQ:SPNS,0.0
2021-06-07,17,AR1 alpha + Enhanced + One-Step,NASDAQ:SPNS,0.0
2021-06-08,17,AR1 alpha + Enhanced + One-Step,NASDAQ:SPNS,0.0
2021-06-09,17,AR1 alpha + Enhanced + One-Step,NASDAQ:SPNS,0.0
2021-06-10,17,AR1 alpha + Enhanced + One-Step,NASDAQ:SPNS,0.0
2021-06-11,17,AR1 alpha + Enhanced + One-Step,NASDAQ:SPNS,0.0
2021-06-14,17,AR1 alpha + Enhanced + One-Step,NASDAQ:SPNS,0.0
2021-06-15,17,AR1 alpha + Enhanced + One-Step,NASDAQ:SPNS,0.0
2021-06-16,17,AR1 alpha + Enhanced + One-Step,NASDAQ:SPNS,0.0
2021-06-17,17,AR1 alpha + Enhanced + One-Step,NASDAQ:SPNS,0.0
2021-06-18,17,AR1 alpha + Enhanced + One-Step,NASDAQ:SPNS,3.144133194508644e-09
2021-06-21,17,AR1 alpha + Enhanced + One-Step,NASDAQ:SPNS,1.5732879752541242e-06
2021-06-22,17,AR1 alpha + Enhanced + One-Step,NASDAQ:SPNS,0.0
2021-06-23,17,AR1 alpha + Enhanced + One-Step,NASDAQ:SPNS,0.0
2021-06-24,17,AR1 alpha + Enhanced + One-Step,NASDAQ:SPNS,1.9158449011486137e-06
2021-06-25,17,AR1 alpha + Enhanced + One-Step,NASDAQ:SPNS,2.023903236851446e-06
2021-06-28,17,AR1 alpha + Enhanced + One-Step,NASDAQ:SPNS,1.406440310084818e-06
2021-06-29,17,AR1 alpha + Enhanced + One-Step,NASDAQ:SPNS,0.0
2021-06-30,17,AR1 alpha + Enhanced + One-Step,NASDAQ:SPNS,1.1101649256386202e-07
2021-07-01,17,AR1 alpha + Enhanced + One-Step,NASDAQ:SPNS,1.5465662261490196e-09
2021-07-02,17,AR1 alpha + Enhanced + One-Step,NASDAQ:SPNS,0.0
2021-07-06,17,AR1 alpha + Enhanced + One-Step,NASDAQ:SPNS,0.0
2021-07-07,17,AR1 alpha + Enhanced + One-Step,NASDAQ:SPNS,9.825733211828052e-07
2021-07-08,17,AR1 alpha + Enhanced + One-Step,NASDAQ:SPNS,4.820264980853893e-07
2021-07-09,17,AR1 alpha + Enhanced + One-Step,NASDAQ:SPNS,0.0
2021-07-12,17,AR1 alpha + Enhanced + One-Step,NASDAQ:SPNS,0.0
2021-07-13,17,AR1 alpha + Enhanced + One-Step,NASDAQ:SPNS,0.0
2021-07-14,17,AR1 alpha + Enhanced + One-Step,NASDAQ:SPNS,0.0
2021-07-15,17,AR1 alpha + Enhanced + One-Step,NASDAQ:SPNS,0.0
2021-07-16,17,AR1 alpha + Enhanced + One-Step,NASDAQ:SPNS,0.0
2021-07-19,17,AR1 alpha + Enhanced + One-Step,NASDAQ:SPNS,0.0
2021-07-20,17,AR1 alpha + Enhanced + One-Step,NASDAQ:SPNS,0.0
2021-07-21,17,AR1 alpha + Enhanced + One-Step,NASDAQ:SPNS,3.9693582378526804e-07
2021-07-22,17,AR1 alpha + Enhanced + One-Step,NASDAQ:SPNS,0.0
2021-07-23,17,AR1 alpha + Enhanced + One-Step,NASDAQ:SPNS,0.0
2021-07-26,17,AR1 alpha + Enhanced + One-Step,NASDAQ:SPNS,0.0
2021-07-27,17,AR1 alpha + Enhanced + One-Step,NASDAQ:SPNS,3.56810549936895e-08
2021-07-28,17,AR1 alpha + Enhanced + One-Step,NASDAQ:SPNS,0.0
2021-07-29,17,AR1 alpha + Enhanced + One-Step,NASDAQ:SPNS,0.0
2021-07-30,17,AR1 alpha + Enhanced + One-Step,NASDAQ:SPNS,0.0
2021-08-02,17,AR1 alpha + Enhanced + One-Step,NASDAQ:SPNS,0.0
2021-08-03,17,AR1 alpha + Enhanced + One-Step,NASDAQ:SPNS,0.0
2021-08-04,17,AR1 alpha + Enhanced + One-Step,NASDAQ:SPNS,0.0
2021-08-05,17,AR1 alpha + Enhanced + One-Step,NASDAQ:SPNS,1.1070123826878445e-06
2021-08-06,17,AR1 alpha + Enhanced + One-Step,NASDAQ:SPNS,1.946473068172038e-07
2021-08-09,17,AR1 alpha + Enhanced + One-Step,NASDAQ:SPNS,0.0
2021-08-10,17,AR1 alpha + Enhanced + One-Step,NASDAQ:SPNS,0.0
2021-08-11,17,AR1 alpha + Enhanced + One-Step,NASDAQ:SPNS,0.0
2021-08-12,17,AR1 alpha + Enhanced + One-Step,NASDAQ:SPNS,0.0
2021-08-13,17,AR1 alpha + Enhanced + One-Step,NASDAQ:SPNS,7.242810673612507e-08
2021-08-16,17,AR1 alpha + Enhanced + One-Step,NASDAQ:SPNS,1.8692454406920106e-06
2021-08-17,17,AR1 alpha + Enhanced + One-Step,NASDAQ:SPNS,1.7001244473624764e-06
2021-08-18,17,AR1 alpha + Enhanced + One-Step,NASDAQ:SPNS,1.5189973074077687e-06
2021-08-19,17,AR1 alpha + Enhanced + One-Step,NASDAQ:SPNS,3.1075107693141394e-06
2021-08-20,17,AR1 alpha + Enhanced + One-Step,NASDAQ:SPNS,0.0
2021-08-23,17,AR1 alpha + Enhanced + One-Step,NASDAQ:SPNS,0.0
2021-08-24,17,AR1 alpha + Enhanced + One-Step,NASDAQ:SPNS,6.617912831194599e-07
2021-08-25,17,AR1 alpha + Enhanced + One-Step,NASDAQ:SPNS,4.843242019790154e-07
2021-08-26,17,AR1 alpha + Enhanced + One-Step,NASDAQ:SPNS,0.0
2021-08-27,17,AR1 alpha + Enhanced + One-Step,NASDAQ:SPNS,0.0
2021-08-30,17,AR1 alpha + Enhanced + One-Step,NASDAQ:SPNS,0.0
2021-08-31,17,AR1 alpha + Enhanced + One-Step,NASDAQ:SPNS,0.0
2021-09-01,17,AR1 alpha + Enhanced + One-Step,NASDAQ:SPNS,0.0
2021-09-02,17,AR1 alpha + Enhanced + One-Step,NASDAQ:SPNS,9.887951809073686e-07
2021-09-03,17,AR1 alpha + Enhanced + One-Step,NASDAQ:SPNS,0.0
2021-09-07,17,AR1 alpha + Enhanced + One-Step,NASDAQ:SPNS,0.0
2021-09-08,17,AR1 alpha + Enhanced + One-Step,NASDAQ:SPNS,0.0
2021-09-09,17,AR1 alpha + Enhanced + One-Step,NASDAQ:SPNS,0.0
2021-09-10,17,AR1 alpha + Enhanced + One-Step,NASDAQ:SPNS,0.0
2021-09-13,17,AR1 alpha + Enhanced + One-Step,NASDAQ:SPNS,4.557291670468939e-07
2021-09-14,17,AR1 alpha + Enhanced + One-Step,NASDAQ:SPNS,0.0
2021-09-15,17,AR1 alpha + Enhanced + One-Step,NASDAQ:SPNS,0.0
2021-09-16,17,AR1 alpha + Enhanced + One-Step,NASDAQ:SPNS,0.0
2021-09-17,17,AR1 alpha + Enhanced + One-Step,NASDAQ:SPNS,0.0
2021-09-20,17,AR1 alpha + Enhanced + One-Step,NASDAQ:SPNS,0.0
2021-09-21,17,AR1 alpha + Enhanced + One-Step,NASDAQ:SPNS,0.0
2021-09-22,17,AR1 alpha + Enhanced + One-Step,NASDAQ:SPNS,0.0
2021-09-23,17,AR1 alpha + Enhanced + One-Step,NASDAQ:SPNS,7.681425531269745e-07
2021-09-24,17,AR1 alpha + Enhanced + One-Step,NASDAQ:SPNS,3.240002808383189e-07
2021-09-27,17,AR1 alpha + Enhanced + One-Step,NASDAQ:SPNS,3.2328075102858767e-07
2021-09-28,17,AR1 alpha + Enhanced + One-Step,NASDAQ:SPNS,0.0
2021-09-29,17,AR1 alpha + Enhanced + One-Step,NASDAQ:SPNS,4.973287268119377e-07
2021-09-30,17,AR1 alpha + Enhanced + One-Step,NASDAQ:SPNS,3.156407054396213e-07
2021-10-01,17,AR1 alpha + Enhanced + One-Step,NASDAQ:SPNS,2.1821449404449026e-07
2021-10-04,17,AR1 alpha + Enhanced + One-Step,NASDAQ:SPNS,1.9730559880071478e-07
2021-10-05,17,AR1 alpha + Enhanced + One-Step,NASDAQ:SPNS,0.0
2021-10-06,17,AR1 alpha + Enhanced + One-Step,NASDAQ:SPNS,0.0
2021-10-07,17,AR1 alpha + Enhanced + One-Step,NASDAQ:SPNS,0.0
2021-10-08,17,AR1 alpha + Enhanced + One-Step,NASDAQ:SPNS,0.0
2021-10-11,17,AR1 alpha + Enhanced + One-Step,NASDAQ:SPNS,0.0
2021-10-12,17,AR1 alpha + Enhanced + One-Step,NASDAQ:SPNS,2.2630209299412705e-07
2021-10-13,17,AR1 alpha + Enhanced + One-Step,NASDAQ:SPNS,2.028615806552969e-07
2021-10-14,17,AR1 alpha + Enhanced + One-Step,NASDAQ:SPNS,0.0
2021-10-15,17,AR1 alpha + Enhanced + One-Step,NASDAQ:SPNS,0.0
2021-10-18,17,AR1 alpha + Enhanced + One-Step,NASDAQ:SPNS,0.0
2021-10-19,17,AR1 alpha + Enhanced + One-Step,NASDAQ:SPNS,0.0
2021-10-20,17,AR1 alpha + Enhanced + One-Step,NASDAQ:SPNS,2.8024024512704294e-07
2021-10-21,17,AR1 alpha + Enhanced + One-Step,NASDAQ:SPNS,2.3175132926492885e-07
2021-10-22,17,AR1 alpha + Enhanced + One-Step,NASDAQ:SPNS,7.224717665504277e-08
2021-10-25,17,AR1 alpha + Enhanced + One-Step,NASDAQ:SPNS,0.0
2021-10-26,17,AR1 alpha + Enhanced + One-Step,NASDAQ:SPNS,0.0
2021-10-27,17,AR1 alpha + Enhanced + One-Step,NASDAQ:SPNS,0.0
2021-10-28,17,AR1 alpha + Enhanced + One-Step,NASDAQ:SPNS,7.289709225775691e-08
2021-10-29,17,AR1 alpha + Enhanced + One-Step,NASDAQ:SPNS,0.0
2021-11-01,17,AR1 alpha + Enhanced + One-Step,NASDAQ:SPNS,0.0
2021-11-02,17,AR1 alpha + Enhanced + One-Step,NASDAQ:SPNS,0.0
2021-11-03,17,AR1 alpha + Enhanced + One-Step,NASDAQ:SPNS,1.4177276423838648e-06
2021-11-04,17,AR1 alpha + Enhanced + One-Step,NASDAQ:SPNS,1.1347033966829965e-06
2021-11-05,17,AR1 alpha + Enhanced + One-Step,NASDAQ:SPNS,6.481491370543953e-07
2021-11-08,17,AR1 alpha + Enhanced + One-Step,NASDAQ:SPNS,1.2966430180277653e-07
2021-11-09,17,AR1 alpha + Enhanced + One-Step,NASDAQ:SPNS,2.044974704808113e-07
2021-11-10,17,AR1 alpha + Enhanced + One-Step,NASDAQ:SPNS,1.0463098217933393e-06
2021-11-11,17,AR1 alpha + Enhanced + One-Step,NASDAQ:SPNS,7.242763755393692e-07
2021-11-12,17,AR1 alpha + Enhanced + One-Step,NASDAQ:SPNS,6.402140795254509e-07
2021-11-15,17,AR1 alpha + Enhanced + One-Step,NASDAQ:SPNS,1.0657100288886057e-06
2021-11-16,17,AR1 alpha + Enhanced + One-Step,NASDAQ:SPNS,0.0
2021-11-17,17,AR1 alpha + Enhanced + One-Step,NASDAQ:SPNS,0.0
2021-11-18,17,AR1 alpha + Enhanced + One-Step,NASDAQ:SPNS,0.0
2021-11-19,17,AR1 alpha + Enhanced + One-Step,NASDAQ:SPNS,2.850753519316277e-07
2021-11-22,17,AR1 alpha + Enhanced + One-Step,NASDAQ:SPNS,4.325321245773963e-07
2021-11-23,17,AR1 alpha + Enhanced + One-Step,NASDAQ:SPNS,0.0
2021-11-24,17,AR1 alpha + Enhanced + One-Step,NASDAQ:SPNS,0.0
2021-11-26,17,AR1 alpha + Enhanced + One-Step,NASDAQ:SPNS,0.0
2021-11-29,17,AR1 alpha + Enhanced + One-Step,NASDAQ:SPNS,0.0
2021-11-30,17,AR1 alpha + Enhanced + One-Step,NASDAQ:SPNS,0.0
2021-12-01,17,AR1 alpha + Enhanced + One-Step,NASDAQ:SPNS,0.0
2021-12-02,17,AR1 alpha + Enhanced + One-Step,NASDAQ:SPNS,0.0
2021-12-03,17,AR1 alpha + Enhanced + One-Step,NASDAQ:SPNS,0.0
2021-12-06,17,AR1 alpha + Enhanced + One-Step,NASDAQ:SPNS,2.950621433973328e-08
2021-12-07,17,AR1 alpha + Enhanced + One-Step,NASDAQ:SPNS,0.0
2021-12-08,17,AR1 alpha + Enhanced + One-Step,NASDAQ:SPNS,0.0
2021-12-09,17,AR1 alpha + Enhanced + One-Step,NASDAQ:SPNS,0.0
2021-12-10,17,AR1 alpha + Enhanced + One-Step,NASDAQ:SPNS,0.0
2021-12-13,17,AR1 alpha + Enhanced + One-Step,NASDAQ:SPNS,0.0
2021-12-14,17,AR1 alpha + Enhanced + One-Step,NASDAQ:SPNS,1.5715252682763206e-07
2021-12-15,17,AR1 alpha + Enhanced + One-Step,NASDAQ:SPNS,3.1150821595322605e-07
2021-12-16,17,AR1 alpha + Enhanced + One-Step,NASDAQ:SPNS,2.9258735540735666e-07
2021-12-17,17,AR1 alpha + Enhanced + One-Step,NASDAQ:SPNS,1.250129795585115e-07
2021-12-20,17,AR1 alpha + Enhanced + One-Step,NASDAQ:SPNS,0.0
2021-12-21,17,AR1 alpha + Enhanced + One-Step,NASDAQ:SPNS,0.0
2021-12-22,17,AR1 alpha + Enhanced + One-Step,NASDAQ:SPNS,1.3357325482925303e-08
2021-12-23,17,AR1 alpha + Enhanced + One-Step,NASDAQ:SPNS,2.2975559003930207e-07
2021-12-27,17,AR1 alpha + Enhanced + One-Step,NASDAQ:SPNS,2.2226119939263666e-07
2021-12-28,17,AR1 alpha + Enhanced + One-Step,NASDAQ:SPNS,2.4089359813445553e-07
2021-12-29,17,AR1 alpha + Enhanced + One-Step,NASDAQ:SPNS,3.6677055457937815e-07
2021-12-30,17,AR1 alpha + Enhanced + One-Step,NASDAQ:SPNS,3.757596110436929e-07
2021-12-31,17,AR1 alpha + Enhanced + One-Step,NASDAQ:SPNS,2.099464153240517e-07
2022-01-03,17,AR1 alpha + Enhanced + One-Step,NASDAQ:SPNS,1.6342181333431787e-07
2022-01-04,17,AR1 alpha + Enhanced + One-Step,NASDAQ:SPNS,1.8183929085150495e-07
2022-01-05,17,AR1 alpha + Enhanced + One-Step,NASDAQ:SPNS,1.2896824132921314e-07
2022-01-06,17,AR1 alpha + Enhanced + One-Step,NASDAQ:SPNS,1.330462274045389e-07
2022-01-07,17,AR1 alpha + Enhanced + One-Step,NASDAQ:SPNS,0.0
2022-01-10,17,AR1 alpha + Enhanced + One-Step,NASDAQ:SPNS,0.0
2022-01-11,17,AR1 alpha + Enhanced + One-Step,NASDAQ:SPNS,0.0
2022-01-12,17,AR1 alpha + Enhanced + One-Step,NASDAQ:SPNS,0.0
2022-01-13,17,AR1 alpha + Enhanced + One-Step,NASDAQ:SPNS,0.0036707437913142647
2022-01-14,17,AR1 alpha + Enhanced + One-Step,NASDAQ:SPNS,0.0036696597736877714
2022-01-18,17,AR1 alpha + Enhanced + One-Step,NASDAQ:SPNS,0.0036699399253347603
2022-01-19,17,AR1 alpha + Enhanced + One-Step,NASDAQ:SPNS,0.003669659980963873
2022-01-20,17,AR1 alpha + Enhanced + One-Step,NASDAQ:SPNS,0.0036697214965449457
2022-01-21,17,AR1 alpha + Enhanced + One-Step,NASDAQ:SPNS,0.0036694347943530114
2022-01-24,17,AR1 alpha + Enhanced + One-Step,NASDAQ:SPNS,0.003669377589593437
2022-01-25,17,AR1 alpha + Enhanced + One-Step,NASDAQ:SPNS,0.00366943281959106
2022-01-26,17,AR1 alpha + Enhanced + One-Step,NASDAQ:SPNS,0.0036695339925774157
2022-01-27,17,AR1 alpha + Enhanced + One-Step,NASDAQ:SPNS,0.0036694377643889733
2022-01-28,17,AR1 alpha + Enhanced + One-Step,NASDAQ:SPNS,0.0
2022-01-31,17,AR1 alpha + Enhanced + One-Step,NASDAQ:SPNS,4.860700567873114e-07
2022-02-01,17,AR1 alpha + Enhanced + One-Step,NASDAQ:SPNS,3.6058656409181314e-07
2022-02-02,17,AR1 alpha + Enhanced + One-Step,NASDAQ:SPNS,1.757553227303706e-07
2022-02-03,17,AR1 alpha + Enhanced + One-Step,NASDAQ:SPNS,0.0
2022-02-04,17,AR1 alpha + Enhanced + One-Step,NASDAQ:SPNS,0.0
2022-02-07,17,AR1 alpha + Enhanced + One-Step,NASDAQ:SPNS,0.0
2022-02-08,17,AR1 alpha + Enhanced + One-Step,NASDAQ:SPNS,1.495121102587372e-08
2022-02-09,17,AR1 alpha + Enhanced + One-Step,NASDAQ:SPNS,2.224807489806511e-08
2022-02-10,17,AR1 alpha + Enhanced + One-Step,NASDAQ:SPNS,1.586319942888623e-08
2022-02-11,17,AR1 alpha + Enhanced + One-Step,NASDAQ:SPNS,4.453660751621195e-07
2022-02-14,17,AR1 alpha + Enhanced + One-Step,NASDAQ:SPNS,0.0
2022-02-15,17,AR1 alpha + Enhanced + One-Step,NASDAQ:SPNS,1.3910654331349265e-08
2022-02-16,17,AR1 alpha + Enhanced + One-Step,NASDAQ:SPNS,0.0
2022-02-17,17,AR1 alpha + Enhanced + One-Step,NASDAQ:SPNS,1.3077257558970817e-07
2022-02-18,17,AR1 alpha + Enhanced + One-Step,NASDAQ:SPNS,1.5313961488750096e-07
2022-02-22,17,AR1 alpha + Enhanced + One-Step,NASDAQ:SPNS,0.0
2022-02-23,17,AR1 alpha + Enhanced + One-Step,NASDAQ:SPNS,1.006735536208405e-08
2022-02-24,17,AR1 alpha + Enhanced + One-Step,NASDAQ:SPNS,0.0
2022-02-25,17,AR1 alpha + Enhanced + One-Step,NASDAQ:SPNS,5.287113961866766e-08
2022-02-28,17,AR1 alpha + Enhanced + One-Step,NASDAQ:SPNS,5.24678582836378e-08
2022-03-01,17,AR1 alpha + Enhanced + One-Step,NASDAQ:SPNS,1.2440896356224928e-07
2022-03-02,17,AR1 alpha + Enhanced + One-Step,NASDAQ:SPNS,0.0
2022-03-03,17,AR1 alpha + Enhanced + One-Step,NASDAQ:SPNS,0.0
2022-03-04,17,AR1 alpha + Enhanced + One-Step,NASDAQ:SPNS,0.0
2022-03-07,17,AR1 alpha + Enhanced + One-Step,NASDAQ:SPNS,1.054224896225076e-06
2022-03-08,17,AR1 alpha + Enhanced + One-Step,NASDAQ:SPNS,6.150104870748472e-07
2022-03-09,17,AR1 alpha + Enhanced + One-Step,NASDAQ:SPNS,0.0
2022-03-10,17,AR1 alpha + Enhanced + One-Step,NASDAQ:SPNS,1.0739723490852777e-07
2022-03-11,17,AR1 alpha + Enhanced + One-Step,NASDAQ:SPNS,0.0
2022-03-14,17,AR1 alpha + Enhanced + One-Step,NASDAQ:SPNS,0.0
2022-03-15,17,AR1 alpha + Enhanced + One-Step,NASDAQ:SPNS,0.0
2022-03-16,17,AR1 alpha + Enhanced + One-Step,NASDAQ:SPNS,0.0
2022-03-17,17,AR1 alpha + Enhanced + One-Step,NASDAQ:SPNS,6.873062463679345e-08
2022-03-18,17,AR1 alpha + Enhanced + One-Step,NASDAQ:SPNS,5.036451750072632e-09
2022-03-21,17,AR1 alpha + Enhanced + One-Step,NASDAQ:SPNS,2.1390046735617797e-07
2022-03-22,17,AR1 alpha + Enhanced + One-Step,NASDAQ:SPNS,1.5441116002512452e-07
2022-03-23,17,AR1 alpha + Enhanced + One-Step,NASDAQ:SPNS,8.366090558061669e-08
2022-03-24,17,AR1 alpha + Enhanced + One-Step,NASDAQ:SPNS,0.0
2022-03-25,17,AR1 alpha + Enhanced + One-Step,NASDAQ:SPNS,0.0
2022-03-28,17,AR1 alpha + Enhanced + One-Step,NASDAQ:SPNS,0.0
2022-03-29,17,AR1 alpha + Enhanced + One-Step,NASDAQ:SPNS,0.0
2022-03-30,17,AR1 alpha + Enhanced + One-Step,NASDAQ:SPNS,1.1885930145781107e-08
2022-03-31,17,AR1 alpha + Enhanced + One-Step,NASDAQ:SPNS,0.0
2022-04-01,17,AR1 alpha + Enhanced + One-Step,NASDAQ:SPNS,0.0
2022-04-04,17,AR1 alpha + Enhanced + One-Step,NASDAQ:SPNS,0.0
2022-04-05,17,AR1 alpha + Enhanced + One-Step,NASDAQ:SPNS,0.0
2022-04-06,17,AR1 alpha + Enhanced + One-Step,NASDAQ:SPNS,9.175424265813267e-08
2022-04-07,17,AR1 alpha + Enhanced + One-Step,NASDAQ:SPNS,0.0
2022-04-08,17,AR1 alpha + Enhanced + One-Step,NASDAQ:SPNS,2.4914089646895057e-07
2022-04-11,17,AR1 alpha + Enhanced + One-Step,NASDAQ:SPNS,0.0
2022-04-12,17,AR1 alpha + Enhanced + One-Step,NASDAQ:SPNS,0.0
2022-04-13,17,AR1 alpha + Enhanced + One-Step,NASDAQ:SPNS,3.442313152360123e-08
2022-04-14,17,AR1 alpha + Enhanced + One-Step,NASDAQ:SPNS,0.0
2022-04-18,17,AR1 alpha + Enhanced + One-Step,NASDAQ:SPNS,0.0
2022-04-19,17,AR1 alpha + Enhanced + One-Step,NASDAQ:SPNS,0.0
2022-04-20,17,AR1 alpha + Enhanced + One-Step,NASDAQ:SPNS,0.0
2022-04-21,17,AR1 alpha + Enhanced + One-Step,NASDAQ:SPNS,0.0
2022-04-22,17,AR1 alpha + Enhanced + One-Step,NASDAQ:SPNS,0.0
2022-04-25,17,AR1 alpha + Enhanced + One-Step,NASDAQ:SPNS,0.0
2022-04-26,17,AR1 alpha + Enhanced + One-Step,NASDAQ:SPNS,1.033764734189451e-07
2022-04-27,17,AR1 alpha + Enhanced + One-Step,NASDAQ:SPNS,0.0
2022-04-28,17,AR1 alpha + Enhanced + One-Step,NASDAQ:SPNS,0.0
2022-04-29,17,AR1 alpha + Enhanced + One-Step,NASDAQ:SPNS,0.0
2022-05-02,17,AR1 alpha + Enhanced + One-Step,NASDAQ:SPNS,0.0
2022-05-03,17,AR1 alpha + Enhanced + One-Step,NASDAQ:SPNS,0.0
2022-05-04,17,AR1 alpha + Enhanced + One-Step,NASDAQ:SPNS,0.0
2022-05-05,17,AR1 alpha + Enhanced + One-Step,NASDAQ:SPNS,0.0
2022-05-06,17,AR1 alpha + Enhanced + One-Step,NASDAQ:SPNS,0.0
2022-05-09,17,AR1 alpha + Enhanced + One-Step,NASDAQ:SPNS,0.0
2022-05-10,17,AR1 alpha + Enhanced + One-Step,NASDAQ:SPNS,0.0
2022-05-11,17,AR1 alpha + Enhanced + One-Step,NASDAQ:SPNS,5.185724212244819e-08
2022-05-12,17,AR1 alpha + Enhanced + One-Step,NASDAQ:SPNS,0.0
2022-05-13,17,AR1 alpha + Enhanced + One-Step,NASDAQ:SPNS,0.0
2022-05-16,17,AR1 alpha + Enhanced + One-Step,NASDAQ:SPNS,0.0
2022-05-17,17,AR1 alpha + Enhanced + One-Step,NASDAQ:SPNS,0.0
2022-05-18,17,AR1 alpha + Enhanced + One-Step,NASDAQ:SPNS,4.488970954051674e-08
2022-05-19,17,AR1 alpha + Enhanced + One-Step,NASDAQ:SPNS,0.0
2022-05-20,17,AR1 alpha + Enhanced + One-Step,NASDAQ:SPNS,0.0
2022-05-23,17,AR1 alpha + Enhanced + One-Step,NASDAQ:SPNS,0.0
2022-05-24,17,AR1 alpha + Enhanced + One-Step,NASDAQ:SPNS,0.0
2022-05-25,17,AR1 alpha + Enhanced + One-Step,NASDAQ:SPNS,0.0
2022-05-26,17,AR1 alpha + Enhanced + One-Step,NASDAQ:SPNS,0.0
2022-05-27,17,AR1 alpha + Enhanced + One-Step,NASDAQ:SPNS,4.467366519379597e-07
2022-05-31,17,AR1 alpha + Enhanced + One-Step,NASDAQ:SPNS,0.0
2022-06-01,17,AR1 alpha + Enhanced + One-Step,NASDAQ:SPNS,1.0360496387054865e-06
2022-06-02,17,AR1 alpha + Enhanced + One-Step,NASDAQ:SPNS,3.830681722597033e-07
2022-06-03,17,AR1 alpha + Enhanced + One-Step,NASDAQ:SPNS,0.0
2022-06-06,17,AR1 alpha + Enhanced + One-Step,NASDAQ:SPNS,0.022524732729668467
2022-06-07,17,AR1 alpha + Enhanced + One-Step,NASDAQ:SPNS,0.017046571995504453
2022-06-08,17,AR1 alpha + Enhanced + One-Step,NASDAQ:SPNS,0.017046453662448283
2022-06-09,17,AR1 alpha + Enhanced + One-Step,NASDAQ:SPNS,0.038958406674453196
2022-06-10,17,AR1 alpha + Enhanced + One-Step,NASDAQ:SPNS,0.04255358254351326
2022-06-13,17,AR1 alpha + Enhanced + One-Step,NASDAQ:SPNS,0.04255324987842785
2022-06-14,17,AR1 alpha + Enhanced + One-Step,NASDAQ:SPNS,0.042554969266780346
2022-06-15,17,AR1 alpha + Enhanced + One-Step,NASDAQ:SPNS,0.027199153331225967
2022-06-16,17,AR1 alpha + Enhanced + One-Step,NASDAQ:SPNS,0.027198579278093625
2022-06-17,17,AR1 alpha + Enhanced + One-Step,NASDAQ:SPNS,0.00216997321510844
2022-06-21,17,AR1 alpha + Enhanced + One-Step,NASDAQ:SPNS,0.0
2022-06-22,17,AR1 alpha + Enhanced + One-Step,NASDAQ:SPNS,0.0
2022-06-23,17,AR1 alpha + Enhanced + One-Step,NASDAQ:SPNS,0.0
2022-06-24,17,AR1 alpha + Enhanced + One-Step,NASDAQ:SPNS,0.0
2022-06-27,17,AR1 alpha + Enhanced + One-Step,NASDAQ:SPNS,3.266231109755302e-08
2022-06-28,17,AR1 alpha + Enhanced + One-Step,NASDAQ:SPNS,1.3617546246001889e-08
2022-06-29,17,AR1 alpha + Enhanced + One-Step,NASDAQ:SPNS,0.0
2022-06-30,17,AR1 alpha + Enhanced + One-Step,NASDAQ:SPNS,8.529449953269908e-08
2022-07-01,17,AR1 alpha + Enhanced + One-Step,NASDAQ:SPNS,0.0
2022-07-05,17,AR1 alpha + Enhanced + One-Step,NASDAQ:SPNS,0.0
2022-07-06,17,AR1 alpha + Enhanced + One-Step,NASDAQ:SPNS,0.0
2022-07-07,17,AR1 alpha + Enhanced + One-Step,NASDAQ:SPNS,0.0
2022-07-08,17,AR1 alpha + Enhanced + One-Step,NASDAQ:SPNS,0.0
2022-07-11,17,AR1 alpha + Enhanced + One-Step,NASDAQ:SPNS,0.0
2022-07-12,17,AR1 alpha + Enhanced + One-Step,NASDAQ:SPNS,1.3614876618056672e-10
2022-07-13,17,AR1 alpha + Enhanced + One-Step,NASDAQ:SPNS,0.00430092500299803
2022-07-14,17,AR1 alpha + Enhanced + One-Step,NASDAQ:SPNS,0.004300888500105128
2022-07-15,17,AR1 alpha + Enhanced + One-Step,NASDAQ:SPNS,0.00430089090570751
2022-07-18,17,AR1 alpha + Enhanced + One-Step,NASDAQ:SPNS,0.004300765213458254
2022-07-19,17,AR1 alpha + Enhanced + One-Step,NASDAQ:SPNS,0.004300686778199961
2022-07-20,17,AR1 alpha + Enhanced + One-Step,NASDAQ:SPNS,0.0043006571904206144
2022-07-21,17,AR1 alpha + Enhanced + One-Step,NASDAQ:SPNS,0.0
2022-07-22,17,AR1 alpha + Enhanced + One-Step,NASDAQ:SPNS,0.0
2022-07-25,17,AR1 alpha + Enhanced + One-Step,NASDAQ:SPNS,0.008943707809388898
2022-07-26,17,AR1 alpha + Enhanced + One-Step,NASDAQ:SPNS,0.03394520617292445
2022-07-27,17,AR1 alpha + Enhanced + One-Step,NASDAQ:SPNS,0.03394520905413235
2022-07-28,17,AR1 alpha + Enhanced + One-Step,NASDAQ:SPNS,0.02178635596699357
2022-07-29,17,AR1 alpha + Enhanced + One-Step,NASDAQ:SPNS,0.0
2022-08-01,17,AR1 alpha + Enhanced + One-Step,NASDAQ:SPNS,0.022118955492366314
2022-08-02,17,AR1 alpha + Enhanced + One-Step,NASDAQ:SPNS,0.04706965337681257
2022-08-03,17,AR1 alpha + Enhanced + One-Step,NASDAQ:SPNS,0.07206905737202667
2022-08-04,17,AR1 alpha + Enhanced + One-Step,NASDAQ:SPNS,0.09708753895005895
2022-08-05,17,AR1 alpha + Enhanced + One-Step,NASDAQ:SPNS,0.0999965299189365
2022-08-08,17,AR1 alpha + Enhanced + One-Step,NASDAQ:SPNS,0.09999361408005714
2022-08-09,17,AR1 alpha + Enhanced + One-Step,NASDAQ:SPNS,0.09999723188810432
2022-08-10,17,AR1 alpha + Enhanced + One-Step,NASDAQ:SPNS,0.09999307347039202
2022-08-11,17,AR1 alpha + Enhanced + One-Step,NASDAQ:SPNS,0.0946199142787672
2022-08-12,17,AR1 alpha + Enhanced + One-Step,NASDAQ:SPNS,0.08468245274413598
2022-08-15,17,AR1 alpha + Enhanced + One-Step,NASDAQ:SPNS,0.07940579500409878
2022-08-16,17,AR1 alpha + Enhanced + One-Step,NASDAQ:SPNS,0.07336880351548686
2022-08-17,17,AR1 alpha + Enhanced + One-Step,NASDAQ:SPNS,0.073369402459384
2022-08-18,17,AR1 alpha + Enhanced + One-Step,NASDAQ:SPNS,0.04847319820485327
2022-08-19,17,AR1 alpha + Enhanced + One-Step,NASDAQ:SPNS,0.03870541369817715
2022-08-22,17,AR1 alpha + Enhanced + One-Step,NASDAQ:SPNS,0.03396615896945802
2022-08-23,17,AR1 alpha + Enhanced + One-Step,NASDAQ:SPNS,0.014802572767553307
2022-08-24,17,AR1 alpha + Enhanced + One-Step,NASDAQ:SPNS,0.0
2022-08-25,17,AR1 alpha + Enhanced + One-Step,NASDAQ:SPNS,0.0
2022-08-26,17,AR1 alpha + Enhanced + One-Step,NASDAQ:SPNS,0.0
2022-08-29,17,AR1 alpha + Enhanced + One-Step,NASDAQ:SPNS,2.7432412268860423e-08
2022-08-30,17,AR1 alpha + Enhanced + One-Step,NASDAQ:SPNS,0.0
2022-08-31,17,AR1 alpha + Enhanced + One-Step,NASDAQ:SPNS,0.0
2022-09-01,17,AR1 alpha + Enhanced + One-Step,NASDAQ:SPNS,1.0089700354096988e-07
2022-09-02,17,AR1 alpha + Enhanced + One-Step,NASDAQ:SPNS,0.0031277523060129066
2022-09-06,17,AR1 alpha + Enhanced + One-Step,NASDAQ:SPNS,0.0
2022-09-07,17,AR1 alpha + Enhanced + One-Step,NASDAQ:SPNS,1.6857359713343e-08
2022-09-08,17,AR1 alpha + Enhanced + One-Step,NASDAQ:SPNS,8.349107511832666e-08
2022-09-09,17,AR1 alpha + Enhanced + One-Step,NASDAQ:SPNS,1.4726285195815062e-07
2022-09-12,17,AR1 alpha + Enhanced + One-Step,NASDAQ:SPNS,0.0
2022-09-13,17,AR1 alpha + Enhanced + One-Step,NASDAQ:SPNS,2.6717103949196012e-09
2022-09-14,17,AR1 alpha + Enhanced + One-Step,NASDAQ:SPNS,0.0
2022-09-15,17,AR1 alpha + Enhanced + One-Step,NASDAQ:SPNS,0.0
2022-09-16,17,AR1 alpha + Enhanced + One-Step,NASDAQ:SPNS,3.168512206893728e-08
2022-09-19,17,AR1 alpha + Enhanced + One-Step,NASDAQ:SPNS,0.0
2022-09-20,17,AR1 alpha + Enhanced + One-Step,NASDAQ:SPNS,1.110424434740099e-07
2022-09-21,17,AR1 alpha + Enhanced + One-Step,NASDAQ:SPNS,0.0
2022-09-22,17,AR1 alpha + Enhanced + One-Step,NASDAQ:SPNS,0.0
2022-09-23,17,AR1 alpha + Enhanced + One-Step,NASDAQ:SPNS,0.0
2022-09-26,17,AR1 alpha + Enhanced + One-Step,NASDAQ:SPNS,0.0
2022-09-27,17,AR1 alpha + Enhanced + One-Step,NASDAQ:SPNS,0.0
2022-09-28,17,AR1 alpha + Enhanced + One-Step,NASDAQ:SPNS,0.0
2022-09-29,17,AR1 alpha + Enhanced + One-Step,NASDAQ:SPNS,2.7096147920848186e-07
2022-09-30,17,AR1 alpha + Enhanced + One-Step,NASDAQ:SPNS,9.651429282090627e-08
2022-10-03,17,AR1 alpha + Enhanced + One-Step,NASDAQ:SPNS,5.5142158366270337e-08
2022-10-04,17,AR1 alpha + Enhanced + One-Step,NASDAQ:SPNS,8.107490753121987e-08
2022-10-05,17,AR1 alpha + Enhanced + One-Step,NASDAQ:SPNS,0.0
2022-10-06,17,AR1 alpha + Enhanced + One-Step,NASDAQ:SPNS,1.545303087448527e-07
2022-10-07,17,AR1 alpha + Enhanced + One-Step,NASDAQ:SPNS,1.47996698047862e-07
2022-10-10,17,AR1 alpha + Enhanced + One-Step,NASDAQ:SPNS,0.009039218856437653
2022-10-11,17,AR1 alpha + Enhanced + One-Step,NASDAQ:SPNS,0.0
2022-10-12,17,AR1 alpha + Enhanced + One-Step,NASDAQ:SPNS,0.007423710540774131
2022-10-13,17,AR1 alpha + Enhanced + One-Step,NASDAQ:SPNS,3.0847592966004128e-06
2022-10-14,17,AR1 alpha + Enhanced + One-Step,NASDAQ:SPNS,4.203879989863919e-07
2022-10-17,17,AR1 alpha + Enhanced + One-Step,NASDAQ:SPNS,1.725578674348746e-07
2022-10-18,17,AR1 alpha + Enhanced + One-Step,NASDAQ:SPNS,9.080998647775188e-08
2022-10-19,17,AR1 alpha + Enhanced + One-Step,NASDAQ:SPNS,5.400235762674422e-08
2022-10-20,17,AR1 alpha + Enhanced + One-Step,NASDAQ:SPNS,0.0
2022-10-21,17,AR1 alpha + Enhanced + One-Step,NASDAQ:SPNS,2.9546563670765334e-08
2022-10-24,17,AR1 alpha + Enhanced + One-Step,NASDAQ:SPNS,0.0
2022-10-25,17,AR1 alpha + Enhanced + One-Step,NASDAQ:SPNS,5.28461545055759e-09
2022-10-26,17,AR1 alpha + Enhanced + One-Step,NASDAQ:SPNS,5.599227673927105e-08
2022-10-27,17,AR1 alpha + Enhanced + One-Step,NASDAQ:SPNS,0.0
2022-10-28,17,AR1 alpha + Enhanced + One-Step,NASDAQ:SPNS,0.0
2022-10-31,17,AR1 alpha + Enhanced + One-Step,NASDAQ:SPNS,0.0
2022-11-01,17,AR1 alpha + Enhanced + One-Step,NASDAQ:SPNS,0.0
2022-11-02,17,AR1 alpha + Enhanced + One-Step,NASDAQ:SPNS,2.893789212492619e-08
2022-11-03,17,AR1 alpha + Enhanced + One-Step,NASDAQ:SPNS,0.02501382249207569
2022-11-04,17,AR1 alpha + Enhanced + One-Step,NASDAQ:SPNS,0.025013202203603417
2022-11-07,17,AR1 alpha + Enhanced + One-Step,NASDAQ:SPNS,0.0037096059817254747
2022-11-08,17,AR1 alpha + Enhanced + One-Step,NASDAQ:SPNS,3.3204996453664814e-07
2022-11-09,17,AR1 alpha + Enhanced + One-Step,NASDAQ:SPNS,4.879029835026258e-08
2022-11-10,17,AR1 alpha + Enhanced + One-Step,NASDAQ:SPNS,3.150985851921758e-08
2022-11-11,17,AR1 alpha + Enhanced + One-Step,NASDAQ:SPNS,0.0
2022-11-14,17,AR1 alpha + Enhanced + One-Step,NASDAQ:SPNS,0.0
2022-11-15,17,AR1 alpha + Enhanced + One-Step,NASDAQ:SPNS,1.2710144331476463e-08
2022-11-16,17,AR1 alpha + Enhanced + One-Step,NASDAQ:SPNS,0.0
2022-11-17,17,AR1 alpha + Enhanced + One-Step,NASDAQ:SPNS,2.547930680059614e-08
2022-11-18,17,AR1 alpha + Enhanced + One-Step,NASDAQ:SPNS,4.203111783688794e-08
2022-11-21,17,AR1 alpha + Enhanced + One-Step,NASDAQ:SPNS,0.0
2022-11-22,17,AR1 alpha + Enhanced + One-Step,NASDAQ:SPNS,0.0
2022-11-23,17,AR1 alpha + Enhanced + One-Step,NASDAQ:SPNS,2.5572155106119006e-07
2022-11-25,17,AR1 alpha + Enhanced + One-Step,NASDAQ:SPNS,2.636230560979995e-07
2022-11-28,17,AR1 alpha + Enhanced + One-Step,NASDAQ:SPNS,2.0217122742392733e-07
2022-11-29,17,AR1 alpha + Enhanced + One-Step,NASDAQ:SPNS,1.2188401456399994e-07
2022-11-30,17,AR1 alpha + Enhanced + One-Step,NASDAQ:SPNS,6.977852202163476e-08
2022-12-01,17,AR1 alpha + Enhanced + One-Step,NASDAQ:SPNS,0.0
2022-12-02,17,AR1 alpha + Enhanced + One-Step,NASDAQ:SPNS,1.961099670497935e-08
2022-12-05,17,AR1 alpha + Enhanced + One-Step,NASDAQ:SPNS,0.0
2022-12-06,17,AR1 alpha + Enhanced + One-Step,NASDAQ:SPNS,0.0
2022-12-07,17,AR1 alpha + Enhanced + One-Step,NASDAQ:SPNS,0.0
2022-12-08,17,AR1 alpha + Enhanced + One-Step,NASDAQ:SPNS,0.0
2022-12-09,17,AR1 alpha + Enhanced + One-Step,NASDAQ:SPNS,0.0
2022-12-12,17,AR1 alpha + Enhanced + One-Step,NASDAQ:SPNS,0.0
2022-12-13,17,AR1 alpha + Enhanced + One-Step,NASDAQ:SPNS,0.0
2022-12-14,17,AR1 alpha + Enhanced + One-Step,NASDAQ:SPNS,0.0
2022-12-15,17,AR1 alpha + Enhanced + One-Step,NASDAQ:SPNS,0.0
2022-12-16,17,AR1 alpha + Enhanced + One-Step,NASDAQ:SPNS,0.0
2022-12-19,17,AR1 alpha + Enhanced + One-Step,NASDAQ:SPNS,0.0
2022-12-20,17,AR1 alpha + Enhanced + One-Step,NASDAQ:SPNS,0.0
2022-12-21,17,AR1 alpha + Enhanced + One-Step,NASDAQ:SPNS,0.0
2022-12-22,17,AR1 alpha + Enhanced + One-Step,NASDAQ:SPNS,0.0
2022-12-23,17,AR1 alpha + Enhanced + One-Step,NASDAQ:SPNS,1.8326577257693816e-08
2022-12-27,17,AR1 alpha + Enhanced + One-Step,NASDAQ:SPNS,1.8838660603623066e-08
2022-12-28,17,AR1 alpha + Enhanced + One-Step,NASDAQ:SPNS,0.0
2022-12-29,17,AR1 alpha + Enhanced + One-Step,NASDAQ:SPNS,0.0
2022-12-30,17,AR1 alpha + Enhanced + One-Step,NASDAQ:SPNS,1.036700060723102e-10
2023-01-03,17,AR1 alpha + Enhanced + One-Step,NASDAQ:SPNS,4.213620255857189e-09
2023-01-04,17,AR1 alpha + Enhanced + One-Step,NASDAQ:SPNS,0.0
2023-01-05,17,AR1 alpha + Enhanced + One-Step,NASDAQ:SPNS,3.9107106809921543e-07
2023-01-06,17,AR1 alpha + Enhanced + One-Step,NASDAQ:SPNS,1.531200683544902e-07
2023-01-09,17,AR1 alpha + Enhanced + One-Step,NASDAQ:SPNS,0.0
2023-01-10,17,AR1 alpha + Enhanced + One-Step,NASDAQ:SPNS,1.2973901422755922e-06
2023-01-11,17,AR1 alpha + Enhanced + One-Step,NASDAQ:SPNS,3.2238582113096214e-07
2023-01-12,17,AR1 alpha + Enhanced + One-Step,NASDAQ:SPNS,0.0
2023-01-13,17,AR1 alpha + Enhanced + One-Step,NASDAQ:SPNS,0.0
2023-01-17,17,AR1 alpha + Enhanced + One-Step,NASDAQ:SPNS,0.0
2023-01-18,17,AR1 alpha + Enhanced + One-Step,NASDAQ:SPNS,3.8420808768746874e-07
2023-01-19,17,AR1 alpha + Enhanced + One-Step,NASDAQ:SPNS,0.0
2023-01-20,17,AR1 alpha + Enhanced + One-Step,NASDAQ:SPNS,0.0
2023-01-23,17,AR1 alpha + Enhanced + One-Step,NASDAQ:SPNS,0.0
2023-01-24,17,AR1 alpha + Enhanced + One-Step,NASDAQ:SPNS,2.8867435951534525e-08
2023-01-25,17,AR1 alpha + Enhanced + One-Step,NASDAQ:SPNS,3.186281533719678e-08
2023-01-26,17,AR1 alpha + Enhanced + One-Step,NASDAQ:SPNS,1.4190491912348223e-08
2023-01-27,17,AR1 alpha + Enhanced + One-Step,NASDAQ:SPNS,0.0
2023-01-30,17,AR1 alpha + Enhanced + One-Step,NASDAQ:SPNS,8.158885829550481e-08
2023-01-31,17,AR1 alpha + Enhanced + One-Step,NASDAQ:SPNS,0.0
2023-02-01,17,AR1 alpha + Enhanced + One-Step,NASDAQ:SPNS,0.0
2023-02-02,17,AR1 alpha + Enhanced + One-Step,NASDAQ:SPNS,1.1606686380705823e-06
2023-02-03,17,AR1 alpha + Enhanced + One-Step,NASDAQ:SPNS,5.941315337826993e-07
2023-02-06,17,AR1 alpha + Enhanced + One-Step,NASDAQ:SPNS,6.496930227998379e-07
2023-02-07,17,AR1 alpha + Enhanced + One-Step,NASDAQ:SPNS,1.8016376382288037e-06
2023-02-08,17,AR1 alpha + Enhanced + One-Step,NASDAQ:SPNS,8.834129643733486e-07
2023-02-09,17,AR1 alpha + Enhanced + One-Step,NASDAQ:SPNS,4.59467227396135e-07
2023-02-10,17,AR1 alpha + Enhanced + One-Step,NASDAQ:SPNS,0.0
2023-02-13,17,AR1 alpha + Enhanced + One-Step,NASDAQ:SPNS,3.168377200651537e-08
2023-02-14,17,AR1 alpha + Enhanced + One-Step,NASDAQ:SPNS,6.925909414023304e-07
2023-02-15,17,AR1 alpha + Enhanced + One-Step,NASDAQ:SPNS,3.734703840800728e-07
2023-02-16,17,AR1 alpha + Enhanced + One-Step,NASDAQ:SPNS,0.0
2023-02-17,17,AR1 alpha + Enhanced + One-Step,NASDAQ:SPNS,0.0
2023-02-21,17,AR1 alpha + Enhanced + One-Step,NASDAQ:SPNS,0.0
2023-02-22,17,AR1 alpha + Enhanced + One-Step,NASDAQ:SPNS,0.0
2023-02-23,17,AR1 alpha + Enhanced + One-Step,NASDAQ:SPNS,0.0
2023-02-24,17,AR1 alpha + Enhanced + One-Step,NASDAQ:SPNS,1.0575020641617258e-06
2023-02-27,17,AR1 alpha + Enhanced + One-Step,NASDAQ:SPNS,6.757892849677586e-07
2023-02-28,17,AR1 alpha + Enhanced + One-Step,NASDAQ:SPNS,9.772160498285708e-07
2023-03-01,17,AR1 alpha + Enhanced + One-Step,NASDAQ:SPNS,3.509572602944121e-07
2023-03-02,17,AR1 alpha + Enhanced + One-Step,NASDAQ:SPNS,0.0
2023-03-03,17,AR1 alpha + Enhanced + One-Step,NASDAQ:SPNS,0.0
2023-03-06,17,AR1 alpha + Enhanced + One-Step,NASDAQ:SPNS,0.0
2023-03-07,17,AR1 alpha + Enhanced + One-Step,NASDAQ:SPNS,3.7686058433943075e-08
2023-03-08,17,AR1 alpha + Enhanced + One-Step,NASDAQ:SPNS,0.0
2023-03-09,17,AR1 alpha + Enhanced + One-Step,NASDAQ:SPNS,1.7898436092728197e-08
2023-03-10,17,AR1 alpha + Enhanced + One-Step,NASDAQ:SPNS,0.0
2023-03-13,17,AR1 alpha + Enhanced + One-Step,NASDAQ:SPNS,0.0
2023-03-14,17,AR1 alpha + Enhanced + One-Step,NASDAQ:SPNS,3.786329964822061e-09
2023-03-15,17,AR1 alpha + Enhanced + One-Step,NASDAQ:SPNS,0.0
2023-03-16,17,AR1 alpha + Enhanced + One-Step,NASDAQ:SPNS,4.793173913723979e-09
2023-03-17,17,AR1 alpha + Enhanced + One-Step,NASDAQ:SPNS,0.0
2023-03-20,17,AR1 alpha + Enhanced + One-Step,NASDAQ:SPNS,0.0
2023-03-21,17,AR1 alpha + Enhanced + One-Step,NASDAQ:SPNS,0.0
2023-03-22,17,AR1 alpha + Enhanced + One-Step,NASDAQ:SPNS,0.0
2023-03-23,17,AR1 alpha + Enhanced + One-Step,NASDAQ:SPNS,0.0
2023-03-24,17,AR1 alpha + Enhanced + One-Step,NASDAQ:SPNS,0.0
2023-03-27,17,AR1 alpha + Enhanced + One-Step,NASDAQ:SPNS,0.0
2023-03-28,17,AR1 alpha + Enhanced + One-Step,NASDAQ:SPNS,0.0
2023-03-29,17,AR1 alpha + Enhanced + One-Step,NASDAQ:SPNS,7.590878780458206e-09
2023-03-30,17,AR1 alpha + Enhanced + One-Step,NASDAQ:SPNS,1.8987731136935957e-08
2023-03-31,17,AR1 alpha + Enhanced + One-Step,NASDAQ:SPNS,1.1941927037627164e-07
2023-04-03,17,AR1 alpha + Enhanced + One-Step,NASDAQ:SPNS,4.9146435518625434e-08
2023-04-04,17,AR1 alpha + Enhanced + One-Step,NASDAQ:SPNS,0.0
2023-04-05,17,AR1 alpha + Enhanced + One-Step,NASDAQ:SPNS,8.968334458883526e-09
2023-04-06,17,AR1 alpha + Enhanced + One-Step,NASDAQ:SPNS,2.7862403837251693e-08
2023-04-10,17,AR1 alpha + Enhanced + One-Step,NASDAQ:SPNS,5.370796824545888e-07
2023-04-11,17,AR1 alpha + Enhanced + One-Step,NASDAQ:SPNS,4.202461241445726e-07
2023-04-12,17,AR1 alpha + Enhanced + One-Step,NASDAQ:SPNS,1.3020857344637846e-07
2023-04-13,17,AR1 alpha + Enhanced + One-Step,NASDAQ:SPNS,0.0
2023-04-14,17,AR1 alpha + Enhanced + One-Step,NASDAQ:SPNS,0.0
2023-04-17,17,AR1 alpha + Enhanced + One-Step,NASDAQ:SPNS,7.843739569254883e-08
2023-04-18,17,AR1 alpha + Enhanced + One-Step,NASDAQ:SPNS,2.0467333436238819e-07
2023-04-19,17,AR1 alpha + Enhanced + One-Step,NASDAQ:SPNS,0.0014086447672306645
2023-04-20,17,AR1 alpha + Enhanced + One-Step,NASDAQ:SPNS,0.003875249269185421
2023-04-21,17,AR1 alpha + Enhanced + One-Step,NASDAQ:SPNS,0.0
2023-04-24,17,AR1 alpha + Enhanced + One-Step,NASDAQ:SPNS,0.0
2023-04-25,17,AR1 alpha + Enhanced + One-Step,NASDAQ:SPNS,4.74746770008292e-07
2023-04-26,17,AR1 alpha + Enhanced + One-Step,NASDAQ:SPNS,3.5118629721041296e-07
2023-04-27,17,AR1 alpha + Enhanced + One-Step,NASDAQ:SPNS,0.001790012345140672
2023-04-28,17,AR1 alpha + Enhanced + One-Step,NASDAQ:SPNS,1.905904840450464e-06
2023-05-01,17,AR1 alpha + Enhanced + One-Step,NASDAQ:SPNS,1.7768825753740657e-06
2023-05-02,17,AR1 alpha + Enhanced + One-Step,NASDAQ:SPNS,9.53383414168238e-07
2023-05-03,17,AR1 alpha + Enhanced + One-Step,NASDAQ:SPNS,0.0
2023-05-04,17,AR1 alpha + Enhanced + One-Step,NASDAQ:SPNS,0.0
2023-05-05,17,AR1 alpha + Enhanced + One-Step,NASDAQ:SPNS,0.0
2023-05-08,17,AR1 alpha + Enhanced + One-Step,NASDAQ:SPNS,1.6436495343635423e-07
2023-05-09,17,AR1 alpha + Enhanced + One-Step,NASDAQ:SPNS,6.18567024637695e-08
2023-05-10,17,AR1 alpha + Enhanced + One-Step,NASDAQ:SPNS,6.833749508989085e-07
2023-05-11,17,AR1 alpha + Enhanced + One-Step,NASDAQ:SPNS,3.54131170183322e-07
2023-05-12,17,AR1 alpha + Enhanced + One-Step,NASDAQ:SPNS,4.1357360438020245e-07
2023-05-15,17,AR1 alpha + Enhanced + One-Step,NASDAQ:SPNS,1.7681490134499702e-07
2023-05-16,17,AR1 alpha + Enhanced + One-Step,NASDAQ:SPNS,2.2213239451541883e-07
2023-05-17,17,AR1 alpha + Enhanced + One-Step,NASDAQ:SPNS,2.568935451221681e-08
2023-05-18,17,AR1 alpha + Enhanced + One-Step,NASDAQ:SPNS,1.4648304036866676e-06
2023-05-19,17,AR1 alpha + Enhanced + One-Step,NASDAQ:SPNS,6.063851878275477e-07
2023-05-22,17,AR1 alpha + Enhanced + One-Step,NASDAQ:SPNS,3.5305084307444757e-07
2023-05-23,17,AR1 alpha + Enhanced + One-Step,NASDAQ:SPNS,0.0
2023-05-24,17,AR1 alpha + Enhanced + One-Step,NASDAQ:SPNS,3.3117904563495214e-08
2023-05-25,17,AR1 alpha + Enhanced + One-Step,NASDAQ:SPNS,0.0
2023-05-26,17,AR1 alpha + Enhanced + One-Step,NASDAQ:SPNS,4.2888064803489035e-08
2023-05-30,17,AR1 alpha + Enhanced + One-Step,NASDAQ:SPNS,3.030675827615226e-08
2023-05-31,17,AR1 alpha + Enhanced + One-Step,NASDAQ:SPNS,0.0
2023-06-01,17,AR1 alpha + Enhanced + One-Step,NASDAQ:SPNS,0.0
2023-06-02,17,AR1 alpha + Enhanced + One-Step,NASDAQ:SPNS,0.0
2023-06-05,17,AR1 alpha + Enhanced + One-Step,NASDAQ:SPNS,0.0
2023-06-06,17,AR1 alpha + Enhanced + One-Step,NASDAQ:SPNS,1.233989742238488e-06
2023-06-07,17,AR1 alpha + Enhanced + One-Step,NASDAQ:SPNS,1.036503821939529e-06
2023-06-08,17,AR1 alpha + Enhanced + One-Step,NASDAQ:SPNS,4.7631250919069433e-07
2023-06-09,17,AR1 alpha + Enhanced + One-Step,NASDAQ:SPNS,0.0
2023-06-12,17,AR1 alpha + Enhanced + One-Step,NASDAQ:SPNS,0.0
2023-06-13,17,AR1 alpha + Enhanced + One-Step,NASDAQ:SPNS,0.0
2023-06-14,17,AR1 alpha + Enhanced + One-Step,NASDAQ:SPNS,0.0
2023-06-15,17,AR1 alpha + Enhanced + One-Step,NASDAQ:SPNS,0.0
2023-06-16,17,AR1 alpha + Enhanced + One-Step,NASDAQ:SPNS,0.0
2023-06-20,17,AR1 alpha + Enhanced + One-Step,NASDAQ:SPNS,7.453066132504264e-09
2023-06-21,17,AR1 alpha + Enhanced + One-Step,NASDAQ:SPNS,0.012748134150333464
2023-06-22,17,AR1 alpha + Enhanced + One-Step,NASDAQ:SPNS,0.012749112970411395
2023-06-23,17,AR1 alpha + Enhanced + One-Step,NASDAQ:SPNS,0.012748982121618966
2023-06-26,17,AR1 alpha + Enhanced + One-Step,NASDAQ:SPNS,0.012748116039679102
2023-06-27,17,AR1 alpha + Enhanced + One-Step,NASDAQ:SPNS,0.012748017086957794
2023-06-28,17,AR1 alpha + Enhanced + One-Step,NASDAQ:SPNS,0.012745751160201638
2023-06-29,17,AR1 alpha + Enhanced + One-Step,NASDAQ:SPNS,0.012744805759648545
2023-06-30,17,AR1 alpha + Enhanced + One-Step,NASDAQ:SPNS,0.009425242960997024
2023-07-03,17,AR1 alpha + Enhanced + One-Step,NASDAQ:SPNS,0.009424385907036906
2023-07-05,17,AR1 alpha + Enhanced + One-Step,NASDAQ:SPNS,0.009308145376243237
2023-07-06,17,AR1 alpha + Enhanced + One-Step,NASDAQ:SPNS,0.009308322058898588
2023-07-07,17,AR1 alpha + Enhanced + One-Step,NASDAQ:SPNS,0.009308964131095042
2023-07-10,17,AR1 alpha + Enhanced + One-Step,NASDAQ:SPNS,0.009309069081606232
2023-07-11,17,AR1 alpha + Enhanced + One-Step,NASDAQ:SPNS,0.009307951074597124
2023-07-12,17,AR1 alpha + Enhanced + One-Step,NASDAQ:SPNS,0.009308106100108827
2023-07-13,17,AR1 alpha + Enhanced + One-Step,NASDAQ:SPNS,0.009306272529911813
2023-07-14,17,AR1 alpha + Enhanced + One-Step,NASDAQ:SPNS,0.007875817104032014
2023-07-17,17,AR1 alpha + Enhanced + One-Step,NASDAQ:SPNS,0.0
2023-07-18,17,AR1 alpha + Enhanced + One-Step,NASDAQ:SPNS,3.7418674244972995e-07
2023-07-19,17,AR1 alpha + Enhanced + One-Step,NASDAQ:SPNS,0.0
2023-07-20,17,AR1 alpha + Enhanced + One-Step,NASDAQ:SPNS,0.0
2023-07-21,17,AR1 alpha + Enhanced + One-Step,NASDAQ:SPNS,0.0
2023-07-24,17,AR1 alpha + Enhanced + One-Step,NASDAQ:SPNS,0.0
2023-07-25,17,AR1 alpha + Enhanced + One-Step,NASDAQ:SPNS,3.904465758504886e-08
2023-07-26,17,AR1 alpha + Enhanced + One-Step,NASDAQ:SPNS,0.0
2023-07-27,17,AR1 alpha + Enhanced + One-Step,NASDAQ:SPNS,0.0
2023-08-01,17,AR1 alpha + Enhanced + One-Step,NASDAQ:SPNS,0.0
2023-08-02,17,AR1 alpha + Enhanced + One-Step,NASDAQ:SPNS,0.0
2023-08-03,17,AR1 alpha + Enhanced + One-Step,NASDAQ:SPNS,8.445374373616366e-08
2023-08-04,17,AR1 alpha + Enhanced + One-Step,NASDAQ:SPNS,2.3631700769047654e-06
2023-08-07,17,AR1 alpha + Enhanced + One-Step,NASDAQ:SPNS,1.3025094035571318e-06
2023-08-08,17,AR1 alpha + Enhanced + One-Step,NASDAQ:SPNS,5.604124645367264e-07
2023-08-09,17,AR1 alpha + Enhanced + One-Step,NASDAQ:SPNS,3.9423647669006757e-07
2023-08-10,17,AR1 alpha + Enhanced + One-Step,NASDAQ:SPNS,3.5715946647301345e-07
2023-08-11,17,AR1 alpha + Enhanced + One-Step,NASDAQ:SPNS,4.58644085724469e-08
2023-08-14,17,AR1 alpha + Enhanced + One-Step,NASDAQ:SPNS,0.0
2023-08-15,17,AR1 alpha + Enhanced + One-Step,NASDAQ:SPNS,1.551045599731929e-07
2023-08-16,17,AR1 alpha + Enhanced + One-Step,NASDAQ:SPNS,0.0016859874399474915
2023-08-17,17,AR1 alpha + Enhanced + One-Step,NASDAQ:SPNS,0.022323211918590564
2023-08-18,17,AR1 alpha + Enhanced + One-Step,NASDAQ:SPNS,0.03652221838139999
2023-08-21,17,AR1 alpha + Enhanced + One-Step,NASDAQ:SPNS,0.05717809517227508
2023-08-22,17,AR1 alpha + Enhanced + One-Step,NASDAQ:SPNS,0.0786511736367371
2023-08-23,17,AR1 alpha + Enhanced + One-Step,NASDAQ:SPNS,0.07864876081887914
2023-08-24,17,AR1 alpha + Enhanced + One-Step,NASDAQ:SPNS,0.09722278392427876
2023-08-25,17,AR1 alpha + Enhanced + One-Step,NASDAQ:SPNS,0.09999991265002565
2023-08-28,17,AR1 alpha + Enhanced + One-Step,NASDAQ:SPNS,0.09999534754935682
2023-08-29,17,AR1 alpha + Enhanced + One-Step,NASDAQ:SPNS,0.0999949734650462
2023-08-30,17,AR1 alpha + Enhanced + One-Step,NASDAQ:SPNS,0.09999597857916216
2023-08-31,17,AR1 alpha + Enhanced + One-Step,NASDAQ:SPNS,0.09999559188877666
2023-09-01,17,AR1 alpha + Enhanced + One-Step,NASDAQ:SPNS,0.09413895648266644
2023-09-05,17,AR1 alpha + Enhanced + One-Step,NASDAQ:SPNS,0.09413147889919833
2023-09-06,17,AR1 alpha + Enhanced + One-Step,NASDAQ:SPNS,0.09412797322229043
2023-09-07,17,AR1 alpha + Enhanced + One-Step,NASDAQ:SPNS,0.08389764739000197
2023-09-08,17,AR1 alpha + Enhanced + One-Step,NASDAQ:SPNS,0.06917931605151233
2023-09-11,17,AR1 alpha + Enhanced + One-Step,NASDAQ:SPNS,0.06638841067580192
2023-09-12,17,AR1 alpha + Enhanced + One-Step,NASDAQ:SPNS,0.08901578524339979
2023-09-13,17,AR1 alpha + Enhanced + One-Step,NASDAQ:SPNS,0.0999972315801375
2023-09-14,17,AR1 alpha + Enhanced + One-Step,NASDAQ:SPNS,0.0999980903357775
2023-09-15,17,AR1 alpha + Enhanced + One-Step,NASDAQ:SPNS,0.09999867034404882
2023-09-18,17,AR1 alpha + Enhanced + One-Step,NASDAQ:SPNS,0.09999906042616415
2023-09-19,17,AR1 alpha + Enhanced + One-Step,NASDAQ:SPNS,0.09999935000394519
2023-09-20,17,AR1 alpha + Enhanced + One-Step,NASDAQ:SPNS,0.09999953792583853
2023-09-21,17,AR1 alpha + Enhanced + One-Step,NASDAQ:SPNS,0.0999997368950863
2023-09-22,17,AR1 alpha + Enhanced + One-Step,NASDAQ:SPNS,0.09999983791913436
2023-09-25,17,AR1 alpha + Enhanced + One-Step,NASDAQ:SPNS,0.09999751083037979
2023-09-26,17,AR1 alpha + Enhanced + One-Step,NASDAQ:SPNS,0.0999982997698713
2023-09-27,17,AR1 alpha + Enhanced + One-Step,NASDAQ:SPNS,0.09999874309066233
2023-09-28,17,AR1 alpha + Enhanced + One-Step,NASDAQ:SPNS,0.09999905712752792
2023-09-29,17,AR1 alpha + Enhanced + One-Step,NASDAQ:SPNS,0.0999993184265175
2023-10-02,17,AR1 alpha + Enhanced + One-Step,NASDAQ:SPNS,0.09999550445013815
2023-10-03,17,AR1 alpha + Enhanced + One-Step,NASDAQ:SPNS,0.09999337359943922
2023-10-04,17,AR1 alpha + Enhanced + One-Step,NASDAQ:SPNS,0.09998699482345268
2023-10-05,17,AR1 alpha + Enhanced + One-Step,NASDAQ:SPNS,0.09998994967566881
2023-10-06,17,AR1 alpha + Enhanced + One-Step,NASDAQ:SPNS,0.09998948515727067
2023-10-09,17,AR1 alpha + Enhanced + One-Step,NASDAQ:SPNS,0.09999189534918133
2023-10-10,17,AR1 alpha + Enhanced + One-Step,NASDAQ:SPNS,0.09999063856122191
2023-10-11,17,AR1 alpha + Enhanced + One-Step,NASDAQ:SPNS,0.09999913125935397
2023-10-12,17,AR1 alpha + Enhanced + One-Step,NASDAQ:SPNS,0.09999938320147612
2023-10-13,17,AR1 alpha + Enhanced + One-Step,NASDAQ:SPNS,0.09999956789408057
2023-10-16,17,AR1 alpha + Enhanced + One-Step,NASDAQ:SPNS,0.0999997014695166
2023-10-17,17,AR1 alpha + Enhanced + One-Step,NASDAQ:SPNS,0.09999897147054307
2023-10-18,17,AR1 alpha + Enhanced + One-Step,NASDAQ:SPNS,0.09999940139558165
2023-10-19,17,AR1 alpha + Enhanced + One-Step,NASDAQ:SPNS,0.09999953801229355
2023-10-20,17,AR1 alpha + Enhanced + One-Step,NASDAQ:SPNS,0.09999971654751966
2023-10-23,17,AR1 alpha + Enhanced + One-Step,NASDAQ:SPNS,0.09999930155082604
2023-10-24,17,AR1 alpha + Enhanced + One-Step,NASDAQ:SPNS,0.09999950485148557
2023-10-25,17,AR1 alpha + Enhanced + One-Step,NASDAQ:SPNS,0.09999940522809286
2023-10-26,17,AR1 alpha + Enhanced + One-Step,NASDAQ:SPNS,0.09999954597508838
2023-10-27,17,AR1 alpha + Enhanced + One-Step,NASDAQ:SPNS,0.09999965870656269
2023-10-30,17,AR1 alpha + Enhanced + One-Step,NASDAQ:SPNS,0.09999819185216204
2023-10-31,17,AR1 alpha + Enhanced + One-Step,NASDAQ:SPNS,0.09999882219239968
2023-11-01,17,AR1 alpha + Enhanced + One-Step,NASDAQ:SPNS,0.09999819310918465
2023-11-02,17,AR1 alpha + Enhanced + One-Step,NASDAQ:SPNS,0.10000000626869103
2023-11-03,17,AR1 alpha + Enhanced + One-Step,NASDAQ:SPNS,0.10000000778538506
2023-11-06,17,AR1 alpha + Enhanced + One-Step,NASDAQ:SPNS,0.10000008241475601
2023-11-07,17,AR1 alpha + Enhanced + One-Step,NASDAQ:SPNS,0.09999338368610945
2023-11-08,17,AR1 alpha + Enhanced + One-Step,NASDAQ:SPNS,0.09999025117896429
2023-11-09,17,AR1 alpha + Enhanced + One-Step,NASDAQ:SPNS,0.09998947673160104
2023-11-10,17,AR1 alpha + Enhanced + One-Step,NASDAQ:SPNS,0.09999213280963905
2023-11-13,17,AR1 alpha + Enhanced + One-Step,NASDAQ:SPNS,0.09999260445111842
2023-11-14,17,AR1 alpha + Enhanced + One-Step,NASDAQ:SPNS,0.09999422428503069
2023-11-15,17,AR1 alpha + Enhanced + One-Step,NASDAQ:SPNS,0.09999391568878108
2023-11-16,17,AR1 alpha + Enhanced + One-Step,NASDAQ:SPNS,0.09999433374444998
2023-11-17,17,AR1 alpha + Enhanced + One-Step,NASDAQ:SPNS,0.09999553893443076
2023-11-20,17,AR1 alpha + Enhanced + One-Step,NASDAQ:SPNS,0.09999683459817159
2023-11-21,17,AR1 alpha + Enhanced + One-Step,NASDAQ:SPNS,0.09569920919742228
2023-11-22,17,AR1 alpha + Enhanced + One-Step,NASDAQ:SPNS,0.09541492804576224
2023-11-24,17,AR1 alpha + Enhanced + One-Step,NASDAQ:SPNS,0.0954149300255069
2023-11-27,17,AR1 alpha + Enhanced + One-Step,NASDAQ:SPNS,0.0954146805944764
2023-11-28,17,AR1 alpha + Enhanced + One-Step,NASDAQ:SPNS,0.09541472551726655
2023-11-29,17,AR1 alpha + Enhanced + One-Step,NASDAQ:SPNS,0.09541165455550069
2023-11-30,17,AR1 alpha + Enhanced + One-Step,NASDAQ:SPNS,0.09540860182774721
2023-12-01,17,AR1 alpha + Enhanced + One-Step,NASDAQ:SPNS,0.09540851367951958
2023-12-04,17,AR1 alpha + Enhanced + One-Step,NASDAQ:SPNS,0.09540516035359763
2023-12-05,17,AR1 alpha + Enhanced + One-Step,NASDAQ:SPNS,0.09540292438195841
2023-12-06,17,AR1 alpha + Enhanced + One-Step,NASDAQ:SPNS,0.09540298004215667
2023-12-07,17,AR1 alpha + Enhanced + One-Step,NASDAQ:SPNS,0.08997897206842849
2023-12-08,17,AR1 alpha + Enhanced + One-Step,NASDAQ:SPNS,0.08383787423997179
2023-12-11,17,AR1 alpha + Enhanced + One-Step,NASDAQ:SPNS,0.07632093653710097
2023-12-12,17,AR1 alpha + Enhanced + One-Step,NASDAQ:SPNS,0.06820519741616327
2023-12-13,17,AR1 alpha + Enhanced + One-Step,NASDAQ:SPNS,0.06820610232439639
2023-12-14,17,AR1 alpha + Enhanced + One-Step,NASDAQ:SPNS,0.06820600659082433
2023-12-15,17,AR1 alpha + Enhanced + One-Step,NASDAQ:SPNS,0.06820262019164802
2023-12-18,17,AR1 alpha + Enhanced + One-Step,NASDAQ:SPNS,0.06740962090561338
2023-12-19,17,AR1 alpha + Enhanced + One-Step,NASDAQ:SPNS,0.06740945624718107
2023-12-20,17,AR1 alpha + Enhanced + One-Step,NASDAQ:SPNS,0.06741385053234474
2023-12-21,17,AR1 alpha + Enhanced + One-Step,NASDAQ:SPNS,0.0674138872059133
2023-12-22,17,AR1 alpha + Enhanced + One-Step,NASDAQ:SPNS,0.0738804474301532
2023-12-26,17,AR1 alpha + Enhanced + One-Step,NASDAQ:SPNS,0.07447848053408071
2023-12-27,17,AR1 alpha + Enhanced + One-Step,NASDAQ:SPNS,0.08403055724695138
2023-12-28,17,AR1 alpha + Enhanced + One-Step,NASDAQ:SPNS,0.0925943139132142
2023-12-29,17,AR1 alpha + Enhanced + One-Step,NASDAQ:SPNS,0.09259461158545881
2024-01-02,17,AR1 alpha + Enhanced + One-Step,NASDAQ:SPNS,0.09259157377378908
2024-01-03,17,AR1 alpha + Enhanced + One-Step,NASDAQ:SPNS,0.09259031421660723
2024-01-04,17,AR1 alpha + Enhanced + One-Step,NASDAQ:SPNS,0.08881243221947495
2024-01-05,17,AR1 alpha + Enhanced + One-Step,NASDAQ:SPNS,0.08881257332387714
2024-01-08,17,AR1 alpha + Enhanced + One-Step,NASDAQ:SPNS,0.08881283634214984
2024-01-09,17,AR1 alpha + Enhanced + One-Step,NASDAQ:SPNS,0.08881101367666594
2024-01-10,17,AR1 alpha + Enhanced + One-Step,NASDAQ:SPNS,0.08970337290930652
2024-01-11,17,AR1 alpha + Enhanced + One-Step,NASDAQ:SPNS,0.09140631346158293
2024-01-12,17,AR1 alpha + Enhanced + One-Step,NASDAQ:SPNS,0.09215394507008641
2024-01-16,17,AR1 alpha + Enhanced + One-Step,NASDAQ:SPNS,0.07570041542591646
2024-01-17,17,AR1 alpha + Enhanced + One-Step,NASDAQ:SPNS,0.07569657992226124
2024-01-18,17,AR1 alpha + Enhanced + One-Step,NASDAQ:SPNS,0.07874430394319427
2024-01-19,17,AR1 alpha + Enhanced + One-Step,NASDAQ:SPNS,0.07727813513541683
2024-01-22,17,AR1 alpha + Enhanced + One-Step,NASDAQ:SPNS,0.08129960322172494
2024-01-23,17,AR1 alpha + Enhanced + One-Step,NASDAQ:SPNS,0.08663464135762178
2024-01-24,17,AR1 alpha + Enhanced + One-Step,NASDAQ:SPNS,0.0866293823568281
2024-01-25,17,AR1 alpha + Enhanced + One-Step,NASDAQ:SPNS,0.08240444480245243
2024-01-26,17,AR1 alpha + Enhanced + One-Step,NASDAQ:SPNS,0.08240088585399825
2024-01-29,17,AR1 alpha + Enhanced + One-Step,NASDAQ:SPNS,0.08412454825744117
2024-01-30,17,AR1 alpha + Enhanced + One-Step,NASDAQ:SPNS,0.08211682900103706
2024-01-31,17,AR1 alpha + Enhanced + One-Step,NASDAQ:SPNS,0.062184595238872126
2024-02-01,17,AR1 alpha + Enhanced + One-Step,NASDAQ:SPNS,0.06218121937908699
2024-02-02,17,AR1 alpha + Enhanced + One-Step,NASDAQ:SPNS,0.049115684896229764
2024-02-05,17,AR1 alpha + Enhanced + One-Step,NASDAQ:SPNS,0.03961842695451551
2024-02-06,17,AR1 alpha + Enhanced + One-Step,NASDAQ:SPNS,0.027183163876677505
2024-02-07,17,AR1 alpha + Enhanced + One-Step,NASDAQ:SPNS,0.020125433270785108
2024-02-08,17,AR1 alpha + Enhanced + One-Step,NASDAQ:SPNS,0.020125402787269868
2024-02-09,17,AR1 alpha + Enhanced + One-Step,NASDAQ:SPNS,0.02012359502217117
2024-02-12,17,AR1 alpha + Enhanced + One-Step,NASDAQ:SPNS,0.020122903857140263
2024-02-13,17,AR1 alpha + Enhanced + One-Step,NASDAQ:SPNS,0.02012216592630557
2024-02-14,17,AR1 alpha + Enhanced + One-Step,NASDAQ:SPNS,0.020122454888821098
2024-02-15,17,AR1 alpha + Enhanced + One-Step,NASDAQ:SPNS,0.020121880246982707
2024-02-16,17,AR1 alpha + Enhanced + One-Step,NASDAQ:SPNS,0.020122305871385412
2024-02-20,17,AR1 alpha + Enhanced + One-Step,NASDAQ:SPNS,0.034640988620443236
2024-02-21,17,AR1 alpha + Enhanced + One-Step,NASDAQ:SPNS,0.0547055912967396
2024-02-22,17,AR1 alpha + Enhanced + One-Step,NASDAQ:SPNS,0.06013737343113971
2024-02-23,17,AR1 alpha + Enhanced + One-Step,NASDAQ:SPNS,0.060135156496074635
2024-02-26,17,AR1 alpha + Enhanced + One-Step,NASDAQ:SPNS,0.08176977394580305
2024-02-27,17,AR1 alpha + Enhanced + One-Step,NASDAQ:SPNS,0.0872478701816692
2024-02-28,17,AR1 alpha + Enhanced + One-Step,NASDAQ:SPNS,0.08724053099545719
2024-02-29,17,AR1 alpha + Enhanced + One-Step,NASDAQ:SPNS,0.08723583783382186
2024-03-01,17,AR1 alpha + Enhanced + One-Step,NASDAQ:SPNS,0.08723184236503963
2024-03-04,17,AR1 alpha + Enhanced + One-Step,NASDAQ:SPNS,0.0870928912011089
2024-03-05,17,AR1 alpha + Enhanced + One-Step,NASDAQ:SPNS,0.08709238862038308
2024-03-06,17,AR1 alpha + Enhanced + One-Step,NASDAQ:SPNS,0.08007149838631011
2024-03-07,17,AR1 alpha + Enhanced + One-Step,NASDAQ:SPNS,0.08006493240988989
2024-03-08,17,AR1 alpha + Enhanced + One-Step,NASDAQ:SPNS,0.08005865796254744
2024-03-11,17,AR1 alpha + Enhanced + One-Step,NASDAQ:SPNS,0.08005206292366368
2024-03-12,17,AR1 alpha + Enhanced + One-Step,NASDAQ:SPNS,0.08004920411659709
2024-03-13,17,AR1 alpha + Enhanced + One-Step,NASDAQ:SPNS,0.08004132448469967
2024-03-14,17,AR1 alpha + Enhanced + One-Step,NASDAQ:SPNS,0.08004094320112151
2024-03-15,17,AR1 alpha + Enhanced + One-Step,NASDAQ:SPNS,0.08004113880035443
2024-03-18,17,AR1 alpha + Enhanced + One-Step,NASDAQ:SPNS,0.0893157971152468
2024-03-19,17,AR1 alpha + Enhanced + One-Step,NASDAQ:SPNS,0.10000074759703578
2024-03-20,17,AR1 alpha + Enhanced + One-Step,NASDAQ:SPNS,0.10000039801359262
2024-03-21,17,AR1 alpha + Enhanced + One-Step,NASDAQ:SPNS,0.09999678077302233
2024-03-22,17,AR1 alpha + Enhanced + One-Step,NASDAQ:SPNS,0.09999664980623513
2024-03-25,17,AR1 alpha + Enhanced + One-Step,NASDAQ:SPNS,0.09999742223982892
2024-03-26,17,AR1 alpha + Enhanced + One-Step,NASDAQ:SPNS,0.09409232082323359
2024-03-27,17,AR1 alpha + Enhanced + One-Step,NASDAQ:SPNS,0.09409110341789098
2024-03-28,17,AR1 alpha + Enhanced + One-Step,NASDAQ:SPNS,0.10000091923242756
2024-04-01,17,AR1 alpha + Enhanced + One-Step,NASDAQ:SPNS,0.09249158108480202
2024-04-02,17,AR1 alpha + Enhanced + One-Step,NASDAQ:SPNS,0.09679355592990593
2024-04-03,17,AR1 alpha + Enhanced + One-Step,NASDAQ:SPNS,0.09999305145510048
2024-04-04,17,AR1 alpha + Enhanced + One-Step,NASDAQ:SPNS,0.08004743477095276
2024-04-05,17,AR1 alpha + Enhanced + One-Step,NASDAQ:SPNS,0.08862526916796441
2024-04-08,17,AR1 alpha + Enhanced + One-Step,NASDAQ:SPNS,0.0830313298243989
2024-04-09,17,AR1 alpha + Enhanced + One-Step,NASDAQ:SPNS,0.06533925088135517
2024-04-10,17,AR1 alpha + Enhanced + One-Step,NASDAQ:SPNS,0.0653389879130726
2024-04-11,17,AR1 alpha + Enhanced + One-Step,NASDAQ:SPNS,0.0730438583963871
2024-04-12,17,AR1 alpha + Enhanced + One-Step,NASDAQ:SPNS,0.07304379473574962
2024-04-15,17,AR1 alpha + Enhanced + One-Step,NASDAQ:SPNS,0.07304233514354135
2024-04-16,17,AR1 alpha + Enhanced + One-Step,NASDAQ:SPNS,0.07303926356519856
2024-04-17,17,AR1 alpha + Enhanced + One-Step,NASDAQ:SPNS,0.07282796476917026
2024-04-18,17,AR1 alpha + Enhanced + One-Step,NASDAQ:SPNS,0.06799766096369138
2024-04-19,17,AR1 alpha + Enhanced + One-Step,NASDAQ:SPNS,0.0674458015262864
2020-03-25,17,AR1 alpha + Enhanced + One-Step,NASDAQ:LITE,0.020000000000007227
2020-03-26,17,AR1 alpha + Enhanced + One-Step,NASDAQ:LITE,0.02000000000001305
2020-03-27,17,AR1 alpha + Enhanced + One-Step,NASDAQ:LITE,0.02000002821664302
2020-03-30,17,AR1 alpha + Enhanced + One-Step,NASDAQ:LITE,0.04498117906972024
2020-03-31,17,AR1 alpha + Enhanced + One-Step,NASDAQ:LITE,0.06994802573205762
2020-04-01,17,AR1 alpha + Enhanced + One-Step,NASDAQ:LITE,0.0949475261924701
2020-04-02,17,AR1 alpha + Enhanced + One-Step,NASDAQ:LITE,0.10000706564757038
2020-04-03,17,AR1 alpha + Enhanced + One-Step,NASDAQ:LITE,0.10000203865488036
2020-04-06,17,AR1 alpha + Enhanced + One-Step,NASDAQ:LITE,0.10000069852673725
2020-04-07,17,AR1 alpha + Enhanced + One-Step,NASDAQ:LITE,0.10000094837935476
2020-04-08,17,AR1 alpha + Enhanced + One-Step,NASDAQ:LITE,0.10000036193442258
2020-04-09,17,AR1 alpha + Enhanced + One-Step,NASDAQ:LITE,0.10000011538634629
2020-04-13,17,AR1 alpha + Enhanced + One-Step,NASDAQ:LITE,0.10000003965737092
2020-04-14,17,AR1 alpha + Enhanced + One-Step,NASDAQ:LITE,0.10000012861634873
2020-04-15,17,AR1 alpha + Enhanced + One-Step,NASDAQ:LITE,0.10000021835727432
2020-04-16,17,AR1 alpha + Enhanced + One-Step,NASDAQ:LITE,0.10000017353350799
2020-04-17,17,AR1 alpha + Enhanced + One-Step,NASDAQ:LITE,0.10000007672363266
2020-04-20,17,AR1 alpha + Enhanced + One-Step,NASDAQ:LITE,0.09999997734634455
2020-04-21,17,AR1 alpha + Enhanced + One-Step,NASDAQ:LITE,0.10000013608551214
2020-04-22,17,AR1 alpha + Enhanced + One-Step,NASDAQ:LITE,0.1000001579895621
2020-04-23,17,AR1 alpha + Enhanced + One-Step,NASDAQ:LITE,0.10000001106608462
2020-04-24,17,AR1 alpha + Enhanced + One-Step,NASDAQ:LITE,0.10000003691504869
2020-04-27,17,AR1 alpha + Enhanced + One-Step,NASDAQ:LITE,0.10000001525884952
2020-04-28,17,AR1 alpha + Enhanced + One-Step,NASDAQ:LITE,0.10000000429658779
2020-04-29,17,AR1 alpha + Enhanced + One-Step,NASDAQ:LITE,0.09999999973256554
2020-04-30,17,AR1 alpha + Enhanced + One-Step,NASDAQ:LITE,0.10000000900750496
2020-05-01,17,AR1 alpha + Enhanced + One-Step,NASDAQ:LITE,0.09999896526523472
2020-05-04,17,AR1 alpha + Enhanced + One-Step,NASDAQ:LITE,0.09999970563258778
2020-05-05,17,AR1 alpha + Enhanced + One-Step,NASDAQ:LITE,0.09999986722324376
2020-05-06,17,AR1 alpha + Enhanced + One-Step,NASDAQ:LITE,0.09999993847520479
2020-05-07,17,AR1 alpha + Enhanced + One-Step,NASDAQ:LITE,0.09999945340660192
2020-05-08,17,AR1 alpha + Enhanced + One-Step,NASDAQ:LITE,0.09999957312260438
2020-05-11,17,AR1 alpha + Enhanced + One-Step,NASDAQ:LITE,0.09999959300329163
2020-05-12,17,AR1 alpha + Enhanced + One-Step,NASDAQ:LITE,0.09999971698915508
2020-05-13,17,AR1 alpha + Enhanced + One-Step,NASDAQ:LITE,0.09999991154104308
2020-05-14,17,AR1 alpha + Enhanced + One-Step,NASDAQ:LITE,0.0999965373429428
2020-05-15,17,AR1 alpha + Enhanced + One-Step,NASDAQ:LITE,0.0999984308710472
2020-05-18,17,AR1 alpha + Enhanced + One-Step,NASDAQ:LITE,0.09999862957679967
2020-05-19,17,AR1 alpha + Enhanced + One-Step,NASDAQ:LITE,0.07500718045507378
2020-05-20,17,AR1 alpha + Enhanced + One-Step,NASDAQ:LITE,0.05029886272329904
2020-05-21,17,AR1 alpha + Enhanced + One-Step,NASDAQ:LITE,0.035932207861594366
2020-05-22,17,AR1 alpha + Enhanced + One-Step,NASDAQ:LITE,0.010919052945371217
2020-05-26,17,AR1 alpha + Enhanced + One-Step,NASDAQ:LITE,4.956977527654567e-09
2020-05-27,17,AR1 alpha + Enhanced + One-Step,NASDAQ:LITE,5.724890755007277e-08
2020-05-28,17,AR1 alpha + Enhanced + One-Step,NASDAQ:LITE,2.976717828963559e-08
2020-05-29,17,AR1 alpha + Enhanced + One-Step,NASDAQ:LITE,1.2960140768671089e-08
2020-06-01,17,AR1 alpha + Enhanced + One-Step,NASDAQ:LITE,4.7375653773894516e-08
2020-06-02,17,AR1 alpha + Enhanced + One-Step,NASDAQ:LITE,0.0
2020-06-03,17,AR1 alpha + Enhanced + One-Step,NASDAQ:LITE,3.17247557088171e-07
2020-06-04,17,AR1 alpha + Enhanced + One-Step,NASDAQ:LITE,0.0
2020-06-05,17,AR1 alpha + Enhanced + One-Step,NASDAQ:LITE,0.0
2020-06-08,17,AR1 alpha + Enhanced + One-Step,NASDAQ:LITE,0.0
2020-06-09,17,AR1 alpha + Enhanced + One-Step,NASDAQ:LITE,9.02376296725801e-09
2020-06-10,17,AR1 alpha + Enhanced + One-Step,NASDAQ:LITE,2.520213255695591e-09
2020-06-11,17,AR1 alpha + Enhanced + One-Step,NASDAQ:LITE,1.310996665831889e-06
2020-06-12,17,AR1 alpha + Enhanced + One-Step,NASDAQ:LITE,4.4138877309001743e-07
2020-06-15,17,AR1 alpha + Enhanced + One-Step,NASDAQ:LITE,1.6590657605564844e-08
2020-06-16,17,AR1 alpha + Enhanced + One-Step,NASDAQ:LITE,1.648508456993089e-08
2020-06-17,17,AR1 alpha + Enhanced + One-Step,NASDAQ:LITE,1.2114144740632405e-08
2020-06-18,17,AR1 alpha + Enhanced + One-Step,NASDAQ:LITE,0.0
2020-06-19,17,AR1 alpha + Enhanced + One-Step,NASDAQ:LITE,0.0
2020-06-22,17,AR1 alpha + Enhanced + One-Step,NASDAQ:LITE,5.263883244913008e-08
2020-06-23,17,AR1 alpha + Enhanced + One-Step,NASDAQ:LITE,0.0
2020-06-24,17,AR1 alpha + Enhanced + One-Step,NASDAQ:LITE,0.0
2020-06-25,17,AR1 alpha + Enhanced + One-Step,NASDAQ:LITE,1.418734888368324e-08
2020-06-26,17,AR1 alpha + Enhanced + One-Step,NASDAQ:LITE,9.453477060109917e-08
2020-06-29,17,AR1 alpha + Enhanced + One-Step,NASDAQ:LITE,0.0
2020-06-30,17,AR1 alpha + Enhanced + One-Step,NASDAQ:LITE,0.0
2020-07-01,17,AR1 alpha + Enhanced + One-Step,NASDAQ:LITE,0.0
2020-07-02,17,AR1 alpha + Enhanced + One-Step,NASDAQ:LITE,0.0
2020-07-06,17,AR1 alpha + Enhanced + One-Step,NASDAQ:LITE,0.0
2020-07-07,17,AR1 alpha + Enhanced + One-Step,NASDAQ:LITE,0.0
2020-07-08,17,AR1 alpha + Enhanced + One-Step,NASDAQ:LITE,0.0
2020-07-09,17,AR1 alpha + Enhanced + One-Step,NASDAQ:LITE,1.27498185301082e-07
2020-07-10,17,AR1 alpha + Enhanced + One-Step,NASDAQ:LITE,0.0
2020-07-13,17,AR1 alpha + Enhanced + One-Step,NASDAQ:LITE,1.5826921301495258e-08
2020-07-14,17,AR1 alpha + Enhanced + One-Step,NASDAQ:LITE,0.0
2020-07-15,17,AR1 alpha + Enhanced + One-Step,NASDAQ:LITE,1.916500826421203e-07
2020-07-16,17,AR1 alpha + Enhanced + One-Step,NASDAQ:LITE,6.1318847581886e-08
2020-07-17,17,AR1 alpha + Enhanced + One-Step,NASDAQ:LITE,3.0507671912606415e-08
2020-07-20,17,AR1 alpha + Enhanced + One-Step,NASDAQ:LITE,1.2977145582385159e-09
2020-07-21,17,AR1 alpha + Enhanced + One-Step,NASDAQ:LITE,4.418736389492594e-08
2020-07-22,17,AR1 alpha + Enhanced + One-Step,NASDAQ:LITE,2.909992221896833e-08
2020-07-23,17,AR1 alpha + Enhanced + One-Step,NASDAQ:LITE,0.0
2020-07-24,17,AR1 alpha + Enhanced + One-Step,NASDAQ:LITE,1.166475611188355e-07
2020-07-27,17,AR1 alpha + Enhanced + One-Step,NASDAQ:LITE,1.3799834897077653e-07
2020-07-28,17,AR1 alpha + Enhanced + One-Step,NASDAQ:LITE,4.949797771501803e-08
2020-07-29,17,AR1 alpha + Enhanced + One-Step,NASDAQ:LITE,0.0
2020-07-30,17,AR1 alpha + Enhanced + One-Step,NASDAQ:LITE,0.0
2020-07-31,17,AR1 alpha + Enhanced + One-Step,NASDAQ:LITE,0.0
2020-08-03,17,AR1 alpha + Enhanced + One-Step,NASDAQ:LITE,5.24844414099528e-08
2020-08-04,17,AR1 alpha + Enhanced + One-Step,NASDAQ:LITE,0.0
2020-08-05,17,AR1 alpha + Enhanced + One-Step,NASDAQ:LITE,4.557259217577167e-09
2020-08-06,17,AR1 alpha + Enhanced + One-Step,NASDAQ:LITE,0.0
2020-08-07,17,AR1 alpha + Enhanced + One-Step,NASDAQ:LITE,1.875161070014102e-07
2020-08-10,17,AR1 alpha + Enhanced + One-Step,NASDAQ:LITE,3.0869226117679186e-07
2020-08-11,17,AR1 alpha + Enhanced + One-Step,NASDAQ:LITE,6.849331205238364e-09
2020-08-12,17,AR1 alpha + Enhanced + One-Step,NASDAQ:LITE,3.8460145323233874e-11
2020-08-13,17,AR1 alpha + Enhanced + One-Step,NASDAQ:LITE,7.663164425245736e-10
2020-08-14,17,AR1 alpha + Enhanced + One-Step,NASDAQ:LITE,1.7241092616307315e-09
2020-08-17,17,AR1 alpha + Enhanced + One-Step,NASDAQ:LITE,0.0
2020-08-18,17,AR1 alpha + Enhanced + One-Step,NASDAQ:LITE,0.0
2020-08-19,17,AR1 alpha + Enhanced + One-Step,NASDAQ:LITE,0.0
2020-08-20,17,AR1 alpha + Enhanced + One-Step,NASDAQ:LITE,0.0
2020-08-21,17,AR1 alpha + Enhanced + One-Step,NASDAQ:LITE,0.0
2020-08-24,17,AR1 alpha + Enhanced + One-Step,NASDAQ:LITE,0.0
2020-08-25,17,AR1 alpha + Enhanced + One-Step,NASDAQ:LITE,8.937132886363318e-08
2020-08-26,17,AR1 alpha + Enhanced + One-Step,NASDAQ:LITE,0.0
2020-08-27,17,AR1 alpha + Enhanced + One-Step,NASDAQ:LITE,1.6674841396737022e-09
2020-08-28,17,AR1 alpha + Enhanced + One-Step,NASDAQ:LITE,3.73261313922634e-09
2020-08-31,17,AR1 alpha + Enhanced + One-Step,NASDAQ:LITE,0.0
2020-09-01,17,AR1 alpha + Enhanced + One-Step,NASDAQ:LITE,0.0
2020-09-02,17,AR1 alpha + Enhanced + One-Step,NASDAQ:LITE,5.9497163972278146e-08
2020-09-03,17,AR1 alpha + Enhanced + One-Step,NASDAQ:LITE,0.0
2020-09-04,17,AR1 alpha + Enhanced + One-Step,NASDAQ:LITE,2.96709846964816e-08
2020-09-08,17,AR1 alpha + Enhanced + One-Step,NASDAQ:LITE,1.0465689353783877e-07
2020-09-09,17,AR1 alpha + Enhanced + One-Step,NASDAQ:LITE,5.0810216210225e-08
2020-09-10,17,AR1 alpha + Enhanced + One-Step,NASDAQ:LITE,3.349847806916607e-08
2020-09-11,17,AR1 alpha + Enhanced + One-Step,NASDAQ:LITE,4.568374011833517e-08
2020-09-14,17,AR1 alpha + Enhanced + One-Step,NASDAQ:LITE,4.274802164281925e-07
2020-09-15,17,AR1 alpha + Enhanced + One-Step,NASDAQ:LITE,2.1642143169398855e-07
2020-09-16,17,AR1 alpha + Enhanced + One-Step,NASDAQ:LITE,0.0
2020-09-17,17,AR1 alpha + Enhanced + One-Step,NASDAQ:LITE,0.0
2020-09-18,17,AR1 alpha + Enhanced + One-Step,NASDAQ:LITE,0.0
2020-09-21,17,AR1 alpha + Enhanced + One-Step,NASDAQ:LITE,0.0
2020-09-22,17,AR1 alpha + Enhanced + One-Step,NASDAQ:LITE,7.368165543959273e-09
2020-09-23,17,AR1 alpha + Enhanced + One-Step,NASDAQ:LITE,0.0
2020-09-24,17,AR1 alpha + Enhanced + One-Step,NASDAQ:LITE,0.0
2020-09-25,17,AR1 alpha + Enhanced + One-Step,NASDAQ:LITE,0.0
2020-09-28,17,AR1 alpha + Enhanced + One-Step,NASDAQ:LITE,0.0
2020-09-29,17,AR1 alpha + Enhanced + One-Step,NASDAQ:LITE,1.3457708347163865e-07
2020-09-30,17,AR1 alpha + Enhanced + One-Step,NASDAQ:LITE,7.2009399446635e-08
2020-10-01,17,AR1 alpha + Enhanced + One-Step,NASDAQ:LITE,6.146265787366568e-07
2020-10-02,17,AR1 alpha + Enhanced + One-Step,NASDAQ:LITE,4.6961990744064335e-07
2020-10-05,17,AR1 alpha + Enhanced + One-Step,NASDAQ:LITE,8.416960473064046e-07
2020-10-06,17,AR1 alpha + Enhanced + One-Step,NASDAQ:LITE,2.6777137898691064e-07
2020-10-07,17,AR1 alpha + Enhanced + One-Step,NASDAQ:LITE,9.232616218852856e-08
2020-10-08,17,AR1 alpha + Enhanced + One-Step,NASDAQ:LITE,0.0
2020-10-09,17,AR1 alpha + Enhanced + One-Step,NASDAQ:LITE,2.0923397480148438e-07
2020-10-12,17,AR1 alpha + Enhanced + One-Step,NASDAQ:LITE,1.0459456846959418e-07
2020-10-13,17,AR1 alpha + Enhanced + One-Step,NASDAQ:LITE,2.301339642491908e-07
2020-10-14,17,AR1 alpha + Enhanced + One-Step,NASDAQ:LITE,1.3595567867101802e-07
2020-10-15,17,AR1 alpha + Enhanced + One-Step,NASDAQ:LITE,0.0
2020-10-16,17,AR1 alpha + Enhanced + One-Step,NASDAQ:LITE,0.0
2020-10-19,17,AR1 alpha + Enhanced + One-Step,NASDAQ:LITE,0.0
2020-10-20,17,AR1 alpha + Enhanced + One-Step,NASDAQ:LITE,0.0
2020-10-21,17,AR1 alpha + Enhanced + One-Step,NASDAQ:LITE,0.0
2020-10-22,17,AR1 alpha + Enhanced + One-Step,NASDAQ:LITE,0.0
2020-10-23,17,AR1 alpha + Enhanced + One-Step,NASDAQ:LITE,0.0
2020-10-26,17,AR1 alpha + Enhanced + One-Step,NASDAQ:LITE,0.0
2020-10-27,17,AR1 alpha + Enhanced + One-Step,NASDAQ:LITE,3.2529492743671785e-07
2020-10-28,17,AR1 alpha + Enhanced + One-Step,NASDAQ:LITE,4.2280386426312146e-07
2020-10-29,17,AR1 alpha + Enhanced + One-Step,NASDAQ:LITE,7.203984222990398e-07
2020-10-30,17,AR1 alpha + Enhanced + One-Step,NASDAQ:LITE,4.4767429627714447e-07
2020-11-02,17,AR1 alpha + Enhanced + One-Step,NASDAQ:LITE,9.120618055368873e-07
2020-11-03,17,AR1 alpha + Enhanced + One-Step,NASDAQ:LITE,5.488941345362127e-07
2020-11-04,17,AR1 alpha + Enhanced + One-Step,NASDAQ:LITE,1.68443247197394e-06
2020-11-05,17,AR1 alpha + Enhanced + One-Step,NASDAQ:LITE,1.0256677587666134e-06
2020-11-06,17,AR1 alpha + Enhanced + One-Step,NASDAQ:LITE,4.7583457924250255e-07
2020-11-09,17,AR1 alpha + Enhanced + One-Step,NASDAQ:LITE,2.2204185348241236e-07
2020-11-10,17,AR1 alpha + Enhanced + One-Step,NASDAQ:LITE,2.665707362283917e-07
2020-11-11,17,AR1 alpha + Enhanced + One-Step,NASDAQ:LITE,2.963866389420869e-07
2020-11-12,17,AR1 alpha + Enhanced + One-Step,NASDAQ:LITE,1.826779238752807e-07
2020-11-13,17,AR1 alpha + Enhanced + One-Step,NASDAQ:LITE,6.866224859495553e-08
2020-11-16,17,AR1 alpha + Enhanced + One-Step,NASDAQ:LITE,0.0
2020-11-17,17,AR1 alpha + Enhanced + One-Step,NASDAQ:LITE,0.0
2020-11-18,17,AR1 alpha + Enhanced + One-Step,NASDAQ:LITE,0.0
2020-11-19,17,AR1 alpha + Enhanced + One-Step,NASDAQ:LITE,0.0
2020-11-20,17,AR1 alpha + Enhanced + One-Step,NASDAQ:LITE,0.0
2020-11-23,17,AR1 alpha + Enhanced + One-Step,NASDAQ:LITE,3.6318696881189576e-08
2020-11-24,17,AR1 alpha + Enhanced + One-Step,NASDAQ:LITE,0.0
2020-11-25,17,AR1 alpha + Enhanced + One-Step,NASDAQ:LITE,0.0
2020-11-27,17,AR1 alpha + Enhanced + One-Step,NASDAQ:LITE,0.0
2020-11-30,17,AR1 alpha + Enhanced + One-Step,NASDAQ:LITE,0.0
2020-12-01,17,AR1 alpha + Enhanced + One-Step,NASDAQ:LITE,8.030652760022951e-08
2020-12-04,17,AR1 alpha + Enhanced + One-Step,NASDAQ:LITE,4.69787004234928e-08
2020-12-07,17,AR1 alpha + Enhanced + One-Step,NASDAQ:LITE,0.0
2020-12-08,17,AR1 alpha + Enhanced + One-Step,NASDAQ:LITE,5.7324912294414495e-08
2020-12-09,17,AR1 alpha + Enhanced + One-Step,NASDAQ:LITE,0.0
2020-12-10,17,AR1 alpha + Enhanced + One-Step,NASDAQ:LITE,1.1714693467208917e-07
2020-12-11,17,AR1 alpha + Enhanced + One-Step,NASDAQ:LITE,0.0
2020-12-14,17,AR1 alpha + Enhanced + One-Step,NASDAQ:LITE,7.629154795155777e-09
2020-12-15,17,AR1 alpha + Enhanced + One-Step,NASDAQ:LITE,0.0
2020-12-16,17,AR1 alpha + Enhanced + One-Step,NASDAQ:LITE,0.0
2020-12-17,17,AR1 alpha + Enhanced + One-Step,NASDAQ:LITE,0.0
2020-12-18,17,AR1 alpha + Enhanced + One-Step,NASDAQ:LITE,1.4513204873016622e-06
2020-12-21,17,AR1 alpha + Enhanced + One-Step,NASDAQ:LITE,1.299240933722243e-06
2020-12-22,17,AR1 alpha + Enhanced + One-Step,NASDAQ:LITE,6.232954710706434e-07
2020-12-23,17,AR1 alpha + Enhanced + One-Step,NASDAQ:LITE,3.5364583081210857e-07
2020-12-24,17,AR1 alpha + Enhanced + One-Step,NASDAQ:LITE,1.9115278969578158e-07
2020-12-28,17,AR1 alpha + Enhanced + One-Step,NASDAQ:LITE,4.612476595288639e-08
2020-12-29,17,AR1 alpha + Enhanced + One-Step,NASDAQ:LITE,1.1517018311914757e-08
2020-12-30,17,AR1 alpha + Enhanced + One-Step,NASDAQ:LITE,0.0
2020-12-31,17,AR1 alpha + Enhanced + One-Step,NASDAQ:LITE,0.0
2021-01-04,17,AR1 alpha + Enhanced + One-Step,NASDAQ:LITE,2.1014912709580323e-09
2021-01-05,17,AR1 alpha + Enhanced + One-Step,NASDAQ:LITE,4.465268312338336e-09
2021-01-06,17,AR1 alpha + Enhanced + One-Step,NASDAQ:LITE,0.0
2021-01-07,17,AR1 alpha + Enhanced + One-Step,NASDAQ:LITE,0.0
2021-01-08,17,AR1 alpha + Enhanced + One-Step,NASDAQ:LITE,1.4630988803104202e-07
2021-01-11,17,AR1 alpha + Enhanced + One-Step,NASDAQ:LITE,0.0
2021-01-12,17,AR1 alpha + Enhanced + One-Step,NASDAQ:LITE,0.0
2021-01-13,17,AR1 alpha + Enhanced + One-Step,NASDAQ:LITE,2.457830591402065e-08
2021-01-14,17,AR1 alpha + Enhanced + One-Step,NASDAQ:LITE,3.155485971632077e-08
2021-01-15,17,AR1 alpha + Enhanced + One-Step,NASDAQ:LITE,0.0
2021-01-19,17,AR1 alpha + Enhanced + One-Step,NASDAQ:LITE,0.0
2021-01-20,17,AR1 alpha + Enhanced + One-Step,NASDAQ:LITE,0.0
2021-01-21,17,AR1 alpha + Enhanced + One-Step,NASDAQ:LITE,0.0
2021-01-22,17,AR1 alpha + Enhanced + One-Step,NASDAQ:LITE,0.0
2021-01-25,17,AR1 alpha + Enhanced + One-Step,NASDAQ:LITE,0.0
2021-01-26,17,AR1 alpha + Enhanced + One-Step,NASDAQ:LITE,0.0
2021-01-27,17,AR1 alpha + Enhanced + One-Step,NASDAQ:LITE,3.78301704933017e-07
2021-01-28,17,AR1 alpha + Enhanced + One-Step,NASDAQ:LITE,1.2720539014860476e-06
2021-01-29,17,AR1 alpha + Enhanced + One-Step,NASDAQ:LITE,5.341701807588512e-07
2021-02-01,17,AR1 alpha + Enhanced + One-Step,NASDAQ:LITE,2.79559307667067e-07
2021-02-02,17,AR1 alpha + Enhanced + One-Step,NASDAQ:LITE,1.7741994793981728e-07
2021-02-03,17,AR1 alpha + Enhanced + One-Step,NASDAQ:LITE,0.0
2021-02-04,17,AR1 alpha + Enhanced + One-Step,NASDAQ:LITE,0.0
2021-02-05,17,AR1 alpha + Enhanced + One-Step,NASDAQ:LITE,0.0
2021-02-08,17,AR1 alpha + Enhanced + One-Step,NASDAQ:LITE,2.2091754019869833e-07
2021-02-09,17,AR1 alpha + Enhanced + One-Step,NASDAQ:LITE,3.1020097445067064e-09
2021-02-10,17,AR1 alpha + Enhanced + One-Step,NASDAQ:LITE,2.8541713622747944e-07
2021-02-11,17,AR1 alpha + Enhanced + One-Step,NASDAQ:LITE,1.8591020835247486e-07
2021-02-12,17,AR1 alpha + Enhanced + One-Step,NASDAQ:LITE,8.459584349211999e-08
2021-02-16,17,AR1 alpha + Enhanced + One-Step,NASDAQ:LITE,3.7340452698159986e-08
2021-02-17,17,AR1 alpha + Enhanced + One-Step,NASDAQ:LITE,0.0
2021-02-18,17,AR1 alpha + Enhanced + One-Step,NASDAQ:LITE,5.680821540216394e-08
2021-02-19,17,AR1 alpha + Enhanced + One-Step,NASDAQ:LITE,3.822383850537553e-08
2021-02-22,17,AR1 alpha + Enhanced + One-Step,NASDAQ:LITE,6.178228157202556e-07
2021-02-23,17,AR1 alpha + Enhanced + One-Step,NASDAQ:LITE,1.3043965270212173e-06
2021-02-24,17,AR1 alpha + Enhanced + One-Step,NASDAQ:LITE,8.643259436219093e-07
2021-02-25,17,AR1 alpha + Enhanced + One-Step,NASDAQ:LITE,0.0
2021-02-26,17,AR1 alpha + Enhanced + One-Step,NASDAQ:LITE,3.9137009893023676e-07
2021-03-01,17,AR1 alpha + Enhanced + One-Step,NASDAQ:LITE,1.9888362867109173e-07
2021-03-02,17,AR1 alpha + Enhanced + One-Step,NASDAQ:LITE,1.1927097261384156e-07
2021-03-03,17,AR1 alpha + Enhanced + One-Step,NASDAQ:LITE,1.8455717535715552e-08
2021-03-04,17,AR1 alpha + Enhanced + One-Step,NASDAQ:LITE,1.2109484544361372e-08
2021-03-05,17,AR1 alpha + Enhanced + One-Step,NASDAQ:LITE,0.0
2021-03-08,17,AR1 alpha + Enhanced + One-Step,NASDAQ:LITE,3.6003255860577256e-09
2021-03-09,17,AR1 alpha + Enhanced + One-Step,NASDAQ:LITE,0.0
2021-03-10,17,AR1 alpha + Enhanced + One-Step,NASDAQ:LITE,1.3949049695962033e-06
2021-03-11,17,AR1 alpha + Enhanced + One-Step,NASDAQ:LITE,3.9654396862173915e-07
2021-03-12,17,AR1 alpha + Enhanced + One-Step,NASDAQ:LITE,1.9364304517605563e-07
2021-03-15,17,AR1 alpha + Enhanced + One-Step,NASDAQ:LITE,1.8893881236561906e-06
2021-03-16,17,AR1 alpha + Enhanced + One-Step,NASDAQ:LITE,1.208613200676809e-06
2021-03-17,17,AR1 alpha + Enhanced + One-Step,NASDAQ:LITE,6.644691251362988e-07
2021-03-18,17,AR1 alpha + Enhanced + One-Step,NASDAQ:LITE,5.40885829270643e-07
2021-03-19,17,AR1 alpha + Enhanced + One-Step,NASDAQ:LITE,0.0
2021-03-22,17,AR1 alpha + Enhanced + One-Step,NASDAQ:LITE,2.8908121867217995e-07
2021-03-23,17,AR1 alpha + Enhanced + One-Step,NASDAQ:LITE,8.189553387262159e-07
2021-03-24,17,AR1 alpha + Enhanced + One-Step,NASDAQ:LITE,4.5829505007758553e-07
2021-03-25,17,AR1 alpha + Enhanced + One-Step,NASDAQ:LITE,3.6816640258475085e-07
2021-03-26,17,AR1 alpha + Enhanced + One-Step,NASDAQ:LITE,3.7439943698304106e-07
2021-03-29,17,AR1 alpha + Enhanced + One-Step,NASDAQ:LITE,3.4478505718079693e-07
2021-03-30,17,AR1 alpha + Enhanced + One-Step,NASDAQ:LITE,0.0
2021-03-31,17,AR1 alpha + Enhanced + One-Step,NASDAQ:LITE,0.0
2021-04-01,17,AR1 alpha + Enhanced + One-Step,NASDAQ:LITE,1.1515150179596331e-06
2021-04-05,17,AR1 alpha + Enhanced + One-Step,NASDAQ:LITE,5.276794444323085e-07
2021-04-06,17,AR1 alpha + Enhanced + One-Step,NASDAQ:LITE,2.466071548004991e-07
2021-04-07,17,AR1 alpha + Enhanced + One-Step,NASDAQ:LITE,0.0
2021-04-08,17,AR1 alpha + Enhanced + One-Step,NASDAQ:LITE,0.0
2021-04-09,17,AR1 alpha + Enhanced + One-Step,NASDAQ:LITE,0.0
2021-04-12,17,AR1 alpha + Enhanced + One-Step,NASDAQ:LITE,2.0857327352391972e-08
2021-04-13,17,AR1 alpha + Enhanced + One-Step,NASDAQ:LITE,0.0
2021-04-14,17,AR1 alpha + Enhanced + One-Step,NASDAQ:LITE,0.0
2021-04-15,17,AR1 alpha + Enhanced + One-Step,NASDAQ:LITE,4.725872520218719e-07
2021-04-16,17,AR1 alpha + Enhanced + One-Step,NASDAQ:LITE,2.7748565999417925e-07
2021-04-19,17,AR1 alpha + Enhanced + One-Step,NASDAQ:LITE,1.0472129449929824e-07
2021-04-20,17,AR1 alpha + Enhanced + One-Step,NASDAQ:LITE,0.0
2021-04-21,17,AR1 alpha + Enhanced + One-Step,NASDAQ:LITE,0.0
2021-04-22,17,AR1 alpha + Enhanced + One-Step,NASDAQ:LITE,0.0
2021-04-23,17,AR1 alpha + Enhanced + One-Step,NASDAQ:LITE,0.0
2021-04-26,17,AR1 alpha + Enhanced + One-Step,NASDAQ:LITE,0.0
2021-04-27,17,AR1 alpha + Enhanced + One-Step,NASDAQ:LITE,0.0
2021-04-28,17,AR1 alpha + Enhanced + One-Step,NASDAQ:LITE,0.0
2021-04-29,17,AR1 alpha + Enhanced + One-Step,NASDAQ:LITE,0.0
2021-04-30,17,AR1 alpha + Enhanced + One-Step,NASDAQ:LITE,0.0
2021-05-03,17,AR1 alpha + Enhanced + One-Step,NASDAQ:LITE,2.082371011568491e-06
2021-05-04,17,AR1 alpha + Enhanced + One-Step,NASDAQ:LITE,1.0748584976741247e-06
2021-05-05,17,AR1 alpha + Enhanced + One-Step,NASDAQ:LITE,4.867753322158885e-07
2021-05-06,17,AR1 alpha + Enhanced + One-Step,NASDAQ:LITE,5.921289241804171e-07
2021-05-07,17,AR1 alpha + Enhanced + One-Step,NASDAQ:LITE,4.7422622079883707e-07
2021-05-10,17,AR1 alpha + Enhanced + One-Step,NASDAQ:LITE,4.453922703258678e-07
2021-05-11,17,AR1 alpha + Enhanced + One-Step,NASDAQ:LITE,2.9535573246604785e-07
2021-05-12,17,AR1 alpha + Enhanced + One-Step,NASDAQ:LITE,9.638237606618875e-08
2021-05-13,17,AR1 alpha + Enhanced + One-Step,NASDAQ:LITE,0.0
2021-05-14,17,AR1 alpha + Enhanced + One-Step,NASDAQ:LITE,0.0
2021-05-17,17,AR1 alpha + Enhanced + One-Step,NASDAQ:LITE,8.807864928082067e-08
2021-05-18,17,AR1 alpha + Enhanced + One-Step,NASDAQ:LITE,7.348447335615227e-07
2021-05-19,17,AR1 alpha + Enhanced + One-Step,NASDAQ:LITE,1.2688926789723114e-06
2021-05-20,17,AR1 alpha + Enhanced + One-Step,NASDAQ:LITE,8.075657998024383e-07
2021-05-21,17,AR1 alpha + Enhanced + One-Step,NASDAQ:LITE,5.164418854822621e-07
2021-05-24,17,AR1 alpha + Enhanced + One-Step,NASDAQ:LITE,1.622611554819873e-07
2021-05-25,17,AR1 alpha + Enhanced + One-Step,NASDAQ:LITE,0.0
2021-05-26,17,AR1 alpha + Enhanced + One-Step,NASDAQ:LITE,0.0
2021-05-27,17,AR1 alpha + Enhanced + One-Step,NASDAQ:LITE,0.0
2021-05-28,17,AR1 alpha + Enhanced + One-Step,NASDAQ:LITE,0.0
2021-06-01,17,AR1 alpha + Enhanced + One-Step,NASDAQ:LITE,0.0
2021-06-02,17,AR1 alpha + Enhanced + One-Step,NASDAQ:LITE,0.0
2021-06-03,17,AR1 alpha + Enhanced + One-Step,NASDAQ:LITE,0.0
2021-06-04,17,AR1 alpha + Enhanced + One-Step,NASDAQ:LITE,0.0
2021-06-07,17,AR1 alpha + Enhanced + One-Step,NASDAQ:LITE,0.0
2021-06-08,17,AR1 alpha + Enhanced + One-Step,NASDAQ:LITE,6.049242751802552e-08
2021-06-09,17,AR1 alpha + Enhanced + One-Step,NASDAQ:LITE,0.0
2021-06-10,17,AR1 alpha + Enhanced + One-Step,NASDAQ:LITE,0.0
2021-06-11,17,AR1 alpha + Enhanced + One-Step,NASDAQ:LITE,0.0
2021-06-14,17,AR1 alpha + Enhanced + One-Step,NASDAQ:LITE,0.0
2021-06-15,17,AR1 alpha + Enhanced + One-Step,NASDAQ:LITE,0.0
2021-06-16,17,AR1 alpha + Enhanced + One-Step,NASDAQ:LITE,0.0
2021-06-17,17,AR1 alpha + Enhanced + One-Step,NASDAQ:LITE,0.0
2021-06-18,17,AR1 alpha + Enhanced + One-Step,NASDAQ:LITE,9.810086955486226e-08
2021-06-21,17,AR1 alpha + Enhanced + One-Step,NASDAQ:LITE,1.2994843646210374e-06
2021-06-22,17,AR1 alpha + Enhanced + One-Step,NASDAQ:LITE,0.0
2021-06-23,17,AR1 alpha + Enhanced + One-Step,NASDAQ:LITE,0.0
2021-06-24,17,AR1 alpha + Enhanced + One-Step,NASDAQ:LITE,1.2160582106925874e-06
2021-06-25,17,AR1 alpha + Enhanced + One-Step,NASDAQ:LITE,1.212345036509405e-06
2021-06-28,17,AR1 alpha + Enhanced + One-Step,NASDAQ:LITE,5.484097230666282e-07
2021-06-29,17,AR1 alpha + Enhanced + One-Step,NASDAQ:LITE,0.0
2021-06-30,17,AR1 alpha + Enhanced + One-Step,NASDAQ:LITE,2.2776817461830787e-07
2021-07-01,17,AR1 alpha + Enhanced + One-Step,NASDAQ:LITE,7.454432608920483e-08
2021-07-02,17,AR1 alpha + Enhanced + One-Step,NASDAQ:LITE,0.0
2021-07-06,17,AR1 alpha + Enhanced + One-Step,NASDAQ:LITE,0.0
2021-07-07,17,AR1 alpha + Enhanced + One-Step,NASDAQ:LITE,7.098909544991601e-07
2021-07-08,17,AR1 alpha + Enhanced + One-Step,NASDAQ:LITE,2.7102627447528284e-07
2021-07-09,17,AR1 alpha + Enhanced + One-Step,NASDAQ:LITE,0.0
2021-07-12,17,AR1 alpha + Enhanced + One-Step,NASDAQ:LITE,0.0
2021-07-13,17,AR1 alpha + Enhanced + One-Step,NASDAQ:LITE,0.0
2021-07-14,17,AR1 alpha + Enhanced + One-Step,NASDAQ:LITE,0.0
2021-07-15,17,AR1 alpha + Enhanced + One-Step,NASDAQ:LITE,0.0
2021-07-16,17,AR1 alpha + Enhanced + One-Step,NASDAQ:LITE,0.0
2021-07-19,17,AR1 alpha + Enhanced + One-Step,NASDAQ:LITE,0.0
2021-07-20,17,AR1 alpha + Enhanced + One-Step,NASDAQ:LITE,0.0
2021-07-21,17,AR1 alpha + Enhanced + One-Step,NASDAQ:LITE,2.960315201101808e-07
2021-07-22,17,AR1 alpha + Enhanced + One-Step,NASDAQ:LITE,0.0
2021-07-23,17,AR1 alpha + Enhanced + One-Step,NASDAQ:LITE,0.0
2021-07-26,17,AR1 alpha + Enhanced + One-Step,NASDAQ:LITE,0.0
2021-07-27,17,AR1 alpha + Enhanced + One-Step,NASDAQ:LITE,0.0
2021-07-28,17,AR1 alpha + Enhanced + One-Step,NASDAQ:LITE,0.0
2021-07-29,17,AR1 alpha + Enhanced + One-Step,NASDAQ:LITE,0.0
2021-07-30,17,AR1 alpha + Enhanced + One-Step,NASDAQ:LITE,0.0
2021-08-02,17,AR1 alpha + Enhanced + One-Step,NASDAQ:LITE,0.0
2021-08-03,17,AR1 alpha + Enhanced + One-Step,NASDAQ:LITE,0.0
2021-08-04,17,AR1 alpha + Enhanced + One-Step,NASDAQ:LITE,0.0
2021-08-05,17,AR1 alpha + Enhanced + One-Step,NASDAQ:LITE,1.337683322876239e-07
2021-08-06,17,AR1 alpha + Enhanced + One-Step,NASDAQ:LITE,0.0
2021-08-09,17,AR1 alpha + Enhanced + One-Step,NASDAQ:LITE,0.0
2021-08-10,17,AR1 alpha + Enhanced + One-Step,NASDAQ:LITE,0.0
2021-08-11,17,AR1 alpha + Enhanced + One-Step,NASDAQ:LITE,0.0
2021-08-12,17,AR1 alpha + Enhanced + One-Step,NASDAQ:LITE,0.0
2021-08-13,17,AR1 alpha + Enhanced + One-Step,NASDAQ:LITE,5.977371571275227e-08
2021-08-16,17,AR1 alpha + Enhanced + One-Step,NASDAQ:LITE,1.3512872973537522e-06
2021-08-17,17,AR1 alpha + Enhanced + One-Step,NASDAQ:LITE,1.1250474711282107e-06
2021-08-18,17,AR1 alpha + Enhanced + One-Step,NASDAQ:LITE,9.206367589642255e-07
2021-08-19,17,AR1 alpha + Enhanced + One-Step,NASDAQ:LITE,1.933622196571454e-06
2021-08-20,17,AR1 alpha + Enhanced + One-Step,NASDAQ:LITE,0.0
2021-08-23,17,AR1 alpha + Enhanced + One-Step,NASDAQ:LITE,0.0
2021-08-24,17,AR1 alpha + Enhanced + One-Step,NASDAQ:LITE,1.7660454713450342e-07
2021-08-25,17,AR1 alpha + Enhanced + One-Step,NASDAQ:LITE,1.2254056181901514e-07
2021-08-26,17,AR1 alpha + Enhanced + One-Step,NASDAQ:LITE,0.0
2021-08-27,17,AR1 alpha + Enhanced + One-Step,NASDAQ:LITE,0.0
2021-08-30,17,AR1 alpha + Enhanced + One-Step,NASDAQ:LITE,0.0
2021-08-31,17,AR1 alpha + Enhanced + One-Step,NASDAQ:LITE,0.0
2021-09-01,17,AR1 alpha + Enhanced + One-Step,NASDAQ:LITE,0.0
2021-09-02,17,AR1 alpha + Enhanced + One-Step,NASDAQ:LITE,3.686761557746102e-07
2021-09-03,17,AR1 alpha + Enhanced + One-Step,NASDAQ:LITE,0.0
2021-09-07,17,AR1 alpha + Enhanced + One-Step,NASDAQ:LITE,0.0
2021-09-08,17,AR1 alpha + Enhanced + One-Step,NASDAQ:LITE,0.0
2021-09-09,17,AR1 alpha + Enhanced + One-Step,NASDAQ:LITE,0.0
2021-09-10,17,AR1 alpha + Enhanced + One-Step,NASDAQ:LITE,0.0
2021-09-13,17,AR1 alpha + Enhanced + One-Step,NASDAQ:LITE,3.160443543874974e-07
2021-09-14,17,AR1 alpha + Enhanced + One-Step,NASDAQ:LITE,0.0
2021-09-15,17,AR1 alpha + Enhanced + One-Step,NASDAQ:LITE,0.0
2021-09-16,17,AR1 alpha + Enhanced + One-Step,NASDAQ:LITE,0.0
2021-09-17,17,AR1 alpha + Enhanced + One-Step,NASDAQ:LITE,0.0
2021-09-20,17,AR1 alpha + Enhanced + One-Step,NASDAQ:LITE,0.0
2021-09-21,17,AR1 alpha + Enhanced + One-Step,NASDAQ:LITE,0.0
2021-09-22,17,AR1 alpha + Enhanced + One-Step,NASDAQ:LITE,0.0
2021-09-23,17,AR1 alpha + Enhanced + One-Step,NASDAQ:LITE,4.866836510926145e-07
2021-09-24,17,AR1 alpha + Enhanced + One-Step,NASDAQ:LITE,2.0114374185832319e-07
2021-09-27,17,AR1 alpha + Enhanced + One-Step,NASDAQ:LITE,1.7345097934820986e-07
2021-09-28,17,AR1 alpha + Enhanced + One-Step,NASDAQ:LITE,0.0
2021-09-29,17,AR1 alpha + Enhanced + One-Step,NASDAQ:LITE,3.825587644910164e-07
2021-09-30,17,AR1 alpha + Enhanced + One-Step,NASDAQ:LITE,2.1373464139177415e-07
2021-10-01,17,AR1 alpha + Enhanced + One-Step,NASDAQ:LITE,8.820164129278958e-08
2021-10-04,17,AR1 alpha + Enhanced + One-Step,NASDAQ:LITE,7.613541763831146e-08
2021-10-05,17,AR1 alpha + Enhanced + One-Step,NASDAQ:LITE,0.0
2021-10-06,17,AR1 alpha + Enhanced + One-Step,NASDAQ:LITE,0.0
2021-10-07,17,AR1 alpha + Enhanced + One-Step,NASDAQ:LITE,0.0
2021-10-08,17,AR1 alpha + Enhanced + One-Step,NASDAQ:LITE,0.0
2021-10-11,17,AR1 alpha + Enhanced + One-Step,NASDAQ:LITE,0.0
2021-10-12,17,AR1 alpha + Enhanced + One-Step,NASDAQ:LITE,2.1580011709014168e-07
2021-10-13,17,AR1 alpha + Enhanced + One-Step,NASDAQ:LITE,1.632602304771654e-07
2021-10-14,17,AR1 alpha + Enhanced + One-Step,NASDAQ:LITE,0.0
2021-10-15,17,AR1 alpha + Enhanced + One-Step,NASDAQ:LITE,0.0
2021-10-18,17,AR1 alpha + Enhanced + One-Step,NASDAQ:LITE,0.0
2021-10-19,17,AR1 alpha + Enhanced + One-Step,NASDAQ:LITE,0.0
2021-10-20,17,AR1 alpha + Enhanced + One-Step,NASDAQ:LITE,2.1993806128502257e-07
2021-10-21,17,AR1 alpha + Enhanced + One-Step,NASDAQ:LITE,1.8571271892968912e-07
2021-10-22,17,AR1 alpha + Enhanced + One-Step,NASDAQ:LITE,1.5019076931317413e-07
2021-10-25,17,AR1 alpha + Enhanced + One-Step,NASDAQ:LITE,0.0
2021-10-26,17,AR1 alpha + Enhanced + One-Step,NASDAQ:LITE,0.0
2021-10-27,17,AR1 alpha + Enhanced + One-Step,NASDAQ:LITE,0.0
2021-10-28,17,AR1 alpha + Enhanced + One-Step,NASDAQ:LITE,2.8778544492617398e-08
2021-10-29,17,AR1 alpha + Enhanced + One-Step,NASDAQ:LITE,0.0
2021-11-01,17,AR1 alpha + Enhanced + One-Step,NASDAQ:LITE,0.0
2021-11-02,17,AR1 alpha + Enhanced + One-Step,NASDAQ:LITE,0.0
2021-11-03,17,AR1 alpha + Enhanced + One-Step,NASDAQ:LITE,1.6706345458834649e-06
2021-11-04,17,AR1 alpha + Enhanced + One-Step,NASDAQ:LITE,1.4708869085578857e-06
2021-11-05,17,AR1 alpha + Enhanced + One-Step,NASDAQ:LITE,7.82137450816597e-07
2021-11-08,17,AR1 alpha + Enhanced + One-Step,NASDAQ:LITE,8.554787903594926e-07
2021-11-09,17,AR1 alpha + Enhanced + One-Step,NASDAQ:LITE,5.882283146993471e-07
2021-11-10,17,AR1 alpha + Enhanced + One-Step,NASDAQ:LITE,1.0842924862234725e-06
2021-11-11,17,AR1 alpha + Enhanced + One-Step,NASDAQ:LITE,6.786546409884346e-07
2021-11-12,17,AR1 alpha + Enhanced + One-Step,NASDAQ:LITE,5.434678070566095e-07
2021-11-15,17,AR1 alpha + Enhanced + One-Step,NASDAQ:LITE,7.485682515079119e-07
2021-11-16,17,AR1 alpha + Enhanced + One-Step,NASDAQ:LITE,0.0
2021-11-17,17,AR1 alpha + Enhanced + One-Step,NASDAQ:LITE,0.0
2021-11-18,17,AR1 alpha + Enhanced + One-Step,NASDAQ:LITE,0.0
2021-11-19,17,AR1 alpha + Enhanced + One-Step,NASDAQ:LITE,1.9178218777336478e-07
2021-11-22,17,AR1 alpha + Enhanced + One-Step,NASDAQ:LITE,2.919493889297121e-07
2021-11-23,17,AR1 alpha + Enhanced + One-Step,NASDAQ:LITE,0.0
2021-11-24,17,AR1 alpha + Enhanced + One-Step,NASDAQ:LITE,0.0
2021-11-26,17,AR1 alpha + Enhanced + One-Step,NASDAQ:LITE,0.0
2021-11-29,17,AR1 alpha + Enhanced + One-Step,NASDAQ:LITE,0.0
2021-11-30,17,AR1 alpha + Enhanced + One-Step,NASDAQ:LITE,0.0
2021-12-01,17,AR1 alpha + Enhanced + One-Step,NASDAQ:LITE,0.0
2021-12-02,17,AR1 alpha + Enhanced + One-Step,NASDAQ:LITE,0.0
2021-12-03,17,AR1 alpha + Enhanced + One-Step,NASDAQ:LITE,0.0
2021-12-06,17,AR1 alpha + Enhanced + One-Step,NASDAQ:LITE,1.988010191652787e-07
2021-12-07,17,AR1 alpha + Enhanced + One-Step,NASDAQ:LITE,1.0406071160267033e-07
2021-12-08,17,AR1 alpha + Enhanced + One-Step,NASDAQ:LITE,0.0
2021-12-09,17,AR1 alpha + Enhanced + One-Step,NASDAQ:LITE,0.0
2021-12-10,17,AR1 alpha + Enhanced + One-Step,NASDAQ:LITE,0.0
2021-12-13,17,AR1 alpha + Enhanced + One-Step,NASDAQ:LITE,0.0
2021-12-14,17,AR1 alpha + Enhanced + One-Step,NASDAQ:LITE,0.0
2021-12-15,17,AR1 alpha + Enhanced + One-Step,NASDAQ:LITE,1.5019457782002583e-07
2021-12-16,17,AR1 alpha + Enhanced + One-Step,NASDAQ:LITE,1.447540737500953e-07
2021-12-17,17,AR1 alpha + Enhanced + One-Step,NASDAQ:LITE,1.8405370716351408e-08
2021-12-20,17,AR1 alpha + Enhanced + One-Step,NASDAQ:LITE,0.0
2021-12-21,17,AR1 alpha + Enhanced + One-Step,NASDAQ:LITE,0.0
2021-12-22,17,AR1 alpha + Enhanced + One-Step,NASDAQ:LITE,4.18045988511335e-09
2021-12-23,17,AR1 alpha + Enhanced + One-Step,NASDAQ:LITE,2.1954554018402624e-07
2021-12-27,17,AR1 alpha + Enhanced + One-Step,NASDAQ:LITE,2.327154162801981e-07
2021-12-28,17,AR1 alpha + Enhanced + One-Step,NASDAQ:LITE,2.3682333592277122e-07
2021-12-29,17,AR1 alpha + Enhanced + One-Step,NASDAQ:LITE,3.5420754545051595e-07
2021-12-30,17,AR1 alpha + Enhanced + One-Step,NASDAQ:LITE,3.208293715856333e-07
2021-12-31,17,AR1 alpha + Enhanced + One-Step,NASDAQ:LITE,1.792026285536234e-07
2022-01-03,17,AR1 alpha + Enhanced + One-Step,NASDAQ:LITE,7.354557193729166e-08
2022-01-04,17,AR1 alpha + Enhanced + One-Step,NASDAQ:LITE,1.2210387343557442e-07
2022-01-05,17,AR1 alpha + Enhanced + One-Step,NASDAQ:LITE,7.477754311696808e-08
2022-01-06,17,AR1 alpha + Enhanced + One-Step,NASDAQ:LITE,8.416417868142616e-08
2022-01-07,17,AR1 alpha + Enhanced + One-Step,NASDAQ:LITE,4.107838425620681e-08
2022-01-10,17,AR1 alpha + Enhanced + One-Step,NASDAQ:LITE,0.0
2022-01-11,17,AR1 alpha + Enhanced + One-Step,NASDAQ:LITE,0.0
2022-01-12,17,AR1 alpha + Enhanced + One-Step,NASDAQ:LITE,0.0
2022-01-13,17,AR1 alpha + Enhanced + One-Step,NASDAQ:LITE,0.0
2022-01-14,17,AR1 alpha + Enhanced + One-Step,NASDAQ:LITE,0.0
2022-01-18,17,AR1 alpha + Enhanced + One-Step,NASDAQ:LITE,1.5268741001240371e-07
2022-01-19,17,AR1 alpha + Enhanced + One-Step,NASDAQ:LITE,0.0
2022-01-20,17,AR1 alpha + Enhanced + One-Step,NASDAQ:LITE,4.544459107904444e-08
2022-01-21,17,AR1 alpha + Enhanced + One-Step,NASDAQ:LITE,0.0
2022-01-24,17,AR1 alpha + Enhanced + One-Step,NASDAQ:LITE,0.0
2022-01-25,17,AR1 alpha + Enhanced + One-Step,NASDAQ:LITE,9.812627671959488e-08
2022-01-26,17,AR1 alpha + Enhanced + One-Step,NASDAQ:LITE,2.1691794438806954e-07
2022-01-27,17,AR1 alpha + Enhanced + One-Step,NASDAQ:LITE,1.960559907967919e-07
2022-01-28,17,AR1 alpha + Enhanced + One-Step,NASDAQ:LITE,1.277227343312709e-07
2022-01-31,17,AR1 alpha + Enhanced + One-Step,NASDAQ:LITE,3.6197049243362596e-07
2022-02-01,17,AR1 alpha + Enhanced + One-Step,NASDAQ:LITE,2.8429041287077033e-07
2022-02-02,17,AR1 alpha + Enhanced + One-Step,NASDAQ:LITE,1.2185016431606577e-07
2022-02-03,17,AR1 alpha + Enhanced + One-Step,NASDAQ:LITE,6.517730296080669e-08
2022-02-04,17,AR1 alpha + Enhanced + One-Step,NASDAQ:LITE,0.0
2022-02-07,17,AR1 alpha + Enhanced + One-Step,NASDAQ:LITE,0.0
2022-02-08,17,AR1 alpha + Enhanced + One-Step,NASDAQ:LITE,3.128191266408916e-08
2022-02-09,17,AR1 alpha + Enhanced + One-Step,NASDAQ:LITE,4.8386912413318495e-08
2022-02-10,17,AR1 alpha + Enhanced + One-Step,NASDAQ:LITE,3.1649748330658946e-08
2022-02-11,17,AR1 alpha + Enhanced + One-Step,NASDAQ:LITE,3.80581381597038e-07
2022-02-14,17,AR1 alpha + Enhanced + One-Step,NASDAQ:LITE,1.6056468834169655e-07
2022-02-15,17,AR1 alpha + Enhanced + One-Step,NASDAQ:LITE,1.0478243668521713e-07
2022-02-16,17,AR1 alpha + Enhanced + One-Step,NASDAQ:LITE,2.232085184986612e-07
2022-02-17,17,AR1 alpha + Enhanced + One-Step,NASDAQ:LITE,2.570712393138696e-07
2022-02-18,17,AR1 alpha + Enhanced + One-Step,NASDAQ:LITE,2.2674380359502702e-07
2022-02-22,17,AR1 alpha + Enhanced + One-Step,NASDAQ:LITE,1.1901410361120672e-07
2022-02-23,17,AR1 alpha + Enhanced + One-Step,NASDAQ:LITE,7.869420183380938e-08
2022-02-24,17,AR1 alpha + Enhanced + One-Step,NASDAQ:LITE,5.935447351803976e-08
2022-02-25,17,AR1 alpha + Enhanced + One-Step,NASDAQ:LITE,9.418501499592611e-08
2022-02-28,17,AR1 alpha + Enhanced + One-Step,NASDAQ:LITE,1.2479689412518836e-07
2022-03-01,17,AR1 alpha + Enhanced + One-Step,NASDAQ:LITE,1.4357400883317852e-07
2022-03-02,17,AR1 alpha + Enhanced + One-Step,NASDAQ:LITE,1.6682441919676857e-08
2022-03-03,17,AR1 alpha + Enhanced + One-Step,NASDAQ:LITE,7.065079763035058e-10
2022-03-04,17,AR1 alpha + Enhanced + One-Step,NASDAQ:LITE,0.0
2022-03-07,17,AR1 alpha + Enhanced + One-Step,NASDAQ:LITE,7.946024619936429e-07
2022-03-08,17,AR1 alpha + Enhanced + One-Step,NASDAQ:LITE,4.250265414307321e-07
2022-03-09,17,AR1 alpha + Enhanced + One-Step,NASDAQ:LITE,2.0751651434873689e-07
2022-03-10,17,AR1 alpha + Enhanced + One-Step,NASDAQ:LITE,2.187986993918182e-07
2022-03-11,17,AR1 alpha + Enhanced + One-Step,NASDAQ:LITE,0.0
2022-03-14,17,AR1 alpha + Enhanced + One-Step,NASDAQ:LITE,0.0
2022-03-15,17,AR1 alpha + Enhanced + One-Step,NASDAQ:LITE,0.0
2022-03-16,17,AR1 alpha + Enhanced + One-Step,NASDAQ:LITE,4.96448444161439e-09
2022-03-17,17,AR1 alpha + Enhanced + One-Step,NASDAQ:LITE,5.1010380647636415e-08
2022-03-18,17,AR1 alpha + Enhanced + One-Step,NASDAQ:LITE,8.194270576960655e-09
2022-03-21,17,AR1 alpha + Enhanced + One-Step,NASDAQ:LITE,1.5446892446220404e-07
2022-03-22,17,AR1 alpha + Enhanced + One-Step,NASDAQ:LITE,9.786554829676273e-08
2022-03-23,17,AR1 alpha + Enhanced + One-Step,NASDAQ:LITE,5.499081057540329e-08
2022-03-24,17,AR1 alpha + Enhanced + One-Step,NASDAQ:LITE,1.302949488137615e-07
2022-03-25,17,AR1 alpha + Enhanced + One-Step,NASDAQ:LITE,0.0
2022-03-28,17,AR1 alpha + Enhanced + One-Step,NASDAQ:LITE,1.6300798014639986e-07
2022-03-29,17,AR1 alpha + Enhanced + One-Step,NASDAQ:LITE,0.0
2022-03-30,17,AR1 alpha + Enhanced + One-Step,NASDAQ:LITE,1.763905445106209e-08
2022-03-31,17,AR1 alpha + Enhanced + One-Step,NASDAQ:LITE,8.239362232898518e-09
2022-04-01,17,AR1 alpha + Enhanced + One-Step,NASDAQ:LITE,0.0
2022-04-04,17,AR1 alpha + Enhanced + One-Step,NASDAQ:LITE,0.0
2022-04-05,17,AR1 alpha + Enhanced + One-Step,NASDAQ:LITE,1.891614349265278e-08
2022-04-06,17,AR1 alpha + Enhanced + One-Step,NASDAQ:LITE,0.0
2022-04-07,17,AR1 alpha + Enhanced + One-Step,NASDAQ:LITE,3.6212311895672464e-09
2022-04-08,17,AR1 alpha + Enhanced + One-Step,NASDAQ:LITE,1.5523153093781668e-07
2022-04-11,17,AR1 alpha + Enhanced + One-Step,NASDAQ:LITE,0.0
2022-04-12,17,AR1 alpha + Enhanced + One-Step,NASDAQ:LITE,0.0
2022-04-13,17,AR1 alpha + Enhanced + One-Step,NASDAQ:LITE,4.322103520747798e-08
2022-04-14,17,AR1 alpha + Enhanced + One-Step,NASDAQ:LITE,0.0
2022-04-18,17,AR1 alpha + Enhanced + One-Step,NASDAQ:LITE,0.0
2022-04-19,17,AR1 alpha + Enhanced + One-Step,NASDAQ:LITE,0.0
2022-04-20,17,AR1 alpha + Enhanced + One-Step,NASDAQ:LITE,0.0
2022-04-21,17,AR1 alpha + Enhanced + One-Step,NASDAQ:LITE,9.42125058748067e-08
2022-04-22,17,AR1 alpha + Enhanced + One-Step,NASDAQ:LITE,0.0
2022-04-25,17,AR1 alpha + Enhanced + One-Step,NASDAQ:LITE,0.0
2022-04-26,17,AR1 alpha + Enhanced + One-Step,NASDAQ:LITE,8.764622877801744e-08
2022-04-27,17,AR1 alpha + Enhanced + One-Step,NASDAQ:LITE,7.878749461638392e-08
2022-04-28,17,AR1 alpha + Enhanced + One-Step,NASDAQ:LITE,0.0
2022-04-29,17,AR1 alpha + Enhanced + One-Step,NASDAQ:LITE,1.4253831206279365e-08
2022-05-02,17,AR1 alpha + Enhanced + One-Step,NASDAQ:LITE,0.0
2022-05-03,17,AR1 alpha + Enhanced + One-Step,NASDAQ:LITE,0.0
2022-05-04,17,AR1 alpha + Enhanced + One-Step,NASDAQ:LITE,0.0
2022-05-05,17,AR1 alpha + Enhanced + One-Step,NASDAQ:LITE,0.0
2022-05-06,17,AR1 alpha + Enhanced + One-Step,NASDAQ:LITE,0.0
2022-05-09,17,AR1 alpha + Enhanced + One-Step,NASDAQ:LITE,6.214411549410595e-08
2022-05-10,17,AR1 alpha + Enhanced + One-Step,NASDAQ:LITE,0.0
2022-05-11,17,AR1 alpha + Enhanced + One-Step,NASDAQ:LITE,2.3379129586186934e-09
2022-05-12,17,AR1 alpha + Enhanced + One-Step,NASDAQ:LITE,0.01361561651375316
2022-05-13,17,AR1 alpha + Enhanced + One-Step,NASDAQ:LITE,0.01361361863050909
2022-05-16,17,AR1 alpha + Enhanced + One-Step,NASDAQ:LITE,0.038556290737668
2022-05-17,17,AR1 alpha + Enhanced + One-Step,NASDAQ:LITE,0.038554504243562784
2022-05-18,17,AR1 alpha + Enhanced + One-Step,NASDAQ:LITE,0.062387090569173215
2022-05-19,17,AR1 alpha + Enhanced + One-Step,NASDAQ:LITE,0.0873934351575524
2022-05-20,17,AR1 alpha + Enhanced + One-Step,NASDAQ:LITE,0.09989897998576615
2022-05-23,17,AR1 alpha + Enhanced + One-Step,NASDAQ:LITE,0.09999950325326026
2022-05-24,17,AR1 alpha + Enhanced + One-Step,NASDAQ:LITE,0.0999967800350555
2022-05-25,17,AR1 alpha + Enhanced + One-Step,NASDAQ:LITE,0.09999485978758992
2022-05-26,17,AR1 alpha + Enhanced + One-Step,NASDAQ:LITE,0.09999629153924655
2022-05-27,17,AR1 alpha + Enhanced + One-Step,NASDAQ:LITE,0.09999540511607385
2022-05-31,17,AR1 alpha + Enhanced + One-Step,NASDAQ:LITE,0.09999589481999481
2022-06-01,17,AR1 alpha + Enhanced + One-Step,NASDAQ:LITE,0.09999799203495682
2022-06-02,17,AR1 alpha + Enhanced + One-Step,NASDAQ:LITE,0.09999880562421562
2022-06-03,17,AR1 alpha + Enhanced + One-Step,NASDAQ:LITE,0.09999820818769067
2022-06-06,17,AR1 alpha + Enhanced + One-Step,NASDAQ:LITE,0.09999702386717597
2022-06-07,17,AR1 alpha + Enhanced + One-Step,NASDAQ:LITE,0.08052965705287203
2022-06-08,17,AR1 alpha + Enhanced + One-Step,NASDAQ:LITE,0.057464066657773955
2022-06-09,17,AR1 alpha + Enhanced + One-Step,NASDAQ:LITE,0.05746297326005535
2022-06-10,17,AR1 alpha + Enhanced + One-Step,NASDAQ:LITE,0.057461245228735094
2022-06-13,17,AR1 alpha + Enhanced + One-Step,NASDAQ:LITE,0.05746083239537447
2022-06-14,17,AR1 alpha + Enhanced + One-Step,NASDAQ:LITE,0.057462428064526776
2022-06-15,17,AR1 alpha + Enhanced + One-Step,NASDAQ:LITE,0.07447368155224254
2022-06-16,17,AR1 alpha + Enhanced + One-Step,NASDAQ:LITE,0.09942757111203426
2022-06-17,17,AR1 alpha + Enhanced + One-Step,NASDAQ:LITE,0.09999751338656815
2022-06-21,17,AR1 alpha + Enhanced + One-Step,NASDAQ:LITE,0.09999796193541448
2022-06-22,17,AR1 alpha + Enhanced + One-Step,NASDAQ:LITE,0.09999891827374621
2022-06-23,17,AR1 alpha + Enhanced + One-Step,NASDAQ:LITE,0.09999918238620344
2022-06-24,17,AR1 alpha + Enhanced + One-Step,NASDAQ:LITE,0.08750780801945762
2022-06-27,17,AR1 alpha + Enhanced + One-Step,NASDAQ:LITE,0.08750799604424357
2022-06-28,17,AR1 alpha + Enhanced + One-Step,NASDAQ:LITE,0.08750796584279336
2022-06-29,17,AR1 alpha + Enhanced + One-Step,NASDAQ:LITE,0.08750751701125312
2022-06-30,17,AR1 alpha + Enhanced + One-Step,NASDAQ:LITE,0.08750765148134668
2022-07-01,17,AR1 alpha + Enhanced + One-Step,NASDAQ:LITE,0.08750745798920545
2022-07-05,17,AR1 alpha + Enhanced + One-Step,NASDAQ:LITE,0.08914364935780301
2022-07-06,17,AR1 alpha + Enhanced + One-Step,NASDAQ:LITE,0.08914291032117826
2022-07-07,17,AR1 alpha + Enhanced + One-Step,NASDAQ:LITE,0.08914189340285358
2022-07-08,17,AR1 alpha + Enhanced + One-Step,NASDAQ:LITE,0.0891418057287674
2022-07-11,17,AR1 alpha + Enhanced + One-Step,NASDAQ:LITE,0.08913693225214214
2022-07-12,17,AR1 alpha + Enhanced + One-Step,NASDAQ:LITE,0.08913612608633763
2022-07-13,17,AR1 alpha + Enhanced + One-Step,NASDAQ:LITE,0.08785473761846783
2022-07-14,17,AR1 alpha + Enhanced + One-Step,NASDAQ:LITE,0.07963040547461774
2022-07-15,17,AR1 alpha + Enhanced + One-Step,NASDAQ:LITE,0.0546222252724254
2022-07-18,17,AR1 alpha + Enhanced + One-Step,NASDAQ:LITE,0.04485793781842683
2022-07-19,17,AR1 alpha + Enhanced + One-Step,NASDAQ:LITE,0.04057611294005399
2022-07-20,17,AR1 alpha + Enhanced + One-Step,NASDAQ:LITE,0.01557898678238895
2022-07-21,17,AR1 alpha + Enhanced + One-Step,NASDAQ:LITE,0.0
2022-07-22,17,AR1 alpha + Enhanced + One-Step,NASDAQ:LITE,0.0
2022-07-25,17,AR1 alpha + Enhanced + One-Step,NASDAQ:LITE,3.431730197371527e-07
2022-07-26,17,AR1 alpha + Enhanced + One-Step,NASDAQ:LITE,2.310706486656313e-07
2022-07-27,17,AR1 alpha + Enhanced + One-Step,NASDAQ:LITE,1.1652483332684852e-07
2022-07-28,17,AR1 alpha + Enhanced + One-Step,NASDAQ:LITE,8.46535822917965e-08
2022-07-29,17,AR1 alpha + Enhanced + One-Step,NASDAQ:LITE,0.0
2022-08-01,17,AR1 alpha + Enhanced + One-Step,NASDAQ:LITE,7.3111244656935e-09
2022-08-02,17,AR1 alpha + Enhanced + One-Step,NASDAQ:LITE,1.2340872966110767e-07
2022-08-03,17,AR1 alpha + Enhanced + One-Step,NASDAQ:LITE,7.820914186838665e-08
2022-08-04,17,AR1 alpha + Enhanced + One-Step,NASDAQ:LITE,9.496197293924002e-08
2022-08-05,17,AR1 alpha + Enhanced + One-Step,NASDAQ:LITE,0.0
2022-08-08,17,AR1 alpha + Enhanced + One-Step,NASDAQ:LITE,0.0
2022-08-09,17,AR1 alpha + Enhanced + One-Step,NASDAQ:LITE,0.00640418659475078
2022-08-10,17,AR1 alpha + Enhanced + One-Step,NASDAQ:LITE,0.006402575862152699
2022-08-11,17,AR1 alpha + Enhanced + One-Step,NASDAQ:LITE,0.006402068367648882
2022-08-12,17,AR1 alpha + Enhanced + One-Step,NASDAQ:LITE,0.006402090800648698
2022-08-15,17,AR1 alpha + Enhanced + One-Step,NASDAQ:LITE,0.006402078861544696
2022-08-16,17,AR1 alpha + Enhanced + One-Step,NASDAQ:LITE,0.03139617019900788
2022-08-17,17,AR1 alpha + Enhanced + One-Step,NASDAQ:LITE,0.05555114312984044
2022-08-18,17,AR1 alpha + Enhanced + One-Step,NASDAQ:LITE,0.055548257156289256
2022-08-19,17,AR1 alpha + Enhanced + One-Step,NASDAQ:LITE,0.055546191691990404
2022-08-22,17,AR1 alpha + Enhanced + One-Step,NASDAQ:LITE,0.05513501396865811
2022-08-23,17,AR1 alpha + Enhanced + One-Step,NASDAQ:LITE,0.0551344132497489
2022-08-24,17,AR1 alpha + Enhanced + One-Step,NASDAQ:LITE,0.05513431555795712
2022-08-25,17,AR1 alpha + Enhanced + One-Step,NASDAQ:LITE,0.0732968143570975
2022-08-26,17,AR1 alpha + Enhanced + One-Step,NASDAQ:LITE,0.09438085785268363
2022-08-29,17,AR1 alpha + Enhanced + One-Step,NASDAQ:LITE,0.10000089301418306
2022-08-30,17,AR1 alpha + Enhanced + One-Step,NASDAQ:LITE,0.10000027534348327
2022-08-31,17,AR1 alpha + Enhanced + One-Step,NASDAQ:LITE,0.09999966309343318
2022-09-01,17,AR1 alpha + Enhanced + One-Step,NASDAQ:LITE,0.09999989621345502
2022-09-02,17,AR1 alpha + Enhanced + One-Step,NASDAQ:LITE,0.09999991391880793
2022-09-06,17,AR1 alpha + Enhanced + One-Step,NASDAQ:LITE,0.09999987442753047
2022-09-07,17,AR1 alpha + Enhanced + One-Step,NASDAQ:LITE,0.09999991919330486
2022-09-08,17,AR1 alpha + Enhanced + One-Step,NASDAQ:LITE,0.09207830852599062
2022-09-09,17,AR1 alpha + Enhanced + One-Step,NASDAQ:LITE,0.08721808734379413
2022-09-12,17,AR1 alpha + Enhanced + One-Step,NASDAQ:LITE,0.07138499545683147
2022-09-13,17,AR1 alpha + Enhanced + One-Step,NASDAQ:LITE,0.056819680471940234
2022-09-14,17,AR1 alpha + Enhanced + One-Step,NASDAQ:LITE,0.04688567121017267
2022-09-15,17,AR1 alpha + Enhanced + One-Step,NASDAQ:LITE,0.062242471478310336
2022-09-16,17,AR1 alpha + Enhanced + One-Step,NASDAQ:LITE,0.06575997238966816
2022-09-19,17,AR1 alpha + Enhanced + One-Step,NASDAQ:LITE,0.06575936582381613
2022-09-20,17,AR1 alpha + Enhanced + One-Step,NASDAQ:LITE,0.06359977647877274
2022-09-21,17,AR1 alpha + Enhanced + One-Step,NASDAQ:LITE,0.05142800013865905
2022-09-22,17,AR1 alpha + Enhanced + One-Step,NASDAQ:LITE,0.04081900032928691
2022-09-23,17,AR1 alpha + Enhanced + One-Step,NASDAQ:LITE,0.027479314080620404
2022-09-26,17,AR1 alpha + Enhanced + One-Step,NASDAQ:LITE,0.027479279695954116
2022-09-27,17,AR1 alpha + Enhanced + One-Step,NASDAQ:LITE,0.008801071025462147
2022-09-28,17,AR1 alpha + Enhanced + One-Step,NASDAQ:LITE,0.0025451836350980435
2022-09-29,17,AR1 alpha + Enhanced + One-Step,NASDAQ:LITE,2.389575214706172e-06
2022-09-30,17,AR1 alpha + Enhanced + One-Step,NASDAQ:LITE,1.5144842977374044e-06
2022-10-03,17,AR1 alpha + Enhanced + One-Step,NASDAQ:LITE,7.545562599801189e-07
2022-10-04,17,AR1 alpha + Enhanced + One-Step,NASDAQ:LITE,3.6416587681715183e-07
2022-10-05,17,AR1 alpha + Enhanced + One-Step,NASDAQ:LITE,0.0
2022-10-06,17,AR1 alpha + Enhanced + One-Step,NASDAQ:LITE,0.0
2022-10-07,17,AR1 alpha + Enhanced + One-Step,NASDAQ:LITE,5.909998460138517e-08
2022-10-10,17,AR1 alpha + Enhanced + One-Step,NASDAQ:LITE,0.0
2022-10-11,17,AR1 alpha + Enhanced + One-Step,NASDAQ:LITE,0.0
2022-10-12,17,AR1 alpha + Enhanced + One-Step,NASDAQ:LITE,0.0
2022-10-13,17,AR1 alpha + Enhanced + One-Step,NASDAQ:LITE,5.889655333387014e-07
2022-10-14,17,AR1 alpha + Enhanced + One-Step,NASDAQ:LITE,4.278652768059961e-07
2022-10-17,17,AR1 alpha + Enhanced + One-Step,NASDAQ:LITE,1.8198271874624164e-07
2022-10-18,17,AR1 alpha + Enhanced + One-Step,NASDAQ:LITE,1.0730087825697513e-07
2022-10-19,17,AR1 alpha + Enhanced + One-Step,NASDAQ:LITE,6.700565150456283e-08
2022-10-20,17,AR1 alpha + Enhanced + One-Step,NASDAQ:LITE,0.0
2022-10-21,17,AR1 alpha + Enhanced + One-Step,NASDAQ:LITE,3.207503531095556e-08
2022-10-24,17,AR1 alpha + Enhanced + One-Step,NASDAQ:LITE,0.0
2022-10-25,17,AR1 alpha + Enhanced + One-Step,NASDAQ:LITE,1.3017489889013027e-08
2022-10-26,17,AR1 alpha + Enhanced + One-Step,NASDAQ:LITE,2.8492839331540002e-08
2022-10-27,17,AR1 alpha + Enhanced + One-Step,NASDAQ:LITE,0.0
2022-10-28,17,AR1 alpha + Enhanced + One-Step,NASDAQ:LITE,0.0
2022-10-31,17,AR1 alpha + Enhanced + One-Step,NASDAQ:LITE,0.0
2022-11-01,17,AR1 alpha + Enhanced + One-Step,NASDAQ:LITE,0.0
2022-11-02,17,AR1 alpha + Enhanced + One-Step,NASDAQ:LITE,4.65506061417971e-08
2022-11-03,17,AR1 alpha + Enhanced + One-Step,NASDAQ:LITE,1.420312094559349e-06
2022-11-04,17,AR1 alpha + Enhanced + One-Step,NASDAQ:LITE,5.328632894797891e-07
2022-11-07,17,AR1 alpha + Enhanced + One-Step,NASDAQ:LITE,0.0
2022-11-08,17,AR1 alpha + Enhanced + One-Step,NASDAQ:LITE,0.02499754507664929
2022-11-09,17,AR1 alpha + Enhanced + One-Step,NASDAQ:LITE,0.024997176643602792
2022-11-10,17,AR1 alpha + Enhanced + One-Step,NASDAQ:LITE,0.024997189255097595
2022-11-11,17,AR1 alpha + Enhanced + One-Step,NASDAQ:LITE,0.016780214483678727
2022-11-14,17,AR1 alpha + Enhanced + One-Step,NASDAQ:LITE,0.0027432579686921896
2022-11-15,17,AR1 alpha + Enhanced + One-Step,NASDAQ:LITE,0.0
2022-11-16,17,AR1 alpha + Enhanced + One-Step,NASDAQ:LITE,9.892985876411962e-09
2022-11-17,17,AR1 alpha + Enhanced + One-Step,NASDAQ:LITE,0.0
2022-11-18,17,AR1 alpha + Enhanced + One-Step,NASDAQ:LITE,2.5984233680728395e-08
2022-11-21,17,AR1 alpha + Enhanced + One-Step,NASDAQ:LITE,0.0
2022-11-22,17,AR1 alpha + Enhanced + One-Step,NASDAQ:LITE,0.0
2022-11-23,17,AR1 alpha + Enhanced + One-Step,NASDAQ:LITE,2.928580629968038e-07
2022-11-25,17,AR1 alpha + Enhanced + One-Step,NASDAQ:LITE,2.955832729321021e-07
2022-11-28,17,AR1 alpha + Enhanced + One-Step,NASDAQ:LITE,1.9938364516600275e-07
2022-11-29,17,AR1 alpha + Enhanced + One-Step,NASDAQ:LITE,1.2546150989925447e-07
2022-11-30,17,AR1 alpha + Enhanced + One-Step,NASDAQ:LITE,7.583425046035077e-08
2022-12-01,17,AR1 alpha + Enhanced + One-Step,NASDAQ:LITE,0.0
2022-12-02,17,AR1 alpha + Enhanced + One-Step,NASDAQ:LITE,3.31140120189132e-08
2022-12-05,17,AR1 alpha + Enhanced + One-Step,NASDAQ:LITE,0.0
2022-12-06,17,AR1 alpha + Enhanced + One-Step,NASDAQ:LITE,0.0
2022-12-07,17,AR1 alpha + Enhanced + One-Step,NASDAQ:LITE,0.0
2022-12-08,17,AR1 alpha + Enhanced + One-Step,NASDAQ:LITE,0.0
2022-12-09,17,AR1 alpha + Enhanced + One-Step,NASDAQ:LITE,0.0
2022-12-12,17,AR1 alpha + Enhanced + One-Step,NASDAQ:LITE,0.0
2022-12-13,17,AR1 alpha + Enhanced + One-Step,NASDAQ:LITE,0.0
2022-12-14,17,AR1 alpha + Enhanced + One-Step,NASDAQ:LITE,0.0
2022-12-15,17,AR1 alpha + Enhanced + One-Step,NASDAQ:LITE,0.0
2022-12-16,17,AR1 alpha + Enhanced + One-Step,NASDAQ:LITE,0.0
2022-12-19,17,AR1 alpha + Enhanced + One-Step,NASDAQ:LITE,0.0
2022-12-20,17,AR1 alpha + Enhanced + One-Step,NASDAQ:LITE,0.0
2022-12-21,17,AR1 alpha + Enhanced + One-Step,NASDAQ:LITE,0.0
2022-12-22,17,AR1 alpha + Enhanced + One-Step,NASDAQ:LITE,0.0
2022-12-23,17,AR1 alpha + Enhanced + One-Step,NASDAQ:LITE,1.1258500997607464e-08
2022-12-27,17,AR1 alpha + Enhanced + One-Step,NASDAQ:LITE,1.1061523334289131e-08
2022-12-28,17,AR1 alpha + Enhanced + One-Step,NASDAQ:LITE,0.0
2022-12-29,17,AR1 alpha + Enhanced + One-Step,NASDAQ:LITE,0.0
2022-12-30,17,AR1 alpha + Enhanced + One-Step,NASDAQ:LITE,0.0
2023-01-03,17,AR1 alpha + Enhanced + One-Step,NASDAQ:LITE,3.0798777341425126e-09
2023-01-04,17,AR1 alpha + Enhanced + One-Step,NASDAQ:LITE,0.0
2023-01-05,17,AR1 alpha + Enhanced + One-Step,NASDAQ:LITE,4.3418031486056585e-07
2023-01-06,17,AR1 alpha + Enhanced + One-Step,NASDAQ:LITE,1.8769526872070977e-07
2023-01-09,17,AR1 alpha + Enhanced + One-Step,NASDAQ:LITE,0.0
2023-01-10,17,AR1 alpha + Enhanced + One-Step,NASDAQ:LITE,5.951065671235226e-07
2023-01-11,17,AR1 alpha + Enhanced + One-Step,NASDAQ:LITE,0.0
2023-01-12,17,AR1 alpha + Enhanced + One-Step,NASDAQ:LITE,0.0
2023-01-13,17,AR1 alpha + Enhanced + One-Step,NASDAQ:LITE,0.0
2023-01-17,17,AR1 alpha + Enhanced + One-Step,NASDAQ:LITE,0.0
2023-01-18,17,AR1 alpha + Enhanced + One-Step,NASDAQ:LITE,3.348208412618105e-07
2023-01-19,17,AR1 alpha + Enhanced + One-Step,NASDAQ:LITE,0.0
2023-01-20,17,AR1 alpha + Enhanced + One-Step,NASDAQ:LITE,0.0
2023-01-23,17,AR1 alpha + Enhanced + One-Step,NASDAQ:LITE,0.0
2023-01-24,17,AR1 alpha + Enhanced + One-Step,NASDAQ:LITE,1.2306223007780563e-08
2023-01-25,17,AR1 alpha + Enhanced + One-Step,NASDAQ:LITE,2.3010569730685638e-08
2023-01-26,17,AR1 alpha + Enhanced + One-Step,NASDAQ:LITE,8.584943926897327e-09
2023-01-27,17,AR1 alpha + Enhanced + One-Step,NASDAQ:LITE,0.0
2023-01-30,17,AR1 alpha + Enhanced + One-Step,NASDAQ:LITE,6.936932294193855e-08
2023-01-31,17,AR1 alpha + Enhanced + One-Step,NASDAQ:LITE,0.0
2023-02-01,17,AR1 alpha + Enhanced + One-Step,NASDAQ:LITE,0.0
2023-02-02,17,AR1 alpha + Enhanced + One-Step,NASDAQ:LITE,9.239384258823877e-07
2023-02-03,17,AR1 alpha + Enhanced + One-Step,NASDAQ:LITE,4.7336249608964404e-07
2023-02-06,17,AR1 alpha + Enhanced + One-Step,NASDAQ:LITE,5.552753046358989e-07
2023-02-07,17,AR1 alpha + Enhanced + One-Step,NASDAQ:LITE,2.005568587533981e-06
2023-02-08,17,AR1 alpha + Enhanced + One-Step,NASDAQ:LITE,8.159024974245512e-07
2023-02-09,17,AR1 alpha + Enhanced + One-Step,NASDAQ:LITE,3.7400379782781324e-07
2023-02-10,17,AR1 alpha + Enhanced + One-Step,NASDAQ:LITE,0.0
2023-02-13,17,AR1 alpha + Enhanced + One-Step,NASDAQ:LITE,0.0
2023-02-14,17,AR1 alpha + Enhanced + One-Step,NASDAQ:LITE,1.3805038463784733e-06
2023-02-15,17,AR1 alpha + Enhanced + One-Step,NASDAQ:LITE,8.542028561175712e-07
2023-02-16,17,AR1 alpha + Enhanced + One-Step,NASDAQ:LITE,0.0
2023-02-17,17,AR1 alpha + Enhanced + One-Step,NASDAQ:LITE,0.0
2023-02-21,17,AR1 alpha + Enhanced + One-Step,NASDAQ:LITE,0.0
2023-02-22,17,AR1 alpha + Enhanced + One-Step,NASDAQ:LITE,0.0
2023-02-23,17,AR1 alpha + Enhanced + One-Step,NASDAQ:LITE,0.0
2023-02-24,17,AR1 alpha + Enhanced + One-Step,NASDAQ:LITE,1.8100723821215554e-06
2023-02-27,17,AR1 alpha + Enhanced + One-Step,NASDAQ:LITE,1.1739566405099858e-06
2023-02-28,17,AR1 alpha + Enhanced + One-Step,NASDAQ:LITE,1.407198970516373e-06
2023-03-01,17,AR1 alpha + Enhanced + One-Step,NASDAQ:LITE,7.890958991940037e-07
2023-03-02,17,AR1 alpha + Enhanced + One-Step,NASDAQ:LITE,0.0
2023-03-03,17,AR1 alpha + Enhanced + One-Step,NASDAQ:LITE,0.0
2023-03-06,17,AR1 alpha + Enhanced + One-Step,NASDAQ:LITE,0.0
2023-03-07,17,AR1 alpha + Enhanced + One-Step,NASDAQ:LITE,0.0
2023-03-08,17,AR1 alpha + Enhanced + One-Step,NASDAQ:LITE,0.0
2023-03-09,17,AR1 alpha + Enhanced + One-Step,NASDAQ:LITE,0.0
2023-03-10,17,AR1 alpha + Enhanced + One-Step,NASDAQ:LITE,0.0
2023-03-13,17,AR1 alpha + Enhanced + One-Step,NASDAQ:LITE,0.0
2023-03-14,17,AR1 alpha + Enhanced + One-Step,NASDAQ:LITE,6.465197308356943e-09
2023-03-15,17,AR1 alpha + Enhanced + One-Step,NASDAQ:LITE,0.0
2023-03-16,17,AR1 alpha + Enhanced + One-Step,NASDAQ:LITE,4.759285407814918e-09
2023-03-17,17,AR1 alpha + Enhanced + One-Step,NASDAQ:LITE,0.0
2023-03-20,17,AR1 alpha + Enhanced + One-Step,NASDAQ:LITE,0.0
2023-03-21,17,AR1 alpha + Enhanced + One-Step,NASDAQ:LITE,0.0
2023-03-22,17,AR1 alpha + Enhanced + One-Step,NASDAQ:LITE,0.0
2023-03-23,17,AR1 alpha + Enhanced + One-Step,NASDAQ:LITE,0.0
2023-03-24,17,AR1 alpha + Enhanced + One-Step,NASDAQ:LITE,0.0
2023-03-27,17,AR1 alpha + Enhanced + One-Step,NASDAQ:LITE,0.0
2023-03-28,17,AR1 alpha + Enhanced + One-Step,NASDAQ:LITE,0.0
2023-03-29,17,AR1 alpha + Enhanced + One-Step,NASDAQ:LITE,8.235645101323131e-09
2023-03-30,17,AR1 alpha + Enhanced + One-Step,NASDAQ:LITE,1.869906863787233e-08
2023-03-31,17,AR1 alpha + Enhanced + One-Step,NASDAQ:LITE,1.2530887512879072e-07
2023-04-03,17,AR1 alpha + Enhanced + One-Step,NASDAQ:LITE,0.0
2023-04-04,17,AR1 alpha + Enhanced + One-Step,NASDAQ:LITE,0.0
2023-04-05,17,AR1 alpha + Enhanced + One-Step,NASDAQ:LITE,0.0
2023-04-06,17,AR1 alpha + Enhanced + One-Step,NASDAQ:LITE,1.782771429866013e-07
2023-04-10,17,AR1 alpha + Enhanced + One-Step,NASDAQ:LITE,7.778279345612651e-07
2023-04-11,17,AR1 alpha + Enhanced + One-Step,NASDAQ:LITE,0.0
2023-04-12,17,AR1 alpha + Enhanced + One-Step,NASDAQ:LITE,0.0
2023-04-13,17,AR1 alpha + Enhanced + One-Step,NASDAQ:LITE,0.0
2023-04-14,17,AR1 alpha + Enhanced + One-Step,NASDAQ:LITE,0.0
2023-04-17,17,AR1 alpha + Enhanced + One-Step,NASDAQ:LITE,7.816678847594503e-08
2023-04-18,17,AR1 alpha + Enhanced + One-Step,NASDAQ:LITE,0.0
2023-04-19,17,AR1 alpha + Enhanced + One-Step,NASDAQ:LITE,0.0
2023-04-20,17,AR1 alpha + Enhanced + One-Step,NASDAQ:LITE,2.5782160648096242e-08
2023-04-21,17,AR1 alpha + Enhanced + One-Step,NASDAQ:LITE,0.0
2023-04-24,17,AR1 alpha + Enhanced + One-Step,NASDAQ:LITE,0.0
2023-04-25,17,AR1 alpha + Enhanced + One-Step,NASDAQ:LITE,0.0
2023-04-26,17,AR1 alpha + Enhanced + One-Step,NASDAQ:LITE,0.0
2023-04-27,17,AR1 alpha + Enhanced + One-Step,NASDAQ:LITE,0.0
2023-04-28,17,AR1 alpha + Enhanced + One-Step,NASDAQ:LITE,0.0
2023-05-01,17,AR1 alpha + Enhanced + One-Step,NASDAQ:LITE,1.6730679819082947e-07
2023-05-02,17,AR1 alpha + Enhanced + One-Step,NASDAQ:LITE,2.0790514499338825e-07
2023-05-03,17,AR1 alpha + Enhanced + One-Step,NASDAQ:LITE,0.0
2023-05-04,17,AR1 alpha + Enhanced + One-Step,NASDAQ:LITE,0.0
2023-05-05,17,AR1 alpha + Enhanced + One-Step,NASDAQ:LITE,0.0
2023-05-08,17,AR1 alpha + Enhanced + One-Step,NASDAQ:LITE,1.7544087988002578e-07
2023-05-09,17,AR1 alpha + Enhanced + One-Step,NASDAQ:LITE,7.14987931610817e-08
2023-05-10,17,AR1 alpha + Enhanced + One-Step,NASDAQ:LITE,7.771062197347092e-07
2023-05-11,17,AR1 alpha + Enhanced + One-Step,NASDAQ:LITE,4.6085821973712027e-07
2023-05-12,17,AR1 alpha + Enhanced + One-Step,NASDAQ:LITE,7.164098352359709e-07
2023-05-15,17,AR1 alpha + Enhanced + One-Step,NASDAQ:LITE,6.656404789376728e-07
2023-05-16,17,AR1 alpha + Enhanced + One-Step,NASDAQ:LITE,5.576101016098075e-07
2023-05-17,17,AR1 alpha + Enhanced + One-Step,NASDAQ:LITE,2.0856013208600943e-07
2023-05-18,17,AR1 alpha + Enhanced + One-Step,NASDAQ:LITE,1.9568432400999293e-06
2023-05-19,17,AR1 alpha + Enhanced + One-Step,NASDAQ:LITE,7.879149645212553e-07
2023-05-22,17,AR1 alpha + Enhanced + One-Step,NASDAQ:LITE,4.5166999518372065e-07
2023-05-23,17,AR1 alpha + Enhanced + One-Step,NASDAQ:LITE,0.0
2023-05-24,17,AR1 alpha + Enhanced + One-Step,NASDAQ:LITE,0.0
2023-05-25,17,AR1 alpha + Enhanced + One-Step,NASDAQ:LITE,0.0
2023-05-26,17,AR1 alpha + Enhanced + One-Step,NASDAQ:LITE,2.9061422879573204e-08
2023-05-30,17,AR1 alpha + Enhanced + One-Step,NASDAQ:LITE,2.6794326656092136e-08
2023-05-31,17,AR1 alpha + Enhanced + One-Step,NASDAQ:LITE,0.0
2023-06-01,17,AR1 alpha + Enhanced + One-Step,NASDAQ:LITE,0.0
2023-06-02,17,AR1 alpha + Enhanced + One-Step,NASDAQ:LITE,0.0
2023-06-05,17,AR1 alpha + Enhanced + One-Step,NASDAQ:LITE,0.0
2023-06-06,17,AR1 alpha + Enhanced + One-Step,NASDAQ:LITE,2.1453182829992385e-06
2023-06-07,17,AR1 alpha + Enhanced + One-Step,NASDAQ:LITE,8.294100455568444e-07
2023-06-08,17,AR1 alpha + Enhanced + One-Step,NASDAQ:LITE,3.2630563547320894e-07
2023-06-09,17,AR1 alpha + Enhanced + One-Step,NASDAQ:LITE,0.0
2023-06-12,17,AR1 alpha + Enhanced + One-Step,NASDAQ:LITE,0.0
2023-06-13,17,AR1 alpha + Enhanced + One-Step,NASDAQ:LITE,0.0
2023-06-14,17,AR1 alpha + Enhanced + One-Step,NASDAQ:LITE,0.0
2023-06-15,17,AR1 alpha + Enhanced + One-Step,NASDAQ:LITE,0.0
2023-06-16,17,AR1 alpha + Enhanced + One-Step,NASDAQ:LITE,0.0
2023-06-20,17,AR1 alpha + Enhanced + One-Step,NASDAQ:LITE,0.014033910118587217
2023-06-21,17,AR1 alpha + Enhanced + One-Step,NASDAQ:LITE,0.0
2023-06-22,17,AR1 alpha + Enhanced + One-Step,NASDAQ:LITE,0.0
2023-06-23,17,AR1 alpha + Enhanced + One-Step,NASDAQ:LITE,0.0
2023-06-26,17,AR1 alpha + Enhanced + One-Step,NASDAQ:LITE,0.0
2023-06-27,17,AR1 alpha + Enhanced + One-Step,NASDAQ:LITE,0.0
2023-06-28,17,AR1 alpha + Enhanced + One-Step,NASDAQ:LITE,0.0
2023-06-29,17,AR1 alpha + Enhanced + One-Step,NASDAQ:LITE,0.0
2023-06-30,17,AR1 alpha + Enhanced + One-Step,NASDAQ:LITE,0.0
2023-07-03,17,AR1 alpha + Enhanced + One-Step,NASDAQ:LITE,0.0
2023-07-05,17,AR1 alpha + Enhanced + One-Step,NASDAQ:LITE,0.0
2023-07-06,17,AR1 alpha + Enhanced + One-Step,NASDAQ:LITE,0.0
2023-07-07,17,AR1 alpha + Enhanced + One-Step,NASDAQ:LITE,0.0
2023-07-10,17,AR1 alpha + Enhanced + One-Step,NASDAQ:LITE,5.779820421760687e-08
2023-07-11,17,AR1 alpha + Enhanced + One-Step,NASDAQ:LITE,0.0
2023-07-12,17,AR1 alpha + Enhanced + One-Step,NASDAQ:LITE,7.898120479202948e-08
2023-07-13,17,AR1 alpha + Enhanced + One-Step,NASDAQ:LITE,0.0
2023-07-14,17,AR1 alpha + Enhanced + One-Step,NASDAQ:LITE,0.0
2023-07-17,17,AR1 alpha + Enhanced + One-Step,NASDAQ:LITE,0.0
2023-07-18,17,AR1 alpha + Enhanced + One-Step,NASDAQ:LITE,3.821215811217846e-07
2023-07-19,17,AR1 alpha + Enhanced + One-Step,NASDAQ:LITE,0.0
2023-07-20,17,AR1 alpha + Enhanced + One-Step,NASDAQ:LITE,0.0
2023-07-21,17,AR1 alpha + Enhanced + One-Step,NASDAQ:LITE,0.0
2023-07-24,17,AR1 alpha + Enhanced + One-Step,NASDAQ:LITE,0.0
2023-07-25,17,AR1 alpha + Enhanced + One-Step,NASDAQ:LITE,0.0
2023-07-26,17,AR1 alpha + Enhanced + One-Step,NASDAQ:LITE,0.0
2023-07-27,17,AR1 alpha + Enhanced + One-Step,NASDAQ:LITE,0.0
2023-08-01,17,AR1 alpha + Enhanced + One-Step,NASDAQ:LITE,3.662811214268555e-07
2023-08-02,17,AR1 alpha + Enhanced + One-Step,NASDAQ:LITE,5.469472126469173e-08
2023-08-03,17,AR1 alpha + Enhanced + One-Step,NASDAQ:LITE,6.92975768967961e-08
2023-08-04,17,AR1 alpha + Enhanced + One-Step,NASDAQ:LITE,2.2408483399557483e-06
2023-08-07,17,AR1 alpha + Enhanced + One-Step,NASDAQ:LITE,8.89267750592383e-07
2023-08-08,17,AR1 alpha + Enhanced + One-Step,NASDAQ:LITE,5.583288481650514e-07
2023-08-09,17,AR1 alpha + Enhanced + One-Step,NASDAQ:LITE,0.0
2023-08-10,17,AR1 alpha + Enhanced + One-Step,NASDAQ:LITE,0.0
2023-08-11,17,AR1 alpha + Enhanced + One-Step,NASDAQ:LITE,0.0
2023-08-14,17,AR1 alpha + Enhanced + One-Step,NASDAQ:LITE,0.0
2023-08-15,17,AR1 alpha + Enhanced + One-Step,NASDAQ:LITE,0.0
2023-08-16,17,AR1 alpha + Enhanced + One-Step,NASDAQ:LITE,0.0
2023-08-17,17,AR1 alpha + Enhanced + One-Step,NASDAQ:LITE,0.0
2023-08-18,17,AR1 alpha + Enhanced + One-Step,NASDAQ:LITE,0.0
2023-08-21,17,AR1 alpha + Enhanced + One-Step,NASDAQ:LITE,0.0
2023-08-22,17,AR1 alpha + Enhanced + One-Step,NASDAQ:LITE,0.0
2023-08-23,17,AR1 alpha + Enhanced + One-Step,NASDAQ:LITE,0.0
2023-08-24,17,AR1 alpha + Enhanced + One-Step,NASDAQ:LITE,0.0
2023-08-25,17,AR1 alpha + Enhanced + One-Step,NASDAQ:LITE,0.0
2023-08-28,17,AR1 alpha + Enhanced + One-Step,NASDAQ:LITE,0.0
2023-08-29,17,AR1 alpha + Enhanced + One-Step,NASDAQ:LITE,0.0
2023-08-30,17,AR1 alpha + Enhanced + One-Step,NASDAQ:LITE,0.0
2023-08-31,17,AR1 alpha + Enhanced + One-Step,NASDAQ:LITE,0.0
2023-09-01,17,AR1 alpha + Enhanced + One-Step,NASDAQ:LITE,0.0
2023-09-05,17,AR1 alpha + Enhanced + One-Step,NASDAQ:LITE,0.0
2023-09-06,17,AR1 alpha + Enhanced + One-Step,NASDAQ:LITE,0.0
2023-09-07,17,AR1 alpha + Enhanced + One-Step,NASDAQ:LITE,0.0
2023-09-08,17,AR1 alpha + Enhanced + One-Step,NASDAQ:LITE,0.0
2023-09-11,17,AR1 alpha + Enhanced + One-Step,NASDAQ:LITE,5.0100351240965364e-08
2023-09-12,17,AR1 alpha + Enhanced + One-Step,NASDAQ:LITE,1.0029354180254974e-07
2023-09-13,17,AR1 alpha + Enhanced + One-Step,NASDAQ:LITE,0.0
2023-09-14,17,AR1 alpha + Enhanced + One-Step,NASDAQ:LITE,3.423230735720414e-08
2023-09-15,17,AR1 alpha + Enhanced + One-Step,NASDAQ:LITE,4.116050466257124e-07
2023-09-18,17,AR1 alpha + Enhanced + One-Step,NASDAQ:LITE,0.0
2023-09-19,17,AR1 alpha + Enhanced + One-Step,NASDAQ:LITE,2.453659149793068e-09
2023-09-20,17,AR1 alpha + Enhanced + One-Step,NASDAQ:LITE,3.6098094505295497e-09
2023-09-21,17,AR1 alpha + Enhanced + One-Step,NASDAQ:LITE,6.690698889343925e-08
2023-09-22,17,AR1 alpha + Enhanced + One-Step,NASDAQ:LITE,5.107933786739591e-08
2023-09-25,17,AR1 alpha + Enhanced + One-Step,NASDAQ:LITE,0.0
2023-09-26,17,AR1 alpha + Enhanced + One-Step,NASDAQ:LITE,0.0
2023-09-27,17,AR1 alpha + Enhanced + One-Step,NASDAQ:LITE,0.0
2023-09-28,17,AR1 alpha + Enhanced + One-Step,NASDAQ:LITE,0.0
2023-09-29,17,AR1 alpha + Enhanced + One-Step,NASDAQ:LITE,0.0
2023-10-02,17,AR1 alpha + Enhanced + One-Step,NASDAQ:LITE,0.0
2023-10-03,17,AR1 alpha + Enhanced + One-Step,NASDAQ:LITE,0.0
2023-10-04,17,AR1 alpha + Enhanced + One-Step,NASDAQ:LITE,0.0
2023-10-05,17,AR1 alpha + Enhanced + One-Step,NASDAQ:LITE,0.0
2023-10-06,17,AR1 alpha + Enhanced + One-Step,NASDAQ:LITE,0.0
2023-10-09,17,AR1 alpha + Enhanced + One-Step,NASDAQ:LITE,0.0
2023-10-10,17,AR1 alpha + Enhanced + One-Step,NASDAQ:LITE,0.0
2023-10-11,17,AR1 alpha + Enhanced + One-Step,NASDAQ:LITE,0.0
2023-10-12,17,AR1 alpha + Enhanced + One-Step,NASDAQ:LITE,0.0
2023-10-13,17,AR1 alpha + Enhanced + One-Step,NASDAQ:LITE,5.524724479762853e-09
2023-10-16,17,AR1 alpha + Enhanced + One-Step,NASDAQ:LITE,1.6318503880549206e-08
2023-10-17,17,AR1 alpha + Enhanced + One-Step,NASDAQ:LITE,0.0
2023-10-18,17,AR1 alpha + Enhanced + One-Step,NASDAQ:LITE,8.552587391006648e-08
2023-10-19,17,AR1 alpha + Enhanced + One-Step,NASDAQ:LITE,2.572688636557875e-08
2023-10-20,17,AR1 alpha + Enhanced + One-Step,NASDAQ:LITE,2.698699377314283e-08
2023-10-23,17,AR1 alpha + Enhanced + One-Step,NASDAQ:LITE,0.0
2023-10-24,17,AR1 alpha + Enhanced + One-Step,NASDAQ:LITE,4.667705204022503e-09
2023-10-25,17,AR1 alpha + Enhanced + One-Step,NASDAQ:LITE,0.0
2023-10-26,17,AR1 alpha + Enhanced + One-Step,NASDAQ:LITE,0.0
2023-10-27,17,AR1 alpha + Enhanced + One-Step,NASDAQ:LITE,0.0
2023-10-30,17,AR1 alpha + Enhanced + One-Step,NASDAQ:LITE,0.0
2023-10-31,17,AR1 alpha + Enhanced + One-Step,NASDAQ:LITE,9.627542020535899e-08
2023-11-01,17,AR1 alpha + Enhanced + One-Step,NASDAQ:LITE,0.0
2023-11-02,17,AR1 alpha + Enhanced + One-Step,NASDAQ:LITE,1.162060744555838e-06
2023-11-03,17,AR1 alpha + Enhanced + One-Step,NASDAQ:LITE,6.81428363564349e-07
2023-11-06,17,AR1 alpha + Enhanced + One-Step,NASDAQ:LITE,4.474375242319792e-07
2023-11-07,17,AR1 alpha + Enhanced + One-Step,NASDAQ:LITE,0.0
2023-11-08,17,AR1 alpha + Enhanced + One-Step,NASDAQ:LITE,0.0
2023-11-09,17,AR1 alpha + Enhanced + One-Step,NASDAQ:LITE,0.0
2023-11-10,17,AR1 alpha + Enhanced + One-Step,NASDAQ:LITE,0.0
2023-11-13,17,AR1 alpha + Enhanced + One-Step,NASDAQ:LITE,0.0
2023-11-14,17,AR1 alpha + Enhanced + One-Step,NASDAQ:LITE,7.085316412536853e-07
2023-11-15,17,AR1 alpha + Enhanced + One-Step,NASDAQ:LITE,2.5131293386105334e-07
2023-11-16,17,AR1 alpha + Enhanced + One-Step,NASDAQ:LITE,0.0
2023-11-17,17,AR1 alpha + Enhanced + One-Step,NASDAQ:LITE,0.0
2023-11-20,17,AR1 alpha + Enhanced + One-Step,NASDAQ:LITE,4.7774273118819465e-08
2023-11-21,17,AR1 alpha + Enhanced + One-Step,NASDAQ:LITE,3.838123815738249e-08
2023-11-22,17,AR1 alpha + Enhanced + One-Step,NASDAQ:LITE,0.0
2023-11-24,17,AR1 alpha + Enhanced + One-Step,NASDAQ:LITE,0.0
2023-11-27,17,AR1 alpha + Enhanced + One-Step,NASDAQ:LITE,0.0
2023-11-28,17,AR1 alpha + Enhanced + One-Step,NASDAQ:LITE,5.114867303126303e-08
2023-11-29,17,AR1 alpha + Enhanced + One-Step,NASDAQ:LITE,0.0
2023-11-30,17,AR1 alpha + Enhanced + One-Step,NASDAQ:LITE,0.0
2023-12-01,17,AR1 alpha + Enhanced + One-Step,NASDAQ:LITE,0.0
2023-12-04,17,AR1 alpha + Enhanced + One-Step,NASDAQ:LITE,0.0
2023-12-05,17,AR1 alpha + Enhanced + One-Step,NASDAQ:LITE,0.0
2023-12-06,17,AR1 alpha + Enhanced + One-Step,NASDAQ:LITE,2.589469836946062e-09
2023-12-07,17,AR1 alpha + Enhanced + One-Step,NASDAQ:LITE,0.0
2023-12-08,17,AR1 alpha + Enhanced + One-Step,NASDAQ:LITE,2.8439780215478658e-08
2023-12-11,17,AR1 alpha + Enhanced + One-Step,NASDAQ:LITE,0.0
2023-12-12,17,AR1 alpha + Enhanced + One-Step,NASDAQ:LITE,0.0
2023-12-13,17,AR1 alpha + Enhanced + One-Step,NASDAQ:LITE,6.647530183280451e-07
2023-12-14,17,AR1 alpha + Enhanced + One-Step,NASDAQ:LITE,2.931996944665396e-07
2023-12-15,17,AR1 alpha + Enhanced + One-Step,NASDAQ:LITE,0.0
2023-12-18,17,AR1 alpha + Enhanced + One-Step,NASDAQ:LITE,0.0
2023-12-19,17,AR1 alpha + Enhanced + One-Step,NASDAQ:LITE,0.0
2023-12-20,17,AR1 alpha + Enhanced + One-Step,NASDAQ:LITE,7.222213501047498e-07
2023-12-21,17,AR1 alpha + Enhanced + One-Step,NASDAQ:LITE,3.291477745028409e-07
2023-12-22,17,AR1 alpha + Enhanced + One-Step,NASDAQ:LITE,2.131776080363142e-07
2023-12-26,17,AR1 alpha + Enhanced + One-Step,NASDAQ:LITE,0.0
2023-12-27,17,AR1 alpha + Enhanced + One-Step,NASDAQ:LITE,0.0
2023-12-28,17,AR1 alpha + Enhanced + One-Step,NASDAQ:LITE,2.768430662322466e-08
2023-12-29,17,AR1 alpha + Enhanced + One-Step,NASDAQ:LITE,2.3428216956123785e-07
2024-01-02,17,AR1 alpha + Enhanced + One-Step,NASDAQ:LITE,0.0
2024-01-03,17,AR1 alpha + Enhanced + One-Step,NASDAQ:LITE,0.0
2024-01-04,17,AR1 alpha + Enhanced + One-Step,NASDAQ:LITE,0.0
2024-01-05,17,AR1 alpha + Enhanced + One-Step,NASDAQ:LITE,1.8793273207438172e-07
2024-01-08,17,AR1 alpha + Enhanced + One-Step,NASDAQ:LITE,3.8978234651831484e-07
2024-01-09,17,AR1 alpha + Enhanced + One-Step,NASDAQ:LITE,0.0
2024-01-10,17,AR1 alpha + Enhanced + One-Step,NASDAQ:LITE,0.0
2024-01-11,17,AR1 alpha + Enhanced + One-Step,NASDAQ:LITE,0.0
2024-01-12,17,AR1 alpha + Enhanced + One-Step,NASDAQ:LITE,0.0
2024-01-16,17,AR1 alpha + Enhanced + One-Step,NASDAQ:LITE,0.0
2024-01-17,17,AR1 alpha + Enhanced + One-Step,NASDAQ:LITE,0.0
2024-01-18,17,AR1 alpha + Enhanced + One-Step,NASDAQ:LITE,0.0
2024-01-19,17,AR1 alpha + Enhanced + One-Step,NASDAQ:LITE,0.0
2024-01-22,17,AR1 alpha + Enhanced + One-Step,NASDAQ:LITE,0.0
2024-01-23,17,AR1 alpha + Enhanced + One-Step,NASDAQ:LITE,0.0
2024-01-24,17,AR1 alpha + Enhanced + One-Step,NASDAQ:LITE,0.0
2024-01-25,17,AR1 alpha + Enhanced + One-Step,NASDAQ:LITE,0.0
2024-01-26,17,AR1 alpha + Enhanced + One-Step,NASDAQ:LITE,0.0
2024-01-29,17,AR1 alpha + Enhanced + One-Step,NASDAQ:LITE,0.0
2024-01-30,17,AR1 alpha + Enhanced + One-Step,NASDAQ:LITE,0.0
2024-01-31,17,AR1 alpha + Enhanced + One-Step,NASDAQ:LITE,0.0
2024-02-01,17,AR1 alpha + Enhanced + One-Step,NASDAQ:LITE,0.0
2024-02-02,17,AR1 alpha + Enhanced + One-Step,NASDAQ:LITE,0.0
2024-02-05,17,AR1 alpha + Enhanced + One-Step,NASDAQ:LITE,0.0
2024-02-06,17,AR1 alpha + Enhanced + One-Step,NASDAQ:LITE,0.0
2024-02-07,17,AR1 alpha + Enhanced + One-Step,NASDAQ:LITE,0.0
2024-02-08,17,AR1 alpha + Enhanced + One-Step,NASDAQ:LITE,0.0
2024-02-09,17,AR1 alpha + Enhanced + One-Step,NASDAQ:LITE,0.0
2024-02-12,17,AR1 alpha + Enhanced + One-Step,NASDAQ:LITE,0.0
2024-02-13,17,AR1 alpha + Enhanced + One-Step,NASDAQ:LITE,4.8896158246684774e-08
2024-02-14,17,AR1 alpha + Enhanced + One-Step,NASDAQ:LITE,2.510170685721503e-07
2024-02-15,17,AR1 alpha + Enhanced + One-Step,NASDAQ:LITE,0.0
2024-02-16,17,AR1 alpha + Enhanced + One-Step,NASDAQ:LITE,2.1587765990678067e-07
2024-02-20,17,AR1 alpha + Enhanced + One-Step,NASDAQ:LITE,1.4631755354806904e-07
2024-02-21,17,AR1 alpha + Enhanced + One-Step,NASDAQ:LITE,0.0
2024-02-22,17,AR1 alpha + Enhanced + One-Step,NASDAQ:LITE,0.0
2024-02-23,17,AR1 alpha + Enhanced + One-Step,NASDAQ:LITE,0.0
2024-02-26,17,AR1 alpha + Enhanced + One-Step,NASDAQ:LITE,0.0
2024-02-27,17,AR1 alpha + Enhanced + One-Step,NASDAQ:LITE,0.0
2024-02-28,17,AR1 alpha + Enhanced + One-Step,NASDAQ:LITE,0.0
2024-02-29,17,AR1 alpha + Enhanced + One-Step,NASDAQ:LITE,0.0
2024-03-01,17,AR1 alpha + Enhanced + One-Step,NASDAQ:LITE,0.0
2024-03-04,17,AR1 alpha + Enhanced + One-Step,NASDAQ:LITE,0.0
2024-03-05,17,AR1 alpha + Enhanced + One-Step,NASDAQ:LITE,0.0
2024-03-06,17,AR1 alpha + Enhanced + One-Step,NASDAQ:LITE,0.0
2024-03-07,17,AR1 alpha + Enhanced + One-Step,NASDAQ:LITE,0.0
2024-03-08,17,AR1 alpha + Enhanced + One-Step,NASDAQ:LITE,0.0
2024-03-11,17,AR1 alpha + Enhanced + One-Step,NASDAQ:LITE,0.0
2024-03-12,17,AR1 alpha + Enhanced + One-Step,NASDAQ:LITE,3.629658341513419e-09
2024-03-13,17,AR1 alpha + Enhanced + One-Step,NASDAQ:LITE,0.0
2024-03-14,17,AR1 alpha + Enhanced + One-Step,NASDAQ:LITE,0.0
2024-03-15,17,AR1 alpha + Enhanced + One-Step,NASDAQ:LITE,8.142924655492752e-08
2024-03-18,17,AR1 alpha + Enhanced + One-Step,NASDAQ:LITE,0.0
2024-03-19,17,AR1 alpha + Enhanced + One-Step,NASDAQ:LITE,0.0
2024-03-20,17,AR1 alpha + Enhanced + One-Step,NASDAQ:LITE,0.0
2024-03-21,17,AR1 alpha + Enhanced + One-Step,NASDAQ:LITE,0.0
2024-03-22,17,AR1 alpha + Enhanced + One-Step,NASDAQ:LITE,0.0
2024-03-25,17,AR1 alpha + Enhanced + One-Step,NASDAQ:LITE,0.0
2024-03-26,17,AR1 alpha + Enhanced + One-Step,NASDAQ:LITE,0.0
2024-03-27,17,AR1 alpha + Enhanced + One-Step,NASDAQ:LITE,0.0
2024-03-28,17,AR1 alpha + Enhanced + One-Step,NASDAQ:LITE,1.3209047266745286e-07
2024-04-01,17,AR1 alpha + Enhanced + One-Step,NASDAQ:LITE,1.4015064532823912e-07
2024-04-02,17,AR1 alpha + Enhanced + One-Step,NASDAQ:LITE,3.2323188626219476e-09
2024-04-03,17,AR1 alpha + Enhanced + One-Step,NASDAQ:LITE,0.0
2024-04-04,17,AR1 alpha + Enhanced + One-Step,NASDAQ:LITE,0.0
2024-04-05,17,AR1 alpha + Enhanced + One-Step,NASDAQ:LITE,0.0
2024-04-08,17,AR1 alpha + Enhanced + One-Step,NASDAQ:LITE,8.919540384743688e-08
2024-04-09,17,AR1 alpha + Enhanced + One-Step,NASDAQ:LITE,0.0
2024-04-10,17,AR1 alpha + Enhanced + One-Step,NASDAQ:LITE,0.0
2024-04-11,17,AR1 alpha + Enhanced + One-Step,NASDAQ:LITE,0.0
2024-04-12,17,AR1 alpha + Enhanced + One-Step,NASDAQ:LITE,0.003424494776628966
2024-04-15,17,AR1 alpha + Enhanced + One-Step,NASDAQ:LITE,0.022616392693134167
2024-04-16,17,AR1 alpha + Enhanced + One-Step,NASDAQ:LITE,0.0
2024-04-17,17,AR1 alpha + Enhanced + One-Step,NASDAQ:LITE,7.668724306457985e-08
2024-04-18,17,AR1 alpha + Enhanced + One-Step,NASDAQ:LITE,0.0
2024-04-19,17,AR1 alpha + Enhanced + One-Step,NASDAQ:LITE,1.1106682763275785e-06
2020-03-25,17,AR1 alpha + Enhanced + One-Step,NASDAQ:ADBE,0.020000000000007227
2020-03-26,17,AR1 alpha + Enhanced + One-Step,NASDAQ:ADBE,0.02000000000001305
2020-03-27,17,AR1 alpha + Enhanced + One-Step,NASDAQ:ADBE,0.019999983350016695
2020-03-30,17,AR1 alpha + Enhanced + One-Step,NASDAQ:ADBE,0.020001070503591754
2020-03-31,17,AR1 alpha + Enhanced + One-Step,NASDAQ:ADBE,0.020002717633652717
2020-04-01,17,AR1 alpha + Enhanced + One-Step,NASDAQ:ADBE,0.020002731970922727
2020-04-02,17,AR1 alpha + Enhanced + One-Step,NASDAQ:ADBE,0.020000726128462824
2020-04-03,17,AR1 alpha + Enhanced + One-Step,NASDAQ:ADBE,0.020001422083137984
2020-04-06,17,AR1 alpha + Enhanced + One-Step,NASDAQ:ADBE,0.020002103096581764
2020-04-07,17,AR1 alpha + Enhanced + One-Step,NASDAQ:ADBE,0.020003004767994693
2020-04-08,17,AR1 alpha + Enhanced + One-Step,NASDAQ:ADBE,0.020003199567489336
2020-04-09,17,AR1 alpha + Enhanced + One-Step,NASDAQ:ADBE,0.020003134331818696
2020-04-13,17,AR1 alpha + Enhanced + One-Step,NASDAQ:ADBE,0.020003038376672274
2020-04-14,17,AR1 alpha + Enhanced + One-Step,NASDAQ:ADBE,0.020004409257160103
2020-04-15,17,AR1 alpha + Enhanced + One-Step,NASDAQ:ADBE,0.020005317112476842
2020-04-16,17,AR1 alpha + Enhanced + One-Step,NASDAQ:ADBE,0.02000581445520703
2020-04-17,17,AR1 alpha + Enhanced + One-Step,NASDAQ:ADBE,0.020005793045244403
2020-04-20,17,AR1 alpha + Enhanced + One-Step,NASDAQ:ADBE,0.020005753735421187
2020-04-21,17,AR1 alpha + Enhanced + One-Step,NASDAQ:ADBE,0.020006119172781917
2020-04-22,17,AR1 alpha + Enhanced + One-Step,NASDAQ:ADBE,0.020006392110948477
2020-04-23,17,AR1 alpha + Enhanced + One-Step,NASDAQ:ADBE,0.02000631671097834
2020-04-24,17,AR1 alpha + Enhanced + One-Step,NASDAQ:ADBE,0.020006394571990063
2020-04-27,17,AR1 alpha + Enhanced + One-Step,NASDAQ:ADBE,0.020006393394209045
2020-04-28,17,AR1 alpha + Enhanced + One-Step,NASDAQ:ADBE,0.020006390880392824
2020-04-29,17,AR1 alpha + Enhanced + One-Step,NASDAQ:ADBE,0.020006372752163413
2020-04-30,17,AR1 alpha + Enhanced + One-Step,NASDAQ:ADBE,1.550176373705347e-08
2020-05-01,17,AR1 alpha + Enhanced + One-Step,NASDAQ:ADBE,0.0
2020-05-04,17,AR1 alpha + Enhanced + One-Step,NASDAQ:ADBE,1.2873188062853307e-08
2020-05-05,17,AR1 alpha + Enhanced + One-Step,NASDAQ:ADBE,0.0
2020-05-06,17,AR1 alpha + Enhanced + One-Step,NASDAQ:ADBE,3.3637807142222505e-10
2020-05-07,17,AR1 alpha + Enhanced + One-Step,NASDAQ:ADBE,0.0
2020-05-08,17,AR1 alpha + Enhanced + One-Step,NASDAQ:ADBE,0.0
2020-05-11,17,AR1 alpha + Enhanced + One-Step,NASDAQ:ADBE,0.0
2020-05-12,17,AR1 alpha + Enhanced + One-Step,NASDAQ:ADBE,2.151759489599406e-09
2020-05-13,17,AR1 alpha + Enhanced + One-Step,NASDAQ:ADBE,6.605711848467328e-08
2020-05-14,17,AR1 alpha + Enhanced + One-Step,NASDAQ:ADBE,0.0
2020-05-15,17,AR1 alpha + Enhanced + One-Step,NASDAQ:ADBE,3.601882102179879e-08
2020-05-18,17,AR1 alpha + Enhanced + One-Step,NASDAQ:ADBE,7.270896117863177e-08
2020-05-19,17,AR1 alpha + Enhanced + One-Step,NASDAQ:ADBE,0.0
2020-05-20,17,AR1 alpha + Enhanced + One-Step,NASDAQ:ADBE,2.336684893075039e-08
2020-05-21,17,AR1 alpha + Enhanced + One-Step,NASDAQ:ADBE,0.0
2020-05-22,17,AR1 alpha + Enhanced + One-Step,NASDAQ:ADBE,0.0
2020-05-26,17,AR1 alpha + Enhanced + One-Step,NASDAQ:ADBE,1.3171565176666424e-09
2020-05-27,17,AR1 alpha + Enhanced + One-Step,NASDAQ:ADBE,6.546534887967751e-08
2020-05-28,17,AR1 alpha + Enhanced + One-Step,NASDAQ:ADBE,4.287567699465498e-08
2020-05-29,17,AR1 alpha + Enhanced + One-Step,NASDAQ:ADBE,2.8195080101826755e-08
2020-06-01,17,AR1 alpha + Enhanced + One-Step,NASDAQ:ADBE,1.0470370822430149e-07
2020-06-02,17,AR1 alpha + Enhanced + One-Step,NASDAQ:ADBE,0.0
2020-06-03,17,AR1 alpha + Enhanced + One-Step,NASDAQ:ADBE,1.950695242433421e-07
2020-06-04,17,AR1 alpha + Enhanced + One-Step,NASDAQ:ADBE,0.0
2020-06-05,17,AR1 alpha + Enhanced + One-Step,NASDAQ:ADBE,0.0
2020-06-08,17,AR1 alpha + Enhanced + One-Step,NASDAQ:ADBE,0.0
2020-06-09,17,AR1 alpha + Enhanced + One-Step,NASDAQ:ADBE,2.9670450981877563e-08
2020-06-10,17,AR1 alpha + Enhanced + One-Step,NASDAQ:ADBE,1.643698088212826e-08
2020-06-11,17,AR1 alpha + Enhanced + One-Step,NASDAQ:ADBE,1.6299935895922704e-06
2020-06-12,17,AR1 alpha + Enhanced + One-Step,NASDAQ:ADBE,1.014312618850165e-06
2020-06-15,17,AR1 alpha + Enhanced + One-Step,NASDAQ:ADBE,2.8724491007208604e-07
2020-06-16,17,AR1 alpha + Enhanced + One-Step,NASDAQ:ADBE,1.9120011416063107e-07
2020-06-17,17,AR1 alpha + Enhanced + One-Step,NASDAQ:ADBE,7.653902783336403e-08
2020-06-18,17,AR1 alpha + Enhanced + One-Step,NASDAQ:ADBE,4.5807518700424006e-08
2020-06-19,17,AR1 alpha + Enhanced + One-Step,NASDAQ:ADBE,0.0
2020-06-22,17,AR1 alpha + Enhanced + One-Step,NASDAQ:ADBE,8.740624603159019e-08
2020-06-23,17,AR1 alpha + Enhanced + One-Step,NASDAQ:ADBE,0.0
2020-06-24,17,AR1 alpha + Enhanced + One-Step,NASDAQ:ADBE,0.0
2020-06-25,17,AR1 alpha + Enhanced + One-Step,NASDAQ:ADBE,1.4179209671438103e-08
2020-06-26,17,AR1 alpha + Enhanced + One-Step,NASDAQ:ADBE,1.0992465235460159e-07
2020-06-29,17,AR1 alpha + Enhanced + One-Step,NASDAQ:ADBE,0.012967995529554124
2020-06-30,17,AR1 alpha + Enhanced + One-Step,NASDAQ:ADBE,0.0
2020-07-01,17,AR1 alpha + Enhanced + One-Step,NASDAQ:ADBE,0.0
2020-07-02,17,AR1 alpha + Enhanced + One-Step,NASDAQ:ADBE,1.8243164198164717e-08
2020-07-06,17,AR1 alpha + Enhanced + One-Step,NASDAQ:ADBE,0.0
2020-07-07,17,AR1 alpha + Enhanced + One-Step,NASDAQ:ADBE,0.0
2020-07-08,17,AR1 alpha + Enhanced + One-Step,NASDAQ:ADBE,0.0
2020-07-09,17,AR1 alpha + Enhanced + One-Step,NASDAQ:ADBE,0.0
2020-07-10,17,AR1 alpha + Enhanced + One-Step,NASDAQ:ADBE,0.0
2020-07-13,17,AR1 alpha + Enhanced + One-Step,NASDAQ:ADBE,0.024986213492800665
2020-07-14,17,AR1 alpha + Enhanced + One-Step,NASDAQ:ADBE,0.05000361697142723
2020-07-15,17,AR1 alpha + Enhanced + One-Step,NASDAQ:ADBE,0.0750119689967244
2020-07-16,17,AR1 alpha + Enhanced + One-Step,NASDAQ:ADBE,0.10000008777832047
2020-07-17,17,AR1 alpha + Enhanced + One-Step,NASDAQ:ADBE,0.10000004990739812
2020-07-20,17,AR1 alpha + Enhanced + One-Step,NASDAQ:ADBE,0.09999990388434503
2020-07-21,17,AR1 alpha + Enhanced + One-Step,NASDAQ:ADBE,0.09999995223434519
2020-07-22,17,AR1 alpha + Enhanced + One-Step,NASDAQ:ADBE,0.09999994428330586
2020-07-23,17,AR1 alpha + Enhanced + One-Step,NASDAQ:ADBE,0.0999983892825623
2020-07-24,17,AR1 alpha + Enhanced + One-Step,NASDAQ:ADBE,0.09999791048161369
2020-07-27,17,AR1 alpha + Enhanced + One-Step,NASDAQ:ADBE,0.09999751149716748
2020-07-28,17,AR1 alpha + Enhanced + One-Step,NASDAQ:ADBE,0.09999835062676762
2020-07-29,17,AR1 alpha + Enhanced + One-Step,NASDAQ:ADBE,0.09999818074802934
2020-07-30,17,AR1 alpha + Enhanced + One-Step,NASDAQ:ADBE,0.08737316329834295
2020-07-31,17,AR1 alpha + Enhanced + One-Step,NASDAQ:ADBE,0.08737158826569541
2020-08-03,17,AR1 alpha + Enhanced + One-Step,NASDAQ:ADBE,0.06462593241294307
2020-08-04,17,AR1 alpha + Enhanced + One-Step,NASDAQ:ADBE,0.06329739280683355
2020-08-05,17,AR1 alpha + Enhanced + One-Step,NASDAQ:ADBE,0.04763279585157086
2020-08-06,17,AR1 alpha + Enhanced + One-Step,NASDAQ:ADBE,0.02263788741948205
2020-08-07,17,AR1 alpha + Enhanced + One-Step,NASDAQ:ADBE,0.022638136320084566
2020-08-10,17,AR1 alpha + Enhanced + One-Step,NASDAQ:ADBE,0.02263839529895617
2020-08-11,17,AR1 alpha + Enhanced + One-Step,NASDAQ:ADBE,0.022637951473110603
2020-08-12,17,AR1 alpha + Enhanced + One-Step,NASDAQ:ADBE,0.022637948539751013
2020-08-13,17,AR1 alpha + Enhanced + One-Step,NASDAQ:ADBE,0.006956218265375427
2020-08-14,17,AR1 alpha + Enhanced + One-Step,NASDAQ:ADBE,0.006956221461753245
2020-08-17,17,AR1 alpha + Enhanced + One-Step,NASDAQ:ADBE,0.0
2020-08-18,17,AR1 alpha + Enhanced + One-Step,NASDAQ:ADBE,0.0
2020-08-19,17,AR1 alpha + Enhanced + One-Step,NASDAQ:ADBE,0.0
2020-08-20,17,AR1 alpha + Enhanced + One-Step,NASDAQ:ADBE,0.0
2020-08-21,17,AR1 alpha + Enhanced + One-Step,NASDAQ:ADBE,0.0
2020-08-24,17,AR1 alpha + Enhanced + One-Step,NASDAQ:ADBE,0.0
2020-08-25,17,AR1 alpha + Enhanced + One-Step,NASDAQ:ADBE,1.0724470660578138e-07
2020-08-26,17,AR1 alpha + Enhanced + One-Step,NASDAQ:ADBE,0.0
2020-08-27,17,AR1 alpha + Enhanced + One-Step,NASDAQ:ADBE,0.0
2020-08-28,17,AR1 alpha + Enhanced + One-Step,NASDAQ:ADBE,3.1596136515007244e-09
2020-08-31,17,AR1 alpha + Enhanced + One-Step,NASDAQ:ADBE,0.0
2020-09-01,17,AR1 alpha + Enhanced + One-Step,NASDAQ:ADBE,0.0
2020-09-02,17,AR1 alpha + Enhanced + One-Step,NASDAQ:ADBE,9.551392571429171e-08
2020-09-03,17,AR1 alpha + Enhanced + One-Step,NASDAQ:ADBE,0.0
2020-09-04,17,AR1 alpha + Enhanced + One-Step,NASDAQ:ADBE,3.332004557221658e-08
2020-09-08,17,AR1 alpha + Enhanced + One-Step,NASDAQ:ADBE,0.025006074312044022
2020-09-09,17,AR1 alpha + Enhanced + One-Step,NASDAQ:ADBE,0.03692039758191129
2020-09-10,17,AR1 alpha + Enhanced + One-Step,NASDAQ:ADBE,0.0462798257792067
2020-09-11,17,AR1 alpha + Enhanced + One-Step,NASDAQ:ADBE,0.07127667630068153
2020-09-14,17,AR1 alpha + Enhanced + One-Step,NASDAQ:ADBE,0.0712780961796867
2020-09-15,17,AR1 alpha + Enhanced + One-Step,NASDAQ:ADBE,0.05377730289459217
2020-09-16,17,AR1 alpha + Enhanced + One-Step,NASDAQ:ADBE,0.0711058513431815
2020-09-17,17,AR1 alpha + Enhanced + One-Step,NASDAQ:ADBE,0.07551576527896323
2020-09-18,17,AR1 alpha + Enhanced + One-Step,NASDAQ:ADBE,0.07621640181942797
2020-09-21,17,AR1 alpha + Enhanced + One-Step,NASDAQ:ADBE,0.07621619298888171
2020-09-22,17,AR1 alpha + Enhanced + One-Step,NASDAQ:ADBE,0.07102290773974897
2020-09-23,17,AR1 alpha + Enhanced + One-Step,NASDAQ:ADBE,0.07102234427850235
2020-09-24,17,AR1 alpha + Enhanced + One-Step,NASDAQ:ADBE,0.07102130675403619
2020-09-25,17,AR1 alpha + Enhanced + One-Step,NASDAQ:ADBE,0.05152014981630203
2020-09-28,17,AR1 alpha + Enhanced + One-Step,NASDAQ:ADBE,0.02765331203726243
2020-09-29,17,AR1 alpha + Enhanced + One-Step,NASDAQ:ADBE,0.002685538816826472
2020-09-30,17,AR1 alpha + Enhanced + One-Step,NASDAQ:ADBE,0.0005168360697386334
2020-10-01,17,AR1 alpha + Enhanced + One-Step,NASDAQ:ADBE,2.511190443843689e-06
2020-10-02,17,AR1 alpha + Enhanced + One-Step,NASDAQ:ADBE,1.7357282392049072e-06
2020-10-05,17,AR1 alpha + Enhanced + One-Step,NASDAQ:ADBE,1.490869093034974e-06
2020-10-06,17,AR1 alpha + Enhanced + One-Step,NASDAQ:ADBE,9.267084386472841e-07
2020-10-07,17,AR1 alpha + Enhanced + One-Step,NASDAQ:ADBE,9.554956054069992e-07
2020-10-08,17,AR1 alpha + Enhanced + One-Step,NASDAQ:ADBE,6.436822608331946e-07
2020-10-09,17,AR1 alpha + Enhanced + One-Step,NASDAQ:ADBE,3.388058263218135e-07
2020-10-12,17,AR1 alpha + Enhanced + One-Step,NASDAQ:ADBE,1.5573684583483004e-07
2020-10-13,17,AR1 alpha + Enhanced + One-Step,NASDAQ:ADBE,0.0
2020-10-14,17,AR1 alpha + Enhanced + One-Step,NASDAQ:ADBE,0.0
2020-10-15,17,AR1 alpha + Enhanced + One-Step,NASDAQ:ADBE,2.1491327483691027e-07
2020-10-16,17,AR1 alpha + Enhanced + One-Step,NASDAQ:ADBE,7.926408975568604e-08
2020-10-19,17,AR1 alpha + Enhanced + One-Step,NASDAQ:ADBE,1.3811484270246295e-07
2020-10-20,17,AR1 alpha + Enhanced + One-Step,NASDAQ:ADBE,0.0
2020-10-21,17,AR1 alpha + Enhanced + One-Step,NASDAQ:ADBE,0.0
2020-10-22,17,AR1 alpha + Enhanced + One-Step,NASDAQ:ADBE,0.0017442223635718884
2020-10-23,17,AR1 alpha + Enhanced + One-Step,NASDAQ:ADBE,0.0017436949012239634
2020-10-26,17,AR1 alpha + Enhanced + One-Step,NASDAQ:ADBE,0.022826650391538885
2020-10-27,17,AR1 alpha + Enhanced + One-Step,NASDAQ:ADBE,0.026765086424777724
2020-10-28,17,AR1 alpha + Enhanced + One-Step,NASDAQ:ADBE,0.05179767296730777
2020-10-29,17,AR1 alpha + Enhanced + One-Step,NASDAQ:ADBE,0.06698256446455456
2020-10-30,17,AR1 alpha + Enhanced + One-Step,NASDAQ:ADBE,0.09200000798049797
2020-11-02,17,AR1 alpha + Enhanced + One-Step,NASDAQ:ADBE,0.09999963603811322
2020-11-03,17,AR1 alpha + Enhanced + One-Step,NASDAQ:ADBE,0.09999926344079121
2020-11-04,17,AR1 alpha + Enhanced + One-Step,NASDAQ:ADBE,0.0749402507852996
2020-11-05,17,AR1 alpha + Enhanced + One-Step,NASDAQ:ADBE,0.07494013704807272
2020-11-06,17,AR1 alpha + Enhanced + One-Step,NASDAQ:ADBE,0.07493992052500698
2020-11-09,17,AR1 alpha + Enhanced + One-Step,NASDAQ:ADBE,0.07493995289062956
2020-11-10,17,AR1 alpha + Enhanced + One-Step,NASDAQ:ADBE,0.07493979231938584
2020-11-11,17,AR1 alpha + Enhanced + One-Step,NASDAQ:ADBE,0.07494006553923697
2020-11-12,17,AR1 alpha + Enhanced + One-Step,NASDAQ:ADBE,0.07494006924171104
2020-11-13,17,AR1 alpha + Enhanced + One-Step,NASDAQ:ADBE,0.07470238660568503
2020-11-16,17,AR1 alpha + Enhanced + One-Step,NASDAQ:ADBE,0.07470236279116486
2020-11-17,17,AR1 alpha + Enhanced + One-Step,NASDAQ:ADBE,0.05578649491703007
2020-11-18,17,AR1 alpha + Enhanced + One-Step,NASDAQ:ADBE,0.055784218035175095
2020-11-19,17,AR1 alpha + Enhanced + One-Step,NASDAQ:ADBE,0.03277608950791725
2020-11-20,17,AR1 alpha + Enhanced + One-Step,NASDAQ:ADBE,0.016230403010972862
2020-11-23,17,AR1 alpha + Enhanced + One-Step,NASDAQ:ADBE,0.005876727048682296
2020-11-24,17,AR1 alpha + Enhanced + One-Step,NASDAQ:ADBE,0.0
2020-11-25,17,AR1 alpha + Enhanced + One-Step,NASDAQ:ADBE,0.0
2020-11-27,17,AR1 alpha + Enhanced + One-Step,NASDAQ:ADBE,0.0
2020-11-30,17,AR1 alpha + Enhanced + One-Step,NASDAQ:ADBE,0.0
2020-12-01,17,AR1 alpha + Enhanced + One-Step,NASDAQ:ADBE,1.319697342676531e-07
2020-12-04,17,AR1 alpha + Enhanced + One-Step,NASDAQ:ADBE,6.726960247143148e-08
2020-12-07,17,AR1 alpha + Enhanced + One-Step,NASDAQ:ADBE,0.0
2020-12-08,17,AR1 alpha + Enhanced + One-Step,NASDAQ:ADBE,0.0
2020-12-09,17,AR1 alpha + Enhanced + One-Step,NASDAQ:ADBE,0.0
2020-12-10,17,AR1 alpha + Enhanced + One-Step,NASDAQ:ADBE,1.5928385757804646e-07
2020-12-11,17,AR1 alpha + Enhanced + One-Step,NASDAQ:ADBE,0.0
2020-12-14,17,AR1 alpha + Enhanced + One-Step,NASDAQ:ADBE,2.905604651983043e-09
2020-12-15,17,AR1 alpha + Enhanced + One-Step,NASDAQ:ADBE,6.87097538830858e-08
2020-12-16,17,AR1 alpha + Enhanced + One-Step,NASDAQ:ADBE,0.0
2020-12-17,17,AR1 alpha + Enhanced + One-Step,NASDAQ:ADBE,0.0
2020-12-18,17,AR1 alpha + Enhanced + One-Step,NASDAQ:ADBE,1.9376893104942116e-06
2020-12-21,17,AR1 alpha + Enhanced + One-Step,NASDAQ:ADBE,1.6324038317570917e-06
2020-12-22,17,AR1 alpha + Enhanced + One-Step,NASDAQ:ADBE,1.021773045696081e-06
2020-12-23,17,AR1 alpha + Enhanced + One-Step,NASDAQ:ADBE,0.0
2020-12-24,17,AR1 alpha + Enhanced + One-Step,NASDAQ:ADBE,0.0
2020-12-28,17,AR1 alpha + Enhanced + One-Step,NASDAQ:ADBE,0.0
2020-12-29,17,AR1 alpha + Enhanced + One-Step,NASDAQ:ADBE,0.0
2020-12-30,17,AR1 alpha + Enhanced + One-Step,NASDAQ:ADBE,0.0
2020-12-31,17,AR1 alpha + Enhanced + One-Step,NASDAQ:ADBE,0.0
2021-01-04,17,AR1 alpha + Enhanced + One-Step,NASDAQ:ADBE,1.2063526348693197e-08
2021-01-05,17,AR1 alpha + Enhanced + One-Step,NASDAQ:ADBE,1.204194317159588e-08
2021-01-06,17,AR1 alpha + Enhanced + One-Step,NASDAQ:ADBE,0.008744579331132358
2021-01-07,17,AR1 alpha + Enhanced + One-Step,NASDAQ:ADBE,0.008743941872637509
2021-01-08,17,AR1 alpha + Enhanced + One-Step,NASDAQ:ADBE,7.972267290049442e-07
2021-01-11,17,AR1 alpha + Enhanced + One-Step,NASDAQ:ADBE,8.969229902750371e-07
2021-01-12,17,AR1 alpha + Enhanced + One-Step,NASDAQ:ADBE,0.0
2021-01-13,17,AR1 alpha + Enhanced + One-Step,NASDAQ:ADBE,1.8356586183078145e-07
2021-01-14,17,AR1 alpha + Enhanced + One-Step,NASDAQ:ADBE,1.6027578461274708e-07
2021-01-15,17,AR1 alpha + Enhanced + One-Step,NASDAQ:ADBE,2.581338423935227e-07
2021-01-19,17,AR1 alpha + Enhanced + One-Step,NASDAQ:ADBE,2.5281071059162772e-08
2021-01-20,17,AR1 alpha + Enhanced + One-Step,NASDAQ:ADBE,0.0
2021-01-21,17,AR1 alpha + Enhanced + One-Step,NASDAQ:ADBE,0.0
2021-01-22,17,AR1 alpha + Enhanced + One-Step,NASDAQ:ADBE,0.0
2021-01-25,17,AR1 alpha + Enhanced + One-Step,NASDAQ:ADBE,0.0
2021-01-26,17,AR1 alpha + Enhanced + One-Step,NASDAQ:ADBE,0.0
2021-01-27,17,AR1 alpha + Enhanced + One-Step,NASDAQ:ADBE,4.772372024331079e-07
2021-01-28,17,AR1 alpha + Enhanced + One-Step,NASDAQ:ADBE,2.0117324347192113e-06
2021-01-29,17,AR1 alpha + Enhanced + One-Step,NASDAQ:ADBE,1.133265740779428e-06
2021-02-01,17,AR1 alpha + Enhanced + One-Step,NASDAQ:ADBE,7.16433947819879e-07
2021-02-02,17,AR1 alpha + Enhanced + One-Step,NASDAQ:ADBE,4.7328940196702466e-07
2021-02-03,17,AR1 alpha + Enhanced + One-Step,NASDAQ:ADBE,0.0
2021-02-04,17,AR1 alpha + Enhanced + One-Step,NASDAQ:ADBE,0.0
2021-02-05,17,AR1 alpha + Enhanced + One-Step,NASDAQ:ADBE,0.0
2021-02-08,17,AR1 alpha + Enhanced + One-Step,NASDAQ:ADBE,3.135613044080904e-07
2021-02-09,17,AR1 alpha + Enhanced + One-Step,NASDAQ:ADBE,0.0
2021-02-10,17,AR1 alpha + Enhanced + One-Step,NASDAQ:ADBE,4.094401650081301e-07
2021-02-11,17,AR1 alpha + Enhanced + One-Step,NASDAQ:ADBE,2.574273658230867e-07
2021-02-12,17,AR1 alpha + Enhanced + One-Step,NASDAQ:ADBE,1.441812783113483e-07
2021-02-16,17,AR1 alpha + Enhanced + One-Step,NASDAQ:ADBE,8.485404699116501e-08
2021-02-17,17,AR1 alpha + Enhanced + One-Step,NASDAQ:ADBE,0.0
2021-02-18,17,AR1 alpha + Enhanced + One-Step,NASDAQ:ADBE,5.40780994240015e-08
2021-02-19,17,AR1 alpha + Enhanced + One-Step,NASDAQ:ADBE,0.0
2021-02-22,17,AR1 alpha + Enhanced + One-Step,NASDAQ:ADBE,9.972333373850092e-07
2021-02-23,17,AR1 alpha + Enhanced + One-Step,NASDAQ:ADBE,1.1742524876765168e-06
2021-02-24,17,AR1 alpha + Enhanced + One-Step,NASDAQ:ADBE,8.925385354760675e-07
2021-02-25,17,AR1 alpha + Enhanced + One-Step,NASDAQ:ADBE,0.0
2021-02-26,17,AR1 alpha + Enhanced + One-Step,NASDAQ:ADBE,0.0
2021-03-01,17,AR1 alpha + Enhanced + One-Step,NASDAQ:ADBE,3.9419006990030795e-08
2021-03-02,17,AR1 alpha + Enhanced + One-Step,NASDAQ:ADBE,0.0
2021-03-03,17,AR1 alpha + Enhanced + One-Step,NASDAQ:ADBE,0.0
2021-03-04,17,AR1 alpha + Enhanced + One-Step,NASDAQ:ADBE,2.2057092080503703e-09
2021-03-05,17,AR1 alpha + Enhanced + One-Step,NASDAQ:ADBE,3.5331385083617517e-07
2021-03-08,17,AR1 alpha + Enhanced + One-Step,NASDAQ:ADBE,0.0054493959319264484
2021-03-09,17,AR1 alpha + Enhanced + One-Step,NASDAQ:ADBE,0.005448776429784142
2021-03-10,17,AR1 alpha + Enhanced + One-Step,NASDAQ:ADBE,0.0054508741358207605
2021-03-11,17,AR1 alpha + Enhanced + One-Step,NASDAQ:ADBE,0.0
2021-03-12,17,AR1 alpha + Enhanced + One-Step,NASDAQ:ADBE,0.0
2021-03-15,17,AR1 alpha + Enhanced + One-Step,NASDAQ:ADBE,1.751098783682591e-06
2021-03-16,17,AR1 alpha + Enhanced + One-Step,NASDAQ:ADBE,1.220184556842779e-06
2021-03-17,17,AR1 alpha + Enhanced + One-Step,NASDAQ:ADBE,7.496695366447884e-07
2021-03-18,17,AR1 alpha + Enhanced + One-Step,NASDAQ:ADBE,7.456390949399058e-07
2021-03-19,17,AR1 alpha + Enhanced + One-Step,NASDAQ:ADBE,0.0
2021-03-22,17,AR1 alpha + Enhanced + One-Step,NASDAQ:ADBE,4.5548143535444625e-07
2021-03-23,17,AR1 alpha + Enhanced + One-Step,NASDAQ:ADBE,1.1061587988577178e-06
2021-03-24,17,AR1 alpha + Enhanced + One-Step,NASDAQ:ADBE,7.039538342694794e-07
2021-03-25,17,AR1 alpha + Enhanced + One-Step,NASDAQ:ADBE,5.556300864283677e-07
2021-03-26,17,AR1 alpha + Enhanced + One-Step,NASDAQ:ADBE,5.761477949505921e-07
2021-03-29,17,AR1 alpha + Enhanced + One-Step,NASDAQ:ADBE,5.452527811562464e-07
2021-03-30,17,AR1 alpha + Enhanced + One-Step,NASDAQ:ADBE,0.0
2021-03-31,17,AR1 alpha + Enhanced + One-Step,NASDAQ:ADBE,0.0
2021-04-01,17,AR1 alpha + Enhanced + One-Step,NASDAQ:ADBE,1.443025246232271e-06
2021-04-05,17,AR1 alpha + Enhanced + One-Step,NASDAQ:ADBE,8.923060304393482e-07
2021-04-06,17,AR1 alpha + Enhanced + One-Step,NASDAQ:ADBE,5.304363442798313e-07
2021-04-07,17,AR1 alpha + Enhanced + One-Step,NASDAQ:ADBE,0.0
2021-04-08,17,AR1 alpha + Enhanced + One-Step,NASDAQ:ADBE,0.0
2021-04-09,17,AR1 alpha + Enhanced + One-Step,NASDAQ:ADBE,0.0
2021-04-12,17,AR1 alpha + Enhanced + One-Step,NASDAQ:ADBE,0.0
2021-04-13,17,AR1 alpha + Enhanced + One-Step,NASDAQ:ADBE,0.0
2021-04-14,17,AR1 alpha + Enhanced + One-Step,NASDAQ:ADBE,0.0
2021-04-15,17,AR1 alpha + Enhanced + One-Step,NASDAQ:ADBE,4.829646133299822e-07
2021-04-16,17,AR1 alpha + Enhanced + One-Step,NASDAQ:ADBE,3.2501034202902236e-07
2021-04-19,17,AR1 alpha + Enhanced + One-Step,NASDAQ:ADBE,1.7927797704442994e-07
2021-04-20,17,AR1 alpha + Enhanced + One-Step,NASDAQ:ADBE,0.0
2021-04-21,17,AR1 alpha + Enhanced + One-Step,NASDAQ:ADBE,0.0
2021-04-22,17,AR1 alpha + Enhanced + One-Step,NASDAQ:ADBE,0.0
2021-04-23,17,AR1 alpha + Enhanced + One-Step,NASDAQ:ADBE,0.0
2021-04-26,17,AR1 alpha + Enhanced + One-Step,NASDAQ:ADBE,0.0
2021-04-27,17,AR1 alpha + Enhanced + One-Step,NASDAQ:ADBE,0.0
2021-04-28,17,AR1 alpha + Enhanced + One-Step,NASDAQ:ADBE,0.0
2021-04-29,17,AR1 alpha + Enhanced + One-Step,NASDAQ:ADBE,0.0
2021-04-30,17,AR1 alpha + Enhanced + One-Step,NASDAQ:ADBE,0.0
2021-05-03,17,AR1 alpha + Enhanced + One-Step,NASDAQ:ADBE,1.8324430293593128e-06
2021-05-04,17,AR1 alpha + Enhanced + One-Step,NASDAQ:ADBE,1.1491424427409094e-06
2021-05-05,17,AR1 alpha + Enhanced + One-Step,NASDAQ:ADBE,7.751603348118865e-07
2021-05-06,17,AR1 alpha + Enhanced + One-Step,NASDAQ:ADBE,1.2945938122040486e-06
2021-05-07,17,AR1 alpha + Enhanced + One-Step,NASDAQ:ADBE,1.0281969199668308e-06
2021-05-10,17,AR1 alpha + Enhanced + One-Step,NASDAQ:ADBE,6.511466860676546e-07
2021-05-11,17,AR1 alpha + Enhanced + One-Step,NASDAQ:ADBE,4.824164433191483e-07
2021-05-12,17,AR1 alpha + Enhanced + One-Step,NASDAQ:ADBE,2.662519469087463e-07
2021-05-13,17,AR1 alpha + Enhanced + One-Step,NASDAQ:ADBE,0.0
2021-05-14,17,AR1 alpha + Enhanced + One-Step,NASDAQ:ADBE,1.320780031515036e-08
2021-05-17,17,AR1 alpha + Enhanced + One-Step,NASDAQ:ADBE,0.0
2021-05-18,17,AR1 alpha + Enhanced + One-Step,NASDAQ:ADBE,4.4456822294219707e-07
2021-05-19,17,AR1 alpha + Enhanced + One-Step,NASDAQ:ADBE,1.0410964601760536e-06
2021-05-20,17,AR1 alpha + Enhanced + One-Step,NASDAQ:ADBE,8.74484826460884e-07
2021-05-21,17,AR1 alpha + Enhanced + One-Step,NASDAQ:ADBE,5.847419332900084e-07
2021-05-24,17,AR1 alpha + Enhanced + One-Step,NASDAQ:ADBE,0.0
2021-05-25,17,AR1 alpha + Enhanced + One-Step,NASDAQ:ADBE,0.0
2021-05-26,17,AR1 alpha + Enhanced + One-Step,NASDAQ:ADBE,0.0
2021-05-27,17,AR1 alpha + Enhanced + One-Step,NASDAQ:ADBE,0.0
2021-05-28,17,AR1 alpha + Enhanced + One-Step,NASDAQ:ADBE,0.0
2021-06-01,17,AR1 alpha + Enhanced + One-Step,NASDAQ:ADBE,0.0
2021-06-02,17,AR1 alpha + Enhanced + One-Step,NASDAQ:ADBE,0.0
2021-06-03,17,AR1 alpha + Enhanced + One-Step,NASDAQ:ADBE,0.0
2021-06-04,17,AR1 alpha + Enhanced + One-Step,NASDAQ:ADBE,0.0
2021-06-07,17,AR1 alpha + Enhanced + One-Step,NASDAQ:ADBE,0.0
2021-06-08,17,AR1 alpha + Enhanced + One-Step,NASDAQ:ADBE,0.0
2021-06-09,17,AR1 alpha + Enhanced + One-Step,NASDAQ:ADBE,0.0
2021-06-10,17,AR1 alpha + Enhanced + One-Step,NASDAQ:ADBE,0.0
2021-06-11,17,AR1 alpha + Enhanced + One-Step,NASDAQ:ADBE,0.0
2021-06-14,17,AR1 alpha + Enhanced + One-Step,NASDAQ:ADBE,0.0
2021-06-15,17,AR1 alpha + Enhanced + One-Step,NASDAQ:ADBE,0.0
2021-06-16,17,AR1 alpha + Enhanced + One-Step,NASDAQ:ADBE,0.0
2021-06-17,17,AR1 alpha + Enhanced + One-Step,NASDAQ:ADBE,0.0
2021-06-18,17,AR1 alpha + Enhanced + One-Step,NASDAQ:ADBE,0.0
2021-06-21,17,AR1 alpha + Enhanced + One-Step,NASDAQ:ADBE,1.2482335109233093e-06
2021-06-22,17,AR1 alpha + Enhanced + One-Step,NASDAQ:ADBE,0.0
2021-06-23,17,AR1 alpha + Enhanced + One-Step,NASDAQ:ADBE,0.0
2021-06-24,17,AR1 alpha + Enhanced + One-Step,NASDAQ:ADBE,1.4890614515472537e-06
2021-06-25,17,AR1 alpha + Enhanced + One-Step,NASDAQ:ADBE,1.6813290240358773e-06
2021-06-28,17,AR1 alpha + Enhanced + One-Step,NASDAQ:ADBE,1.101414543048601e-06
2021-06-29,17,AR1 alpha + Enhanced + One-Step,NASDAQ:ADBE,0.0
2021-06-30,17,AR1 alpha + Enhanced + One-Step,NASDAQ:ADBE,0.0
2021-07-01,17,AR1 alpha + Enhanced + One-Step,NASDAQ:ADBE,0.0
2021-07-02,17,AR1 alpha + Enhanced + One-Step,NASDAQ:ADBE,0.0
2021-07-06,17,AR1 alpha + Enhanced + One-Step,NASDAQ:ADBE,0.0
2021-07-07,17,AR1 alpha + Enhanced + One-Step,NASDAQ:ADBE,9.002840445367209e-07
2021-07-08,17,AR1 alpha + Enhanced + One-Step,NASDAQ:ADBE,4.906176453995887e-07
2021-07-09,17,AR1 alpha + Enhanced + One-Step,NASDAQ:ADBE,0.0
2021-07-12,17,AR1 alpha + Enhanced + One-Step,NASDAQ:ADBE,0.0
2021-07-13,17,AR1 alpha + Enhanced + One-Step,NASDAQ:ADBE,0.0
2021-07-14,17,AR1 alpha + Enhanced + One-Step,NASDAQ:ADBE,0.0
2021-07-15,17,AR1 alpha + Enhanced + One-Step,NASDAQ:ADBE,0.0
2021-07-16,17,AR1 alpha + Enhanced + One-Step,NASDAQ:ADBE,0.0
2021-07-19,17,AR1 alpha + Enhanced + One-Step,NASDAQ:ADBE,0.0
2021-07-20,17,AR1 alpha + Enhanced + One-Step,NASDAQ:ADBE,0.0
2021-07-21,17,AR1 alpha + Enhanced + One-Step,NASDAQ:ADBE,4.4871645236436817e-07
2021-07-22,17,AR1 alpha + Enhanced + One-Step,NASDAQ:ADBE,0.0
2021-07-23,17,AR1 alpha + Enhanced + One-Step,NASDAQ:ADBE,0.0
2021-07-26,17,AR1 alpha + Enhanced + One-Step,NASDAQ:ADBE,0.0
2021-07-27,17,AR1 alpha + Enhanced + One-Step,NASDAQ:ADBE,5.723237585289877e-09
2021-07-28,17,AR1 alpha + Enhanced + One-Step,NASDAQ:ADBE,0.0
2021-07-29,17,AR1 alpha + Enhanced + One-Step,NASDAQ:ADBE,0.0
2021-07-30,17,AR1 alpha + Enhanced + One-Step,NASDAQ:ADBE,0.0
2021-08-02,17,AR1 alpha + Enhanced + One-Step,NASDAQ:ADBE,3.055421807789848e-07
2021-08-03,17,AR1 alpha + Enhanced + One-Step,NASDAQ:ADBE,1.9584254721169755e-07
2021-08-04,17,AR1 alpha + Enhanced + One-Step,NASDAQ:ADBE,0.0
2021-08-05,17,AR1 alpha + Enhanced + One-Step,NASDAQ:ADBE,0.0
2021-08-06,17,AR1 alpha + Enhanced + One-Step,NASDAQ:ADBE,6.048130222027042e-08
2021-08-09,17,AR1 alpha + Enhanced + One-Step,NASDAQ:ADBE,5.001526780994964e-07
2021-08-10,17,AR1 alpha + Enhanced + One-Step,NASDAQ:ADBE,2.596406145198197e-07
2021-08-11,17,AR1 alpha + Enhanced + One-Step,NASDAQ:ADBE,3.6785261835366825e-07
2021-08-12,17,AR1 alpha + Enhanced + One-Step,NASDAQ:ADBE,0.0
2021-08-13,17,AR1 alpha + Enhanced + One-Step,NASDAQ:ADBE,3.834313661896929e-07
2021-08-16,17,AR1 alpha + Enhanced + One-Step,NASDAQ:ADBE,2.3414941973284963e-06
2021-08-17,17,AR1 alpha + Enhanced + One-Step,NASDAQ:ADBE,3.3012319414176232e-06
2021-08-18,17,AR1 alpha + Enhanced + One-Step,NASDAQ:ADBE,3.372636956420212e-06
2021-08-19,17,AR1 alpha + Enhanced + One-Step,NASDAQ:ADBE,3.1142608968719353e-06
2021-08-20,17,AR1 alpha + Enhanced + One-Step,NASDAQ:ADBE,1.3933214075809815e-06
2021-08-23,17,AR1 alpha + Enhanced + One-Step,NASDAQ:ADBE,9.355488138045149e-07
2021-08-24,17,AR1 alpha + Enhanced + One-Step,NASDAQ:ADBE,0.0
2021-08-25,17,AR1 alpha + Enhanced + One-Step,NASDAQ:ADBE,3.070691885508169e-08
2021-08-26,17,AR1 alpha + Enhanced + One-Step,NASDAQ:ADBE,0.0
2021-08-27,17,AR1 alpha + Enhanced + One-Step,NASDAQ:ADBE,0.0
2021-08-30,17,AR1 alpha + Enhanced + One-Step,NASDAQ:ADBE,0.0
2021-08-31,17,AR1 alpha + Enhanced + One-Step,NASDAQ:ADBE,5.5648856399236034e-08
2021-09-01,17,AR1 alpha + Enhanced + One-Step,NASDAQ:ADBE,0.0
2021-09-02,17,AR1 alpha + Enhanced + One-Step,NASDAQ:ADBE,0.0
2021-09-03,17,AR1 alpha + Enhanced + One-Step,NASDAQ:ADBE,0.0
2021-09-07,17,AR1 alpha + Enhanced + One-Step,NASDAQ:ADBE,0.0
2021-09-08,17,AR1 alpha + Enhanced + One-Step,NASDAQ:ADBE,0.0
2021-09-09,17,AR1 alpha + Enhanced + One-Step,NASDAQ:ADBE,0.0
2021-09-10,17,AR1 alpha + Enhanced + One-Step,NASDAQ:ADBE,0.0
2021-09-13,17,AR1 alpha + Enhanced + One-Step,NASDAQ:ADBE,4.663474105069566e-07
2021-09-14,17,AR1 alpha + Enhanced + One-Step,NASDAQ:ADBE,3.101285589824262e-07
2021-09-15,17,AR1 alpha + Enhanced + One-Step,NASDAQ:ADBE,0.0
2021-09-16,17,AR1 alpha + Enhanced + One-Step,NASDAQ:ADBE,0.0
2021-09-17,17,AR1 alpha + Enhanced + One-Step,NASDAQ:ADBE,2.824462141437023e-07
2021-09-20,17,AR1 alpha + Enhanced + One-Step,NASDAQ:ADBE,7.359581551817683e-07
2021-09-21,17,AR1 alpha + Enhanced + One-Step,NASDAQ:ADBE,1.3716182704519811e-06
2021-09-22,17,AR1 alpha + Enhanced + One-Step,NASDAQ:ADBE,7.669301050892869e-07
2021-09-23,17,AR1 alpha + Enhanced + One-Step,NASDAQ:ADBE,1.0871139661642736e-06
2021-09-24,17,AR1 alpha + Enhanced + One-Step,NASDAQ:ADBE,6.420156036343378e-07
2021-09-27,17,AR1 alpha + Enhanced + One-Step,NASDAQ:ADBE,3.503792193408218e-07
2021-09-28,17,AR1 alpha + Enhanced + One-Step,NASDAQ:ADBE,7.129295849621457e-08
2021-09-29,17,AR1 alpha + Enhanced + One-Step,NASDAQ:ADBE,4.780306612721854e-07
2021-09-30,17,AR1 alpha + Enhanced + One-Step,NASDAQ:ADBE,3.078160907529336e-07
2021-10-01,17,AR1 alpha + Enhanced + One-Step,NASDAQ:ADBE,2.240573886469471e-07
2021-10-04,17,AR1 alpha + Enhanced + One-Step,NASDAQ:ADBE,1.8219851413368778e-07
2021-10-05,17,AR1 alpha + Enhanced + One-Step,NASDAQ:ADBE,0.0
2021-10-06,17,AR1 alpha + Enhanced + One-Step,NASDAQ:ADBE,0.0
2021-10-07,17,AR1 alpha + Enhanced + One-Step,NASDAQ:ADBE,0.0
2021-10-08,17,AR1 alpha + Enhanced + One-Step,NASDAQ:ADBE,0.0
2021-10-11,17,AR1 alpha + Enhanced + One-Step,NASDAQ:ADBE,0.0
2021-10-12,17,AR1 alpha + Enhanced + One-Step,NASDAQ:ADBE,2.3669771529059857e-07
2021-10-13,17,AR1 alpha + Enhanced + One-Step,NASDAQ:ADBE,2.2757042986674921e-07
2021-10-14,17,AR1 alpha + Enhanced + One-Step,NASDAQ:ADBE,1.4000292236395126e-07
2021-10-15,17,AR1 alpha + Enhanced + One-Step,NASDAQ:ADBE,1.2454759192100382e-07
2021-10-18,17,AR1 alpha + Enhanced + One-Step,NASDAQ:ADBE,0.0
2021-10-19,17,AR1 alpha + Enhanced + One-Step,NASDAQ:ADBE,0.0
2021-10-20,17,AR1 alpha + Enhanced + One-Step,NASDAQ:ADBE,3.7535114629082835e-07
2021-10-21,17,AR1 alpha + Enhanced + One-Step,NASDAQ:ADBE,3.3908460295014773e-07
2021-10-22,17,AR1 alpha + Enhanced + One-Step,NASDAQ:ADBE,1.432416354094543e-07
2021-10-25,17,AR1 alpha + Enhanced + One-Step,NASDAQ:ADBE,0.0
2021-10-26,17,AR1 alpha + Enhanced + One-Step,NASDAQ:ADBE,0.0
2021-10-27,17,AR1 alpha + Enhanced + One-Step,NASDAQ:ADBE,0.0
2021-10-28,17,AR1 alpha + Enhanced + One-Step,NASDAQ:ADBE,1.088166923221396e-08
2021-10-29,17,AR1 alpha + Enhanced + One-Step,NASDAQ:ADBE,5.103460705271628e-07
2021-11-01,17,AR1 alpha + Enhanced + One-Step,NASDAQ:ADBE,0.0
2021-11-02,17,AR1 alpha + Enhanced + One-Step,NASDAQ:ADBE,0.0
2021-11-03,17,AR1 alpha + Enhanced + One-Step,NASDAQ:ADBE,1.5122872554739922e-06
2021-11-04,17,AR1 alpha + Enhanced + One-Step,NASDAQ:ADBE,1.1198552105277371e-06
2021-11-05,17,AR1 alpha + Enhanced + One-Step,NASDAQ:ADBE,7.34453846987549e-07
2021-11-08,17,AR1 alpha + Enhanced + One-Step,NASDAQ:ADBE,0.0
2021-11-09,17,AR1 alpha + Enhanced + One-Step,NASDAQ:ADBE,3.149833986200772e-08
2021-11-10,17,AR1 alpha + Enhanced + One-Step,NASDAQ:ADBE,7.556507186482115e-07
2021-11-11,17,AR1 alpha + Enhanced + One-Step,NASDAQ:ADBE,0.003558508755360683
2021-11-12,17,AR1 alpha + Enhanced + One-Step,NASDAQ:ADBE,0.00376976975962259
2021-11-15,17,AR1 alpha + Enhanced + One-Step,NASDAQ:ADBE,0.003770484303515556
2021-11-16,17,AR1 alpha + Enhanced + One-Step,NASDAQ:ADBE,0.003770419418280833
2021-11-17,17,AR1 alpha + Enhanced + One-Step,NASDAQ:ADBE,0.003769295062880354
2021-11-18,17,AR1 alpha + Enhanced + One-Step,NASDAQ:ADBE,0.0037692398539482456
2021-11-19,17,AR1 alpha + Enhanced + One-Step,NASDAQ:ADBE,0.003769631000036563
2021-11-22,17,AR1 alpha + Enhanced + One-Step,NASDAQ:ADBE,0.003769958653720697
2021-11-23,17,AR1 alpha + Enhanced + One-Step,NASDAQ:ADBE,0.0037683831480571695
2021-11-24,17,AR1 alpha + Enhanced + One-Step,NASDAQ:ADBE,0.0037683435708052563
2021-11-26,17,AR1 alpha + Enhanced + One-Step,NASDAQ:ADBE,0.0037677932945157765
2021-11-29,17,AR1 alpha + Enhanced + One-Step,NASDAQ:ADBE,0.00376776450539949
2021-11-30,17,AR1 alpha + Enhanced + One-Step,NASDAQ:ADBE,0.0037674645163897056
2021-12-01,17,AR1 alpha + Enhanced + One-Step,NASDAQ:ADBE,0.003767323863242939
2021-12-02,17,AR1 alpha + Enhanced + One-Step,NASDAQ:ADBE,0.003765787733288139
2021-12-03,17,AR1 alpha + Enhanced + One-Step,NASDAQ:ADBE,0.028724844267939486
2021-12-06,17,AR1 alpha + Enhanced + One-Step,NASDAQ:ADBE,0.028724756363564204
2021-12-07,17,AR1 alpha + Enhanced + One-Step,NASDAQ:ADBE,0.02872477446760249
2021-12-08,17,AR1 alpha + Enhanced + One-Step,NASDAQ:ADBE,0.028724747320032478
2021-12-09,17,AR1 alpha + Enhanced + One-Step,NASDAQ:ADBE,0.02872362985380166
2021-12-10,17,AR1 alpha + Enhanced + One-Step,NASDAQ:ADBE,0.028722378290304763
2021-12-13,17,AR1 alpha + Enhanced + One-Step,NASDAQ:ADBE,0.01558151849685557
2021-12-14,17,AR1 alpha + Enhanced + One-Step,NASDAQ:ADBE,0.019848875821962653
2021-12-15,17,AR1 alpha + Enhanced + One-Step,NASDAQ:ADBE,0.0198491368050084
2021-12-16,17,AR1 alpha + Enhanced + One-Step,NASDAQ:ADBE,0.04485903493827635
2021-12-17,17,AR1 alpha + Enhanced + One-Step,NASDAQ:ADBE,0.06986295522503755
2021-12-20,17,AR1 alpha + Enhanced + One-Step,NASDAQ:ADBE,0.0949186225859203
2021-12-21,17,AR1 alpha + Enhanced + One-Step,NASDAQ:ADBE,0.09999637372519882
2021-12-22,17,AR1 alpha + Enhanced + One-Step,NASDAQ:ADBE,0.09999737506183523
2021-12-23,17,AR1 alpha + Enhanced + One-Step,NASDAQ:ADBE,0.09999823955537998
2021-12-27,17,AR1 alpha + Enhanced + One-Step,NASDAQ:ADBE,0.09999870377563794
2021-12-28,17,AR1 alpha + Enhanced + One-Step,NASDAQ:ADBE,0.09999915215854412
2021-12-29,17,AR1 alpha + Enhanced + One-Step,NASDAQ:ADBE,0.09999925817721768
2021-12-30,17,AR1 alpha + Enhanced + One-Step,NASDAQ:ADBE,0.09999878847794226
2021-12-31,17,AR1 alpha + Enhanced + One-Step,NASDAQ:ADBE,0.09999876580279785
2022-01-03,17,AR1 alpha + Enhanced + One-Step,NASDAQ:ADBE,0.09999871392056685
2022-01-04,17,AR1 alpha + Enhanced + One-Step,NASDAQ:ADBE,0.099999137431825
2022-01-05,17,AR1 alpha + Enhanced + One-Step,NASDAQ:ADBE,0.09999949651870264
2022-01-06,17,AR1 alpha + Enhanced + One-Step,NASDAQ:ADBE,0.09999968895744606
2022-01-07,17,AR1 alpha + Enhanced + One-Step,NASDAQ:ADBE,0.09999969659988507
2022-01-10,17,AR1 alpha + Enhanced + One-Step,NASDAQ:ADBE,0.08631889529235529
2022-01-11,17,AR1 alpha + Enhanced + One-Step,NASDAQ:ADBE,0.08631870860685709
2022-01-12,17,AR1 alpha + Enhanced + One-Step,NASDAQ:ADBE,0.08288140970828767
2022-01-13,17,AR1 alpha + Enhanced + One-Step,NASDAQ:ADBE,0.08288126966849847
2022-01-14,17,AR1 alpha + Enhanced + One-Step,NASDAQ:ADBE,0.07072598473207393
2022-01-18,17,AR1 alpha + Enhanced + One-Step,NASDAQ:ADBE,0.07072618355762446
2022-01-19,17,AR1 alpha + Enhanced + One-Step,NASDAQ:ADBE,0.07072546259043712
2022-01-20,17,AR1 alpha + Enhanced + One-Step,NASDAQ:ADBE,0.07072552373754076
2022-01-21,17,AR1 alpha + Enhanced + One-Step,NASDAQ:ADBE,0.07072482677844426
2022-01-24,17,AR1 alpha + Enhanced + One-Step,NASDAQ:ADBE,0.07027058494925707
2022-01-25,17,AR1 alpha + Enhanced + One-Step,NASDAQ:ADBE,0.07027056000923379
2022-01-26,17,AR1 alpha + Enhanced + One-Step,NASDAQ:ADBE,0.070270587883732
2022-01-27,17,AR1 alpha + Enhanced + One-Step,NASDAQ:ADBE,0.07027027860939543
2022-01-28,17,AR1 alpha + Enhanced + One-Step,NASDAQ:ADBE,0.05231497343393622
2022-01-31,17,AR1 alpha + Enhanced + One-Step,NASDAQ:ADBE,0.05231539348580144
2022-02-01,17,AR1 alpha + Enhanced + One-Step,NASDAQ:ADBE,0.040728528692932135
2022-02-02,17,AR1 alpha + Enhanced + One-Step,NASDAQ:ADBE,0.03211019655102578
2022-02-03,17,AR1 alpha + Enhanced + One-Step,NASDAQ:ADBE,0.03210944779714332
2022-02-04,17,AR1 alpha + Enhanced + One-Step,NASDAQ:ADBE,0.032108955391565136
2022-02-07,17,AR1 alpha + Enhanced + One-Step,NASDAQ:ADBE,0.032108910936001
2022-02-08,17,AR1 alpha + Enhanced + One-Step,NASDAQ:ADBE,0.03210895370281988
2022-02-09,17,AR1 alpha + Enhanced + One-Step,NASDAQ:ADBE,0.03210892801884485
2022-02-10,17,AR1 alpha + Enhanced + One-Step,NASDAQ:ADBE,0.03210893710126111
2022-02-11,17,AR1 alpha + Enhanced + One-Step,NASDAQ:ADBE,0.0321094488836167
2022-02-14,17,AR1 alpha + Enhanced + One-Step,NASDAQ:ADBE,0.03210937618947308
2022-02-15,17,AR1 alpha + Enhanced + One-Step,NASDAQ:ADBE,0.03210941089368358
2022-02-16,17,AR1 alpha + Enhanced + One-Step,NASDAQ:ADBE,0.03210917937450878
2022-02-17,17,AR1 alpha + Enhanced + One-Step,NASDAQ:ADBE,0.032108959083384014
2022-02-18,17,AR1 alpha + Enhanced + One-Step,NASDAQ:ADBE,0.036242936799059156
2022-02-22,17,AR1 alpha + Enhanced + One-Step,NASDAQ:ADBE,0.03624293001954544
2022-02-23,17,AR1 alpha + Enhanced + One-Step,NASDAQ:ADBE,0.03624295556485773
2022-02-24,17,AR1 alpha + Enhanced + One-Step,NASDAQ:ADBE,0.024312481291198347
2022-02-25,17,AR1 alpha + Enhanced + One-Step,NASDAQ:ADBE,0.016531860997043814
2022-02-28,17,AR1 alpha + Enhanced + One-Step,NASDAQ:ADBE,0.016531884717583403
2022-03-01,17,AR1 alpha + Enhanced + One-Step,NASDAQ:ADBE,0.016532071217729913
2022-03-02,17,AR1 alpha + Enhanced + One-Step,NASDAQ:ADBE,0.016531909069797443
2022-03-03,17,AR1 alpha + Enhanced + One-Step,NASDAQ:ADBE,0.016531885863710245
2022-03-04,17,AR1 alpha + Enhanced + One-Step,NASDAQ:ADBE,0.016530479479126874
2022-03-07,17,AR1 alpha + Enhanced + One-Step,NASDAQ:ADBE,0.016531455691409333
2022-03-08,17,AR1 alpha + Enhanced + One-Step,NASDAQ:ADBE,0.016531448893586195
2022-03-09,17,AR1 alpha + Enhanced + One-Step,NASDAQ:ADBE,0.01653107300463686
2022-03-10,17,AR1 alpha + Enhanced + One-Step,NASDAQ:ADBE,0.016531187543525103
2022-03-11,17,AR1 alpha + Enhanced + One-Step,NASDAQ:ADBE,0.016530327817746934
2022-03-14,17,AR1 alpha + Enhanced + One-Step,NASDAQ:ADBE,0.016529351881501817
2022-03-15,17,AR1 alpha + Enhanced + One-Step,NASDAQ:ADBE,0.01652857356817087
2022-03-16,17,AR1 alpha + Enhanced + One-Step,NASDAQ:ADBE,0.01652855674699732
2022-03-17,17,AR1 alpha + Enhanced + One-Step,NASDAQ:ADBE,0.016528680692664183
2022-03-18,17,AR1 alpha + Enhanced + One-Step,NASDAQ:ADBE,0.016528619201658698
2022-03-21,17,AR1 alpha + Enhanced + One-Step,NASDAQ:ADBE,0.01048213559724727
2022-03-22,17,AR1 alpha + Enhanced + One-Step,NASDAQ:ADBE,1.0181173354348673e-06
2022-03-23,17,AR1 alpha + Enhanced + One-Step,NASDAQ:ADBE,5.845580214774389e-07
2022-03-24,17,AR1 alpha + Enhanced + One-Step,NASDAQ:ADBE,0.0
2022-03-25,17,AR1 alpha + Enhanced + One-Step,NASDAQ:ADBE,0.0
2022-03-28,17,AR1 alpha + Enhanced + One-Step,NASDAQ:ADBE,0.0
2022-03-29,17,AR1 alpha + Enhanced + One-Step,NASDAQ:ADBE,0.0
2022-03-30,17,AR1 alpha + Enhanced + One-Step,NASDAQ:ADBE,2.5849109708253286e-08
2022-03-31,17,AR1 alpha + Enhanced + One-Step,NASDAQ:ADBE,0.0
2022-04-01,17,AR1 alpha + Enhanced + One-Step,NASDAQ:ADBE,0.0
2022-04-04,17,AR1 alpha + Enhanced + One-Step,NASDAQ:ADBE,0.0
2022-04-05,17,AR1 alpha + Enhanced + One-Step,NASDAQ:ADBE,0.0
2022-04-06,17,AR1 alpha + Enhanced + One-Step,NASDAQ:ADBE,0.0
2022-04-07,17,AR1 alpha + Enhanced + One-Step,NASDAQ:ADBE,0.0
2022-04-08,17,AR1 alpha + Enhanced + One-Step,NASDAQ:ADBE,1.9940068647810465e-07
2022-04-11,17,AR1 alpha + Enhanced + One-Step,NASDAQ:ADBE,0.0
2022-04-12,17,AR1 alpha + Enhanced + One-Step,NASDAQ:ADBE,0.0
2022-04-13,17,AR1 alpha + Enhanced + One-Step,NASDAQ:ADBE,3.167109290014991e-08
2022-04-14,17,AR1 alpha + Enhanced + One-Step,NASDAQ:ADBE,0.0
2022-04-18,17,AR1 alpha + Enhanced + One-Step,NASDAQ:ADBE,0.0
2022-04-19,17,AR1 alpha + Enhanced + One-Step,NASDAQ:ADBE,0.0
2022-04-20,17,AR1 alpha + Enhanced + One-Step,NASDAQ:ADBE,0.0
2022-04-21,17,AR1 alpha + Enhanced + One-Step,NASDAQ:ADBE,0.0
2022-04-22,17,AR1 alpha + Enhanced + One-Step,NASDAQ:ADBE,0.0
2022-04-25,17,AR1 alpha + Enhanced + One-Step,NASDAQ:ADBE,0.0
2022-04-26,17,AR1 alpha + Enhanced + One-Step,NASDAQ:ADBE,9.972558902512357e-08
2022-04-27,17,AR1 alpha + Enhanced + One-Step,NASDAQ:ADBE,0.0
2022-04-28,17,AR1 alpha + Enhanced + One-Step,NASDAQ:ADBE,0.0
2022-04-29,17,AR1 alpha + Enhanced + One-Step,NASDAQ:ADBE,0.0
2022-05-02,17,AR1 alpha + Enhanced + One-Step,NASDAQ:ADBE,0.0
2022-05-03,17,AR1 alpha + Enhanced + One-Step,NASDAQ:ADBE,0.0
2022-05-04,17,AR1 alpha + Enhanced + One-Step,NASDAQ:ADBE,0.0
2022-05-05,17,AR1 alpha + Enhanced + One-Step,NASDAQ:ADBE,0.0
2022-05-06,17,AR1 alpha + Enhanced + One-Step,NASDAQ:ADBE,0.0
2022-05-09,17,AR1 alpha + Enhanced + One-Step,NASDAQ:ADBE,3.3920318151077624e-10
2022-05-10,17,AR1 alpha + Enhanced + One-Step,NASDAQ:ADBE,0.0
2022-05-11,17,AR1 alpha + Enhanced + One-Step,NASDAQ:ADBE,0.0
2022-05-12,17,AR1 alpha + Enhanced + One-Step,NASDAQ:ADBE,0.0
2022-05-13,17,AR1 alpha + Enhanced + One-Step,NASDAQ:ADBE,0.0
2022-05-16,17,AR1 alpha + Enhanced + One-Step,NASDAQ:ADBE,0.0
2022-05-17,17,AR1 alpha + Enhanced + One-Step,NASDAQ:ADBE,0.0
2022-05-18,17,AR1 alpha + Enhanced + One-Step,NASDAQ:ADBE,0.0
2022-05-19,17,AR1 alpha + Enhanced + One-Step,NASDAQ:ADBE,0.0
2022-05-20,17,AR1 alpha + Enhanced + One-Step,NASDAQ:ADBE,0.0
2022-05-23,17,AR1 alpha + Enhanced + One-Step,NASDAQ:ADBE,0.0
2022-05-24,17,AR1 alpha + Enhanced + One-Step,NASDAQ:ADBE,0.0
2022-05-25,17,AR1 alpha + Enhanced + One-Step,NASDAQ:ADBE,0.0
2022-05-26,17,AR1 alpha + Enhanced + One-Step,NASDAQ:ADBE,0.0
2022-05-27,17,AR1 alpha + Enhanced + One-Step,NASDAQ:ADBE,4.5952861956677945e-07
2022-05-31,17,AR1 alpha + Enhanced + One-Step,NASDAQ:ADBE,0.0
2022-06-01,17,AR1 alpha + Enhanced + One-Step,NASDAQ:ADBE,2.335580725357933e-07
2022-06-02,17,AR1 alpha + Enhanced + One-Step,NASDAQ:ADBE,3.521119550226389e-07
2022-06-03,17,AR1 alpha + Enhanced + One-Step,NASDAQ:ADBE,0.0
2022-06-06,17,AR1 alpha + Enhanced + One-Step,NASDAQ:ADBE,0.0
2022-06-07,17,AR1 alpha + Enhanced + One-Step,NASDAQ:ADBE,0.0
2022-06-08,17,AR1 alpha + Enhanced + One-Step,NASDAQ:ADBE,0.0
2022-06-09,17,AR1 alpha + Enhanced + One-Step,NASDAQ:ADBE,0.0
2022-06-10,17,AR1 alpha + Enhanced + One-Step,NASDAQ:ADBE,0.0
2022-06-13,17,AR1 alpha + Enhanced + One-Step,NASDAQ:ADBE,0.0
2022-06-14,17,AR1 alpha + Enhanced + One-Step,NASDAQ:ADBE,6.414414259395209e-07
2022-06-15,17,AR1 alpha + Enhanced + One-Step,NASDAQ:ADBE,2.827705733281629e-07
2022-06-16,17,AR1 alpha + Enhanced + One-Step,NASDAQ:ADBE,0.0
2022-06-17,17,AR1 alpha + Enhanced + One-Step,NASDAQ:ADBE,0.0
2022-06-21,17,AR1 alpha + Enhanced + One-Step,NASDAQ:ADBE,0.0
2022-06-22,17,AR1 alpha + Enhanced + One-Step,NASDAQ:ADBE,0.0
2022-06-23,17,AR1 alpha + Enhanced + One-Step,NASDAQ:ADBE,0.0
2022-06-24,17,AR1 alpha + Enhanced + One-Step,NASDAQ:ADBE,0.0
2022-06-27,17,AR1 alpha + Enhanced + One-Step,NASDAQ:ADBE,1.424201688967059e-07
2022-06-28,17,AR1 alpha + Enhanced + One-Step,NASDAQ:ADBE,8.508890282787954e-08
2022-06-29,17,AR1 alpha + Enhanced + One-Step,NASDAQ:ADBE,0.0
2022-06-30,17,AR1 alpha + Enhanced + One-Step,NASDAQ:ADBE,8.32957884951217e-08
2022-07-01,17,AR1 alpha + Enhanced + One-Step,NASDAQ:ADBE,1.1766788265722763e-08
2022-07-05,17,AR1 alpha + Enhanced + One-Step,NASDAQ:ADBE,0.0
2022-07-06,17,AR1 alpha + Enhanced + One-Step,NASDAQ:ADBE,0.0
2022-07-07,17,AR1 alpha + Enhanced + One-Step,NASDAQ:ADBE,0.0
2022-07-08,17,AR1 alpha + Enhanced + One-Step,NASDAQ:ADBE,0.0
2022-07-11,17,AR1 alpha + Enhanced + One-Step,NASDAQ:ADBE,0.0
2022-07-12,17,AR1 alpha + Enhanced + One-Step,NASDAQ:ADBE,0.0
2022-07-13,17,AR1 alpha + Enhanced + One-Step,NASDAQ:ADBE,0.0
2022-07-14,17,AR1 alpha + Enhanced + One-Step,NASDAQ:ADBE,0.0
2022-07-15,17,AR1 alpha + Enhanced + One-Step,NASDAQ:ADBE,4.988000919745318e-09
2022-07-18,17,AR1 alpha + Enhanced + One-Step,NASDAQ:ADBE,0.0
2022-07-19,17,AR1 alpha + Enhanced + One-Step,NASDAQ:ADBE,0.0
2022-07-20,17,AR1 alpha + Enhanced + One-Step,NASDAQ:ADBE,0.0
2022-07-21,17,AR1 alpha + Enhanced + One-Step,NASDAQ:ADBE,0.0
2022-07-22,17,AR1 alpha + Enhanced + One-Step,NASDAQ:ADBE,0.0
2022-07-25,17,AR1 alpha + Enhanced + One-Step,NASDAQ:ADBE,3.806166889763695e-07
2022-07-26,17,AR1 alpha + Enhanced + One-Step,NASDAQ:ADBE,0.0
2022-07-27,17,AR1 alpha + Enhanced + One-Step,NASDAQ:ADBE,0.0
2022-07-28,17,AR1 alpha + Enhanced + One-Step,NASDAQ:ADBE,1.9060544514302085e-08
2022-07-29,17,AR1 alpha + Enhanced + One-Step,NASDAQ:ADBE,0.0
2022-08-01,17,AR1 alpha + Enhanced + One-Step,NASDAQ:ADBE,0.0
2022-08-02,17,AR1 alpha + Enhanced + One-Step,NASDAQ:ADBE,0.0
2022-08-03,17,AR1 alpha + Enhanced + One-Step,NASDAQ:ADBE,0.0
2022-08-04,17,AR1 alpha + Enhanced + One-Step,NASDAQ:ADBE,1.6960721556869774e-07
2022-08-05,17,AR1 alpha + Enhanced + One-Step,NASDAQ:ADBE,0.0
2022-08-08,17,AR1 alpha + Enhanced + One-Step,NASDAQ:ADBE,0.0
2022-08-09,17,AR1 alpha + Enhanced + One-Step,NASDAQ:ADBE,4.908664188144627e-07
2022-08-10,17,AR1 alpha + Enhanced + One-Step,NASDAQ:ADBE,0.0
2022-08-11,17,AR1 alpha + Enhanced + One-Step,NASDAQ:ADBE,0.0
2022-08-12,17,AR1 alpha + Enhanced + One-Step,NASDAQ:ADBE,0.0
2022-08-15,17,AR1 alpha + Enhanced + One-Step,NASDAQ:ADBE,0.0
2022-08-16,17,AR1 alpha + Enhanced + One-Step,NASDAQ:ADBE,3.6308893514050075e-08
2022-08-17,17,AR1 alpha + Enhanced + One-Step,NASDAQ:ADBE,5.420812409977918e-07
2022-08-18,17,AR1 alpha + Enhanced + One-Step,NASDAQ:ADBE,0.0
2022-08-19,17,AR1 alpha + Enhanced + One-Step,NASDAQ:ADBE,0.0
2022-08-22,17,AR1 alpha + Enhanced + One-Step,NASDAQ:ADBE,0.0
2022-08-23,17,AR1 alpha + Enhanced + One-Step,NASDAQ:ADBE,0.0
2022-08-24,17,AR1 alpha + Enhanced + One-Step,NASDAQ:ADBE,0.0
2022-08-25,17,AR1 alpha + Enhanced + One-Step,NASDAQ:ADBE,0.0
2022-08-26,17,AR1 alpha + Enhanced + One-Step,NASDAQ:ADBE,0.0
2022-08-29,17,AR1 alpha + Enhanced + One-Step,NASDAQ:ADBE,3.208239561373598e-08
2022-08-30,17,AR1 alpha + Enhanced + One-Step,NASDAQ:ADBE,0.0
2022-08-31,17,AR1 alpha + Enhanced + One-Step,NASDAQ:ADBE,0.0
2022-09-01,17,AR1 alpha + Enhanced + One-Step,NASDAQ:ADBE,1.47575445049183e-07
2022-09-02,17,AR1 alpha + Enhanced + One-Step,NASDAQ:ADBE,8.416202196398801e-08
2022-09-06,17,AR1 alpha + Enhanced + One-Step,NASDAQ:ADBE,5.809089352083548e-08
2022-09-07,17,AR1 alpha + Enhanced + One-Step,NASDAQ:ADBE,4.003429683643365e-08
2022-09-08,17,AR1 alpha + Enhanced + One-Step,NASDAQ:ADBE,1.0474511662018721e-07
2022-09-09,17,AR1 alpha + Enhanced + One-Step,NASDAQ:ADBE,0.0
2022-09-12,17,AR1 alpha + Enhanced + One-Step,NASDAQ:ADBE,0.0
2022-09-13,17,AR1 alpha + Enhanced + One-Step,NASDAQ:ADBE,0.0
2022-09-14,17,AR1 alpha + Enhanced + One-Step,NASDAQ:ADBE,0.0
2022-09-15,17,AR1 alpha + Enhanced + One-Step,NASDAQ:ADBE,0.0
2022-09-16,17,AR1 alpha + Enhanced + One-Step,NASDAQ:ADBE,5.83181812785407e-08
2022-09-19,17,AR1 alpha + Enhanced + One-Step,NASDAQ:ADBE,0.0
2022-09-20,17,AR1 alpha + Enhanced + One-Step,NASDAQ:ADBE,9.734887159551528e-08
2022-09-21,17,AR1 alpha + Enhanced + One-Step,NASDAQ:ADBE,0.0
2022-09-22,17,AR1 alpha + Enhanced + One-Step,NASDAQ:ADBE,0.0
2022-09-23,17,AR1 alpha + Enhanced + One-Step,NASDAQ:ADBE,0.0
2022-09-26,17,AR1 alpha + Enhanced + One-Step,NASDAQ:ADBE,0.0
2022-09-27,17,AR1 alpha + Enhanced + One-Step,NASDAQ:ADBE,0.0
2022-09-28,17,AR1 alpha + Enhanced + One-Step,NASDAQ:ADBE,0.0
2022-09-29,17,AR1 alpha + Enhanced + One-Step,NASDAQ:ADBE,2.3561764335328017e-07
2022-09-30,17,AR1 alpha + Enhanced + One-Step,NASDAQ:ADBE,7.492977004085442e-08
2022-10-03,17,AR1 alpha + Enhanced + One-Step,NASDAQ:ADBE,4.636580024511911e-08
2022-10-04,17,AR1 alpha + Enhanced + One-Step,NASDAQ:ADBE,7.945980638772291e-08
2022-10-05,17,AR1 alpha + Enhanced + One-Step,NASDAQ:ADBE,0.0
2022-10-06,17,AR1 alpha + Enhanced + One-Step,NASDAQ:ADBE,0.0
2022-10-07,17,AR1 alpha + Enhanced + One-Step,NASDAQ:ADBE,5.219619823077599e-08
2022-10-10,17,AR1 alpha + Enhanced + One-Step,NASDAQ:ADBE,0.0
2022-10-11,17,AR1 alpha + Enhanced + One-Step,NASDAQ:ADBE,0.0
2022-10-12,17,AR1 alpha + Enhanced + One-Step,NASDAQ:ADBE,0.0
2022-10-13,17,AR1 alpha + Enhanced + One-Step,NASDAQ:ADBE,1.2295516990972382e-06
2022-10-14,17,AR1 alpha + Enhanced + One-Step,NASDAQ:ADBE,4.945431978097248e-07
2022-10-17,17,AR1 alpha + Enhanced + One-Step,NASDAQ:ADBE,1.7626316454292248e-07
2022-10-18,17,AR1 alpha + Enhanced + One-Step,NASDAQ:ADBE,8.412228098944121e-08
2022-10-19,17,AR1 alpha + Enhanced + One-Step,NASDAQ:ADBE,4.813772426294358e-08
2022-10-20,17,AR1 alpha + Enhanced + One-Step,NASDAQ:ADBE,0.0
2022-10-21,17,AR1 alpha + Enhanced + One-Step,NASDAQ:ADBE,2.7382826796352758e-08
2022-10-24,17,AR1 alpha + Enhanced + One-Step,NASDAQ:ADBE,0.0
2022-10-25,17,AR1 alpha + Enhanced + One-Step,NASDAQ:ADBE,8.193320478844995e-09
2022-10-26,17,AR1 alpha + Enhanced + One-Step,NASDAQ:ADBE,5.154886189999414e-08
2022-10-27,17,AR1 alpha + Enhanced + One-Step,NASDAQ:ADBE,0.0
2022-10-28,17,AR1 alpha + Enhanced + One-Step,NASDAQ:ADBE,0.0
2022-10-31,17,AR1 alpha + Enhanced + One-Step,NASDAQ:ADBE,0.0
2022-11-01,17,AR1 alpha + Enhanced + One-Step,NASDAQ:ADBE,0.0
2022-11-02,17,AR1 alpha + Enhanced + One-Step,NASDAQ:ADBE,3.2579746908335994e-08
2022-11-03,17,AR1 alpha + Enhanced + One-Step,NASDAQ:ADBE,1.0751137269844894e-06
2022-11-04,17,AR1 alpha + Enhanced + One-Step,NASDAQ:ADBE,3.3783027540708784e-07
2022-11-07,17,AR1 alpha + Enhanced + One-Step,NASDAQ:ADBE,0.0
2022-11-08,17,AR1 alpha + Enhanced + One-Step,NASDAQ:ADBE,5.804080509728825e-08
2022-11-09,17,AR1 alpha + Enhanced + One-Step,NASDAQ:ADBE,0.0
2022-11-10,17,AR1 alpha + Enhanced + One-Step,NASDAQ:ADBE,1.306499138521588e-08
2022-11-11,17,AR1 alpha + Enhanced + One-Step,NASDAQ:ADBE,0.0
2022-11-14,17,AR1 alpha + Enhanced + One-Step,NASDAQ:ADBE,0.0
2022-11-15,17,AR1 alpha + Enhanced + One-Step,NASDAQ:ADBE,1.1744976919742746e-08
2022-11-16,17,AR1 alpha + Enhanced + One-Step,NASDAQ:ADBE,0.0
2022-11-17,17,AR1 alpha + Enhanced + One-Step,NASDAQ:ADBE,0.0
2022-11-18,17,AR1 alpha + Enhanced + One-Step,NASDAQ:ADBE,2.692076803815075e-08
2022-11-21,17,AR1 alpha + Enhanced + One-Step,NASDAQ:ADBE,0.0
2022-11-22,17,AR1 alpha + Enhanced + One-Step,NASDAQ:ADBE,0.0
2022-11-23,17,AR1 alpha + Enhanced + One-Step,NASDAQ:ADBE,2.640483665992228e-07
2022-11-25,17,AR1 alpha + Enhanced + One-Step,NASDAQ:ADBE,2.555907713853262e-07
2022-11-28,17,AR1 alpha + Enhanced + One-Step,NASDAQ:ADBE,1.5391869822612977e-07
2022-11-29,17,AR1 alpha + Enhanced + One-Step,NASDAQ:ADBE,8.886057883837023e-08
2022-11-30,17,AR1 alpha + Enhanced + One-Step,NASDAQ:ADBE,4.9241884482017685e-08
2022-12-01,17,AR1 alpha + Enhanced + One-Step,NASDAQ:ADBE,0.0
2022-12-02,17,AR1 alpha + Enhanced + One-Step,NASDAQ:ADBE,3.111939030145903e-08
2022-12-05,17,AR1 alpha + Enhanced + One-Step,NASDAQ:ADBE,0.0
2022-12-06,17,AR1 alpha + Enhanced + One-Step,NASDAQ:ADBE,0.0
2022-12-07,17,AR1 alpha + Enhanced + One-Step,NASDAQ:ADBE,0.0
2022-12-08,17,AR1 alpha + Enhanced + One-Step,NASDAQ:ADBE,0.0
2022-12-09,17,AR1 alpha + Enhanced + One-Step,NASDAQ:ADBE,0.0
2022-12-12,17,AR1 alpha + Enhanced + One-Step,NASDAQ:ADBE,0.0
2022-12-13,17,AR1 alpha + Enhanced + One-Step,NASDAQ:ADBE,0.0
2022-12-14,17,AR1 alpha + Enhanced + One-Step,NASDAQ:ADBE,0.0
2022-12-15,17,AR1 alpha + Enhanced + One-Step,NASDAQ:ADBE,0.0
2022-12-16,17,AR1 alpha + Enhanced + One-Step,NASDAQ:ADBE,0.0
2022-12-19,17,AR1 alpha + Enhanced + One-Step,NASDAQ:ADBE,0.0
2022-12-20,17,AR1 alpha + Enhanced + One-Step,NASDAQ:ADBE,0.0
2022-12-21,17,AR1 alpha + Enhanced + One-Step,NASDAQ:ADBE,0.0
2022-12-22,17,AR1 alpha + Enhanced + One-Step,NASDAQ:ADBE,0.0
2022-12-23,17,AR1 alpha + Enhanced + One-Step,NASDAQ:ADBE,1.4997665682815747e-08
2022-12-27,17,AR1 alpha + Enhanced + One-Step,NASDAQ:ADBE,1.7713670591337506e-08
2022-12-28,17,AR1 alpha + Enhanced + One-Step,NASDAQ:ADBE,0.0
2022-12-29,17,AR1 alpha + Enhanced + One-Step,NASDAQ:ADBE,0.0
2022-12-30,17,AR1 alpha + Enhanced + One-Step,NASDAQ:ADBE,0.0
2023-01-03,17,AR1 alpha + Enhanced + One-Step,NASDAQ:ADBE,3.0969727691140863e-09
2023-01-04,17,AR1 alpha + Enhanced + One-Step,NASDAQ:ADBE,0.0
2023-01-05,17,AR1 alpha + Enhanced + One-Step,NASDAQ:ADBE,3.8551058362459576e-07
2023-01-06,17,AR1 alpha + Enhanced + One-Step,NASDAQ:ADBE,1.8422318684697652e-07
2023-01-09,17,AR1 alpha + Enhanced + One-Step,NASDAQ:ADBE,0.0
2023-01-10,17,AR1 alpha + Enhanced + One-Step,NASDAQ:ADBE,3.9252209568842523e-07
2023-01-11,17,AR1 alpha + Enhanced + One-Step,NASDAQ:ADBE,0.0
2023-01-12,17,AR1 alpha + Enhanced + One-Step,NASDAQ:ADBE,0.0
2023-01-13,17,AR1 alpha + Enhanced + One-Step,NASDAQ:ADBE,0.0
2023-01-17,17,AR1 alpha + Enhanced + One-Step,NASDAQ:ADBE,0.0
2023-01-18,17,AR1 alpha + Enhanced + One-Step,NASDAQ:ADBE,2.517742738748914e-07
2023-01-19,17,AR1 alpha + Enhanced + One-Step,NASDAQ:ADBE,0.0
2023-01-20,17,AR1 alpha + Enhanced + One-Step,NASDAQ:ADBE,0.0
2023-01-23,17,AR1 alpha + Enhanced + One-Step,NASDAQ:ADBE,0.0
2023-01-24,17,AR1 alpha + Enhanced + One-Step,NASDAQ:ADBE,1.1880190792203054e-08
2023-01-25,17,AR1 alpha + Enhanced + One-Step,NASDAQ:ADBE,2.1664166553863675e-08
2023-01-26,17,AR1 alpha + Enhanced + One-Step,NASDAQ:ADBE,0.0
2023-01-27,17,AR1 alpha + Enhanced + One-Step,NASDAQ:ADBE,0.0
2023-01-30,17,AR1 alpha + Enhanced + One-Step,NASDAQ:ADBE,7.531758988586994e-08
2023-01-31,17,AR1 alpha + Enhanced + One-Step,NASDAQ:ADBE,0.0
2023-02-01,17,AR1 alpha + Enhanced + One-Step,NASDAQ:ADBE,0.0
2023-02-02,17,AR1 alpha + Enhanced + One-Step,NASDAQ:ADBE,7.507795981012943e-07
2023-02-03,17,AR1 alpha + Enhanced + One-Step,NASDAQ:ADBE,4.227720514002403e-07
2023-02-06,17,AR1 alpha + Enhanced + One-Step,NASDAQ:ADBE,5.887529116472084e-07
2023-02-07,17,AR1 alpha + Enhanced + One-Step,NASDAQ:ADBE,1.8855047019793035e-06
2023-02-08,17,AR1 alpha + Enhanced + One-Step,NASDAQ:ADBE,9.164335086705834e-07
2023-02-09,17,AR1 alpha + Enhanced + One-Step,NASDAQ:ADBE,4.5720084542402997e-07
2023-02-10,17,AR1 alpha + Enhanced + One-Step,NASDAQ:ADBE,0.0
2023-02-13,17,AR1 alpha + Enhanced + One-Step,NASDAQ:ADBE,1.2026527285277956e-08
2023-02-14,17,AR1 alpha + Enhanced + One-Step,NASDAQ:ADBE,6.804275968046075e-07
2023-02-15,17,AR1 alpha + Enhanced + One-Step,NASDAQ:ADBE,3.8883368129816336e-07
2023-02-16,17,AR1 alpha + Enhanced + One-Step,NASDAQ:ADBE,0.0
2023-02-17,17,AR1 alpha + Enhanced + One-Step,NASDAQ:ADBE,0.0
2023-02-21,17,AR1 alpha + Enhanced + One-Step,NASDAQ:ADBE,0.0
2023-02-22,17,AR1 alpha + Enhanced + One-Step,NASDAQ:ADBE,0.0
2023-02-23,17,AR1 alpha + Enhanced + One-Step,NASDAQ:ADBE,0.0
2023-02-24,17,AR1 alpha + Enhanced + One-Step,NASDAQ:ADBE,1.9159026453300446e-06
2023-02-27,17,AR1 alpha + Enhanced + One-Step,NASDAQ:ADBE,1.1894265791570814e-06
2023-02-28,17,AR1 alpha + Enhanced + One-Step,NASDAQ:ADBE,1.3008126050363362e-06
2023-03-01,17,AR1 alpha + Enhanced + One-Step,NASDAQ:ADBE,7.257162667323413e-07
2023-03-02,17,AR1 alpha + Enhanced + One-Step,NASDAQ:ADBE,0.0
2023-03-03,17,AR1 alpha + Enhanced + One-Step,NASDAQ:ADBE,0.0
2023-03-06,17,AR1 alpha + Enhanced + One-Step,NASDAQ:ADBE,0.0
2023-03-07,17,AR1 alpha + Enhanced + One-Step,NASDAQ:ADBE,0.0
2023-03-08,17,AR1 alpha + Enhanced + One-Step,NASDAQ:ADBE,0.0
2023-03-09,17,AR1 alpha + Enhanced + One-Step,NASDAQ:ADBE,0.0
2023-03-10,17,AR1 alpha + Enhanced + One-Step,NASDAQ:ADBE,0.0
2023-03-13,17,AR1 alpha + Enhanced + One-Step,NASDAQ:ADBE,0.0
2023-03-14,17,AR1 alpha + Enhanced + One-Step,NASDAQ:ADBE,2.312028642192184e-09
2023-03-15,17,AR1 alpha + Enhanced + One-Step,NASDAQ:ADBE,0.0
2023-03-16,17,AR1 alpha + Enhanced + One-Step,NASDAQ:ADBE,7.016788172844788e-09
2023-03-17,17,AR1 alpha + Enhanced + One-Step,NASDAQ:ADBE,0.0
2023-03-20,17,AR1 alpha + Enhanced + One-Step,NASDAQ:ADBE,0.0
2023-03-21,17,AR1 alpha + Enhanced + One-Step,NASDAQ:ADBE,0.0
2023-03-22,17,AR1 alpha + Enhanced + One-Step,NASDAQ:ADBE,0.0
2023-03-23,17,AR1 alpha + Enhanced + One-Step,NASDAQ:ADBE,0.0
2023-03-24,17,AR1 alpha + Enhanced + One-Step,NASDAQ:ADBE,0.007370759774430069
2023-03-27,17,AR1 alpha + Enhanced + One-Step,NASDAQ:ADBE,0.007370643605081917
2023-03-28,17,AR1 alpha + Enhanced + One-Step,NASDAQ:ADBE,0.007370563723965275
2023-03-29,17,AR1 alpha + Enhanced + One-Step,NASDAQ:ADBE,0.007370576595626061
2023-03-30,17,AR1 alpha + Enhanced + One-Step,NASDAQ:ADBE,0.007370602814962477
2023-03-31,17,AR1 alpha + Enhanced + One-Step,NASDAQ:ADBE,0.007370773417934696
2023-04-03,17,AR1 alpha + Enhanced + One-Step,NASDAQ:ADBE,0.007370615748652612
2023-04-04,17,AR1 alpha + Enhanced + One-Step,NASDAQ:ADBE,0.007370523974548811
2023-04-05,17,AR1 alpha + Enhanced + One-Step,NASDAQ:ADBE,0.005654450830539156
2023-04-06,17,AR1 alpha + Enhanced + One-Step,NASDAQ:ADBE,0.005654540956988038
2023-04-10,17,AR1 alpha + Enhanced + One-Step,NASDAQ:ADBE,3.1347188366509325e-06
2023-04-11,17,AR1 alpha + Enhanced + One-Step,NASDAQ:ADBE,0.0
2023-04-12,17,AR1 alpha + Enhanced + One-Step,NASDAQ:ADBE,0.0
2023-04-13,17,AR1 alpha + Enhanced + One-Step,NASDAQ:ADBE,0.0
2023-04-14,17,AR1 alpha + Enhanced + One-Step,NASDAQ:ADBE,4.138583659409769e-08
2023-04-17,17,AR1 alpha + Enhanced + One-Step,NASDAQ:ADBE,9.811893711100612e-08
2023-04-18,17,AR1 alpha + Enhanced + One-Step,NASDAQ:ADBE,4.034842104550535e-09
2023-04-19,17,AR1 alpha + Enhanced + One-Step,NASDAQ:ADBE,0.0
2023-04-20,17,AR1 alpha + Enhanced + One-Step,NASDAQ:ADBE,1.8187646838030572e-08
2023-04-21,17,AR1 alpha + Enhanced + One-Step,NASDAQ:ADBE,0.0
2023-04-24,17,AR1 alpha + Enhanced + One-Step,NASDAQ:ADBE,0.0
2023-04-25,17,AR1 alpha + Enhanced + One-Step,NASDAQ:ADBE,0.0
2023-04-26,17,AR1 alpha + Enhanced + One-Step,NASDAQ:ADBE,0.0
2023-04-27,17,AR1 alpha + Enhanced + One-Step,NASDAQ:ADBE,0.0
2023-04-28,17,AR1 alpha + Enhanced + One-Step,NASDAQ:ADBE,3.9374685078316933e-08
2023-05-01,17,AR1 alpha + Enhanced + One-Step,NASDAQ:ADBE,0.0
2023-05-02,17,AR1 alpha + Enhanced + One-Step,NASDAQ:ADBE,8.705636288174907e-08
2023-05-03,17,AR1 alpha + Enhanced + One-Step,NASDAQ:ADBE,0.0
2023-05-04,17,AR1 alpha + Enhanced + One-Step,NASDAQ:ADBE,0.0
2023-05-05,17,AR1 alpha + Enhanced + One-Step,NASDAQ:ADBE,0.0
2023-05-08,17,AR1 alpha + Enhanced + One-Step,NASDAQ:ADBE,1.1432086216294014e-07
2023-05-09,17,AR1 alpha + Enhanced + One-Step,NASDAQ:ADBE,1.598883263558036e-08
2023-05-10,17,AR1 alpha + Enhanced + One-Step,NASDAQ:ADBE,3.956798187330882e-07
2023-05-11,17,AR1 alpha + Enhanced + One-Step,NASDAQ:ADBE,2.039757834120795e-07
2023-05-12,17,AR1 alpha + Enhanced + One-Step,NASDAQ:ADBE,3.596559848774964e-07
2023-05-15,17,AR1 alpha + Enhanced + One-Step,NASDAQ:ADBE,3.9402280889640744e-08
2023-05-16,17,AR1 alpha + Enhanced + One-Step,NASDAQ:ADBE,7.871136199952135e-08
2023-05-17,17,AR1 alpha + Enhanced + One-Step,NASDAQ:ADBE,0.0
2023-05-18,17,AR1 alpha + Enhanced + One-Step,NASDAQ:ADBE,1.980474949012975e-06
2023-05-19,17,AR1 alpha + Enhanced + One-Step,NASDAQ:ADBE,0.019275864241307804
2023-05-22,17,AR1 alpha + Enhanced + One-Step,NASDAQ:ADBE,0.019275852813983762
2023-05-23,17,AR1 alpha + Enhanced + One-Step,NASDAQ:ADBE,0.019275542417083114
2023-05-24,17,AR1 alpha + Enhanced + One-Step,NASDAQ:ADBE,0.012897125103740071
2023-05-25,17,AR1 alpha + Enhanced + One-Step,NASDAQ:ADBE,0.03789607188867832
2023-05-26,17,AR1 alpha + Enhanced + One-Step,NASDAQ:ADBE,0.06291041843190355
2023-05-30,17,AR1 alpha + Enhanced + One-Step,NASDAQ:ADBE,0.08792258240073594
2023-05-31,17,AR1 alpha + Enhanced + One-Step,NASDAQ:ADBE,0.09999979664779128
2023-06-01,17,AR1 alpha + Enhanced + One-Step,NASDAQ:ADBE,0.09999606109101959
2023-06-02,17,AR1 alpha + Enhanced + One-Step,NASDAQ:ADBE,0.09999603154379409
2023-06-05,17,AR1 alpha + Enhanced + One-Step,NASDAQ:ADBE,0.09999474271227418
2023-06-06,17,AR1 alpha + Enhanced + One-Step,NASDAQ:ADBE,0.09999794747139913
2023-06-07,17,AR1 alpha + Enhanced + One-Step,NASDAQ:ADBE,0.09999881032527361
2023-06-08,17,AR1 alpha + Enhanced + One-Step,NASDAQ:ADBE,0.0999991466018367
2023-06-09,17,AR1 alpha + Enhanced + One-Step,NASDAQ:ADBE,0.09999726444713618
2023-06-12,17,AR1 alpha + Enhanced + One-Step,NASDAQ:ADBE,0.09999726907592117
2023-06-13,17,AR1 alpha + Enhanced + One-Step,NASDAQ:ADBE,0.09999805530367581
2023-06-14,17,AR1 alpha + Enhanced + One-Step,NASDAQ:ADBE,0.09999781718992244
2023-06-15,17,AR1 alpha + Enhanced + One-Step,NASDAQ:ADBE,0.09999708399276294
2023-06-16,17,AR1 alpha + Enhanced + One-Step,NASDAQ:ADBE,0.09999656797788416
2023-06-20,17,AR1 alpha + Enhanced + One-Step,NASDAQ:ADBE,0.099994730292795
2023-06-21,17,AR1 alpha + Enhanced + One-Step,NASDAQ:ADBE,0.0999941706317282
2023-06-22,17,AR1 alpha + Enhanced + One-Step,NASDAQ:ADBE,0.0919783305075263
2023-06-23,17,AR1 alpha + Enhanced + One-Step,NASDAQ:ADBE,0.09197634450000942
2023-06-26,17,AR1 alpha + Enhanced + One-Step,NASDAQ:ADBE,0.09197266788333176
2023-06-27,17,AR1 alpha + Enhanced + One-Step,NASDAQ:ADBE,0.09999905257588662
2023-06-28,17,AR1 alpha + Enhanced + One-Step,NASDAQ:ADBE,0.09999218007649514
2023-06-29,17,AR1 alpha + Enhanced + One-Step,NASDAQ:ADBE,0.0999914775617245
2023-06-30,17,AR1 alpha + Enhanced + One-Step,NASDAQ:ADBE,0.09999335478373708
2023-07-03,17,AR1 alpha + Enhanced + One-Step,NASDAQ:ADBE,0.09977773531961119
2023-07-05,17,AR1 alpha + Enhanced + One-Step,NASDAQ:ADBE,0.0997752569821765
2023-07-06,17,AR1 alpha + Enhanced + One-Step,NASDAQ:ADBE,0.07823614370711543
2023-07-07,17,AR1 alpha + Enhanced + One-Step,NASDAQ:ADBE,0.07554347328348883
2023-07-10,17,AR1 alpha + Enhanced + One-Step,NASDAQ:ADBE,0.09874075023983886
2023-07-11,17,AR1 alpha + Enhanced + One-Step,NASDAQ:ADBE,0.09999702960695897
2023-07-12,17,AR1 alpha + Enhanced + One-Step,NASDAQ:ADBE,0.09999878132684017
2023-07-13,17,AR1 alpha + Enhanced + One-Step,NASDAQ:ADBE,0.099995024948295
2023-07-14,17,AR1 alpha + Enhanced + One-Step,NASDAQ:ADBE,0.09999395252891628
2023-07-17,17,AR1 alpha + Enhanced + One-Step,NASDAQ:ADBE,0.09999477573240813
2023-07-18,17,AR1 alpha + Enhanced + One-Step,NASDAQ:ADBE,0.09999774143459336
2023-07-19,17,AR1 alpha + Enhanced + One-Step,NASDAQ:ADBE,0.09999592354600591
2023-07-20,17,AR1 alpha + Enhanced + One-Step,NASDAQ:ADBE,0.09999509096841565
2023-07-21,17,AR1 alpha + Enhanced + One-Step,NASDAQ:ADBE,0.0999931639036449
2023-07-24,17,AR1 alpha + Enhanced + One-Step,NASDAQ:ADBE,0.09998756387584473
2023-07-25,17,AR1 alpha + Enhanced + One-Step,NASDAQ:ADBE,0.09873872578464901
2023-07-26,17,AR1 alpha + Enhanced + One-Step,NASDAQ:ADBE,0.07632877776798261
2023-07-27,17,AR1 alpha + Enhanced + One-Step,NASDAQ:ADBE,0.06451380936642638
2023-08-01,17,AR1 alpha + Enhanced + One-Step,NASDAQ:ADBE,0.05854831613341784
2023-08-02,17,AR1 alpha + Enhanced + One-Step,NASDAQ:ADBE,0.03353977888838979
2023-08-03,17,AR1 alpha + Enhanced + One-Step,NASDAQ:ADBE,0.008526272753953498
2023-08-04,17,AR1 alpha + Enhanced + One-Step,NASDAQ:ADBE,6.4062912911920205e-06
2023-08-07,17,AR1 alpha + Enhanced + One-Step,NASDAQ:ADBE,4.01369406998081e-06
2023-08-08,17,AR1 alpha + Enhanced + One-Step,NASDAQ:ADBE,2.5451305460045202e-06
2023-08-09,17,AR1 alpha + Enhanced + One-Step,NASDAQ:ADBE,0.0
2023-08-10,17,AR1 alpha + Enhanced + One-Step,NASDAQ:ADBE,0.0
2023-08-11,17,AR1 alpha + Enhanced + One-Step,NASDAQ:ADBE,0.0
2023-08-14,17,AR1 alpha + Enhanced + One-Step,NASDAQ:ADBE,0.0
2023-08-15,17,AR1 alpha + Enhanced + One-Step,NASDAQ:ADBE,8.500151680737354e-08
2023-08-16,17,AR1 alpha + Enhanced + One-Step,NASDAQ:ADBE,0.0
2023-08-17,17,AR1 alpha + Enhanced + One-Step,NASDAQ:ADBE,0.0
2023-08-18,17,AR1 alpha + Enhanced + One-Step,NASDAQ:ADBE,0.0
2023-08-21,17,AR1 alpha + Enhanced + One-Step,NASDAQ:ADBE,0.0
2023-08-22,17,AR1 alpha + Enhanced + One-Step,NASDAQ:ADBE,0.0
2023-08-23,17,AR1 alpha + Enhanced + One-Step,NASDAQ:ADBE,0.018700225943335477
2023-08-24,17,AR1 alpha + Enhanced + One-Step,NASDAQ:ADBE,0.0
2023-08-25,17,AR1 alpha + Enhanced + One-Step,NASDAQ:ADBE,0.00041857451090249794
2023-08-28,17,AR1 alpha + Enhanced + One-Step,NASDAQ:ADBE,0.017219724317572464
2023-08-29,17,AR1 alpha + Enhanced + One-Step,NASDAQ:ADBE,0.04216165420000154
2023-08-30,17,AR1 alpha + Enhanced + One-Step,NASDAQ:ADBE,0.06710060763528507
2023-08-31,17,AR1 alpha + Enhanced + One-Step,NASDAQ:ADBE,0.09205889479894135
2023-09-01,17,AR1 alpha + Enhanced + One-Step,NASDAQ:ADBE,0.09999855178759556
2023-09-05,17,AR1 alpha + Enhanced + One-Step,NASDAQ:ADBE,0.09999036441518684
2023-09-06,17,AR1 alpha + Enhanced + One-Step,NASDAQ:ADBE,0.09998981289531916
2023-09-07,17,AR1 alpha + Enhanced + One-Step,NASDAQ:ADBE,0.09999315291629714
2023-09-08,17,AR1 alpha + Enhanced + One-Step,NASDAQ:ADBE,0.09735613011113045
2023-09-11,17,AR1 alpha + Enhanced + One-Step,NASDAQ:ADBE,0.10000089990683453
2023-09-12,17,AR1 alpha + Enhanced + One-Step,NASDAQ:ADBE,0.07499904867019598
2023-09-13,17,AR1 alpha + Enhanced + One-Step,NASDAQ:ADBE,0.0647615035909445
2023-09-14,17,AR1 alpha + Enhanced + One-Step,NASDAQ:ADBE,0.05196707931391453
2023-09-15,17,AR1 alpha + Enhanced + One-Step,NASDAQ:ADBE,0.02692148321954563
2023-09-18,17,AR1 alpha + Enhanced + One-Step,NASDAQ:ADBE,0.001924290764834092
2023-09-19,17,AR1 alpha + Enhanced + One-Step,NASDAQ:ADBE,0.02330051702821883
2023-09-20,17,AR1 alpha + Enhanced + One-Step,NASDAQ:ADBE,0.03299510769186471
2023-09-21,17,AR1 alpha + Enhanced + One-Step,NASDAQ:ADBE,0.02191734671078683
2023-09-22,17,AR1 alpha + Enhanced + One-Step,NASDAQ:ADBE,0.01880151641954528
2023-09-25,17,AR1 alpha + Enhanced + One-Step,NASDAQ:ADBE,0.018800751802601726
2023-09-26,17,AR1 alpha + Enhanced + One-Step,NASDAQ:ADBE,0.013984866677328537
2023-09-27,17,AR1 alpha + Enhanced + One-Step,NASDAQ:ADBE,0.013984873831884079
2023-09-28,17,AR1 alpha + Enhanced + One-Step,NASDAQ:ADBE,0.018924105141904995
2023-09-29,17,AR1 alpha + Enhanced + One-Step,NASDAQ:ADBE,0.030757424689476467
2023-10-02,17,AR1 alpha + Enhanced + One-Step,NASDAQ:ADBE,0.0557050290458243
2023-10-03,17,AR1 alpha + Enhanced + One-Step,NASDAQ:ADBE,0.05570290931292869
2023-10-04,17,AR1 alpha + Enhanced + One-Step,NASDAQ:ADBE,0.0721153805411277
2023-10-05,17,AR1 alpha + Enhanced + One-Step,NASDAQ:ADBE,0.08816952051785656
2023-10-06,17,AR1 alpha + Enhanced + One-Step,NASDAQ:ADBE,0.09999964029934041
2023-10-09,17,AR1 alpha + Enhanced + One-Step,NASDAQ:ADBE,0.09999913784905219
2023-10-10,17,AR1 alpha + Enhanced + One-Step,NASDAQ:ADBE,0.09999524719728019
2023-10-11,17,AR1 alpha + Enhanced + One-Step,NASDAQ:ADBE,0.0999955166859802
2023-10-12,17,AR1 alpha + Enhanced + One-Step,NASDAQ:ADBE,0.09999682912799657
2023-10-13,17,AR1 alpha + Enhanced + One-Step,NASDAQ:ADBE,0.09999827739914639
2023-10-16,17,AR1 alpha + Enhanced + One-Step,NASDAQ:ADBE,0.0999987972208896
2023-10-17,17,AR1 alpha + Enhanced + One-Step,NASDAQ:ADBE,0.09999827197553497
2023-10-18,17,AR1 alpha + Enhanced + One-Step,NASDAQ:ADBE,0.09999892607612165
2023-10-19,17,AR1 alpha + Enhanced + One-Step,NASDAQ:ADBE,0.09999920931701117
2023-10-20,17,AR1 alpha + Enhanced + One-Step,NASDAQ:ADBE,0.09999947335042739
2023-10-23,17,AR1 alpha + Enhanced + One-Step,NASDAQ:ADBE,0.09999912898674876
2023-10-24,17,AR1 alpha + Enhanced + One-Step,NASDAQ:ADBE,0.09999939260574733
2023-10-25,17,AR1 alpha + Enhanced + One-Step,NASDAQ:ADBE,0.0881394836820818
2023-10-26,17,AR1 alpha + Enhanced + One-Step,NASDAQ:ADBE,0.08813946097880702
2023-10-27,17,AR1 alpha + Enhanced + One-Step,NASDAQ:ADBE,0.0748247741304263
2023-10-30,17,AR1 alpha + Enhanced + One-Step,NASDAQ:ADBE,0.09975823920520427
2023-10-31,17,AR1 alpha + Enhanced + One-Step,NASDAQ:ADBE,0.09999831333031568
2023-11-01,17,AR1 alpha + Enhanced + One-Step,NASDAQ:ADBE,0.09999783804352234
2023-11-02,17,AR1 alpha + Enhanced + One-Step,NASDAQ:ADBE,0.09999869068197503
2023-11-03,17,AR1 alpha + Enhanced + One-Step,NASDAQ:ADBE,0.09999942117055499
2023-11-06,17,AR1 alpha + Enhanced + One-Step,NASDAQ:ADBE,0.09999978775892097
2023-11-07,17,AR1 alpha + Enhanced + One-Step,NASDAQ:ADBE,0.09999505687308673
2023-11-08,17,AR1 alpha + Enhanced + One-Step,NASDAQ:ADBE,0.0999914470566912
2023-11-09,17,AR1 alpha + Enhanced + One-Step,NASDAQ:ADBE,0.09999040484494522
2023-11-10,17,AR1 alpha + Enhanced + One-Step,NASDAQ:ADBE,0.09999287445310626
2023-11-13,17,AR1 alpha + Enhanced + One-Step,NASDAQ:ADBE,0.09999318672914684
2023-11-14,17,AR1 alpha + Enhanced + One-Step,NASDAQ:ADBE,0.099994396009023
2023-11-15,17,AR1 alpha + Enhanced + One-Step,NASDAQ:ADBE,0.09999582141227567
2023-11-16,17,AR1 alpha + Enhanced + One-Step,NASDAQ:ADBE,0.09999571571402854
2023-11-17,17,AR1 alpha + Enhanced + One-Step,NASDAQ:ADBE,0.09999657660271848
2023-11-20,17,AR1 alpha + Enhanced + One-Step,NASDAQ:ADBE,0.09999761589748142
2023-11-21,17,AR1 alpha + Enhanced + One-Step,NASDAQ:ADBE,0.0999983124698089
2023-11-22,17,AR1 alpha + Enhanced + One-Step,NASDAQ:ADBE,0.0999986992928589
2023-11-24,17,AR1 alpha + Enhanced + One-Step,NASDAQ:ADBE,0.09999904790947159
2023-11-27,17,AR1 alpha + Enhanced + One-Step,NASDAQ:ADBE,0.0999990645353731
2023-11-28,17,AR1 alpha + Enhanced + One-Step,NASDAQ:ADBE,0.09999936690788735
2023-11-29,17,AR1 alpha + Enhanced + One-Step,NASDAQ:ADBE,0.09999656946085535
2023-11-30,17,AR1 alpha + Enhanced + One-Step,NASDAQ:ADBE,0.09999427242690692
2023-12-01,17,AR1 alpha + Enhanced + One-Step,NASDAQ:ADBE,0.0999957514035274
2023-12-04,17,AR1 alpha + Enhanced + One-Step,NASDAQ:ADBE,0.09999375183854549
2023-12-05,17,AR1 alpha + Enhanced + One-Step,NASDAQ:ADBE,0.09999334686974538
2023-12-06,17,AR1 alpha + Enhanced + One-Step,NASDAQ:ADBE,0.0999951522201739
2023-12-07,17,AR1 alpha + Enhanced + One-Step,NASDAQ:ADBE,0.09999642478810894
2023-12-08,17,AR1 alpha + Enhanced + One-Step,NASDAQ:ADBE,0.1000006499007147
2023-12-11,17,AR1 alpha + Enhanced + One-Step,NASDAQ:ADBE,0.09999859686435181
2023-12-12,17,AR1 alpha + Enhanced + One-Step,NASDAQ:ADBE,0.09999847770765635
2023-12-13,17,AR1 alpha + Enhanced + One-Step,NASDAQ:ADBE,0.09999911930339672
2023-12-14,17,AR1 alpha + Enhanced + One-Step,NASDAQ:ADBE,0.09999939209590049
2023-12-15,17,AR1 alpha + Enhanced + One-Step,NASDAQ:ADBE,0.09999472590134888
2023-12-18,17,AR1 alpha + Enhanced + One-Step,NASDAQ:ADBE,0.09999554110024218
2023-12-19,17,AR1 alpha + Enhanced + One-Step,NASDAQ:ADBE,0.09999649347284306
2023-12-20,17,AR1 alpha + Enhanced + One-Step,NASDAQ:ADBE,0.09999913578579549
2023-12-21,17,AR1 alpha + Enhanced + One-Step,NASDAQ:ADBE,0.09999938761415222
2023-12-22,17,AR1 alpha + Enhanced + One-Step,NASDAQ:ADBE,0.09999957407389592
2023-12-26,17,AR1 alpha + Enhanced + One-Step,NASDAQ:ADBE,0.09999662910167717
2023-12-27,17,AR1 alpha + Enhanced + One-Step,NASDAQ:ADBE,0.09999750725420589
2023-12-28,17,AR1 alpha + Enhanced + One-Step,NASDAQ:ADBE,0.09999817311089895
2023-12-29,17,AR1 alpha + Enhanced + One-Step,NASDAQ:ADBE,0.09999880209218363
2024-01-02,17,AR1 alpha + Enhanced + One-Step,NASDAQ:ADBE,0.0850327628560744
2024-01-03,17,AR1 alpha + Enhanced + One-Step,NASDAQ:ADBE,0.08503156899180049
2024-01-04,17,AR1 alpha + Enhanced + One-Step,NASDAQ:ADBE,0.08503129751722287
2024-01-05,17,AR1 alpha + Enhanced + One-Step,NASDAQ:ADBE,0.08503138469017389
2024-01-08,17,AR1 alpha + Enhanced + One-Step,NASDAQ:ADBE,0.09993281654618838
2024-01-09,17,AR1 alpha + Enhanced + One-Step,NASDAQ:ADBE,0.09999833820269963
2024-01-10,17,AR1 alpha + Enhanced + One-Step,NASDAQ:ADBE,0.0999916753254737
2024-01-11,17,AR1 alpha + Enhanced + One-Step,NASDAQ:ADBE,0.09999488278493276
2024-01-12,17,AR1 alpha + Enhanced + One-Step,NASDAQ:ADBE,0.0999970535139
2024-01-16,17,AR1 alpha + Enhanced + One-Step,NASDAQ:ADBE,0.09999441186347853
2024-01-17,17,AR1 alpha + Enhanced + One-Step,NASDAQ:ADBE,0.09999259981487207
2024-01-18,17,AR1 alpha + Enhanced + One-Step,NASDAQ:ADBE,0.0999945794912296
2024-01-19,17,AR1 alpha + Enhanced + One-Step,NASDAQ:ADBE,0.09999574379748079
2024-01-22,17,AR1 alpha + Enhanced + One-Step,NASDAQ:ADBE,0.09999630385568517
2024-01-23,17,AR1 alpha + Enhanced + One-Step,NASDAQ:ADBE,0.09999502136137549
2024-01-24,17,AR1 alpha + Enhanced + One-Step,NASDAQ:ADBE,0.09999727051860112
2024-01-25,17,AR1 alpha + Enhanced + One-Step,NASDAQ:ADBE,0.09999972446533388
2024-01-26,17,AR1 alpha + Enhanced + One-Step,NASDAQ:ADBE,0.09999581393259718
2024-01-29,17,AR1 alpha + Enhanced + One-Step,NASDAQ:ADBE,0.09998997689246795
2024-01-30,17,AR1 alpha + Enhanced + One-Step,NASDAQ:ADBE,0.09999116989371407
2024-01-31,17,AR1 alpha + Enhanced + One-Step,NASDAQ:ADBE,0.09999119969967865
2024-02-01,17,AR1 alpha + Enhanced + One-Step,NASDAQ:ADBE,0.09998821683867597
2024-02-02,17,AR1 alpha + Enhanced + One-Step,NASDAQ:ADBE,0.09998760416862333
2024-02-05,17,AR1 alpha + Enhanced + One-Step,NASDAQ:ADBE,0.09999072680984869
2024-02-06,17,AR1 alpha + Enhanced + One-Step,NASDAQ:ADBE,0.09999258220608326
2024-02-07,17,AR1 alpha + Enhanced + One-Step,NASDAQ:ADBE,0.09999442264869915
2024-02-08,17,AR1 alpha + Enhanced + One-Step,NASDAQ:ADBE,0.09999988538492534
2024-02-09,17,AR1 alpha + Enhanced + One-Step,NASDAQ:ADBE,0.09999451491172531
2024-02-12,17,AR1 alpha + Enhanced + One-Step,NASDAQ:ADBE,0.0999930436222457
2024-02-13,17,AR1 alpha + Enhanced + One-Step,NASDAQ:ADBE,0.09999218745733594
2024-02-14,17,AR1 alpha + Enhanced + One-Step,NASDAQ:ADBE,0.09999562217372772
2024-02-15,17,AR1 alpha + Enhanced + One-Step,NASDAQ:ADBE,0.09999158188606098
2024-02-16,17,AR1 alpha + Enhanced + One-Step,NASDAQ:ADBE,0.07494948229640787
2024-02-20,17,AR1 alpha + Enhanced + One-Step,NASDAQ:ADBE,0.06375488980397273
2024-02-21,17,AR1 alpha + Enhanced + One-Step,NASDAQ:ADBE,0.038816958835314885
2024-02-22,17,AR1 alpha + Enhanced + One-Step,NASDAQ:ADBE,0.020298198986907184
2024-02-23,17,AR1 alpha + Enhanced + One-Step,NASDAQ:ADBE,0.02029769627924166
2024-02-26,17,AR1 alpha + Enhanced + One-Step,NASDAQ:ADBE,0.02029540938206702
2024-02-27,17,AR1 alpha + Enhanced + One-Step,NASDAQ:ADBE,0.020292786345526913
2024-02-28,17,AR1 alpha + Enhanced + One-Step,NASDAQ:ADBE,0.020290578645131417
2024-02-29,17,AR1 alpha + Enhanced + One-Step,NASDAQ:ADBE,0.020289726237096357
2024-03-01,17,AR1 alpha + Enhanced + One-Step,NASDAQ:ADBE,0.045211779282826645
2024-03-04,17,AR1 alpha + Enhanced + One-Step,NASDAQ:ADBE,0.045210092705276456
2024-03-05,17,AR1 alpha + Enhanced + One-Step,NASDAQ:ADBE,0.04520974945379357
2024-03-06,17,AR1 alpha + Enhanced + One-Step,NASDAQ:ADBE,0.03131964523377673
2024-03-07,17,AR1 alpha + Enhanced + One-Step,NASDAQ:ADBE,0.03131620610332167
2024-03-08,17,AR1 alpha + Enhanced + One-Step,NASDAQ:ADBE,0.03131282184438151
2024-03-11,17,AR1 alpha + Enhanced + One-Step,NASDAQ:ADBE,0.04216733933596282
2024-03-12,17,AR1 alpha + Enhanced + One-Step,NASDAQ:ADBE,0.06582274341831641
2024-03-13,17,AR1 alpha + Enhanced + One-Step,NASDAQ:ADBE,0.08397282629422248
2024-03-14,17,AR1 alpha + Enhanced + One-Step,NASDAQ:ADBE,0.0886056928358634
2024-03-15,17,AR1 alpha + Enhanced + One-Step,NASDAQ:ADBE,0.06359246859799934
2024-03-18,17,AR1 alpha + Enhanced + One-Step,NASDAQ:ADBE,0.038597213885314834
2024-03-19,17,AR1 alpha + Enhanced + One-Step,NASDAQ:ADBE,0.026438092633559063
2024-03-20,17,AR1 alpha + Enhanced + One-Step,NASDAQ:ADBE,0.00976730939536509
2024-03-21,17,AR1 alpha + Enhanced + One-Step,NASDAQ:ADBE,0.0
2024-03-22,17,AR1 alpha + Enhanced + One-Step,NASDAQ:ADBE,0.0
2024-03-25,17,AR1 alpha + Enhanced + One-Step,NASDAQ:ADBE,3.318998164092947e-09
2024-03-26,17,AR1 alpha + Enhanced + One-Step,NASDAQ:ADBE,0.0
2024-03-27,17,AR1 alpha + Enhanced + One-Step,NASDAQ:ADBE,0.0
2024-03-28,17,AR1 alpha + Enhanced + One-Step,NASDAQ:ADBE,2.62798512364837e-07
2024-04-01,17,AR1 alpha + Enhanced + One-Step,NASDAQ:ADBE,2.942769268176104e-07
2024-04-02,17,AR1 alpha + Enhanced + One-Step,NASDAQ:ADBE,1.3307238209178433e-07
2024-04-03,17,AR1 alpha + Enhanced + One-Step,NASDAQ:ADBE,0.0
2024-04-04,17,AR1 alpha + Enhanced + One-Step,NASDAQ:ADBE,0.0
2024-04-05,17,AR1 alpha + Enhanced + One-Step,NASDAQ:ADBE,0.0
2024-04-08,17,AR1 alpha + Enhanced + One-Step,NASDAQ:ADBE,1.5111766726028806e-07
2024-04-09,17,AR1 alpha + Enhanced + One-Step,NASDAQ:ADBE,0.0
2024-04-10,17,AR1 alpha + Enhanced + One-Step,NASDAQ:ADBE,0.0
2024-04-11,17,AR1 alpha + Enhanced + One-Step,NASDAQ:ADBE,0.0
2024-04-12,17,AR1 alpha + Enhanced + One-Step,NASDAQ:ADBE,0.0
2024-04-15,17,AR1 alpha + Enhanced + One-Step,NASDAQ:ADBE,0.0
2024-04-16,17,AR1 alpha + Enhanced + One-Step,NASDAQ:ADBE,0.0
2024-04-17,17,AR1 alpha + Enhanced + One-Step,NASDAQ:ADBE,1.058052770005003e-07
2024-04-18,17,AR1 alpha + Enhanced + One-Step,NASDAQ:ADBE,0.0
2024-04-19,17,AR1 alpha + Enhanced + One-Step,NASDAQ:ADBE,0.0
2020-03-25,17,AR1 alpha + Enhanced + One-Step,NASDAQ:CGBD,0.020000000000007227
2020-03-26,17,AR1 alpha + Enhanced + One-Step,NASDAQ:CGBD,0.02000000000001305
2020-03-27,17,AR1 alpha + Enhanced + One-Step,NASDAQ:CGBD,0.0199999685431919
2020-03-30,17,AR1 alpha + Enhanced + One-Step,NASDAQ:CGBD,0.01309230055220427
2020-03-31,17,AR1 alpha + Enhanced + One-Step,NASDAQ:CGBD,2.7400459942248113e-07
2020-04-01,17,AR1 alpha + Enhanced + One-Step,NASDAQ:CGBD,0.0
2020-04-02,17,AR1 alpha + Enhanced + One-Step,NASDAQ:CGBD,2.2294226141051519e-07
2020-04-03,17,AR1 alpha + Enhanced + One-Step,NASDAQ:CGBD,1.5410012111603327e-07
2020-04-06,17,AR1 alpha + Enhanced + One-Step,NASDAQ:CGBD,2.449745747619986e-07
2020-04-07,17,AR1 alpha + Enhanced + One-Step,NASDAQ:CGBD,1.8651444650827048e-08
2020-04-08,17,AR1 alpha + Enhanced + One-Step,NASDAQ:CGBD,1.403652900370115e-08
2020-04-09,17,AR1 alpha + Enhanced + One-Step,NASDAQ:CGBD,0.0
2020-04-13,17,AR1 alpha + Enhanced + One-Step,NASDAQ:CGBD,1.0546303525485795e-07
2020-04-14,17,AR1 alpha + Enhanced + One-Step,NASDAQ:CGBD,4.08008220005423e-08
2020-04-15,17,AR1 alpha + Enhanced + One-Step,NASDAQ:CGBD,2.1336260440128704e-07
2020-04-16,17,AR1 alpha + Enhanced + One-Step,NASDAQ:CGBD,1.4292556582264123e-07
2020-04-17,17,AR1 alpha + Enhanced + One-Step,NASDAQ:CGBD,4.005781562485118e-08
2020-04-20,17,AR1 alpha + Enhanced + One-Step,NASDAQ:CGBD,0.0
2020-04-21,17,AR1 alpha + Enhanced + One-Step,NASDAQ:CGBD,0.0
2020-04-22,17,AR1 alpha + Enhanced + One-Step,NASDAQ:CGBD,5.972274520029713e-08
2020-04-23,17,AR1 alpha + Enhanced + One-Step,NASDAQ:CGBD,0.0
2020-04-24,17,AR1 alpha + Enhanced + One-Step,NASDAQ:CGBD,1.063122377365678e-08
2020-04-27,17,AR1 alpha + Enhanced + One-Step,NASDAQ:CGBD,1.6147859889001324e-09
2020-04-28,17,AR1 alpha + Enhanced + One-Step,NASDAQ:CGBD,0.0
2020-04-29,17,AR1 alpha + Enhanced + One-Step,NASDAQ:CGBD,0.0
2020-04-30,17,AR1 alpha + Enhanced + One-Step,NASDAQ:CGBD,7.903556678901185e-09
2020-05-01,17,AR1 alpha + Enhanced + One-Step,NASDAQ:CGBD,0.0
2020-05-04,17,AR1 alpha + Enhanced + One-Step,NASDAQ:CGBD,9.821818804666437e-10
2020-05-05,17,AR1 alpha + Enhanced + One-Step,NASDAQ:CGBD,0.0
2020-05-06,17,AR1 alpha + Enhanced + One-Step,NASDAQ:CGBD,0.0
2020-05-07,17,AR1 alpha + Enhanced + One-Step,NASDAQ:CGBD,0.0
2020-05-08,17,AR1 alpha + Enhanced + One-Step,NASDAQ:CGBD,0.01277662785400739
2020-05-11,17,AR1 alpha + Enhanced + One-Step,NASDAQ:CGBD,0.012776703038168904
2020-05-12,17,AR1 alpha + Enhanced + One-Step,NASDAQ:CGBD,0.012776592109018063
2020-05-13,17,AR1 alpha + Enhanced + One-Step,NASDAQ:CGBD,0.012776502888544053
2020-05-14,17,AR1 alpha + Enhanced + One-Step,NASDAQ:CGBD,0.012774188679895703
2020-05-15,17,AR1 alpha + Enhanced + One-Step,NASDAQ:CGBD,0.018922100082396486
2020-05-18,17,AR1 alpha + Enhanced + One-Step,NASDAQ:CGBD,0.01892205000917735
2020-05-19,17,AR1 alpha + Enhanced + One-Step,NASDAQ:CGBD,0.018921786769593947
2020-05-20,17,AR1 alpha + Enhanced + One-Step,NASDAQ:CGBD,0.01892186856200321
2020-05-21,17,AR1 alpha + Enhanced + One-Step,NASDAQ:CGBD,0.018921258416287844
2020-05-22,17,AR1 alpha + Enhanced + One-Step,NASDAQ:CGBD,0.018921246681377294
2020-05-26,17,AR1 alpha + Enhanced + One-Step,NASDAQ:CGBD,0.018921239413228038
2020-05-27,17,AR1 alpha + Enhanced + One-Step,NASDAQ:CGBD,0.018921434812971743
2020-05-28,17,AR1 alpha + Enhanced + One-Step,NASDAQ:CGBD,0.0189214426865978
2020-05-29,17,AR1 alpha + Enhanced + One-Step,NASDAQ:CGBD,0.020990630067442853
2020-06-01,17,AR1 alpha + Enhanced + One-Step,NASDAQ:CGBD,0.02099061171636631
2020-06-02,17,AR1 alpha + Enhanced + One-Step,NASDAQ:CGBD,0.023860692731131207
2020-06-03,17,AR1 alpha + Enhanced + One-Step,NASDAQ:CGBD,0.04479520592925378
2020-06-04,17,AR1 alpha + Enhanced + One-Step,NASDAQ:CGBD,0.044794392777526566
2020-06-05,17,AR1 alpha + Enhanced + One-Step,NASDAQ:CGBD,0.04479365142870552
2020-06-08,17,AR1 alpha + Enhanced + One-Step,NASDAQ:CGBD,0.04479363713007245
2020-06-09,17,AR1 alpha + Enhanced + One-Step,NASDAQ:CGBD,0.05244028763505651
2020-06-10,17,AR1 alpha + Enhanced + One-Step,NASDAQ:CGBD,0.05244031007493826
2020-06-11,17,AR1 alpha + Enhanced + One-Step,NASDAQ:CGBD,0.05244117209028062
2020-06-12,17,AR1 alpha + Enhanced + One-Step,NASDAQ:CGBD,0.052441181257327794
2020-06-15,17,AR1 alpha + Enhanced + One-Step,NASDAQ:CGBD,0.05244117945676175
2020-06-16,17,AR1 alpha + Enhanced + One-Step,NASDAQ:CGBD,0.055807511650471105
2020-06-17,17,AR1 alpha + Enhanced + One-Step,NASDAQ:CGBD,0.052045803105089786
2020-06-18,17,AR1 alpha + Enhanced + One-Step,NASDAQ:CGBD,0.052045772473381255
2020-06-19,17,AR1 alpha + Enhanced + One-Step,NASDAQ:CGBD,0.05204564445866891
2020-06-22,17,AR1 alpha + Enhanced + One-Step,NASDAQ:CGBD,0.05204582713000617
2020-06-23,17,AR1 alpha + Enhanced + One-Step,NASDAQ:CGBD,0.052045817453128834
2020-06-24,17,AR1 alpha + Enhanced + One-Step,NASDAQ:CGBD,0.048373330897082664
2020-06-25,17,AR1 alpha + Enhanced + One-Step,NASDAQ:CGBD,0.04637716363961932
2020-06-26,17,AR1 alpha + Enhanced + One-Step,NASDAQ:CGBD,0.038532522521390083
2020-06-29,17,AR1 alpha + Enhanced + One-Step,NASDAQ:CGBD,0.0371213018895113
2020-06-30,17,AR1 alpha + Enhanced + One-Step,NASDAQ:CGBD,0.03712049969519959
2020-07-01,17,AR1 alpha + Enhanced + One-Step,NASDAQ:CGBD,0.037118071244693476
2020-07-02,17,AR1 alpha + Enhanced + One-Step,NASDAQ:CGBD,0.027178447155197013
2020-07-06,17,AR1 alpha + Enhanced + One-Step,NASDAQ:CGBD,0.01754102516321493
2020-07-07,17,AR1 alpha + Enhanced + One-Step,NASDAQ:CGBD,0.004869402736387831
2020-07-08,17,AR1 alpha + Enhanced + One-Step,NASDAQ:CGBD,0.0
2020-07-09,17,AR1 alpha + Enhanced + One-Step,NASDAQ:CGBD,2.5952643162852854e-08
2020-07-10,17,AR1 alpha + Enhanced + One-Step,NASDAQ:CGBD,2.143989123453725e-08
2020-07-13,17,AR1 alpha + Enhanced + One-Step,NASDAQ:CGBD,2.4600779592431584e-08
2020-07-14,17,AR1 alpha + Enhanced + One-Step,NASDAQ:CGBD,2.58830982412748e-08
2020-07-15,17,AR1 alpha + Enhanced + One-Step,NASDAQ:CGBD,3.341238304450566e-08
2020-07-16,17,AR1 alpha + Enhanced + One-Step,NASDAQ:CGBD,5.388127567098832e-09
2020-07-17,17,AR1 alpha + Enhanced + One-Step,NASDAQ:CGBD,9.700931225897033e-10
2020-07-20,17,AR1 alpha + Enhanced + One-Step,NASDAQ:CGBD,1.4982376979610477e-08
2020-07-21,17,AR1 alpha + Enhanced + One-Step,NASDAQ:CGBD,1.925850726414998e-08
2020-07-22,17,AR1 alpha + Enhanced + One-Step,NASDAQ:CGBD,2.0193840122141817e-08
2020-07-23,17,AR1 alpha + Enhanced + One-Step,NASDAQ:CGBD,0.0
2020-07-24,17,AR1 alpha + Enhanced + One-Step,NASDAQ:CGBD,1.2533973028960436e-07
2020-07-27,17,AR1 alpha + Enhanced + One-Step,NASDAQ:CGBD,0.0
2020-07-28,17,AR1 alpha + Enhanced + One-Step,NASDAQ:CGBD,1.881690801824208e-08
2020-07-29,17,AR1 alpha + Enhanced + One-Step,NASDAQ:CGBD,1.5494716231717767e-08
2020-07-30,17,AR1 alpha + Enhanced + One-Step,NASDAQ:CGBD,3.842841055618379e-08
2020-07-31,17,AR1 alpha + Enhanced + One-Step,NASDAQ:CGBD,0.0
2020-08-03,17,AR1 alpha + Enhanced + One-Step,NASDAQ:CGBD,0.0
2020-08-04,17,AR1 alpha + Enhanced + One-Step,NASDAQ:CGBD,0.0
2020-08-05,17,AR1 alpha + Enhanced + One-Step,NASDAQ:CGBD,0.009269712867629789
2020-08-06,17,AR1 alpha + Enhanced + One-Step,NASDAQ:CGBD,0.009269709372237228
2020-08-07,17,AR1 alpha + Enhanced + One-Step,NASDAQ:CGBD,0.009269686270413215
2020-08-10,17,AR1 alpha + Enhanced + One-Step,NASDAQ:CGBD,0.009269774974059963
2020-08-11,17,AR1 alpha + Enhanced + One-Step,NASDAQ:CGBD,0.009269380510717615
2020-08-12,17,AR1 alpha + Enhanced + One-Step,NASDAQ:CGBD,0.020181876885466563
2020-08-13,17,AR1 alpha + Enhanced + One-Step,NASDAQ:CGBD,0.02350968216161896
2020-08-14,17,AR1 alpha + Enhanced + One-Step,NASDAQ:CGBD,0.023509684528351636
2020-08-17,17,AR1 alpha + Enhanced + One-Step,NASDAQ:CGBD,0.023168772151518014
2020-08-18,17,AR1 alpha + Enhanced + One-Step,NASDAQ:CGBD,0.012282496640193307
2020-08-19,17,AR1 alpha + Enhanced + One-Step,NASDAQ:CGBD,0.0007738012965989008
2020-08-20,17,AR1 alpha + Enhanced + One-Step,NASDAQ:CGBD,0.0
2020-08-21,17,AR1 alpha + Enhanced + One-Step,NASDAQ:CGBD,0.0
2020-08-24,17,AR1 alpha + Enhanced + One-Step,NASDAQ:CGBD,0.0
2020-08-25,17,AR1 alpha + Enhanced + One-Step,NASDAQ:CGBD,5.692533944596391e-08
2020-08-26,17,AR1 alpha + Enhanced + One-Step,NASDAQ:CGBD,0.0
2020-08-27,17,AR1 alpha + Enhanced + One-Step,NASDAQ:CGBD,1.7001251200890427e-09
2020-08-28,17,AR1 alpha + Enhanced + One-Step,NASDAQ:CGBD,0.010497608860084747
2020-08-31,17,AR1 alpha + Enhanced + One-Step,NASDAQ:CGBD,0.01049626114522919
2020-09-01,17,AR1 alpha + Enhanced + One-Step,NASDAQ:CGBD,0.018531650496522112
2020-09-02,17,AR1 alpha + Enhanced + One-Step,NASDAQ:CGBD,0.01908828140326299
2020-09-03,17,AR1 alpha + Enhanced + One-Step,NASDAQ:CGBD,0.0190880332812598
2020-09-04,17,AR1 alpha + Enhanced + One-Step,NASDAQ:CGBD,0.019088070761641228
2020-09-08,17,AR1 alpha + Enhanced + One-Step,NASDAQ:CGBD,0.01908812037380775
2020-09-09,17,AR1 alpha + Enhanced + One-Step,NASDAQ:CGBD,0.019088143784656484
2020-09-10,17,AR1 alpha + Enhanced + One-Step,NASDAQ:CGBD,0.019087657847546426
2020-09-11,17,AR1 alpha + Enhanced + One-Step,NASDAQ:CGBD,0.019087747797745934
2020-09-14,17,AR1 alpha + Enhanced + One-Step,NASDAQ:CGBD,0.022248826171456175
2020-09-15,17,AR1 alpha + Enhanced + One-Step,NASDAQ:CGBD,0.022248936756265297
2020-09-16,17,AR1 alpha + Enhanced + One-Step,NASDAQ:CGBD,0.022248931364242813
2020-09-17,17,AR1 alpha + Enhanced + One-Step,NASDAQ:CGBD,0.021058493688533325
2020-09-18,17,AR1 alpha + Enhanced + One-Step,NASDAQ:CGBD,0.01929062648425411
2020-09-21,17,AR1 alpha + Enhanced + One-Step,NASDAQ:CGBD,0.019290494442055883
2020-09-22,17,AR1 alpha + Enhanced + One-Step,NASDAQ:CGBD,0.01929052233480941
2020-09-23,17,AR1 alpha + Enhanced + One-Step,NASDAQ:CGBD,0.009548472254272716
2020-09-24,17,AR1 alpha + Enhanced + One-Step,NASDAQ:CGBD,0.007351140995592007
2020-09-25,17,AR1 alpha + Enhanced + One-Step,NASDAQ:CGBD,0.014258518124902659
2020-09-28,17,AR1 alpha + Enhanced + One-Step,NASDAQ:CGBD,0.020291410586789443
2020-09-29,17,AR1 alpha + Enhanced + One-Step,NASDAQ:CGBD,0.020291248513686713
2020-09-30,17,AR1 alpha + Enhanced + One-Step,NASDAQ:CGBD,0.020290846030694063
2020-10-01,17,AR1 alpha + Enhanced + One-Step,NASDAQ:CGBD,0.020291345767867217
2020-10-02,17,AR1 alpha + Enhanced + One-Step,NASDAQ:CGBD,0.020291542167334323
2020-10-05,17,AR1 alpha + Enhanced + One-Step,NASDAQ:CGBD,0.020292261335942207
2020-10-06,17,AR1 alpha + Enhanced + One-Step,NASDAQ:CGBD,0.02029220085897634
2020-10-07,17,AR1 alpha + Enhanced + One-Step,NASDAQ:CGBD,0.02029293763936105
2020-10-08,17,AR1 alpha + Enhanced + One-Step,NASDAQ:CGBD,0.020292955681965447
2020-10-09,17,AR1 alpha + Enhanced + One-Step,NASDAQ:CGBD,0.020292955409774313
2020-10-12,17,AR1 alpha + Enhanced + One-Step,NASDAQ:CGBD,0.020292954702188132
2020-10-13,17,AR1 alpha + Enhanced + One-Step,NASDAQ:CGBD,0.02029329256273302
2020-10-14,17,AR1 alpha + Enhanced + One-Step,NASDAQ:CGBD,0.01056900427217619
2020-10-15,17,AR1 alpha + Enhanced + One-Step,NASDAQ:CGBD,0.0
2020-10-16,17,AR1 alpha + Enhanced + One-Step,NASDAQ:CGBD,0.0
2020-10-19,17,AR1 alpha + Enhanced + One-Step,NASDAQ:CGBD,0.0
2020-10-20,17,AR1 alpha + Enhanced + One-Step,NASDAQ:CGBD,0.0
2020-10-21,17,AR1 alpha + Enhanced + One-Step,NASDAQ:CGBD,0.0
2020-10-22,17,AR1 alpha + Enhanced + One-Step,NASDAQ:CGBD,0.0
2020-10-23,17,AR1 alpha + Enhanced + One-Step,NASDAQ:CGBD,0.0
2020-10-26,17,AR1 alpha + Enhanced + One-Step,NASDAQ:CGBD,6.369655667294683e-09
2020-10-27,17,AR1 alpha + Enhanced + One-Step,NASDAQ:CGBD,1.4614189655973243e-07
2020-10-28,17,AR1 alpha + Enhanced + One-Step,NASDAQ:CGBD,3.2206529837149546e-08
2020-10-29,17,AR1 alpha + Enhanced + One-Step,NASDAQ:CGBD,1.4572081680313423e-07
2020-10-30,17,AR1 alpha + Enhanced + One-Step,NASDAQ:CGBD,0.0
2020-11-02,17,AR1 alpha + Enhanced + One-Step,NASDAQ:CGBD,3.391450364357699e-07
2020-11-03,17,AR1 alpha + Enhanced + One-Step,NASDAQ:CGBD,0.0
2020-11-04,17,AR1 alpha + Enhanced + One-Step,NASDAQ:CGBD,2.402659964063514e-06
2020-11-05,17,AR1 alpha + Enhanced + One-Step,NASDAQ:CGBD,2.077300546344195e-06
2020-11-06,17,AR1 alpha + Enhanced + One-Step,NASDAQ:CGBD,2.0554325375511436e-06
2020-11-09,17,AR1 alpha + Enhanced + One-Step,NASDAQ:CGBD,5.970384541407883e-07
2020-11-10,17,AR1 alpha + Enhanced + One-Step,NASDAQ:CGBD,1.2406989674320611e-06
2020-11-11,17,AR1 alpha + Enhanced + One-Step,NASDAQ:CGBD,6.624738101849827e-07
2020-11-12,17,AR1 alpha + Enhanced + One-Step,NASDAQ:CGBD,1.0596908833315691e-07
2020-11-13,17,AR1 alpha + Enhanced + One-Step,NASDAQ:CGBD,4.8996251082284196e-08
2020-11-16,17,AR1 alpha + Enhanced + One-Step,NASDAQ:CGBD,2.9540920538686806e-08
2020-11-17,17,AR1 alpha + Enhanced + One-Step,NASDAQ:CGBD,0.00025355911843176655
2020-11-18,17,AR1 alpha + Enhanced + One-Step,NASDAQ:CGBD,0.0002535301770122302
2020-11-19,17,AR1 alpha + Enhanced + One-Step,NASDAQ:CGBD,0.0002527484160480299
2020-11-20,17,AR1 alpha + Enhanced + One-Step,NASDAQ:CGBD,0.0002527499317493992
2020-11-23,17,AR1 alpha + Enhanced + One-Step,NASDAQ:CGBD,0.0002529742380290419
2020-11-24,17,AR1 alpha + Enhanced + One-Step,NASDAQ:CGBD,0.0002526493325068019
2020-11-25,17,AR1 alpha + Enhanced + One-Step,NASDAQ:CGBD,0.0002528001117342878
2020-11-27,17,AR1 alpha + Enhanced + One-Step,NASDAQ:CGBD,0.00025216239013433164
2020-11-30,17,AR1 alpha + Enhanced + One-Step,NASDAQ:CGBD,0.00025213679032243095
2020-12-01,17,AR1 alpha + Enhanced + One-Step,NASDAQ:CGBD,0.0002524881680371973
2020-12-04,17,AR1 alpha + Enhanced + One-Step,NASDAQ:CGBD,0.0002525014574744404
2020-12-07,17,AR1 alpha + Enhanced + One-Step,NASDAQ:CGBD,0.00024882296254039005
2020-12-08,17,AR1 alpha + Enhanced + One-Step,NASDAQ:CGBD,0.0002489604827878944
2020-12-09,17,AR1 alpha + Enhanced + One-Step,NASDAQ:CGBD,0.0
2020-12-10,17,AR1 alpha + Enhanced + One-Step,NASDAQ:CGBD,2.647090309378247e-08
2020-12-11,17,AR1 alpha + Enhanced + One-Step,NASDAQ:CGBD,0.0
2020-12-14,17,AR1 alpha + Enhanced + One-Step,NASDAQ:CGBD,0.0
2020-12-15,17,AR1 alpha + Enhanced + One-Step,NASDAQ:CGBD,8.599185852117968e-08
2020-12-16,17,AR1 alpha + Enhanced + One-Step,NASDAQ:CGBD,0.0
2020-12-17,17,AR1 alpha + Enhanced + One-Step,NASDAQ:CGBD,0.0
2020-12-18,17,AR1 alpha + Enhanced + One-Step,NASDAQ:CGBD,4.7236021661119724e-07
2020-12-21,17,AR1 alpha + Enhanced + One-Step,NASDAQ:CGBD,1.362776893374472e-07
2020-12-22,17,AR1 alpha + Enhanced + One-Step,NASDAQ:CGBD,7.866140537394167e-08
2020-12-23,17,AR1 alpha + Enhanced + One-Step,NASDAQ:CGBD,1.5339327869867626e-08
2020-12-24,17,AR1 alpha + Enhanced + One-Step,NASDAQ:CGBD,2.7170881138970106e-09
2020-12-28,17,AR1 alpha + Enhanced + One-Step,NASDAQ:CGBD,0.0
2020-12-29,17,AR1 alpha + Enhanced + One-Step,NASDAQ:CGBD,0.0
2020-12-30,17,AR1 alpha + Enhanced + One-Step,NASDAQ:CGBD,0.0
2020-12-31,17,AR1 alpha + Enhanced + One-Step,NASDAQ:CGBD,0.0
2021-01-04,17,AR1 alpha + Enhanced + One-Step,NASDAQ:CGBD,6.3250727610007416e-09
2021-01-05,17,AR1 alpha + Enhanced + One-Step,NASDAQ:CGBD,9.374514627823817e-09
2021-01-06,17,AR1 alpha + Enhanced + One-Step,NASDAQ:CGBD,1.6569858693948844e-09
2021-01-07,17,AR1 alpha + Enhanced + One-Step,NASDAQ:CGBD,0.0
2021-01-08,17,AR1 alpha + Enhanced + One-Step,NASDAQ:CGBD,0.0
2021-01-11,17,AR1 alpha + Enhanced + One-Step,NASDAQ:CGBD,2.108280831312847e-07
2021-01-12,17,AR1 alpha + Enhanced + One-Step,NASDAQ:CGBD,0.0
2021-01-13,17,AR1 alpha + Enhanced + One-Step,NASDAQ:CGBD,0.0
2021-01-14,17,AR1 alpha + Enhanced + One-Step,NASDAQ:CGBD,6.059441205455466e-08
2021-01-15,17,AR1 alpha + Enhanced + One-Step,NASDAQ:CGBD,7.782224226054287e-08
2021-01-19,17,AR1 alpha + Enhanced + One-Step,NASDAQ:CGBD,2.0853172400840895e-08
2021-01-20,17,AR1 alpha + Enhanced + One-Step,NASDAQ:CGBD,8.183763559327734e-08
2021-01-21,17,AR1 alpha + Enhanced + One-Step,NASDAQ:CGBD,4.5263939021090566e-07
2021-01-22,17,AR1 alpha + Enhanced + One-Step,NASDAQ:CGBD,0.0
2021-01-25,17,AR1 alpha + Enhanced + One-Step,NASDAQ:CGBD,9.669272108727612e-09
2021-01-26,17,AR1 alpha + Enhanced + One-Step,NASDAQ:CGBD,0.0
2021-01-27,17,AR1 alpha + Enhanced + One-Step,NASDAQ:CGBD,2.700872424435838e-08
2021-01-28,17,AR1 alpha + Enhanced + One-Step,NASDAQ:CGBD,6.559690284950816e-07
2021-01-29,17,AR1 alpha + Enhanced + One-Step,NASDAQ:CGBD,1.408053211348853e-07
2021-02-01,17,AR1 alpha + Enhanced + One-Step,NASDAQ:CGBD,8.527324076190094e-08
2021-02-02,17,AR1 alpha + Enhanced + One-Step,NASDAQ:CGBD,5.202884712033967e-08
2021-02-03,17,AR1 alpha + Enhanced + One-Step,NASDAQ:CGBD,0.0
2021-02-04,17,AR1 alpha + Enhanced + One-Step,NASDAQ:CGBD,0.0
2021-02-05,17,AR1 alpha + Enhanced + One-Step,NASDAQ:CGBD,0.0
2021-02-08,17,AR1 alpha + Enhanced + One-Step,NASDAQ:CGBD,2.0821628964707796e-07
2021-02-09,17,AR1 alpha + Enhanced + One-Step,NASDAQ:CGBD,6.96389693473815e-08
2021-02-10,17,AR1 alpha + Enhanced + One-Step,NASDAQ:CGBD,5.128357788799728e-07
2021-02-11,17,AR1 alpha + Enhanced + One-Step,NASDAQ:CGBD,3.1935746940264505e-07
2021-02-12,17,AR1 alpha + Enhanced + One-Step,NASDAQ:CGBD,1.4786431461796745e-07
2021-02-16,17,AR1 alpha + Enhanced + One-Step,NASDAQ:CGBD,4.254309013013633e-08
2021-02-17,17,AR1 alpha + Enhanced + One-Step,NASDAQ:CGBD,1.160650464431553e-07
2021-02-18,17,AR1 alpha + Enhanced + One-Step,NASDAQ:CGBD,8.12450676314864e-08
2021-02-19,17,AR1 alpha + Enhanced + One-Step,NASDAQ:CGBD,0.0
2021-02-22,17,AR1 alpha + Enhanced + One-Step,NASDAQ:CGBD,1.1757313933870954e-06
2021-02-23,17,AR1 alpha + Enhanced + One-Step,NASDAQ:CGBD,1.24012566102274e-06
2021-02-24,17,AR1 alpha + Enhanced + One-Step,NASDAQ:CGBD,7.048874797650785e-07
2021-02-25,17,AR1 alpha + Enhanced + One-Step,NASDAQ:CGBD,0.0
2021-02-26,17,AR1 alpha + Enhanced + One-Step,NASDAQ:CGBD,0.0
2021-03-01,17,AR1 alpha + Enhanced + One-Step,NASDAQ:CGBD,1.4541251250168013e-07
2021-03-02,17,AR1 alpha + Enhanced + One-Step,NASDAQ:CGBD,0.0
2021-03-03,17,AR1 alpha + Enhanced + One-Step,NASDAQ:CGBD,0.0
2021-03-04,17,AR1 alpha + Enhanced + One-Step,NASDAQ:CGBD,7.057038072989149e-10
2021-03-05,17,AR1 alpha + Enhanced + One-Step,NASDAQ:CGBD,0.0
2021-03-08,17,AR1 alpha + Enhanced + One-Step,NASDAQ:CGBD,7.461190983210188e-09
2021-03-09,17,AR1 alpha + Enhanced + One-Step,NASDAQ:CGBD,0.0
2021-03-10,17,AR1 alpha + Enhanced + One-Step,NASDAQ:CGBD,1.2405491823136346e-06
2021-03-11,17,AR1 alpha + Enhanced + One-Step,NASDAQ:CGBD,1.9857000931247942e-07
2021-03-12,17,AR1 alpha + Enhanced + One-Step,NASDAQ:CGBD,5.896121059755455e-08
2021-03-15,17,AR1 alpha + Enhanced + One-Step,NASDAQ:CGBD,6.606332840743531e-07
2021-03-16,17,AR1 alpha + Enhanced + One-Step,NASDAQ:CGBD,3.9904072234592606e-07
2021-03-17,17,AR1 alpha + Enhanced + One-Step,NASDAQ:CGBD,0.0
2021-03-18,17,AR1 alpha + Enhanced + One-Step,NASDAQ:CGBD,5.949862482461734e-08
2021-03-19,17,AR1 alpha + Enhanced + One-Step,NASDAQ:CGBD,0.0
2021-03-22,17,AR1 alpha + Enhanced + One-Step,NASDAQ:CGBD,1.2426805222358246e-07
2021-03-23,17,AR1 alpha + Enhanced + One-Step,NASDAQ:CGBD,4.2591791216902314e-07
2021-03-24,17,AR1 alpha + Enhanced + One-Step,NASDAQ:CGBD,2.054646169463589e-07
2021-03-25,17,AR1 alpha + Enhanced + One-Step,NASDAQ:CGBD,1.8732355573434807e-07
2021-03-26,17,AR1 alpha + Enhanced + One-Step,NASDAQ:CGBD,2.386797491786201e-07
2021-03-29,17,AR1 alpha + Enhanced + One-Step,NASDAQ:CGBD,2.3660710869115722e-07
2021-03-30,17,AR1 alpha + Enhanced + One-Step,NASDAQ:CGBD,9.208349655942227e-08
2021-03-31,17,AR1 alpha + Enhanced + One-Step,NASDAQ:CGBD,0.0
2021-04-01,17,AR1 alpha + Enhanced + One-Step,NASDAQ:CGBD,3.861803912413911e-07
2021-04-05,17,AR1 alpha + Enhanced + One-Step,NASDAQ:CGBD,3.0100013877647715e-07
2021-04-06,17,AR1 alpha + Enhanced + One-Step,NASDAQ:CGBD,2.1248620753059449e-07
2021-04-07,17,AR1 alpha + Enhanced + One-Step,NASDAQ:CGBD,0.001284926290691662
2021-04-08,17,AR1 alpha + Enhanced + One-Step,NASDAQ:CGBD,0.013942727381109406
2021-04-09,17,AR1 alpha + Enhanced + One-Step,NASDAQ:CGBD,0.018638116024781073
2021-04-12,17,AR1 alpha + Enhanced + One-Step,NASDAQ:CGBD,0.018637337064328956
2021-04-13,17,AR1 alpha + Enhanced + One-Step,NASDAQ:CGBD,0.0186350474243779
2021-04-14,17,AR1 alpha + Enhanced + One-Step,NASDAQ:CGBD,0.01863308096423887
2021-04-15,17,AR1 alpha + Enhanced + One-Step,NASDAQ:CGBD,0.01863378336621399
2021-04-16,17,AR1 alpha + Enhanced + One-Step,NASDAQ:CGBD,0.0186338191627912
2021-04-19,17,AR1 alpha + Enhanced + One-Step,NASDAQ:CGBD,0.01863384690331107
2021-04-20,17,AR1 alpha + Enhanced + One-Step,NASDAQ:CGBD,0.01863297684019521
2021-04-21,17,AR1 alpha + Enhanced + One-Step,NASDAQ:CGBD,0.018632317651433396
2021-04-22,17,AR1 alpha + Enhanced + One-Step,NASDAQ:CGBD,0.020334273660332323
2021-04-23,17,AR1 alpha + Enhanced + One-Step,NASDAQ:CGBD,0.02105287113680847
2021-04-26,17,AR1 alpha + Enhanced + One-Step,NASDAQ:CGBD,0.02198530397772319
2021-04-27,17,AR1 alpha + Enhanced + One-Step,NASDAQ:CGBD,0.02198530146187218
2021-04-28,17,AR1 alpha + Enhanced + One-Step,NASDAQ:CGBD,0.019531349730476245
2021-04-29,17,AR1 alpha + Enhanced + One-Step,NASDAQ:CGBD,0.019531315888501946
2021-04-30,17,AR1 alpha + Enhanced + One-Step,NASDAQ:CGBD,0.019528538127939855
2021-05-03,17,AR1 alpha + Enhanced + One-Step,NASDAQ:CGBD,0.019534195975893513
2021-05-04,17,AR1 alpha + Enhanced + One-Step,NASDAQ:CGBD,0.019533929560644935
2021-05-05,17,AR1 alpha + Enhanced + One-Step,NASDAQ:CGBD,0.01953390821346076
2021-05-06,17,AR1 alpha + Enhanced + One-Step,NASDAQ:CGBD,0.019534527212691437
2021-05-07,17,AR1 alpha + Enhanced + One-Step,NASDAQ:CGBD,0.01953477754822033
2021-05-10,17,AR1 alpha + Enhanced + One-Step,NASDAQ:CGBD,0.019535037019534043
2021-05-11,17,AR1 alpha + Enhanced + One-Step,NASDAQ:CGBD,0.01953507768844231
2021-05-12,17,AR1 alpha + Enhanced + One-Step,NASDAQ:CGBD,0.019535006375177594
2021-05-13,17,AR1 alpha + Enhanced + One-Step,NASDAQ:CGBD,0.019533649592422184
2021-05-14,17,AR1 alpha + Enhanced + One-Step,NASDAQ:CGBD,0.019533671081563595
2021-05-17,17,AR1 alpha + Enhanced + One-Step,NASDAQ:CGBD,0.018864751962701397
2021-05-18,17,AR1 alpha + Enhanced + One-Step,NASDAQ:CGBD,3.7593046690785132e-06
2021-05-19,17,AR1 alpha + Enhanced + One-Step,NASDAQ:CGBD,3.3563108217479705e-06
2021-05-20,17,AR1 alpha + Enhanced + One-Step,NASDAQ:CGBD,2.4746912388387142e-06
2021-05-21,17,AR1 alpha + Enhanced + One-Step,NASDAQ:CGBD,1.8276424157219896e-06
2021-05-24,17,AR1 alpha + Enhanced + One-Step,NASDAQ:CGBD,7.821009477768485e-07
2021-05-25,17,AR1 alpha + Enhanced + One-Step,NASDAQ:CGBD,0.0
2021-05-26,17,AR1 alpha + Enhanced + One-Step,NASDAQ:CGBD,0.0
2021-05-27,17,AR1 alpha + Enhanced + One-Step,NASDAQ:CGBD,0.0
2021-05-28,17,AR1 alpha + Enhanced + One-Step,NASDAQ:CGBD,0.0
2021-06-01,17,AR1 alpha + Enhanced + One-Step,NASDAQ:CGBD,0.0
2021-06-02,17,AR1 alpha + Enhanced + One-Step,NASDAQ:CGBD,0.0
2021-06-03,17,AR1 alpha + Enhanced + One-Step,NASDAQ:CGBD,0.0
2021-06-04,17,AR1 alpha + Enhanced + One-Step,NASDAQ:CGBD,0.0
2021-06-07,17,AR1 alpha + Enhanced + One-Step,NASDAQ:CGBD,0.0
2021-06-08,17,AR1 alpha + Enhanced + One-Step,NASDAQ:CGBD,0.0
2021-06-09,17,AR1 alpha + Enhanced + One-Step,NASDAQ:CGBD,0.0
2021-06-10,17,AR1 alpha + Enhanced + One-Step,NASDAQ:CGBD,0.0
2021-06-11,17,AR1 alpha + Enhanced + One-Step,NASDAQ:CGBD,0.0
2021-06-14,17,AR1 alpha + Enhanced + One-Step,NASDAQ:CGBD,0.0
2021-06-15,17,AR1 alpha + Enhanced + One-Step,NASDAQ:CGBD,0.0
2021-06-16,17,AR1 alpha + Enhanced + One-Step,NASDAQ:CGBD,0.0
2021-06-17,17,AR1 alpha + Enhanced + One-Step,NASDAQ:CGBD,0.0
2021-06-18,17,AR1 alpha + Enhanced + One-Step,NASDAQ:CGBD,0.0
2021-06-21,17,AR1 alpha + Enhanced + One-Step,NASDAQ:CGBD,3.65033163893822e-07
2021-06-22,17,AR1 alpha + Enhanced + One-Step,NASDAQ:CGBD,0.0
2021-06-23,17,AR1 alpha + Enhanced + One-Step,NASDAQ:CGBD,0.0
2021-06-24,17,AR1 alpha + Enhanced + One-Step,NASDAQ:CGBD,1.3781305254550054e-06
2021-06-25,17,AR1 alpha + Enhanced + One-Step,NASDAQ:CGBD,1.6593035339290003e-06
2021-06-28,17,AR1 alpha + Enhanced + One-Step,NASDAQ:CGBD,1.1069401573624818e-06
2021-06-29,17,AR1 alpha + Enhanced + One-Step,NASDAQ:CGBD,6.2647804279859e-07
2021-06-30,17,AR1 alpha + Enhanced + One-Step,NASDAQ:CGBD,0.0
2021-07-01,17,AR1 alpha + Enhanced + One-Step,NASDAQ:CGBD,0.0
2021-07-02,17,AR1 alpha + Enhanced + One-Step,NASDAQ:CGBD,0.0
2021-07-06,17,AR1 alpha + Enhanced + One-Step,NASDAQ:CGBD,0.0
2021-07-07,17,AR1 alpha + Enhanced + One-Step,NASDAQ:CGBD,9.06896027442058e-07
2021-07-08,17,AR1 alpha + Enhanced + One-Step,NASDAQ:CGBD,5.124652880619876e-07
2021-07-09,17,AR1 alpha + Enhanced + One-Step,NASDAQ:CGBD,0.0
2021-07-12,17,AR1 alpha + Enhanced + One-Step,NASDAQ:CGBD,0.0
2021-07-13,17,AR1 alpha + Enhanced + One-Step,NASDAQ:CGBD,0.0
2021-07-14,17,AR1 alpha + Enhanced + One-Step,NASDAQ:CGBD,0.0
2021-07-15,17,AR1 alpha + Enhanced + One-Step,NASDAQ:CGBD,0.0
2021-07-16,17,AR1 alpha + Enhanced + One-Step,NASDAQ:CGBD,0.0
2021-07-19,17,AR1 alpha + Enhanced + One-Step,NASDAQ:CGBD,0.0
2021-07-20,17,AR1 alpha + Enhanced + One-Step,NASDAQ:CGBD,0.0
2021-07-21,17,AR1 alpha + Enhanced + One-Step,NASDAQ:CGBD,4.790440959057454e-07
2021-07-22,17,AR1 alpha + Enhanced + One-Step,NASDAQ:CGBD,0.0
2021-07-23,17,AR1 alpha + Enhanced + One-Step,NASDAQ:CGBD,0.0
2021-07-26,17,AR1 alpha + Enhanced + One-Step,NASDAQ:CGBD,0.0
2021-07-27,17,AR1 alpha + Enhanced + One-Step,NASDAQ:CGBD,0.0
2021-07-28,17,AR1 alpha + Enhanced + One-Step,NASDAQ:CGBD,0.0
2021-07-29,17,AR1 alpha + Enhanced + One-Step,NASDAQ:CGBD,0.0
2021-07-30,17,AR1 alpha + Enhanced + One-Step,NASDAQ:CGBD,0.0
2021-08-02,17,AR1 alpha + Enhanced + One-Step,NASDAQ:CGBD,0.0
2021-08-03,17,AR1 alpha + Enhanced + One-Step,NASDAQ:CGBD,0.0
2021-08-04,17,AR1 alpha + Enhanced + One-Step,NASDAQ:CGBD,0.0
2021-08-05,17,AR1 alpha + Enhanced + One-Step,NASDAQ:CGBD,0.0
2021-08-06,17,AR1 alpha + Enhanced + One-Step,NASDAQ:CGBD,0.0
2021-08-09,17,AR1 alpha + Enhanced + One-Step,NASDAQ:CGBD,1.8840630061169588e-07
2021-08-10,17,AR1 alpha + Enhanced + One-Step,NASDAQ:CGBD,0.0
2021-08-11,17,AR1 alpha + Enhanced + One-Step,NASDAQ:CGBD,0.0
2021-08-12,17,AR1 alpha + Enhanced + One-Step,NASDAQ:CGBD,0.0
2021-08-13,17,AR1 alpha + Enhanced + One-Step,NASDAQ:CGBD,2.643481775794376e-07
2021-08-16,17,AR1 alpha + Enhanced + One-Step,NASDAQ:CGBD,1.713732482353783e-06
2021-08-17,17,AR1 alpha + Enhanced + One-Step,NASDAQ:CGBD,2.3637410504801164e-06
2021-08-18,17,AR1 alpha + Enhanced + One-Step,NASDAQ:CGBD,2.4329158233376523e-06
2021-08-19,17,AR1 alpha + Enhanced + One-Step,NASDAQ:CGBD,3.857392916236977e-06
2021-08-20,17,AR1 alpha + Enhanced + One-Step,NASDAQ:CGBD,1.7355517196629446e-06
2021-08-23,17,AR1 alpha + Enhanced + One-Step,NASDAQ:CGBD,1.2050997348101408e-06
2021-08-24,17,AR1 alpha + Enhanced + One-Step,NASDAQ:CGBD,2.2467644783043663e-07
2021-08-25,17,AR1 alpha + Enhanced + One-Step,NASDAQ:CGBD,1.931678789504981e-07
2021-08-26,17,AR1 alpha + Enhanced + One-Step,NASDAQ:CGBD,0.0
2021-08-27,17,AR1 alpha + Enhanced + One-Step,NASDAQ:CGBD,0.0
2021-08-30,17,AR1 alpha + Enhanced + One-Step,NASDAQ:CGBD,0.0037577752901961185
2021-08-31,17,AR1 alpha + Enhanced + One-Step,NASDAQ:CGBD,0.008643322462849774
2021-09-01,17,AR1 alpha + Enhanced + One-Step,NASDAQ:CGBD,0.008642114111309471
2021-09-02,17,AR1 alpha + Enhanced + One-Step,NASDAQ:CGBD,0.00864042913056163
2021-09-03,17,AR1 alpha + Enhanced + One-Step,NASDAQ:CGBD,0.008640390668874235
2021-09-07,17,AR1 alpha + Enhanced + One-Step,NASDAQ:CGBD,0.008639460779066282
2021-09-08,17,AR1 alpha + Enhanced + One-Step,NASDAQ:CGBD,0.008638863529054786
2021-09-09,17,AR1 alpha + Enhanced + One-Step,NASDAQ:CGBD,0.008638210547647452
2021-09-10,17,AR1 alpha + Enhanced + One-Step,NASDAQ:CGBD,0.008637848414931067
2021-09-13,17,AR1 alpha + Enhanced + One-Step,NASDAQ:CGBD,0.008638424211781834
2021-09-14,17,AR1 alpha + Enhanced + One-Step,NASDAQ:CGBD,0.008638209584270322
2021-09-15,17,AR1 alpha + Enhanced + One-Step,NASDAQ:CGBD,0.00863682734430617
2021-09-16,17,AR1 alpha + Enhanced + One-Step,NASDAQ:CGBD,0.0027554167386576026
2021-09-17,17,AR1 alpha + Enhanced + One-Step,NASDAQ:CGBD,0.0
2021-09-20,17,AR1 alpha + Enhanced + One-Step,NASDAQ:CGBD,3.04955637967008e-07
2021-09-21,17,AR1 alpha + Enhanced + One-Step,NASDAQ:CGBD,0.0
2021-09-22,17,AR1 alpha + Enhanced + One-Step,NASDAQ:CGBD,0.0
2021-09-23,17,AR1 alpha + Enhanced + One-Step,NASDAQ:CGBD,5.233613459023044e-07
2021-09-24,17,AR1 alpha + Enhanced + One-Step,NASDAQ:CGBD,3.160030506276726e-07
2021-09-27,17,AR1 alpha + Enhanced + One-Step,NASDAQ:CGBD,1.9296421671365599e-07
2021-09-28,17,AR1 alpha + Enhanced + One-Step,NASDAQ:CGBD,6.64358794218066e-08
2021-09-29,17,AR1 alpha + Enhanced + One-Step,NASDAQ:CGBD,4.501776527414112e-07
2021-09-30,17,AR1 alpha + Enhanced + One-Step,NASDAQ:CGBD,2.8546049752992697e-07
2021-10-01,17,AR1 alpha + Enhanced + One-Step,NASDAQ:CGBD,2.199085463288448e-07
2021-10-04,17,AR1 alpha + Enhanced + One-Step,NASDAQ:CGBD,1.8043170362999673e-07
2021-10-05,17,AR1 alpha + Enhanced + One-Step,NASDAQ:CGBD,0.0
2021-10-06,17,AR1 alpha + Enhanced + One-Step,NASDAQ:CGBD,0.0
2021-10-07,17,AR1 alpha + Enhanced + One-Step,NASDAQ:CGBD,2.4454350173442653e-08
2021-10-08,17,AR1 alpha + Enhanced + One-Step,NASDAQ:CGBD,0.0
2021-10-11,17,AR1 alpha + Enhanced + One-Step,NASDAQ:CGBD,0.0
2021-10-12,17,AR1 alpha + Enhanced + One-Step,NASDAQ:CGBD,2.2874264908270845e-07
2021-10-13,17,AR1 alpha + Enhanced + One-Step,NASDAQ:CGBD,2.0334529872320848e-07
2021-10-14,17,AR1 alpha + Enhanced + One-Step,NASDAQ:CGBD,8.33457970488654e-08
2021-10-15,17,AR1 alpha + Enhanced + One-Step,NASDAQ:CGBD,1.295533031767465e-08
2021-10-18,17,AR1 alpha + Enhanced + One-Step,NASDAQ:CGBD,0.0
2021-10-19,17,AR1 alpha + Enhanced + One-Step,NASDAQ:CGBD,4.99720090067887e-10
2021-10-20,17,AR1 alpha + Enhanced + One-Step,NASDAQ:CGBD,2.3408329821965278e-07
2021-10-21,17,AR1 alpha + Enhanced + One-Step,NASDAQ:CGBD,1.889949313194143e-07
2021-10-22,17,AR1 alpha + Enhanced + One-Step,NASDAQ:CGBD,0.0
2021-10-25,17,AR1 alpha + Enhanced + One-Step,NASDAQ:CGBD,0.0
2021-10-26,17,AR1 alpha + Enhanced + One-Step,NASDAQ:CGBD,1.4124109216923443e-08
2021-10-27,17,AR1 alpha + Enhanced + One-Step,NASDAQ:CGBD,0.0
2021-10-28,17,AR1 alpha + Enhanced + One-Step,NASDAQ:CGBD,8.777685830135232e-08
2021-10-29,17,AR1 alpha + Enhanced + One-Step,NASDAQ:CGBD,0.002539476849523639
2021-11-01,17,AR1 alpha + Enhanced + One-Step,NASDAQ:CGBD,0.0025390674243721454
2021-11-02,17,AR1 alpha + Enhanced + One-Step,NASDAQ:CGBD,0.002538985840975998
2021-11-03,17,AR1 alpha + Enhanced + One-Step,NASDAQ:CGBD,0.002539497954774046
2021-11-04,17,AR1 alpha + Enhanced + One-Step,NASDAQ:CGBD,0.0025388632076131187
2021-11-05,17,AR1 alpha + Enhanced + One-Step,NASDAQ:CGBD,0.002538565299588001
2021-11-08,17,AR1 alpha + Enhanced + One-Step,NASDAQ:CGBD,0.0025360304764840145
2021-11-09,17,AR1 alpha + Enhanced + One-Step,NASDAQ:CGBD,0.002535970498600235
2021-11-10,17,AR1 alpha + Enhanced + One-Step,NASDAQ:CGBD,0.002537544117236343
2021-11-11,17,AR1 alpha + Enhanced + One-Step,NASDAQ:CGBD,0.0025374973266260987
2021-11-12,17,AR1 alpha + Enhanced + One-Step,NASDAQ:CGBD,0.0025377293249689956
2021-11-15,17,AR1 alpha + Enhanced + One-Step,NASDAQ:CGBD,0.002538333380168263
2021-11-16,17,AR1 alpha + Enhanced + One-Step,NASDAQ:CGBD,0.00253828899809384
2021-11-17,17,AR1 alpha + Enhanced + One-Step,NASDAQ:CGBD,0.0025374275850970456
2021-11-18,17,AR1 alpha + Enhanced + One-Step,NASDAQ:CGBD,0.0
2021-11-19,17,AR1 alpha + Enhanced + One-Step,NASDAQ:CGBD,2.5923020436853686e-07
2021-11-22,17,AR1 alpha + Enhanced + One-Step,NASDAQ:CGBD,3.9561355244327966e-07
2021-11-23,17,AR1 alpha + Enhanced + One-Step,NASDAQ:CGBD,0.0
2021-11-24,17,AR1 alpha + Enhanced + One-Step,NASDAQ:CGBD,0.0
2021-11-26,17,AR1 alpha + Enhanced + One-Step,NASDAQ:CGBD,0.0
2021-11-29,17,AR1 alpha + Enhanced + One-Step,NASDAQ:CGBD,0.0
2021-11-30,17,AR1 alpha + Enhanced + One-Step,NASDAQ:CGBD,0.0
2021-12-01,17,AR1 alpha + Enhanced + One-Step,NASDAQ:CGBD,0.0
2021-12-02,17,AR1 alpha + Enhanced + One-Step,NASDAQ:CGBD,0.0
2021-12-03,17,AR1 alpha + Enhanced + One-Step,NASDAQ:CGBD,0.0
2021-12-06,17,AR1 alpha + Enhanced + One-Step,NASDAQ:CGBD,0.0
2021-12-07,17,AR1 alpha + Enhanced + One-Step,NASDAQ:CGBD,0.0
2021-12-08,17,AR1 alpha + Enhanced + One-Step,NASDAQ:CGBD,7.681161825390627e-08
2021-12-09,17,AR1 alpha + Enhanced + One-Step,NASDAQ:CGBD,0.0
2021-12-10,17,AR1 alpha + Enhanced + One-Step,NASDAQ:CGBD,0.0
2021-12-13,17,AR1 alpha + Enhanced + One-Step,NASDAQ:CGBD,0.0
2021-12-14,17,AR1 alpha + Enhanced + One-Step,NASDAQ:CGBD,1.4097562007090788e-07
2021-12-15,17,AR1 alpha + Enhanced + One-Step,NASDAQ:CGBD,3.908426685738083e-07
2021-12-16,17,AR1 alpha + Enhanced + One-Step,NASDAQ:CGBD,3.516169479683245e-07
2021-12-17,17,AR1 alpha + Enhanced + One-Step,NASDAQ:CGBD,1.3992151913695178e-07
2021-12-20,17,AR1 alpha + Enhanced + One-Step,NASDAQ:CGBD,0.0
2021-12-21,17,AR1 alpha + Enhanced + One-Step,NASDAQ:CGBD,3.138721636764161e-08
2021-12-22,17,AR1 alpha + Enhanced + One-Step,NASDAQ:CGBD,5.8083462725808715e-08
2021-12-23,17,AR1 alpha + Enhanced + One-Step,NASDAQ:CGBD,2.4887698056461797e-07
2021-12-27,17,AR1 alpha + Enhanced + One-Step,NASDAQ:CGBD,2.756159225813178e-07
2021-12-28,17,AR1 alpha + Enhanced + One-Step,NASDAQ:CGBD,2.634544053103908e-07
2021-12-29,17,AR1 alpha + Enhanced + One-Step,NASDAQ:CGBD,1.5937727325336462e-07
2021-12-30,17,AR1 alpha + Enhanced + One-Step,NASDAQ:CGBD,2.527525244711637e-07
2021-12-31,17,AR1 alpha + Enhanced + One-Step,NASDAQ:CGBD,1.5697554698988268e-07
2022-01-03,17,AR1 alpha + Enhanced + One-Step,NASDAQ:CGBD,0.0
2022-01-04,17,AR1 alpha + Enhanced + One-Step,NASDAQ:CGBD,5.269234390817666e-08
2022-01-05,17,AR1 alpha + Enhanced + One-Step,NASDAQ:CGBD,3.44560753870697e-08
2022-01-06,17,AR1 alpha + Enhanced + One-Step,NASDAQ:CGBD,4.173937909253627e-08
2022-01-07,17,AR1 alpha + Enhanced + One-Step,NASDAQ:CGBD,0.0
2022-01-10,17,AR1 alpha + Enhanced + One-Step,NASDAQ:CGBD,0.0
2022-01-11,17,AR1 alpha + Enhanced + One-Step,NASDAQ:CGBD,0.0
2022-01-12,17,AR1 alpha + Enhanced + One-Step,NASDAQ:CGBD,0.0
2022-01-13,17,AR1 alpha + Enhanced + One-Step,NASDAQ:CGBD,0.0
2022-01-14,17,AR1 alpha + Enhanced + One-Step,NASDAQ:CGBD,0.0
2022-01-18,17,AR1 alpha + Enhanced + One-Step,NASDAQ:CGBD,1.657289529551764e-07
2022-01-19,17,AR1 alpha + Enhanced + One-Step,NASDAQ:CGBD,0.0
2022-01-20,17,AR1 alpha + Enhanced + One-Step,NASDAQ:CGBD,4.4749602188652984e-08
2022-01-21,17,AR1 alpha + Enhanced + One-Step,NASDAQ:CGBD,0.0
2022-01-24,17,AR1 alpha + Enhanced + One-Step,NASDAQ:CGBD,0.0
2022-01-25,17,AR1 alpha + Enhanced + One-Step,NASDAQ:CGBD,5.600906119726264e-08
2022-01-26,17,AR1 alpha + Enhanced + One-Step,NASDAQ:CGBD,1.259986934075539e-07
2022-01-27,17,AR1 alpha + Enhanced + One-Step,NASDAQ:CGBD,0.0
2022-01-28,17,AR1 alpha + Enhanced + One-Step,NASDAQ:CGBD,0.0010579693073802406
2022-01-31,17,AR1 alpha + Enhanced + One-Step,NASDAQ:CGBD,0.0010583513355142712
2022-02-01,17,AR1 alpha + Enhanced + One-Step,NASDAQ:CGBD,0.001058401550654794
2022-02-02,17,AR1 alpha + Enhanced + One-Step,NASDAQ:CGBD,0.0010583483589794388
2022-02-03,17,AR1 alpha + Enhanced + One-Step,NASDAQ:CGBD,0.0010576460336192992
2022-02-04,17,AR1 alpha + Enhanced + One-Step,NASDAQ:CGBD,0.0010572241174530194
2022-02-07,17,AR1 alpha + Enhanced + One-Step,NASDAQ:CGBD,0.0010572284391367546
2022-02-08,17,AR1 alpha + Enhanced + One-Step,NASDAQ:CGBD,0.0010572513793998992
2022-02-09,17,AR1 alpha + Enhanced + One-Step,NASDAQ:CGBD,0.0010573041364129697
2022-02-10,17,AR1 alpha + Enhanced + One-Step,NASDAQ:CGBD,0.021074258993462033
2022-02-11,17,AR1 alpha + Enhanced + One-Step,NASDAQ:CGBD,0.021074742678852967
2022-02-14,17,AR1 alpha + Enhanced + One-Step,NASDAQ:CGBD,0.038602685080137394
2022-02-15,17,AR1 alpha + Enhanced + One-Step,NASDAQ:CGBD,0.05449396325078105
2022-02-16,17,AR1 alpha + Enhanced + One-Step,NASDAQ:CGBD,0.0544932120649196
2022-02-17,17,AR1 alpha + Enhanced + One-Step,NASDAQ:CGBD,0.05449216641921498
2022-02-18,17,AR1 alpha + Enhanced + One-Step,NASDAQ:CGBD,0.059810652228302445
2022-02-22,17,AR1 alpha + Enhanced + One-Step,NASDAQ:CGBD,0.05981063774408177
2022-02-23,17,AR1 alpha + Enhanced + One-Step,NASDAQ:CGBD,0.059810657590815205
2022-02-24,17,AR1 alpha + Enhanced + One-Step,NASDAQ:CGBD,0.059809868667439973
2022-02-25,17,AR1 alpha + Enhanced + One-Step,NASDAQ:CGBD,0.059809966198139726
2022-02-28,17,AR1 alpha + Enhanced + One-Step,NASDAQ:CGBD,0.05980999307474757
2022-03-01,17,AR1 alpha + Enhanced + One-Step,NASDAQ:CGBD,0.05981016500232287
2022-03-02,17,AR1 alpha + Enhanced + One-Step,NASDAQ:CGBD,0.059810044995196196
2022-03-03,17,AR1 alpha + Enhanced + One-Step,NASDAQ:CGBD,0.059810025531002356
2022-03-04,17,AR1 alpha + Enhanced + One-Step,NASDAQ:CGBD,0.059808618662111054
2022-03-07,17,AR1 alpha + Enhanced + One-Step,NASDAQ:CGBD,0.05980981355703082
2022-03-08,17,AR1 alpha + Enhanced + One-Step,NASDAQ:CGBD,0.059809822627820086
2022-03-09,17,AR1 alpha + Enhanced + One-Step,NASDAQ:CGBD,0.059808934021669195
2022-03-10,17,AR1 alpha + Enhanced + One-Step,NASDAQ:CGBD,0.05980902100974266
2022-03-11,17,AR1 alpha + Enhanced + One-Step,NASDAQ:CGBD,0.05980797374355102
2022-03-14,17,AR1 alpha + Enhanced + One-Step,NASDAQ:CGBD,0.05980599698065176
2022-03-15,17,AR1 alpha + Enhanced + One-Step,NASDAQ:CGBD,0.05980470497440468
2022-03-16,17,AR1 alpha + Enhanced + One-Step,NASDAQ:CGBD,0.05980470689675119
2022-03-17,17,AR1 alpha + Enhanced + One-Step,NASDAQ:CGBD,0.059804781231424735
2022-03-18,17,AR1 alpha + Enhanced + One-Step,NASDAQ:CGBD,0.05980473678664301
2022-03-21,17,AR1 alpha + Enhanced + One-Step,NASDAQ:CGBD,0.05980494704117047
2022-03-22,17,AR1 alpha + Enhanced + One-Step,NASDAQ:CGBD,0.0598049395657276
2022-03-23,17,AR1 alpha + Enhanced + One-Step,NASDAQ:CGBD,0.059804930273030146
2022-03-24,17,AR1 alpha + Enhanced + One-Step,NASDAQ:CGBD,0.05980475493335182
2022-03-25,17,AR1 alpha + Enhanced + One-Step,NASDAQ:CGBD,0.05980332900918152
2022-03-28,17,AR1 alpha + Enhanced + One-Step,NASDAQ:CGBD,0.05980290740623636
2022-03-29,17,AR1 alpha + Enhanced + One-Step,NASDAQ:CGBD,0.05980101417072126
2022-03-30,17,AR1 alpha + Enhanced + One-Step,NASDAQ:CGBD,0.05980102635372846
2022-03-31,17,AR1 alpha + Enhanced + One-Step,NASDAQ:CGBD,0.05980099952740189
2022-04-01,17,AR1 alpha + Enhanced + One-Step,NASDAQ:CGBD,0.05979411554969929
2022-04-04,17,AR1 alpha + Enhanced + One-Step,NASDAQ:CGBD,0.0597926276808782
2022-04-05,17,AR1 alpha + Enhanced + One-Step,NASDAQ:CGBD,0.05979257823457266
2022-04-06,17,AR1 alpha + Enhanced + One-Step,NASDAQ:CGBD,0.059789738911319286
2022-04-07,17,AR1 alpha + Enhanced + One-Step,NASDAQ:CGBD,0.059789685669671314
2022-04-08,17,AR1 alpha + Enhanced + One-Step,NASDAQ:CGBD,0.05978988091236588
2022-04-11,17,AR1 alpha + Enhanced + One-Step,NASDAQ:CGBD,0.059785824063599564
2022-04-12,17,AR1 alpha + Enhanced + One-Step,NASDAQ:CGBD,0.05978351647044861
2022-04-13,17,AR1 alpha + Enhanced + One-Step,NASDAQ:CGBD,0.05978358376992415
2022-04-14,17,AR1 alpha + Enhanced + One-Step,NASDAQ:CGBD,0.059781026279865424
2022-04-18,17,AR1 alpha + Enhanced + One-Step,NASDAQ:CGBD,0.059779496598849347
2022-04-19,17,AR1 alpha + Enhanced + One-Step,NASDAQ:CGBD,0.05975922008287552
2022-04-20,17,AR1 alpha + Enhanced + One-Step,NASDAQ:CGBD,0.05975906768558096
2022-04-21,17,AR1 alpha + Enhanced + One-Step,NASDAQ:CGBD,0.059757701452914924
2022-04-22,17,AR1 alpha + Enhanced + One-Step,NASDAQ:CGBD,0.05975657666025988
2022-04-25,17,AR1 alpha + Enhanced + One-Step,NASDAQ:CGBD,0.05975581859025797
2022-04-26,17,AR1 alpha + Enhanced + One-Step,NASDAQ:CGBD,0.05975596795688069
2022-04-27,17,AR1 alpha + Enhanced + One-Step,NASDAQ:CGBD,0.059755004268691125
2022-04-28,17,AR1 alpha + Enhanced + One-Step,NASDAQ:CGBD,0.06324875790864903
2022-04-29,17,AR1 alpha + Enhanced + One-Step,NASDAQ:CGBD,0.06324629361044337
2022-05-02,17,AR1 alpha + Enhanced + One-Step,NASDAQ:CGBD,0.07101796058816442
2022-05-03,17,AR1 alpha + Enhanced + One-Step,NASDAQ:CGBD,0.07101768250651441
2022-05-04,17,AR1 alpha + Enhanced + One-Step,NASDAQ:CGBD,0.07101766432304964
2022-05-05,17,AR1 alpha + Enhanced + One-Step,NASDAQ:CGBD,0.0710169117814118
2022-05-06,17,AR1 alpha + Enhanced + One-Step,NASDAQ:CGBD,0.07101496273285793
2022-05-09,17,AR1 alpha + Enhanced + One-Step,NASDAQ:CGBD,0.07101501643870212
2022-05-10,17,AR1 alpha + Enhanced + One-Step,NASDAQ:CGBD,0.08351065290670372
2022-05-11,17,AR1 alpha + Enhanced + One-Step,NASDAQ:CGBD,0.08350824481284078
2022-05-12,17,AR1 alpha + Enhanced + One-Step,NASDAQ:CGBD,0.09456195700035841
2022-05-13,17,AR1 alpha + Enhanced + One-Step,NASDAQ:CGBD,0.09999260521492682
2022-05-16,17,AR1 alpha + Enhanced + One-Step,NASDAQ:CGBD,0.09999203271106062
2022-05-17,17,AR1 alpha + Enhanced + One-Step,NASDAQ:CGBD,0.09999060444911657
2022-05-18,17,AR1 alpha + Enhanced + One-Step,NASDAQ:CGBD,0.09999213575820216
2022-05-19,17,AR1 alpha + Enhanced + One-Step,NASDAQ:CGBD,0.09999387894313852
2022-05-20,17,AR1 alpha + Enhanced + One-Step,NASDAQ:CGBD,0.09999544589538105
2022-05-23,17,AR1 alpha + Enhanced + One-Step,NASDAQ:CGBD,0.09999684978427109
2022-05-24,17,AR1 alpha + Enhanced + One-Step,NASDAQ:CGBD,0.09999492431073531
2022-05-25,17,AR1 alpha + Enhanced + One-Step,NASDAQ:CGBD,0.09999343793861232
2022-05-26,17,AR1 alpha + Enhanced + One-Step,NASDAQ:CGBD,0.09999504444951007
2022-05-27,17,AR1 alpha + Enhanced + One-Step,NASDAQ:CGBD,0.09999562416465098
2022-05-31,17,AR1 alpha + Enhanced + One-Step,NASDAQ:CGBD,0.0999958517142143
2022-06-01,17,AR1 alpha + Enhanced + One-Step,NASDAQ:CGBD,0.099997747389704
2022-06-02,17,AR1 alpha + Enhanced + One-Step,NASDAQ:CGBD,0.0999985316651532
2022-06-03,17,AR1 alpha + Enhanced + One-Step,NASDAQ:CGBD,0.09999795687254444
2022-06-06,17,AR1 alpha + Enhanced + One-Step,NASDAQ:CGBD,0.09999691255525042
2022-06-07,17,AR1 alpha + Enhanced + One-Step,NASDAQ:CGBD,0.09999515981016194
2022-06-08,17,AR1 alpha + Enhanced + One-Step,NASDAQ:CGBD,0.09999610374225208
2022-06-09,17,AR1 alpha + Enhanced + One-Step,NASDAQ:CGBD,0.09999554318838996
2022-06-10,17,AR1 alpha + Enhanced + One-Step,NASDAQ:CGBD,0.09999299887353584
2022-06-13,17,AR1 alpha + Enhanced + One-Step,NASDAQ:CGBD,0.09999230105164773
2022-06-14,17,AR1 alpha + Enhanced + One-Step,NASDAQ:CGBD,0.09999320720405942
2022-06-15,17,AR1 alpha + Enhanced + One-Step,NASDAQ:CGBD,0.09999287680201796
2022-06-16,17,AR1 alpha + Enhanced + One-Step,NASDAQ:CGBD,0.09999111256365616
2022-06-17,17,AR1 alpha + Enhanced + One-Step,NASDAQ:CGBD,0.09999439326179485
2022-06-21,17,AR1 alpha + Enhanced + One-Step,NASDAQ:CGBD,0.09999627609016304
2022-06-22,17,AR1 alpha + Enhanced + One-Step,NASDAQ:CGBD,0.09999775978771437
2022-06-23,17,AR1 alpha + Enhanced + One-Step,NASDAQ:CGBD,0.09154096032117615
2022-06-24,17,AR1 alpha + Enhanced + One-Step,NASDAQ:CGBD,0.09154084603963966
2022-06-27,17,AR1 alpha + Enhanced + One-Step,NASDAQ:CGBD,0.09154110297256812
2022-06-28,17,AR1 alpha + Enhanced + One-Step,NASDAQ:CGBD,0.09154108477358976
2022-06-29,17,AR1 alpha + Enhanced + One-Step,NASDAQ:CGBD,0.09154059431360943
2022-06-30,17,AR1 alpha + Enhanced + One-Step,NASDAQ:CGBD,0.09154075778106605
2022-07-01,17,AR1 alpha + Enhanced + One-Step,NASDAQ:CGBD,0.09154041089310004
2022-07-05,17,AR1 alpha + Enhanced + One-Step,NASDAQ:CGBD,0.09154037323889902
2022-07-06,17,AR1 alpha + Enhanced + One-Step,NASDAQ:CGBD,0.09153957869390038
2022-07-07,17,AR1 alpha + Enhanced + One-Step,NASDAQ:CGBD,0.09153849202347661
2022-07-08,17,AR1 alpha + Enhanced + One-Step,NASDAQ:CGBD,0.09153839865234543
2022-07-11,17,AR1 alpha + Enhanced + One-Step,NASDAQ:CGBD,0.09153351456802775
2022-07-12,17,AR1 alpha + Enhanced + One-Step,NASDAQ:CGBD,0.09153269160256598
2022-07-13,17,AR1 alpha + Enhanced + One-Step,NASDAQ:CGBD,0.09153229489146619
2022-07-14,17,AR1 alpha + Enhanced + One-Step,NASDAQ:CGBD,0.09153229738159198
2022-07-15,17,AR1 alpha + Enhanced + One-Step,NASDAQ:CGBD,0.09153232038930195
2022-07-18,17,AR1 alpha + Enhanced + One-Step,NASDAQ:CGBD,0.09153202164429976
2022-07-19,17,AR1 alpha + Enhanced + One-Step,NASDAQ:CGBD,0.09153178611409132
2022-07-20,17,AR1 alpha + Enhanced + One-Step,NASDAQ:CGBD,0.09153169329089358
2022-07-21,17,AR1 alpha + Enhanced + One-Step,NASDAQ:CGBD,0.0915316067456131
2022-07-22,17,AR1 alpha + Enhanced + One-Step,NASDAQ:CGBD,0.08468197087641535
2022-07-25,17,AR1 alpha + Enhanced + One-Step,NASDAQ:CGBD,0.08468246243315228
2022-07-26,17,AR1 alpha + Enhanced + One-Step,NASDAQ:CGBD,0.08274049413872189
2022-07-27,17,AR1 alpha + Enhanced + One-Step,NASDAQ:CGBD,0.07667057817568093
2022-07-28,17,AR1 alpha + Enhanced + One-Step,NASDAQ:CGBD,0.0638306728813449
2022-07-29,17,AR1 alpha + Enhanced + One-Step,NASDAQ:CGBD,0.0638269201229598
2022-08-01,17,AR1 alpha + Enhanced + One-Step,NASDAQ:CGBD,0.045596258327378694
2022-08-02,17,AR1 alpha + Enhanced + One-Step,NASDAQ:CGBD,0.0346761062052536
2022-08-03,17,AR1 alpha + Enhanced + One-Step,NASDAQ:CGBD,0.024013119725982142
2022-08-04,17,AR1 alpha + Enhanced + One-Step,NASDAQ:CGBD,0.02401300002445646
2022-08-05,17,AR1 alpha + Enhanced + One-Step,NASDAQ:CGBD,0.024011668004931163
2022-08-08,17,AR1 alpha + Enhanced + One-Step,NASDAQ:CGBD,0.024009899341511976
2022-08-09,17,AR1 alpha + Enhanced + One-Step,NASDAQ:CGBD,0.024010599341730603
2022-08-10,17,AR1 alpha + Enhanced + One-Step,NASDAQ:CGBD,0.024008298983194887
2022-08-11,17,AR1 alpha + Enhanced + One-Step,NASDAQ:CGBD,0.024007728052884775
2022-08-12,17,AR1 alpha + Enhanced + One-Step,NASDAQ:CGBD,0.0240077369845131
2022-08-15,17,AR1 alpha + Enhanced + One-Step,NASDAQ:CGBD,0.024007714400228142
2022-08-16,17,AR1 alpha + Enhanced + One-Step,NASDAQ:CGBD,0.024007772017601237
2022-08-17,17,AR1 alpha + Enhanced + One-Step,NASDAQ:CGBD,0.024007909954999383
2022-08-18,17,AR1 alpha + Enhanced + One-Step,NASDAQ:CGBD,0.02400584261756222
2022-08-19,17,AR1 alpha + Enhanced + One-Step,NASDAQ:CGBD,0.02400475149378149
2022-08-22,17,AR1 alpha + Enhanced + One-Step,NASDAQ:CGBD,0.024004457114762418
2022-08-23,17,AR1 alpha + Enhanced + One-Step,NASDAQ:CGBD,0.02400435645357856
2022-08-24,17,AR1 alpha + Enhanced + One-Step,NASDAQ:CGBD,0.022990004057243104
2022-08-25,17,AR1 alpha + Enhanced + One-Step,NASDAQ:CGBD,0.022987462765290432
2022-08-26,17,AR1 alpha + Enhanced + One-Step,NASDAQ:CGBD,0.022987263964939494
2022-08-29,17,AR1 alpha + Enhanced + One-Step,NASDAQ:CGBD,0.017187406528995055
2022-08-30,17,AR1 alpha + Enhanced + One-Step,NASDAQ:CGBD,0.017187377370640813
2022-08-31,17,AR1 alpha + Enhanced + One-Step,NASDAQ:CGBD,0.01718733668623888
2022-09-01,17,AR1 alpha + Enhanced + One-Step,NASDAQ:CGBD,0.017824651195481937
2022-09-02,17,AR1 alpha + Enhanced + One-Step,NASDAQ:CGBD,0.017824612428804707
2022-09-06,17,AR1 alpha + Enhanced + One-Step,NASDAQ:CGBD,0.03809291850336013
2022-09-07,17,AR1 alpha + Enhanced + One-Step,NASDAQ:CGBD,0.058536312199370596
2022-09-08,17,AR1 alpha + Enhanced + One-Step,NASDAQ:CGBD,0.06730690710721221
2022-09-09,17,AR1 alpha + Enhanced + One-Step,NASDAQ:CGBD,0.06730572449782
2022-09-12,17,AR1 alpha + Enhanced + One-Step,NASDAQ:CGBD,0.06730501448621766
2022-09-13,17,AR1 alpha + Enhanced + One-Step,NASDAQ:CGBD,0.07200914806501443
2022-09-14,17,AR1 alpha + Enhanced + One-Step,NASDAQ:CGBD,0.07200805387480987
2022-09-15,17,AR1 alpha + Enhanced + One-Step,NASDAQ:CGBD,0.07309186556230676
2022-09-16,17,AR1 alpha + Enhanced + One-Step,NASDAQ:CGBD,0.08021863753191735
2022-09-19,17,AR1 alpha + Enhanced + One-Step,NASDAQ:CGBD,0.08531474148578132
2022-09-20,17,AR1 alpha + Enhanced + One-Step,NASDAQ:CGBD,0.08975460284531225
2022-09-21,17,AR1 alpha + Enhanced + One-Step,NASDAQ:CGBD,0.09999960961161726
2022-09-22,17,AR1 alpha + Enhanced + One-Step,NASDAQ:CGBD,0.09999969414136084
2022-09-23,17,AR1 alpha + Enhanced + One-Step,NASDAQ:CGBD,0.09999746036466999
2022-09-26,17,AR1 alpha + Enhanced + One-Step,NASDAQ:CGBD,0.0999980546252473
2022-09-27,17,AR1 alpha + Enhanced + One-Step,NASDAQ:CGBD,0.09999845741898938
2022-09-28,17,AR1 alpha + Enhanced + One-Step,NASDAQ:CGBD,0.09999848751571597
2022-09-29,17,AR1 alpha + Enhanced + One-Step,NASDAQ:CGBD,0.09999923590267715
2022-09-30,17,AR1 alpha + Enhanced + One-Step,NASDAQ:CGBD,0.09999935748649469
2022-10-03,17,AR1 alpha + Enhanced + One-Step,NASDAQ:CGBD,0.09999953632237009
2022-10-04,17,AR1 alpha + Enhanced + One-Step,NASDAQ:CGBD,0.09999957203750041
2022-10-05,17,AR1 alpha + Enhanced + One-Step,NASDAQ:CGBD,0.0999948001923212
2022-10-06,17,AR1 alpha + Enhanced + One-Step,NASDAQ:CGBD,0.09999395503045301
2022-10-07,17,AR1 alpha + Enhanced + One-Step,NASDAQ:CGBD,0.09175755455742753
2022-10-10,17,AR1 alpha + Enhanced + One-Step,NASDAQ:CGBD,0.07699067177194328
2022-10-11,17,AR1 alpha + Enhanced + One-Step,NASDAQ:CGBD,0.07698735973740249
2022-10-12,17,AR1 alpha + Enhanced + One-Step,NASDAQ:CGBD,0.060334675773012394
2022-10-13,17,AR1 alpha + Enhanced + One-Step,NASDAQ:CGBD,0.06033660780426133
2022-10-14,17,AR1 alpha + Enhanced + One-Step,NASDAQ:CGBD,0.057569002583354865
2022-10-17,17,AR1 alpha + Enhanced + One-Step,NASDAQ:CGBD,0.04775420778232786
2022-10-18,17,AR1 alpha + Enhanced + One-Step,NASDAQ:CGBD,0.047754241439308426
2022-10-19,17,AR1 alpha + Enhanced + One-Step,NASDAQ:CGBD,0.04263321300536869
2022-10-20,17,AR1 alpha + Enhanced + One-Step,NASDAQ:CGBD,0.033495313175979854
2022-10-21,17,AR1 alpha + Enhanced + One-Step,NASDAQ:CGBD,0.033495367749765734
2022-10-24,17,AR1 alpha + Enhanced + One-Step,NASDAQ:CGBD,0.03349420221529833
2022-10-25,17,AR1 alpha + Enhanced + One-Step,NASDAQ:CGBD,0.02411508945277159
2022-10-26,17,AR1 alpha + Enhanced + One-Step,NASDAQ:CGBD,0.01829900446598942
2022-10-27,17,AR1 alpha + Enhanced + One-Step,NASDAQ:CGBD,0.016632097856369214
2022-10-28,17,AR1 alpha + Enhanced + One-Step,NASDAQ:CGBD,0.001722194219204309
2022-10-31,17,AR1 alpha + Enhanced + One-Step,NASDAQ:CGBD,0.0
2022-11-01,17,AR1 alpha + Enhanced + One-Step,NASDAQ:CGBD,0.0
2022-11-02,17,AR1 alpha + Enhanced + One-Step,NASDAQ:CGBD,3.584444307053435e-08
2022-11-03,17,AR1 alpha + Enhanced + One-Step,NASDAQ:CGBD,1.8910071257488897e-06
2022-11-04,17,AR1 alpha + Enhanced + One-Step,NASDAQ:CGBD,9.365737061132186e-07
2022-11-07,17,AR1 alpha + Enhanced + One-Step,NASDAQ:CGBD,7.205463976604481e-11
2022-11-08,17,AR1 alpha + Enhanced + One-Step,NASDAQ:CGBD,9.24283544405908e-08
2022-11-09,17,AR1 alpha + Enhanced + One-Step,NASDAQ:CGBD,0.0
2022-11-10,17,AR1 alpha + Enhanced + One-Step,NASDAQ:CGBD,0.0
2022-11-11,17,AR1 alpha + Enhanced + One-Step,NASDAQ:CGBD,8.104048673817454e-08
2022-11-14,17,AR1 alpha + Enhanced + One-Step,NASDAQ:CGBD,0.0
2022-11-15,17,AR1 alpha + Enhanced + One-Step,NASDAQ:CGBD,2.6189456567146107e-08
2022-11-16,17,AR1 alpha + Enhanced + One-Step,NASDAQ:CGBD,3.0504866533178724e-08
2022-11-17,17,AR1 alpha + Enhanced + One-Step,NASDAQ:CGBD,0.0
2022-11-18,17,AR1 alpha + Enhanced + One-Step,NASDAQ:CGBD,3.441968874019919e-08
2022-11-21,17,AR1 alpha + Enhanced + One-Step,NASDAQ:CGBD,0.0
2022-11-22,17,AR1 alpha + Enhanced + One-Step,NASDAQ:CGBD,1.0322043618117844e-06
2022-11-23,17,AR1 alpha + Enhanced + One-Step,NASDAQ:CGBD,1.090254025061997e-06
2022-11-25,17,AR1 alpha + Enhanced + One-Step,NASDAQ:CGBD,0.00430880142933067
2022-11-28,17,AR1 alpha + Enhanced + One-Step,NASDAQ:CGBD,0.004308866337674884
2022-11-29,17,AR1 alpha + Enhanced + One-Step,NASDAQ:CGBD,2.2057830096691372e-08
2022-11-30,17,AR1 alpha + Enhanced + One-Step,NASDAQ:CGBD,2.484798046413193e-08
2022-12-01,17,AR1 alpha + Enhanced + One-Step,NASDAQ:CGBD,0.0
2022-12-02,17,AR1 alpha + Enhanced + One-Step,NASDAQ:CGBD,0.004371415235198279
2022-12-05,17,AR1 alpha + Enhanced + One-Step,NASDAQ:CGBD,0.004371074682490453
2022-12-06,17,AR1 alpha + Enhanced + One-Step,NASDAQ:CGBD,0.004370443381022826
2022-12-07,17,AR1 alpha + Enhanced + One-Step,NASDAQ:CGBD,0.004370579078872111
2022-12-08,17,AR1 alpha + Enhanced + One-Step,NASDAQ:CGBD,0.0052482234646664865
2022-12-09,17,AR1 alpha + Enhanced + One-Step,NASDAQ:CGBD,0.005247491468976563
2022-12-12,17,AR1 alpha + Enhanced + One-Step,NASDAQ:CGBD,0.0052470629858203935
2022-12-13,17,AR1 alpha + Enhanced + One-Step,NASDAQ:CGBD,0.005246623501990878
2022-12-14,17,AR1 alpha + Enhanced + One-Step,NASDAQ:CGBD,0.005244766936272168
2022-12-15,17,AR1 alpha + Enhanced + One-Step,NASDAQ:CGBD,0.005244136107417811
2022-12-16,17,AR1 alpha + Enhanced + One-Step,NASDAQ:CGBD,0.005243491939687624
2022-12-19,17,AR1 alpha + Enhanced + One-Step,NASDAQ:CGBD,0.005243534016324454
2022-12-20,17,AR1 alpha + Enhanced + One-Step,NASDAQ:CGBD,0.005243631204963442
2022-12-21,17,AR1 alpha + Enhanced + One-Step,NASDAQ:CGBD,0.005243741991019702
2022-12-22,17,AR1 alpha + Enhanced + One-Step,NASDAQ:CGBD,0.006606718922496435
2022-12-23,17,AR1 alpha + Enhanced + One-Step,NASDAQ:CGBD,0.006606744367532696
2022-12-27,17,AR1 alpha + Enhanced + One-Step,NASDAQ:CGBD,0.006606752288994692
2022-12-28,17,AR1 alpha + Enhanced + One-Step,NASDAQ:CGBD,0.006606752566174888
2022-12-29,17,AR1 alpha + Enhanced + One-Step,NASDAQ:CGBD,0.028048518411434676
2022-12-30,17,AR1 alpha + Enhanced + One-Step,NASDAQ:CGBD,0.02818305039420376
2023-01-03,17,AR1 alpha + Enhanced + One-Step,NASDAQ:CGBD,0.03599412971023773
2023-01-04,17,AR1 alpha + Enhanced + One-Step,NASDAQ:CGBD,0.03665525189680118
2023-01-05,17,AR1 alpha + Enhanced + One-Step,NASDAQ:CGBD,0.041605661875517314
2023-01-06,17,AR1 alpha + Enhanced + One-Step,NASDAQ:CGBD,0.041605668470944095
2023-01-09,17,AR1 alpha + Enhanced + One-Step,NASDAQ:CGBD,0.041603628512149216
2023-01-10,17,AR1 alpha + Enhanced + One-Step,NASDAQ:CGBD,0.0416020449008189
2023-01-11,17,AR1 alpha + Enhanced + One-Step,NASDAQ:CGBD,0.04160050239442406
2023-01-12,17,AR1 alpha + Enhanced + One-Step,NASDAQ:CGBD,0.041598920121813196
2023-01-13,17,AR1 alpha + Enhanced + One-Step,NASDAQ:CGBD,0.041596363436775155
2023-01-17,17,AR1 alpha + Enhanced + One-Step,NASDAQ:CGBD,0.04547428100157776
2023-01-18,17,AR1 alpha + Enhanced + One-Step,NASDAQ:CGBD,0.045474207894619395
2023-01-19,17,AR1 alpha + Enhanced + One-Step,NASDAQ:CGBD,0.04547318153076145
2023-01-20,17,AR1 alpha + Enhanced + One-Step,NASDAQ:CGBD,0.04547239112949122
2023-01-23,17,AR1 alpha + Enhanced + One-Step,NASDAQ:CGBD,0.04547152799708246
2023-01-24,17,AR1 alpha + Enhanced + One-Step,NASDAQ:CGBD,0.05382859187787451
2023-01-25,17,AR1 alpha + Enhanced + One-Step,NASDAQ:CGBD,0.05382860180303809
2023-01-26,17,AR1 alpha + Enhanced + One-Step,NASDAQ:CGBD,0.053828524063085276
2023-01-27,17,AR1 alpha + Enhanced + One-Step,NASDAQ:CGBD,0.05382554807027551
2023-01-30,17,AR1 alpha + Enhanced + One-Step,NASDAQ:CGBD,0.053825479027904084
2023-01-31,17,AR1 alpha + Enhanced + One-Step,NASDAQ:CGBD,0.053822628283191086
2023-02-01,17,AR1 alpha + Enhanced + One-Step,NASDAQ:CGBD,0.05382090638415544
2023-02-02,17,AR1 alpha + Enhanced + One-Step,NASDAQ:CGBD,0.05382241488032275
2023-02-03,17,AR1 alpha + Enhanced + One-Step,NASDAQ:CGBD,0.05382251014428232
2023-02-06,17,AR1 alpha + Enhanced + One-Step,NASDAQ:CGBD,0.053822560730710615
2023-02-07,17,AR1 alpha + Enhanced + One-Step,NASDAQ:CGBD,0.05382621570024345
2023-02-08,17,AR1 alpha + Enhanced + One-Step,NASDAQ:CGBD,0.05382670443551543
2023-02-09,17,AR1 alpha + Enhanced + One-Step,NASDAQ:CGBD,0.05382668512950976
2023-02-10,17,AR1 alpha + Enhanced + One-Step,NASDAQ:CGBD,0.053824930717844374
2023-02-13,17,AR1 alpha + Enhanced + One-Step,NASDAQ:CGBD,0.053824849444048264
2023-02-14,17,AR1 alpha + Enhanced + One-Step,NASDAQ:CGBD,0.053824634252516074
2023-02-15,17,AR1 alpha + Enhanced + One-Step,NASDAQ:CGBD,0.053824522049710624
2023-02-16,17,AR1 alpha + Enhanced + One-Step,NASDAQ:CGBD,0.053821547377428385
2023-02-17,17,AR1 alpha + Enhanced + One-Step,NASDAQ:CGBD,0.053818340042876896
2023-02-21,17,AR1 alpha + Enhanced + One-Step,NASDAQ:CGBD,0.053815411195601216
2023-02-22,17,AR1 alpha + Enhanced + One-Step,NASDAQ:CGBD,0.05381397775966525
2023-02-23,17,AR1 alpha + Enhanced + One-Step,NASDAQ:CGBD,0.05381404766935996
2023-02-24,17,AR1 alpha + Enhanced + One-Step,NASDAQ:CGBD,0.05381629189710168
2023-02-27,17,AR1 alpha + Enhanced + One-Step,NASDAQ:CGBD,0.05381636674178657
2023-02-28,17,AR1 alpha + Enhanced + One-Step,NASDAQ:CGBD,0.0631329205326076
2023-03-01,17,AR1 alpha + Enhanced + One-Step,NASDAQ:CGBD,0.06313244453738101
2023-03-02,17,AR1 alpha + Enhanced + One-Step,NASDAQ:CGBD,0.06847941826202353
2023-03-03,17,AR1 alpha + Enhanced + One-Step,NASDAQ:CGBD,0.06847641845373717
2023-03-06,17,AR1 alpha + Enhanced + One-Step,NASDAQ:CGBD,0.06847639989819035
2023-03-07,17,AR1 alpha + Enhanced + One-Step,NASDAQ:CGBD,0.07089999812164782
2023-03-08,17,AR1 alpha + Enhanced + One-Step,NASDAQ:CGBD,0.08486218212515467
2023-03-09,17,AR1 alpha + Enhanced + One-Step,NASDAQ:CGBD,0.098785054622962
2023-03-10,17,AR1 alpha + Enhanced + One-Step,NASDAQ:CGBD,0.09999932748882284
2023-03-13,17,AR1 alpha + Enhanced + One-Step,NASDAQ:CGBD,0.09999939697776053
2023-03-14,17,AR1 alpha + Enhanced + One-Step,NASDAQ:CGBD,0.09999961861412719
2023-03-15,17,AR1 alpha + Enhanced + One-Step,NASDAQ:CGBD,0.09999953263387368
2023-03-16,17,AR1 alpha + Enhanced + One-Step,NASDAQ:CGBD,0.0999996586935879
2023-03-17,17,AR1 alpha + Enhanced + One-Step,NASDAQ:CGBD,0.09999955560039754
2023-03-20,17,AR1 alpha + Enhanced + One-Step,NASDAQ:CGBD,0.09999826967841113
2023-03-21,17,AR1 alpha + Enhanced + One-Step,NASDAQ:CGBD,0.09999806216317099
2023-03-22,17,AR1 alpha + Enhanced + One-Step,NASDAQ:CGBD,0.09999569801031663
2023-03-23,17,AR1 alpha + Enhanced + One-Step,NASDAQ:CGBD,0.09999310966109828
2023-03-24,17,AR1 alpha + Enhanced + One-Step,NASDAQ:CGBD,0.0999944717315404
2023-03-27,17,AR1 alpha + Enhanced + One-Step,NASDAQ:CGBD,0.09999575422436519
2023-03-28,17,AR1 alpha + Enhanced + One-Step,NASDAQ:CGBD,0.09999665167455103
2023-03-29,17,AR1 alpha + Enhanced + One-Step,NASDAQ:CGBD,0.09999753715971643
2023-03-30,17,AR1 alpha + Enhanced + One-Step,NASDAQ:CGBD,0.0999981994698896
2023-03-31,17,AR1 alpha + Enhanced + One-Step,NASDAQ:CGBD,0.09999867302041779
2023-04-03,17,AR1 alpha + Enhanced + One-Step,NASDAQ:CGBD,0.09999812333774578
2023-04-04,17,AR1 alpha + Enhanced + One-Step,NASDAQ:CGBD,0.09999774365773018
2023-04-05,17,AR1 alpha + Enhanced + One-Step,NASDAQ:CGBD,0.09999694930776681
2023-04-06,17,AR1 alpha + Enhanced + One-Step,NASDAQ:CGBD,0.0999976774646021
2023-04-10,17,AR1 alpha + Enhanced + One-Step,NASDAQ:CGBD,0.09999896809886662
2023-04-11,17,AR1 alpha + Enhanced + One-Step,NASDAQ:CGBD,0.0999952313497289
2023-04-12,17,AR1 alpha + Enhanced + One-Step,NASDAQ:CGBD,0.09603588550546299
2023-04-13,17,AR1 alpha + Enhanced + One-Step,NASDAQ:CGBD,0.08346640637683585
2023-04-14,17,AR1 alpha + Enhanced + One-Step,NASDAQ:CGBD,0.06876952681145154
2023-04-17,17,AR1 alpha + Enhanced + One-Step,NASDAQ:CGBD,0.06876973500581139
2023-04-18,17,AR1 alpha + Enhanced + One-Step,NASDAQ:CGBD,0.06876889676287522
2023-04-19,17,AR1 alpha + Enhanced + One-Step,NASDAQ:CGBD,0.06876823757608429
2023-04-20,17,AR1 alpha + Enhanced + One-Step,NASDAQ:CGBD,0.06454779717109087
2023-04-21,17,AR1 alpha + Enhanced + One-Step,NASDAQ:CGBD,0.0645445667847524
2023-04-24,17,AR1 alpha + Enhanced + One-Step,NASDAQ:CGBD,0.06454295958152262
2023-04-25,17,AR1 alpha + Enhanced + One-Step,NASDAQ:CGBD,0.06454208347047323
2023-04-26,17,AR1 alpha + Enhanced + One-Step,NASDAQ:CGBD,0.06454125929797393
2023-04-27,17,AR1 alpha + Enhanced + One-Step,NASDAQ:CGBD,0.05642634931024813
2023-04-28,17,AR1 alpha + Enhanced + One-Step,NASDAQ:CGBD,0.046321826574616774
2023-05-01,17,AR1 alpha + Enhanced + One-Step,NASDAQ:CGBD,0.04632148302832994
2023-05-02,17,AR1 alpha + Enhanced + One-Step,NASDAQ:CGBD,0.04632161975444307
2023-05-03,17,AR1 alpha + Enhanced + One-Step,NASDAQ:CGBD,0.04632178856909071
2023-05-04,17,AR1 alpha + Enhanced + One-Step,NASDAQ:CGBD,0.04632175658593753
2023-05-05,17,AR1 alpha + Enhanced + One-Step,NASDAQ:CGBD,0.04632174982232149
2023-05-08,17,AR1 alpha + Enhanced + One-Step,NASDAQ:CGBD,0.04632113957221064
2023-05-09,17,AR1 alpha + Enhanced + One-Step,NASDAQ:CGBD,0.044226846036378366
2023-05-10,17,AR1 alpha + Enhanced + One-Step,NASDAQ:CGBD,0.03802381026573633
2023-05-11,17,AR1 alpha + Enhanced + One-Step,NASDAQ:CGBD,0.03802380909691713
2023-05-12,17,AR1 alpha + Enhanced + One-Step,NASDAQ:CGBD,0.03802388600659452
2023-05-15,17,AR1 alpha + Enhanced + One-Step,NASDAQ:CGBD,0.03802288327607212
2023-05-16,17,AR1 alpha + Enhanced + One-Step,NASDAQ:CGBD,0.03802291075259666
2023-05-17,17,AR1 alpha + Enhanced + One-Step,NASDAQ:CGBD,0.03802221355029893
2023-05-18,17,AR1 alpha + Enhanced + One-Step,NASDAQ:CGBD,0.038024501041009115
2023-05-19,17,AR1 alpha + Enhanced + One-Step,NASDAQ:CGBD,0.03802449470248776
2023-05-22,17,AR1 alpha + Enhanced + One-Step,NASDAQ:CGBD,0.03802443433717517
2023-05-23,17,AR1 alpha + Enhanced + One-Step,NASDAQ:CGBD,0.038023824139428036
2023-05-24,17,AR1 alpha + Enhanced + One-Step,NASDAQ:CGBD,0.03802380550355721
2023-05-25,17,AR1 alpha + Enhanced + One-Step,NASDAQ:CGBD,0.038023548255561715
2023-05-26,17,AR1 alpha + Enhanced + One-Step,NASDAQ:CGBD,0.034928368790345735
2023-05-30,17,AR1 alpha + Enhanced + One-Step,NASDAQ:CGBD,0.028711890092495022
2023-05-31,17,AR1 alpha + Enhanced + One-Step,NASDAQ:CGBD,0.026075766722283962
2023-06-01,17,AR1 alpha + Enhanced + One-Step,NASDAQ:CGBD,0.026073731473972264
2023-06-02,17,AR1 alpha + Enhanced + One-Step,NASDAQ:CGBD,0.02607306169123769
2023-06-05,17,AR1 alpha + Enhanced + One-Step,NASDAQ:CGBD,0.020316351429614982
2023-06-06,17,AR1 alpha + Enhanced + One-Step,NASDAQ:CGBD,0.020318071723336724
2023-06-07,17,AR1 alpha + Enhanced + One-Step,NASDAQ:CGBD,0.02031785099793797
2023-06-08,17,AR1 alpha + Enhanced + One-Step,NASDAQ:CGBD,0.02031753719182974
2023-06-09,17,AR1 alpha + Enhanced + One-Step,NASDAQ:CGBD,0.020316536515465746
2023-06-12,17,AR1 alpha + Enhanced + One-Step,NASDAQ:CGBD,0.020316149587036994
2023-06-13,17,AR1 alpha + Enhanced + One-Step,NASDAQ:CGBD,0.02691577386582786
2023-06-14,17,AR1 alpha + Enhanced + One-Step,NASDAQ:CGBD,0.026916117436416063
2023-06-15,17,AR1 alpha + Enhanced + One-Step,NASDAQ:CGBD,0.02691573117701808
2023-06-16,17,AR1 alpha + Enhanced + One-Step,NASDAQ:CGBD,0.03924534821425335
2023-06-20,17,AR1 alpha + Enhanced + One-Step,NASDAQ:CGBD,0.03924418175666131
2023-06-21,17,AR1 alpha + Enhanced + One-Step,NASDAQ:CGBD,0.039243861231316284
2023-06-22,17,AR1 alpha + Enhanced + One-Step,NASDAQ:CGBD,0.03924343902079105
2023-06-23,17,AR1 alpha + Enhanced + One-Step,NASDAQ:CGBD,0.03924255071934336
2023-06-26,17,AR1 alpha + Enhanced + One-Step,NASDAQ:CGBD,0.03924041160451341
2023-06-27,17,AR1 alpha + Enhanced + One-Step,NASDAQ:CGBD,0.03923954366460941
2023-06-28,17,AR1 alpha + Enhanced + One-Step,NASDAQ:CGBD,0.04474077950022819
2023-06-29,17,AR1 alpha + Enhanced + One-Step,NASDAQ:CGBD,0.06301894870095141
2023-06-30,17,AR1 alpha + Enhanced + One-Step,NASDAQ:CGBD,0.07642615499796984
2023-07-03,17,AR1 alpha + Enhanced + One-Step,NASDAQ:CGBD,0.0764228115995563
2023-07-05,17,AR1 alpha + Enhanced + One-Step,NASDAQ:CGBD,0.07642130124461434
2023-07-06,17,AR1 alpha + Enhanced + One-Step,NASDAQ:CGBD,0.07642139652830636
2023-07-07,17,AR1 alpha + Enhanced + One-Step,NASDAQ:CGBD,0.07642027548793784
2023-07-10,17,AR1 alpha + Enhanced + One-Step,NASDAQ:CGBD,0.07642032595263173
2023-07-11,17,AR1 alpha + Enhanced + One-Step,NASDAQ:CGBD,0.08781306337651842
2023-07-12,17,AR1 alpha + Enhanced + One-Step,NASDAQ:CGBD,0.09203239210629685
2023-07-13,17,AR1 alpha + Enhanced + One-Step,NASDAQ:CGBD,0.09511492056651596
2023-07-14,17,AR1 alpha + Enhanced + One-Step,NASDAQ:CGBD,0.09795102779971764
2023-07-17,17,AR1 alpha + Enhanced + One-Step,NASDAQ:CGBD,0.09999906420539141
2023-07-18,17,AR1 alpha + Enhanced + One-Step,NASDAQ:CGBD,0.09999977012418822
2023-07-19,17,AR1 alpha + Enhanced + One-Step,NASDAQ:CGBD,0.09999716263747335
2023-07-20,17,AR1 alpha + Enhanced + One-Step,NASDAQ:CGBD,0.09999740034362575
2023-07-21,17,AR1 alpha + Enhanced + One-Step,NASDAQ:CGBD,0.09999616407266818
2023-07-24,17,AR1 alpha + Enhanced + One-Step,NASDAQ:CGBD,0.09998919266972776
2023-07-25,17,AR1 alpha + Enhanced + One-Step,NASDAQ:CGBD,0.09998915728611531
2023-07-26,17,AR1 alpha + Enhanced + One-Step,NASDAQ:CGBD,0.099987043580525
2023-07-27,17,AR1 alpha + Enhanced + One-Step,NASDAQ:CGBD,0.09998938876294453
2023-08-01,17,AR1 alpha + Enhanced + One-Step,NASDAQ:CGBD,0.09998840916944222
2023-08-02,17,AR1 alpha + Enhanced + One-Step,NASDAQ:CGBD,0.09999141041500868
2023-08-03,17,AR1 alpha + Enhanced + One-Step,NASDAQ:CGBD,0.09999507831576097
2023-08-04,17,AR1 alpha + Enhanced + One-Step,NASDAQ:CGBD,0.09999889757424422
2023-08-07,17,AR1 alpha + Enhanced + One-Step,NASDAQ:CGBD,0.09999897398536724
2023-08-08,17,AR1 alpha + Enhanced + One-Step,NASDAQ:CGBD,0.09999904320358241
2023-08-09,17,AR1 alpha + Enhanced + One-Step,NASDAQ:CGBD,0.09999925557895988
2023-08-10,17,AR1 alpha + Enhanced + One-Step,NASDAQ:CGBD,0.09999675867322812
2023-08-11,17,AR1 alpha + Enhanced + One-Step,NASDAQ:CGBD,0.09999437496607018
2023-08-14,17,AR1 alpha + Enhanced + One-Step,NASDAQ:CGBD,0.09999194730656732
2023-08-15,17,AR1 alpha + Enhanced + One-Step,NASDAQ:CGBD,0.0999936294409548
2023-08-16,17,AR1 alpha + Enhanced + One-Step,NASDAQ:CGBD,0.09999173911697863
2023-08-17,17,AR1 alpha + Enhanced + One-Step,NASDAQ:CGBD,0.0999910136841542
2023-08-18,17,AR1 alpha + Enhanced + One-Step,NASDAQ:CGBD,0.09999016093073443
2023-08-21,17,AR1 alpha + Enhanced + One-Step,NASDAQ:CGBD,0.09649147707673295
2023-08-22,17,AR1 alpha + Enhanced + One-Step,NASDAQ:CGBD,0.09649127410058503
2023-08-23,17,AR1 alpha + Enhanced + One-Step,NASDAQ:CGBD,0.09648839108997402
2023-08-24,17,AR1 alpha + Enhanced + One-Step,NASDAQ:CGBD,0.09648767279878015
2023-08-25,17,AR1 alpha + Enhanced + One-Step,NASDAQ:CGBD,0.08350841291571087
2023-08-28,17,AR1 alpha + Enhanced + One-Step,NASDAQ:CGBD,0.07623648093443174
2023-08-29,17,AR1 alpha + Enhanced + One-Step,NASDAQ:CGBD,0.06348830966156462
2023-08-30,17,AR1 alpha + Enhanced + One-Step,NASDAQ:CGBD,0.05778970236481843
2023-08-31,17,AR1 alpha + Enhanced + One-Step,NASDAQ:CGBD,0.04175702204274236
2023-09-01,17,AR1 alpha + Enhanced + One-Step,NASDAQ:CGBD,0.026932426809694484
2023-09-05,17,AR1 alpha + Enhanced + One-Step,NASDAQ:CGBD,0.018489580789289365
2023-09-06,17,AR1 alpha + Enhanced + One-Step,NASDAQ:CGBD,0.001025436784303202
2023-09-07,17,AR1 alpha + Enhanced + One-Step,NASDAQ:CGBD,1.5033637092415881e-07
2023-09-08,17,AR1 alpha + Enhanced + One-Step,NASDAQ:CGBD,0.0
2023-09-11,17,AR1 alpha + Enhanced + One-Step,NASDAQ:CGBD,1.762673878983532e-08
2023-09-12,17,AR1 alpha + Enhanced + One-Step,NASDAQ:CGBD,1.404289050813524e-07
2023-09-13,17,AR1 alpha + Enhanced + One-Step,NASDAQ:CGBD,0.0
2023-09-14,17,AR1 alpha + Enhanced + One-Step,NASDAQ:CGBD,6.187131759452209e-08
2023-09-15,17,AR1 alpha + Enhanced + One-Step,NASDAQ:CGBD,2.85099307417676e-07
2023-09-18,17,AR1 alpha + Enhanced + One-Step,NASDAQ:CGBD,1.8479927709819207e-07
2023-09-19,17,AR1 alpha + Enhanced + One-Step,NASDAQ:CGBD,3.783190448587328e-08
2023-09-20,17,AR1 alpha + Enhanced + One-Step,NASDAQ:CGBD,3.194211478027175e-08
2023-09-21,17,AR1 alpha + Enhanced + One-Step,NASDAQ:CGBD,8.291511637134807e-08
2023-09-22,17,AR1 alpha + Enhanced + One-Step,NASDAQ:CGBD,7.936864447645334e-08
2023-09-25,17,AR1 alpha + Enhanced + One-Step,NASDAQ:CGBD,0.0
2023-09-26,17,AR1 alpha + Enhanced + One-Step,NASDAQ:CGBD,0.0
2023-09-27,17,AR1 alpha + Enhanced + One-Step,NASDAQ:CGBD,7.597613498706995e-09
2023-09-28,17,AR1 alpha + Enhanced + One-Step,NASDAQ:CGBD,0.002260344953246858
2023-09-29,17,AR1 alpha + Enhanced + One-Step,NASDAQ:CGBD,0.0022266310569898887
2023-10-02,17,AR1 alpha + Enhanced + One-Step,NASDAQ:CGBD,0.002226521538874149
2023-10-03,17,AR1 alpha + Enhanced + One-Step,NASDAQ:CGBD,0.022473213972999073
2023-10-04,17,AR1 alpha + Enhanced + One-Step,NASDAQ:CGBD,0.030978581892224816
2023-10-05,17,AR1 alpha + Enhanced + One-Step,NASDAQ:CGBD,0.03991453658518047
2023-10-06,17,AR1 alpha + Enhanced + One-Step,NASDAQ:CGBD,0.04779098525838123
2023-10-09,17,AR1 alpha + Enhanced + One-Step,NASDAQ:CGBD,0.05647877952578686
2023-10-10,17,AR1 alpha + Enhanced + One-Step,NASDAQ:CGBD,0.056476921078256
2023-10-11,17,AR1 alpha + Enhanced + One-Step,NASDAQ:CGBD,0.03300538782283395
2023-10-12,17,AR1 alpha + Enhanced + One-Step,NASDAQ:CGBD,0.011482447158447973
2023-10-13,17,AR1 alpha + Enhanced + One-Step,NASDAQ:CGBD,1.8996999223136922e-07
2023-10-16,17,AR1 alpha + Enhanced + One-Step,NASDAQ:CGBD,1.4321715999049717e-07
2023-10-17,17,AR1 alpha + Enhanced + One-Step,NASDAQ:CGBD,0.0
2023-10-18,17,AR1 alpha + Enhanced + One-Step,NASDAQ:CGBD,1.5038802228039401e-07
2023-10-19,17,AR1 alpha + Enhanced + One-Step,NASDAQ:CGBD,8.075014868569724e-08
2023-10-20,17,AR1 alpha + Enhanced + One-Step,NASDAQ:CGBD,1.345564530005117e-07
2023-10-23,17,AR1 alpha + Enhanced + One-Step,NASDAQ:CGBD,0.01426521929748099
2023-10-24,17,AR1 alpha + Enhanced + One-Step,NASDAQ:CGBD,0.03327220924985826
2023-10-25,17,AR1 alpha + Enhanced + One-Step,NASDAQ:CGBD,0.039129028647242006
2023-10-26,17,AR1 alpha + Enhanced + One-Step,NASDAQ:CGBD,0.046980972810644304
2023-10-27,17,AR1 alpha + Enhanced + One-Step,NASDAQ:CGBD,0.05010910173904689
2023-10-30,17,AR1 alpha + Enhanced + One-Step,NASDAQ:CGBD,0.05010855117338818
2023-10-31,17,AR1 alpha + Enhanced + One-Step,NASDAQ:CGBD,0.05010874982657546
2023-11-01,17,AR1 alpha + Enhanced + One-Step,NASDAQ:CGBD,0.05010807368263398
2023-11-02,17,AR1 alpha + Enhanced + One-Step,NASDAQ:CGBD,0.050109558080340566
2023-11-03,17,AR1 alpha + Enhanced + One-Step,NASDAQ:CGBD,0.050109554841822314
2023-11-06,17,AR1 alpha + Enhanced + One-Step,NASDAQ:CGBD,0.05010966240843108
2023-11-07,17,AR1 alpha + Enhanced + One-Step,NASDAQ:CGBD,0.050104483113323564
2023-11-08,17,AR1 alpha + Enhanced + One-Step,NASDAQ:CGBD,0.050101362759712616
2023-11-09,17,AR1 alpha + Enhanced + One-Step,NASDAQ:CGBD,0.039157383628787686
2023-11-10,17,AR1 alpha + Enhanced + One-Step,NASDAQ:CGBD,0.030327994692922283
2023-11-13,17,AR1 alpha + Enhanced + One-Step,NASDAQ:CGBD,0.015563380247681481
2023-11-14,17,AR1 alpha + Enhanced + One-Step,NASDAQ:CGBD,0.006212444729605456
2023-11-15,17,AR1 alpha + Enhanced + One-Step,NASDAQ:CGBD,1.859199765846595e-07
2023-11-16,17,AR1 alpha + Enhanced + One-Step,NASDAQ:CGBD,0.0
2023-11-17,17,AR1 alpha + Enhanced + One-Step,NASDAQ:CGBD,0.0
2023-11-20,17,AR1 alpha + Enhanced + One-Step,NASDAQ:CGBD,9.084193933394012e-08
2023-11-21,17,AR1 alpha + Enhanced + One-Step,NASDAQ:CGBD,7.615432376954049e-08
2023-11-22,17,AR1 alpha + Enhanced + One-Step,NASDAQ:CGBD,1.6466300067267833e-08
2023-11-24,17,AR1 alpha + Enhanced + One-Step,NASDAQ:CGBD,1.3494720144166506e-08
2023-11-27,17,AR1 alpha + Enhanced + One-Step,NASDAQ:CGBD,0.0
2023-11-28,17,AR1 alpha + Enhanced + One-Step,NASDAQ:CGBD,8.234898748025137e-08
2023-11-29,17,AR1 alpha + Enhanced + One-Step,NASDAQ:CGBD,0.0
2023-11-30,17,AR1 alpha + Enhanced + One-Step,NASDAQ:CGBD,6.698485430692688e-08
2023-12-01,17,AR1 alpha + Enhanced + One-Step,NASDAQ:CGBD,4.315866068878945e-08
2023-12-04,17,AR1 alpha + Enhanced + One-Step,NASDAQ:CGBD,0.0
2023-12-05,17,AR1 alpha + Enhanced + One-Step,NASDAQ:CGBD,0.0
2023-12-06,17,AR1 alpha + Enhanced + One-Step,NASDAQ:CGBD,4.149412673727689e-08
2023-12-07,17,AR1 alpha + Enhanced + One-Step,NASDAQ:CGBD,3.3506858956839464e-08
2023-12-08,17,AR1 alpha + Enhanced + One-Step,NASDAQ:CGBD,4.741858209441724e-08
2023-12-11,17,AR1 alpha + Enhanced + One-Step,NASDAQ:CGBD,0.0
2023-12-12,17,AR1 alpha + Enhanced + One-Step,NASDAQ:CGBD,0.0
2023-12-13,17,AR1 alpha + Enhanced + One-Step,NASDAQ:CGBD,6.228928328847896e-07
2023-12-14,17,AR1 alpha + Enhanced + One-Step,NASDAQ:CGBD,3.65756419215097e-07
2023-12-15,17,AR1 alpha + Enhanced + One-Step,NASDAQ:CGBD,0.0
2023-12-18,17,AR1 alpha + Enhanced + One-Step,NASDAQ:CGBD,0.0
2023-12-19,17,AR1 alpha + Enhanced + One-Step,NASDAQ:CGBD,0.0
2023-12-20,17,AR1 alpha + Enhanced + One-Step,NASDAQ:CGBD,9.356557600452848e-07
2023-12-21,17,AR1 alpha + Enhanced + One-Step,NASDAQ:CGBD,6.953407099983254e-07
2023-12-22,17,AR1 alpha + Enhanced + One-Step,NASDAQ:CGBD,5.293123707743078e-07
2023-12-26,17,AR1 alpha + Enhanced + One-Step,NASDAQ:CGBD,0.0
2023-12-27,17,AR1 alpha + Enhanced + One-Step,NASDAQ:CGBD,0.0
2023-12-28,17,AR1 alpha + Enhanced + One-Step,NASDAQ:CGBD,4.057173076590982e-08
2023-12-29,17,AR1 alpha + Enhanced + One-Step,NASDAQ:CGBD,3.2368022675765914e-07
2024-01-02,17,AR1 alpha + Enhanced + One-Step,NASDAQ:CGBD,0.0
2024-01-03,17,AR1 alpha + Enhanced + One-Step,NASDAQ:CGBD,0.0
2024-01-04,17,AR1 alpha + Enhanced + One-Step,NASDAQ:CGBD,0.0
2024-01-05,17,AR1 alpha + Enhanced + One-Step,NASDAQ:CGBD,9.562877466957615e-08
2024-01-08,17,AR1 alpha + Enhanced + One-Step,NASDAQ:CGBD,3.7787458890074977e-07
2024-01-09,17,AR1 alpha + Enhanced + One-Step,NASDAQ:CGBD,0.0
2024-01-10,17,AR1 alpha + Enhanced + One-Step,NASDAQ:CGBD,0.0
2024-01-11,17,AR1 alpha + Enhanced + One-Step,NASDAQ:CGBD,0.0
2024-01-12,17,AR1 alpha + Enhanced + One-Step,NASDAQ:CGBD,5.404951407784017e-08
2024-01-16,17,AR1 alpha + Enhanced + One-Step,NASDAQ:CGBD,0.0
2024-01-17,17,AR1 alpha + Enhanced + One-Step,NASDAQ:CGBD,0.0
2024-01-18,17,AR1 alpha + Enhanced + One-Step,NASDAQ:CGBD,0.0
2024-01-19,17,AR1 alpha + Enhanced + One-Step,NASDAQ:CGBD,0.0
2024-01-22,17,AR1 alpha + Enhanced + One-Step,NASDAQ:CGBD,0.0
2024-01-23,17,AR1 alpha + Enhanced + One-Step,NASDAQ:CGBD,0.0
2024-01-24,17,AR1 alpha + Enhanced + One-Step,NASDAQ:CGBD,0.0
2024-01-25,17,AR1 alpha + Enhanced + One-Step,NASDAQ:CGBD,0.0
2024-01-26,17,AR1 alpha + Enhanced + One-Step,NASDAQ:CGBD,0.0
2024-01-29,17,AR1 alpha + Enhanced + One-Step,NASDAQ:CGBD,0.0
2024-01-30,17,AR1 alpha + Enhanced + One-Step,NASDAQ:CGBD,0.0
2024-01-31,17,AR1 alpha + Enhanced + One-Step,NASDAQ:CGBD,0.0
2024-02-01,17,AR1 alpha + Enhanced + One-Step,NASDAQ:CGBD,0.0
2024-02-02,17,AR1 alpha + Enhanced + One-Step,NASDAQ:CGBD,0.0
2024-02-05,17,AR1 alpha + Enhanced + One-Step,NASDAQ:CGBD,5.5596387423693735e-09
2024-02-06,17,AR1 alpha + Enhanced + One-Step,NASDAQ:CGBD,0.0
2024-02-07,17,AR1 alpha + Enhanced + One-Step,NASDAQ:CGBD,1.0435664756876349e-08
2024-02-08,17,AR1 alpha + Enhanced + One-Step,NASDAQ:CGBD,0.0
2024-02-09,17,AR1 alpha + Enhanced + One-Step,NASDAQ:CGBD,0.0
2024-02-12,17,AR1 alpha + Enhanced + One-Step,NASDAQ:CGBD,0.0
2024-02-13,17,AR1 alpha + Enhanced + One-Step,NASDAQ:CGBD,0.0
2024-02-14,17,AR1 alpha + Enhanced + One-Step,NASDAQ:CGBD,1.7980542747297327e-07
2024-02-15,17,AR1 alpha + Enhanced + One-Step,NASDAQ:CGBD,0.0
2024-02-16,17,AR1 alpha + Enhanced + One-Step,NASDAQ:CGBD,3.334779805012448e-07
2024-02-20,17,AR1 alpha + Enhanced + One-Step,NASDAQ:CGBD,4.940309428408128e-07
2024-02-21,17,AR1 alpha + Enhanced + One-Step,NASDAQ:CGBD,0.0
2024-02-22,17,AR1 alpha + Enhanced + One-Step,NASDAQ:CGBD,0.0
2024-02-23,17,AR1 alpha + Enhanced + One-Step,NASDAQ:CGBD,1.3846587078364384e-08
2024-02-26,17,AR1 alpha + Enhanced + One-Step,NASDAQ:CGBD,0.0
2024-02-27,17,AR1 alpha + Enhanced + One-Step,NASDAQ:CGBD,0.0
2024-02-28,17,AR1 alpha + Enhanced + One-Step,NASDAQ:CGBD,0.0
2024-02-29,17,AR1 alpha + Enhanced + One-Step,NASDAQ:CGBD,0.0
2024-03-01,17,AR1 alpha + Enhanced + One-Step,NASDAQ:CGBD,0.0
2024-03-04,17,AR1 alpha + Enhanced + One-Step,NASDAQ:CGBD,0.0
2024-03-05,17,AR1 alpha + Enhanced + One-Step,NASDAQ:CGBD,0.0
2024-03-06,17,AR1 alpha + Enhanced + One-Step,NASDAQ:CGBD,0.0
2024-03-07,17,AR1 alpha + Enhanced + One-Step,NASDAQ:CGBD,0.0
2024-03-08,17,AR1 alpha + Enhanced + One-Step,NASDAQ:CGBD,0.0
2024-03-11,17,AR1 alpha + Enhanced + One-Step,NASDAQ:CGBD,0.0
2024-03-12,17,AR1 alpha + Enhanced + One-Step,NASDAQ:CGBD,0.0
2024-03-13,17,AR1 alpha + Enhanced + One-Step,NASDAQ:CGBD,0.0
2024-03-14,17,AR1 alpha + Enhanced + One-Step,NASDAQ:CGBD,0.0
2024-03-15,17,AR1 alpha + Enhanced + One-Step,NASDAQ:CGBD,1.350395190603269e-07
2024-03-18,17,AR1 alpha + Enhanced + One-Step,NASDAQ:CGBD,0.0
2024-03-19,17,AR1 alpha + Enhanced + One-Step,NASDAQ:CGBD,0.0
2024-03-20,17,AR1 alpha + Enhanced + One-Step,NASDAQ:CGBD,5.308240466905504e-09
2024-03-21,17,AR1 alpha + Enhanced + One-Step,NASDAQ:CGBD,0.0
2024-03-22,17,AR1 alpha + Enhanced + One-Step,NASDAQ:CGBD,0.0
2024-03-25,17,AR1 alpha + Enhanced + One-Step,NASDAQ:CGBD,7.603389389457034e-09
2024-03-26,17,AR1 alpha + Enhanced + One-Step,NASDAQ:CGBD,0.0
2024-03-27,17,AR1 alpha + Enhanced + One-Step,NASDAQ:CGBD,0.0
2024-03-28,17,AR1 alpha + Enhanced + One-Step,NASDAQ:CGBD,2.524720006927983e-07
2024-04-01,17,AR1 alpha + Enhanced + One-Step,NASDAQ:CGBD,3.3634252752671025e-07
2024-04-02,17,AR1 alpha + Enhanced + One-Step,NASDAQ:CGBD,1.4178484916145563e-07
2024-04-03,17,AR1 alpha + Enhanced + One-Step,NASDAQ:CGBD,0.0
2024-04-04,17,AR1 alpha + Enhanced + One-Step,NASDAQ:CGBD,0.0
2024-04-05,17,AR1 alpha + Enhanced + One-Step,NASDAQ:CGBD,0.0
2024-04-08,17,AR1 alpha + Enhanced + One-Step,NASDAQ:CGBD,1.630381215358108e-07
2024-04-09,17,AR1 alpha + Enhanced + One-Step,NASDAQ:CGBD,0.0
2024-04-10,17,AR1 alpha + Enhanced + One-Step,NASDAQ:CGBD,0.0
2024-04-11,17,AR1 alpha + Enhanced + One-Step,NASDAQ:CGBD,0.0
2024-04-12,17,AR1 alpha + Enhanced + One-Step,NASDAQ:CGBD,0.0
2024-04-15,17,AR1 alpha + Enhanced + One-Step,NASDAQ:CGBD,6.17164612859741e-08
2024-04-16,17,AR1 alpha + Enhanced + One-Step,NASDAQ:CGBD,0.0
2024-04-17,17,AR1 alpha + Enhanced + One-Step,NASDAQ:CGBD,1.1636996261336193e-07
2024-04-18,17,AR1 alpha + Enhanced + One-Step,NASDAQ:CGBD,0.0
2024-04-19,17,AR1 alpha + Enhanced + One-Step,NASDAQ:CGBD,0.0
2020-03-25,17,AR1 alpha + Enhanced + One-Step,NASDAQ:EDIT,0.020000000000007227
2020-03-26,17,AR1 alpha + Enhanced + One-Step,NASDAQ:EDIT,0.02000000000001305
2020-03-27,17,AR1 alpha + Enhanced + One-Step,NASDAQ:EDIT,0.019999983859787768
2020-03-30,17,AR1 alpha + Enhanced + One-Step,NASDAQ:EDIT,0.020001230916911493
2020-03-31,17,AR1 alpha + Enhanced + One-Step,NASDAQ:EDIT,0.020002705691135225
2020-04-01,17,AR1 alpha + Enhanced + One-Step,NASDAQ:EDIT,0.020002615859865635
2020-04-02,17,AR1 alpha + Enhanced + One-Step,NASDAQ:EDIT,0.01999834384901731
2020-04-03,17,AR1 alpha + Enhanced + One-Step,NASDAQ:EDIT,0.019999233253904552
2020-04-06,17,AR1 alpha + Enhanced + One-Step,NASDAQ:EDIT,0.019999910288103235
2020-04-07,17,AR1 alpha + Enhanced + One-Step,NASDAQ:EDIT,0.019998493553590593
2020-04-08,17,AR1 alpha + Enhanced + One-Step,NASDAQ:EDIT,0.019998735351966175
2020-04-09,17,AR1 alpha + Enhanced + One-Step,NASDAQ:EDIT,0.01999864300256937
2020-04-13,17,AR1 alpha + Enhanced + One-Step,NASDAQ:EDIT,0.019998598323890827
2020-04-14,17,AR1 alpha + Enhanced + One-Step,NASDAQ:EDIT,0.020000346859845218
2020-04-15,17,AR1 alpha + Enhanced + One-Step,NASDAQ:EDIT,0.020001323044228768
2020-04-16,17,AR1 alpha + Enhanced + One-Step,NASDAQ:EDIT,0.02000184002515378
2020-04-17,17,AR1 alpha + Enhanced + One-Step,NASDAQ:EDIT,0.020001830064480947
2020-04-20,17,AR1 alpha + Enhanced + One-Step,NASDAQ:EDIT,0.020001799530713453
2020-04-21,17,AR1 alpha + Enhanced + One-Step,NASDAQ:EDIT,0.02000212458468507
2020-04-22,17,AR1 alpha + Enhanced + One-Step,NASDAQ:EDIT,0.02000236502818917
2020-04-23,17,AR1 alpha + Enhanced + One-Step,NASDAQ:EDIT,0.02000213600921692
2020-04-24,17,AR1 alpha + Enhanced + One-Step,NASDAQ:EDIT,0.020002212449510722
2020-04-27,17,AR1 alpha + Enhanced + One-Step,NASDAQ:EDIT,0.020002209893566904
2020-04-28,17,AR1 alpha + Enhanced + One-Step,NASDAQ:EDIT,0.020002210478453967
2020-04-29,17,AR1 alpha + Enhanced + One-Step,NASDAQ:EDIT,0.020002206481365387
2020-04-30,17,AR1 alpha + Enhanced + One-Step,NASDAQ:EDIT,0.020002309145521903
2020-05-01,17,AR1 alpha + Enhanced + One-Step,NASDAQ:EDIT,0.020001388562525212
2020-05-04,17,AR1 alpha + Enhanced + One-Step,NASDAQ:EDIT,0.009136592555552884
2020-05-05,17,AR1 alpha + Enhanced + One-Step,NASDAQ:EDIT,0.0010813654940795318
2020-05-06,17,AR1 alpha + Enhanced + One-Step,NASDAQ:EDIT,0.0010813707826788667
2020-05-07,17,AR1 alpha + Enhanced + One-Step,NASDAQ:EDIT,0.0010809790115804073
2020-05-08,17,AR1 alpha + Enhanced + One-Step,NASDAQ:EDIT,0.0010807985020900625
2020-05-11,17,AR1 alpha + Enhanced + One-Step,NASDAQ:EDIT,0.0
2020-05-12,17,AR1 alpha + Enhanced + One-Step,NASDAQ:EDIT,0.0
2020-05-13,17,AR1 alpha + Enhanced + One-Step,NASDAQ:EDIT,3.676643642033891e-08
2020-05-14,17,AR1 alpha + Enhanced + One-Step,NASDAQ:EDIT,0.0
2020-05-15,17,AR1 alpha + Enhanced + One-Step,NASDAQ:EDIT,2.2485334200617666e-08
2020-05-18,17,AR1 alpha + Enhanced + One-Step,NASDAQ:EDIT,3.5144491418787497e-08
2020-05-19,17,AR1 alpha + Enhanced + One-Step,NASDAQ:EDIT,0.0
2020-05-20,17,AR1 alpha + Enhanced + One-Step,NASDAQ:EDIT,1.3179040990606176e-08
2020-05-21,17,AR1 alpha + Enhanced + One-Step,NASDAQ:EDIT,0.0
2020-05-22,17,AR1 alpha + Enhanced + One-Step,NASDAQ:EDIT,0.0
2020-05-26,17,AR1 alpha + Enhanced + One-Step,NASDAQ:EDIT,9.347305863456805e-10
2020-05-27,17,AR1 alpha + Enhanced + One-Step,NASDAQ:EDIT,3.5400780356375993e-08
2020-05-28,17,AR1 alpha + Enhanced + One-Step,NASDAQ:EDIT,1.48625910327748e-08
2020-05-29,17,AR1 alpha + Enhanced + One-Step,NASDAQ:EDIT,8.179275467017867e-09
2020-06-01,17,AR1 alpha + Enhanced + One-Step,NASDAQ:EDIT,5.8399785304257683e-08
2020-06-02,17,AR1 alpha + Enhanced + One-Step,NASDAQ:EDIT,0.0
2020-06-03,17,AR1 alpha + Enhanced + One-Step,NASDAQ:EDIT,1.3234440387093165e-07
2020-06-04,17,AR1 alpha + Enhanced + One-Step,NASDAQ:EDIT,0.0
2020-06-05,17,AR1 alpha + Enhanced + One-Step,NASDAQ:EDIT,0.0
2020-06-08,17,AR1 alpha + Enhanced + One-Step,NASDAQ:EDIT,0.0
2020-06-09,17,AR1 alpha + Enhanced + One-Step,NASDAQ:EDIT,1.2523806647391893e-08
2020-06-10,17,AR1 alpha + Enhanced + One-Step,NASDAQ:EDIT,0.0
2020-06-11,17,AR1 alpha + Enhanced + One-Step,NASDAQ:EDIT,1.1625680073967341e-06
2020-06-12,17,AR1 alpha + Enhanced + One-Step,NASDAQ:EDIT,2.959003230032488e-07
2020-06-15,17,AR1 alpha + Enhanced + One-Step,NASDAQ:EDIT,0.0
2020-06-16,17,AR1 alpha + Enhanced + One-Step,NASDAQ:EDIT,1.403184910480565e-08
2020-06-17,17,AR1 alpha + Enhanced + One-Step,NASDAQ:EDIT,8.293983896300024e-09
2020-06-18,17,AR1 alpha + Enhanced + One-Step,NASDAQ:EDIT,0.0
2020-06-19,17,AR1 alpha + Enhanced + One-Step,NASDAQ:EDIT,0.0
2020-06-22,17,AR1 alpha + Enhanced + One-Step,NASDAQ:EDIT,3.9853328537388504e-08
2020-06-23,17,AR1 alpha + Enhanced + One-Step,NASDAQ:EDIT,8.797761316055315e-09
2020-06-24,17,AR1 alpha + Enhanced + One-Step,NASDAQ:EDIT,0.0011035048674831905
2020-06-25,17,AR1 alpha + Enhanced + One-Step,NASDAQ:EDIT,9.449629315584416e-09
2020-06-26,17,AR1 alpha + Enhanced + One-Step,NASDAQ:EDIT,0.024946249787446053
2020-06-29,17,AR1 alpha + Enhanced + One-Step,NASDAQ:EDIT,0.024945451114847753
2020-06-30,17,AR1 alpha + Enhanced + One-Step,NASDAQ:EDIT,0.02494505973259743
2020-07-01,17,AR1 alpha + Enhanced + One-Step,NASDAQ:EDIT,0.0001660018296845706
2020-07-02,17,AR1 alpha + Enhanced + One-Step,NASDAQ:EDIT,0.0
2020-07-06,17,AR1 alpha + Enhanced + One-Step,NASDAQ:EDIT,0.0
2020-07-07,17,AR1 alpha + Enhanced + One-Step,NASDAQ:EDIT,0.0
2020-07-08,17,AR1 alpha + Enhanced + One-Step,NASDAQ:EDIT,0.0
2020-07-09,17,AR1 alpha + Enhanced + One-Step,NASDAQ:EDIT,0.0
2020-07-10,17,AR1 alpha + Enhanced + One-Step,NASDAQ:EDIT,1.6339030577834263e-07
2020-07-13,17,AR1 alpha + Enhanced + One-Step,NASDAQ:EDIT,7.770017571363115e-08
2020-07-14,17,AR1 alpha + Enhanced + One-Step,NASDAQ:EDIT,5.843545293692066e-09
2020-07-15,17,AR1 alpha + Enhanced + One-Step,NASDAQ:EDIT,1.617328067537693e-07
2020-07-16,17,AR1 alpha + Enhanced + One-Step,NASDAQ:EDIT,4.1594676879202463e-08
2020-07-17,17,AR1 alpha + Enhanced + One-Step,NASDAQ:EDIT,1.601933930032807e-08
2020-07-20,17,AR1 alpha + Enhanced + One-Step,NASDAQ:EDIT,0.0
2020-07-21,17,AR1 alpha + Enhanced + One-Step,NASDAQ:EDIT,0.0003255216991052588
2020-07-22,17,AR1 alpha + Enhanced + One-Step,NASDAQ:EDIT,0.0003254866099804205
2020-07-23,17,AR1 alpha + Enhanced + One-Step,NASDAQ:EDIT,0.0003257877523792434
2020-07-24,17,AR1 alpha + Enhanced + One-Step,NASDAQ:EDIT,0.0003249952231979575
2020-07-27,17,AR1 alpha + Enhanced + One-Step,NASDAQ:EDIT,0.0
2020-07-28,17,AR1 alpha + Enhanced + One-Step,NASDAQ:EDIT,0.0
2020-07-29,17,AR1 alpha + Enhanced + One-Step,NASDAQ:EDIT,0.0
2020-07-30,17,AR1 alpha + Enhanced + One-Step,NASDAQ:EDIT,6.403819342670429e-08
2020-07-31,17,AR1 alpha + Enhanced + One-Step,NASDAQ:EDIT,0.0
2020-08-03,17,AR1 alpha + Enhanced + One-Step,NASDAQ:EDIT,0.0
2020-08-04,17,AR1 alpha + Enhanced + One-Step,NASDAQ:EDIT,0.0
2020-08-05,17,AR1 alpha + Enhanced + One-Step,NASDAQ:EDIT,2.337189047333814e-08
2020-08-06,17,AR1 alpha + Enhanced + One-Step,NASDAQ:EDIT,0.0
2020-08-07,17,AR1 alpha + Enhanced + One-Step,NASDAQ:EDIT,1.0920552376751894e-07
2020-08-10,17,AR1 alpha + Enhanced + One-Step,NASDAQ:EDIT,1.3413426370673272e-07
2020-08-11,17,AR1 alpha + Enhanced + One-Step,NASDAQ:EDIT,0.0
2020-08-12,17,AR1 alpha + Enhanced + One-Step,NASDAQ:EDIT,0.0
2020-08-13,17,AR1 alpha + Enhanced + One-Step,NASDAQ:EDIT,7.725600782096738e-10
2020-08-14,17,AR1 alpha + Enhanced + One-Step,NASDAQ:EDIT,1.3546288606885224e-09
2020-08-17,17,AR1 alpha + Enhanced + One-Step,NASDAQ:EDIT,1.771907899022675e-08
2020-08-18,17,AR1 alpha + Enhanced + One-Step,NASDAQ:EDIT,0.0
2020-08-19,17,AR1 alpha + Enhanced + One-Step,NASDAQ:EDIT,0.0
2020-08-20,17,AR1 alpha + Enhanced + One-Step,NASDAQ:EDIT,0.0
2020-08-21,17,AR1 alpha + Enhanced + One-Step,NASDAQ:EDIT,0.0
2020-08-24,17,AR1 alpha + Enhanced + One-Step,NASDAQ:EDIT,0.024996309223504414
2020-08-25,17,AR1 alpha + Enhanced + One-Step,NASDAQ:EDIT,0.017669492265638548
2020-08-26,17,AR1 alpha + Enhanced + One-Step,NASDAQ:EDIT,0.017668967701913927
2020-08-27,17,AR1 alpha + Enhanced + One-Step,NASDAQ:EDIT,0.017668957476335304
2020-08-28,17,AR1 alpha + Enhanced + One-Step,NASDAQ:EDIT,0.008826109629934815
2020-08-31,17,AR1 alpha + Enhanced + One-Step,NASDAQ:EDIT,0.0
2020-09-01,17,AR1 alpha + Enhanced + One-Step,NASDAQ:EDIT,0.0
2020-09-02,17,AR1 alpha + Enhanced + One-Step,NASDAQ:EDIT,5.906417014529308e-08
2020-09-03,17,AR1 alpha + Enhanced + One-Step,NASDAQ:EDIT,0.0
2020-09-04,17,AR1 alpha + Enhanced + One-Step,NASDAQ:EDIT,0.02499782938878041
2020-09-08,17,AR1 alpha + Enhanced + One-Step,NASDAQ:EDIT,0.02499784728373154
2020-09-09,17,AR1 alpha + Enhanced + One-Step,NASDAQ:EDIT,0.024997816057376804
2020-09-10,17,AR1 alpha + Enhanced + One-Step,NASDAQ:EDIT,0.02499797816329467
2020-09-11,17,AR1 alpha + Enhanced + One-Step,NASDAQ:EDIT,0.024998014605085807
2020-09-14,17,AR1 alpha + Enhanced + One-Step,NASDAQ:EDIT,9.013166886808258e-07
2020-09-15,17,AR1 alpha + Enhanced + One-Step,NASDAQ:EDIT,3.534622762593232e-07
2020-09-16,17,AR1 alpha + Enhanced + One-Step,NASDAQ:EDIT,9.081820525827606e-08
2020-09-17,17,AR1 alpha + Enhanced + One-Step,NASDAQ:EDIT,0.0
2020-09-18,17,AR1 alpha + Enhanced + One-Step,NASDAQ:EDIT,0.0
2020-09-21,17,AR1 alpha + Enhanced + One-Step,NASDAQ:EDIT,0.0
2020-09-22,17,AR1 alpha + Enhanced + One-Step,NASDAQ:EDIT,0.0
2020-09-23,17,AR1 alpha + Enhanced + One-Step,NASDAQ:EDIT,0.0
2020-09-24,17,AR1 alpha + Enhanced + One-Step,NASDAQ:EDIT,0.011387832000338164
2020-09-25,17,AR1 alpha + Enhanced + One-Step,NASDAQ:EDIT,0.011387865187071532
2020-09-28,17,AR1 alpha + Enhanced + One-Step,NASDAQ:EDIT,0.01138704306756067
2020-09-29,17,AR1 alpha + Enhanced + One-Step,NASDAQ:EDIT,0.011386471358449925
2020-09-30,17,AR1 alpha + Enhanced + One-Step,NASDAQ:EDIT,0.011385531164290892
2020-10-01,17,AR1 alpha + Enhanced + One-Step,NASDAQ:EDIT,0.011385824422211276
2020-10-02,17,AR1 alpha + Enhanced + One-Step,NASDAQ:EDIT,0.01138594875021477
2020-10-05,17,AR1 alpha + Enhanced + One-Step,NASDAQ:EDIT,8.265493385481893e-07
2020-10-06,17,AR1 alpha + Enhanced + One-Step,NASDAQ:EDIT,1.8677410632319176e-07
2020-10-07,17,AR1 alpha + Enhanced + One-Step,NASDAQ:EDIT,0.0
2020-10-08,17,AR1 alpha + Enhanced + One-Step,NASDAQ:EDIT,0.0
2020-10-09,17,AR1 alpha + Enhanced + One-Step,NASDAQ:EDIT,2.2416074568270246e-07
2020-10-12,17,AR1 alpha + Enhanced + One-Step,NASDAQ:EDIT,8.341160107603791e-08
2020-10-13,17,AR1 alpha + Enhanced + One-Step,NASDAQ:EDIT,9.328811260930004e-08
2020-10-14,17,AR1 alpha + Enhanced + One-Step,NASDAQ:EDIT,1.9063856211629142e-08
2020-10-15,17,AR1 alpha + Enhanced + One-Step,NASDAQ:EDIT,0.0
2020-10-16,17,AR1 alpha + Enhanced + One-Step,NASDAQ:EDIT,0.0
2020-10-19,17,AR1 alpha + Enhanced + One-Step,NASDAQ:EDIT,0.0
2020-10-20,17,AR1 alpha + Enhanced + One-Step,NASDAQ:EDIT,0.0
2020-10-21,17,AR1 alpha + Enhanced + One-Step,NASDAQ:EDIT,1.3683014070805085e-07
2020-10-22,17,AR1 alpha + Enhanced + One-Step,NASDAQ:EDIT,0.0
2020-10-23,17,AR1 alpha + Enhanced + One-Step,NASDAQ:EDIT,0.0
2020-10-26,17,AR1 alpha + Enhanced + One-Step,NASDAQ:EDIT,0.0
2020-10-27,17,AR1 alpha + Enhanced + One-Step,NASDAQ:EDIT,1.8338830828528399e-07
2020-10-28,17,AR1 alpha + Enhanced + One-Step,NASDAQ:EDIT,2.514697097960885e-07
2020-10-29,17,AR1 alpha + Enhanced + One-Step,NASDAQ:EDIT,3.402427780643039e-07
2020-10-30,17,AR1 alpha + Enhanced + One-Step,NASDAQ:EDIT,1.6609577943129504e-07
2020-11-02,17,AR1 alpha + Enhanced + One-Step,NASDAQ:EDIT,3.653797285797916e-07
2020-11-03,17,AR1 alpha + Enhanced + One-Step,NASDAQ:EDIT,0.025064533375440942
2020-11-04,17,AR1 alpha + Enhanced + One-Step,NASDAQ:EDIT,0.025066100044152717
2020-11-05,17,AR1 alpha + Enhanced + One-Step,NASDAQ:EDIT,0.025065956957083982
2020-11-06,17,AR1 alpha + Enhanced + One-Step,NASDAQ:EDIT,0.02506585995190284
2020-11-09,17,AR1 alpha + Enhanced + One-Step,NASDAQ:EDIT,0.024697838397532517
2020-11-10,17,AR1 alpha + Enhanced + One-Step,NASDAQ:EDIT,0.024698930357739
2020-11-11,17,AR1 alpha + Enhanced + One-Step,NASDAQ:EDIT,0.024699176465394764
2020-11-12,17,AR1 alpha + Enhanced + One-Step,NASDAQ:EDIT,0.02469901762087842
2020-11-13,17,AR1 alpha + Enhanced + One-Step,NASDAQ:EDIT,0.0
2020-11-16,17,AR1 alpha + Enhanced + One-Step,NASDAQ:EDIT,2.3084289320545722e-08
2020-11-17,17,AR1 alpha + Enhanced + One-Step,NASDAQ:EDIT,1.1239567133513651e-07
2020-11-18,17,AR1 alpha + Enhanced + One-Step,NASDAQ:EDIT,0.0
2020-11-19,17,AR1 alpha + Enhanced + One-Step,NASDAQ:EDIT,0.0
2020-11-20,17,AR1 alpha + Enhanced + One-Step,NASDAQ:EDIT,0.0
2020-11-23,17,AR1 alpha + Enhanced + One-Step,NASDAQ:EDIT,5.453600005440474e-08
2020-11-24,17,AR1 alpha + Enhanced + One-Step,NASDAQ:EDIT,0.0
2020-11-25,17,AR1 alpha + Enhanced + One-Step,NASDAQ:EDIT,0.0
2020-11-27,17,AR1 alpha + Enhanced + One-Step,NASDAQ:EDIT,0.0
2020-11-30,17,AR1 alpha + Enhanced + One-Step,NASDAQ:EDIT,0.0
2020-12-01,17,AR1 alpha + Enhanced + One-Step,NASDAQ:EDIT,4.707675452963621e-08
2020-12-04,17,AR1 alpha + Enhanced + One-Step,NASDAQ:EDIT,4.3687135795881196e-08
2020-12-07,17,AR1 alpha + Enhanced + One-Step,NASDAQ:EDIT,4.8238779736874815e-08
2020-12-08,17,AR1 alpha + Enhanced + One-Step,NASDAQ:EDIT,7.96478375623032e-08
2020-12-09,17,AR1 alpha + Enhanced + One-Step,NASDAQ:EDIT,3.462600131340528e-08
2020-12-10,17,AR1 alpha + Enhanced + One-Step,NASDAQ:EDIT,1.7627820519486158e-07
2020-12-11,17,AR1 alpha + Enhanced + One-Step,NASDAQ:EDIT,2.845754655826925e-09
2020-12-14,17,AR1 alpha + Enhanced + One-Step,NASDAQ:EDIT,0.0
2020-12-15,17,AR1 alpha + Enhanced + One-Step,NASDAQ:EDIT,0.0
2020-12-16,17,AR1 alpha + Enhanced + One-Step,NASDAQ:EDIT,0.0
2020-12-17,17,AR1 alpha + Enhanced + One-Step,NASDAQ:EDIT,0.0
2020-12-18,17,AR1 alpha + Enhanced + One-Step,NASDAQ:EDIT,5.025914397199047e-07
2020-12-21,17,AR1 alpha + Enhanced + One-Step,NASDAQ:EDIT,1.1173498480953121e-07
2020-12-22,17,AR1 alpha + Enhanced + One-Step,NASDAQ:EDIT,3.3888340217248375e-08
2020-12-23,17,AR1 alpha + Enhanced + One-Step,NASDAQ:EDIT,1.368471947726913e-07
2020-12-24,17,AR1 alpha + Enhanced + One-Step,NASDAQ:EDIT,0.011189106806865244
2020-12-28,17,AR1 alpha + Enhanced + One-Step,NASDAQ:EDIT,0.0176050927433883
2020-12-29,17,AR1 alpha + Enhanced + One-Step,NASDAQ:EDIT,0.025099498616224195
2020-12-30,17,AR1 alpha + Enhanced + One-Step,NASDAQ:EDIT,0.034271256764601986
2020-12-31,17,AR1 alpha + Enhanced + One-Step,NASDAQ:EDIT,0.04359232776319204
2021-01-04,17,AR1 alpha + Enhanced + One-Step,NASDAQ:EDIT,0.0435923422680463
2021-01-05,17,AR1 alpha + Enhanced + One-Step,NASDAQ:EDIT,0.04138733268206889
2021-01-06,17,AR1 alpha + Enhanced + One-Step,NASDAQ:EDIT,0.03332562189949158
2021-01-07,17,AR1 alpha + Enhanced + One-Step,NASDAQ:EDIT,0.033324027378418594
2021-01-08,17,AR1 alpha + Enhanced + One-Step,NASDAQ:EDIT,0.03332319946286658
2021-01-11,17,AR1 alpha + Enhanced + One-Step,NASDAQ:EDIT,0.03332295351975309
2021-01-12,17,AR1 alpha + Enhanced + One-Step,NASDAQ:EDIT,0.03331480955641368
2021-01-13,17,AR1 alpha + Enhanced + One-Step,NASDAQ:EDIT,0.032904987286980276
2021-01-14,17,AR1 alpha + Enhanced + One-Step,NASDAQ:EDIT,0.03290503469039945
2021-01-15,17,AR1 alpha + Enhanced + One-Step,NASDAQ:EDIT,0.03173802843124362
2021-01-19,17,AR1 alpha + Enhanced + One-Step,NASDAQ:EDIT,0.03173766585475079
2021-01-20,17,AR1 alpha + Enhanced + One-Step,NASDAQ:EDIT,0.03173750958646202
2021-01-21,17,AR1 alpha + Enhanced + One-Step,NASDAQ:EDIT,0.03173831437865772
2021-01-22,17,AR1 alpha + Enhanced + One-Step,NASDAQ:EDIT,0.03173674754394854
2021-01-25,17,AR1 alpha + Enhanced + One-Step,NASDAQ:EDIT,0.029439456597453405
2021-01-26,17,AR1 alpha + Enhanced + One-Step,NASDAQ:EDIT,0.028926476313278385
2021-01-27,17,AR1 alpha + Enhanced + One-Step,NASDAQ:EDIT,0.02892721811584082
2021-01-28,17,AR1 alpha + Enhanced + One-Step,NASDAQ:EDIT,0.028928798811733755
2021-01-29,17,AR1 alpha + Enhanced + One-Step,NASDAQ:EDIT,0.028928440864665648
2021-02-01,17,AR1 alpha + Enhanced + One-Step,NASDAQ:EDIT,0.028928419935981557
2021-02-02,17,AR1 alpha + Enhanced + One-Step,NASDAQ:EDIT,0.028928430070582455
2021-02-03,17,AR1 alpha + Enhanced + One-Step,NASDAQ:EDIT,0.022093943091342917
2021-02-04,17,AR1 alpha + Enhanced + One-Step,NASDAQ:EDIT,0.018567782344391343
2021-02-05,17,AR1 alpha + Enhanced + One-Step,NASDAQ:EDIT,0.017542155854672357
2021-02-08,17,AR1 alpha + Enhanced + One-Step,NASDAQ:EDIT,0.0175423764220375
2021-02-09,17,AR1 alpha + Enhanced + One-Step,NASDAQ:EDIT,0.014623914892376584
2021-02-10,17,AR1 alpha + Enhanced + One-Step,NASDAQ:EDIT,0.014624440201645023
2021-02-11,17,AR1 alpha + Enhanced + One-Step,NASDAQ:EDIT,0.01462451879495176
2021-02-12,17,AR1 alpha + Enhanced + One-Step,NASDAQ:EDIT,0.014624457774976469
2021-02-16,17,AR1 alpha + Enhanced + One-Step,NASDAQ:EDIT,0.014624470497922494
2021-02-17,17,AR1 alpha + Enhanced + One-Step,NASDAQ:EDIT,0.012234689934875304
2021-02-18,17,AR1 alpha + Enhanced + One-Step,NASDAQ:EDIT,0.012234819928984637
2021-02-19,17,AR1 alpha + Enhanced + One-Step,NASDAQ:EDIT,0.008759224927208943
2021-02-22,17,AR1 alpha + Enhanced + One-Step,NASDAQ:EDIT,0.008760097521970924
2021-02-23,17,AR1 alpha + Enhanced + One-Step,NASDAQ:EDIT,0.008760735648021222
2021-02-24,17,AR1 alpha + Enhanced + One-Step,NASDAQ:EDIT,0.00876077341754969
2021-02-25,17,AR1 alpha + Enhanced + One-Step,NASDAQ:EDIT,0.008755399663592622
2021-02-26,17,AR1 alpha + Enhanced + One-Step,NASDAQ:EDIT,0.0014112480817472218
2021-03-01,17,AR1 alpha + Enhanced + One-Step,NASDAQ:EDIT,1.4669720115933923e-07
2021-03-02,17,AR1 alpha + Enhanced + One-Step,NASDAQ:EDIT,2.399155344591921e-09
2021-03-03,17,AR1 alpha + Enhanced + One-Step,NASDAQ:EDIT,0.0
2021-03-04,17,AR1 alpha + Enhanced + One-Step,NASDAQ:EDIT,4.5395835877525724e-10
2021-03-05,17,AR1 alpha + Enhanced + One-Step,NASDAQ:EDIT,0.0
2021-03-08,17,AR1 alpha + Enhanced + One-Step,NASDAQ:EDIT,3.9829900186206783e-10
2021-03-09,17,AR1 alpha + Enhanced + One-Step,NASDAQ:EDIT,0.0
2021-03-10,17,AR1 alpha + Enhanced + One-Step,NASDAQ:EDIT,1.563141291127659e-06
2021-03-11,17,AR1 alpha + Enhanced + One-Step,NASDAQ:EDIT,3.815321343885577e-07
2021-03-12,17,AR1 alpha + Enhanced + One-Step,NASDAQ:EDIT,6.953477925735349e-08
2021-03-15,17,AR1 alpha + Enhanced + One-Step,NASDAQ:EDIT,3.893428980707972e-07
2021-03-16,17,AR1 alpha + Enhanced + One-Step,NASDAQ:EDIT,1.5838772032431197e-07
2021-03-17,17,AR1 alpha + Enhanced + One-Step,NASDAQ:EDIT,0.0
2021-03-18,17,AR1 alpha + Enhanced + One-Step,NASDAQ:EDIT,4.983030095607255e-08
2021-03-19,17,AR1 alpha + Enhanced + One-Step,NASDAQ:EDIT,2.6077700692745993e-08
2021-03-22,17,AR1 alpha + Enhanced + One-Step,NASDAQ:EDIT,1.0541533537281194e-07
2021-03-23,17,AR1 alpha + Enhanced + One-Step,NASDAQ:EDIT,2.2231077450450512e-07
2021-03-24,17,AR1 alpha + Enhanced + One-Step,NASDAQ:EDIT,5.5979852647440553e-08
2021-03-25,17,AR1 alpha + Enhanced + One-Step,NASDAQ:EDIT,6.387244432872304e-08
2021-03-26,17,AR1 alpha + Enhanced + One-Step,NASDAQ:EDIT,9.634578886591213e-08
2021-03-29,17,AR1 alpha + Enhanced + One-Step,NASDAQ:EDIT,8.739117435158731e-08
2021-03-30,17,AR1 alpha + Enhanced + One-Step,NASDAQ:EDIT,2.6107569529115717e-08
2021-03-31,17,AR1 alpha + Enhanced + One-Step,NASDAQ:EDIT,0.0
2021-04-01,17,AR1 alpha + Enhanced + One-Step,NASDAQ:EDIT,2.2959395085672183e-07
2021-04-05,17,AR1 alpha + Enhanced + One-Step,NASDAQ:EDIT,1.6623340133282987e-07
2021-04-06,17,AR1 alpha + Enhanced + One-Step,NASDAQ:EDIT,3.867929689637939e-08
2021-04-07,17,AR1 alpha + Enhanced + One-Step,NASDAQ:EDIT,0.0
2021-04-08,17,AR1 alpha + Enhanced + One-Step,NASDAQ:EDIT,0.0
2021-04-09,17,AR1 alpha + Enhanced + One-Step,NASDAQ:EDIT,0.0
2021-04-12,17,AR1 alpha + Enhanced + One-Step,NASDAQ:EDIT,3.7103417664293114e-10
2021-04-13,17,AR1 alpha + Enhanced + One-Step,NASDAQ:EDIT,0.0
2021-04-14,17,AR1 alpha + Enhanced + One-Step,NASDAQ:EDIT,0.0
2021-04-15,17,AR1 alpha + Enhanced + One-Step,NASDAQ:EDIT,9.156701711736593e-08
2021-04-16,17,AR1 alpha + Enhanced + One-Step,NASDAQ:EDIT,2.7465398360457335e-08
2021-04-19,17,AR1 alpha + Enhanced + One-Step,NASDAQ:EDIT,5.739566337511746e-09
2021-04-20,17,AR1 alpha + Enhanced + One-Step,NASDAQ:EDIT,0.0
2021-04-21,17,AR1 alpha + Enhanced + One-Step,NASDAQ:EDIT,0.0
2021-04-22,17,AR1 alpha + Enhanced + One-Step,NASDAQ:EDIT,0.0
2021-04-23,17,AR1 alpha + Enhanced + One-Step,NASDAQ:EDIT,0.0
2021-04-26,17,AR1 alpha + Enhanced + One-Step,NASDAQ:EDIT,0.0
2021-04-27,17,AR1 alpha + Enhanced + One-Step,NASDAQ:EDIT,0.0
2021-04-28,17,AR1 alpha + Enhanced + One-Step,NASDAQ:EDIT,0.0
2021-04-29,17,AR1 alpha + Enhanced + One-Step,NASDAQ:EDIT,0.0
2021-04-30,17,AR1 alpha + Enhanced + One-Step,NASDAQ:EDIT,0.0
2021-05-03,17,AR1 alpha + Enhanced + One-Step,NASDAQ:EDIT,6.09724310999962e-07
2021-05-04,17,AR1 alpha + Enhanced + One-Step,NASDAQ:EDIT,9.124422113046784e-08
2021-05-05,17,AR1 alpha + Enhanced + One-Step,NASDAQ:EDIT,0.0
2021-05-06,17,AR1 alpha + Enhanced + One-Step,NASDAQ:EDIT,1.2084065459686963e-07
2021-05-07,17,AR1 alpha + Enhanced + One-Step,NASDAQ:EDIT,9.889295619152604e-08
2021-05-10,17,AR1 alpha + Enhanced + One-Step,NASDAQ:EDIT,6.327738264366236e-08
2021-05-11,17,AR1 alpha + Enhanced + One-Step,NASDAQ:EDIT,9.23474963838848e-09
2021-05-12,17,AR1 alpha + Enhanced + One-Step,NASDAQ:EDIT,0.0
2021-05-13,17,AR1 alpha + Enhanced + One-Step,NASDAQ:EDIT,0.0
2021-05-14,17,AR1 alpha + Enhanced + One-Step,NASDAQ:EDIT,0.0
2021-05-17,17,AR1 alpha + Enhanced + One-Step,NASDAQ:EDIT,1.6700497187600664e-09
2021-05-18,17,AR1 alpha + Enhanced + One-Step,NASDAQ:EDIT,1.8338463441667437e-07
2021-05-19,17,AR1 alpha + Enhanced + One-Step,NASDAQ:EDIT,3.665553478784194e-07
2021-05-20,17,AR1 alpha + Enhanced + One-Step,NASDAQ:EDIT,1.4579067030549596e-07
2021-05-21,17,AR1 alpha + Enhanced + One-Step,NASDAQ:EDIT,1.8344846418845273e-08
2021-05-24,17,AR1 alpha + Enhanced + One-Step,NASDAQ:EDIT,1.0229881151362132e-08
2021-05-25,17,AR1 alpha + Enhanced + One-Step,NASDAQ:EDIT,0.0
2021-05-26,17,AR1 alpha + Enhanced + One-Step,NASDAQ:EDIT,0.0
2021-05-27,17,AR1 alpha + Enhanced + One-Step,NASDAQ:EDIT,0.0
2021-05-28,17,AR1 alpha + Enhanced + One-Step,NASDAQ:EDIT,0.0
2021-06-01,17,AR1 alpha + Enhanced + One-Step,NASDAQ:EDIT,0.0
2021-06-02,17,AR1 alpha + Enhanced + One-Step,NASDAQ:EDIT,0.0
2021-06-03,17,AR1 alpha + Enhanced + One-Step,NASDAQ:EDIT,0.0
2021-06-04,17,AR1 alpha + Enhanced + One-Step,NASDAQ:EDIT,0.0
2021-06-07,17,AR1 alpha + Enhanced + One-Step,NASDAQ:EDIT,0.0
2021-06-08,17,AR1 alpha + Enhanced + One-Step,NASDAQ:EDIT,3.2385393329008076e-08
2021-06-09,17,AR1 alpha + Enhanced + One-Step,NASDAQ:EDIT,0.0
2021-06-10,17,AR1 alpha + Enhanced + One-Step,NASDAQ:EDIT,3.277118008360257e-08
2021-06-11,17,AR1 alpha + Enhanced + One-Step,NASDAQ:EDIT,1.8901813714246278e-08
2021-06-14,17,AR1 alpha + Enhanced + One-Step,NASDAQ:EDIT,2.5550130612389686e-08
2021-06-15,17,AR1 alpha + Enhanced + One-Step,NASDAQ:EDIT,0.0
2021-06-16,17,AR1 alpha + Enhanced + One-Step,NASDAQ:EDIT,0.0
2021-06-17,17,AR1 alpha + Enhanced + One-Step,NASDAQ:EDIT,0.0
2021-06-18,17,AR1 alpha + Enhanced + One-Step,NASDAQ:EDIT,1.580456868404896e-08
2021-06-21,17,AR1 alpha + Enhanced + One-Step,NASDAQ:EDIT,3.8046581174429983e-07
2021-06-22,17,AR1 alpha + Enhanced + One-Step,NASDAQ:EDIT,0.0
2021-06-23,17,AR1 alpha + Enhanced + One-Step,NASDAQ:EDIT,0.0
2021-06-24,17,AR1 alpha + Enhanced + One-Step,NASDAQ:EDIT,3.4817286190484123e-07
2021-06-25,17,AR1 alpha + Enhanced + One-Step,NASDAQ:EDIT,2.857636162902423e-07
2021-06-28,17,AR1 alpha + Enhanced + One-Step,NASDAQ:EDIT,9.929807039131698e-08
2021-06-29,17,AR1 alpha + Enhanced + One-Step,NASDAQ:EDIT,1.6304603811626393e-08
2021-06-30,17,AR1 alpha + Enhanced + One-Step,NASDAQ:EDIT,0.02504492480629349
2021-07-01,17,AR1 alpha + Enhanced + One-Step,NASDAQ:EDIT,0.03908838150870813
2021-07-02,17,AR1 alpha + Enhanced + One-Step,NASDAQ:EDIT,0.03702827941662568
2021-07-06,17,AR1 alpha + Enhanced + One-Step,NASDAQ:EDIT,0.012067878720029146
2021-07-07,17,AR1 alpha + Enhanced + One-Step,NASDAQ:EDIT,5.99211590246308e-07
2021-07-08,17,AR1 alpha + Enhanced + One-Step,NASDAQ:EDIT,1.0126178910603266e-07
2021-07-09,17,AR1 alpha + Enhanced + One-Step,NASDAQ:EDIT,0.0
2021-07-12,17,AR1 alpha + Enhanced + One-Step,NASDAQ:EDIT,0.0
2021-07-13,17,AR1 alpha + Enhanced + One-Step,NASDAQ:EDIT,0.0
2021-07-14,17,AR1 alpha + Enhanced + One-Step,NASDAQ:EDIT,0.0
2021-07-15,17,AR1 alpha + Enhanced + One-Step,NASDAQ:EDIT,0.0
2021-07-16,17,AR1 alpha + Enhanced + One-Step,NASDAQ:EDIT,0.0
2021-07-19,17,AR1 alpha + Enhanced + One-Step,NASDAQ:EDIT,0.0
2021-07-20,17,AR1 alpha + Enhanced + One-Step,NASDAQ:EDIT,0.0
2021-07-21,17,AR1 alpha + Enhanced + One-Step,NASDAQ:EDIT,1.638915482780896e-07
2021-07-22,17,AR1 alpha + Enhanced + One-Step,NASDAQ:EDIT,0.0
2021-07-23,17,AR1 alpha + Enhanced + One-Step,NASDAQ:EDIT,0.0
2021-07-26,17,AR1 alpha + Enhanced + One-Step,NASDAQ:EDIT,0.0
2021-07-27,17,AR1 alpha + Enhanced + One-Step,NASDAQ:EDIT,1.3262151348390065e-07
2021-07-28,17,AR1 alpha + Enhanced + One-Step,NASDAQ:EDIT,0.0
2021-07-29,17,AR1 alpha + Enhanced + One-Step,NASDAQ:EDIT,0.0
2021-07-30,17,AR1 alpha + Enhanced + One-Step,NASDAQ:EDIT,8.748531711401336e-09
2021-08-02,17,AR1 alpha + Enhanced + One-Step,NASDAQ:EDIT,0.0
2021-08-03,17,AR1 alpha + Enhanced + One-Step,NASDAQ:EDIT,0.0
2021-08-04,17,AR1 alpha + Enhanced + One-Step,NASDAQ:EDIT,0.00891711008602046
2021-08-05,17,AR1 alpha + Enhanced + One-Step,NASDAQ:EDIT,0.03396507966760369
2021-08-06,17,AR1 alpha + Enhanced + One-Step,NASDAQ:EDIT,0.05447824717191927
2021-08-09,17,AR1 alpha + Enhanced + One-Step,NASDAQ:EDIT,0.06835738615165769
2021-08-10,17,AR1 alpha + Enhanced + One-Step,NASDAQ:EDIT,0.075343193898826
2021-08-11,17,AR1 alpha + Enhanced + One-Step,NASDAQ:EDIT,0.08767178297151443
2021-08-12,17,AR1 alpha + Enhanced + One-Step,NASDAQ:EDIT,0.0906622505393876
2021-08-13,17,AR1 alpha + Enhanced + One-Step,NASDAQ:EDIT,0.07684845727850857
2021-08-16,17,AR1 alpha + Enhanced + One-Step,NASDAQ:EDIT,0.05601043107962311
2021-08-17,17,AR1 alpha + Enhanced + One-Step,NASDAQ:EDIT,0.056011121500610155
2021-08-18,17,AR1 alpha + Enhanced + One-Step,NASDAQ:EDIT,0.04616066645542268
2021-08-19,17,AR1 alpha + Enhanced + One-Step,NASDAQ:EDIT,0.02195934002158302
2021-08-20,17,AR1 alpha + Enhanced + One-Step,NASDAQ:EDIT,0.014125981991270246
2021-08-23,17,AR1 alpha + Enhanced + One-Step,NASDAQ:EDIT,0.025018904514458026
2021-08-24,17,AR1 alpha + Enhanced + One-Step,NASDAQ:EDIT,0.02501743354203325
2021-08-25,17,AR1 alpha + Enhanced + One-Step,NASDAQ:EDIT,0.03675873888983734
2021-08-26,17,AR1 alpha + Enhanced + One-Step,NASDAQ:EDIT,0.027950311646141972
2021-08-27,17,AR1 alpha + Enhanced + One-Step,NASDAQ:EDIT,0.02794839780213567
2021-08-30,17,AR1 alpha + Enhanced + One-Step,NASDAQ:EDIT,0.003722233293615582
2021-08-31,17,AR1 alpha + Enhanced + One-Step,NASDAQ:EDIT,0.007616101049724985
2021-09-01,17,AR1 alpha + Enhanced + One-Step,NASDAQ:EDIT,0.026843190869557998
2021-09-02,17,AR1 alpha + Enhanced + One-Step,NASDAQ:EDIT,0.05190414207685237
2021-09-03,17,AR1 alpha + Enhanced + One-Step,NASDAQ:EDIT,0.03737317947767492
2021-09-07,17,AR1 alpha + Enhanced + One-Step,NASDAQ:EDIT,0.025992029218277105
2021-09-08,17,AR1 alpha + Enhanced + One-Step,NASDAQ:EDIT,0.005754249014386319
2021-09-09,17,AR1 alpha + Enhanced + One-Step,NASDAQ:EDIT,0.0057539246053870475
2021-09-10,17,AR1 alpha + Enhanced + One-Step,NASDAQ:EDIT,0.01635946750621519
2021-09-13,17,AR1 alpha + Enhanced + One-Step,NASDAQ:EDIT,0.01188205453677194
2021-09-14,17,AR1 alpha + Enhanced + One-Step,NASDAQ:EDIT,0.0
2021-09-15,17,AR1 alpha + Enhanced + One-Step,NASDAQ:EDIT,0.0
2021-09-16,17,AR1 alpha + Enhanced + One-Step,NASDAQ:EDIT,0.0
2021-09-17,17,AR1 alpha + Enhanced + One-Step,NASDAQ:EDIT,0.0024019930449581655
2021-09-20,17,AR1 alpha + Enhanced + One-Step,NASDAQ:EDIT,0.0
2021-09-21,17,AR1 alpha + Enhanced + One-Step,NASDAQ:EDIT,1.5516892332455011e-07
2021-09-22,17,AR1 alpha + Enhanced + One-Step,NASDAQ:EDIT,1.709314484819165e-08
2021-09-23,17,AR1 alpha + Enhanced + One-Step,NASDAQ:EDIT,0.0074288658794924535
2021-09-24,17,AR1 alpha + Enhanced + One-Step,NASDAQ:EDIT,0.0014400290089975512
2021-09-27,17,AR1 alpha + Enhanced + One-Step,NASDAQ:EDIT,0.0010447197749081998
2021-09-28,17,AR1 alpha + Enhanced + One-Step,NASDAQ:EDIT,0.0
2021-09-29,17,AR1 alpha + Enhanced + One-Step,NASDAQ:EDIT,2.555649817477964e-07
2021-09-30,17,AR1 alpha + Enhanced + One-Step,NASDAQ:EDIT,2.0693179487122824e-08
2021-10-01,17,AR1 alpha + Enhanced + One-Step,NASDAQ:EDIT,4.189385779664566e-09
2021-10-04,17,AR1 alpha + Enhanced + One-Step,NASDAQ:EDIT,3.522940971153585e-08
2021-10-05,17,AR1 alpha + Enhanced + One-Step,NASDAQ:EDIT,0.0
2021-10-06,17,AR1 alpha + Enhanced + One-Step,NASDAQ:EDIT,0.0
2021-10-07,17,AR1 alpha + Enhanced + One-Step,NASDAQ:EDIT,0.0
2021-10-08,17,AR1 alpha + Enhanced + One-Step,NASDAQ:EDIT,0.0
2021-10-11,17,AR1 alpha + Enhanced + One-Step,NASDAQ:EDIT,0.0
2021-10-12,17,AR1 alpha + Enhanced + One-Step,NASDAQ:EDIT,6.879885671340629e-08
2021-10-13,17,AR1 alpha + Enhanced + One-Step,NASDAQ:EDIT,3.717210923255157e-08
2021-10-14,17,AR1 alpha + Enhanced + One-Step,NASDAQ:EDIT,0.0
2021-10-15,17,AR1 alpha + Enhanced + One-Step,NASDAQ:EDIT,0.0
2021-10-18,17,AR1 alpha + Enhanced + One-Step,NASDAQ:EDIT,0.0
2021-10-19,17,AR1 alpha + Enhanced + One-Step,NASDAQ:EDIT,0.0
2021-10-20,17,AR1 alpha + Enhanced + One-Step,NASDAQ:EDIT,5.744500389733731e-08
2021-10-21,17,AR1 alpha + Enhanced + One-Step,NASDAQ:EDIT,2.69695424071142e-08
2021-10-22,17,AR1 alpha + Enhanced + One-Step,NASDAQ:EDIT,0.0
2021-10-25,17,AR1 alpha + Enhanced + One-Step,NASDAQ:EDIT,0.0
2021-10-26,17,AR1 alpha + Enhanced + One-Step,NASDAQ:EDIT,0.0
2021-10-27,17,AR1 alpha + Enhanced + One-Step,NASDAQ:EDIT,2.920766307911262e-08
2021-10-28,17,AR1 alpha + Enhanced + One-Step,NASDAQ:EDIT,3.763497534234829e-08
2021-10-29,17,AR1 alpha + Enhanced + One-Step,NASDAQ:EDIT,0.0
2021-11-01,17,AR1 alpha + Enhanced + One-Step,NASDAQ:EDIT,0.0
2021-11-02,17,AR1 alpha + Enhanced + One-Step,NASDAQ:EDIT,0.0
2021-11-03,17,AR1 alpha + Enhanced + One-Step,NASDAQ:EDIT,5.904591206742366e-07
2021-11-04,17,AR1 alpha + Enhanced + One-Step,NASDAQ:EDIT,4.400191358911472e-07
2021-11-05,17,AR1 alpha + Enhanced + One-Step,NASDAQ:EDIT,1.2002339319939387e-07
2021-11-08,17,AR1 alpha + Enhanced + One-Step,NASDAQ:EDIT,0.0
2021-11-09,17,AR1 alpha + Enhanced + One-Step,NASDAQ:EDIT,3.752723275988215e-09
2021-11-10,17,AR1 alpha + Enhanced + One-Step,NASDAQ:EDIT,1.925866442506996e-07
2021-11-11,17,AR1 alpha + Enhanced + One-Step,NASDAQ:EDIT,4.3191601772782286e-08
2021-11-12,17,AR1 alpha + Enhanced + One-Step,NASDAQ:EDIT,4.323704724965611e-08
2021-11-15,17,AR1 alpha + Enhanced + One-Step,NASDAQ:EDIT,2.338303131732202e-07
2021-11-16,17,AR1 alpha + Enhanced + One-Step,NASDAQ:EDIT,0.0
2021-11-17,17,AR1 alpha + Enhanced + One-Step,NASDAQ:EDIT,0.0
2021-11-18,17,AR1 alpha + Enhanced + One-Step,NASDAQ:EDIT,0.0
2021-11-19,17,AR1 alpha + Enhanced + One-Step,NASDAQ:EDIT,7.741478169705806e-08
2021-11-22,17,AR1 alpha + Enhanced + One-Step,NASDAQ:EDIT,8.648271551857118e-08
2021-11-23,17,AR1 alpha + Enhanced + One-Step,NASDAQ:EDIT,0.0
2021-11-24,17,AR1 alpha + Enhanced + One-Step,NASDAQ:EDIT,0.0
2021-11-26,17,AR1 alpha + Enhanced + One-Step,NASDAQ:EDIT,0.0
2021-11-29,17,AR1 alpha + Enhanced + One-Step,NASDAQ:EDIT,0.0
2021-11-30,17,AR1 alpha + Enhanced + One-Step,NASDAQ:EDIT,0.0
2021-12-01,17,AR1 alpha + Enhanced + One-Step,NASDAQ:EDIT,0.0
2021-12-02,17,AR1 alpha + Enhanced + One-Step,NASDAQ:EDIT,0.0
2021-12-03,17,AR1 alpha + Enhanced + One-Step,NASDAQ:EDIT,0.0
2021-12-06,17,AR1 alpha + Enhanced + One-Step,NASDAQ:EDIT,2.1192383487472673e-07
2021-12-07,17,AR1 alpha + Enhanced + One-Step,NASDAQ:EDIT,2.191197267651398e-08
2021-12-08,17,AR1 alpha + Enhanced + One-Step,NASDAQ:EDIT,2.4533934396319677e-08
2021-12-09,17,AR1 alpha + Enhanced + One-Step,NASDAQ:EDIT,0.0
2021-12-10,17,AR1 alpha + Enhanced + One-Step,NASDAQ:EDIT,0.0
2021-12-13,17,AR1 alpha + Enhanced + One-Step,NASDAQ:EDIT,0.0
2021-12-14,17,AR1 alpha + Enhanced + One-Step,NASDAQ:EDIT,0.0
2021-12-15,17,AR1 alpha + Enhanced + One-Step,NASDAQ:EDIT,6.378596587219036e-08
2021-12-16,17,AR1 alpha + Enhanced + One-Step,NASDAQ:EDIT,3.194575952341319e-08
2021-12-17,17,AR1 alpha + Enhanced + One-Step,NASDAQ:EDIT,0.0
2021-12-20,17,AR1 alpha + Enhanced + One-Step,NASDAQ:EDIT,1.7539233809593818e-07
2021-12-21,17,AR1 alpha + Enhanced + One-Step,NASDAQ:EDIT,1.3111650208837912e-07
2021-12-22,17,AR1 alpha + Enhanced + One-Step,NASDAQ:EDIT,0.0
2021-12-23,17,AR1 alpha + Enhanced + One-Step,NASDAQ:EDIT,1.4031931345123359e-07
2021-12-27,17,AR1 alpha + Enhanced + One-Step,NASDAQ:EDIT,1.7736737742430457e-08
2021-12-28,17,AR1 alpha + Enhanced + One-Step,NASDAQ:EDIT,2.7452920199644556e-08
2021-12-29,17,AR1 alpha + Enhanced + One-Step,NASDAQ:EDIT,8.275652400693127e-07
2021-12-30,17,AR1 alpha + Enhanced + One-Step,NASDAQ:EDIT,6.587182228748265e-08
2021-12-31,17,AR1 alpha + Enhanced + One-Step,NASDAQ:EDIT,0.0
2022-01-03,17,AR1 alpha + Enhanced + One-Step,NASDAQ:EDIT,1.1042725354918327e-07
2022-01-04,17,AR1 alpha + Enhanced + One-Step,NASDAQ:EDIT,9.3407413895666e-08
2022-01-05,17,AR1 alpha + Enhanced + One-Step,NASDAQ:EDIT,1.618743538620274e-08
2022-01-06,17,AR1 alpha + Enhanced + One-Step,NASDAQ:EDIT,5.763008566460975e-08
2022-01-07,17,AR1 alpha + Enhanced + One-Step,NASDAQ:EDIT,2.2316804398626677e-07
2022-01-10,17,AR1 alpha + Enhanced + One-Step,NASDAQ:EDIT,2.4488230681257523e-07
2022-01-11,17,AR1 alpha + Enhanced + One-Step,NASDAQ:EDIT,1.3064331269432186e-07
2022-01-12,17,AR1 alpha + Enhanced + One-Step,NASDAQ:EDIT,0.0
2022-01-13,17,AR1 alpha + Enhanced + One-Step,NASDAQ:EDIT,0.0
2022-01-14,17,AR1 alpha + Enhanced + One-Step,NASDAQ:EDIT,2.414854617827548e-07
2022-01-18,17,AR1 alpha + Enhanced + One-Step,NASDAQ:EDIT,6.192268209068498e-08
2022-01-19,17,AR1 alpha + Enhanced + One-Step,NASDAQ:EDIT,0.0
2022-01-20,17,AR1 alpha + Enhanced + One-Step,NASDAQ:EDIT,2.660611385865889e-08
2022-01-21,17,AR1 alpha + Enhanced + One-Step,NASDAQ:EDIT,0.0
2022-01-24,17,AR1 alpha + Enhanced + One-Step,NASDAQ:EDIT,0.0
2022-01-25,17,AR1 alpha + Enhanced + One-Step,NASDAQ:EDIT,1.305773925547082e-07
2022-01-26,17,AR1 alpha + Enhanced + One-Step,NASDAQ:EDIT,1.9212498499685286e-07
2022-01-27,17,AR1 alpha + Enhanced + One-Step,NASDAQ:EDIT,6.302346897347108e-07
2022-01-28,17,AR1 alpha + Enhanced + One-Step,NASDAQ:EDIT,1.918262590050734e-07
2022-01-31,17,AR1 alpha + Enhanced + One-Step,NASDAQ:EDIT,2.722625097827174e-07
2022-02-01,17,AR1 alpha + Enhanced + One-Step,NASDAQ:EDIT,1.0224423219622166e-07
2022-02-02,17,AR1 alpha + Enhanced + One-Step,NASDAQ:EDIT,1.9497752748120176e-08
2022-02-03,17,AR1 alpha + Enhanced + One-Step,NASDAQ:EDIT,1.4683334316747274e-07
2022-02-04,17,AR1 alpha + Enhanced + One-Step,NASDAQ:EDIT,6.754680676827409e-08
2022-02-07,17,AR1 alpha + Enhanced + One-Step,NASDAQ:EDIT,0.0
2022-02-08,17,AR1 alpha + Enhanced + One-Step,NASDAQ:EDIT,0.0
2022-02-09,17,AR1 alpha + Enhanced + One-Step,NASDAQ:EDIT,2.8578019707424795e-09
2022-02-10,17,AR1 alpha + Enhanced + One-Step,NASDAQ:EDIT,0.0
2022-02-11,17,AR1 alpha + Enhanced + One-Step,NASDAQ:EDIT,3.7816419477742374e-07
2022-02-14,17,AR1 alpha + Enhanced + One-Step,NASDAQ:EDIT,5.633953036693134e-08
2022-02-15,17,AR1 alpha + Enhanced + One-Step,NASDAQ:EDIT,1.7901055884074975e-08
2022-02-16,17,AR1 alpha + Enhanced + One-Step,NASDAQ:EDIT,0.0
2022-02-17,17,AR1 alpha + Enhanced + One-Step,NASDAQ:EDIT,0.0
2022-02-18,17,AR1 alpha + Enhanced + One-Step,NASDAQ:EDIT,0.0
2022-02-22,17,AR1 alpha + Enhanced + One-Step,NASDAQ:EDIT,0.0
2022-02-23,17,AR1 alpha + Enhanced + One-Step,NASDAQ:EDIT,0.0
2022-02-24,17,AR1 alpha + Enhanced + One-Step,NASDAQ:EDIT,0.0
2022-02-25,17,AR1 alpha + Enhanced + One-Step,NASDAQ:EDIT,1.650521241594322e-08
2022-02-28,17,AR1 alpha + Enhanced + One-Step,NASDAQ:EDIT,1.2092278902611563e-08
2022-03-01,17,AR1 alpha + Enhanced + One-Step,NASDAQ:EDIT,3.524667135825499e-08
2022-03-02,17,AR1 alpha + Enhanced + One-Step,NASDAQ:EDIT,0.0
2022-03-03,17,AR1 alpha + Enhanced + One-Step,NASDAQ:EDIT,0.0
2022-03-04,17,AR1 alpha + Enhanced + One-Step,NASDAQ:EDIT,0.0
2022-03-07,17,AR1 alpha + Enhanced + One-Step,NASDAQ:EDIT,1.0247452347651669e-06
2022-03-08,17,AR1 alpha + Enhanced + One-Step,NASDAQ:EDIT,3.6700133939605543e-07
2022-03-09,17,AR1 alpha + Enhanced + One-Step,NASDAQ:EDIT,0.0
2022-03-10,17,AR1 alpha + Enhanced + One-Step,NASDAQ:EDIT,3.8279716354153705e-08
2022-03-11,17,AR1 alpha + Enhanced + One-Step,NASDAQ:EDIT,2.8484599452103307e-08
2022-03-14,17,AR1 alpha + Enhanced + One-Step,NASDAQ:EDIT,3.064674409033041e-07
2022-03-15,17,AR1 alpha + Enhanced + One-Step,NASDAQ:EDIT,1.587373458383677e-08
2022-03-16,17,AR1 alpha + Enhanced + One-Step,NASDAQ:EDIT,0.0
2022-03-17,17,AR1 alpha + Enhanced + One-Step,NASDAQ:EDIT,1.1433579862596837e-08
2022-03-18,17,AR1 alpha + Enhanced + One-Step,NASDAQ:EDIT,0.0
2022-03-21,17,AR1 alpha + Enhanced + One-Step,NASDAQ:EDIT,1.0791732623542201e-07
2022-03-22,17,AR1 alpha + Enhanced + One-Step,NASDAQ:EDIT,3.8265789601280766e-08
2022-03-23,17,AR1 alpha + Enhanced + One-Step,NASDAQ:EDIT,2.1409825905701925e-08
2022-03-24,17,AR1 alpha + Enhanced + One-Step,NASDAQ:EDIT,3.729768990700965e-08
2022-03-25,17,AR1 alpha + Enhanced + One-Step,NASDAQ:EDIT,0.0
2022-03-28,17,AR1 alpha + Enhanced + One-Step,NASDAQ:EDIT,0.0
2022-03-29,17,AR1 alpha + Enhanced + One-Step,NASDAQ:EDIT,0.0
2022-03-30,17,AR1 alpha + Enhanced + One-Step,NASDAQ:EDIT,1.0525707335196866e-08
2022-03-31,17,AR1 alpha + Enhanced + One-Step,NASDAQ:EDIT,0.0
2022-04-01,17,AR1 alpha + Enhanced + One-Step,NASDAQ:EDIT,0.0
2022-04-04,17,AR1 alpha + Enhanced + One-Step,NASDAQ:EDIT,7.52561765390592e-09
2022-04-05,17,AR1 alpha + Enhanced + One-Step,NASDAQ:EDIT,2.624016622580994e-08
2022-04-06,17,AR1 alpha + Enhanced + One-Step,NASDAQ:EDIT,3.907131491318556e-07
2022-04-07,17,AR1 alpha + Enhanced + One-Step,NASDAQ:EDIT,0.0
2022-04-08,17,AR1 alpha + Enhanced + One-Step,NASDAQ:EDIT,3.49781696558412e-07
2022-04-11,17,AR1 alpha + Enhanced + One-Step,NASDAQ:EDIT,0.0
2022-04-12,17,AR1 alpha + Enhanced + One-Step,NASDAQ:EDIT,0.0
2022-04-13,17,AR1 alpha + Enhanced + One-Step,NASDAQ:EDIT,1.0733878673281719e-08
2022-04-14,17,AR1 alpha + Enhanced + One-Step,NASDAQ:EDIT,0.0
2022-04-18,17,AR1 alpha + Enhanced + One-Step,NASDAQ:EDIT,0.0
2022-04-19,17,AR1 alpha + Enhanced + One-Step,NASDAQ:EDIT,0.0
2022-04-20,17,AR1 alpha + Enhanced + One-Step,NASDAQ:EDIT,0.0
2022-04-21,17,AR1 alpha + Enhanced + One-Step,NASDAQ:EDIT,0.0
2022-04-22,17,AR1 alpha + Enhanced + One-Step,NASDAQ:EDIT,0.0
2022-04-25,17,AR1 alpha + Enhanced + One-Step,NASDAQ:EDIT,0.0
2022-04-26,17,AR1 alpha + Enhanced + One-Step,NASDAQ:EDIT,3.957815177688268e-08
2022-04-27,17,AR1 alpha + Enhanced + One-Step,NASDAQ:EDIT,1.898708902430118e-08
2022-04-28,17,AR1 alpha + Enhanced + One-Step,NASDAQ:EDIT,0.0
2022-04-29,17,AR1 alpha + Enhanced + One-Step,NASDAQ:EDIT,0.0
2022-05-02,17,AR1 alpha + Enhanced + One-Step,NASDAQ:EDIT,0.0
2022-05-03,17,AR1 alpha + Enhanced + One-Step,NASDAQ:EDIT,4.5792307369585005e-08
2022-05-04,17,AR1 alpha + Enhanced + One-Step,NASDAQ:EDIT,1.4394881926519802e-08
2022-05-05,17,AR1 alpha + Enhanced + One-Step,NASDAQ:EDIT,0.0
2022-05-06,17,AR1 alpha + Enhanced + One-Step,NASDAQ:EDIT,2.0855435107665728e-07
2022-05-09,17,AR1 alpha + Enhanced + One-Step,NASDAQ:EDIT,0.0
2022-05-10,17,AR1 alpha + Enhanced + One-Step,NASDAQ:EDIT,0.0
2022-05-11,17,AR1 alpha + Enhanced + One-Step,NASDAQ:EDIT,0.0
2022-05-12,17,AR1 alpha + Enhanced + One-Step,NASDAQ:EDIT,0.0
2022-05-13,17,AR1 alpha + Enhanced + One-Step,NASDAQ:EDIT,0.0
2022-05-16,17,AR1 alpha + Enhanced + One-Step,NASDAQ:EDIT,0.0
2022-05-17,17,AR1 alpha + Enhanced + One-Step,NASDAQ:EDIT,0.0
2022-05-18,17,AR1 alpha + Enhanced + One-Step,NASDAQ:EDIT,0.0
2022-05-19,17,AR1 alpha + Enhanced + One-Step,NASDAQ:EDIT,0.0
2022-05-20,17,AR1 alpha + Enhanced + One-Step,NASDAQ:EDIT,0.0
2022-05-23,17,AR1 alpha + Enhanced + One-Step,NASDAQ:EDIT,0.0
2022-05-24,17,AR1 alpha + Enhanced + One-Step,NASDAQ:EDIT,0.0
2022-05-25,17,AR1 alpha + Enhanced + One-Step,NASDAQ:EDIT,0.0
2022-05-26,17,AR1 alpha + Enhanced + One-Step,NASDAQ:EDIT,0.0
2022-05-27,17,AR1 alpha + Enhanced + One-Step,NASDAQ:EDIT,2.3151516380579142e-07
2022-05-31,17,AR1 alpha + Enhanced + One-Step,NASDAQ:EDIT,0.0
2022-06-01,17,AR1 alpha + Enhanced + One-Step,NASDAQ:EDIT,5.337280167228932e-07
2022-06-02,17,AR1 alpha + Enhanced + One-Step,NASDAQ:EDIT,2.6302253481295683e-07
2022-06-03,17,AR1 alpha + Enhanced + One-Step,NASDAQ:EDIT,0.0
2022-06-06,17,AR1 alpha + Enhanced + One-Step,NASDAQ:EDIT,0.0
2022-06-07,17,AR1 alpha + Enhanced + One-Step,NASDAQ:EDIT,0.0
2022-06-08,17,AR1 alpha + Enhanced + One-Step,NASDAQ:EDIT,0.0
2022-06-09,17,AR1 alpha + Enhanced + One-Step,NASDAQ:EDIT,0.0
2022-06-10,17,AR1 alpha + Enhanced + One-Step,NASDAQ:EDIT,0.0
2022-06-13,17,AR1 alpha + Enhanced + One-Step,NASDAQ:EDIT,0.0
2022-06-14,17,AR1 alpha + Enhanced + One-Step,NASDAQ:EDIT,0.0
2022-06-15,17,AR1 alpha + Enhanced + One-Step,NASDAQ:EDIT,0.0
2022-06-16,17,AR1 alpha + Enhanced + One-Step,NASDAQ:EDIT,0.0
2022-06-17,17,AR1 alpha + Enhanced + One-Step,NASDAQ:EDIT,1.1738003262284111e-07
2022-06-21,17,AR1 alpha + Enhanced + One-Step,NASDAQ:EDIT,0.0
2022-06-22,17,AR1 alpha + Enhanced + One-Step,NASDAQ:EDIT,0.0
2022-06-23,17,AR1 alpha + Enhanced + One-Step,NASDAQ:EDIT,0.0
2022-06-24,17,AR1 alpha + Enhanced + One-Step,NASDAQ:EDIT,0.0
2022-06-27,17,AR1 alpha + Enhanced + One-Step,NASDAQ:EDIT,4.2267407275210624e-08
2022-06-28,17,AR1 alpha + Enhanced + One-Step,NASDAQ:EDIT,9.409274155051963e-09
2022-06-29,17,AR1 alpha + Enhanced + One-Step,NASDAQ:EDIT,0.0
2022-06-30,17,AR1 alpha + Enhanced + One-Step,NASDAQ:EDIT,5.173817484197195e-08
2022-07-01,17,AR1 alpha + Enhanced + One-Step,NASDAQ:EDIT,4.317439831140729e-08
2022-07-05,17,AR1 alpha + Enhanced + One-Step,NASDAQ:EDIT,3.390341891683486e-09
2022-07-06,17,AR1 alpha + Enhanced + One-Step,NASDAQ:EDIT,0.0
2022-07-07,17,AR1 alpha + Enhanced + One-Step,NASDAQ:EDIT,0.0
2022-07-08,17,AR1 alpha + Enhanced + One-Step,NASDAQ:EDIT,5.022398855772621e-10
2022-07-11,17,AR1 alpha + Enhanced + One-Step,NASDAQ:EDIT,0.0
2022-07-12,17,AR1 alpha + Enhanced + One-Step,NASDAQ:EDIT,0.0
2022-07-13,17,AR1 alpha + Enhanced + One-Step,NASDAQ:EDIT,0.0
2022-07-14,17,AR1 alpha + Enhanced + One-Step,NASDAQ:EDIT,0.0
2022-07-15,17,AR1 alpha + Enhanced + One-Step,NASDAQ:EDIT,0.0
2022-07-18,17,AR1 alpha + Enhanced + One-Step,NASDAQ:EDIT,0.0
2022-07-19,17,AR1 alpha + Enhanced + One-Step,NASDAQ:EDIT,0.0
2022-07-20,17,AR1 alpha + Enhanced + One-Step,NASDAQ:EDIT,0.0
2022-07-21,17,AR1 alpha + Enhanced + One-Step,NASDAQ:EDIT,0.0
2022-07-22,17,AR1 alpha + Enhanced + One-Step,NASDAQ:EDIT,1.2858387797461006e-09
2022-07-25,17,AR1 alpha + Enhanced + One-Step,NASDAQ:EDIT,1.4782264814524183e-07
2022-07-26,17,AR1 alpha + Enhanced + One-Step,NASDAQ:EDIT,0.0
2022-07-27,17,AR1 alpha + Enhanced + One-Step,NASDAQ:EDIT,0.0
2022-07-28,17,AR1 alpha + Enhanced + One-Step,NASDAQ:EDIT,3.386005488256677e-08
2022-07-29,17,AR1 alpha + Enhanced + One-Step,NASDAQ:EDIT,0.0
2022-08-01,17,AR1 alpha + Enhanced + One-Step,NASDAQ:EDIT,0.0
2022-08-02,17,AR1 alpha + Enhanced + One-Step,NASDAQ:EDIT,0.0
2022-08-03,17,AR1 alpha + Enhanced + One-Step,NASDAQ:EDIT,0.0
2022-08-04,17,AR1 alpha + Enhanced + One-Step,NASDAQ:EDIT,1.2335941619484771e-07
2022-08-05,17,AR1 alpha + Enhanced + One-Step,NASDAQ:EDIT,0.0
2022-08-08,17,AR1 alpha + Enhanced + One-Step,NASDAQ:EDIT,0.0
2022-08-09,17,AR1 alpha + Enhanced + One-Step,NASDAQ:EDIT,2.0525489142851325e-07
2022-08-10,17,AR1 alpha + Enhanced + One-Step,NASDAQ:EDIT,0.0
2022-08-11,17,AR1 alpha + Enhanced + One-Step,NASDAQ:EDIT,0.0
2022-08-12,17,AR1 alpha + Enhanced + One-Step,NASDAQ:EDIT,0.0
2022-08-15,17,AR1 alpha + Enhanced + One-Step,NASDAQ:EDIT,0.0
2022-08-16,17,AR1 alpha + Enhanced + One-Step,NASDAQ:EDIT,1.5722696836027928e-08
2022-08-17,17,AR1 alpha + Enhanced + One-Step,NASDAQ:EDIT,5.648533980424529e-07
2022-08-18,17,AR1 alpha + Enhanced + One-Step,NASDAQ:EDIT,0.0
2022-08-19,17,AR1 alpha + Enhanced + One-Step,NASDAQ:EDIT,0.0
2022-08-22,17,AR1 alpha + Enhanced + One-Step,NASDAQ:EDIT,6.603634392293295e-08
2022-08-23,17,AR1 alpha + Enhanced + One-Step,NASDAQ:EDIT,2.2747342713967428e-08
2022-08-24,17,AR1 alpha + Enhanced + One-Step,NASDAQ:EDIT,0.0
2022-08-25,17,AR1 alpha + Enhanced + One-Step,NASDAQ:EDIT,0.0
2022-08-26,17,AR1 alpha + Enhanced + One-Step,NASDAQ:EDIT,0.0
2022-08-29,17,AR1 alpha + Enhanced + One-Step,NASDAQ:EDIT,0.0
2022-08-30,17,AR1 alpha + Enhanced + One-Step,NASDAQ:EDIT,0.0
2022-08-31,17,AR1 alpha + Enhanced + One-Step,NASDAQ:EDIT,0.0
2022-09-01,17,AR1 alpha + Enhanced + One-Step,NASDAQ:EDIT,1.378209977156064e-07
2022-09-02,17,AR1 alpha + Enhanced + One-Step,NASDAQ:EDIT,4.7428803801541204e-08
2022-09-06,17,AR1 alpha + Enhanced + One-Step,NASDAQ:EDIT,1.2934889399907342e-08
2022-09-07,17,AR1 alpha + Enhanced + One-Step,NASDAQ:EDIT,0.0
2022-09-08,17,AR1 alpha + Enhanced + One-Step,NASDAQ:EDIT,3.492264867631177e-08
2022-09-09,17,AR1 alpha + Enhanced + One-Step,NASDAQ:EDIT,0.0
2022-09-12,17,AR1 alpha + Enhanced + One-Step,NASDAQ:EDIT,0.0
2022-09-13,17,AR1 alpha + Enhanced + One-Step,NASDAQ:EDIT,0.0
2022-09-14,17,AR1 alpha + Enhanced + One-Step,NASDAQ:EDIT,0.0
2022-09-15,17,AR1 alpha + Enhanced + One-Step,NASDAQ:EDIT,0.0
2022-09-16,17,AR1 alpha + Enhanced + One-Step,NASDAQ:EDIT,2.9373023002169465e-08
2022-09-19,17,AR1 alpha + Enhanced + One-Step,NASDAQ:EDIT,0.0
2022-09-20,17,AR1 alpha + Enhanced + One-Step,NASDAQ:EDIT,4.039114967411679e-08
2022-09-21,17,AR1 alpha + Enhanced + One-Step,NASDAQ:EDIT,0.0
2022-09-22,17,AR1 alpha + Enhanced + One-Step,NASDAQ:EDIT,0.0
2022-09-23,17,AR1 alpha + Enhanced + One-Step,NASDAQ:EDIT,0.0
2022-09-26,17,AR1 alpha + Enhanced + One-Step,NASDAQ:EDIT,0.0
2022-09-27,17,AR1 alpha + Enhanced + One-Step,NASDAQ:EDIT,0.0
2022-09-28,17,AR1 alpha + Enhanced + One-Step,NASDAQ:EDIT,0.0
2022-09-29,17,AR1 alpha + Enhanced + One-Step,NASDAQ:EDIT,1.0321589624491726e-07
2022-09-30,17,AR1 alpha + Enhanced + One-Step,NASDAQ:EDIT,0.0
2022-10-03,17,AR1 alpha + Enhanced + One-Step,NASDAQ:EDIT,2.2433444652892963e-09
2022-10-04,17,AR1 alpha + Enhanced + One-Step,NASDAQ:EDIT,5.629030757149104e-08
2022-10-05,17,AR1 alpha + Enhanced + One-Step,NASDAQ:EDIT,0.0
2022-10-06,17,AR1 alpha + Enhanced + One-Step,NASDAQ:EDIT,0.0
2022-10-07,17,AR1 alpha + Enhanced + One-Step,NASDAQ:EDIT,2.1753804838996644e-08
2022-10-10,17,AR1 alpha + Enhanced + One-Step,NASDAQ:EDIT,0.0
2022-10-11,17,AR1 alpha + Enhanced + One-Step,NASDAQ:EDIT,0.0
2022-10-12,17,AR1 alpha + Enhanced + One-Step,NASDAQ:EDIT,0.0
2022-10-13,17,AR1 alpha + Enhanced + One-Step,NASDAQ:EDIT,4.848003292950787e-07
2022-10-14,17,AR1 alpha + Enhanced + One-Step,NASDAQ:EDIT,6.733278643149492e-08
2022-10-17,17,AR1 alpha + Enhanced + One-Step,NASDAQ:EDIT,0.0
2022-10-18,17,AR1 alpha + Enhanced + One-Step,NASDAQ:EDIT,0.0
2022-10-19,17,AR1 alpha + Enhanced + One-Step,NASDAQ:EDIT,0.0
2022-10-20,17,AR1 alpha + Enhanced + One-Step,NASDAQ:EDIT,0.0
2022-10-21,17,AR1 alpha + Enhanced + One-Step,NASDAQ:EDIT,1.591940242257456e-08
2022-10-24,17,AR1 alpha + Enhanced + One-Step,NASDAQ:EDIT,0.0
2022-10-25,17,AR1 alpha + Enhanced + One-Step,NASDAQ:EDIT,0.0
2022-10-26,17,AR1 alpha + Enhanced + One-Step,NASDAQ:EDIT,3.781082211618454e-08
2022-10-27,17,AR1 alpha + Enhanced + One-Step,NASDAQ:EDIT,0.0
2022-10-28,17,AR1 alpha + Enhanced + One-Step,NASDAQ:EDIT,0.0
2022-10-31,17,AR1 alpha + Enhanced + One-Step,NASDAQ:EDIT,0.0
2022-11-01,17,AR1 alpha + Enhanced + One-Step,NASDAQ:EDIT,0.0
2022-11-02,17,AR1 alpha + Enhanced + One-Step,NASDAQ:EDIT,3.26627637440512e-08
2022-11-03,17,AR1 alpha + Enhanced + One-Step,NASDAQ:EDIT,5.266082766236775e-07
2022-11-04,17,AR1 alpha + Enhanced + One-Step,NASDAQ:EDIT,2.740407026056252e-08
2022-11-07,17,AR1 alpha + Enhanced + One-Step,NASDAQ:EDIT,0.0
2022-11-08,17,AR1 alpha + Enhanced + One-Step,NASDAQ:EDIT,2.7707674248434298e-08
2022-11-09,17,AR1 alpha + Enhanced + One-Step,NASDAQ:EDIT,0.0
2022-11-10,17,AR1 alpha + Enhanced + One-Step,NASDAQ:EDIT,1.609867600863901e-08
2022-11-11,17,AR1 alpha + Enhanced + One-Step,NASDAQ:EDIT,0.0
2022-11-14,17,AR1 alpha + Enhanced + One-Step,NASDAQ:EDIT,0.0
2022-11-15,17,AR1 alpha + Enhanced + One-Step,NASDAQ:EDIT,9.421019726246761e-10
2022-11-16,17,AR1 alpha + Enhanced + One-Step,NASDAQ:EDIT,0.0
2022-11-17,17,AR1 alpha + Enhanced + One-Step,NASDAQ:EDIT,0.0
2022-11-18,17,AR1 alpha + Enhanced + One-Step,NASDAQ:EDIT,1.5340009058325855e-08
2022-11-21,17,AR1 alpha + Enhanced + One-Step,NASDAQ:EDIT,0.0
2022-11-22,17,AR1 alpha + Enhanced + One-Step,NASDAQ:EDIT,0.0
2022-11-23,17,AR1 alpha + Enhanced + One-Step,NASDAQ:EDIT,1.2045668792249507e-07
2022-11-25,17,AR1 alpha + Enhanced + One-Step,NASDAQ:EDIT,7.717773410799012e-08
2022-11-28,17,AR1 alpha + Enhanced + One-Step,NASDAQ:EDIT,6.768509039325967e-08
2022-11-29,17,AR1 alpha + Enhanced + One-Step,NASDAQ:EDIT,2.4390420689719232e-08
2022-11-30,17,AR1 alpha + Enhanced + One-Step,NASDAQ:EDIT,5.1817828682247435e-09
2022-12-01,17,AR1 alpha + Enhanced + One-Step,NASDAQ:EDIT,0.0
2022-12-02,17,AR1 alpha + Enhanced + One-Step,NASDAQ:EDIT,1.4774366615602122e-08
2022-12-05,17,AR1 alpha + Enhanced + One-Step,NASDAQ:EDIT,0.0
2022-12-06,17,AR1 alpha + Enhanced + One-Step,NASDAQ:EDIT,0.0
2022-12-07,17,AR1 alpha + Enhanced + One-Step,NASDAQ:EDIT,0.0
2022-12-08,17,AR1 alpha + Enhanced + One-Step,NASDAQ:EDIT,0.0
2022-12-09,17,AR1 alpha + Enhanced + One-Step,NASDAQ:EDIT,0.0
2022-12-12,17,AR1 alpha + Enhanced + One-Step,NASDAQ:EDIT,0.0
2022-12-13,17,AR1 alpha + Enhanced + One-Step,NASDAQ:EDIT,0.0
2022-12-14,17,AR1 alpha + Enhanced + One-Step,NASDAQ:EDIT,0.0
2022-12-15,17,AR1 alpha + Enhanced + One-Step,NASDAQ:EDIT,0.0
2022-12-16,17,AR1 alpha + Enhanced + One-Step,NASDAQ:EDIT,0.0
2022-12-19,17,AR1 alpha + Enhanced + One-Step,NASDAQ:EDIT,0.0
2022-12-20,17,AR1 alpha + Enhanced + One-Step,NASDAQ:EDIT,0.0
2022-12-21,17,AR1 alpha + Enhanced + One-Step,NASDAQ:EDIT,0.0
2022-12-22,17,AR1 alpha + Enhanced + One-Step,NASDAQ:EDIT,0.0
2022-12-23,17,AR1 alpha + Enhanced + One-Step,NASDAQ:EDIT,1.116976558150533e-08
2022-12-27,17,AR1 alpha + Enhanced + One-Step,NASDAQ:EDIT,4.657481818214923e-09
2022-12-28,17,AR1 alpha + Enhanced + One-Step,NASDAQ:EDIT,0.0
2022-12-29,17,AR1 alpha + Enhanced + One-Step,NASDAQ:EDIT,0.0
2022-12-30,17,AR1 alpha + Enhanced + One-Step,NASDAQ:EDIT,0.0
2023-01-03,17,AR1 alpha + Enhanced + One-Step,NASDAQ:EDIT,0.0
2023-01-04,17,AR1 alpha + Enhanced + One-Step,NASDAQ:EDIT,0.0
2023-01-05,17,AR1 alpha + Enhanced + One-Step,NASDAQ:EDIT,1.0980204821267869e-07
2023-01-06,17,AR1 alpha + Enhanced + One-Step,NASDAQ:EDIT,0.0
2023-01-09,17,AR1 alpha + Enhanced + One-Step,NASDAQ:EDIT,0.0
2023-01-10,17,AR1 alpha + Enhanced + One-Step,NASDAQ:EDIT,6.434883329786936e-07
2023-01-11,17,AR1 alpha + Enhanced + One-Step,NASDAQ:EDIT,0.0
2023-01-12,17,AR1 alpha + Enhanced + One-Step,NASDAQ:EDIT,0.0
2023-01-13,17,AR1 alpha + Enhanced + One-Step,NASDAQ:EDIT,0.0
2023-01-17,17,AR1 alpha + Enhanced + One-Step,NASDAQ:EDIT,0.0
2023-01-18,17,AR1 alpha + Enhanced + One-Step,NASDAQ:EDIT,2.5633227776138804e-07
2023-01-19,17,AR1 alpha + Enhanced + One-Step,NASDAQ:EDIT,7.213690470444722e-08
2023-01-20,17,AR1 alpha + Enhanced + One-Step,NASDAQ:EDIT,0.0
2023-01-23,17,AR1 alpha + Enhanced + One-Step,NASDAQ:EDIT,0.0
2023-01-24,17,AR1 alpha + Enhanced + One-Step,NASDAQ:EDIT,0.0
2023-01-25,17,AR1 alpha + Enhanced + One-Step,NASDAQ:EDIT,1.0461268574015835e-08
2023-01-26,17,AR1 alpha + Enhanced + One-Step,NASDAQ:EDIT,9.788151386604639e-09
2023-01-27,17,AR1 alpha + Enhanced + One-Step,NASDAQ:EDIT,0.0
2023-01-30,17,AR1 alpha + Enhanced + One-Step,NASDAQ:EDIT,9.054636732484354e-08
2023-01-31,17,AR1 alpha + Enhanced + One-Step,NASDAQ:EDIT,0.0
2023-02-01,17,AR1 alpha + Enhanced + One-Step,NASDAQ:EDIT,3.7740535670237776e-08
2023-02-02,17,AR1 alpha + Enhanced + One-Step,NASDAQ:EDIT,4.2260361540548465e-07
2023-02-03,17,AR1 alpha + Enhanced + One-Step,NASDAQ:EDIT,8.284452517710359e-08
2023-02-06,17,AR1 alpha + Enhanced + One-Step,NASDAQ:EDIT,2.942527893937952e-07
2023-02-07,17,AR1 alpha + Enhanced + One-Step,NASDAQ:EDIT,6.714745054634705e-07
2023-02-08,17,AR1 alpha + Enhanced + One-Step,NASDAQ:EDIT,0.0
2023-02-09,17,AR1 alpha + Enhanced + One-Step,NASDAQ:EDIT,0.0
2023-02-10,17,AR1 alpha + Enhanced + One-Step,NASDAQ:EDIT,0.0
2023-02-13,17,AR1 alpha + Enhanced + One-Step,NASDAQ:EDIT,4.3453426700045886e-08
2023-02-14,17,AR1 alpha + Enhanced + One-Step,NASDAQ:EDIT,5.195418662526272e-07
2023-02-15,17,AR1 alpha + Enhanced + One-Step,NASDAQ:EDIT,1.6679717128237555e-07
2023-02-16,17,AR1 alpha + Enhanced + One-Step,NASDAQ:EDIT,0.0
2023-02-17,17,AR1 alpha + Enhanced + One-Step,NASDAQ:EDIT,0.0
2023-02-21,17,AR1 alpha + Enhanced + One-Step,NASDAQ:EDIT,0.0
2023-02-22,17,AR1 alpha + Enhanced + One-Step,NASDAQ:EDIT,0.0
2023-02-23,17,AR1 alpha + Enhanced + One-Step,NASDAQ:EDIT,0.0
2023-02-24,17,AR1 alpha + Enhanced + One-Step,NASDAQ:EDIT,5.411549230465681e-07
2023-02-27,17,AR1 alpha + Enhanced + One-Step,NASDAQ:EDIT,1.440197719235099e-07
2023-02-28,17,AR1 alpha + Enhanced + One-Step,NASDAQ:EDIT,3.028327375178611e-07
2023-03-01,17,AR1 alpha + Enhanced + One-Step,NASDAQ:EDIT,4.51581783573778e-08
2023-03-02,17,AR1 alpha + Enhanced + One-Step,NASDAQ:EDIT,0.0
2023-03-03,17,AR1 alpha + Enhanced + One-Step,NASDAQ:EDIT,0.0
2023-03-06,17,AR1 alpha + Enhanced + One-Step,NASDAQ:EDIT,0.0
2023-03-07,17,AR1 alpha + Enhanced + One-Step,NASDAQ:EDIT,0.0
2023-03-08,17,AR1 alpha + Enhanced + One-Step,NASDAQ:EDIT,0.0
2023-03-09,17,AR1 alpha + Enhanced + One-Step,NASDAQ:EDIT,0.0
2023-03-10,17,AR1 alpha + Enhanced + One-Step,NASDAQ:EDIT,0.0
2023-03-13,17,AR1 alpha + Enhanced + One-Step,NASDAQ:EDIT,2.0307092740123303e-09
2023-03-14,17,AR1 alpha + Enhanced + One-Step,NASDAQ:EDIT,0.0
2023-03-15,17,AR1 alpha + Enhanced + One-Step,NASDAQ:EDIT,0.0
2023-03-16,17,AR1 alpha + Enhanced + One-Step,NASDAQ:EDIT,5.6615673296862225e-09
2023-03-17,17,AR1 alpha + Enhanced + One-Step,NASDAQ:EDIT,0.0
2023-03-20,17,AR1 alpha + Enhanced + One-Step,NASDAQ:EDIT,0.0
2023-03-21,17,AR1 alpha + Enhanced + One-Step,NASDAQ:EDIT,0.0
2023-03-22,17,AR1 alpha + Enhanced + One-Step,NASDAQ:EDIT,0.0
2023-03-23,17,AR1 alpha + Enhanced + One-Step,NASDAQ:EDIT,0.0
2023-03-24,17,AR1 alpha + Enhanced + One-Step,NASDAQ:EDIT,0.0
2023-03-27,17,AR1 alpha + Enhanced + One-Step,NASDAQ:EDIT,0.0
2023-03-28,17,AR1 alpha + Enhanced + One-Step,NASDAQ:EDIT,0.0
2023-03-29,17,AR1 alpha + Enhanced + One-Step,NASDAQ:EDIT,3.072838144475811e-09
2023-03-30,17,AR1 alpha + Enhanced + One-Step,NASDAQ:EDIT,8.563131511187796e-09
2023-03-31,17,AR1 alpha + Enhanced + One-Step,NASDAQ:EDIT,3.623816208996635e-08
2023-04-03,17,AR1 alpha + Enhanced + One-Step,NASDAQ:EDIT,0.0
2023-04-04,17,AR1 alpha + Enhanced + One-Step,NASDAQ:EDIT,0.0
2023-04-05,17,AR1 alpha + Enhanced + One-Step,NASDAQ:EDIT,0.0
2023-04-06,17,AR1 alpha + Enhanced + One-Step,NASDAQ:EDIT,2.236075621771996e-07
2023-04-10,17,AR1 alpha + Enhanced + One-Step,NASDAQ:EDIT,4.5895324103643895e-07
2023-04-11,17,AR1 alpha + Enhanced + One-Step,NASDAQ:EDIT,0.0
2023-04-12,17,AR1 alpha + Enhanced + One-Step,NASDAQ:EDIT,0.0
2023-04-13,17,AR1 alpha + Enhanced + One-Step,NASDAQ:EDIT,0.0
2023-04-14,17,AR1 alpha + Enhanced + One-Step,NASDAQ:EDIT,0.0
2023-04-17,17,AR1 alpha + Enhanced + One-Step,NASDAQ:EDIT,3.32618506370663e-09
2023-04-18,17,AR1 alpha + Enhanced + One-Step,NASDAQ:EDIT,0.0
2023-04-19,17,AR1 alpha + Enhanced + One-Step,NASDAQ:EDIT,0.0
2023-04-20,17,AR1 alpha + Enhanced + One-Step,NASDAQ:EDIT,0.0
2023-04-21,17,AR1 alpha + Enhanced + One-Step,NASDAQ:EDIT,0.0
2023-04-24,17,AR1 alpha + Enhanced + One-Step,NASDAQ:EDIT,0.0
2023-04-25,17,AR1 alpha + Enhanced + One-Step,NASDAQ:EDIT,0.0
2023-04-26,17,AR1 alpha + Enhanced + One-Step,NASDAQ:EDIT,0.0
2023-04-27,17,AR1 alpha + Enhanced + One-Step,NASDAQ:EDIT,0.0
2023-04-28,17,AR1 alpha + Enhanced + One-Step,NASDAQ:EDIT,9.53859763372521e-08
2023-05-01,17,AR1 alpha + Enhanced + One-Step,NASDAQ:EDIT,9.274162959455768e-08
2023-05-02,17,AR1 alpha + Enhanced + One-Step,NASDAQ:EDIT,9.168374548334207e-08
2023-05-03,17,AR1 alpha + Enhanced + One-Step,NASDAQ:EDIT,0.0
2023-05-04,17,AR1 alpha + Enhanced + One-Step,NASDAQ:EDIT,0.0
2023-05-05,17,AR1 alpha + Enhanced + One-Step,NASDAQ:EDIT,0.0
2023-05-08,17,AR1 alpha + Enhanced + One-Step,NASDAQ:EDIT,2.573706962698269e-07
2023-05-09,17,AR1 alpha + Enhanced + One-Step,NASDAQ:EDIT,5.877908362633974e-08
2023-05-10,17,AR1 alpha + Enhanced + One-Step,NASDAQ:EDIT,3.609381676264861e-07
2023-05-11,17,AR1 alpha + Enhanced + One-Step,NASDAQ:EDIT,1.298326014356115e-07
2023-05-12,17,AR1 alpha + Enhanced + One-Step,NASDAQ:EDIT,1.2726034578632948e-07
2023-05-15,17,AR1 alpha + Enhanced + One-Step,NASDAQ:EDIT,8.901102372158e-08
2023-05-16,17,AR1 alpha + Enhanced + One-Step,NASDAQ:EDIT,1.356985785177476e-07
2023-05-17,17,AR1 alpha + Enhanced + One-Step,NASDAQ:EDIT,6.532797290460169e-08
2023-05-18,17,AR1 alpha + Enhanced + One-Step,NASDAQ:EDIT,4.3346984463358e-07
2023-05-19,17,AR1 alpha + Enhanced + One-Step,NASDAQ:EDIT,8.106169079034887e-08
2023-05-22,17,AR1 alpha + Enhanced + One-Step,NASDAQ:EDIT,1.6411654473869347e-08
2023-05-23,17,AR1 alpha + Enhanced + One-Step,NASDAQ:EDIT,0.0
2023-05-24,17,AR1 alpha + Enhanced + One-Step,NASDAQ:EDIT,0.0
2023-05-25,17,AR1 alpha + Enhanced + One-Step,NASDAQ:EDIT,0.0
2023-05-26,17,AR1 alpha + Enhanced + One-Step,NASDAQ:EDIT,2.1562079328129e-08
2023-05-30,17,AR1 alpha + Enhanced + One-Step,NASDAQ:EDIT,1.206513844931647e-08
2023-05-31,17,AR1 alpha + Enhanced + One-Step,NASDAQ:EDIT,0.0
2023-06-01,17,AR1 alpha + Enhanced + One-Step,NASDAQ:EDIT,0.0
2023-06-02,17,AR1 alpha + Enhanced + One-Step,NASDAQ:EDIT,0.0
2023-06-05,17,AR1 alpha + Enhanced + One-Step,NASDAQ:EDIT,0.0
2023-06-06,17,AR1 alpha + Enhanced + One-Step,NASDAQ:EDIT,9.574602137829563e-07
2023-06-07,17,AR1 alpha + Enhanced + One-Step,NASDAQ:EDIT,1.3803847799157726e-07
2023-06-08,17,AR1 alpha + Enhanced + One-Step,NASDAQ:EDIT,0.0
2023-06-09,17,AR1 alpha + Enhanced + One-Step,NASDAQ:EDIT,3.3876403361901984e-09
2023-06-12,17,AR1 alpha + Enhanced + One-Step,NASDAQ:EDIT,0.0
2023-06-13,17,AR1 alpha + Enhanced + One-Step,NASDAQ:EDIT,0.0
2023-06-14,17,AR1 alpha + Enhanced + One-Step,NASDAQ:EDIT,0.0
2023-06-15,17,AR1 alpha + Enhanced + One-Step,NASDAQ:EDIT,0.0003776550652809005
2023-06-16,17,AR1 alpha + Enhanced + One-Step,NASDAQ:EDIT,0.00037747567991650976
2023-06-20,17,AR1 alpha + Enhanced + One-Step,NASDAQ:EDIT,0.0003775661120558358
2023-06-21,17,AR1 alpha + Enhanced + One-Step,NASDAQ:EDIT,0.0003774299814318392
2023-06-22,17,AR1 alpha + Enhanced + One-Step,NASDAQ:EDIT,0.0
2023-06-23,17,AR1 alpha + Enhanced + One-Step,NASDAQ:EDIT,0.0
2023-06-26,17,AR1 alpha + Enhanced + One-Step,NASDAQ:EDIT,0.0
2023-06-27,17,AR1 alpha + Enhanced + One-Step,NASDAQ:EDIT,0.0
2023-06-28,17,AR1 alpha + Enhanced + One-Step,NASDAQ:EDIT,0.0
2023-06-29,17,AR1 alpha + Enhanced + One-Step,NASDAQ:EDIT,0.0
2023-06-30,17,AR1 alpha + Enhanced + One-Step,NASDAQ:EDIT,0.0
2023-07-03,17,AR1 alpha + Enhanced + One-Step,NASDAQ:EDIT,0.0
2023-07-05,17,AR1 alpha + Enhanced + One-Step,NASDAQ:EDIT,0.0
2023-07-06,17,AR1 alpha + Enhanced + One-Step,NASDAQ:EDIT,0.0
2023-07-07,17,AR1 alpha + Enhanced + One-Step,NASDAQ:EDIT,0.0
2023-07-10,17,AR1 alpha + Enhanced + One-Step,NASDAQ:EDIT,1.354380818637683e-08
2023-07-11,17,AR1 alpha + Enhanced + One-Step,NASDAQ:EDIT,0.0
2023-07-12,17,AR1 alpha + Enhanced + One-Step,NASDAQ:EDIT,3.501242685718191e-08
2023-07-13,17,AR1 alpha + Enhanced + One-Step,NASDAQ:EDIT,0.0
2023-07-14,17,AR1 alpha + Enhanced + One-Step,NASDAQ:EDIT,0.0
2023-07-17,17,AR1 alpha + Enhanced + One-Step,NASDAQ:EDIT,0.0
2023-07-18,17,AR1 alpha + Enhanced + One-Step,NASDAQ:EDIT,2.195672237394539e-07
2023-07-19,17,AR1 alpha + Enhanced + One-Step,NASDAQ:EDIT,0.0
2023-07-20,17,AR1 alpha + Enhanced + One-Step,NASDAQ:EDIT,0.0
2023-07-21,17,AR1 alpha + Enhanced + One-Step,NASDAQ:EDIT,0.0
2023-07-24,17,AR1 alpha + Enhanced + One-Step,NASDAQ:EDIT,0.0
2023-07-25,17,AR1 alpha + Enhanced + One-Step,NASDAQ:EDIT,0.0
2023-07-26,17,AR1 alpha + Enhanced + One-Step,NASDAQ:EDIT,0.0
2023-07-27,17,AR1 alpha + Enhanced + One-Step,NASDAQ:EDIT,1.5026113173955482e-08
2023-08-01,17,AR1 alpha + Enhanced + One-Step,NASDAQ:EDIT,1.7126211088025325e-07
2023-08-02,17,AR1 alpha + Enhanced + One-Step,NASDAQ:EDIT,0.0
2023-08-03,17,AR1 alpha + Enhanced + One-Step,NASDAQ:EDIT,3.506347252325767e-08
2023-08-04,17,AR1 alpha + Enhanced + One-Step,NASDAQ:EDIT,1.2797658729393133e-06
2023-08-07,17,AR1 alpha + Enhanced + One-Step,NASDAQ:EDIT,2.1275484126360473e-07
2023-08-08,17,AR1 alpha + Enhanced + One-Step,NASDAQ:EDIT,0.0
2023-08-09,17,AR1 alpha + Enhanced + One-Step,NASDAQ:EDIT,0.0
2023-08-10,17,AR1 alpha + Enhanced + One-Step,NASDAQ:EDIT,0.0
2023-08-11,17,AR1 alpha + Enhanced + One-Step,NASDAQ:EDIT,0.0
2023-08-14,17,AR1 alpha + Enhanced + One-Step,NASDAQ:EDIT,0.0
2023-08-15,17,AR1 alpha + Enhanced + One-Step,NASDAQ:EDIT,0.0
2023-08-16,17,AR1 alpha + Enhanced + One-Step,NASDAQ:EDIT,0.0
2023-08-17,17,AR1 alpha + Enhanced + One-Step,NASDAQ:EDIT,0.0
2023-08-18,17,AR1 alpha + Enhanced + One-Step,NASDAQ:EDIT,0.0
2023-08-21,17,AR1 alpha + Enhanced + One-Step,NASDAQ:EDIT,0.0
2023-08-22,17,AR1 alpha + Enhanced + One-Step,NASDAQ:EDIT,0.0
2023-08-23,17,AR1 alpha + Enhanced + One-Step,NASDAQ:EDIT,0.0
2023-08-24,17,AR1 alpha + Enhanced + One-Step,NASDAQ:EDIT,0.0
2023-08-25,17,AR1 alpha + Enhanced + One-Step,NASDAQ:EDIT,0.0
2023-08-28,17,AR1 alpha + Enhanced + One-Step,NASDAQ:EDIT,0.0
2023-08-29,17,AR1 alpha + Enhanced + One-Step,NASDAQ:EDIT,0.0
2023-08-30,17,AR1 alpha + Enhanced + One-Step,NASDAQ:EDIT,0.0
2023-08-31,17,AR1 alpha + Enhanced + One-Step,NASDAQ:EDIT,0.0
2023-09-01,17,AR1 alpha + Enhanced + One-Step,NASDAQ:EDIT,0.0
2023-09-05,17,AR1 alpha + Enhanced + One-Step,NASDAQ:EDIT,0.0
2023-09-06,17,AR1 alpha + Enhanced + One-Step,NASDAQ:EDIT,0.0
2023-09-07,17,AR1 alpha + Enhanced + One-Step,NASDAQ:EDIT,0.0
2023-09-08,17,AR1 alpha + Enhanced + One-Step,NASDAQ:EDIT,0.0
2023-09-11,17,AR1 alpha + Enhanced + One-Step,NASDAQ:EDIT,9.295396971801161e-08
2023-09-12,17,AR1 alpha + Enhanced + One-Step,NASDAQ:EDIT,8.101566084254283e-08
2023-09-13,17,AR1 alpha + Enhanced + One-Step,NASDAQ:EDIT,0.0
2023-09-14,17,AR1 alpha + Enhanced + One-Step,NASDAQ:EDIT,1.6928278076203733e-08
2023-09-15,17,AR1 alpha + Enhanced + One-Step,NASDAQ:EDIT,2.467443266695496e-07
2023-09-18,17,AR1 alpha + Enhanced + One-Step,NASDAQ:EDIT,1.1859606182086516e-08
2023-09-19,17,AR1 alpha + Enhanced + One-Step,NASDAQ:EDIT,6.350832747181922e-09
2023-09-20,17,AR1 alpha + Enhanced + One-Step,NASDAQ:EDIT,8.790393271589237e-09
2023-09-21,17,AR1 alpha + Enhanced + One-Step,NASDAQ:EDIT,4.079560043974133e-08
2023-09-22,17,AR1 alpha + Enhanced + One-Step,NASDAQ:EDIT,1.490817274768054e-08
2023-09-25,17,AR1 alpha + Enhanced + One-Step,NASDAQ:EDIT,0.0
2023-09-26,17,AR1 alpha + Enhanced + One-Step,NASDAQ:EDIT,0.0
2023-09-27,17,AR1 alpha + Enhanced + One-Step,NASDAQ:EDIT,0.0
2023-09-28,17,AR1 alpha + Enhanced + One-Step,NASDAQ:EDIT,0.0
2023-09-29,17,AR1 alpha + Enhanced + One-Step,NASDAQ:EDIT,0.0
2023-10-02,17,AR1 alpha + Enhanced + One-Step,NASDAQ:EDIT,0.0
2023-10-03,17,AR1 alpha + Enhanced + One-Step,NASDAQ:EDIT,0.0
2023-10-04,17,AR1 alpha + Enhanced + One-Step,NASDAQ:EDIT,0.0
2023-10-05,17,AR1 alpha + Enhanced + One-Step,NASDAQ:EDIT,0.0
2023-10-06,17,AR1 alpha + Enhanced + One-Step,NASDAQ:EDIT,0.0
2023-10-09,17,AR1 alpha + Enhanced + One-Step,NASDAQ:EDIT,0.0
2023-10-10,17,AR1 alpha + Enhanced + One-Step,NASDAQ:EDIT,4.009998214284298e-08
2023-10-11,17,AR1 alpha + Enhanced + One-Step,NASDAQ:EDIT,0.0
2023-10-12,17,AR1 alpha + Enhanced + One-Step,NASDAQ:EDIT,2.512626465240263e-09
2023-10-13,17,AR1 alpha + Enhanced + One-Step,NASDAQ:EDIT,8.92075556181178e-09
2023-10-16,17,AR1 alpha + Enhanced + One-Step,NASDAQ:EDIT,2.7840454263923197e-08
2023-10-17,17,AR1 alpha + Enhanced + One-Step,NASDAQ:EDIT,0.0
2023-10-18,17,AR1 alpha + Enhanced + One-Step,NASDAQ:EDIT,5.325387955829443e-08
2023-10-19,17,AR1 alpha + Enhanced + One-Step,NASDAQ:EDIT,6.691460095546909e-09
2023-10-20,17,AR1 alpha + Enhanced + One-Step,NASDAQ:EDIT,0.0
2023-10-23,17,AR1 alpha + Enhanced + One-Step,NASDAQ:EDIT,0.0
2023-10-24,17,AR1 alpha + Enhanced + One-Step,NASDAQ:EDIT,2.9102789459163752e-09
2023-10-25,17,AR1 alpha + Enhanced + One-Step,NASDAQ:EDIT,0.0
2023-10-26,17,AR1 alpha + Enhanced + One-Step,NASDAQ:EDIT,0.0
2023-10-27,17,AR1 alpha + Enhanced + One-Step,NASDAQ:EDIT,0.0
2023-10-30,17,AR1 alpha + Enhanced + One-Step,NASDAQ:EDIT,0.0
2023-10-31,17,AR1 alpha + Enhanced + One-Step,NASDAQ:EDIT,4.116959497255933e-08
2023-11-01,17,AR1 alpha + Enhanced + One-Step,NASDAQ:EDIT,0.0
2023-11-02,17,AR1 alpha + Enhanced + One-Step,NASDAQ:EDIT,9.011838020027109e-07
2023-11-03,17,AR1 alpha + Enhanced + One-Step,NASDAQ:EDIT,2.836716964455772e-07
2023-11-06,17,AR1 alpha + Enhanced + One-Step,NASDAQ:EDIT,1.257956168846329e-07
2023-11-07,17,AR1 alpha + Enhanced + One-Step,NASDAQ:EDIT,0.0
2023-11-08,17,AR1 alpha + Enhanced + One-Step,NASDAQ:EDIT,0.0
2023-11-09,17,AR1 alpha + Enhanced + One-Step,NASDAQ:EDIT,0.0
2023-11-10,17,AR1 alpha + Enhanced + One-Step,NASDAQ:EDIT,0.0
2023-11-13,17,AR1 alpha + Enhanced + One-Step,NASDAQ:EDIT,0.0
2023-11-14,17,AR1 alpha + Enhanced + One-Step,NASDAQ:EDIT,5.316335077304574e-07
2023-11-15,17,AR1 alpha + Enhanced + One-Step,NASDAQ:EDIT,2.015215462548566e-07
2023-11-16,17,AR1 alpha + Enhanced + One-Step,NASDAQ:EDIT,0.0
2023-11-17,17,AR1 alpha + Enhanced + One-Step,NASDAQ:EDIT,0.0
2023-11-20,17,AR1 alpha + Enhanced + One-Step,NASDAQ:EDIT,1.6370048554955432e-08
2023-11-21,17,AR1 alpha + Enhanced + One-Step,NASDAQ:EDIT,3.4805643588915186e-09
2023-11-22,17,AR1 alpha + Enhanced + One-Step,NASDAQ:EDIT,0.0
2023-11-24,17,AR1 alpha + Enhanced + One-Step,NASDAQ:EDIT,0.0
2023-11-27,17,AR1 alpha + Enhanced + One-Step,NASDAQ:EDIT,0.0
2023-11-28,17,AR1 alpha + Enhanced + One-Step,NASDAQ:EDIT,1.6609403944639468e-08
2023-11-29,17,AR1 alpha + Enhanced + One-Step,NASDAQ:EDIT,0.0
2023-11-30,17,AR1 alpha + Enhanced + One-Step,NASDAQ:EDIT,0.0
2023-12-01,17,AR1 alpha + Enhanced + One-Step,NASDAQ:EDIT,0.0
2023-12-04,17,AR1 alpha + Enhanced + One-Step,NASDAQ:EDIT,0.0
2023-12-05,17,AR1 alpha + Enhanced + One-Step,NASDAQ:EDIT,0.0
2023-12-06,17,AR1 alpha + Enhanced + One-Step,NASDAQ:EDIT,5.85869234668561e-09
2023-12-07,17,AR1 alpha + Enhanced + One-Step,NASDAQ:EDIT,4.983671096250349e-09
2023-12-08,17,AR1 alpha + Enhanced + One-Step,NASDAQ:EDIT,0.0
2023-12-11,17,AR1 alpha + Enhanced + One-Step,NASDAQ:EDIT,4.1453971317456123e-07
2023-12-12,17,AR1 alpha + Enhanced + One-Step,NASDAQ:EDIT,1.7321638291569954e-07
2023-12-13,17,AR1 alpha + Enhanced + One-Step,NASDAQ:EDIT,2.120958333514055e-07
2023-12-14,17,AR1 alpha + Enhanced + One-Step,NASDAQ:EDIT,4.346435948424763e-08
2023-12-15,17,AR1 alpha + Enhanced + One-Step,NASDAQ:EDIT,0.0
2023-12-18,17,AR1 alpha + Enhanced + One-Step,NASDAQ:EDIT,1.9701623754674558e-08
2023-12-19,17,AR1 alpha + Enhanced + One-Step,NASDAQ:EDIT,0.0
2023-12-20,17,AR1 alpha + Enhanced + One-Step,NASDAQ:EDIT,8.076590188845975e-07
2023-12-21,17,AR1 alpha + Enhanced + One-Step,NASDAQ:EDIT,3.3990997011989834e-07
2023-12-22,17,AR1 alpha + Enhanced + One-Step,NASDAQ:EDIT,8.618957330812654e-08
2023-12-26,17,AR1 alpha + Enhanced + One-Step,NASDAQ:EDIT,6.762101239119821e-08
2023-12-27,17,AR1 alpha + Enhanced + One-Step,NASDAQ:EDIT,3.078634478630914e-08
2023-12-28,17,AR1 alpha + Enhanced + One-Step,NASDAQ:EDIT,2.5667401214770084e-08
2023-12-29,17,AR1 alpha + Enhanced + One-Step,NASDAQ:EDIT,1.6629873422741814e-07
2024-01-02,17,AR1 alpha + Enhanced + One-Step,NASDAQ:EDIT,0.001302006435139991
2024-01-03,17,AR1 alpha + Enhanced + One-Step,NASDAQ:EDIT,0.008184645077616116
2024-01-04,17,AR1 alpha + Enhanced + One-Step,NASDAQ:EDIT,0.008184627520061728
2024-01-05,17,AR1 alpha + Enhanced + One-Step,NASDAQ:EDIT,0.020486942769487388
2024-01-08,17,AR1 alpha + Enhanced + One-Step,NASDAQ:EDIT,0.020487125205610857
2024-01-09,17,AR1 alpha + Enhanced + One-Step,NASDAQ:EDIT,0.02048622434791563
2024-01-10,17,AR1 alpha + Enhanced + One-Step,NASDAQ:EDIT,0.011968929579577021
2024-01-11,17,AR1 alpha + Enhanced + One-Step,NASDAQ:EDIT,0.018544887824022145
2024-01-12,17,AR1 alpha + Enhanced + One-Step,NASDAQ:EDIT,0.01927478324241331
2024-01-16,17,AR1 alpha + Enhanced + One-Step,NASDAQ:EDIT,0.01927425816874765
2024-01-17,17,AR1 alpha + Enhanced + One-Step,NASDAQ:EDIT,0.03176610539378447
2024-01-18,17,AR1 alpha + Enhanced + One-Step,NASDAQ:EDIT,0.037802854065928246
2024-01-19,17,AR1 alpha + Enhanced + One-Step,NASDAQ:EDIT,0.03090458320324221
2024-01-22,17,AR1 alpha + Enhanced + One-Step,NASDAQ:EDIT,0.015032051911072996
2024-01-23,17,AR1 alpha + Enhanced + One-Step,NASDAQ:EDIT,0.00616866448560662
2024-01-24,17,AR1 alpha + Enhanced + One-Step,NASDAQ:EDIT,0.011489225983679964
2024-01-25,17,AR1 alpha + Enhanced + One-Step,NASDAQ:EDIT,0.018687011834878604
2024-01-26,17,AR1 alpha + Enhanced + One-Step,NASDAQ:EDIT,0.027672323327670393
2024-01-29,17,AR1 alpha + Enhanced + One-Step,NASDAQ:EDIT,0.0072270889144838086
2024-01-30,17,AR1 alpha + Enhanced + One-Step,NASDAQ:EDIT,0.013362751389946055
2024-01-31,17,AR1 alpha + Enhanced + One-Step,NASDAQ:EDIT,0.013704096421992423
2024-02-01,17,AR1 alpha + Enhanced + One-Step,NASDAQ:EDIT,0.0069456324376980984
2024-02-02,17,AR1 alpha + Enhanced + One-Step,NASDAQ:EDIT,0.0038566909305855082
2024-02-05,17,AR1 alpha + Enhanced + One-Step,NASDAQ:EDIT,0.0
2024-02-06,17,AR1 alpha + Enhanced + One-Step,NASDAQ:EDIT,7.248234477756082e-09
2024-02-07,17,AR1 alpha + Enhanced + One-Step,NASDAQ:EDIT,0.0
2024-02-08,17,AR1 alpha + Enhanced + One-Step,NASDAQ:EDIT,0.0
2024-02-09,17,AR1 alpha + Enhanced + One-Step,NASDAQ:EDIT,0.0
2024-02-12,17,AR1 alpha + Enhanced + One-Step,NASDAQ:EDIT,0.0
2024-02-13,17,AR1 alpha + Enhanced + One-Step,NASDAQ:EDIT,7.435160212894702e-08
2024-02-14,17,AR1 alpha + Enhanced + One-Step,NASDAQ:EDIT,1.8121163930974773e-07
2024-02-15,17,AR1 alpha + Enhanced + One-Step,NASDAQ:EDIT,0.0
2024-02-16,17,AR1 alpha + Enhanced + One-Step,NASDAQ:EDIT,2.236175758617351e-07
2024-02-20,17,AR1 alpha + Enhanced + One-Step,NASDAQ:EDIT,2.347345445592046e-07
2024-02-21,17,AR1 alpha + Enhanced + One-Step,NASDAQ:EDIT,0.0
2024-02-22,17,AR1 alpha + Enhanced + One-Step,NASDAQ:EDIT,0.0
2024-02-23,17,AR1 alpha + Enhanced + One-Step,NASDAQ:EDIT,0.0
2024-02-26,17,AR1 alpha + Enhanced + One-Step,NASDAQ:EDIT,0.0
2024-02-27,17,AR1 alpha + Enhanced + One-Step,NASDAQ:EDIT,0.0
2024-02-28,17,AR1 alpha + Enhanced + One-Step,NASDAQ:EDIT,0.0
2024-02-29,17,AR1 alpha + Enhanced + One-Step,NASDAQ:EDIT,0.0
2024-03-01,17,AR1 alpha + Enhanced + One-Step,NASDAQ:EDIT,1.2393732041952583e-09
2024-03-04,17,AR1 alpha + Enhanced + One-Step,NASDAQ:EDIT,0.0
2024-03-05,17,AR1 alpha + Enhanced + One-Step,NASDAQ:EDIT,0.0013772981180748553
2024-03-06,17,AR1 alpha + Enhanced + One-Step,NASDAQ:EDIT,0.002486654701965839
2024-03-07,17,AR1 alpha + Enhanced + One-Step,NASDAQ:EDIT,0.0031575454467806952
2024-03-08,17,AR1 alpha + Enhanced + One-Step,NASDAQ:EDIT,0.0031569082186416056
2024-03-11,17,AR1 alpha + Enhanced + One-Step,NASDAQ:EDIT,0.004197293206855729
2024-03-12,17,AR1 alpha + Enhanced + One-Step,NASDAQ:EDIT,0.0054757630926709515
2024-03-13,17,AR1 alpha + Enhanced + One-Step,NASDAQ:EDIT,0.012242398743574068
2024-03-14,17,AR1 alpha + Enhanced + One-Step,NASDAQ:EDIT,0.021594903787076073
2024-03-15,17,AR1 alpha + Enhanced + One-Step,NASDAQ:EDIT,0.02251594956057894
2024-03-18,17,AR1 alpha + Enhanced + One-Step,NASDAQ:EDIT,0.026287973774373537
2024-03-19,17,AR1 alpha + Enhanced + One-Step,NASDAQ:EDIT,0.026287585893390752
2024-03-20,17,AR1 alpha + Enhanced + One-Step,NASDAQ:EDIT,0.021126970018496234
2024-03-21,17,AR1 alpha + Enhanced + One-Step,NASDAQ:EDIT,0.00888030652148549
2024-03-22,17,AR1 alpha + Enhanced + One-Step,NASDAQ:EDIT,0.008880164209726682
2024-03-25,17,AR1 alpha + Enhanced + One-Step,NASDAQ:EDIT,0.008880195461447828
2024-03-26,17,AR1 alpha + Enhanced + One-Step,NASDAQ:EDIT,0.008879627932392225
2024-03-27,17,AR1 alpha + Enhanced + One-Step,NASDAQ:EDIT,0.0
2024-03-28,17,AR1 alpha + Enhanced + One-Step,NASDAQ:EDIT,9.070695050488326e-08
2024-04-01,17,AR1 alpha + Enhanced + One-Step,NASDAQ:EDIT,8.345471535387663e-08
2024-04-02,17,AR1 alpha + Enhanced + One-Step,NASDAQ:EDIT,0.001504674941269595
2024-04-03,17,AR1 alpha + Enhanced + One-Step,NASDAQ:EDIT,0.0
2024-04-04,17,AR1 alpha + Enhanced + One-Step,NASDAQ:EDIT,0.0
2024-04-05,17,AR1 alpha + Enhanced + One-Step,NASDAQ:EDIT,0.0
2024-04-08,17,AR1 alpha + Enhanced + One-Step,NASDAQ:EDIT,5.516158432881521e-08
2024-04-09,17,AR1 alpha + Enhanced + One-Step,NASDAQ:EDIT,4.9413493944391075e-08
2024-04-10,17,AR1 alpha + Enhanced + One-Step,NASDAQ:EDIT,1.6778526573077388e-08
2024-04-11,17,AR1 alpha + Enhanced + One-Step,NASDAQ:EDIT,0.0
2024-04-12,17,AR1 alpha + Enhanced + One-Step,NASDAQ:EDIT,0.005292010648558524
2024-04-15,17,AR1 alpha + Enhanced + One-Step,NASDAQ:EDIT,0.0052918223570580705
2024-04-16,17,AR1 alpha + Enhanced + One-Step,NASDAQ:EDIT,0.0041640467922719904
2024-04-17,17,AR1 alpha + Enhanced + One-Step,NASDAQ:EDIT,0.0
2024-04-18,17,AR1 alpha + Enhanced + One-Step,NASDAQ:EDIT,0.0
2024-04-19,17,AR1 alpha + Enhanced + One-Step,NASDAQ:EDIT,8.856846968046591e-08
2020-03-25,17,AR1 alpha + Enhanced + One-Step,NASDAQ:JOUT,0.020000000000007227
2020-03-26,17,AR1 alpha + Enhanced + One-Step,NASDAQ:JOUT,0.02000000000001305
2020-03-27,17,AR1 alpha + Enhanced + One-Step,NASDAQ:JOUT,0.020000085899389553
2020-03-30,17,AR1 alpha + Enhanced + One-Step,NASDAQ:JOUT,0.02000134698599276
2020-03-31,17,AR1 alpha + Enhanced + One-Step,NASDAQ:JOUT,0.020003329167069234
2020-04-01,17,AR1 alpha + Enhanced + One-Step,NASDAQ:JOUT,0.020003366424110946
2020-04-02,17,AR1 alpha + Enhanced + One-Step,NASDAQ:JOUT,0.020001417230136292
2020-04-03,17,AR1 alpha + Enhanced + One-Step,NASDAQ:JOUT,0.020002117473850264
2020-04-06,17,AR1 alpha + Enhanced + One-Step,NASDAQ:JOUT,0.02000273918287029
2020-04-07,17,AR1 alpha + Enhanced + One-Step,NASDAQ:JOUT,0.020005414818397668
2020-04-08,17,AR1 alpha + Enhanced + One-Step,NASDAQ:JOUT,0.020005526266450222
2020-04-09,17,AR1 alpha + Enhanced + One-Step,NASDAQ:JOUT,0.020005464882250145
2020-04-13,17,AR1 alpha + Enhanced + One-Step,NASDAQ:JOUT,0.020005182576245645
2020-04-14,17,AR1 alpha + Enhanced + One-Step,NASDAQ:JOUT,0.020005703423590437
2020-04-15,17,AR1 alpha + Enhanced + One-Step,NASDAQ:JOUT,0.020006695377728912
2020-04-16,17,AR1 alpha + Enhanced + One-Step,NASDAQ:JOUT,0.020007306806185284
2020-04-17,17,AR1 alpha + Enhanced + One-Step,NASDAQ:JOUT,0.020007451218175612
2020-04-20,17,AR1 alpha + Enhanced + One-Step,NASDAQ:JOUT,0.020007304893643545
2020-04-21,17,AR1 alpha + Enhanced + One-Step,NASDAQ:JOUT,0.020007552570053686
2020-04-22,17,AR1 alpha + Enhanced + One-Step,NASDAQ:JOUT,0.02000782269324904
2020-04-23,17,AR1 alpha + Enhanced + One-Step,NASDAQ:JOUT,0.020007741585226047
2020-04-24,17,AR1 alpha + Enhanced + One-Step,NASDAQ:JOUT,0.0011066429621194311
2020-04-27,17,AR1 alpha + Enhanced + One-Step,NASDAQ:JOUT,0.0
2020-04-28,17,AR1 alpha + Enhanced + One-Step,NASDAQ:JOUT,0.0
2020-04-29,17,AR1 alpha + Enhanced + One-Step,NASDAQ:JOUT,0.0
2020-04-30,17,AR1 alpha + Enhanced + One-Step,NASDAQ:JOUT,0.0
2020-05-01,17,AR1 alpha + Enhanced + One-Step,NASDAQ:JOUT,0.0
2020-05-04,17,AR1 alpha + Enhanced + One-Step,NASDAQ:JOUT,4.80976336354006e-09
2020-05-05,17,AR1 alpha + Enhanced + One-Step,NASDAQ:JOUT,0.0
2020-05-06,17,AR1 alpha + Enhanced + One-Step,NASDAQ:JOUT,0.0
2020-05-07,17,AR1 alpha + Enhanced + One-Step,NASDAQ:JOUT,1.0034334724376862e-07
2020-05-08,17,AR1 alpha + Enhanced + One-Step,NASDAQ:JOUT,1.123119326482948e-09
2020-05-11,17,AR1 alpha + Enhanced + One-Step,NASDAQ:JOUT,0.0
2020-05-12,17,AR1 alpha + Enhanced + One-Step,NASDAQ:JOUT,0.0
2020-05-13,17,AR1 alpha + Enhanced + One-Step,NASDAQ:JOUT,4.020215095515865e-08
2020-05-14,17,AR1 alpha + Enhanced + One-Step,NASDAQ:JOUT,0.0
2020-05-15,17,AR1 alpha + Enhanced + One-Step,NASDAQ:JOUT,2.7280032824734236e-08
2020-05-18,17,AR1 alpha + Enhanced + One-Step,NASDAQ:JOUT,4.9207228458747676e-08
2020-05-19,17,AR1 alpha + Enhanced + One-Step,NASDAQ:JOUT,0.0
2020-05-20,17,AR1 alpha + Enhanced + One-Step,NASDAQ:JOUT,2.460733400536019e-08
2020-05-21,17,AR1 alpha + Enhanced + One-Step,NASDAQ:JOUT,0.0
2020-05-22,17,AR1 alpha + Enhanced + One-Step,NASDAQ:JOUT,0.0
2020-05-26,17,AR1 alpha + Enhanced + One-Step,NASDAQ:JOUT,0.0
2020-05-27,17,AR1 alpha + Enhanced + One-Step,NASDAQ:JOUT,3.6414120214932363e-08
2020-05-28,17,AR1 alpha + Enhanced + One-Step,NASDAQ:JOUT,1.983195559804117e-08
2020-05-29,17,AR1 alpha + Enhanced + One-Step,NASDAQ:JOUT,9.222424706120714e-09
2020-06-01,17,AR1 alpha + Enhanced + One-Step,NASDAQ:JOUT,4.248017462157344e-08
2020-06-02,17,AR1 alpha + Enhanced + One-Step,NASDAQ:JOUT,3.818434233459825e-09
2020-06-03,17,AR1 alpha + Enhanced + One-Step,NASDAQ:JOUT,3.2633426030317006e-07
2020-06-04,17,AR1 alpha + Enhanced + One-Step,NASDAQ:JOUT,0.0
2020-06-05,17,AR1 alpha + Enhanced + One-Step,NASDAQ:JOUT,0.0
2020-06-08,17,AR1 alpha + Enhanced + One-Step,NASDAQ:JOUT,0.0
2020-06-09,17,AR1 alpha + Enhanced + One-Step,NASDAQ:JOUT,1.3090646367963223e-08
2020-06-10,17,AR1 alpha + Enhanced + One-Step,NASDAQ:JOUT,1.2994523978585952e-08
2020-06-11,17,AR1 alpha + Enhanced + One-Step,NASDAQ:JOUT,1.2367039032572916e-06
2020-06-12,17,AR1 alpha + Enhanced + One-Step,NASDAQ:JOUT,3.802930048357498e-07
2020-06-15,17,AR1 alpha + Enhanced + One-Step,NASDAQ:JOUT,7.39516885072863e-08
2020-06-16,17,AR1 alpha + Enhanced + One-Step,NASDAQ:JOUT,4.853801711571921e-08
2020-06-17,17,AR1 alpha + Enhanced + One-Step,NASDAQ:JOUT,1.276063507759773e-08
2020-06-18,17,AR1 alpha + Enhanced + One-Step,NASDAQ:JOUT,1.0261447153202375e-09
2020-06-19,17,AR1 alpha + Enhanced + One-Step,NASDAQ:JOUT,3.225984393401177e-08
2020-06-22,17,AR1 alpha + Enhanced + One-Step,NASDAQ:JOUT,6.707415838496169e-08
2020-06-23,17,AR1 alpha + Enhanced + One-Step,NASDAQ:JOUT,2.9965323554179467e-09
2020-06-24,17,AR1 alpha + Enhanced + One-Step,NASDAQ:JOUT,0.0
2020-06-25,17,AR1 alpha + Enhanced + One-Step,NASDAQ:JOUT,1.7642857471188165e-08
2020-06-26,17,AR1 alpha + Enhanced + One-Step,NASDAQ:JOUT,1.5545476557756634e-07
2020-06-29,17,AR1 alpha + Enhanced + One-Step,NASDAQ:JOUT,9.416830742782943e-08
2020-06-30,17,AR1 alpha + Enhanced + One-Step,NASDAQ:JOUT,0.0
2020-07-01,17,AR1 alpha + Enhanced + One-Step,NASDAQ:JOUT,0.0
2020-07-02,17,AR1 alpha + Enhanced + One-Step,NASDAQ:JOUT,7.166365587619022e-08
2020-07-06,17,AR1 alpha + Enhanced + One-Step,NASDAQ:JOUT,1.776001348860586e-08
2020-07-07,17,AR1 alpha + Enhanced + One-Step,NASDAQ:JOUT,0.0016471703131173466
2020-07-08,17,AR1 alpha + Enhanced + One-Step,NASDAQ:JOUT,0.0
2020-07-09,17,AR1 alpha + Enhanced + One-Step,NASDAQ:JOUT,0.024953458499240855
2020-07-10,17,AR1 alpha + Enhanced + One-Step,NASDAQ:JOUT,0.04990247208406294
2020-07-13,17,AR1 alpha + Enhanced + One-Step,NASDAQ:JOUT,0.049902571237959895
2020-07-14,17,AR1 alpha + Enhanced + One-Step,NASDAQ:JOUT,0.04990243658747123
2020-07-15,17,AR1 alpha + Enhanced + One-Step,NASDAQ:JOUT,0.046167177089618164
2020-07-16,17,AR1 alpha + Enhanced + One-Step,NASDAQ:JOUT,0.02116889609187541
2020-07-17,17,AR1 alpha + Enhanced + One-Step,NASDAQ:JOUT,1.0810917365571785e-09
2020-07-20,17,AR1 alpha + Enhanced + One-Step,NASDAQ:JOUT,0.02500021546601568
2020-07-21,17,AR1 alpha + Enhanced + One-Step,NASDAQ:JOUT,0.02500026456024629
2020-07-22,17,AR1 alpha + Enhanced + One-Step,NASDAQ:JOUT,0.025000301775217983
2020-07-23,17,AR1 alpha + Enhanced + One-Step,NASDAQ:JOUT,0.02500008090078813
2020-07-24,17,AR1 alpha + Enhanced + One-Step,NASDAQ:JOUT,0.02499974649885761
2020-07-27,17,AR1 alpha + Enhanced + One-Step,NASDAQ:JOUT,0.024998468946428352
2020-07-28,17,AR1 alpha + Enhanced + One-Step,NASDAQ:JOUT,0.02071150485478506
2020-07-29,17,AR1 alpha + Enhanced + One-Step,NASDAQ:JOUT,0.0
2020-07-30,17,AR1 alpha + Enhanced + One-Step,NASDAQ:JOUT,4.458342052527528e-09
2020-07-31,17,AR1 alpha + Enhanced + One-Step,NASDAQ:JOUT,0.01412145350553065
2020-08-03,17,AR1 alpha + Enhanced + One-Step,NASDAQ:JOUT,0.014121232064803231
2020-08-04,17,AR1 alpha + Enhanced + One-Step,NASDAQ:JOUT,0.01412122686516019
2020-08-05,17,AR1 alpha + Enhanced + One-Step,NASDAQ:JOUT,0.014659004954387735
2020-08-06,17,AR1 alpha + Enhanced + One-Step,NASDAQ:JOUT,0.014658989634068547
2020-08-07,17,AR1 alpha + Enhanced + One-Step,NASDAQ:JOUT,0.01465905537889223
2020-08-10,17,AR1 alpha + Enhanced + One-Step,NASDAQ:JOUT,0.014659054510623442
2020-08-11,17,AR1 alpha + Enhanced + One-Step,NASDAQ:JOUT,0.014658701159235952
2020-08-12,17,AR1 alpha + Enhanced + One-Step,NASDAQ:JOUT,0.01465869821384114
2020-08-13,17,AR1 alpha + Enhanced + One-Step,NASDAQ:JOUT,0.011920113413804478
2020-08-14,17,AR1 alpha + Enhanced + One-Step,NASDAQ:JOUT,0.013002007644534628
2020-08-17,17,AR1 alpha + Enhanced + One-Step,NASDAQ:JOUT,0.013002095459867611
2020-08-18,17,AR1 alpha + Enhanced + One-Step,NASDAQ:JOUT,0.013001954975623634
2020-08-19,17,AR1 alpha + Enhanced + One-Step,NASDAQ:JOUT,0.007148986719930672
2020-08-20,17,AR1 alpha + Enhanced + One-Step,NASDAQ:JOUT,0.0
2020-08-21,17,AR1 alpha + Enhanced + One-Step,NASDAQ:JOUT,0.0
2020-08-24,17,AR1 alpha + Enhanced + One-Step,NASDAQ:JOUT,0.0
2020-08-25,17,AR1 alpha + Enhanced + One-Step,NASDAQ:JOUT,8.500447272248949e-08
2020-08-26,17,AR1 alpha + Enhanced + One-Step,NASDAQ:JOUT,0.0
2020-08-27,17,AR1 alpha + Enhanced + One-Step,NASDAQ:JOUT,3.8075780711200465e-09
2020-08-28,17,AR1 alpha + Enhanced + One-Step,NASDAQ:JOUT,5.518637176180296e-09
2020-08-31,17,AR1 alpha + Enhanced + One-Step,NASDAQ:JOUT,0.0
2020-09-01,17,AR1 alpha + Enhanced + One-Step,NASDAQ:JOUT,0.0
2020-09-02,17,AR1 alpha + Enhanced + One-Step,NASDAQ:JOUT,0.0
2020-09-03,17,AR1 alpha + Enhanced + One-Step,NASDAQ:JOUT,0.0
2020-09-04,17,AR1 alpha + Enhanced + One-Step,NASDAQ:JOUT,2.3870708890963344e-08
2020-09-08,17,AR1 alpha + Enhanced + One-Step,NASDAQ:JOUT,5.5306784623471985e-08
2020-09-09,17,AR1 alpha + Enhanced + One-Step,NASDAQ:JOUT,3.957055365375529e-08
2020-09-10,17,AR1 alpha + Enhanced + One-Step,NASDAQ:JOUT,0.0
2020-09-11,17,AR1 alpha + Enhanced + One-Step,NASDAQ:JOUT,3.706001368852987e-08
2020-09-14,17,AR1 alpha + Enhanced + One-Step,NASDAQ:JOUT,4.906967879482757e-07
2020-09-15,17,AR1 alpha + Enhanced + One-Step,NASDAQ:JOUT,3.006974599213066e-07
2020-09-16,17,AR1 alpha + Enhanced + One-Step,NASDAQ:JOUT,1.1660988159253225e-07
2020-09-17,17,AR1 alpha + Enhanced + One-Step,NASDAQ:JOUT,0.0
2020-09-18,17,AR1 alpha + Enhanced + One-Step,NASDAQ:JOUT,8.483807214655693e-09
2020-09-21,17,AR1 alpha + Enhanced + One-Step,NASDAQ:JOUT,0.013380806299839688
2020-09-22,17,AR1 alpha + Enhanced + One-Step,NASDAQ:JOUT,0.01338084240810665
2020-09-23,17,AR1 alpha + Enhanced + One-Step,NASDAQ:JOUT,0.01338056136074164
2020-09-24,17,AR1 alpha + Enhanced + One-Step,NASDAQ:JOUT,0.013381259355501175
2020-09-25,17,AR1 alpha + Enhanced + One-Step,NASDAQ:JOUT,0.013380560401736227
2020-09-28,17,AR1 alpha + Enhanced + One-Step,NASDAQ:JOUT,0.013380899087901724
2020-09-29,17,AR1 alpha + Enhanced + One-Step,NASDAQ:JOUT,0.013380513830362139
2020-09-30,17,AR1 alpha + Enhanced + One-Step,NASDAQ:JOUT,0.013379991004806151
2020-10-01,17,AR1 alpha + Enhanced + One-Step,NASDAQ:JOUT,0.013380298588810405
2020-10-02,17,AR1 alpha + Enhanced + One-Step,NASDAQ:JOUT,5.16796116399513e-07
2020-10-05,17,AR1 alpha + Enhanced + One-Step,NASDAQ:JOUT,6.479729579230678e-07
2020-10-06,17,AR1 alpha + Enhanced + One-Step,NASDAQ:JOUT,2.0206966897612863e-07
2020-10-07,17,AR1 alpha + Enhanced + One-Step,NASDAQ:JOUT,3.8611272093041273e-07
2020-10-08,17,AR1 alpha + Enhanced + One-Step,NASDAQ:JOUT,2.384119357656213e-07
2020-10-09,17,AR1 alpha + Enhanced + One-Step,NASDAQ:JOUT,2.9161869227426713e-07
2020-10-12,17,AR1 alpha + Enhanced + One-Step,NASDAQ:JOUT,1.6745289068921767e-07
2020-10-13,17,AR1 alpha + Enhanced + One-Step,NASDAQ:JOUT,2.579906637411543e-07
2020-10-14,17,AR1 alpha + Enhanced + One-Step,NASDAQ:JOUT,6.679131183227791e-08
2020-10-15,17,AR1 alpha + Enhanced + One-Step,NASDAQ:JOUT,0.0
2020-10-16,17,AR1 alpha + Enhanced + One-Step,NASDAQ:JOUT,0.0
2020-10-19,17,AR1 alpha + Enhanced + One-Step,NASDAQ:JOUT,0.0
2020-10-20,17,AR1 alpha + Enhanced + One-Step,NASDAQ:JOUT,0.0
2020-10-21,17,AR1 alpha + Enhanced + One-Step,NASDAQ:JOUT,2.707033782466857e-07
2020-10-22,17,AR1 alpha + Enhanced + One-Step,NASDAQ:JOUT,0.0
2020-10-23,17,AR1 alpha + Enhanced + One-Step,NASDAQ:JOUT,0.0
2020-10-26,17,AR1 alpha + Enhanced + One-Step,NASDAQ:JOUT,1.2845694679537904e-08
2020-10-27,17,AR1 alpha + Enhanced + One-Step,NASDAQ:JOUT,1.764718861948927e-07
2020-10-28,17,AR1 alpha + Enhanced + One-Step,NASDAQ:JOUT,0.0
2020-10-29,17,AR1 alpha + Enhanced + One-Step,NASDAQ:JOUT,1.2441352398692706e-07
2020-10-30,17,AR1 alpha + Enhanced + One-Step,NASDAQ:JOUT,0.0
2020-11-02,17,AR1 alpha + Enhanced + One-Step,NASDAQ:JOUT,4.249761817934834e-07
2020-11-03,17,AR1 alpha + Enhanced + One-Step,NASDAQ:JOUT,2.1475115496890944e-07
2020-11-04,17,AR1 alpha + Enhanced + One-Step,NASDAQ:JOUT,2.983175818841297e-06
2020-11-05,17,AR1 alpha + Enhanced + One-Step,NASDAQ:JOUT,2.9975707660374058e-06
2020-11-06,17,AR1 alpha + Enhanced + One-Step,NASDAQ:JOUT,2.8630671866985306e-06
2020-11-09,17,AR1 alpha + Enhanced + One-Step,NASDAQ:JOUT,1.271361449445134e-06
2020-11-10,17,AR1 alpha + Enhanced + One-Step,NASDAQ:JOUT,1.2403913512631199e-06
2020-11-11,17,AR1 alpha + Enhanced + One-Step,NASDAQ:JOUT,8.586023977929777e-07
2020-11-12,17,AR1 alpha + Enhanced + One-Step,NASDAQ:JOUT,2.4879974372436704e-07
2020-11-13,17,AR1 alpha + Enhanced + One-Step,NASDAQ:JOUT,1.4828681721279935e-07
2020-11-16,17,AR1 alpha + Enhanced + One-Step,NASDAQ:JOUT,8.078735927162848e-08
2020-11-17,17,AR1 alpha + Enhanced + One-Step,NASDAQ:JOUT,1.252761997439433e-07
2020-11-18,17,AR1 alpha + Enhanced + One-Step,NASDAQ:JOUT,1.528534532906016e-09
2020-11-19,17,AR1 alpha + Enhanced + One-Step,NASDAQ:JOUT,0.0
2020-11-20,17,AR1 alpha + Enhanced + One-Step,NASDAQ:JOUT,0.0
2020-11-23,17,AR1 alpha + Enhanced + One-Step,NASDAQ:JOUT,1.6166064513956916e-07
2020-11-24,17,AR1 alpha + Enhanced + One-Step,NASDAQ:JOUT,0.0
2020-11-25,17,AR1 alpha + Enhanced + One-Step,NASDAQ:JOUT,6.729852197125613e-08
2020-11-27,17,AR1 alpha + Enhanced + One-Step,NASDAQ:JOUT,0.0
2020-11-30,17,AR1 alpha + Enhanced + One-Step,NASDAQ:JOUT,0.0
2020-12-01,17,AR1 alpha + Enhanced + One-Step,NASDAQ:JOUT,1.2640929674059332e-07
2020-12-04,17,AR1 alpha + Enhanced + One-Step,NASDAQ:JOUT,9.312493259354662e-08
2020-12-07,17,AR1 alpha + Enhanced + One-Step,NASDAQ:JOUT,0.0
2020-12-08,17,AR1 alpha + Enhanced + One-Step,NASDAQ:JOUT,6.678660085770435e-08
2020-12-09,17,AR1 alpha + Enhanced + One-Step,NASDAQ:JOUT,0.0
2020-12-10,17,AR1 alpha + Enhanced + One-Step,NASDAQ:JOUT,1.1046419766960877e-07
2020-12-11,17,AR1 alpha + Enhanced + One-Step,NASDAQ:JOUT,0.0
2020-12-14,17,AR1 alpha + Enhanced + One-Step,NASDAQ:JOUT,0.0
2020-12-15,17,AR1 alpha + Enhanced + One-Step,NASDAQ:JOUT,0.0
2020-12-16,17,AR1 alpha + Enhanced + One-Step,NASDAQ:JOUT,0.0
2020-12-17,17,AR1 alpha + Enhanced + One-Step,NASDAQ:JOUT,0.0
2020-12-18,17,AR1 alpha + Enhanced + One-Step,NASDAQ:JOUT,1.5369184824512758e-06
2020-12-21,17,AR1 alpha + Enhanced + One-Step,NASDAQ:JOUT,1.4852725136254118e-06
2020-12-22,17,AR1 alpha + Enhanced + One-Step,NASDAQ:JOUT,7.693182817453313e-07
2020-12-23,17,AR1 alpha + Enhanced + One-Step,NASDAQ:JOUT,0.0
2020-12-24,17,AR1 alpha + Enhanced + One-Step,NASDAQ:JOUT,0.0
2020-12-28,17,AR1 alpha + Enhanced + One-Step,NASDAQ:JOUT,0.0
2020-12-29,17,AR1 alpha + Enhanced + One-Step,NASDAQ:JOUT,0.0
2020-12-30,17,AR1 alpha + Enhanced + One-Step,NASDAQ:JOUT,0.0
2020-12-31,17,AR1 alpha + Enhanced + One-Step,NASDAQ:JOUT,0.0
2021-01-04,17,AR1 alpha + Enhanced + One-Step,NASDAQ:JOUT,7.566964665074272e-09
2021-01-05,17,AR1 alpha + Enhanced + One-Step,NASDAQ:JOUT,8.520158309701211e-09
2021-01-06,17,AR1 alpha + Enhanced + One-Step,NASDAQ:JOUT,1.3405776622526805e-09
2021-01-07,17,AR1 alpha + Enhanced + One-Step,NASDAQ:JOUT,0.0
2021-01-08,17,AR1 alpha + Enhanced + One-Step,NASDAQ:JOUT,0.0
2021-01-11,17,AR1 alpha + Enhanced + One-Step,NASDAQ:JOUT,0.0
2021-01-12,17,AR1 alpha + Enhanced + One-Step,NASDAQ:JOUT,0.0
2021-01-13,17,AR1 alpha + Enhanced + One-Step,NASDAQ:JOUT,4.996038713370885e-08
2021-01-14,17,AR1 alpha + Enhanced + One-Step,NASDAQ:JOUT,1.429699337848838e-07
2021-01-15,17,AR1 alpha + Enhanced + One-Step,NASDAQ:JOUT,0.020948812245442632
2021-01-19,17,AR1 alpha + Enhanced + One-Step,NASDAQ:JOUT,0.01718999276296451
2021-01-20,17,AR1 alpha + Enhanced + One-Step,NASDAQ:JOUT,0.01719010858581121
2021-01-21,17,AR1 alpha + Enhanced + One-Step,NASDAQ:JOUT,0.014482305650311045
2021-01-22,17,AR1 alpha + Enhanced + One-Step,NASDAQ:JOUT,0.0
2021-01-25,17,AR1 alpha + Enhanced + One-Step,NASDAQ:JOUT,7.340197937843857e-07
2021-01-26,17,AR1 alpha + Enhanced + One-Step,NASDAQ:JOUT,0.00889530482224929
2021-01-27,17,AR1 alpha + Enhanced + One-Step,NASDAQ:JOUT,0.008895323680886542
2021-01-28,17,AR1 alpha + Enhanced + One-Step,NASDAQ:JOUT,0.008895727797735623
2021-01-29,17,AR1 alpha + Enhanced + One-Step,NASDAQ:JOUT,0.008895514783548312
2021-02-01,17,AR1 alpha + Enhanced + One-Step,NASDAQ:JOUT,0.008895466867073406
2021-02-02,17,AR1 alpha + Enhanced + One-Step,NASDAQ:JOUT,0.008895486699522623
2021-02-03,17,AR1 alpha + Enhanced + One-Step,NASDAQ:JOUT,0.008894068793130086
2021-02-04,17,AR1 alpha + Enhanced + One-Step,NASDAQ:JOUT,0.0
2021-02-05,17,AR1 alpha + Enhanced + One-Step,NASDAQ:JOUT,0.0
2021-02-08,17,AR1 alpha + Enhanced + One-Step,NASDAQ:JOUT,3.329762870146203e-07
2021-02-09,17,AR1 alpha + Enhanced + One-Step,NASDAQ:JOUT,8.34397883886631e-09
2021-02-10,17,AR1 alpha + Enhanced + One-Step,NASDAQ:JOUT,2.9676546052246535e-07
2021-02-11,17,AR1 alpha + Enhanced + One-Step,NASDAQ:JOUT,2.724531420467022e-07
2021-02-12,17,AR1 alpha + Enhanced + One-Step,NASDAQ:JOUT,1.3973438694052982e-07
2021-02-16,17,AR1 alpha + Enhanced + One-Step,NASDAQ:JOUT,4.4386451089225074e-08
2021-02-17,17,AR1 alpha + Enhanced + One-Step,NASDAQ:JOUT,1.5301866695332302e-07
2021-02-18,17,AR1 alpha + Enhanced + One-Step,NASDAQ:JOUT,1.410939318712079e-07
2021-02-19,17,AR1 alpha + Enhanced + One-Step,NASDAQ:JOUT,0.0
2021-02-22,17,AR1 alpha + Enhanced + One-Step,NASDAQ:JOUT,1.122846518802313e-06
2021-02-23,17,AR1 alpha + Enhanced + One-Step,NASDAQ:JOUT,1.3858573391844656e-06
2021-02-24,17,AR1 alpha + Enhanced + One-Step,NASDAQ:JOUT,9.438894411944773e-07
2021-02-25,17,AR1 alpha + Enhanced + One-Step,NASDAQ:JOUT,0.0
2021-02-26,17,AR1 alpha + Enhanced + One-Step,NASDAQ:JOUT,0.0
2021-03-01,17,AR1 alpha + Enhanced + One-Step,NASDAQ:JOUT,1.0980495446684217e-07
2021-03-02,17,AR1 alpha + Enhanced + One-Step,NASDAQ:JOUT,0.0
2021-03-03,17,AR1 alpha + Enhanced + One-Step,NASDAQ:JOUT,0.0
2021-03-04,17,AR1 alpha + Enhanced + One-Step,NASDAQ:JOUT,0.0
2021-03-05,17,AR1 alpha + Enhanced + One-Step,NASDAQ:JOUT,0.0
2021-03-08,17,AR1 alpha + Enhanced + One-Step,NASDAQ:JOUT,0.0
2021-03-09,17,AR1 alpha + Enhanced + One-Step,NASDAQ:JOUT,0.0
2021-03-10,17,AR1 alpha + Enhanced + One-Step,NASDAQ:JOUT,1.2071100777971248e-06
2021-03-11,17,AR1 alpha + Enhanced + One-Step,NASDAQ:JOUT,2.2312590111783848e-07
2021-03-12,17,AR1 alpha + Enhanced + One-Step,NASDAQ:JOUT,6.777953806696809e-08
2021-03-15,17,AR1 alpha + Enhanced + One-Step,NASDAQ:JOUT,1.5997074473504145e-06
2021-03-16,17,AR1 alpha + Enhanced + One-Step,NASDAQ:JOUT,1.1098189300978588e-06
2021-03-17,17,AR1 alpha + Enhanced + One-Step,NASDAQ:JOUT,2.560556263294163e-07
2021-03-18,17,AR1 alpha + Enhanced + One-Step,NASDAQ:JOUT,0.004346755549880324
2021-03-19,17,AR1 alpha + Enhanced + One-Step,NASDAQ:JOUT,0.00437961161522709
2021-03-22,17,AR1 alpha + Enhanced + One-Step,NASDAQ:JOUT,0.029389334227488916
2021-03-23,17,AR1 alpha + Enhanced + One-Step,NASDAQ:JOUT,0.049165940221597544
2021-03-24,17,AR1 alpha + Enhanced + One-Step,NASDAQ:JOUT,0.06827314120071175
2021-03-25,17,AR1 alpha + Enhanced + One-Step,NASDAQ:JOUT,0.09327294043495239
2021-03-26,17,AR1 alpha + Enhanced + One-Step,NASDAQ:JOUT,0.09327323086389987
2021-03-29,17,AR1 alpha + Enhanced + One-Step,NASDAQ:JOUT,0.09385716370376716
2021-03-30,17,AR1 alpha + Enhanced + One-Step,NASDAQ:JOUT,0.09385713882684858
2021-03-31,17,AR1 alpha + Enhanced + One-Step,NASDAQ:JOUT,0.0938557227347113
2021-04-01,17,AR1 alpha + Enhanced + One-Step,NASDAQ:JOUT,0.09385670224801392
2021-04-05,17,AR1 alpha + Enhanced + One-Step,NASDAQ:JOUT,0.07761666572301584
2021-04-06,17,AR1 alpha + Enhanced + One-Step,NASDAQ:JOUT,0.07478873876757336
2021-04-07,17,AR1 alpha + Enhanced + One-Step,NASDAQ:JOUT,0.07478628045732845
2021-04-08,17,AR1 alpha + Enhanced + One-Step,NASDAQ:JOUT,0.07478341594157831
2021-04-09,17,AR1 alpha + Enhanced + One-Step,NASDAQ:JOUT,0.07308551530800576
2021-04-12,17,AR1 alpha + Enhanced + One-Step,NASDAQ:JOUT,0.053810438938285396
2021-04-13,17,AR1 alpha + Enhanced + One-Step,NASDAQ:JOUT,0.053806149046601484
2021-04-14,17,AR1 alpha + Enhanced + One-Step,NASDAQ:JOUT,0.05380379524775249
2021-04-15,17,AR1 alpha + Enhanced + One-Step,NASDAQ:JOUT,0.05380417426752918
2021-04-16,17,AR1 alpha + Enhanced + One-Step,NASDAQ:JOUT,0.05380421254513863
2021-04-19,17,AR1 alpha + Enhanced + One-Step,NASDAQ:JOUT,0.054832455663941446
2021-04-20,17,AR1 alpha + Enhanced + One-Step,NASDAQ:JOUT,0.061320670147135395
2021-04-21,17,AR1 alpha + Enhanced + One-Step,NASDAQ:JOUT,0.07657152374562202
2021-04-22,17,AR1 alpha + Enhanced + One-Step,NASDAQ:JOUT,0.08315261917165184
2021-04-23,17,AR1 alpha + Enhanced + One-Step,NASDAQ:JOUT,0.09471844615334739
2021-04-26,17,AR1 alpha + Enhanced + One-Step,NASDAQ:JOUT,0.09999883803218966
2021-04-27,17,AR1 alpha + Enhanced + One-Step,NASDAQ:JOUT,0.09999908076530789
2021-04-28,17,AR1 alpha + Enhanced + One-Step,NASDAQ:JOUT,0.09999927537128149
2021-04-29,17,AR1 alpha + Enhanced + One-Step,NASDAQ:JOUT,0.09999945433095557
2021-04-30,17,AR1 alpha + Enhanced + One-Step,NASDAQ:JOUT,0.09999322979226201
2021-05-03,17,AR1 alpha + Enhanced + One-Step,NASDAQ:JOUT,0.09999882933924413
2021-05-04,17,AR1 alpha + Enhanced + One-Step,NASDAQ:JOUT,0.0999990787322471
2021-05-05,17,AR1 alpha + Enhanced + One-Step,NASDAQ:JOUT,0.09999934988490937
2021-05-06,17,AR1 alpha + Enhanced + One-Step,NASDAQ:JOUT,0.09999994720589728
2021-05-07,17,AR1 alpha + Enhanced + One-Step,NASDAQ:JOUT,0.10000012002728331
2021-05-10,17,AR1 alpha + Enhanced + One-Step,NASDAQ:JOUT,0.10000016181063229
2021-05-11,17,AR1 alpha + Enhanced + One-Step,NASDAQ:JOUT,0.10000012294752933
2021-05-12,17,AR1 alpha + Enhanced + One-Step,NASDAQ:JOUT,0.10000001436378181
2021-05-13,17,AR1 alpha + Enhanced + One-Step,NASDAQ:JOUT,0.09999754300774509
2021-05-14,17,AR1 alpha + Enhanced + One-Step,NASDAQ:JOUT,0.09999755718218803
2021-05-17,17,AR1 alpha + Enhanced + One-Step,NASDAQ:JOUT,0.09999681816954889
2021-05-18,17,AR1 alpha + Enhanced + One-Step,NASDAQ:JOUT,0.09999829283138177
2021-05-19,17,AR1 alpha + Enhanced + One-Step,NASDAQ:JOUT,0.09999930922890066
2021-05-20,17,AR1 alpha + Enhanced + One-Step,NASDAQ:JOUT,0.09999975068728845
2021-05-21,17,AR1 alpha + Enhanced + One-Step,NASDAQ:JOUT,0.09999980825632107
2021-05-24,17,AR1 alpha + Enhanced + One-Step,NASDAQ:JOUT,0.09999648044302349
2021-05-25,17,AR1 alpha + Enhanced + One-Step,NASDAQ:JOUT,0.09999139607279003
2021-05-26,17,AR1 alpha + Enhanced + One-Step,NASDAQ:JOUT,0.09999158401180289
2021-05-27,17,AR1 alpha + Enhanced + One-Step,NASDAQ:JOUT,0.0985225747969779
2021-05-28,17,AR1 alpha + Enhanced + One-Step,NASDAQ:JOUT,0.08760813247800382
2021-06-01,17,AR1 alpha + Enhanced + One-Step,NASDAQ:JOUT,0.06964837559685401
2021-06-02,17,AR1 alpha + Enhanced + One-Step,NASDAQ:JOUT,0.05723116013703397
2021-06-03,17,AR1 alpha + Enhanced + One-Step,NASDAQ:JOUT,0.047516332585467884
2021-06-04,17,AR1 alpha + Enhanced + One-Step,NASDAQ:JOUT,0.03230482751007319
2021-06-07,17,AR1 alpha + Enhanced + One-Step,NASDAQ:JOUT,0.00993700937736225
2021-06-08,17,AR1 alpha + Enhanced + One-Step,NASDAQ:JOUT,1.0048158415816377e-06
2021-06-09,17,AR1 alpha + Enhanced + One-Step,NASDAQ:JOUT,0.0
2021-06-10,17,AR1 alpha + Enhanced + One-Step,NASDAQ:JOUT,0.0
2021-06-11,17,AR1 alpha + Enhanced + One-Step,NASDAQ:JOUT,0.0
2021-06-14,17,AR1 alpha + Enhanced + One-Step,NASDAQ:JOUT,0.0
2021-06-15,17,AR1 alpha + Enhanced + One-Step,NASDAQ:JOUT,0.0
2021-06-16,17,AR1 alpha + Enhanced + One-Step,NASDAQ:JOUT,0.0
2021-06-17,17,AR1 alpha + Enhanced + One-Step,NASDAQ:JOUT,0.0
2021-06-18,17,AR1 alpha + Enhanced + One-Step,NASDAQ:JOUT,0.0
2021-06-21,17,AR1 alpha + Enhanced + One-Step,NASDAQ:JOUT,1.876014816250965e-07
2021-06-22,17,AR1 alpha + Enhanced + One-Step,NASDAQ:JOUT,0.0
2021-06-23,17,AR1 alpha + Enhanced + One-Step,NASDAQ:JOUT,0.0
2021-06-24,17,AR1 alpha + Enhanced + One-Step,NASDAQ:JOUT,1.1591384560450497e-06
2021-06-25,17,AR1 alpha + Enhanced + One-Step,NASDAQ:JOUT,1.371116475343612e-06
2021-06-28,17,AR1 alpha + Enhanced + One-Step,NASDAQ:JOUT,8.568429215714546e-07
2021-06-29,17,AR1 alpha + Enhanced + One-Step,NASDAQ:JOUT,1.3877212933367808e-09
2021-06-30,17,AR1 alpha + Enhanced + One-Step,NASDAQ:JOUT,0.0
2021-07-01,17,AR1 alpha + Enhanced + One-Step,NASDAQ:JOUT,0.0
2021-07-02,17,AR1 alpha + Enhanced + One-Step,NASDAQ:JOUT,0.0
2021-07-06,17,AR1 alpha + Enhanced + One-Step,NASDAQ:JOUT,0.0
2021-07-07,17,AR1 alpha + Enhanced + One-Step,NASDAQ:JOUT,7.639160580025323e-07
2021-07-08,17,AR1 alpha + Enhanced + One-Step,NASDAQ:JOUT,3.96843093718261e-07
2021-07-09,17,AR1 alpha + Enhanced + One-Step,NASDAQ:JOUT,0.0
2021-07-12,17,AR1 alpha + Enhanced + One-Step,NASDAQ:JOUT,0.0
2021-07-13,17,AR1 alpha + Enhanced + One-Step,NASDAQ:JOUT,0.0
2021-07-14,17,AR1 alpha + Enhanced + One-Step,NASDAQ:JOUT,0.0
2021-07-15,17,AR1 alpha + Enhanced + One-Step,NASDAQ:JOUT,0.0
2021-07-16,17,AR1 alpha + Enhanced + One-Step,NASDAQ:JOUT,0.0
2021-07-19,17,AR1 alpha + Enhanced + One-Step,NASDAQ:JOUT,0.0
2021-07-20,17,AR1 alpha + Enhanced + One-Step,NASDAQ:JOUT,0.0
2021-07-21,17,AR1 alpha + Enhanced + One-Step,NASDAQ:JOUT,2.628996687627268e-07
2021-07-22,17,AR1 alpha + Enhanced + One-Step,NASDAQ:JOUT,0.0
2021-07-23,17,AR1 alpha + Enhanced + One-Step,NASDAQ:JOUT,0.0
2021-07-26,17,AR1 alpha + Enhanced + One-Step,NASDAQ:JOUT,0.0
2021-07-27,17,AR1 alpha + Enhanced + One-Step,NASDAQ:JOUT,0.0
2021-07-28,17,AR1 alpha + Enhanced + One-Step,NASDAQ:JOUT,0.0
2021-07-29,17,AR1 alpha + Enhanced + One-Step,NASDAQ:JOUT,0.0
2021-07-30,17,AR1 alpha + Enhanced + One-Step,NASDAQ:JOUT,0.0
2021-08-02,17,AR1 alpha + Enhanced + One-Step,NASDAQ:JOUT,0.0
2021-08-03,17,AR1 alpha + Enhanced + One-Step,NASDAQ:JOUT,0.0
2021-08-04,17,AR1 alpha + Enhanced + One-Step,NASDAQ:JOUT,0.0
2021-08-05,17,AR1 alpha + Enhanced + One-Step,NASDAQ:JOUT,0.0
2021-08-06,17,AR1 alpha + Enhanced + One-Step,NASDAQ:JOUT,0.0
2021-08-09,17,AR1 alpha + Enhanced + One-Step,NASDAQ:JOUT,1.4820713080283593e-07
2021-08-10,17,AR1 alpha + Enhanced + One-Step,NASDAQ:JOUT,5.349990579183677e-08
2021-08-11,17,AR1 alpha + Enhanced + One-Step,NASDAQ:JOUT,0.0
2021-08-12,17,AR1 alpha + Enhanced + One-Step,NASDAQ:JOUT,0.0
2021-08-13,17,AR1 alpha + Enhanced + One-Step,NASDAQ:JOUT,2.646314441366463e-07
2021-08-16,17,AR1 alpha + Enhanced + One-Step,NASDAQ:JOUT,1.7805974869226551e-06
2021-08-17,17,AR1 alpha + Enhanced + One-Step,NASDAQ:JOUT,2.497613379738132e-06
2021-08-18,17,AR1 alpha + Enhanced + One-Step,NASDAQ:JOUT,2.916687580764956e-06
2021-08-19,17,AR1 alpha + Enhanced + One-Step,NASDAQ:JOUT,2.868633921116451e-06
2021-08-20,17,AR1 alpha + Enhanced + One-Step,NASDAQ:JOUT,1.1490787469542996e-06
2021-08-23,17,AR1 alpha + Enhanced + One-Step,NASDAQ:JOUT,7.64913391610833e-07
2021-08-24,17,AR1 alpha + Enhanced + One-Step,NASDAQ:JOUT,0.0
2021-08-25,17,AR1 alpha + Enhanced + One-Step,NASDAQ:JOUT,2.6334082176791945e-08
2021-08-26,17,AR1 alpha + Enhanced + One-Step,NASDAQ:JOUT,0.0
2021-08-27,17,AR1 alpha + Enhanced + One-Step,NASDAQ:JOUT,0.0
2021-08-30,17,AR1 alpha + Enhanced + One-Step,NASDAQ:JOUT,0.0
2021-08-31,17,AR1 alpha + Enhanced + One-Step,NASDAQ:JOUT,3.5492847476590625e-08
2021-09-01,17,AR1 alpha + Enhanced + One-Step,NASDAQ:JOUT,0.0
2021-09-02,17,AR1 alpha + Enhanced + One-Step,NASDAQ:JOUT,0.0
2021-09-03,17,AR1 alpha + Enhanced + One-Step,NASDAQ:JOUT,2.8729313374004814e-07
2021-09-07,17,AR1 alpha + Enhanced + One-Step,NASDAQ:JOUT,0.0
2021-09-08,17,AR1 alpha + Enhanced + One-Step,NASDAQ:JOUT,5.266804169165023e-09
2021-09-09,17,AR1 alpha + Enhanced + One-Step,NASDAQ:JOUT,0.0
2021-09-10,17,AR1 alpha + Enhanced + One-Step,NASDAQ:JOUT,0.0
2021-09-13,17,AR1 alpha + Enhanced + One-Step,NASDAQ:JOUT,4.1417807943112065e-07
2021-09-14,17,AR1 alpha + Enhanced + One-Step,NASDAQ:JOUT,1.6181053492918855e-07
2021-09-15,17,AR1 alpha + Enhanced + One-Step,NASDAQ:JOUT,0.0
2021-09-16,17,AR1 alpha + Enhanced + One-Step,NASDAQ:JOUT,0.0
2021-09-17,17,AR1 alpha + Enhanced + One-Step,NASDAQ:JOUT,0.0
2021-09-20,17,AR1 alpha + Enhanced + One-Step,NASDAQ:JOUT,0.0
2021-09-21,17,AR1 alpha + Enhanced + One-Step,NASDAQ:JOUT,0.0
2021-09-22,17,AR1 alpha + Enhanced + One-Step,NASDAQ:JOUT,0.0
2021-09-23,17,AR1 alpha + Enhanced + One-Step,NASDAQ:JOUT,5.697503822829454e-07
2021-09-24,17,AR1 alpha + Enhanced + One-Step,NASDAQ:JOUT,3.417377715011952e-07
2021-09-27,17,AR1 alpha + Enhanced + One-Step,NASDAQ:JOUT,1.9409433927054447e-07
2021-09-28,17,AR1 alpha + Enhanced + One-Step,NASDAQ:JOUT,3.732785556135569e-08
2021-09-29,17,AR1 alpha + Enhanced + One-Step,NASDAQ:JOUT,4.123838888421792e-07
2021-09-30,17,AR1 alpha + Enhanced + One-Step,NASDAQ:JOUT,2.5432974011839444e-07
2021-10-01,17,AR1 alpha + Enhanced + One-Step,NASDAQ:JOUT,2.0523460663407745e-07
2021-10-04,17,AR1 alpha + Enhanced + One-Step,NASDAQ:JOUT,1.9168863686747452e-07
2021-10-05,17,AR1 alpha + Enhanced + One-Step,NASDAQ:JOUT,0.0
2021-10-06,17,AR1 alpha + Enhanced + One-Step,NASDAQ:JOUT,0.0
2021-10-07,17,AR1 alpha + Enhanced + One-Step,NASDAQ:JOUT,0.0
2021-10-08,17,AR1 alpha + Enhanced + One-Step,NASDAQ:JOUT,0.0
2021-10-11,17,AR1 alpha + Enhanced + One-Step,NASDAQ:JOUT,0.0
2021-10-12,17,AR1 alpha + Enhanced + One-Step,NASDAQ:JOUT,2.3483913831146661e-07
2021-10-13,17,AR1 alpha + Enhanced + One-Step,NASDAQ:JOUT,1.998957831117494e-07
2021-10-14,17,AR1 alpha + Enhanced + One-Step,NASDAQ:JOUT,0.0
2021-10-15,17,AR1 alpha + Enhanced + One-Step,NASDAQ:JOUT,0.0
2021-10-18,17,AR1 alpha + Enhanced + One-Step,NASDAQ:JOUT,0.0
2021-10-19,17,AR1 alpha + Enhanced + One-Step,NASDAQ:JOUT,0.0
2021-10-20,17,AR1 alpha + Enhanced + One-Step,NASDAQ:JOUT,2.587338727095395e-07
2021-10-21,17,AR1 alpha + Enhanced + One-Step,NASDAQ:JOUT,2.0413212219111375e-07
2021-10-22,17,AR1 alpha + Enhanced + One-Step,NASDAQ:JOUT,0.0
2021-10-25,17,AR1 alpha + Enhanced + One-Step,NASDAQ:JOUT,0.0
2021-10-26,17,AR1 alpha + Enhanced + One-Step,NASDAQ:JOUT,0.0
2021-10-27,17,AR1 alpha + Enhanced + One-Step,NASDAQ:JOUT,0.0
2021-10-28,17,AR1 alpha + Enhanced + One-Step,NASDAQ:JOUT,6.782973310315915e-08
2021-10-29,17,AR1 alpha + Enhanced + One-Step,NASDAQ:JOUT,0.0
2021-11-01,17,AR1 alpha + Enhanced + One-Step,NASDAQ:JOUT,0.0
2021-11-02,17,AR1 alpha + Enhanced + One-Step,NASDAQ:JOUT,0.0
2021-11-03,17,AR1 alpha + Enhanced + One-Step,NASDAQ:JOUT,1.1936287569297868e-06
2021-11-04,17,AR1 alpha + Enhanced + One-Step,NASDAQ:JOUT,9.373035906497497e-07
2021-11-05,17,AR1 alpha + Enhanced + One-Step,NASDAQ:JOUT,5.20441655359127e-07
2021-11-08,17,AR1 alpha + Enhanced + One-Step,NASDAQ:JOUT,4.418870340712626e-08
2021-11-09,17,AR1 alpha + Enhanced + One-Step,NASDAQ:JOUT,7.772116885704051e-08
2021-11-10,17,AR1 alpha + Enhanced + One-Step,NASDAQ:JOUT,9.41395398398503e-07
2021-11-11,17,AR1 alpha + Enhanced + One-Step,NASDAQ:JOUT,6.528180039548986e-07
2021-11-12,17,AR1 alpha + Enhanced + One-Step,NASDAQ:JOUT,5.781202647057299e-07
2021-11-15,17,AR1 alpha + Enhanced + One-Step,NASDAQ:JOUT,8.849640175323232e-07
2021-11-16,17,AR1 alpha + Enhanced + One-Step,NASDAQ:JOUT,0.0
2021-11-17,17,AR1 alpha + Enhanced + One-Step,NASDAQ:JOUT,0.0
2021-11-18,17,AR1 alpha + Enhanced + One-Step,NASDAQ:JOUT,0.0
2021-11-19,17,AR1 alpha + Enhanced + One-Step,NASDAQ:JOUT,2.473281300335499e-07
2021-11-22,17,AR1 alpha + Enhanced + One-Step,NASDAQ:JOUT,3.7143418403766234e-07
2021-11-23,17,AR1 alpha + Enhanced + One-Step,NASDAQ:JOUT,0.0
2021-11-24,17,AR1 alpha + Enhanced + One-Step,NASDAQ:JOUT,0.0
2021-11-26,17,AR1 alpha + Enhanced + One-Step,NASDAQ:JOUT,0.0
2021-11-29,17,AR1 alpha + Enhanced + One-Step,NASDAQ:JOUT,0.0
2021-11-30,17,AR1 alpha + Enhanced + One-Step,NASDAQ:JOUT,0.0
2021-12-01,17,AR1 alpha + Enhanced + One-Step,NASDAQ:JOUT,0.0
2021-12-02,17,AR1 alpha + Enhanced + One-Step,NASDAQ:JOUT,0.0
2021-12-03,17,AR1 alpha + Enhanced + One-Step,NASDAQ:JOUT,0.0
2021-12-06,17,AR1 alpha + Enhanced + One-Step,NASDAQ:JOUT,3.961406929610238e-08
2021-12-07,17,AR1 alpha + Enhanced + One-Step,NASDAQ:JOUT,9.541128910855881e-09
2021-12-08,17,AR1 alpha + Enhanced + One-Step,NASDAQ:JOUT,0.0
2021-12-09,17,AR1 alpha + Enhanced + One-Step,NASDAQ:JOUT,0.0
2021-12-10,17,AR1 alpha + Enhanced + One-Step,NASDAQ:JOUT,0.0
2021-12-13,17,AR1 alpha + Enhanced + One-Step,NASDAQ:JOUT,0.0
2021-12-14,17,AR1 alpha + Enhanced + One-Step,NASDAQ:JOUT,0.0
2021-12-15,17,AR1 alpha + Enhanced + One-Step,NASDAQ:JOUT,4.2670141227274537e-07
2021-12-16,17,AR1 alpha + Enhanced + One-Step,NASDAQ:JOUT,3.720971953997335e-07
2021-12-17,17,AR1 alpha + Enhanced + One-Step,NASDAQ:JOUT,1.2010439073616977e-07
2021-12-20,17,AR1 alpha + Enhanced + One-Step,NASDAQ:JOUT,0.0
2021-12-21,17,AR1 alpha + Enhanced + One-Step,NASDAQ:JOUT,1.924936940744152e-07
2021-12-22,17,AR1 alpha + Enhanced + One-Step,NASDAQ:JOUT,4.762620968658844e-08
2021-12-23,17,AR1 alpha + Enhanced + One-Step,NASDAQ:JOUT,4.3154488610556445e-07
2021-12-27,17,AR1 alpha + Enhanced + One-Step,NASDAQ:JOUT,3.922666787148376e-07
2021-12-28,17,AR1 alpha + Enhanced + One-Step,NASDAQ:JOUT,3.3650150229747434e-07
2021-12-29,17,AR1 alpha + Enhanced + One-Step,NASDAQ:JOUT,7.970411573462217e-07
2021-12-30,17,AR1 alpha + Enhanced + One-Step,NASDAQ:JOUT,0.0
2021-12-31,17,AR1 alpha + Enhanced + One-Step,NASDAQ:JOUT,0.0
2022-01-03,17,AR1 alpha + Enhanced + One-Step,NASDAQ:JOUT,2.2428793144892343e-07
2022-01-04,17,AR1 alpha + Enhanced + One-Step,NASDAQ:JOUT,2.2625882529688898e-07
2022-01-05,17,AR1 alpha + Enhanced + One-Step,NASDAQ:JOUT,1.4901661571322225e-07
2022-01-06,17,AR1 alpha + Enhanced + One-Step,NASDAQ:JOUT,1.378138703777595e-07
2022-01-07,17,AR1 alpha + Enhanced + One-Step,NASDAQ:JOUT,1.7108114736232724e-07
2022-01-10,17,AR1 alpha + Enhanced + One-Step,NASDAQ:JOUT,1.2641301895580912e-07
2022-01-11,17,AR1 alpha + Enhanced + One-Step,NASDAQ:JOUT,7.036984067486321e-08
2022-01-12,17,AR1 alpha + Enhanced + One-Step,NASDAQ:JOUT,0.0
2022-01-13,17,AR1 alpha + Enhanced + One-Step,NASDAQ:JOUT,0.0
2022-01-14,17,AR1 alpha + Enhanced + One-Step,NASDAQ:JOUT,0.0
2022-01-18,17,AR1 alpha + Enhanced + One-Step,NASDAQ:JOUT,1.3928522055879436e-07
2022-01-19,17,AR1 alpha + Enhanced + One-Step,NASDAQ:JOUT,0.0
2022-01-20,17,AR1 alpha + Enhanced + One-Step,NASDAQ:JOUT,5.3821619766162514e-08
2022-01-21,17,AR1 alpha + Enhanced + One-Step,NASDAQ:JOUT,0.0
2022-01-24,17,AR1 alpha + Enhanced + One-Step,NASDAQ:JOUT,0.0
2022-01-25,17,AR1 alpha + Enhanced + One-Step,NASDAQ:JOUT,1.3143601767669078e-07
2022-01-26,17,AR1 alpha + Enhanced + One-Step,NASDAQ:JOUT,1.919269948943035e-07
2022-01-27,17,AR1 alpha + Enhanced + One-Step,NASDAQ:JOUT,2.9436456437561415e-07
2022-01-28,17,AR1 alpha + Enhanced + One-Step,NASDAQ:JOUT,1.818635911407345e-07
2022-01-31,17,AR1 alpha + Enhanced + One-Step,NASDAQ:JOUT,6.687518260796246e-07
2022-02-01,17,AR1 alpha + Enhanced + One-Step,NASDAQ:JOUT,5.120548055488215e-07
2022-02-02,17,AR1 alpha + Enhanced + One-Step,NASDAQ:JOUT,3.690648948249477e-07
2022-02-03,17,AR1 alpha + Enhanced + One-Step,NASDAQ:JOUT,2.7461792733714193e-07
2022-02-04,17,AR1 alpha + Enhanced + One-Step,NASDAQ:JOUT,2.3227707254520946e-07
2022-02-07,17,AR1 alpha + Enhanced + One-Step,NASDAQ:JOUT,1.3060358737459683e-07
2022-02-08,17,AR1 alpha + Enhanced + One-Step,NASDAQ:JOUT,1.0996544827346999e-07
2022-02-09,17,AR1 alpha + Enhanced + One-Step,NASDAQ:JOUT,1.4261370916734508e-07
2022-02-10,17,AR1 alpha + Enhanced + One-Step,NASDAQ:JOUT,8.556610131582943e-08
2022-02-11,17,AR1 alpha + Enhanced + One-Step,NASDAQ:JOUT,6.362028511561987e-07
2022-02-14,17,AR1 alpha + Enhanced + One-Step,NASDAQ:JOUT,0.0
2022-02-15,17,AR1 alpha + Enhanced + One-Step,NASDAQ:JOUT,4.568317294941234e-09
2022-02-16,17,AR1 alpha + Enhanced + One-Step,NASDAQ:JOUT,0.0
2022-02-17,17,AR1 alpha + Enhanced + One-Step,NASDAQ:JOUT,0.0
2022-02-18,17,AR1 alpha + Enhanced + One-Step,NASDAQ:JOUT,1.5545453910432778e-08
2022-02-22,17,AR1 alpha + Enhanced + One-Step,NASDAQ:JOUT,0.0
2022-02-23,17,AR1 alpha + Enhanced + One-Step,NASDAQ:JOUT,0.0
2022-02-24,17,AR1 alpha + Enhanced + One-Step,NASDAQ:JOUT,0.0
2022-02-25,17,AR1 alpha + Enhanced + One-Step,NASDAQ:JOUT,6.318762362144043e-08
2022-02-28,17,AR1 alpha + Enhanced + One-Step,NASDAQ:JOUT,6.197210441926285e-08
2022-03-01,17,AR1 alpha + Enhanced + One-Step,NASDAQ:JOUT,1.4645781591382625e-07
2022-03-02,17,AR1 alpha + Enhanced + One-Step,NASDAQ:JOUT,1.8883822150449716e-08
2022-03-03,17,AR1 alpha + Enhanced + One-Step,NASDAQ:JOUT,0.0
2022-03-04,17,AR1 alpha + Enhanced + One-Step,NASDAQ:JOUT,0.0
2022-03-07,17,AR1 alpha + Enhanced + One-Step,NASDAQ:JOUT,2.741765335044325e-06
2022-03-08,17,AR1 alpha + Enhanced + One-Step,NASDAQ:JOUT,2.0002149573705806e-06
2022-03-09,17,AR1 alpha + Enhanced + One-Step,NASDAQ:JOUT,0.0
2022-03-10,17,AR1 alpha + Enhanced + One-Step,NASDAQ:JOUT,9.503539335934367e-08
2022-03-11,17,AR1 alpha + Enhanced + One-Step,NASDAQ:JOUT,0.0
2022-03-14,17,AR1 alpha + Enhanced + One-Step,NASDAQ:JOUT,0.0
2022-03-15,17,AR1 alpha + Enhanced + One-Step,NASDAQ:JOUT,0.0
2022-03-16,17,AR1 alpha + Enhanced + One-Step,NASDAQ:JOUT,0.0
2022-03-17,17,AR1 alpha + Enhanced + One-Step,NASDAQ:JOUT,4.2822125878945484e-08
2022-03-18,17,AR1 alpha + Enhanced + One-Step,NASDAQ:JOUT,0.0
2022-03-21,17,AR1 alpha + Enhanced + One-Step,NASDAQ:JOUT,2.466589486305097e-07
2022-03-22,17,AR1 alpha + Enhanced + One-Step,NASDAQ:JOUT,1.8624433893965398e-07
2022-03-23,17,AR1 alpha + Enhanced + One-Step,NASDAQ:JOUT,1.0335580222952639e-07
2022-03-24,17,AR1 alpha + Enhanced + One-Step,NASDAQ:JOUT,0.0
2022-03-25,17,AR1 alpha + Enhanced + One-Step,NASDAQ:JOUT,0.0
2022-03-28,17,AR1 alpha + Enhanced + One-Step,NASDAQ:JOUT,0.0
2022-03-29,17,AR1 alpha + Enhanced + One-Step,NASDAQ:JOUT,0.0
2022-03-30,17,AR1 alpha + Enhanced + One-Step,NASDAQ:JOUT,0.0
2022-03-31,17,AR1 alpha + Enhanced + One-Step,NASDAQ:JOUT,0.0
2022-04-01,17,AR1 alpha + Enhanced + One-Step,NASDAQ:JOUT,3.6992336090319725e-08
2022-04-04,17,AR1 alpha + Enhanced + One-Step,NASDAQ:JOUT,0.0
2022-04-05,17,AR1 alpha + Enhanced + One-Step,NASDAQ:JOUT,0.0
2022-04-06,17,AR1 alpha + Enhanced + One-Step,NASDAQ:JOUT,9.628896708727566e-07
2022-04-07,17,AR1 alpha + Enhanced + One-Step,NASDAQ:JOUT,3.93075145141809e-07
2022-04-08,17,AR1 alpha + Enhanced + One-Step,NASDAQ:JOUT,1.2387434245364476e-06
2022-04-11,17,AR1 alpha + Enhanced + One-Step,NASDAQ:JOUT,0.0
2022-04-12,17,AR1 alpha + Enhanced + One-Step,NASDAQ:JOUT,0.0
2022-04-13,17,AR1 alpha + Enhanced + One-Step,NASDAQ:JOUT,1.1377862236826726e-08
2022-04-14,17,AR1 alpha + Enhanced + One-Step,NASDAQ:JOUT,0.0
2022-04-18,17,AR1 alpha + Enhanced + One-Step,NASDAQ:JOUT,0.0
2022-04-19,17,AR1 alpha + Enhanced + One-Step,NASDAQ:JOUT,0.0
2022-04-20,17,AR1 alpha + Enhanced + One-Step,NASDAQ:JOUT,0.0
2022-04-21,17,AR1 alpha + Enhanced + One-Step,NASDAQ:JOUT,0.0
2022-04-22,17,AR1 alpha + Enhanced + One-Step,NASDAQ:JOUT,0.0
2022-04-25,17,AR1 alpha + Enhanced + One-Step,NASDAQ:JOUT,0.0
2022-04-26,17,AR1 alpha + Enhanced + One-Step,NASDAQ:JOUT,1.105004651104542e-07
2022-04-27,17,AR1 alpha + Enhanced + One-Step,NASDAQ:JOUT,0.0
2022-04-28,17,AR1 alpha + Enhanced + One-Step,NASDAQ:JOUT,0.0
2022-04-29,17,AR1 alpha + Enhanced + One-Step,NASDAQ:JOUT,0.0
2022-05-02,17,AR1 alpha + Enhanced + One-Step,NASDAQ:JOUT,0.0
2022-05-03,17,AR1 alpha + Enhanced + One-Step,NASDAQ:JOUT,0.0
2022-05-04,17,AR1 alpha + Enhanced + One-Step,NASDAQ:JOUT,0.0
2022-05-05,17,AR1 alpha + Enhanced + One-Step,NASDAQ:JOUT,0.0
2022-05-06,17,AR1 alpha + Enhanced + One-Step,NASDAQ:JOUT,0.0
2022-05-09,17,AR1 alpha + Enhanced + One-Step,NASDAQ:JOUT,1.4609525089699743e-07
2022-05-10,17,AR1 alpha + Enhanced + One-Step,NASDAQ:JOUT,0.0
2022-05-11,17,AR1 alpha + Enhanced + One-Step,NASDAQ:JOUT,0.0
2022-05-12,17,AR1 alpha + Enhanced + One-Step,NASDAQ:JOUT,0.0
2022-05-13,17,AR1 alpha + Enhanced + One-Step,NASDAQ:JOUT,0.0
2022-05-16,17,AR1 alpha + Enhanced + One-Step,NASDAQ:JOUT,0.0
2022-05-17,17,AR1 alpha + Enhanced + One-Step,NASDAQ:JOUT,0.0
2022-05-18,17,AR1 alpha + Enhanced + One-Step,NASDAQ:JOUT,0.0
2022-05-19,17,AR1 alpha + Enhanced + One-Step,NASDAQ:JOUT,0.0
2022-05-20,17,AR1 alpha + Enhanced + One-Step,NASDAQ:JOUT,0.0
2022-05-23,17,AR1 alpha + Enhanced + One-Step,NASDAQ:JOUT,0.0
2022-05-24,17,AR1 alpha + Enhanced + One-Step,NASDAQ:JOUT,0.0
2022-05-25,17,AR1 alpha + Enhanced + One-Step,NASDAQ:JOUT,0.0
2022-05-26,17,AR1 alpha + Enhanced + One-Step,NASDAQ:JOUT,0.0
2022-05-27,17,AR1 alpha + Enhanced + One-Step,NASDAQ:JOUT,8.400717230629323e-07
2022-05-31,17,AR1 alpha + Enhanced + One-Step,NASDAQ:JOUT,0.0
2022-06-01,17,AR1 alpha + Enhanced + One-Step,NASDAQ:JOUT,1.8165250050436545e-06
2022-06-02,17,AR1 alpha + Enhanced + One-Step,NASDAQ:JOUT,0.0
2022-06-03,17,AR1 alpha + Enhanced + One-Step,NASDAQ:JOUT,0.0
2022-06-06,17,AR1 alpha + Enhanced + One-Step,NASDAQ:JOUT,0.0
2022-06-07,17,AR1 alpha + Enhanced + One-Step,NASDAQ:JOUT,0.0
2022-06-08,17,AR1 alpha + Enhanced + One-Step,NASDAQ:JOUT,0.0
2022-06-09,17,AR1 alpha + Enhanced + One-Step,NASDAQ:JOUT,0.0
2022-06-10,17,AR1 alpha + Enhanced + One-Step,NASDAQ:JOUT,0.0
2022-06-13,17,AR1 alpha + Enhanced + One-Step,NASDAQ:JOUT,0.0
2022-06-14,17,AR1 alpha + Enhanced + One-Step,NASDAQ:JOUT,0.0
2022-06-15,17,AR1 alpha + Enhanced + One-Step,NASDAQ:JOUT,0.0
2022-06-16,17,AR1 alpha + Enhanced + One-Step,NASDAQ:JOUT,0.0
2022-06-17,17,AR1 alpha + Enhanced + One-Step,NASDAQ:JOUT,3.9596387771967444e-07
2022-06-21,17,AR1 alpha + Enhanced + One-Step,NASDAQ:JOUT,8.32352343514236e-08
2022-06-22,17,AR1 alpha + Enhanced + One-Step,NASDAQ:JOUT,8.855520219881495e-09
2022-06-23,17,AR1 alpha + Enhanced + One-Step,NASDAQ:JOUT,0.0
2022-06-24,17,AR1 alpha + Enhanced + One-Step,NASDAQ:JOUT,0.0
2022-06-27,17,AR1 alpha + Enhanced + One-Step,NASDAQ:JOUT,4.803484496540762e-08
2022-06-28,17,AR1 alpha + Enhanced + One-Step,NASDAQ:JOUT,2.6257021396829127e-08
2022-06-29,17,AR1 alpha + Enhanced + One-Step,NASDAQ:JOUT,0.0
2022-06-30,17,AR1 alpha + Enhanced + One-Step,NASDAQ:JOUT,1.7006910718282966e-07
2022-07-01,17,AR1 alpha + Enhanced + One-Step,NASDAQ:JOUT,8.441602798565509e-08
2022-07-05,17,AR1 alpha + Enhanced + One-Step,NASDAQ:JOUT,4.3890496887414724e-08
2022-07-06,17,AR1 alpha + Enhanced + One-Step,NASDAQ:JOUT,0.0
2022-07-07,17,AR1 alpha + Enhanced + One-Step,NASDAQ:JOUT,0.0
2022-07-08,17,AR1 alpha + Enhanced + One-Step,NASDAQ:JOUT,0.0
2022-07-11,17,AR1 alpha + Enhanced + One-Step,NASDAQ:JOUT,0.0
2022-07-12,17,AR1 alpha + Enhanced + One-Step,NASDAQ:JOUT,0.0
2022-07-13,17,AR1 alpha + Enhanced + One-Step,NASDAQ:JOUT,0.0
2022-07-14,17,AR1 alpha + Enhanced + One-Step,NASDAQ:JOUT,2.1041935997049758e-08
2022-07-15,17,AR1 alpha + Enhanced + One-Step,NASDAQ:JOUT,5.446492217579125e-08
2022-07-18,17,AR1 alpha + Enhanced + One-Step,NASDAQ:JOUT,0.0
2022-07-19,17,AR1 alpha + Enhanced + One-Step,NASDAQ:JOUT,0.0
2022-07-20,17,AR1 alpha + Enhanced + One-Step,NASDAQ:JOUT,0.0
2022-07-21,17,AR1 alpha + Enhanced + One-Step,NASDAQ:JOUT,0.0
2022-07-22,17,AR1 alpha + Enhanced + One-Step,NASDAQ:JOUT,0.0
2022-07-25,17,AR1 alpha + Enhanced + One-Step,NASDAQ:JOUT,4.269541901783036e-07
2022-07-26,17,AR1 alpha + Enhanced + One-Step,NASDAQ:JOUT,0.0
2022-07-27,17,AR1 alpha + Enhanced + One-Step,NASDAQ:JOUT,0.0
2022-07-28,17,AR1 alpha + Enhanced + One-Step,NASDAQ:JOUT,3.748919446640221e-09
2022-07-29,17,AR1 alpha + Enhanced + One-Step,NASDAQ:JOUT,0.0
2022-08-01,17,AR1 alpha + Enhanced + One-Step,NASDAQ:JOUT,0.0
2022-08-02,17,AR1 alpha + Enhanced + One-Step,NASDAQ:JOUT,0.0
2022-08-03,17,AR1 alpha + Enhanced + One-Step,NASDAQ:JOUT,0.0
2022-08-04,17,AR1 alpha + Enhanced + One-Step,NASDAQ:JOUT,1.3953974796667336e-07
2022-08-05,17,AR1 alpha + Enhanced + One-Step,NASDAQ:JOUT,0.0
2022-08-08,17,AR1 alpha + Enhanced + One-Step,NASDAQ:JOUT,0.0
2022-08-09,17,AR1 alpha + Enhanced + One-Step,NASDAQ:JOUT,4.910559290185359e-07
2022-08-10,17,AR1 alpha + Enhanced + One-Step,NASDAQ:JOUT,0.0
2022-08-11,17,AR1 alpha + Enhanced + One-Step,NASDAQ:JOUT,0.0
2022-08-12,17,AR1 alpha + Enhanced + One-Step,NASDAQ:JOUT,0.0
2022-08-15,17,AR1 alpha + Enhanced + One-Step,NASDAQ:JOUT,0.0
2022-08-16,17,AR1 alpha + Enhanced + One-Step,NASDAQ:JOUT,1.4653533468299203e-08
2022-08-17,17,AR1 alpha + Enhanced + One-Step,NASDAQ:JOUT,2.926842522079436e-07
2022-08-18,17,AR1 alpha + Enhanced + One-Step,NASDAQ:JOUT,0.0
2022-08-19,17,AR1 alpha + Enhanced + One-Step,NASDAQ:JOUT,0.0
2022-08-22,17,AR1 alpha + Enhanced + One-Step,NASDAQ:JOUT,0.0
2022-08-23,17,AR1 alpha + Enhanced + One-Step,NASDAQ:JOUT,0.0
2022-08-24,17,AR1 alpha + Enhanced + One-Step,NASDAQ:JOUT,0.0
2022-08-25,17,AR1 alpha + Enhanced + One-Step,NASDAQ:JOUT,0.0
2022-08-26,17,AR1 alpha + Enhanced + One-Step,NASDAQ:JOUT,0.0
2022-08-29,17,AR1 alpha + Enhanced + One-Step,NASDAQ:JOUT,6.787170463366199e-08
2022-08-30,17,AR1 alpha + Enhanced + One-Step,NASDAQ:JOUT,0.0
2022-08-31,17,AR1 alpha + Enhanced + One-Step,NASDAQ:JOUT,0.0
2022-09-01,17,AR1 alpha + Enhanced + One-Step,NASDAQ:JOUT,1.0773146768584702e-07
2022-09-02,17,AR1 alpha + Enhanced + One-Step,NASDAQ:JOUT,5.514387641831706e-08
2022-09-06,17,AR1 alpha + Enhanced + One-Step,NASDAQ:JOUT,3.853093582236108e-08
2022-09-07,17,AR1 alpha + Enhanced + One-Step,NASDAQ:JOUT,3.132611693244241e-08
2022-09-08,17,AR1 alpha + Enhanced + One-Step,NASDAQ:JOUT,1.1651543570810737e-07
2022-09-09,17,AR1 alpha + Enhanced + One-Step,NASDAQ:JOUT,0.0
2022-09-12,17,AR1 alpha + Enhanced + One-Step,NASDAQ:JOUT,0.0
2022-09-13,17,AR1 alpha + Enhanced + One-Step,NASDAQ:JOUT,3.639061273411992e-09
2022-09-14,17,AR1 alpha + Enhanced + One-Step,NASDAQ:JOUT,0.0
2022-09-15,17,AR1 alpha + Enhanced + One-Step,NASDAQ:JOUT,0.0
2022-09-16,17,AR1 alpha + Enhanced + One-Step,NASDAQ:JOUT,4.7369076692552226e-08
2022-09-19,17,AR1 alpha + Enhanced + One-Step,NASDAQ:JOUT,0.0
2022-09-20,17,AR1 alpha + Enhanced + One-Step,NASDAQ:JOUT,1.2771186078332031e-07
2022-09-21,17,AR1 alpha + Enhanced + One-Step,NASDAQ:JOUT,0.0
2022-09-22,17,AR1 alpha + Enhanced + One-Step,NASDAQ:JOUT,0.0
2022-09-23,17,AR1 alpha + Enhanced + One-Step,NASDAQ:JOUT,0.0
2022-09-26,17,AR1 alpha + Enhanced + One-Step,NASDAQ:JOUT,0.0
2022-09-27,17,AR1 alpha + Enhanced + One-Step,NASDAQ:JOUT,0.0
2022-09-28,17,AR1 alpha + Enhanced + One-Step,NASDAQ:JOUT,0.0
2022-09-29,17,AR1 alpha + Enhanced + One-Step,NASDAQ:JOUT,2.942968919012342e-07
2022-09-30,17,AR1 alpha + Enhanced + One-Step,NASDAQ:JOUT,1.0288216144439962e-07
2022-10-03,17,AR1 alpha + Enhanced + One-Step,NASDAQ:JOUT,5.645390437987961e-08
2022-10-04,17,AR1 alpha + Enhanced + One-Step,NASDAQ:JOUT,1.3221893330146998e-07
2022-10-05,17,AR1 alpha + Enhanced + One-Step,NASDAQ:JOUT,0.0
2022-10-06,17,AR1 alpha + Enhanced + One-Step,NASDAQ:JOUT,0.0
2022-10-07,17,AR1 alpha + Enhanced + One-Step,NASDAQ:JOUT,3.644144365566614e-08
2022-10-10,17,AR1 alpha + Enhanced + One-Step,NASDAQ:JOUT,0.0
2022-10-11,17,AR1 alpha + Enhanced + One-Step,NASDAQ:JOUT,0.0
2022-10-12,17,AR1 alpha + Enhanced + One-Step,NASDAQ:JOUT,0.0
2022-10-13,17,AR1 alpha + Enhanced + One-Step,NASDAQ:JOUT,1.4870823810453561e-06
2022-10-14,17,AR1 alpha + Enhanced + One-Step,NASDAQ:JOUT,7.113180333344469e-07
2022-10-17,17,AR1 alpha + Enhanced + One-Step,NASDAQ:JOUT,4.1466163692462195e-07
2022-10-18,17,AR1 alpha + Enhanced + One-Step,NASDAQ:JOUT,2.8428243013099627e-07
2022-10-19,17,AR1 alpha + Enhanced + One-Step,NASDAQ:JOUT,1.9284009815163738e-07
2022-10-20,17,AR1 alpha + Enhanced + One-Step,NASDAQ:JOUT,0.0
2022-10-21,17,AR1 alpha + Enhanced + One-Step,NASDAQ:JOUT,3.2908483166939485e-08
2022-10-24,17,AR1 alpha + Enhanced + One-Step,NASDAQ:JOUT,0.0
2022-10-25,17,AR1 alpha + Enhanced + One-Step,NASDAQ:JOUT,1.1761520717024887e-08
2022-10-26,17,AR1 alpha + Enhanced + One-Step,NASDAQ:JOUT,6.832057741997755e-08
2022-10-27,17,AR1 alpha + Enhanced + One-Step,NASDAQ:JOUT,0.0
2022-10-28,17,AR1 alpha + Enhanced + One-Step,NASDAQ:JOUT,0.0
2022-10-31,17,AR1 alpha + Enhanced + One-Step,NASDAQ:JOUT,0.0
2022-11-01,17,AR1 alpha + Enhanced + One-Step,NASDAQ:JOUT,0.0
2022-11-02,17,AR1 alpha + Enhanced + One-Step,NASDAQ:JOUT,3.610601377867559e-08
2022-11-03,17,AR1 alpha + Enhanced + One-Step,NASDAQ:JOUT,1.5152973680458653e-06
2022-11-04,17,AR1 alpha + Enhanced + One-Step,NASDAQ:JOUT,6.864040942360196e-07
2022-11-07,17,AR1 alpha + Enhanced + One-Step,NASDAQ:JOUT,0.0
2022-11-08,17,AR1 alpha + Enhanced + One-Step,NASDAQ:JOUT,6.933568176260058e-08
2022-11-09,17,AR1 alpha + Enhanced + One-Step,NASDAQ:JOUT,0.0
2022-11-10,17,AR1 alpha + Enhanced + One-Step,NASDAQ:JOUT,5.954358986084769e-09
2022-11-11,17,AR1 alpha + Enhanced + One-Step,NASDAQ:JOUT,0.0
2022-11-14,17,AR1 alpha + Enhanced + One-Step,NASDAQ:JOUT,0.0
2022-11-15,17,AR1 alpha + Enhanced + One-Step,NASDAQ:JOUT,1.779467481314657e-08
2022-11-16,17,AR1 alpha + Enhanced + One-Step,NASDAQ:JOUT,0.0
2022-11-17,17,AR1 alpha + Enhanced + One-Step,NASDAQ:JOUT,1.744793213752903e-10
2022-11-18,17,AR1 alpha + Enhanced + One-Step,NASDAQ:JOUT,2.9783225939019764e-08
2022-11-21,17,AR1 alpha + Enhanced + One-Step,NASDAQ:JOUT,0.0
2022-11-22,17,AR1 alpha + Enhanced + One-Step,NASDAQ:JOUT,0.0
2022-11-23,17,AR1 alpha + Enhanced + One-Step,NASDAQ:JOUT,3.391008625938509e-07
2022-11-25,17,AR1 alpha + Enhanced + One-Step,NASDAQ:JOUT,3.620601945387152e-07
2022-11-28,17,AR1 alpha + Enhanced + One-Step,NASDAQ:JOUT,2.806068444925344e-07
2022-11-29,17,AR1 alpha + Enhanced + One-Step,NASDAQ:JOUT,1.882281838307479e-07
2022-11-30,17,AR1 alpha + Enhanced + One-Step,NASDAQ:JOUT,1.2314578526112466e-07
2022-12-01,17,AR1 alpha + Enhanced + One-Step,NASDAQ:JOUT,0.0
2022-12-02,17,AR1 alpha + Enhanced + One-Step,NASDAQ:JOUT,3.3585250931673204e-08
2022-12-05,17,AR1 alpha + Enhanced + One-Step,NASDAQ:JOUT,0.0
2022-12-06,17,AR1 alpha + Enhanced + One-Step,NASDAQ:JOUT,0.0
2022-12-07,17,AR1 alpha + Enhanced + One-Step,NASDAQ:JOUT,0.0
2022-12-08,17,AR1 alpha + Enhanced + One-Step,NASDAQ:JOUT,0.0
2022-12-09,17,AR1 alpha + Enhanced + One-Step,NASDAQ:JOUT,0.0
2022-12-12,17,AR1 alpha + Enhanced + One-Step,NASDAQ:JOUT,0.0
2022-12-13,17,AR1 alpha + Enhanced + One-Step,NASDAQ:JOUT,0.0
2022-12-14,17,AR1 alpha + Enhanced + One-Step,NASDAQ:JOUT,0.0
2022-12-15,17,AR1 alpha + Enhanced + One-Step,NASDAQ:JOUT,0.0
2022-12-16,17,AR1 alpha + Enhanced + One-Step,NASDAQ:JOUT,0.0
2022-12-19,17,AR1 alpha + Enhanced + One-Step,NASDAQ:JOUT,0.0
2022-12-20,17,AR1 alpha + Enhanced + One-Step,NASDAQ:JOUT,0.0
2022-12-21,17,AR1 alpha + Enhanced + One-Step,NASDAQ:JOUT,1.4308267045430305e-08
2022-12-22,17,AR1 alpha + Enhanced + One-Step,NASDAQ:JOUT,8.346201741188154e-09
2022-12-23,17,AR1 alpha + Enhanced + One-Step,NASDAQ:JOUT,2.4755762710102587e-08
2022-12-27,17,AR1 alpha + Enhanced + One-Step,NASDAQ:JOUT,2.193232472432816e-08
2022-12-28,17,AR1 alpha + Enhanced + One-Step,NASDAQ:JOUT,0.0
2022-12-29,17,AR1 alpha + Enhanced + One-Step,NASDAQ:JOUT,0.0
2022-12-30,17,AR1 alpha + Enhanced + One-Step,NASDAQ:JOUT,2.337113886709952e-09
2023-01-03,17,AR1 alpha + Enhanced + One-Step,NASDAQ:JOUT,7.500195139727088e-09
2023-01-04,17,AR1 alpha + Enhanced + One-Step,NASDAQ:JOUT,0.0
2023-01-05,17,AR1 alpha + Enhanced + One-Step,NASDAQ:JOUT,3.640578687350501e-07
2023-01-06,17,AR1 alpha + Enhanced + One-Step,NASDAQ:JOUT,1.2454542571793548e-07
2023-01-09,17,AR1 alpha + Enhanced + One-Step,NASDAQ:JOUT,0.0
2023-01-10,17,AR1 alpha + Enhanced + One-Step,NASDAQ:JOUT,1.1014428297554848e-07
2023-01-11,17,AR1 alpha + Enhanced + One-Step,NASDAQ:JOUT,0.0
2023-01-12,17,AR1 alpha + Enhanced + One-Step,NASDAQ:JOUT,0.0
2023-01-13,17,AR1 alpha + Enhanced + One-Step,NASDAQ:JOUT,0.0
2023-01-17,17,AR1 alpha + Enhanced + One-Step,NASDAQ:JOUT,0.0
2023-01-18,17,AR1 alpha + Enhanced + One-Step,NASDAQ:JOUT,2.1540011280493148e-07
2023-01-19,17,AR1 alpha + Enhanced + One-Step,NASDAQ:JOUT,0.0
2023-01-20,17,AR1 alpha + Enhanced + One-Step,NASDAQ:JOUT,0.0
2023-01-23,17,AR1 alpha + Enhanced + One-Step,NASDAQ:JOUT,0.0
2023-01-24,17,AR1 alpha + Enhanced + One-Step,NASDAQ:JOUT,1.5345627520389277e-08
2023-01-25,17,AR1 alpha + Enhanced + One-Step,NASDAQ:JOUT,1.4490157271874956e-08
2023-01-26,17,AR1 alpha + Enhanced + One-Step,NASDAQ:JOUT,0.0
2023-01-27,17,AR1 alpha + Enhanced + One-Step,NASDAQ:JOUT,0.0
2023-01-30,17,AR1 alpha + Enhanced + One-Step,NASDAQ:JOUT,4.112854849348531e-08
2023-01-31,17,AR1 alpha + Enhanced + One-Step,NASDAQ:JOUT,0.0
2023-02-01,17,AR1 alpha + Enhanced + One-Step,NASDAQ:JOUT,0.0
2023-02-02,17,AR1 alpha + Enhanced + One-Step,NASDAQ:JOUT,9.096515030434352e-07
2023-02-03,17,AR1 alpha + Enhanced + One-Step,NASDAQ:JOUT,5.877491083521673e-07
2023-02-06,17,AR1 alpha + Enhanced + One-Step,NASDAQ:JOUT,6.38060362028826e-07
2023-02-07,17,AR1 alpha + Enhanced + One-Step,NASDAQ:JOUT,2.0368852224355095e-06
2023-02-08,17,AR1 alpha + Enhanced + One-Step,NASDAQ:JOUT,1.185815663671813e-06
2023-02-09,17,AR1 alpha + Enhanced + One-Step,NASDAQ:JOUT,6.807017198837077e-07
2023-02-10,17,AR1 alpha + Enhanced + One-Step,NASDAQ:JOUT,0.0
2023-02-13,17,AR1 alpha + Enhanced + One-Step,NASDAQ:JOUT,8.961296230834074e-09
2023-02-14,17,AR1 alpha + Enhanced + One-Step,NASDAQ:JOUT,5.792244764990503e-07
2023-02-15,17,AR1 alpha + Enhanced + One-Step,NASDAQ:JOUT,3.282579510072159e-07
2023-02-16,17,AR1 alpha + Enhanced + One-Step,NASDAQ:JOUT,0.0
2023-02-17,17,AR1 alpha + Enhanced + One-Step,NASDAQ:JOUT,0.0
2023-02-21,17,AR1 alpha + Enhanced + One-Step,NASDAQ:JOUT,0.0
2023-02-22,17,AR1 alpha + Enhanced + One-Step,NASDAQ:JOUT,0.0
2023-02-23,17,AR1 alpha + Enhanced + One-Step,NASDAQ:JOUT,0.0
2023-02-24,17,AR1 alpha + Enhanced + One-Step,NASDAQ:JOUT,1.3084079446731304e-06
2023-02-27,17,AR1 alpha + Enhanced + One-Step,NASDAQ:JOUT,8.645382416494807e-07
2023-02-28,17,AR1 alpha + Enhanced + One-Step,NASDAQ:JOUT,1.1196793804005458e-06
2023-03-01,17,AR1 alpha + Enhanced + One-Step,NASDAQ:JOUT,4.844328322338986e-07
2023-03-02,17,AR1 alpha + Enhanced + One-Step,NASDAQ:JOUT,0.0
2023-03-03,17,AR1 alpha + Enhanced + One-Step,NASDAQ:JOUT,0.0
2023-03-06,17,AR1 alpha + Enhanced + One-Step,NASDAQ:JOUT,0.0
2023-03-07,17,AR1 alpha + Enhanced + One-Step,NASDAQ:JOUT,0.0
2023-03-08,17,AR1 alpha + Enhanced + One-Step,NASDAQ:JOUT,0.0
2023-03-09,17,AR1 alpha + Enhanced + One-Step,NASDAQ:JOUT,0.0
2023-03-10,17,AR1 alpha + Enhanced + One-Step,NASDAQ:JOUT,0.0
2023-03-13,17,AR1 alpha + Enhanced + One-Step,NASDAQ:JOUT,0.0
2023-03-14,17,AR1 alpha + Enhanced + One-Step,NASDAQ:JOUT,4.789133189226791e-09
2023-03-15,17,AR1 alpha + Enhanced + One-Step,NASDAQ:JOUT,0.0
2023-03-16,17,AR1 alpha + Enhanced + One-Step,NASDAQ:JOUT,5.503206416444361e-09
2023-03-17,17,AR1 alpha + Enhanced + One-Step,NASDAQ:JOUT,0.0
2023-03-20,17,AR1 alpha + Enhanced + One-Step,NASDAQ:JOUT,0.0
2023-03-21,17,AR1 alpha + Enhanced + One-Step,NASDAQ:JOUT,0.0
2023-03-22,17,AR1 alpha + Enhanced + One-Step,NASDAQ:JOUT,0.0
2023-03-23,17,AR1 alpha + Enhanced + One-Step,NASDAQ:JOUT,0.0
2023-03-24,17,AR1 alpha + Enhanced + One-Step,NASDAQ:JOUT,1.5946734547359406e-08
2023-03-27,17,AR1 alpha + Enhanced + One-Step,NASDAQ:JOUT,0.0
2023-03-28,17,AR1 alpha + Enhanced + One-Step,NASDAQ:JOUT,0.0
2023-03-29,17,AR1 alpha + Enhanced + One-Step,NASDAQ:JOUT,8.101582041592422e-09
2023-03-30,17,AR1 alpha + Enhanced + One-Step,NASDAQ:JOUT,2.150018533120036e-08
2023-03-31,17,AR1 alpha + Enhanced + One-Step,NASDAQ:JOUT,1.2590506718436677e-07
2023-04-03,17,AR1 alpha + Enhanced + One-Step,NASDAQ:JOUT,8.359606828759423e-08
2023-04-04,17,AR1 alpha + Enhanced + One-Step,NASDAQ:JOUT,5.419601525800795e-08
2023-04-05,17,AR1 alpha + Enhanced + One-Step,NASDAQ:JOUT,4.995227460382525e-08
2023-04-06,17,AR1 alpha + Enhanced + One-Step,NASDAQ:JOUT,7.416456885029685e-08
2023-04-10,17,AR1 alpha + Enhanced + One-Step,NASDAQ:JOUT,5.917220128697444e-07
2023-04-11,17,AR1 alpha + Enhanced + One-Step,NASDAQ:JOUT,0.0
2023-04-12,17,AR1 alpha + Enhanced + One-Step,NASDAQ:JOUT,0.0
2023-04-13,17,AR1 alpha + Enhanced + One-Step,NASDAQ:JOUT,0.0
2023-04-14,17,AR1 alpha + Enhanced + One-Step,NASDAQ:JOUT,5.48864163368912e-08
2023-04-17,17,AR1 alpha + Enhanced + One-Step,NASDAQ:JOUT,1.2010152077332745e-07
2023-04-18,17,AR1 alpha + Enhanced + One-Step,NASDAQ:JOUT,0.0
2023-04-19,17,AR1 alpha + Enhanced + One-Step,NASDAQ:JOUT,0.0
2023-04-20,17,AR1 alpha + Enhanced + One-Step,NASDAQ:JOUT,3.6561414445514547e-08
2023-04-21,17,AR1 alpha + Enhanced + One-Step,NASDAQ:JOUT,0.0
2023-04-24,17,AR1 alpha + Enhanced + One-Step,NASDAQ:JOUT,0.0
2023-04-25,17,AR1 alpha + Enhanced + One-Step,NASDAQ:JOUT,0.0
2023-04-26,17,AR1 alpha + Enhanced + One-Step,NASDAQ:JOUT,0.0
2023-04-27,17,AR1 alpha + Enhanced + One-Step,NASDAQ:JOUT,0.0
2023-04-28,17,AR1 alpha + Enhanced + One-Step,NASDAQ:JOUT,0.0
2023-05-01,17,AR1 alpha + Enhanced + One-Step,NASDAQ:JOUT,0.0
2023-05-02,17,AR1 alpha + Enhanced + One-Step,NASDAQ:JOUT,9.478108248418125e-08
2023-05-03,17,AR1 alpha + Enhanced + One-Step,NASDAQ:JOUT,0.0
2023-05-04,17,AR1 alpha + Enhanced + One-Step,NASDAQ:JOUT,0.0
2023-05-05,17,AR1 alpha + Enhanced + One-Step,NASDAQ:JOUT,0.0
2023-05-08,17,AR1 alpha + Enhanced + One-Step,NASDAQ:JOUT,0.0
2023-05-09,17,AR1 alpha + Enhanced + One-Step,NASDAQ:JOUT,0.0
2023-05-10,17,AR1 alpha + Enhanced + One-Step,NASDAQ:JOUT,1.1082702508773554e-07
2023-05-11,17,AR1 alpha + Enhanced + One-Step,NASDAQ:JOUT,5.226872253928035e-08
2023-05-12,17,AR1 alpha + Enhanced + One-Step,NASDAQ:JOUT,1.2279958671457692e-07
2023-05-15,17,AR1 alpha + Enhanced + One-Step,NASDAQ:JOUT,0.0
2023-05-16,17,AR1 alpha + Enhanced + One-Step,NASDAQ:JOUT,2.8628641972359303e-08
2023-05-17,17,AR1 alpha + Enhanced + One-Step,NASDAQ:JOUT,0.0
2023-05-18,17,AR1 alpha + Enhanced + One-Step,NASDAQ:JOUT,1.1274204836540724e-06
2023-05-19,17,AR1 alpha + Enhanced + One-Step,NASDAQ:JOUT,5.885235098131726e-07
2023-05-22,17,AR1 alpha + Enhanced + One-Step,NASDAQ:JOUT,5.674113771344091e-07
2023-05-23,17,AR1 alpha + Enhanced + One-Step,NASDAQ:JOUT,0.0
2023-05-24,17,AR1 alpha + Enhanced + One-Step,NASDAQ:JOUT,0.015284406091419471
2023-05-25,17,AR1 alpha + Enhanced + One-Step,NASDAQ:JOUT,0.015284206153850474
2023-05-26,17,AR1 alpha + Enhanced + One-Step,NASDAQ:JOUT,0.015283996049488612
2023-05-30,17,AR1 alpha + Enhanced + One-Step,NASDAQ:JOUT,0.015283897051849097
2023-05-31,17,AR1 alpha + Enhanced + One-Step,NASDAQ:JOUT,0.023446910263471163
2023-06-01,17,AR1 alpha + Enhanced + One-Step,NASDAQ:JOUT,0.028349381175419082
2023-06-02,17,AR1 alpha + Enhanced + One-Step,NASDAQ:JOUT,0.028348461242350822
2023-06-05,17,AR1 alpha + Enhanced + One-Step,NASDAQ:JOUT,0.028347320727542025
2023-06-06,17,AR1 alpha + Enhanced + One-Step,NASDAQ:JOUT,0.028350088649191415
2023-06-07,17,AR1 alpha + Enhanced + One-Step,NASDAQ:JOUT,0.02834988577705201
2023-06-08,17,AR1 alpha + Enhanced + One-Step,NASDAQ:JOUT,0.0283495813644977
2023-06-09,17,AR1 alpha + Enhanced + One-Step,NASDAQ:JOUT,0.012120231079759883
2023-06-12,17,AR1 alpha + Enhanced + One-Step,NASDAQ:JOUT,0.0
2023-06-13,17,AR1 alpha + Enhanced + One-Step,NASDAQ:JOUT,0.0
2023-06-14,17,AR1 alpha + Enhanced + One-Step,NASDAQ:JOUT,2.887845514106426e-07
2023-06-15,17,AR1 alpha + Enhanced + One-Step,NASDAQ:JOUT,8.968063335542806e-08
2023-06-16,17,AR1 alpha + Enhanced + One-Step,NASDAQ:JOUT,0.0
2023-06-20,17,AR1 alpha + Enhanced + One-Step,NASDAQ:JOUT,0.0
2023-06-21,17,AR1 alpha + Enhanced + One-Step,NASDAQ:JOUT,0.0
2023-06-22,17,AR1 alpha + Enhanced + One-Step,NASDAQ:JOUT,0.0
2023-06-23,17,AR1 alpha + Enhanced + One-Step,NASDAQ:JOUT,0.0
2023-06-26,17,AR1 alpha + Enhanced + One-Step,NASDAQ:JOUT,0.0
2023-06-27,17,AR1 alpha + Enhanced + One-Step,NASDAQ:JOUT,0.0
2023-06-28,17,AR1 alpha + Enhanced + One-Step,NASDAQ:JOUT,0.0
2023-06-29,17,AR1 alpha + Enhanced + One-Step,NASDAQ:JOUT,0.0
2023-06-30,17,AR1 alpha + Enhanced + One-Step,NASDAQ:JOUT,0.0
2023-07-03,17,AR1 alpha + Enhanced + One-Step,NASDAQ:JOUT,0.0
2023-07-05,17,AR1 alpha + Enhanced + One-Step,NASDAQ:JOUT,0.0
2023-07-06,17,AR1 alpha + Enhanced + One-Step,NASDAQ:JOUT,6.128310031985207e-08
2023-07-07,17,AR1 alpha + Enhanced + One-Step,NASDAQ:JOUT,2.455830336597939e-06
2023-07-10,17,AR1 alpha + Enhanced + One-Step,NASDAQ:JOUT,0.0018262297826017247
2023-07-11,17,AR1 alpha + Enhanced + One-Step,NASDAQ:JOUT,0.0018253726151135823
2023-07-12,17,AR1 alpha + Enhanced + One-Step,NASDAQ:JOUT,0.001825526634906512
2023-07-13,17,AR1 alpha + Enhanced + One-Step,NASDAQ:JOUT,0.0018240149495209522
2023-07-14,17,AR1 alpha + Enhanced + One-Step,NASDAQ:JOUT,0.0018234228500627033
2023-07-17,17,AR1 alpha + Enhanced + One-Step,NASDAQ:JOUT,0.0
2023-07-18,17,AR1 alpha + Enhanced + One-Step,NASDAQ:JOUT,3.1106747970325107e-07
2023-07-19,17,AR1 alpha + Enhanced + One-Step,NASDAQ:JOUT,0.0
2023-07-20,17,AR1 alpha + Enhanced + One-Step,NASDAQ:JOUT,0.0
2023-07-21,17,AR1 alpha + Enhanced + One-Step,NASDAQ:JOUT,0.0
2023-07-24,17,AR1 alpha + Enhanced + One-Step,NASDAQ:JOUT,0.0
2023-07-25,17,AR1 alpha + Enhanced + One-Step,NASDAQ:JOUT,0.0
2023-07-26,17,AR1 alpha + Enhanced + One-Step,NASDAQ:JOUT,0.0
2023-07-27,17,AR1 alpha + Enhanced + One-Step,NASDAQ:JOUT,0.0
2023-08-01,17,AR1 alpha + Enhanced + One-Step,NASDAQ:JOUT,0.0
2023-08-02,17,AR1 alpha + Enhanced + One-Step,NASDAQ:JOUT,0.0
2023-08-03,17,AR1 alpha + Enhanced + One-Step,NASDAQ:JOUT,8.416509613176289e-08
2023-08-04,17,AR1 alpha + Enhanced + One-Step,NASDAQ:JOUT,1.9020489519517052e-06
2023-08-07,17,AR1 alpha + Enhanced + One-Step,NASDAQ:JOUT,9.390797697135482e-07
2023-08-08,17,AR1 alpha + Enhanced + One-Step,NASDAQ:JOUT,4.880965368381753e-07
2023-08-09,17,AR1 alpha + Enhanced + One-Step,NASDAQ:JOUT,0.0
2023-08-10,17,AR1 alpha + Enhanced + One-Step,NASDAQ:JOUT,0.0
2023-08-11,17,AR1 alpha + Enhanced + One-Step,NASDAQ:JOUT,0.0
2023-08-14,17,AR1 alpha + Enhanced + One-Step,NASDAQ:JOUT,0.0
2023-08-15,17,AR1 alpha + Enhanced + One-Step,NASDAQ:JOUT,0.0
2023-08-16,17,AR1 alpha + Enhanced + One-Step,NASDAQ:JOUT,0.0
2023-08-17,17,AR1 alpha + Enhanced + One-Step,NASDAQ:JOUT,0.0
2023-08-18,17,AR1 alpha + Enhanced + One-Step,NASDAQ:JOUT,0.0
2023-08-21,17,AR1 alpha + Enhanced + One-Step,NASDAQ:JOUT,0.0
2023-08-22,17,AR1 alpha + Enhanced + One-Step,NASDAQ:JOUT,0.0
2023-08-23,17,AR1 alpha + Enhanced + One-Step,NASDAQ:JOUT,0.0
2023-08-24,17,AR1 alpha + Enhanced + One-Step,NASDAQ:JOUT,0.0
2023-08-25,17,AR1 alpha + Enhanced + One-Step,NASDAQ:JOUT,0.0
2023-08-28,17,AR1 alpha + Enhanced + One-Step,NASDAQ:JOUT,0.0
2023-08-29,17,AR1 alpha + Enhanced + One-Step,NASDAQ:JOUT,0.0
2023-08-30,17,AR1 alpha + Enhanced + One-Step,NASDAQ:JOUT,0.0
2023-08-31,17,AR1 alpha + Enhanced + One-Step,NASDAQ:JOUT,0.0
2023-09-01,17,AR1 alpha + Enhanced + One-Step,NASDAQ:JOUT,0.0
2023-09-05,17,AR1 alpha + Enhanced + One-Step,NASDAQ:JOUT,0.0
2023-09-06,17,AR1 alpha + Enhanced + One-Step,NASDAQ:JOUT,0.0
2023-09-07,17,AR1 alpha + Enhanced + One-Step,NASDAQ:JOUT,2.2937552691299438e-08
2023-09-08,17,AR1 alpha + Enhanced + One-Step,NASDAQ:JOUT,0.0
2023-09-11,17,AR1 alpha + Enhanced + One-Step,NASDAQ:JOUT,1.1581771397463024e-07
2023-09-12,17,AR1 alpha + Enhanced + One-Step,NASDAQ:JOUT,1.8534445380249312e-07
2023-09-13,17,AR1 alpha + Enhanced + One-Step,NASDAQ:JOUT,0.0
2023-09-14,17,AR1 alpha + Enhanced + One-Step,NASDAQ:JOUT,4.607947819567375e-08
2023-09-15,17,AR1 alpha + Enhanced + One-Step,NASDAQ:JOUT,2.7790743600975554e-07
2023-09-18,17,AR1 alpha + Enhanced + One-Step,NASDAQ:JOUT,2.0946676876879062e-07
2023-09-19,17,AR1 alpha + Enhanced + One-Step,NASDAQ:JOUT,1.6284514305685332e-07
2023-09-20,17,AR1 alpha + Enhanced + One-Step,NASDAQ:JOUT,1.2321516573328209e-07
2023-09-21,17,AR1 alpha + Enhanced + One-Step,NASDAQ:JOUT,1.360168109542369e-07
2023-09-22,17,AR1 alpha + Enhanced + One-Step,NASDAQ:JOUT,1.0457662095734957e-07
2023-09-25,17,AR1 alpha + Enhanced + One-Step,NASDAQ:JOUT,0.0
2023-09-26,17,AR1 alpha + Enhanced + One-Step,NASDAQ:JOUT,0.0
2023-09-27,17,AR1 alpha + Enhanced + One-Step,NASDAQ:JOUT,5.277540738475932e-09
2023-09-28,17,AR1 alpha + Enhanced + One-Step,NASDAQ:JOUT,0.0
2023-09-29,17,AR1 alpha + Enhanced + One-Step,NASDAQ:JOUT,0.0
2023-10-02,17,AR1 alpha + Enhanced + One-Step,NASDAQ:JOUT,0.0
2023-10-03,17,AR1 alpha + Enhanced + One-Step,NASDAQ:JOUT,0.0
2023-10-04,17,AR1 alpha + Enhanced + One-Step,NASDAQ:JOUT,0.0
2023-10-05,17,AR1 alpha + Enhanced + One-Step,NASDAQ:JOUT,0.0
2023-10-06,17,AR1 alpha + Enhanced + One-Step,NASDAQ:JOUT,0.0
2023-10-09,17,AR1 alpha + Enhanced + One-Step,NASDAQ:JOUT,0.0
2023-10-10,17,AR1 alpha + Enhanced + One-Step,NASDAQ:JOUT,0.0
2023-10-11,17,AR1 alpha + Enhanced + One-Step,NASDAQ:JOUT,0.0
2023-10-12,17,AR1 alpha + Enhanced + One-Step,NASDAQ:JOUT,8.02653965314196e-09
2023-10-13,17,AR1 alpha + Enhanced + One-Step,NASDAQ:JOUT,1.6736943636036472e-08
2023-10-16,17,AR1 alpha + Enhanced + One-Step,NASDAQ:JOUT,2.967203094617956e-08
2023-10-17,17,AR1 alpha + Enhanced + One-Step,NASDAQ:JOUT,0.0
2023-10-18,17,AR1 alpha + Enhanced + One-Step,NASDAQ:JOUT,1.357528482203384e-07
2023-10-19,17,AR1 alpha + Enhanced + One-Step,NASDAQ:JOUT,6.673869560792209e-08
2023-10-20,17,AR1 alpha + Enhanced + One-Step,NASDAQ:JOUT,0.0034897568108100937
2023-10-23,17,AR1 alpha + Enhanced + One-Step,NASDAQ:JOUT,0.003489505855729917
2023-10-24,17,AR1 alpha + Enhanced + One-Step,NASDAQ:JOUT,0.009481121062669786
2023-10-25,17,AR1 alpha + Enhanced + One-Step,NASDAQ:JOUT,0.009481013948221515
2023-10-26,17,AR1 alpha + Enhanced + One-Step,NASDAQ:JOUT,0.010951654792728027
2023-10-27,17,AR1 alpha + Enhanced + One-Step,NASDAQ:JOUT,0.01419125478161406
2023-10-30,17,AR1 alpha + Enhanced + One-Step,NASDAQ:JOUT,0.014191337733855345
2023-10-31,17,AR1 alpha + Enhanced + One-Step,NASDAQ:JOUT,0.018035128337794998
2023-11-01,17,AR1 alpha + Enhanced + One-Step,NASDAQ:JOUT,0.01803479628846474
2023-11-02,17,AR1 alpha + Enhanced + One-Step,NASDAQ:JOUT,0.01803644942834875
2023-11-03,17,AR1 alpha + Enhanced + One-Step,NASDAQ:JOUT,0.018036439233684032
2023-11-06,17,AR1 alpha + Enhanced + One-Step,NASDAQ:JOUT,0.01803655154493761
2023-11-07,17,AR1 alpha + Enhanced + One-Step,NASDAQ:JOUT,0.003944422761101983
2023-11-08,17,AR1 alpha + Enhanced + One-Step,NASDAQ:JOUT,0.0
2023-11-09,17,AR1 alpha + Enhanced + One-Step,NASDAQ:JOUT,5.7220708654257645e-08
2023-11-10,17,AR1 alpha + Enhanced + One-Step,NASDAQ:JOUT,0.0
2023-11-13,17,AR1 alpha + Enhanced + One-Step,NASDAQ:JOUT,1.861334679067846e-07
2023-11-14,17,AR1 alpha + Enhanced + One-Step,NASDAQ:JOUT,4.4729303407538834e-07
2023-11-15,17,AR1 alpha + Enhanced + One-Step,NASDAQ:JOUT,1.4909790879180024e-07
2023-11-16,17,AR1 alpha + Enhanced + One-Step,NASDAQ:JOUT,0.0
2023-11-17,17,AR1 alpha + Enhanced + One-Step,NASDAQ:JOUT,0.0
2023-11-20,17,AR1 alpha + Enhanced + One-Step,NASDAQ:JOUT,7.449299363387e-08
2023-11-21,17,AR1 alpha + Enhanced + One-Step,NASDAQ:JOUT,5.543408151889032e-08
2023-11-22,17,AR1 alpha + Enhanced + One-Step,NASDAQ:JOUT,8.715427857061736e-09
2023-11-24,17,AR1 alpha + Enhanced + One-Step,NASDAQ:JOUT,7.208893102265943e-09
2023-11-27,17,AR1 alpha + Enhanced + One-Step,NASDAQ:JOUT,0.0
2023-11-28,17,AR1 alpha + Enhanced + One-Step,NASDAQ:JOUT,7.08596824830949e-08
2023-11-29,17,AR1 alpha + Enhanced + One-Step,NASDAQ:JOUT,0.0
2023-11-30,17,AR1 alpha + Enhanced + One-Step,NASDAQ:JOUT,0.0
2023-12-01,17,AR1 alpha + Enhanced + One-Step,NASDAQ:JOUT,0.0
2023-12-04,17,AR1 alpha + Enhanced + One-Step,NASDAQ:JOUT,0.0
2023-12-05,17,AR1 alpha + Enhanced + One-Step,NASDAQ:JOUT,0.0
2023-12-06,17,AR1 alpha + Enhanced + One-Step,NASDAQ:JOUT,2.2555145317569658e-08
2023-12-07,17,AR1 alpha + Enhanced + One-Step,NASDAQ:JOUT,1.456712661949518e-08
2023-12-08,17,AR1 alpha + Enhanced + One-Step,NASDAQ:JOUT,0.02499964144117152
2023-12-11,17,AR1 alpha + Enhanced + One-Step,NASDAQ:JOUT,0.049949002105213074
2023-12-12,17,AR1 alpha + Enhanced + One-Step,NASDAQ:JOUT,0.0648189744716424
2023-12-13,17,AR1 alpha + Enhanced + One-Step,NASDAQ:JOUT,0.039767906896600064
2023-12-14,17,AR1 alpha + Enhanced + One-Step,NASDAQ:JOUT,0.014771962959346442
2023-12-15,17,AR1 alpha + Enhanced + One-Step,NASDAQ:JOUT,0.0
2023-12-18,17,AR1 alpha + Enhanced + One-Step,NASDAQ:JOUT,0.0
2023-12-19,17,AR1 alpha + Enhanced + One-Step,NASDAQ:JOUT,0.0
2023-12-20,17,AR1 alpha + Enhanced + One-Step,NASDAQ:JOUT,5.60088988128033e-07
2023-12-21,17,AR1 alpha + Enhanced + One-Step,NASDAQ:JOUT,3.91997508902578e-07
2023-12-22,17,AR1 alpha + Enhanced + One-Step,NASDAQ:JOUT,2.867102568304162e-07
2023-12-26,17,AR1 alpha + Enhanced + One-Step,NASDAQ:JOUT,0.0
2023-12-27,17,AR1 alpha + Enhanced + One-Step,NASDAQ:JOUT,0.0
2023-12-28,17,AR1 alpha + Enhanced + One-Step,NASDAQ:JOUT,3.961382001473226e-09
2023-12-29,17,AR1 alpha + Enhanced + One-Step,NASDAQ:JOUT,2.5740606284895426e-07
2024-01-02,17,AR1 alpha + Enhanced + One-Step,NASDAQ:JOUT,0.0
2024-01-03,17,AR1 alpha + Enhanced + One-Step,NASDAQ:JOUT,0.0
2024-01-04,17,AR1 alpha + Enhanced + One-Step,NASDAQ:JOUT,0.0
2024-01-05,17,AR1 alpha + Enhanced + One-Step,NASDAQ:JOUT,3.075004759960715e-07
2024-01-08,17,AR1 alpha + Enhanced + One-Step,NASDAQ:JOUT,5.629937381099784e-07
2024-01-09,17,AR1 alpha + Enhanced + One-Step,NASDAQ:JOUT,0.0
2024-01-10,17,AR1 alpha + Enhanced + One-Step,NASDAQ:JOUT,0.0
2024-01-11,17,AR1 alpha + Enhanced + One-Step,NASDAQ:JOUT,0.0
2024-01-12,17,AR1 alpha + Enhanced + One-Step,NASDAQ:JOUT,0.0
2024-01-16,17,AR1 alpha + Enhanced + One-Step,NASDAQ:JOUT,0.0
2024-01-17,17,AR1 alpha + Enhanced + One-Step,NASDAQ:JOUT,0.0
2024-01-18,17,AR1 alpha + Enhanced + One-Step,NASDAQ:JOUT,0.0
2024-01-19,17,AR1 alpha + Enhanced + One-Step,NASDAQ:JOUT,0.0
2024-01-22,17,AR1 alpha + Enhanced + One-Step,NASDAQ:JOUT,0.0
2024-01-23,17,AR1 alpha + Enhanced + One-Step,NASDAQ:JOUT,0.0
2024-01-24,17,AR1 alpha + Enhanced + One-Step,NASDAQ:JOUT,0.0
2024-01-25,17,AR1 alpha + Enhanced + One-Step,NASDAQ:JOUT,0.0
2024-01-26,17,AR1 alpha + Enhanced + One-Step,NASDAQ:JOUT,0.0
2024-01-29,17,AR1 alpha + Enhanced + One-Step,NASDAQ:JOUT,0.0
2024-01-30,17,AR1 alpha + Enhanced + One-Step,NASDAQ:JOUT,0.0
2024-01-31,17,AR1 alpha + Enhanced + One-Step,NASDAQ:JOUT,0.0
2024-02-01,17,AR1 alpha + Enhanced + One-Step,NASDAQ:JOUT,0.0
2024-02-02,17,AR1 alpha + Enhanced + One-Step,NASDAQ:JOUT,0.0
2024-02-05,17,AR1 alpha + Enhanced + One-Step,NASDAQ:JOUT,0.0
2024-02-06,17,AR1 alpha + Enhanced + One-Step,NASDAQ:JOUT,0.0
2024-02-07,17,AR1 alpha + Enhanced + One-Step,NASDAQ:JOUT,0.0
2024-02-08,17,AR1 alpha + Enhanced + One-Step,NASDAQ:JOUT,0.0
2024-02-09,17,AR1 alpha + Enhanced + One-Step,NASDAQ:JOUT,0.0
2024-02-12,17,AR1 alpha + Enhanced + One-Step,NASDAQ:JOUT,0.0
2024-02-13,17,AR1 alpha + Enhanced + One-Step,NASDAQ:JOUT,1.645815176228209e-07
2024-02-14,17,AR1 alpha + Enhanced + One-Step,NASDAQ:JOUT,4.171178179785788e-07
2024-02-15,17,AR1 alpha + Enhanced + One-Step,NASDAQ:JOUT,0.0
2024-02-16,17,AR1 alpha + Enhanced + One-Step,NASDAQ:JOUT,4.732022650661861e-07
2024-02-20,17,AR1 alpha + Enhanced + One-Step,NASDAQ:JOUT,5.600105209610684e-07
2024-02-21,17,AR1 alpha + Enhanced + One-Step,NASDAQ:JOUT,0.0
2024-02-22,17,AR1 alpha + Enhanced + One-Step,NASDAQ:JOUT,0.0
2024-02-23,17,AR1 alpha + Enhanced + One-Step,NASDAQ:JOUT,0.0
2024-02-26,17,AR1 alpha + Enhanced + One-Step,NASDAQ:JOUT,0.0
2024-02-27,17,AR1 alpha + Enhanced + One-Step,NASDAQ:JOUT,0.0
2024-02-28,17,AR1 alpha + Enhanced + One-Step,NASDAQ:JOUT,0.0
2024-02-29,17,AR1 alpha + Enhanced + One-Step,NASDAQ:JOUT,0.0
2024-03-01,17,AR1 alpha + Enhanced + One-Step,NASDAQ:JOUT,0.0
2024-03-04,17,AR1 alpha + Enhanced + One-Step,NASDAQ:JOUT,0.0
2024-03-05,17,AR1 alpha + Enhanced + One-Step,NASDAQ:JOUT,0.0
2024-03-06,17,AR1 alpha + Enhanced + One-Step,NASDAQ:JOUT,0.0
2024-03-07,17,AR1 alpha + Enhanced + One-Step,NASDAQ:JOUT,0.0
2024-03-08,17,AR1 alpha + Enhanced + One-Step,NASDAQ:JOUT,0.0
2024-03-11,17,AR1 alpha + Enhanced + One-Step,NASDAQ:JOUT,0.0
2024-03-12,17,AR1 alpha + Enhanced + One-Step,NASDAQ:JOUT,0.0
2024-03-13,17,AR1 alpha + Enhanced + One-Step,NASDAQ:JOUT,0.0
2024-03-14,17,AR1 alpha + Enhanced + One-Step,NASDAQ:JOUT,0.0
2024-03-15,17,AR1 alpha + Enhanced + One-Step,NASDAQ:JOUT,8.175676456646484e-08
2024-03-18,17,AR1 alpha + Enhanced + One-Step,NASDAQ:JOUT,0.0
2024-03-19,17,AR1 alpha + Enhanced + One-Step,NASDAQ:JOUT,0.0
2024-03-20,17,AR1 alpha + Enhanced + One-Step,NASDAQ:JOUT,0.0
2024-03-21,17,AR1 alpha + Enhanced + One-Step,NASDAQ:JOUT,0.0
2024-03-22,17,AR1 alpha + Enhanced + One-Step,NASDAQ:JOUT,0.0
2024-03-25,17,AR1 alpha + Enhanced + One-Step,NASDAQ:JOUT,0.0
2024-03-26,17,AR1 alpha + Enhanced + One-Step,NASDAQ:JOUT,0.0
2024-03-27,17,AR1 alpha + Enhanced + One-Step,NASDAQ:JOUT,0.0
2024-03-28,17,AR1 alpha + Enhanced + One-Step,NASDAQ:JOUT,1.8059131306542962e-07
2024-04-01,17,AR1 alpha + Enhanced + One-Step,NASDAQ:JOUT,2.3302892627553877e-07
2024-04-02,17,AR1 alpha + Enhanced + One-Step,NASDAQ:JOUT,3.7192553966975943e-08
2024-04-03,17,AR1 alpha + Enhanced + One-Step,NASDAQ:JOUT,0.0
2024-04-04,17,AR1 alpha + Enhanced + One-Step,NASDAQ:JOUT,0.0
2024-04-05,17,AR1 alpha + Enhanced + One-Step,NASDAQ:JOUT,0.0
2024-04-08,17,AR1 alpha + Enhanced + One-Step,NASDAQ:JOUT,1.2117238763644112e-07
2024-04-09,17,AR1 alpha + Enhanced + One-Step,NASDAQ:JOUT,0.0
2024-04-10,17,AR1 alpha + Enhanced + One-Step,NASDAQ:JOUT,0.0
2024-04-11,17,AR1 alpha + Enhanced + One-Step,NASDAQ:JOUT,0.0
2024-04-12,17,AR1 alpha + Enhanced + One-Step,NASDAQ:JOUT,0.0
2024-04-15,17,AR1 alpha + Enhanced + One-Step,NASDAQ:JOUT,0.0
2024-04-16,17,AR1 alpha + Enhanced + One-Step,NASDAQ:JOUT,0.0
2024-04-17,17,AR1 alpha + Enhanced + One-Step,NASDAQ:JOUT,7.468922749035321e-08
2024-04-18,17,AR1 alpha + Enhanced + One-Step,NASDAQ:JOUT,0.0
2024-04-19,17,AR1 alpha + Enhanced + One-Step,NASDAQ:JOUT,0.0
2020-03-25,17,AR1 alpha + Enhanced + One-Step,NASDAQ:RCMT,0.020000000000007227
2020-03-26,17,AR1 alpha + Enhanced + One-Step,NASDAQ:RCMT,0.02000000000001305
2020-03-27,17,AR1 alpha + Enhanced + One-Step,NASDAQ:RCMT,0.019999981711270213
2020-03-30,17,AR1 alpha + Enhanced + One-Step,NASDAQ:RCMT,0.020001491623755766
2020-03-31,17,AR1 alpha + Enhanced + One-Step,NASDAQ:RCMT,0.02000243994921492
2020-04-01,17,AR1 alpha + Enhanced + One-Step,NASDAQ:RCMT,0.020002402827372014
2020-04-02,17,AR1 alpha + Enhanced + One-Step,NASDAQ:RCMT,0.020002172738182018
2020-04-03,17,AR1 alpha + Enhanced + One-Step,NASDAQ:RCMT,0.02000291624522602
2020-04-06,17,AR1 alpha + Enhanced + One-Step,NASDAQ:RCMT,0.020003588945182078
2020-04-07,17,AR1 alpha + Enhanced + One-Step,NASDAQ:RCMT,0.020004244646052376
2020-04-08,17,AR1 alpha + Enhanced + One-Step,NASDAQ:RCMT,0.020004331390031795
2020-04-09,17,AR1 alpha + Enhanced + One-Step,NASDAQ:RCMT,0.020004284965999063
2020-04-13,17,AR1 alpha + Enhanced + One-Step,NASDAQ:RCMT,0.02000454314427062
2020-04-14,17,AR1 alpha + Enhanced + One-Step,NASDAQ:RCMT,0.020005184973729394
2020-04-15,17,AR1 alpha + Enhanced + One-Step,NASDAQ:RCMT,0.020006275211453282
2020-04-16,17,AR1 alpha + Enhanced + One-Step,NASDAQ:RCMT,0.020006897981748293
2020-04-17,17,AR1 alpha + Enhanced + One-Step,NASDAQ:RCMT,0.02000701313120187
2020-04-20,17,AR1 alpha + Enhanced + One-Step,NASDAQ:RCMT,0.020006876301613512
2020-04-21,17,AR1 alpha + Enhanced + One-Step,NASDAQ:RCMT,0.0200071406645484
2020-04-22,17,AR1 alpha + Enhanced + One-Step,NASDAQ:RCMT,0.02000739583764129
2020-04-23,17,AR1 alpha + Enhanced + One-Step,NASDAQ:RCMT,0.020007227125867635
2020-04-24,17,AR1 alpha + Enhanced + One-Step,NASDAQ:RCMT,0.02000729884687612
2020-04-27,17,AR1 alpha + Enhanced + One-Step,NASDAQ:RCMT,0.020007297561454702
2020-04-28,17,AR1 alpha + Enhanced + One-Step,NASDAQ:RCMT,0.02000729448765117
2020-04-29,17,AR1 alpha + Enhanced + One-Step,NASDAQ:RCMT,0.02000729132458722
2020-04-30,17,AR1 alpha + Enhanced + One-Step,NASDAQ:RCMT,0.01589146299054163
2020-05-01,17,AR1 alpha + Enhanced + One-Step,NASDAQ:RCMT,0.015890571201191705
2020-05-04,17,AR1 alpha + Enhanced + One-Step,NASDAQ:RCMT,0.015890585083410434
2020-05-05,17,AR1 alpha + Enhanced + One-Step,NASDAQ:RCMT,0.015890548007128264
2020-05-06,17,AR1 alpha + Enhanced + One-Step,NASDAQ:RCMT,0.01589054841456159
2020-05-07,17,AR1 alpha + Enhanced + One-Step,NASDAQ:RCMT,1.122403503473137e-07
2020-05-08,17,AR1 alpha + Enhanced + One-Step,NASDAQ:RCMT,0.0
2020-05-11,17,AR1 alpha + Enhanced + One-Step,NASDAQ:RCMT,0.0
2020-05-12,17,AR1 alpha + Enhanced + One-Step,NASDAQ:RCMT,0.0
2020-05-13,17,AR1 alpha + Enhanced + One-Step,NASDAQ:RCMT,4.8067979198154114e-08
2020-05-14,17,AR1 alpha + Enhanced + One-Step,NASDAQ:RCMT,0.0
2020-05-15,17,AR1 alpha + Enhanced + One-Step,NASDAQ:RCMT,3.1985121401717704e-08
2020-05-18,17,AR1 alpha + Enhanced + One-Step,NASDAQ:RCMT,5.267729400850562e-08
2020-05-19,17,AR1 alpha + Enhanced + One-Step,NASDAQ:RCMT,0.0
2020-05-20,17,AR1 alpha + Enhanced + One-Step,NASDAQ:RCMT,1.4181590504292951e-08
2020-05-21,17,AR1 alpha + Enhanced + One-Step,NASDAQ:RCMT,0.0
2020-05-22,17,AR1 alpha + Enhanced + One-Step,NASDAQ:RCMT,0.0
2020-05-26,17,AR1 alpha + Enhanced + One-Step,NASDAQ:RCMT,0.0
2020-05-27,17,AR1 alpha + Enhanced + One-Step,NASDAQ:RCMT,3.717272422193246e-08
2020-05-28,17,AR1 alpha + Enhanced + One-Step,NASDAQ:RCMT,2.0925316583306353e-08
2020-05-29,17,AR1 alpha + Enhanced + One-Step,NASDAQ:RCMT,1.0969427982997967e-08
2020-06-01,17,AR1 alpha + Enhanced + One-Step,NASDAQ:RCMT,5.264134459095193e-08
2020-06-02,17,AR1 alpha + Enhanced + One-Step,NASDAQ:RCMT,9.189817526541021e-09
2020-06-03,17,AR1 alpha + Enhanced + One-Step,NASDAQ:RCMT,1.9940066945587304e-07
2020-06-04,17,AR1 alpha + Enhanced + One-Step,NASDAQ:RCMT,6.56733181014414e-08
2020-06-05,17,AR1 alpha + Enhanced + One-Step,NASDAQ:RCMT,0.0
2020-06-08,17,AR1 alpha + Enhanced + One-Step,NASDAQ:RCMT,1.1305406457280986e-09
2020-06-09,17,AR1 alpha + Enhanced + One-Step,NASDAQ:RCMT,1.05439384344367e-08
2020-06-10,17,AR1 alpha + Enhanced + One-Step,NASDAQ:RCMT,4.499675902369044e-09
2020-06-11,17,AR1 alpha + Enhanced + One-Step,NASDAQ:RCMT,8.479800456938694e-07
2020-06-12,17,AR1 alpha + Enhanced + One-Step,NASDAQ:RCMT,1.2888857348952395e-07
2020-06-15,17,AR1 alpha + Enhanced + One-Step,NASDAQ:RCMT,0.0
2020-06-16,17,AR1 alpha + Enhanced + One-Step,NASDAQ:RCMT,9.127726030450546e-09
2020-06-17,17,AR1 alpha + Enhanced + One-Step,NASDAQ:RCMT,4.342814707568012e-09
2020-06-18,17,AR1 alpha + Enhanced + One-Step,NASDAQ:RCMT,0.0
2020-06-19,17,AR1 alpha + Enhanced + One-Step,NASDAQ:RCMT,3.1523825565009415e-08
2020-06-22,17,AR1 alpha + Enhanced + One-Step,NASDAQ:RCMT,1.8490822656208027e-08
2020-06-23,17,AR1 alpha + Enhanced + One-Step,NASDAQ:RCMT,6.79980419575817e-09
2020-06-24,17,AR1 alpha + Enhanced + One-Step,NASDAQ:RCMT,1.111391345873433e-09
2020-06-25,17,AR1 alpha + Enhanced + One-Step,NASDAQ:RCMT,9.68895836209527e-09
2020-06-26,17,AR1 alpha + Enhanced + One-Step,NASDAQ:RCMT,1.1869225426726436e-07
2020-06-29,17,AR1 alpha + Enhanced + One-Step,NASDAQ:RCMT,4.820235159225613e-08
2020-06-30,17,AR1 alpha + Enhanced + One-Step,NASDAQ:RCMT,0.0
2020-07-01,17,AR1 alpha + Enhanced + One-Step,NASDAQ:RCMT,0.0
2020-07-02,17,AR1 alpha + Enhanced + One-Step,NASDAQ:RCMT,2.5971923636893193e-08
2020-07-06,17,AR1 alpha + Enhanced + One-Step,NASDAQ:RCMT,0.006179867933617592
2020-07-07,17,AR1 alpha + Enhanced + One-Step,NASDAQ:RCMT,0.0
2020-07-08,17,AR1 alpha + Enhanced + One-Step,NASDAQ:RCMT,0.0
2020-07-09,17,AR1 alpha + Enhanced + One-Step,NASDAQ:RCMT,1.3620428172079403e-08
2020-07-10,17,AR1 alpha + Enhanced + One-Step,NASDAQ:RCMT,4.332592598685623e-08
2020-07-13,17,AR1 alpha + Enhanced + One-Step,NASDAQ:RCMT,1.5432115541997145e-08
2020-07-14,17,AR1 alpha + Enhanced + One-Step,NASDAQ:RCMT,3.051369050239919e-09
2020-07-15,17,AR1 alpha + Enhanced + One-Step,NASDAQ:RCMT,2.7285642852905137e-08
2020-07-16,17,AR1 alpha + Enhanced + One-Step,NASDAQ:RCMT,3.3194915697374883e-09
2020-07-17,17,AR1 alpha + Enhanced + One-Step,NASDAQ:RCMT,6.217143396556401e-10
2020-07-20,17,AR1 alpha + Enhanced + One-Step,NASDAQ:RCMT,1.5821554727887815e-08
2020-07-21,17,AR1 alpha + Enhanced + One-Step,NASDAQ:RCMT,1.9545139062600574e-08
2020-07-22,17,AR1 alpha + Enhanced + One-Step,NASDAQ:RCMT,1.3095071065753919e-08
2020-07-23,17,AR1 alpha + Enhanced + One-Step,NASDAQ:RCMT,0.0
2020-07-24,17,AR1 alpha + Enhanced + One-Step,NASDAQ:RCMT,5.932114837626988e-08
2020-07-27,17,AR1 alpha + Enhanced + One-Step,NASDAQ:RCMT,0.0
2020-07-28,17,AR1 alpha + Enhanced + One-Step,NASDAQ:RCMT,1.0569497790839734e-08
2020-07-29,17,AR1 alpha + Enhanced + One-Step,NASDAQ:RCMT,0.0
2020-07-30,17,AR1 alpha + Enhanced + One-Step,NASDAQ:RCMT,0.0
2020-07-31,17,AR1 alpha + Enhanced + One-Step,NASDAQ:RCMT,0.0
2020-08-03,17,AR1 alpha + Enhanced + One-Step,NASDAQ:RCMT,0.0
2020-08-04,17,AR1 alpha + Enhanced + One-Step,NASDAQ:RCMT,0.0
2020-08-05,17,AR1 alpha + Enhanced + One-Step,NASDAQ:RCMT,0.0
2020-08-06,17,AR1 alpha + Enhanced + One-Step,NASDAQ:RCMT,0.0
2020-08-07,17,AR1 alpha + Enhanced + One-Step,NASDAQ:RCMT,2.3961767482214568e-08
2020-08-10,17,AR1 alpha + Enhanced + One-Step,NASDAQ:RCMT,8.38225661542736e-08
2020-08-11,17,AR1 alpha + Enhanced + One-Step,NASDAQ:RCMT,0.0
2020-08-12,17,AR1 alpha + Enhanced + One-Step,NASDAQ:RCMT,8.128752517997889e-10
2020-08-13,17,AR1 alpha + Enhanced + One-Step,NASDAQ:RCMT,9.782791115859867e-10
2020-08-14,17,AR1 alpha + Enhanced + One-Step,NASDAQ:RCMT,1.324433467995745e-09
2020-08-17,17,AR1 alpha + Enhanced + One-Step,NASDAQ:RCMT,2.405283359434576e-08
2020-08-18,17,AR1 alpha + Enhanced + One-Step,NASDAQ:RCMT,2.4150398263367388e-08
2020-08-19,17,AR1 alpha + Enhanced + One-Step,NASDAQ:RCMT,5.559329823954963e-08
2020-08-20,17,AR1 alpha + Enhanced + One-Step,NASDAQ:RCMT,2.0987334300318366e-08
2020-08-21,17,AR1 alpha + Enhanced + One-Step,NASDAQ:RCMT,0.008108204433927728
2020-08-24,17,AR1 alpha + Enhanced + One-Step,NASDAQ:RCMT,0.008108072156874905
2020-08-25,17,AR1 alpha + Enhanced + One-Step,NASDAQ:RCMT,0.0
2020-08-26,17,AR1 alpha + Enhanced + One-Step,NASDAQ:RCMT,0.0
2020-08-27,17,AR1 alpha + Enhanced + One-Step,NASDAQ:RCMT,0.0
2020-08-28,17,AR1 alpha + Enhanced + One-Step,NASDAQ:RCMT,2.5463235174897582e-09
2020-08-31,17,AR1 alpha + Enhanced + One-Step,NASDAQ:RCMT,0.0
2020-09-01,17,AR1 alpha + Enhanced + One-Step,NASDAQ:RCMT,0.0
2020-09-02,17,AR1 alpha + Enhanced + One-Step,NASDAQ:RCMT,0.0
2020-09-03,17,AR1 alpha + Enhanced + One-Step,NASDAQ:RCMT,0.0
2020-09-04,17,AR1 alpha + Enhanced + One-Step,NASDAQ:RCMT,1.997556685244142e-08
2020-09-08,17,AR1 alpha + Enhanced + One-Step,NASDAQ:RCMT,9.314278154706952e-08
2020-09-09,17,AR1 alpha + Enhanced + One-Step,NASDAQ:RCMT,2.7842652209165156e-08
2020-09-10,17,AR1 alpha + Enhanced + One-Step,NASDAQ:RCMT,0.0
2020-09-11,17,AR1 alpha + Enhanced + One-Step,NASDAQ:RCMT,2.8346919707272967e-08
2020-09-14,17,AR1 alpha + Enhanced + One-Step,NASDAQ:RCMT,2.4811271645561777e-07
2020-09-15,17,AR1 alpha + Enhanced + One-Step,NASDAQ:RCMT,9.403374256657662e-08
2020-09-16,17,AR1 alpha + Enhanced + One-Step,NASDAQ:RCMT,1.99905513331215e-08
2020-09-17,17,AR1 alpha + Enhanced + One-Step,NASDAQ:RCMT,0.0
2020-09-18,17,AR1 alpha + Enhanced + One-Step,NASDAQ:RCMT,1.0224129468011122e-08
2020-09-21,17,AR1 alpha + Enhanced + One-Step,NASDAQ:RCMT,0.0
2020-09-22,17,AR1 alpha + Enhanced + One-Step,NASDAQ:RCMT,7.081766806417216e-10
2020-09-23,17,AR1 alpha + Enhanced + One-Step,NASDAQ:RCMT,0.0
2020-09-24,17,AR1 alpha + Enhanced + One-Step,NASDAQ:RCMT,1.2064859109124168e-07
2020-09-25,17,AR1 alpha + Enhanced + One-Step,NASDAQ:RCMT,0.0
2020-09-28,17,AR1 alpha + Enhanced + One-Step,NASDAQ:RCMT,0.0
2020-09-29,17,AR1 alpha + Enhanced + One-Step,NASDAQ:RCMT,0.0
2020-09-30,17,AR1 alpha + Enhanced + One-Step,NASDAQ:RCMT,0.0
2020-10-01,17,AR1 alpha + Enhanced + One-Step,NASDAQ:RCMT,1.1335384333715188e-07
2020-10-02,17,AR1 alpha + Enhanced + One-Step,NASDAQ:RCMT,8.438195433934591e-08
2020-10-05,17,AR1 alpha + Enhanced + One-Step,NASDAQ:RCMT,2.3324185315679704e-07
2020-10-06,17,AR1 alpha + Enhanced + One-Step,NASDAQ:RCMT,1.3714695308014648e-08
2020-10-07,17,AR1 alpha + Enhanced + One-Step,NASDAQ:RCMT,0.024987240200280463
2020-10-08,17,AR1 alpha + Enhanced + One-Step,NASDAQ:RCMT,0.0499889691798547
2020-10-09,17,AR1 alpha + Enhanced + One-Step,NASDAQ:RCMT,0.07211617821479094
2020-10-12,17,AR1 alpha + Enhanced + One-Step,NASDAQ:RCMT,0.08973069605700555
2020-10-13,17,AR1 alpha + Enhanced + One-Step,NASDAQ:RCMT,0.09751201914052034
2020-10-14,17,AR1 alpha + Enhanced + One-Step,NASDAQ:RCMT,0.09751191132943762
2020-10-15,17,AR1 alpha + Enhanced + One-Step,NASDAQ:RCMT,0.08492289038143781
2020-10-16,17,AR1 alpha + Enhanced + One-Step,NASDAQ:RCMT,0.06266047929618909
2020-10-19,17,AR1 alpha + Enhanced + One-Step,NASDAQ:RCMT,0.05717677266245042
2020-10-20,17,AR1 alpha + Enhanced + One-Step,NASDAQ:RCMT,0.03602070512053204
2020-10-21,17,AR1 alpha + Enhanced + One-Step,NASDAQ:RCMT,0.03601874526135746
2020-10-22,17,AR1 alpha + Enhanced + One-Step,NASDAQ:RCMT,0.03601661412807898
2020-10-23,17,AR1 alpha + Enhanced + One-Step,NASDAQ:RCMT,0.021399210469177116
2020-10-26,17,AR1 alpha + Enhanced + One-Step,NASDAQ:RCMT,0.021399129367986963
2020-10-27,17,AR1 alpha + Enhanced + One-Step,NASDAQ:RCMT,0.0287702462937816
2020-10-28,17,AR1 alpha + Enhanced + One-Step,NASDAQ:RCMT,0.028769850269160978
2020-10-29,17,AR1 alpha + Enhanced + One-Step,NASDAQ:RCMT,0.03861754911791935
2020-10-30,17,AR1 alpha + Enhanced + One-Step,NASDAQ:RCMT,0.03861721401699871
2020-11-02,17,AR1 alpha + Enhanced + One-Step,NASDAQ:RCMT,0.038618809822461686
2020-11-03,17,AR1 alpha + Enhanced + One-Step,NASDAQ:RCMT,0.038617252048788374
2020-11-04,17,AR1 alpha + Enhanced + One-Step,NASDAQ:RCMT,0.03862022479790834
2020-11-05,17,AR1 alpha + Enhanced + One-Step,NASDAQ:RCMT,0.038620173220318
2020-11-06,17,AR1 alpha + Enhanced + One-Step,NASDAQ:RCMT,0.03861999671453862
2020-11-09,17,AR1 alpha + Enhanced + One-Step,NASDAQ:RCMT,0.01717412927238958
2020-11-10,17,AR1 alpha + Enhanced + One-Step,NASDAQ:RCMT,0.017174149717442234
2020-11-11,17,AR1 alpha + Enhanced + One-Step,NASDAQ:RCMT,0.017174431532275714
2020-11-12,17,AR1 alpha + Enhanced + One-Step,NASDAQ:RCMT,0.017174126346282046
2020-11-13,17,AR1 alpha + Enhanced + One-Step,NASDAQ:RCMT,0.01717412338472243
2020-11-16,17,AR1 alpha + Enhanced + One-Step,NASDAQ:RCMT,0.008634546712757788
2020-11-17,17,AR1 alpha + Enhanced + One-Step,NASDAQ:RCMT,0.008634423088884019
2020-11-18,17,AR1 alpha + Enhanced + One-Step,NASDAQ:RCMT,0.0
2020-11-19,17,AR1 alpha + Enhanced + One-Step,NASDAQ:RCMT,0.0
2020-11-20,17,AR1 alpha + Enhanced + One-Step,NASDAQ:RCMT,0.0
2020-11-23,17,AR1 alpha + Enhanced + One-Step,NASDAQ:RCMT,6.483773662161499e-08
2020-11-24,17,AR1 alpha + Enhanced + One-Step,NASDAQ:RCMT,0.0
2020-11-25,17,AR1 alpha + Enhanced + One-Step,NASDAQ:RCMT,0.0
2020-11-27,17,AR1 alpha + Enhanced + One-Step,NASDAQ:RCMT,0.0
2020-11-30,17,AR1 alpha + Enhanced + One-Step,NASDAQ:RCMT,0.0
2020-12-01,17,AR1 alpha + Enhanced + One-Step,NASDAQ:RCMT,8.462041373138758e-08
2020-12-04,17,AR1 alpha + Enhanced + One-Step,NASDAQ:RCMT,3.0066658351335433e-08
2020-12-07,17,AR1 alpha + Enhanced + One-Step,NASDAQ:RCMT,0.0
2020-12-08,17,AR1 alpha + Enhanced + One-Step,NASDAQ:RCMT,5.383839997865023e-08
2020-12-09,17,AR1 alpha + Enhanced + One-Step,NASDAQ:RCMT,0.004794363961031205
2020-12-10,17,AR1 alpha + Enhanced + One-Step,NASDAQ:RCMT,0.004794398676360975
2020-12-11,17,AR1 alpha + Enhanced + One-Step,NASDAQ:RCMT,0.004794056434927145
2020-12-14,17,AR1 alpha + Enhanced + One-Step,NASDAQ:RCMT,0.006289669720532888
2020-12-15,17,AR1 alpha + Enhanced + One-Step,NASDAQ:RCMT,3.63795078476454e-05
2020-12-16,17,AR1 alpha + Enhanced + One-Step,NASDAQ:RCMT,0.0010708290753239048
2020-12-17,17,AR1 alpha + Enhanced + One-Step,NASDAQ:RCMT,0.0009896014729228455
2020-12-18,17,AR1 alpha + Enhanced + One-Step,NASDAQ:RCMT,0.01330913536758634
2020-12-21,17,AR1 alpha + Enhanced + One-Step,NASDAQ:RCMT,0.02879761184061594
2020-12-22,17,AR1 alpha + Enhanced + One-Step,NASDAQ:RCMT,0.02879758552437471
2020-12-23,17,AR1 alpha + Enhanced + One-Step,NASDAQ:RCMT,0.025817238027257296
2020-12-24,17,AR1 alpha + Enhanced + One-Step,NASDAQ:RCMT,0.025817186641476315
2020-12-28,17,AR1 alpha + Enhanced + One-Step,NASDAQ:RCMT,0.000816140353212376
2020-12-29,17,AR1 alpha + Enhanced + One-Step,NASDAQ:RCMT,6.436242475813537e-09
2020-12-30,17,AR1 alpha + Enhanced + One-Step,NASDAQ:RCMT,0.0
2020-12-31,17,AR1 alpha + Enhanced + One-Step,NASDAQ:RCMT,0.0
2021-01-04,17,AR1 alpha + Enhanced + One-Step,NASDAQ:RCMT,0.024697755104110267
2021-01-05,17,AR1 alpha + Enhanced + One-Step,NASDAQ:RCMT,0.005018646898135279
2021-01-06,17,AR1 alpha + Enhanced + One-Step,NASDAQ:RCMT,0.005018632076527501
2021-01-07,17,AR1 alpha + Enhanced + One-Step,NASDAQ:RCMT,0.005018021842341668
2021-01-08,17,AR1 alpha + Enhanced + One-Step,NASDAQ:RCMT,7.772093960018924e-08
2021-01-11,17,AR1 alpha + Enhanced + One-Step,NASDAQ:RCMT,0.007837270364706512
2021-01-12,17,AR1 alpha + Enhanced + One-Step,NASDAQ:RCMT,0.00782954483454531
2021-01-13,17,AR1 alpha + Enhanced + One-Step,NASDAQ:RCMT,0.007829202299983405
2021-01-14,17,AR1 alpha + Enhanced + One-Step,NASDAQ:RCMT,0.006414508486105038
2021-01-15,17,AR1 alpha + Enhanced + One-Step,NASDAQ:RCMT,0.00820462716752273
2021-01-19,17,AR1 alpha + Enhanced + One-Step,NASDAQ:RCMT,0.00820450077905214
2021-01-20,17,AR1 alpha + Enhanced + One-Step,NASDAQ:RCMT,0.008204596155076233
2021-01-21,17,AR1 alpha + Enhanced + One-Step,NASDAQ:RCMT,0.0
2021-01-22,17,AR1 alpha + Enhanced + One-Step,NASDAQ:RCMT,0.0
2021-01-25,17,AR1 alpha + Enhanced + One-Step,NASDAQ:RCMT,0.0
2021-01-26,17,AR1 alpha + Enhanced + One-Step,NASDAQ:RCMT,0.0
2021-01-27,17,AR1 alpha + Enhanced + One-Step,NASDAQ:RCMT,0.0
2021-01-28,17,AR1 alpha + Enhanced + One-Step,NASDAQ:RCMT,1.46974035644114e-08
2021-01-29,17,AR1 alpha + Enhanced + One-Step,NASDAQ:RCMT,0.013695972901808256
2021-02-01,17,AR1 alpha + Enhanced + One-Step,NASDAQ:RCMT,0.033405812998607995
2021-02-02,17,AR1 alpha + Enhanced + One-Step,NASDAQ:RCMT,0.008406864888176721
2021-02-03,17,AR1 alpha + Enhanced + One-Step,NASDAQ:RCMT,0.00023306549607744878
2021-02-04,17,AR1 alpha + Enhanced + One-Step,NASDAQ:RCMT,0.009710148960646961
2021-02-05,17,AR1 alpha + Enhanced + One-Step,NASDAQ:RCMT,0.013094958313853655
2021-02-08,17,AR1 alpha + Enhanced + One-Step,NASDAQ:RCMT,0.01644705254404363
2021-02-09,17,AR1 alpha + Enhanced + One-Step,NASDAQ:RCMT,0.027162229986050987
2021-02-10,17,AR1 alpha + Enhanced + One-Step,NASDAQ:RCMT,0.0021371499383894465
2021-02-11,17,AR1 alpha + Enhanced + One-Step,NASDAQ:RCMT,6.155389382458552e-08
2021-02-12,17,AR1 alpha + Enhanced + One-Step,NASDAQ:RCMT,7.623723996528363e-09
2021-02-16,17,AR1 alpha + Enhanced + One-Step,NASDAQ:RCMT,0.011669650295265961
2021-02-17,17,AR1 alpha + Enhanced + One-Step,NASDAQ:RCMT,0.024871432350886916
2021-02-18,17,AR1 alpha + Enhanced + One-Step,NASDAQ:RCMT,0.03375151185035666
2021-02-19,17,AR1 alpha + Enhanced + One-Step,NASDAQ:RCMT,0.041214487902767834
2021-02-22,17,AR1 alpha + Enhanced + One-Step,NASDAQ:RCMT,0.04827143058745081
2021-02-23,17,AR1 alpha + Enhanced + One-Step,NASDAQ:RCMT,0.048272799264899566
2021-02-24,17,AR1 alpha + Enhanced + One-Step,NASDAQ:RCMT,0.05154903211343954
2021-02-25,17,AR1 alpha + Enhanced + One-Step,NASDAQ:RCMT,0.051536013570521504
2021-02-26,17,AR1 alpha + Enhanced + One-Step,NASDAQ:RCMT,0.05153471517521026
2021-03-01,17,AR1 alpha + Enhanced + One-Step,NASDAQ:RCMT,0.05153524407410738
2021-03-02,17,AR1 alpha + Enhanced + One-Step,NASDAQ:RCMT,0.058040676667314064
2021-03-03,17,AR1 alpha + Enhanced + One-Step,NASDAQ:RCMT,0.062436701935874146
2021-03-04,17,AR1 alpha + Enhanced + One-Step,NASDAQ:RCMT,0.06734504979391649
2021-03-05,17,AR1 alpha + Enhanced + One-Step,NASDAQ:RCMT,0.07023152361005523
2021-03-08,17,AR1 alpha + Enhanced + One-Step,NASDAQ:RCMT,0.07023153080210741
2021-03-09,17,AR1 alpha + Enhanced + One-Step,NASDAQ:RCMT,0.07022940085805596
2021-03-10,17,AR1 alpha + Enhanced + One-Step,NASDAQ:RCMT,0.07023136616338328
2021-03-11,17,AR1 alpha + Enhanced + One-Step,NASDAQ:RCMT,0.07023015423062222
2021-03-12,17,AR1 alpha + Enhanced + One-Step,NASDAQ:RCMT,0.0702301054731763
2021-03-15,17,AR1 alpha + Enhanced + One-Step,NASDAQ:RCMT,0.06596961835110846
2021-03-16,17,AR1 alpha + Enhanced + One-Step,NASDAQ:RCMT,0.06596971463379336
2021-03-17,17,AR1 alpha + Enhanced + One-Step,NASDAQ:RCMT,0.0659690111831637
2021-03-18,17,AR1 alpha + Enhanced + One-Step,NASDAQ:RCMT,0.06596915045521169
2021-03-19,17,AR1 alpha + Enhanced + One-Step,NASDAQ:RCMT,0.06596807129963887
2021-03-22,17,AR1 alpha + Enhanced + One-Step,NASDAQ:RCMT,0.06596833669333506
2021-03-23,17,AR1 alpha + Enhanced + One-Step,NASDAQ:RCMT,0.06596966327424543
2021-03-24,17,AR1 alpha + Enhanced + One-Step,NASDAQ:RCMT,0.06596963942063173
2021-03-25,17,AR1 alpha + Enhanced + One-Step,NASDAQ:RCMT,0.06129518711154358
2021-03-26,17,AR1 alpha + Enhanced + One-Step,NASDAQ:RCMT,0.062369084879198775
2021-03-29,17,AR1 alpha + Enhanced + One-Step,NASDAQ:RCMT,0.06312788917540231
2021-03-30,17,AR1 alpha + Enhanced + One-Step,NASDAQ:RCMT,0.06312789253736774
2021-03-31,17,AR1 alpha + Enhanced + One-Step,NASDAQ:RCMT,0.06231236578043666
2021-04-01,17,AR1 alpha + Enhanced + One-Step,NASDAQ:RCMT,0.062313373073943516
2021-04-05,17,AR1 alpha + Enhanced + One-Step,NASDAQ:RCMT,0.06230562728153653
2021-04-06,17,AR1 alpha + Enhanced + One-Step,NASDAQ:RCMT,0.062305614585143866
2021-04-07,17,AR1 alpha + Enhanced + One-Step,NASDAQ:RCMT,0.0583547721205102
2021-04-08,17,AR1 alpha + Enhanced + One-Step,NASDAQ:RCMT,0.05835196138853209
2021-04-09,17,AR1 alpha + Enhanced + One-Step,NASDAQ:RCMT,0.05835196456801883
2021-04-12,17,AR1 alpha + Enhanced + One-Step,NASDAQ:RCMT,0.05835041407717159
2021-04-13,17,AR1 alpha + Enhanced + One-Step,NASDAQ:RCMT,0.05834543865917567
2021-04-14,17,AR1 alpha + Enhanced + One-Step,NASDAQ:RCMT,0.058341646066824134
2021-04-15,17,AR1 alpha + Enhanced + One-Step,NASDAQ:RCMT,0.0583422443295367
2021-04-16,17,AR1 alpha + Enhanced + One-Step,NASDAQ:RCMT,0.05834226763411168
2021-04-19,17,AR1 alpha + Enhanced + One-Step,NASDAQ:RCMT,0.058342301012231854
2021-04-20,17,AR1 alpha + Enhanced + One-Step,NASDAQ:RCMT,0.058340653475039035
2021-04-21,17,AR1 alpha + Enhanced + One-Step,NASDAQ:RCMT,0.05558907810048911
2021-04-22,17,AR1 alpha + Enhanced + One-Step,NASDAQ:RCMT,0.0525104284393501
2021-04-23,17,AR1 alpha + Enhanced + One-Step,NASDAQ:RCMT,0.04992257357065393
2021-04-26,17,AR1 alpha + Enhanced + One-Step,NASDAQ:RCMT,0.04741596001978214
2021-04-27,17,AR1 alpha + Enhanced + One-Step,NASDAQ:RCMT,0.047415994898965134
2021-04-28,17,AR1 alpha + Enhanced + One-Step,NASDAQ:RCMT,0.04730882429976836
2021-04-29,17,AR1 alpha + Enhanced + One-Step,NASDAQ:RCMT,0.0473087454591783
2021-04-30,17,AR1 alpha + Enhanced + One-Step,NASDAQ:RCMT,0.04730455948903893
2021-05-03,17,AR1 alpha + Enhanced + One-Step,NASDAQ:RCMT,0.04731051256930934
2021-05-04,17,AR1 alpha + Enhanced + One-Step,NASDAQ:RCMT,0.04731027443986446
2021-05-05,17,AR1 alpha + Enhanced + One-Step,NASDAQ:RCMT,0.04731049625106593
2021-05-06,17,AR1 alpha + Enhanced + One-Step,NASDAQ:RCMT,0.04731107696150597
2021-05-07,17,AR1 alpha + Enhanced + One-Step,NASDAQ:RCMT,0.0473113111508124
2021-05-10,17,AR1 alpha + Enhanced + One-Step,NASDAQ:RCMT,0.0473116214676268
2021-05-11,17,AR1 alpha + Enhanced + One-Step,NASDAQ:RCMT,0.04731168468896229
2021-05-12,17,AR1 alpha + Enhanced + One-Step,NASDAQ:RCMT,0.04731170096926739
2021-05-13,17,AR1 alpha + Enhanced + One-Step,NASDAQ:RCMT,0.0473108128893346
2021-05-14,17,AR1 alpha + Enhanced + One-Step,NASDAQ:RCMT,0.047310896529356244
2021-05-17,17,AR1 alpha + Enhanced + One-Step,NASDAQ:RCMT,0.04731086394722978
2021-05-18,17,AR1 alpha + Enhanced + One-Step,NASDAQ:RCMT,0.04731141844686573
2021-05-19,17,AR1 alpha + Enhanced + One-Step,NASDAQ:RCMT,0.04731176601667187
2021-05-20,17,AR1 alpha + Enhanced + One-Step,NASDAQ:RCMT,0.047311661857582295
2021-05-21,17,AR1 alpha + Enhanced + One-Step,NASDAQ:RCMT,0.04731251968346541
2021-05-24,17,AR1 alpha + Enhanced + One-Step,NASDAQ:RCMT,0.04980217016072631
2021-05-25,17,AR1 alpha + Enhanced + One-Step,NASDAQ:RCMT,0.052885631065125
2021-05-26,17,AR1 alpha + Enhanced + One-Step,NASDAQ:RCMT,0.05288312321259464
2021-05-27,17,AR1 alpha + Enhanced + One-Step,NASDAQ:RCMT,0.05288257297719645
2021-05-28,17,AR1 alpha + Enhanced + One-Step,NASDAQ:RCMT,0.055237888367307475
2021-06-01,17,AR1 alpha + Enhanced + One-Step,NASDAQ:RCMT,0.05673813847348653
2021-06-02,17,AR1 alpha + Enhanced + One-Step,NASDAQ:RCMT,0.055217948637337796
2021-06-03,17,AR1 alpha + Enhanced + One-Step,NASDAQ:RCMT,0.05738740704225352
2021-06-04,17,AR1 alpha + Enhanced + One-Step,NASDAQ:RCMT,0.06158499780582546
2021-06-07,17,AR1 alpha + Enhanced + One-Step,NASDAQ:RCMT,0.06037899518179306
2021-06-08,17,AR1 alpha + Enhanced + One-Step,NASDAQ:RCMT,0.05924274861436403
2021-06-09,17,AR1 alpha + Enhanced + One-Step,NASDAQ:RCMT,0.054687937082707985
2021-06-10,17,AR1 alpha + Enhanced + One-Step,NASDAQ:RCMT,0.05468422746003645
2021-06-11,17,AR1 alpha + Enhanced + One-Step,NASDAQ:RCMT,0.05468411520618502
2021-06-14,17,AR1 alpha + Enhanced + One-Step,NASDAQ:RCMT,0.05468220204957767
2021-06-15,17,AR1 alpha + Enhanced + One-Step,NASDAQ:RCMT,0.056690449789465254
2021-06-16,17,AR1 alpha + Enhanced + One-Step,NASDAQ:RCMT,0.058687633025968244
2021-06-17,17,AR1 alpha + Enhanced + One-Step,NASDAQ:RCMT,0.05868525644221655
2021-06-18,17,AR1 alpha + Enhanced + One-Step,NASDAQ:RCMT,0.05868463413094849
2021-06-21,17,AR1 alpha + Enhanced + One-Step,NASDAQ:RCMT,0.05868497261670489
2021-06-22,17,AR1 alpha + Enhanced + One-Step,NASDAQ:RCMT,0.058680747366680705
2021-06-23,17,AR1 alpha + Enhanced + One-Step,NASDAQ:RCMT,0.058811603470266594
2021-06-24,17,AR1 alpha + Enhanced + One-Step,NASDAQ:RCMT,0.058813426289808235
2021-06-25,17,AR1 alpha + Enhanced + One-Step,NASDAQ:RCMT,0.05881393787528239
2021-06-28,17,AR1 alpha + Enhanced + One-Step,NASDAQ:RCMT,0.058814122347585714
2021-06-29,17,AR1 alpha + Enhanced + One-Step,NASDAQ:RCMT,0.064417864063476
2021-06-30,17,AR1 alpha + Enhanced + One-Step,NASDAQ:RCMT,0.06441651842983101
2021-07-01,17,AR1 alpha + Enhanced + One-Step,NASDAQ:RCMT,0.06746864942640017
2021-07-02,17,AR1 alpha + Enhanced + One-Step,NASDAQ:RCMT,0.0674643275384443
2021-07-06,17,AR1 alpha + Enhanced + One-Step,NASDAQ:RCMT,0.06746169194751671
2021-07-07,17,AR1 alpha + Enhanced + One-Step,NASDAQ:RCMT,0.0674626516070024
2021-07-08,17,AR1 alpha + Enhanced + One-Step,NASDAQ:RCMT,0.06746268123059315
2021-07-09,17,AR1 alpha + Enhanced + One-Step,NASDAQ:RCMT,0.06745707971822609
2021-07-12,17,AR1 alpha + Enhanced + One-Step,NASDAQ:RCMT,0.06638114917183537
2021-07-13,17,AR1 alpha + Enhanced + One-Step,NASDAQ:RCMT,0.07223908376180484
2021-07-14,17,AR1 alpha + Enhanced + One-Step,NASDAQ:RCMT,0.07747653251712103
2021-07-15,17,AR1 alpha + Enhanced + One-Step,NASDAQ:RCMT,0.07719773605378803
2021-07-16,17,AR1 alpha + Enhanced + One-Step,NASDAQ:RCMT,0.07532844143774801
2021-07-19,17,AR1 alpha + Enhanced + One-Step,NASDAQ:RCMT,0.07455923108054224
2021-07-20,17,AR1 alpha + Enhanced + One-Step,NASDAQ:RCMT,0.06696520372895304
2021-07-21,17,AR1 alpha + Enhanced + One-Step,NASDAQ:RCMT,0.0702990101144253
2021-07-22,17,AR1 alpha + Enhanced + One-Step,NASDAQ:RCMT,0.0751608331997983
2021-07-23,17,AR1 alpha + Enhanced + One-Step,NASDAQ:RCMT,0.07619163215547692
2021-07-26,17,AR1 alpha + Enhanced + One-Step,NASDAQ:RCMT,0.07561063736716289
2021-07-27,17,AR1 alpha + Enhanced + One-Step,NASDAQ:RCMT,0.07905518320274546
2021-07-28,17,AR1 alpha + Enhanced + One-Step,NASDAQ:RCMT,0.06851023997008794
2021-07-29,17,AR1 alpha + Enhanced + One-Step,NASDAQ:RCMT,0.07007770999681935
2021-07-30,17,AR1 alpha + Enhanced + One-Step,NASDAQ:RCMT,0.07365818288954733
2021-08-02,17,AR1 alpha + Enhanced + One-Step,NASDAQ:RCMT,0.07160173333569526
2021-08-03,17,AR1 alpha + Enhanced + One-Step,NASDAQ:RCMT,0.07116652727982493
2021-08-04,17,AR1 alpha + Enhanced + One-Step,NASDAQ:RCMT,0.0662344013738219
2021-08-05,17,AR1 alpha + Enhanced + One-Step,NASDAQ:RCMT,0.06438524182799882
2021-08-06,17,AR1 alpha + Enhanced + One-Step,NASDAQ:RCMT,0.06438217087480391
2021-08-09,17,AR1 alpha + Enhanced + One-Step,NASDAQ:RCMT,0.061092747938161426
2021-08-10,17,AR1 alpha + Enhanced + One-Step,NASDAQ:RCMT,0.061519142554893845
2021-08-11,17,AR1 alpha + Enhanced + One-Step,NASDAQ:RCMT,0.0689828679129782
2021-08-12,17,AR1 alpha + Enhanced + One-Step,NASDAQ:RCMT,0.07018225603527704
2021-08-13,17,AR1 alpha + Enhanced + One-Step,NASDAQ:RCMT,0.08313773495886119
2021-08-16,17,AR1 alpha + Enhanced + One-Step,NASDAQ:RCMT,0.08731592963447637
2021-08-17,17,AR1 alpha + Enhanced + One-Step,NASDAQ:RCMT,0.08731643577057173
2021-08-18,17,AR1 alpha + Enhanced + One-Step,NASDAQ:RCMT,0.08731559831180953
2021-08-19,17,AR1 alpha + Enhanced + One-Step,NASDAQ:RCMT,0.08644344520345434
2021-08-20,17,AR1 alpha + Enhanced + One-Step,NASDAQ:RCMT,0.07217798834110223
2021-08-23,17,AR1 alpha + Enhanced + One-Step,NASDAQ:RCMT,0.059706096758887856
2021-08-24,17,AR1 alpha + Enhanced + One-Step,NASDAQ:RCMT,0.057651744508620845
2021-08-25,17,AR1 alpha + Enhanced + One-Step,NASDAQ:RCMT,0.05903979579303842
2021-08-26,17,AR1 alpha + Enhanced + One-Step,NASDAQ:RCMT,0.0590340370663631
2021-08-27,17,AR1 alpha + Enhanced + One-Step,NASDAQ:RCMT,0.06231389973117284
2021-08-30,17,AR1 alpha + Enhanced + One-Step,NASDAQ:RCMT,0.062309266325765715
2021-08-31,17,AR1 alpha + Enhanced + One-Step,NASDAQ:RCMT,0.06372410501742243
2021-09-01,17,AR1 alpha + Enhanced + One-Step,NASDAQ:RCMT,0.06480137101340105
2021-09-02,17,AR1 alpha + Enhanced + One-Step,NASDAQ:RCMT,0.06479943040923897
2021-09-03,17,AR1 alpha + Enhanced + One-Step,NASDAQ:RCMT,0.06770291603937531
2021-09-07,17,AR1 alpha + Enhanced + One-Step,NASDAQ:RCMT,0.059496589445559356
2021-09-08,17,AR1 alpha + Enhanced + One-Step,NASDAQ:RCMT,0.07169949268775518
2021-09-09,17,AR1 alpha + Enhanced + One-Step,NASDAQ:RCMT,0.06678159415720047
2021-09-10,17,AR1 alpha + Enhanced + One-Step,NASDAQ:RCMT,0.06184885553364894
2021-09-13,17,AR1 alpha + Enhanced + One-Step,NASDAQ:RCMT,0.04126175230328017
2021-09-14,17,AR1 alpha + Enhanced + One-Step,NASDAQ:RCMT,0.04893970905538168
2021-09-15,17,AR1 alpha + Enhanced + One-Step,NASDAQ:RCMT,0.045223179631900735
2021-09-16,17,AR1 alpha + Enhanced + One-Step,NASDAQ:RCMT,0.045223021233329025
2021-09-17,17,AR1 alpha + Enhanced + One-Step,NASDAQ:RCMT,0.06773107742887471
2021-09-20,17,AR1 alpha + Enhanced + One-Step,NASDAQ:RCMT,0.07258353595207959
2021-09-21,17,AR1 alpha + Enhanced + One-Step,NASDAQ:RCMT,0.09749522165307416
2021-09-22,17,AR1 alpha + Enhanced + One-Step,NASDAQ:RCMT,0.09749506036408996
2021-09-23,17,AR1 alpha + Enhanced + One-Step,NASDAQ:RCMT,0.08248570771792683
2021-09-24,17,AR1 alpha + Enhanced + One-Step,NASDAQ:RCMT,0.07408001733416146
2021-09-27,17,AR1 alpha + Enhanced + One-Step,NASDAQ:RCMT,0.09162482110011998
2021-09-28,17,AR1 alpha + Enhanced + One-Step,NASDAQ:RCMT,0.09162266440380445
2021-09-29,17,AR1 alpha + Enhanced + One-Step,NASDAQ:RCMT,0.09999990565147668
2021-09-30,17,AR1 alpha + Enhanced + One-Step,NASDAQ:RCMT,0.09999996049439058
2021-10-01,17,AR1 alpha + Enhanced + One-Step,NASDAQ:RCMT,0.09880731782221416
2021-10-04,17,AR1 alpha + Enhanced + One-Step,NASDAQ:RCMT,0.09999995388502372
2021-10-05,17,AR1 alpha + Enhanced + One-Step,NASDAQ:RCMT,0.09999728259192459
2021-10-06,17,AR1 alpha + Enhanced + One-Step,NASDAQ:RCMT,0.0999993590027009
2021-10-07,17,AR1 alpha + Enhanced + One-Step,NASDAQ:RCMT,0.09999838805810386
2021-10-08,17,AR1 alpha + Enhanced + One-Step,NASDAQ:RCMT,0.09601887617689348
2021-10-11,17,AR1 alpha + Enhanced + One-Step,NASDAQ:RCMT,0.09999958984987584
2021-10-12,17,AR1 alpha + Enhanced + One-Step,NASDAQ:RCMT,0.09999995196046077
2021-10-13,17,AR1 alpha + Enhanced + One-Step,NASDAQ:RCMT,0.09999999922233652
2021-10-14,17,AR1 alpha + Enhanced + One-Step,NASDAQ:RCMT,0.09999950795435933
2021-10-15,17,AR1 alpha + Enhanced + One-Step,NASDAQ:RCMT,0.09999915019658923
2021-10-18,17,AR1 alpha + Enhanced + One-Step,NASDAQ:RCMT,0.09999809026714682
2021-10-19,17,AR1 alpha + Enhanced + One-Step,NASDAQ:RCMT,0.09999952419197032
2021-10-20,17,AR1 alpha + Enhanced + One-Step,NASDAQ:RCMT,0.0999999264055384
2021-10-21,17,AR1 alpha + Enhanced + One-Step,NASDAQ:RCMT,0.0999999964499545
2021-10-22,17,AR1 alpha + Enhanced + One-Step,NASDAQ:RCMT,0.09999956852432162
2021-10-25,17,AR1 alpha + Enhanced + One-Step,NASDAQ:RCMT,0.09999643105587797
2021-10-26,17,AR1 alpha + Enhanced + One-Step,NASDAQ:RCMT,0.09999105190779552
2021-10-27,17,AR1 alpha + Enhanced + One-Step,NASDAQ:RCMT,0.09808699851541158
2021-10-28,17,AR1 alpha + Enhanced + One-Step,NASDAQ:RCMT,0.09808705913572138
2021-10-29,17,AR1 alpha + Enhanced + One-Step,NASDAQ:RCMT,0.09808182466710695
2021-11-01,17,AR1 alpha + Enhanced + One-Step,NASDAQ:RCMT,0.09807819036231007
2021-11-02,17,AR1 alpha + Enhanced + One-Step,NASDAQ:RCMT,0.09807714527456736
2021-11-03,17,AR1 alpha + Enhanced + One-Step,NASDAQ:RCMT,0.09807989398594415
2021-11-04,17,AR1 alpha + Enhanced + One-Step,NASDAQ:RCMT,0.0970874064810752
2021-11-05,17,AR1 alpha + Enhanced + One-Step,NASDAQ:RCMT,0.09708700664537667
2021-11-08,17,AR1 alpha + Enhanced + One-Step,NASDAQ:RCMT,0.09708307630105101
2021-11-09,17,AR1 alpha + Enhanced + One-Step,NASDAQ:RCMT,0.09707837618528489
2021-11-10,17,AR1 alpha + Enhanced + One-Step,NASDAQ:RCMT,0.09707961492993229
2021-11-11,17,AR1 alpha + Enhanced + One-Step,NASDAQ:RCMT,0.09707956982515266
2021-11-12,17,AR1 alpha + Enhanced + One-Step,NASDAQ:RCMT,0.09707975068120142
2021-11-15,17,AR1 alpha + Enhanced + One-Step,NASDAQ:RCMT,0.09708014876680354
2021-11-16,17,AR1 alpha + Enhanced + One-Step,NASDAQ:RCMT,0.09707989373843198
2021-11-17,17,AR1 alpha + Enhanced + One-Step,NASDAQ:RCMT,0.09707576107221409
2021-11-18,17,AR1 alpha + Enhanced + One-Step,NASDAQ:RCMT,0.09707457632746924
2021-11-19,17,AR1 alpha + Enhanced + One-Step,NASDAQ:RCMT,0.09707479281119669
2021-11-22,17,AR1 alpha + Enhanced + One-Step,NASDAQ:RCMT,0.0970751254523912
2021-11-23,17,AR1 alpha + Enhanced + One-Step,NASDAQ:RCMT,0.0980631699079085
2021-11-24,17,AR1 alpha + Enhanced + One-Step,NASDAQ:RCMT,0.09876788188733897
2021-11-26,17,AR1 alpha + Enhanced + One-Step,NASDAQ:RCMT,0.09876326184537096
2021-11-29,17,AR1 alpha + Enhanced + One-Step,NASDAQ:RCMT,0.09876314358700178
2021-11-30,17,AR1 alpha + Enhanced + One-Step,NASDAQ:RCMT,0.0987601973598486
2021-12-01,17,AR1 alpha + Enhanced + One-Step,NASDAQ:RCMT,0.09875812036585216
2021-12-02,17,AR1 alpha + Enhanced + One-Step,NASDAQ:RCMT,0.09991450362301355
2021-12-03,17,AR1 alpha + Enhanced + One-Step,NASDAQ:RCMT,0.09991263057277294
2021-12-06,17,AR1 alpha + Enhanced + One-Step,NASDAQ:RCMT,0.0999126170236838
2021-12-07,17,AR1 alpha + Enhanced + One-Step,NASDAQ:RCMT,0.09991255732100567
2021-12-08,17,AR1 alpha + Enhanced + One-Step,NASDAQ:RCMT,0.09991204830028216
2021-12-09,17,AR1 alpha + Enhanced + One-Step,NASDAQ:RCMT,0.09990835569255088
2021-12-10,17,AR1 alpha + Enhanced + One-Step,NASDAQ:RCMT,0.09990426431330206
2021-12-13,17,AR1 alpha + Enhanced + One-Step,NASDAQ:RCMT,0.08814667016462292
2021-12-14,17,AR1 alpha + Enhanced + One-Step,NASDAQ:RCMT,0.08108716788585137
2021-12-15,17,AR1 alpha + Enhanced + One-Step,NASDAQ:RCMT,0.08108710326187842
2021-12-16,17,AR1 alpha + Enhanced + One-Step,NASDAQ:RCMT,0.0810871433517324
2021-12-17,17,AR1 alpha + Enhanced + One-Step,NASDAQ:RCMT,0.08108704351847286
2021-12-20,17,AR1 alpha + Enhanced + One-Step,NASDAQ:RCMT,0.08108477828762262
2021-12-21,17,AR1 alpha + Enhanced + One-Step,NASDAQ:RCMT,0.08434498405112346
2021-12-22,17,AR1 alpha + Enhanced + One-Step,NASDAQ:RCMT,0.09064217245660947
2021-12-23,17,AR1 alpha + Enhanced + One-Step,NASDAQ:RCMT,0.09363410166948123
2021-12-27,17,AR1 alpha + Enhanced + One-Step,NASDAQ:RCMT,0.09363419747100625
2021-12-28,17,AR1 alpha + Enhanced + One-Step,NASDAQ:RCMT,0.09363435065815877
2021-12-29,17,AR1 alpha + Enhanced + One-Step,NASDAQ:RCMT,0.09363402332897573
2021-12-30,17,AR1 alpha + Enhanced + One-Step,NASDAQ:RCMT,0.09363354658724193
2021-12-31,17,AR1 alpha + Enhanced + One-Step,NASDAQ:RCMT,0.09363353478380525
2022-01-03,17,AR1 alpha + Enhanced + One-Step,NASDAQ:RCMT,0.09362727794783018
2022-01-04,17,AR1 alpha + Enhanced + One-Step,NASDAQ:RCMT,0.09362729610882528
2022-01-05,17,AR1 alpha + Enhanced + One-Step,NASDAQ:RCMT,0.09362729049556236
2022-01-06,17,AR1 alpha + Enhanced + One-Step,NASDAQ:RCMT,0.09362732528943235
2022-01-07,17,AR1 alpha + Enhanced + One-Step,NASDAQ:RCMT,0.0899762067020737
2022-01-10,17,AR1 alpha + Enhanced + One-Step,NASDAQ:RCMT,0.08997521695958402
2022-01-11,17,AR1 alpha + Enhanced + One-Step,NASDAQ:RCMT,0.08997490812316807
2022-01-12,17,AR1 alpha + Enhanced + One-Step,NASDAQ:RCMT,0.08997472680615091
2022-01-13,17,AR1 alpha + Enhanced + One-Step,NASDAQ:RCMT,0.08997459300710406
2022-01-14,17,AR1 alpha + Enhanced + One-Step,NASDAQ:RCMT,0.08997228471519204
2022-01-18,17,AR1 alpha + Enhanced + One-Step,NASDAQ:RCMT,0.08668237800399159
2022-01-19,17,AR1 alpha + Enhanced + One-Step,NASDAQ:RCMT,0.08331032825220808
2022-01-20,17,AR1 alpha + Enhanced + One-Step,NASDAQ:RCMT,0.08279297072680834
2022-01-21,17,AR1 alpha + Enhanced + One-Step,NASDAQ:RCMT,0.08058516197264604
2022-01-24,17,AR1 alpha + Enhanced + One-Step,NASDAQ:RCMT,0.0668399370212212
2022-01-25,17,AR1 alpha + Enhanced + One-Step,NASDAQ:RCMT,0.06684004542381247
2022-01-26,17,AR1 alpha + Enhanced + One-Step,NASDAQ:RCMT,0.07204135935265729
2022-01-27,17,AR1 alpha + Enhanced + One-Step,NASDAQ:RCMT,0.07204139372966432
2022-01-28,17,AR1 alpha + Enhanced + One-Step,NASDAQ:RCMT,0.07204139710459913
2022-01-31,17,AR1 alpha + Enhanced + One-Step,NASDAQ:RCMT,0.07252788131435767
2022-02-01,17,AR1 alpha + Enhanced + One-Step,NASDAQ:RCMT,0.0761962441668917
2022-02-02,17,AR1 alpha + Enhanced + One-Step,NASDAQ:RCMT,0.07619622526961577
2022-02-03,17,AR1 alpha + Enhanced + One-Step,NASDAQ:RCMT,0.07619527962938603
2022-02-04,17,AR1 alpha + Enhanced + One-Step,NASDAQ:RCMT,0.07619455595193382
2022-02-07,17,AR1 alpha + Enhanced + One-Step,NASDAQ:RCMT,0.0761946351962881
2022-02-08,17,AR1 alpha + Enhanced + One-Step,NASDAQ:RCMT,0.07619459670104374
2022-02-09,17,AR1 alpha + Enhanced + One-Step,NASDAQ:RCMT,0.07619463846949469
2022-02-10,17,AR1 alpha + Enhanced + One-Step,NASDAQ:RCMT,0.07619463820384727
2022-02-11,17,AR1 alpha + Enhanced + One-Step,NASDAQ:RCMT,0.09252528971669828
2022-02-14,17,AR1 alpha + Enhanced + One-Step,NASDAQ:RCMT,0.09999983144979574
2022-02-15,17,AR1 alpha + Enhanced + One-Step,NASDAQ:RCMT,0.09296220587772429
2022-02-16,17,AR1 alpha + Enhanced + One-Step,NASDAQ:RCMT,0.08530953267275113
2022-02-17,17,AR1 alpha + Enhanced + One-Step,NASDAQ:RCMT,0.08530759799497888
2022-02-18,17,AR1 alpha + Enhanced + One-Step,NASDAQ:RCMT,0.08530769173947914
2022-02-22,17,AR1 alpha + Enhanced + One-Step,NASDAQ:RCMT,0.0853076697318694
2022-02-23,17,AR1 alpha + Enhanced + One-Step,NASDAQ:RCMT,0.08530767001102844
2022-02-24,17,AR1 alpha + Enhanced + One-Step,NASDAQ:RCMT,0.08530673443067954
2022-02-25,17,AR1 alpha + Enhanced + One-Step,NASDAQ:RCMT,0.08323297655025425
2022-02-28,17,AR1 alpha + Enhanced + One-Step,NASDAQ:RCMT,0.08323299671077757
2022-03-01,17,AR1 alpha + Enhanced + One-Step,NASDAQ:RCMT,0.08323311617470174
2022-03-02,17,AR1 alpha + Enhanced + One-Step,NASDAQ:RCMT,0.08323298415766749
2022-03-03,17,AR1 alpha + Enhanced + One-Step,NASDAQ:RCMT,0.0832329341085549
2022-03-04,17,AR1 alpha + Enhanced + One-Step,NASDAQ:RCMT,0.08323071528303895
2022-03-07,17,AR1 alpha + Enhanced + One-Step,NASDAQ:RCMT,0.0832312229691212
2022-03-08,17,AR1 alpha + Enhanced + One-Step,NASDAQ:RCMT,0.09641575169445686
2022-03-09,17,AR1 alpha + Enhanced + One-Step,NASDAQ:RCMT,0.09428076214735957
2022-03-10,17,AR1 alpha + Enhanced + One-Step,NASDAQ:RCMT,0.09428096812124416
2022-03-11,17,AR1 alpha + Enhanced + One-Step,NASDAQ:RCMT,0.08388374485930782
2022-03-14,17,AR1 alpha + Enhanced + One-Step,NASDAQ:RCMT,0.0838817853114227
2022-03-15,17,AR1 alpha + Enhanced + One-Step,NASDAQ:RCMT,0.0866124281097688
2022-03-16,17,AR1 alpha + Enhanced + One-Step,NASDAQ:RCMT,0.08661242357523896
2022-03-17,17,AR1 alpha + Enhanced + One-Step,NASDAQ:RCMT,0.08661245327705354
2022-03-18,17,AR1 alpha + Enhanced + One-Step,NASDAQ:RCMT,0.08661240904969603
2022-03-21,17,AR1 alpha + Enhanced + One-Step,NASDAQ:RCMT,0.07655728587461637
2022-03-22,17,AR1 alpha + Enhanced + One-Step,NASDAQ:RCMT,0.07616964899484337
2022-03-23,17,AR1 alpha + Enhanced + One-Step,NASDAQ:RCMT,0.07616969767069896
2022-03-24,17,AR1 alpha + Enhanced + One-Step,NASDAQ:RCMT,0.08246814536800096
2022-03-25,17,AR1 alpha + Enhanced + One-Step,NASDAQ:RCMT,0.09677958342689304
2022-03-28,17,AR1 alpha + Enhanced + One-Step,NASDAQ:RCMT,0.09677870870302037
2022-03-29,17,AR1 alpha + Enhanced + One-Step,NASDAQ:RCMT,0.09897840955486689
2022-03-30,17,AR1 alpha + Enhanced + One-Step,NASDAQ:RCMT,0.10000002131953617
2022-03-31,17,AR1 alpha + Enhanced + One-Step,NASDAQ:RCMT,0.0988965789827024
2022-04-01,17,AR1 alpha + Enhanced + One-Step,NASDAQ:RCMT,0.09888754004086447
2022-04-04,17,AR1 alpha + Enhanced + One-Step,NASDAQ:RCMT,0.09999847879789105
2022-04-05,17,AR1 alpha + Enhanced + One-Step,NASDAQ:RCMT,0.09999936395266355
2022-04-06,17,AR1 alpha + Enhanced + One-Step,NASDAQ:RCMT,0.09999787252959347
2022-04-07,17,AR1 alpha + Enhanced + One-Step,NASDAQ:RCMT,0.09999910094563115
2022-04-08,17,AR1 alpha + Enhanced + One-Step,NASDAQ:RCMT,0.09999951166193352
2022-04-11,17,AR1 alpha + Enhanced + One-Step,NASDAQ:RCMT,0.0999961831537168
2022-04-12,17,AR1 alpha + Enhanced + One-Step,NASDAQ:RCMT,0.0999961200881737
2022-04-13,17,AR1 alpha + Enhanced + One-Step,NASDAQ:RCMT,0.09999843697517671
2022-04-14,17,AR1 alpha + Enhanced + One-Step,NASDAQ:RCMT,0.09999593694005876
2022-04-18,17,AR1 alpha + Enhanced + One-Step,NASDAQ:RCMT,0.09999622652853675
2022-04-19,17,AR1 alpha + Enhanced + One-Step,NASDAQ:RCMT,0.09997974448549417
2022-04-20,17,AR1 alpha + Enhanced + One-Step,NASDAQ:RCMT,0.09999468028762505
2022-04-21,17,AR1 alpha + Enhanced + One-Step,NASDAQ:RCMT,0.09999558317974257
2022-04-22,17,AR1 alpha + Enhanced + One-Step,NASDAQ:RCMT,0.09999726390971475
2022-04-25,17,AR1 alpha + Enhanced + One-Step,NASDAQ:RCMT,0.09999826771088324
2022-04-26,17,AR1 alpha + Enhanced + One-Step,NASDAQ:RCMT,0.0999994951554863
2022-04-27,17,AR1 alpha + Enhanced + One-Step,NASDAQ:RCMT,0.09999811501165091
2022-04-28,17,AR1 alpha + Enhanced + One-Step,NASDAQ:RCMT,0.09999664214267803
2022-04-29,17,AR1 alpha + Enhanced + One-Step,NASDAQ:RCMT,0.09999497400203458
2022-05-02,17,AR1 alpha + Enhanced + One-Step,NASDAQ:RCMT,0.09999351382018747
2022-05-03,17,AR1 alpha + Enhanced + One-Step,NASDAQ:RCMT,0.09999758178132521
2022-05-04,17,AR1 alpha + Enhanced + One-Step,NASDAQ:RCMT,0.09999916802546588
2022-05-05,17,AR1 alpha + Enhanced + One-Step,NASDAQ:RCMT,0.09999889985481696
2022-05-06,17,AR1 alpha + Enhanced + One-Step,NASDAQ:RCMT,0.09999827730135116
2022-05-09,17,AR1 alpha + Enhanced + One-Step,NASDAQ:RCMT,0.09999936401513056
2022-05-10,17,AR1 alpha + Enhanced + One-Step,NASDAQ:RCMT,0.09999283012517317
2022-05-11,17,AR1 alpha + Enhanced + One-Step,NASDAQ:RCMT,0.09999445871082303
2022-05-12,17,AR1 alpha + Enhanced + One-Step,NASDAQ:RCMT,0.09999146133791821
2022-05-13,17,AR1 alpha + Enhanced + One-Step,NASDAQ:RCMT,0.09999477128058427
2022-05-16,17,AR1 alpha + Enhanced + One-Step,NASDAQ:RCMT,0.09999583694871075
2022-05-17,17,AR1 alpha + Enhanced + One-Step,NASDAQ:RCMT,0.09999542582588548
2022-05-18,17,AR1 alpha + Enhanced + One-Step,NASDAQ:RCMT,0.09999748377094328
2022-05-19,17,AR1 alpha + Enhanced + One-Step,NASDAQ:RCMT,0.0999989324083731
2022-05-20,17,AR1 alpha + Enhanced + One-Step,NASDAQ:RCMT,0.09999963064757542
2022-05-23,17,AR1 alpha + Enhanced + One-Step,NASDAQ:RCMT,0.09999955593232243
2022-05-24,17,AR1 alpha + Enhanced + One-Step,NASDAQ:RCMT,0.0999970277873447
2022-05-25,17,AR1 alpha + Enhanced + One-Step,NASDAQ:RCMT,0.09999633242221077
2022-05-26,17,AR1 alpha + Enhanced + One-Step,NASDAQ:RCMT,0.09999873024140069
2022-05-27,17,AR1 alpha + Enhanced + One-Step,NASDAQ:RCMT,0.09999890989418878
2022-05-31,17,AR1 alpha + Enhanced + One-Step,NASDAQ:RCMT,0.09999877684660399
2022-06-01,17,AR1 alpha + Enhanced + One-Step,NASDAQ:RCMT,0.09999917609312768
2022-06-02,17,AR1 alpha + Enhanced + One-Step,NASDAQ:RCMT,0.09999996633737761
2022-06-03,17,AR1 alpha + Enhanced + One-Step,NASDAQ:RCMT,0.09999905815415826
2022-06-06,17,AR1 alpha + Enhanced + One-Step,NASDAQ:RCMT,0.09999809158172138
2022-06-07,17,AR1 alpha + Enhanced + One-Step,NASDAQ:RCMT,0.09999696121435797
2022-06-08,17,AR1 alpha + Enhanced + One-Step,NASDAQ:RCMT,0.09999883578435287
2022-06-09,17,AR1 alpha + Enhanced + One-Step,NASDAQ:RCMT,0.09999810032881772
2022-06-10,17,AR1 alpha + Enhanced + One-Step,NASDAQ:RCMT,0.09999760993844191
2022-06-13,17,AR1 alpha + Enhanced + One-Step,NASDAQ:RCMT,0.09999883579734926
2022-06-14,17,AR1 alpha + Enhanced + One-Step,NASDAQ:RCMT,0.0999999491470756
2022-06-15,17,AR1 alpha + Enhanced + One-Step,NASDAQ:RCMT,0.09999802097943837
2022-06-16,17,AR1 alpha + Enhanced + One-Step,NASDAQ:RCMT,0.09999754176988825
2022-06-17,17,AR1 alpha + Enhanced + One-Step,NASDAQ:RCMT,0.09999874092538147
2022-06-21,17,AR1 alpha + Enhanced + One-Step,NASDAQ:RCMT,0.09999919617734902
2022-06-22,17,AR1 alpha + Enhanced + One-Step,NASDAQ:RCMT,0.0999998423940729
2022-06-23,17,AR1 alpha + Enhanced + One-Step,NASDAQ:RCMT,0.09999989028704463
2022-06-24,17,AR1 alpha + Enhanced + One-Step,NASDAQ:RCMT,0.09999989828401076
2022-06-27,17,AR1 alpha + Enhanced + One-Step,NASDAQ:RCMT,0.10000009986749206
2022-06-28,17,AR1 alpha + Enhanced + One-Step,NASDAQ:RCMT,0.10000001115883433
2022-06-29,17,AR1 alpha + Enhanced + One-Step,NASDAQ:RCMT,0.09999956428744627
2022-06-30,17,AR1 alpha + Enhanced + One-Step,NASDAQ:RCMT,0.09999986162814102
2022-07-01,17,AR1 alpha + Enhanced + One-Step,NASDAQ:RCMT,0.09999985015225799
2022-07-05,17,AR1 alpha + Enhanced + One-Step,NASDAQ:RCMT,0.09999993444877978
2022-07-06,17,AR1 alpha + Enhanced + One-Step,NASDAQ:RCMT,0.09999931174200376
2022-07-07,17,AR1 alpha + Enhanced + One-Step,NASDAQ:RCMT,0.09999897415853436
2022-07-08,17,AR1 alpha + Enhanced + One-Step,NASDAQ:RCMT,0.09999963053444615
2022-07-11,17,AR1 alpha + Enhanced + One-Step,NASDAQ:RCMT,0.09999543631307627
2022-07-12,17,AR1 alpha + Enhanced + One-Step,NASDAQ:RCMT,0.09999783677470847
2022-07-13,17,AR1 alpha + Enhanced + One-Step,NASDAQ:RCMT,0.09999907868473205
2022-07-14,17,AR1 alpha + Enhanced + One-Step,NASDAQ:RCMT,0.09999970371217219
2022-07-15,17,AR1 alpha + Enhanced + One-Step,NASDAQ:RCMT,0.0999998975924103
2022-07-18,17,AR1 alpha + Enhanced + One-Step,NASDAQ:RCMT,0.09999973964842414
2022-07-19,17,AR1 alpha + Enhanced + One-Step,NASDAQ:RCMT,0.09999972048603661
2022-07-20,17,AR1 alpha + Enhanced + One-Step,NASDAQ:RCMT,0.09999984740313754
2022-07-21,17,AR1 alpha + Enhanced + One-Step,NASDAQ:RCMT,0.09999989747909278
2022-07-22,17,AR1 alpha + Enhanced + One-Step,NASDAQ:RCMT,0.09999981835187972
2022-07-25,17,AR1 alpha + Enhanced + One-Step,NASDAQ:RCMT,0.09999996710485333
2022-07-26,17,AR1 alpha + Enhanced + One-Step,NASDAQ:RCMT,0.09999998438883487
2022-07-27,17,AR1 alpha + Enhanced + One-Step,NASDAQ:RCMT,0.09999999578234092
2022-07-28,17,AR1 alpha + Enhanced + One-Step,NASDAQ:RCMT,0.09999999934628556
2022-07-29,17,AR1 alpha + Enhanced + One-Step,NASDAQ:RCMT,0.09999545682715397
2022-08-01,17,AR1 alpha + Enhanced + One-Step,NASDAQ:RCMT,0.09999866849269995
2022-08-02,17,AR1 alpha + Enhanced + One-Step,NASDAQ:RCMT,0.09999772504252089
2022-08-03,17,AR1 alpha + Enhanced + One-Step,NASDAQ:RCMT,0.09999931782114506
2022-08-04,17,AR1 alpha + Enhanced + One-Step,NASDAQ:RCMT,0.09999974662278631
2022-08-05,17,AR1 alpha + Enhanced + One-Step,NASDAQ:RCMT,0.0999950924537544
2022-08-08,17,AR1 alpha + Enhanced + One-Step,NASDAQ:RCMT,0.09999459096527548
2022-08-09,17,AR1 alpha + Enhanced + One-Step,NASDAQ:RCMT,0.09999849501915407
2022-08-10,17,AR1 alpha + Enhanced + One-Step,NASDAQ:RCMT,0.0999946621398571
2022-08-11,17,AR1 alpha + Enhanced + One-Step,NASDAQ:RCMT,0.0999978897764901
2022-08-12,17,AR1 alpha + Enhanced + One-Step,NASDAQ:RCMT,0.09999942445116602
2022-08-15,17,AR1 alpha + Enhanced + One-Step,NASDAQ:RCMT,0.09999981223053155
2022-08-16,17,AR1 alpha + Enhanced + One-Step,NASDAQ:RCMT,0.09999996273852216
2022-08-17,17,AR1 alpha + Enhanced + One-Step,NASDAQ:RCMT,0.10000009534585187
2022-08-18,17,AR1 alpha + Enhanced + One-Step,NASDAQ:RCMT,0.09999641209287574
2022-08-19,17,AR1 alpha + Enhanced + One-Step,NASDAQ:RCMT,0.09999618542530876
2022-08-22,17,AR1 alpha + Enhanced + One-Step,NASDAQ:RCMT,0.09999857752963036
2022-08-23,17,AR1 alpha + Enhanced + One-Step,NASDAQ:RCMT,0.09999810457613657
2022-08-24,17,AR1 alpha + Enhanced + One-Step,NASDAQ:RCMT,0.09999932490702498
2022-08-25,17,AR1 alpha + Enhanced + One-Step,NASDAQ:RCMT,0.09999388486794453
2022-08-26,17,AR1 alpha + Enhanced + One-Step,NASDAQ:RCMT,0.09999743158912658
2022-08-29,17,AR1 alpha + Enhanced + One-Step,NASDAQ:RCMT,0.09999933740110707
2022-08-30,17,AR1 alpha + Enhanced + One-Step,NASDAQ:RCMT,0.09999949898183641
2022-08-31,17,AR1 alpha + Enhanced + One-Step,NASDAQ:RCMT,0.09999965794347213
2022-09-01,17,AR1 alpha + Enhanced + One-Step,NASDAQ:RCMT,0.0999999682468536
2022-09-02,17,AR1 alpha + Enhanced + One-Step,NASDAQ:RCMT,0.09999998445304943
2022-09-06,17,AR1 alpha + Enhanced + One-Step,NASDAQ:RCMT,0.09999992332560037
2022-09-07,17,AR1 alpha + Enhanced + One-Step,NASDAQ:RCMT,0.09999998277567991
2022-09-08,17,AR1 alpha + Enhanced + One-Step,NASDAQ:RCMT,0.10000001831140466
2022-09-09,17,AR1 alpha + Enhanced + One-Step,NASDAQ:RCMT,0.09999875497250506
2022-09-12,17,AR1 alpha + Enhanced + One-Step,NASDAQ:RCMT,0.09999892083635842
2022-09-13,17,AR1 alpha + Enhanced + One-Step,NASDAQ:RCMT,0.09999970938507494
2022-09-14,17,AR1 alpha + Enhanced + One-Step,NASDAQ:RCMT,0.09999853039923912
2022-09-15,17,AR1 alpha + Enhanced + One-Step,NASDAQ:RCMT,0.09999974559942364
2022-09-16,17,AR1 alpha + Enhanced + One-Step,NASDAQ:RCMT,0.09999994602395015
2022-09-19,17,AR1 alpha + Enhanced + One-Step,NASDAQ:RCMT,0.09999895420178675
2022-09-20,17,AR1 alpha + Enhanced + One-Step,NASDAQ:RCMT,0.09999987506329962
2022-09-21,17,AR1 alpha + Enhanced + One-Step,NASDAQ:RCMT,0.0999998122675154
2022-09-22,17,AR1 alpha + Enhanced + One-Step,NASDAQ:RCMT,0.09999993071980214
2022-09-23,17,AR1 alpha + Enhanced + One-Step,NASDAQ:RCMT,0.09999758050367694
2022-09-26,17,AR1 alpha + Enhanced + One-Step,NASDAQ:RCMT,0.09999926376414023
2022-09-27,17,AR1 alpha + Enhanced + One-Step,NASDAQ:RCMT,0.09999970738222716
2022-09-28,17,AR1 alpha + Enhanced + One-Step,NASDAQ:RCMT,0.09999935241599998
2022-09-29,17,AR1 alpha + Enhanced + One-Step,NASDAQ:RCMT,0.09999990487498411
2022-09-30,17,AR1 alpha + Enhanced + One-Step,NASDAQ:RCMT,0.09718025391969354
2022-10-03,17,AR1 alpha + Enhanced + One-Step,NASDAQ:RCMT,0.09718026930357178
2022-10-04,17,AR1 alpha + Enhanced + One-Step,NASDAQ:RCMT,0.09717999959733846
2022-10-05,17,AR1 alpha + Enhanced + One-Step,NASDAQ:RCMT,0.09999574801551268
2022-10-06,17,AR1 alpha + Enhanced + One-Step,NASDAQ:RCMT,0.09999668384641427
2022-10-07,17,AR1 alpha + Enhanced + One-Step,NASDAQ:RCMT,0.09999908370597854
2022-10-10,17,AR1 alpha + Enhanced + One-Step,NASDAQ:RCMT,0.09999819911728156
2022-10-11,17,AR1 alpha + Enhanced + One-Step,NASDAQ:RCMT,0.09999507907616746
2022-10-12,17,AR1 alpha + Enhanced + One-Step,NASDAQ:RCMT,0.09999764708290161
2022-10-13,17,AR1 alpha + Enhanced + One-Step,NASDAQ:RCMT,0.09999949609921406
2022-10-14,17,AR1 alpha + Enhanced + One-Step,NASDAQ:RCMT,0.0999998893187717
2022-10-17,17,AR1 alpha + Enhanced + One-Step,NASDAQ:RCMT,0.09999987488616871
2022-10-18,17,AR1 alpha + Enhanced + One-Step,NASDAQ:RCMT,0.09999993290739272
2022-10-19,17,AR1 alpha + Enhanced + One-Step,NASDAQ:RCMT,0.099999978643335
2022-10-20,17,AR1 alpha + Enhanced + One-Step,NASDAQ:RCMT,0.09999916655004576
2022-10-21,17,AR1 alpha + Enhanced + One-Step,NASDAQ:RCMT,0.09999977808770849
2022-10-24,17,AR1 alpha + Enhanced + One-Step,NASDAQ:RCMT,0.09999778158747663
2022-10-25,17,AR1 alpha + Enhanced + One-Step,NASDAQ:RCMT,0.09999937551332423
2022-10-26,17,AR1 alpha + Enhanced + One-Step,NASDAQ:RCMT,0.09999982059653299
2022-10-27,17,AR1 alpha + Enhanced + One-Step,NASDAQ:RCMT,0.09999667961607335
2022-10-28,17,AR1 alpha + Enhanced + One-Step,NASDAQ:RCMT,0.09999886780131538
2022-10-31,17,AR1 alpha + Enhanced + One-Step,NASDAQ:RCMT,0.09999857024240857
2022-11-01,17,AR1 alpha + Enhanced + One-Step,NASDAQ:RCMT,0.09999699467107181
2022-11-02,17,AR1 alpha + Enhanced + One-Step,NASDAQ:RCMT,0.09999916949537942
2022-11-03,17,AR1 alpha + Enhanced + One-Step,NASDAQ:RCMT,0.1000003927079872
2022-11-04,17,AR1 alpha + Enhanced + One-Step,NASDAQ:RCMT,0.09999990053840159
2022-11-07,17,AR1 alpha + Enhanced + One-Step,NASDAQ:RCMT,0.0999965807845316
2022-11-08,17,AR1 alpha + Enhanced + One-Step,NASDAQ:RCMT,0.09999947316702142
2022-11-09,17,AR1 alpha + Enhanced + One-Step,NASDAQ:RCMT,0.09999939039547415
2022-11-10,17,AR1 alpha + Enhanced + One-Step,NASDAQ:RCMT,0.09999983150037843
2022-11-11,17,AR1 alpha + Enhanced + One-Step,NASDAQ:RCMT,0.0999992781574695
2022-11-14,17,AR1 alpha + Enhanced + One-Step,NASDAQ:RCMT,0.09999953013171614
2022-11-15,17,AR1 alpha + Enhanced + One-Step,NASDAQ:RCMT,0.09999986933916429
2022-11-16,17,AR1 alpha + Enhanced + One-Step,NASDAQ:RCMT,0.09999995766112188
2022-11-17,17,AR1 alpha + Enhanced + One-Step,NASDAQ:RCMT,0.09999970597777952
2022-11-18,17,AR1 alpha + Enhanced + One-Step,NASDAQ:RCMT,0.09999992766044895
2022-11-21,17,AR1 alpha + Enhanced + One-Step,NASDAQ:RCMT,0.09999930589927543
2022-11-22,17,AR1 alpha + Enhanced + One-Step,NASDAQ:RCMT,0.0999971700823512
2022-11-23,17,AR1 alpha + Enhanced + One-Step,NASDAQ:RCMT,0.09999963308636434
2022-11-25,17,AR1 alpha + Enhanced + One-Step,NASDAQ:RCMT,0.09999999858125079
2022-11-28,17,AR1 alpha + Enhanced + One-Step,NASDAQ:RCMT,0.10000002874389531
2022-11-29,17,AR1 alpha + Enhanced + One-Step,NASDAQ:RCMT,0.10000001198521144
2022-11-30,17,AR1 alpha + Enhanced + One-Step,NASDAQ:RCMT,0.10000000204112802
2022-12-01,17,AR1 alpha + Enhanced + One-Step,NASDAQ:RCMT,0.0999995146902144
2022-12-02,17,AR1 alpha + Enhanced + One-Step,NASDAQ:RCMT,0.09999987652909596
2022-12-05,17,AR1 alpha + Enhanced + One-Step,NASDAQ:RCMT,0.09999630460207803
2022-12-06,17,AR1 alpha + Enhanced + One-Step,NASDAQ:RCMT,0.09999540817099671
2022-12-07,17,AR1 alpha + Enhanced + One-Step,NASDAQ:RCMT,0.09999235209237003
2022-12-08,17,AR1 alpha + Enhanced + One-Step,NASDAQ:RCMT,0.09872774097007933
2022-12-09,17,AR1 alpha + Enhanced + One-Step,NASDAQ:RCMT,0.09872265289927044
2022-12-12,17,AR1 alpha + Enhanced + One-Step,NASDAQ:RCMT,0.0961257992499251
2022-12-13,17,AR1 alpha + Enhanced + One-Step,NASDAQ:RCMT,0.09027217308761934
2022-12-14,17,AR1 alpha + Enhanced + One-Step,NASDAQ:RCMT,0.09026687393844791
2022-12-15,17,AR1 alpha + Enhanced + One-Step,NASDAQ:RCMT,0.09026208086769529
2022-12-16,17,AR1 alpha + Enhanced + One-Step,NASDAQ:RCMT,0.09025759013250632
2022-12-19,17,AR1 alpha + Enhanced + One-Step,NASDAQ:RCMT,0.09999967297438285
2022-12-20,17,AR1 alpha + Enhanced + One-Step,NASDAQ:RCMT,0.09999793497189623
2022-12-21,17,AR1 alpha + Enhanced + One-Step,NASDAQ:RCMT,0.09999936671897391
2022-12-22,17,AR1 alpha + Enhanced + One-Step,NASDAQ:RCMT,0.09999980202412768
2022-12-23,17,AR1 alpha + Enhanced + One-Step,NASDAQ:RCMT,0.0999999537666041
2022-12-27,17,AR1 alpha + Enhanced + One-Step,NASDAQ:RCMT,0.09999998896663778
2022-12-28,17,AR1 alpha + Enhanced + One-Step,NASDAQ:RCMT,0.09999996371371388
2022-12-29,17,AR1 alpha + Enhanced + One-Step,NASDAQ:RCMT,0.09999961237711913
2022-12-30,17,AR1 alpha + Enhanced + One-Step,NASDAQ:RCMT,0.09999986845230831
2023-01-03,17,AR1 alpha + Enhanced + One-Step,NASDAQ:RCMT,0.0999998809125189
2023-01-04,17,AR1 alpha + Enhanced + One-Step,NASDAQ:RCMT,0.09956608171550939
2023-01-05,17,AR1 alpha + Enhanced + One-Step,NASDAQ:RCMT,0.09956664284338364
2023-01-06,17,AR1 alpha + Enhanced + One-Step,NASDAQ:RCMT,0.09956659311616238
2023-01-09,17,AR1 alpha + Enhanced + One-Step,NASDAQ:RCMT,0.09065893042466143
2023-01-10,17,AR1 alpha + Enhanced + One-Step,NASDAQ:RCMT,0.09065788402343615
2023-01-11,17,AR1 alpha + Enhanced + One-Step,NASDAQ:RCMT,0.09065447365886006
2023-01-12,17,AR1 alpha + Enhanced + One-Step,NASDAQ:RCMT,0.09065075319843369
2023-01-13,17,AR1 alpha + Enhanced + One-Step,NASDAQ:RCMT,0.0906458778485835
2023-01-17,17,AR1 alpha + Enhanced + One-Step,NASDAQ:RCMT,0.09064497580388005
2023-01-18,17,AR1 alpha + Enhanced + One-Step,NASDAQ:RCMT,0.09064502968168145
2023-01-19,17,AR1 alpha + Enhanced + One-Step,NASDAQ:RCMT,0.09064360658527941
2023-01-20,17,AR1 alpha + Enhanced + One-Step,NASDAQ:RCMT,0.09064224131728911
2023-01-23,17,AR1 alpha + Enhanced + One-Step,NASDAQ:RCMT,0.09088063740161809
2023-01-24,17,AR1 alpha + Enhanced + One-Step,NASDAQ:RCMT,0.09079676458102698
2023-01-25,17,AR1 alpha + Enhanced + One-Step,NASDAQ:RCMT,0.0885487428129835
2023-01-26,17,AR1 alpha + Enhanced + One-Step,NASDAQ:RCMT,0.08854867179980888
2023-01-27,17,AR1 alpha + Enhanced + One-Step,NASDAQ:RCMT,0.0885452250055193
2023-01-30,17,AR1 alpha + Enhanced + One-Step,NASDAQ:RCMT,0.08854468273548506
2023-01-31,17,AR1 alpha + Enhanced + One-Step,NASDAQ:RCMT,0.08854089326465239
2023-02-01,17,AR1 alpha + Enhanced + One-Step,NASDAQ:RCMT,0.08853867440024257
2023-02-02,17,AR1 alpha + Enhanced + One-Step,NASDAQ:RCMT,0.08853987668521059
2023-02-03,17,AR1 alpha + Enhanced + One-Step,NASDAQ:RCMT,0.08853991933357484
2023-02-06,17,AR1 alpha + Enhanced + One-Step,NASDAQ:RCMT,0.0885400062207775
2023-02-07,17,AR1 alpha + Enhanced + One-Step,NASDAQ:RCMT,0.08854299578867096
2023-02-08,17,AR1 alpha + Enhanced + One-Step,NASDAQ:RCMT,0.08854334027872746
2023-02-09,17,AR1 alpha + Enhanced + One-Step,NASDAQ:RCMT,0.08854327070326073
2023-02-10,17,AR1 alpha + Enhanced + One-Step,NASDAQ:RCMT,0.08835384618898807
2023-02-13,17,AR1 alpha + Enhanced + One-Step,NASDAQ:RCMT,0.08788681998897349
2023-02-14,17,AR1 alpha + Enhanced + One-Step,NASDAQ:RCMT,0.08788637396000853
2023-02-15,17,AR1 alpha + Enhanced + One-Step,NASDAQ:RCMT,0.08788628265652326
2023-02-16,17,AR1 alpha + Enhanced + One-Step,NASDAQ:RCMT,0.08788197226002814
2023-02-17,17,AR1 alpha + Enhanced + One-Step,NASDAQ:RCMT,0.08787758994986124
2023-02-21,17,AR1 alpha + Enhanced + One-Step,NASDAQ:RCMT,0.08787285196515696
2023-02-22,17,AR1 alpha + Enhanced + One-Step,NASDAQ:RCMT,0.08787017938949702
2023-02-23,17,AR1 alpha + Enhanced + One-Step,NASDAQ:RCMT,0.08786924133079872
2023-02-24,17,AR1 alpha + Enhanced + One-Step,NASDAQ:RCMT,0.08787086289682687
2023-02-27,17,AR1 alpha + Enhanced + One-Step,NASDAQ:RCMT,0.08787078496263215
2023-02-28,17,AR1 alpha + Enhanced + One-Step,NASDAQ:RCMT,0.09180981402923903
2023-03-01,17,AR1 alpha + Enhanced + One-Step,NASDAQ:RCMT,0.09384767477146021
2023-03-02,17,AR1 alpha + Enhanced + One-Step,NASDAQ:RCMT,0.09384484568458411
2023-03-03,17,AR1 alpha + Enhanced + One-Step,NASDAQ:RCMT,0.093840968330197
2023-03-06,17,AR1 alpha + Enhanced + One-Step,NASDAQ:RCMT,0.0938408152480893
2023-03-07,17,AR1 alpha + Enhanced + One-Step,NASDAQ:RCMT,0.09383803744825216
2023-03-08,17,AR1 alpha + Enhanced + One-Step,NASDAQ:RCMT,0.09416353237020621
2023-03-09,17,AR1 alpha + Enhanced + One-Step,NASDAQ:RCMT,0.09999848358193722
2023-03-10,17,AR1 alpha + Enhanced + One-Step,NASDAQ:RCMT,0.0999992937992487
2023-03-13,17,AR1 alpha + Enhanced + One-Step,NASDAQ:RCMT,0.09999968049377216
2023-03-14,17,AR1 alpha + Enhanced + One-Step,NASDAQ:RCMT,0.09999985970849501
2023-03-15,17,AR1 alpha + Enhanced + One-Step,NASDAQ:RCMT,0.09999981477790006
2023-03-16,17,AR1 alpha + Enhanced + One-Step,NASDAQ:RCMT,0.0999999465134003
2023-03-17,17,AR1 alpha + Enhanced + One-Step,NASDAQ:RCMT,0.09999984257516097
2023-03-20,17,AR1 alpha + Enhanced + One-Step,NASDAQ:RCMT,0.09999857541366282
2023-03-21,17,AR1 alpha + Enhanced + One-Step,NASDAQ:RCMT,0.09999904601901251
2023-03-22,17,AR1 alpha + Enhanced + One-Step,NASDAQ:RCMT,0.09999703866192393
2023-03-23,17,AR1 alpha + Enhanced + One-Step,NASDAQ:RCMT,0.09999562562172731
2023-03-24,17,AR1 alpha + Enhanced + One-Step,NASDAQ:RCMT,0.09999823713437016
2023-03-27,17,AR1 alpha + Enhanced + One-Step,NASDAQ:RCMT,0.09999817076013721
2023-03-28,17,AR1 alpha + Enhanced + One-Step,NASDAQ:RCMT,0.09592650170754155
2023-03-29,17,AR1 alpha + Enhanced + One-Step,NASDAQ:RCMT,0.08913307534108246
2023-03-30,17,AR1 alpha + Enhanced + One-Step,NASDAQ:RCMT,0.08358918068007623
2023-03-31,17,AR1 alpha + Enhanced + One-Step,NASDAQ:RCMT,0.08253408515264864
2023-04-03,17,AR1 alpha + Enhanced + One-Step,NASDAQ:RCMT,0.08220510295737614
2023-04-04,17,AR1 alpha + Enhanced + One-Step,NASDAQ:RCMT,0.08220420212255568
2023-04-05,17,AR1 alpha + Enhanced + One-Step,NASDAQ:RCMT,0.07808223853372455
2023-04-06,17,AR1 alpha + Enhanced + One-Step,NASDAQ:RCMT,0.07028470007458504
2023-04-10,17,AR1 alpha + Enhanced + One-Step,NASDAQ:RCMT,0.05524789888425521
2023-04-11,17,AR1 alpha + Enhanced + One-Step,NASDAQ:RCMT,0.04606275983880267
2023-04-12,17,AR1 alpha + Enhanced + One-Step,NASDAQ:RCMT,0.034613274971328115
2023-04-13,17,AR1 alpha + Enhanced + One-Step,NASDAQ:RCMT,0.03120798048768477
2023-04-14,17,AR1 alpha + Enhanced + One-Step,NASDAQ:RCMT,0.03062130095547632
2023-04-17,17,AR1 alpha + Enhanced + One-Step,NASDAQ:RCMT,0.030621473505451073
2023-04-18,17,AR1 alpha + Enhanced + One-Step,NASDAQ:RCMT,0.029333357456629985
2023-04-19,17,AR1 alpha + Enhanced + One-Step,NASDAQ:RCMT,0.029333103452603156
2023-04-20,17,AR1 alpha + Enhanced + One-Step,NASDAQ:RCMT,0.03695087602710978
2023-04-21,17,AR1 alpha + Enhanced + One-Step,NASDAQ:RCMT,0.0389222801517745
2023-04-24,17,AR1 alpha + Enhanced + One-Step,NASDAQ:RCMT,0.04145865339692753
2023-04-25,17,AR1 alpha + Enhanced + One-Step,NASDAQ:RCMT,0.05467511226224821
2023-04-26,17,AR1 alpha + Enhanced + One-Step,NASDAQ:RCMT,0.05275836494168659
2023-04-27,17,AR1 alpha + Enhanced + One-Step,NASDAQ:RCMT,0.052756720763068816
2023-04-28,17,AR1 alpha + Enhanced + One-Step,NASDAQ:RCMT,0.05213118181643558
2023-05-01,17,AR1 alpha + Enhanced + One-Step,NASDAQ:RCMT,0.02712172060407802
2023-05-02,17,AR1 alpha + Enhanced + One-Step,NASDAQ:RCMT,0.02622695618294617
2023-05-03,17,AR1 alpha + Enhanced + One-Step,NASDAQ:RCMT,0.0024366270318395503
2023-05-04,17,AR1 alpha + Enhanced + One-Step,NASDAQ:RCMT,0.0
2023-05-05,17,AR1 alpha + Enhanced + One-Step,NASDAQ:RCMT,0.0
2023-05-08,17,AR1 alpha + Enhanced + One-Step,NASDAQ:RCMT,0.0
2023-05-09,17,AR1 alpha + Enhanced + One-Step,NASDAQ:RCMT,0.0
2023-05-10,17,AR1 alpha + Enhanced + One-Step,NASDAQ:RCMT,2.6771825695439294e-07
2023-05-11,17,AR1 alpha + Enhanced + One-Step,NASDAQ:RCMT,5.396703529610444e-08
2023-05-12,17,AR1 alpha + Enhanced + One-Step,NASDAQ:RCMT,2.2713651128401936e-07
2023-05-15,17,AR1 alpha + Enhanced + One-Step,NASDAQ:RCMT,3.0714814311398653e-07
2023-05-16,17,AR1 alpha + Enhanced + One-Step,NASDAQ:RCMT,1.9358860990777314e-07
2023-05-17,17,AR1 alpha + Enhanced + One-Step,NASDAQ:RCMT,0.0
2023-05-18,17,AR1 alpha + Enhanced + One-Step,NASDAQ:RCMT,9.280963107017037e-07
2023-05-19,17,AR1 alpha + Enhanced + One-Step,NASDAQ:RCMT,2.633798342778427e-07
2023-05-22,17,AR1 alpha + Enhanced + One-Step,NASDAQ:RCMT,5.435200883900861e-08
2023-05-23,17,AR1 alpha + Enhanced + One-Step,NASDAQ:RCMT,0.0
2023-05-24,17,AR1 alpha + Enhanced + One-Step,NASDAQ:RCMT,0.0
2023-05-25,17,AR1 alpha + Enhanced + One-Step,NASDAQ:RCMT,0.0
2023-05-26,17,AR1 alpha + Enhanced + One-Step,NASDAQ:RCMT,4.01361448001753e-08
2023-05-30,17,AR1 alpha + Enhanced + One-Step,NASDAQ:RCMT,1.577695865698214e-08
2023-05-31,17,AR1 alpha + Enhanced + One-Step,NASDAQ:RCMT,1.0590565267053977e-07
2023-06-01,17,AR1 alpha + Enhanced + One-Step,NASDAQ:RCMT,0.0
2023-06-02,17,AR1 alpha + Enhanced + One-Step,NASDAQ:RCMT,0.0
2023-06-05,17,AR1 alpha + Enhanced + One-Step,NASDAQ:RCMT,0.0
2023-06-06,17,AR1 alpha + Enhanced + One-Step,NASDAQ:RCMT,2.169393414006528e-06
2023-06-07,17,AR1 alpha + Enhanced + One-Step,NASDAQ:RCMT,5.058061684274668e-07
2023-06-08,17,AR1 alpha + Enhanced + One-Step,NASDAQ:RCMT,1.0779155487306251e-07
2023-06-09,17,AR1 alpha + Enhanced + One-Step,NASDAQ:RCMT,0.0
2023-06-12,17,AR1 alpha + Enhanced + One-Step,NASDAQ:RCMT,0.0
2023-06-13,17,AR1 alpha + Enhanced + One-Step,NASDAQ:RCMT,0.0
2023-06-14,17,AR1 alpha + Enhanced + One-Step,NASDAQ:RCMT,0.0
2023-06-15,17,AR1 alpha + Enhanced + One-Step,NASDAQ:RCMT,0.0
2023-06-16,17,AR1 alpha + Enhanced + One-Step,NASDAQ:RCMT,0.0
2023-06-20,17,AR1 alpha + Enhanced + One-Step,NASDAQ:RCMT,0.0
2023-06-21,17,AR1 alpha + Enhanced + One-Step,NASDAQ:RCMT,0.0
2023-06-22,17,AR1 alpha + Enhanced + One-Step,NASDAQ:RCMT,0.0
2023-06-23,17,AR1 alpha + Enhanced + One-Step,NASDAQ:RCMT,0.0
2023-06-26,17,AR1 alpha + Enhanced + One-Step,NASDAQ:RCMT,0.0
2023-06-27,17,AR1 alpha + Enhanced + One-Step,NASDAQ:RCMT,0.0
2023-06-28,17,AR1 alpha + Enhanced + One-Step,NASDAQ:RCMT,0.0
2023-06-29,17,AR1 alpha + Enhanced + One-Step,NASDAQ:RCMT,0.0
2023-06-30,17,AR1 alpha + Enhanced + One-Step,NASDAQ:RCMT,6.558238375624357e-08
2023-07-03,17,AR1 alpha + Enhanced + One-Step,NASDAQ:RCMT,0.0
2023-07-05,17,AR1 alpha + Enhanced + One-Step,NASDAQ:RCMT,8.421625475971735e-07
2023-07-06,17,AR1 alpha + Enhanced + One-Step,NASDAQ:RCMT,5.035237010225897e-07
2023-07-07,17,AR1 alpha + Enhanced + One-Step,NASDAQ:RCMT,7.821450878483556e-07
2023-07-10,17,AR1 alpha + Enhanced + One-Step,NASDAQ:RCMT,2.3489716018207493e-07
2023-07-11,17,AR1 alpha + Enhanced + One-Step,NASDAQ:RCMT,0.004074658076347747
2023-07-12,17,AR1 alpha + Enhanced + One-Step,NASDAQ:RCMT,0.011115383518468193
2023-07-13,17,AR1 alpha + Enhanced + One-Step,NASDAQ:RCMT,0.015338242405679582
2023-07-14,17,AR1 alpha + Enhanced + One-Step,NASDAQ:RCMT,0.0241350738113907
2023-07-17,17,AR1 alpha + Enhanced + One-Step,NASDAQ:RCMT,0.024731048437325296
2023-07-18,17,AR1 alpha + Enhanced + One-Step,NASDAQ:RCMT,0.033699158323146135
2023-07-19,17,AR1 alpha + Enhanced + One-Step,NASDAQ:RCMT,0.03732273147145103
2023-07-20,17,AR1 alpha + Enhanced + One-Step,NASDAQ:RCMT,0.037322307542175644
2023-07-21,17,AR1 alpha + Enhanced + One-Step,NASDAQ:RCMT,0.037321622724421424
2023-07-24,17,AR1 alpha + Enhanced + One-Step,NASDAQ:RCMT,0.03731771371017035
2023-07-25,17,AR1 alpha + Enhanced + One-Step,NASDAQ:RCMT,0.037316723697775986
2023-07-26,17,AR1 alpha + Enhanced + One-Step,NASDAQ:RCMT,0.037525743272255344
2023-07-27,17,AR1 alpha + Enhanced + One-Step,NASDAQ:RCMT,0.03752476272053799
2023-08-01,17,AR1 alpha + Enhanced + One-Step,NASDAQ:RCMT,0.03752396117823107
2023-08-02,17,AR1 alpha + Enhanced + One-Step,NASDAQ:RCMT,0.037523903771596534
2023-08-03,17,AR1 alpha + Enhanced + One-Step,NASDAQ:RCMT,0.037524074305821595
2023-08-04,17,AR1 alpha + Enhanced + One-Step,NASDAQ:RCMT,0.037526672013491545
2023-08-07,17,AR1 alpha + Enhanced + One-Step,NASDAQ:RCMT,0.03752651678313304
2023-08-08,17,AR1 alpha + Enhanced + One-Step,NASDAQ:RCMT,0.037526270891979414
2023-08-09,17,AR1 alpha + Enhanced + One-Step,NASDAQ:RCMT,0.0375262564082607
2023-08-10,17,AR1 alpha + Enhanced + One-Step,NASDAQ:RCMT,0.041594291793874937
2023-08-11,17,AR1 alpha + Enhanced + One-Step,NASDAQ:RCMT,0.038388053460932166
2023-08-14,17,AR1 alpha + Enhanced + One-Step,NASDAQ:RCMT,0.029914196016223218
2023-08-15,17,AR1 alpha + Enhanced + One-Step,NASDAQ:RCMT,0.02798524371573464
2023-08-16,17,AR1 alpha + Enhanced + One-Step,NASDAQ:RCMT,0.027984368673608546
2023-08-17,17,AR1 alpha + Enhanced + One-Step,NASDAQ:RCMT,0.027983825829675554
2023-08-18,17,AR1 alpha + Enhanced + One-Step,NASDAQ:RCMT,0.027982857834551192
2023-08-21,17,AR1 alpha + Enhanced + One-Step,NASDAQ:RCMT,0.027982237540997167
2023-08-22,17,AR1 alpha + Enhanced + One-Step,NASDAQ:RCMT,0.02798216787920595
2023-08-23,17,AR1 alpha + Enhanced + One-Step,NASDAQ:RCMT,0.03349166573878945
2023-08-24,17,AR1 alpha + Enhanced + One-Step,NASDAQ:RCMT,0.03349140112249581
2023-08-25,17,AR1 alpha + Enhanced + One-Step,NASDAQ:RCMT,0.03778515108576535
2023-08-28,17,AR1 alpha + Enhanced + One-Step,NASDAQ:RCMT,0.040870501610350454
2023-08-29,17,AR1 alpha + Enhanced + One-Step,NASDAQ:RCMT,0.040870052823147894
2023-08-30,17,AR1 alpha + Enhanced + One-Step,NASDAQ:RCMT,0.04087012361570888
2023-08-31,17,AR1 alpha + Enhanced + One-Step,NASDAQ:RCMT,0.04086962156450092
2023-09-01,17,AR1 alpha + Enhanced + One-Step,NASDAQ:RCMT,0.045848220367963544
2023-09-05,17,AR1 alpha + Enhanced + One-Step,NASDAQ:RCMT,0.04584399584892147
2023-09-06,17,AR1 alpha + Enhanced + One-Step,NASDAQ:RCMT,0.041187564874541074
2023-09-07,17,AR1 alpha + Enhanced + One-Step,NASDAQ:RCMT,0.03785037398752085
2023-09-08,17,AR1 alpha + Enhanced + One-Step,NASDAQ:RCMT,0.03785006690199263
2023-09-11,17,AR1 alpha + Enhanced + One-Step,NASDAQ:RCMT,0.03785049111293267
2023-09-12,17,AR1 alpha + Enhanced + One-Step,NASDAQ:RCMT,0.037850656820688104
2023-09-13,17,AR1 alpha + Enhanced + One-Step,NASDAQ:RCMT,0.037849234191416795
2023-09-14,17,AR1 alpha + Enhanced + One-Step,NASDAQ:RCMT,0.04285876543118607
2023-09-15,17,AR1 alpha + Enhanced + One-Step,NASDAQ:RCMT,0.04285904167597017
2023-09-18,17,AR1 alpha + Enhanced + One-Step,NASDAQ:RCMT,0.04347660858110016
2023-09-19,17,AR1 alpha + Enhanced + One-Step,NASDAQ:RCMT,0.04573758197578507
2023-09-20,17,AR1 alpha + Enhanced + One-Step,NASDAQ:RCMT,0.05107486121167561
2023-09-21,17,AR1 alpha + Enhanced + One-Step,NASDAQ:RCMT,0.05164417570173818
2023-09-22,17,AR1 alpha + Enhanced + One-Step,NASDAQ:RCMT,0.05660679165780588
2023-09-25,17,AR1 alpha + Enhanced + One-Step,NASDAQ:RCMT,0.059349891500100664
2023-09-26,17,AR1 alpha + Enhanced + One-Step,NASDAQ:RCMT,0.059603093659138816
2023-09-27,17,AR1 alpha + Enhanced + One-Step,NASDAQ:RCMT,0.05962018287847623
2023-09-28,17,AR1 alpha + Enhanced + One-Step,NASDAQ:RCMT,0.05962013808759492
2023-09-29,17,AR1 alpha + Enhanced + One-Step,NASDAQ:RCMT,0.056605717137378976
2023-10-02,17,AR1 alpha + Enhanced + One-Step,NASDAQ:RCMT,0.04635790557016838
2023-10-03,17,AR1 alpha + Enhanced + One-Step,NASDAQ:RCMT,0.04418167019122777
2023-10-04,17,AR1 alpha + Enhanced + One-Step,NASDAQ:RCMT,0.04417757903331346
2023-10-05,17,AR1 alpha + Enhanced + One-Step,NASDAQ:RCMT,0.04096778817924344
2023-10-06,17,AR1 alpha + Enhanced + One-Step,NASDAQ:RCMT,0.04096760061857681
2023-10-09,17,AR1 alpha + Enhanced + One-Step,NASDAQ:RCMT,0.040967332755597025
2023-10-10,17,AR1 alpha + Enhanced + One-Step,NASDAQ:RCMT,0.03890193765951902
2023-10-11,17,AR1 alpha + Enhanced + One-Step,NASDAQ:RCMT,0.04109178286384828
2023-10-12,17,AR1 alpha + Enhanced + One-Step,NASDAQ:RCMT,0.037598002793737
2023-10-13,17,AR1 alpha + Enhanced + One-Step,NASDAQ:RCMT,0.0322559880533529
2023-10-16,17,AR1 alpha + Enhanced + One-Step,NASDAQ:RCMT,0.03313953713808925
2023-10-17,17,AR1 alpha + Enhanced + One-Step,NASDAQ:RCMT,0.04103028493013184
2023-10-18,17,AR1 alpha + Enhanced + One-Step,NASDAQ:RCMT,0.04103047170188
2023-10-19,17,AR1 alpha + Enhanced + One-Step,NASDAQ:RCMT,0.03553056111369791
2023-10-20,17,AR1 alpha + Enhanced + One-Step,NASDAQ:RCMT,0.026859553947568976
2023-10-23,17,AR1 alpha + Enhanced + One-Step,NASDAQ:RCMT,0.024452178420766357
2023-10-24,17,AR1 alpha + Enhanced + One-Step,NASDAQ:RCMT,0.024452193094232612
2023-10-25,17,AR1 alpha + Enhanced + One-Step,NASDAQ:RCMT,0.024452065209308736
2023-10-26,17,AR1 alpha + Enhanced + One-Step,NASDAQ:RCMT,0.02445205380629751
2023-10-27,17,AR1 alpha + Enhanced + One-Step,NASDAQ:RCMT,0.024452048193042156
2023-10-30,17,AR1 alpha + Enhanced + One-Step,NASDAQ:RCMT,0.024451996350972068
2023-10-31,17,AR1 alpha + Enhanced + One-Step,NASDAQ:RCMT,0.030098290455165915
2023-11-01,17,AR1 alpha + Enhanced + One-Step,NASDAQ:RCMT,0.045994113300367456
2023-11-02,17,AR1 alpha + Enhanced + One-Step,NASDAQ:RCMT,0.05828866121630473
2023-11-03,17,AR1 alpha + Enhanced + One-Step,NASDAQ:RCMT,0.05828868622715996
2023-11-06,17,AR1 alpha + Enhanced + One-Step,NASDAQ:RCMT,0.05828876948628005
2023-11-07,17,AR1 alpha + Enhanced + One-Step,NASDAQ:RCMT,0.058282945912092245
2023-11-08,17,AR1 alpha + Enhanced + One-Step,NASDAQ:RCMT,0.05772281553395907
2023-11-09,17,AR1 alpha + Enhanced + One-Step,NASDAQ:RCMT,0.0577209783605425
2023-11-10,17,AR1 alpha + Enhanced + One-Step,NASDAQ:RCMT,0.08272548599977864
2023-11-13,17,AR1 alpha + Enhanced + One-Step,NASDAQ:RCMT,0.09999902576237589
2023-11-14,17,AR1 alpha + Enhanced + One-Step,NASDAQ:RCMT,0.09999861095013204
2023-11-15,17,AR1 alpha + Enhanced + One-Step,NASDAQ:RCMT,0.0999989873752321
2023-11-16,17,AR1 alpha + Enhanced + One-Step,NASDAQ:RCMT,0.0999982236612872
2023-11-17,17,AR1 alpha + Enhanced + One-Step,NASDAQ:RCMT,0.09999861498580223
2023-11-20,17,AR1 alpha + Enhanced + One-Step,NASDAQ:RCMT,0.09999924804420944
2023-11-21,17,AR1 alpha + Enhanced + One-Step,NASDAQ:RCMT,0.09999956425543363
2023-11-22,17,AR1 alpha + Enhanced + One-Step,NASDAQ:RCMT,0.09999969524277316
2023-11-24,17,AR1 alpha + Enhanced + One-Step,NASDAQ:RCMT,0.09999981642447292
2023-11-27,17,AR1 alpha + Enhanced + One-Step,NASDAQ:RCMT,0.09999957710505945
2023-11-28,17,AR1 alpha + Enhanced + One-Step,NASDAQ:RCMT,0.09999974782865934
2023-11-29,17,AR1 alpha + Enhanced + One-Step,NASDAQ:RCMT,0.09999688950504257
2023-11-30,17,AR1 alpha + Enhanced + One-Step,NASDAQ:RCMT,0.0999949268282522
2023-12-01,17,AR1 alpha + Enhanced + One-Step,NASDAQ:RCMT,0.09999688388387651
2023-12-04,17,AR1 alpha + Enhanced + One-Step,NASDAQ:RCMT,0.09999513177016416
2023-12-05,17,AR1 alpha + Enhanced + One-Step,NASDAQ:RCMT,0.09999507269956626
2023-12-06,17,AR1 alpha + Enhanced + One-Step,NASDAQ:RCMT,0.0999970400001346
2023-12-07,17,AR1 alpha + Enhanced + One-Step,NASDAQ:RCMT,0.09999820477706202
2023-12-08,17,AR1 alpha + Enhanced + One-Step,NASDAQ:RCMT,0.10000016775441548
2023-12-11,17,AR1 alpha + Enhanced + One-Step,NASDAQ:RCMT,0.09999878000551156
2023-12-12,17,AR1 alpha + Enhanced + One-Step,NASDAQ:RCMT,0.09999875798420398
2023-12-13,17,AR1 alpha + Enhanced + One-Step,NASDAQ:RCMT,0.0999993738953279
2023-12-14,17,AR1 alpha + Enhanced + One-Step,NASDAQ:RCMT,0.09999972304994291
2023-12-15,17,AR1 alpha + Enhanced + One-Step,NASDAQ:RCMT,0.09999510147003782
2023-12-18,17,AR1 alpha + Enhanced + One-Step,NASDAQ:RCMT,0.09999647241983986
2023-12-19,17,AR1 alpha + Enhanced + One-Step,NASDAQ:RCMT,0.09999765392571301
2023-12-20,17,AR1 alpha + Enhanced + One-Step,NASDAQ:RCMT,0.10000002241670472
2023-12-21,17,AR1 alpha + Enhanced + One-Step,NASDAQ:RCMT,0.10000003969191533
2023-12-22,17,AR1 alpha + Enhanced + One-Step,NASDAQ:RCMT,0.1000000486405222
2023-12-26,17,AR1 alpha + Enhanced + One-Step,NASDAQ:RCMT,0.09999731340241663
2023-12-27,17,AR1 alpha + Enhanced + One-Step,NASDAQ:RCMT,0.09999837228065767
2023-12-28,17,AR1 alpha + Enhanced + One-Step,NASDAQ:RCMT,0.09999909055106339
2023-12-29,17,AR1 alpha + Enhanced + One-Step,NASDAQ:RCMT,0.09999956142525554
2024-01-02,17,AR1 alpha + Enhanced + One-Step,NASDAQ:RCMT,0.09999607719923576
2024-01-03,17,AR1 alpha + Enhanced + One-Step,NASDAQ:RCMT,0.0999964479270245
2024-01-04,17,AR1 alpha + Enhanced + One-Step,NASDAQ:RCMT,0.09999756678950177
2024-01-05,17,AR1 alpha + Enhanced + One-Step,NASDAQ:RCMT,0.09999844220204418
2024-01-08,17,AR1 alpha + Enhanced + One-Step,NASDAQ:RCMT,0.09999909307181266
2024-01-09,17,AR1 alpha + Enhanced + One-Step,NASDAQ:RCMT,0.09999769483807223
2024-01-10,17,AR1 alpha + Enhanced + One-Step,NASDAQ:RCMT,0.09998970774133013
2024-01-11,17,AR1 alpha + Enhanced + One-Step,NASDAQ:RCMT,0.09999519747699347
2024-01-12,17,AR1 alpha + Enhanced + One-Step,NASDAQ:RCMT,0.09999790204705519
2024-01-16,17,AR1 alpha + Enhanced + One-Step,NASDAQ:RCMT,0.099995122185087
2024-01-17,17,AR1 alpha + Enhanced + One-Step,NASDAQ:RCMT,0.09999254981971556
2024-01-18,17,AR1 alpha + Enhanced + One-Step,NASDAQ:RCMT,0.09999897462200376
2024-01-19,17,AR1 alpha + Enhanced + One-Step,NASDAQ:RCMT,0.09999911956782352
2024-01-22,17,AR1 alpha + Enhanced + One-Step,NASDAQ:RCMT,0.09999893565051117
2024-01-23,17,AR1 alpha + Enhanced + One-Step,NASDAQ:RCMT,0.09999694729838324
2024-01-24,17,AR1 alpha + Enhanced + One-Step,NASDAQ:RCMT,0.09999247011562333
2024-01-25,17,AR1 alpha + Enhanced + One-Step,NASDAQ:RCMT,0.09999538089992187
2024-01-26,17,AR1 alpha + Enhanced + One-Step,NASDAQ:RCMT,0.09999408858379281
2024-01-29,17,AR1 alpha + Enhanced + One-Step,NASDAQ:RCMT,0.09998965966859394
2024-01-30,17,AR1 alpha + Enhanced + One-Step,NASDAQ:RCMT,0.09999225291487616
2024-01-31,17,AR1 alpha + Enhanced + One-Step,NASDAQ:RCMT,0.09999303363846455
2024-02-01,17,AR1 alpha + Enhanced + One-Step,NASDAQ:RCMT,0.0999903659569659
2024-02-02,17,AR1 alpha + Enhanced + One-Step,NASDAQ:RCMT,0.09999047243431107
2024-02-05,17,AR1 alpha + Enhanced + One-Step,NASDAQ:RCMT,0.09999407322431914
2024-02-06,17,AR1 alpha + Enhanced + One-Step,NASDAQ:RCMT,0.09999583813179494
2024-02-07,17,AR1 alpha + Enhanced + One-Step,NASDAQ:RCMT,0.09999738288911568
2024-02-08,17,AR1 alpha + Enhanced + One-Step,NASDAQ:RCMT,0.09999827562721687
2024-02-09,17,AR1 alpha + Enhanced + One-Step,NASDAQ:RCMT,0.09999388214538674
2024-02-12,17,AR1 alpha + Enhanced + One-Step,NASDAQ:RCMT,0.09999349067522
2024-02-13,17,AR1 alpha + Enhanced + One-Step,NASDAQ:RCMT,0.09999543243080658
2024-02-14,17,AR1 alpha + Enhanced + One-Step,NASDAQ:RCMT,0.09999725576128296
2024-02-15,17,AR1 alpha + Enhanced + One-Step,NASDAQ:RCMT,0.09999443955814848
2024-02-16,17,AR1 alpha + Enhanced + One-Step,NASDAQ:RCMT,0.09999672080916241
2024-02-20,17,AR1 alpha + Enhanced + One-Step,NASDAQ:RCMT,0.09999810505222499
2024-02-21,17,AR1 alpha + Enhanced + One-Step,NASDAQ:RCMT,0.09999627160829808
2024-02-22,17,AR1 alpha + Enhanced + One-Step,NASDAQ:RCMT,0.09999035647502023
2024-02-23,17,AR1 alpha + Enhanced + One-Step,NASDAQ:RCMT,0.09999019264486454
2024-02-26,17,AR1 alpha + Enhanced + One-Step,NASDAQ:RCMT,0.09998763238409449
2024-02-27,17,AR1 alpha + Enhanced + One-Step,NASDAQ:RCMT,0.0999843962046927
2024-02-28,17,AR1 alpha + Enhanced + One-Step,NASDAQ:RCMT,0.09998318357737528
2024-02-29,17,AR1 alpha + Enhanced + One-Step,NASDAQ:RCMT,0.09998733296781716
2024-03-01,17,AR1 alpha + Enhanced + One-Step,NASDAQ:RCMT,0.09998771250388892
2024-03-04,17,AR1 alpha + Enhanced + One-Step,NASDAQ:RCMT,0.09998927157120856
2024-03-05,17,AR1 alpha + Enhanced + One-Step,NASDAQ:RCMT,0.09999484984217906
2024-03-06,17,AR1 alpha + Enhanced + One-Step,NASDAQ:RCMT,0.09999658870648907
2024-03-07,17,AR1 alpha + Enhanced + One-Step,NASDAQ:RCMT,0.09999087277579334
2024-03-08,17,AR1 alpha + Enhanced + One-Step,NASDAQ:RCMT,0.09998776482181118
2024-03-11,17,AR1 alpha + Enhanced + One-Step,NASDAQ:RCMT,0.09999356357909352
2024-03-12,17,AR1 alpha + Enhanced + One-Step,NASDAQ:RCMT,0.09999249576928804
2024-03-13,17,AR1 alpha + Enhanced + One-Step,NASDAQ:RCMT,0.09998675088747702
2024-03-14,17,AR1 alpha + Enhanced + One-Step,NASDAQ:RCMT,0.08247515809419935
2024-03-15,17,AR1 alpha + Enhanced + One-Step,NASDAQ:RCMT,0.08247529002988525
2024-03-18,17,AR1 alpha + Enhanced + One-Step,NASDAQ:RCMT,0.0824744895209832
2024-03-19,17,AR1 alpha + Enhanced + One-Step,NASDAQ:RCMT,0.0696188850615146
2024-03-20,17,AR1 alpha + Enhanced + One-Step,NASDAQ:RCMT,0.06644724429540041
2024-03-21,17,AR1 alpha + Enhanced + One-Step,NASDAQ:RCMT,0.06644495389489735
2024-03-22,17,AR1 alpha + Enhanced + One-Step,NASDAQ:RCMT,0.08259654529621037
2024-03-25,17,AR1 alpha + Enhanced + One-Step,NASDAQ:RCMT,0.0964195747475181
2024-03-26,17,AR1 alpha + Enhanced + One-Step,NASDAQ:RCMT,0.09999703351193506
2024-03-27,17,AR1 alpha + Enhanced + One-Step,NASDAQ:RCMT,0.0999971440649805
2024-03-28,17,AR1 alpha + Enhanced + One-Step,NASDAQ:RCMT,0.09999907094719979
2024-04-01,17,AR1 alpha + Enhanced + One-Step,NASDAQ:RCMT,0.09999979717403612
2024-04-02,17,AR1 alpha + Enhanced + One-Step,NASDAQ:RCMT,0.0999997934963761
2024-04-03,17,AR1 alpha + Enhanced + One-Step,NASDAQ:RCMT,0.0999943751585253
2024-04-04,17,AR1 alpha + Enhanced + One-Step,NASDAQ:RCMT,0.09999933019573662
2024-04-05,17,AR1 alpha + Enhanced + One-Step,NASDAQ:RCMT,0.09999926421534418
2024-04-08,17,AR1 alpha + Enhanced + One-Step,NASDAQ:RCMT,0.09999982283257154
2024-04-09,17,AR1 alpha + Enhanced + One-Step,NASDAQ:RCMT,0.09999924840976748
2024-04-10,17,AR1 alpha + Enhanced + One-Step,NASDAQ:RCMT,0.09999923434123249
2024-04-11,17,AR1 alpha + Enhanced + One-Step,NASDAQ:RCMT,0.09999891909980346
2024-04-12,17,AR1 alpha + Enhanced + One-Step,NASDAQ:RCMT,0.0999993189767459
2024-04-15,17,AR1 alpha + Enhanced + One-Step,NASDAQ:RCMT,0.09999757729271419
2024-04-16,17,AR1 alpha + Enhanced + One-Step,NASDAQ:RCMT,0.09999566914313271
2024-04-17,17,AR1 alpha + Enhanced + One-Step,NASDAQ:RCMT,0.10000035410527108
2024-04-18,17,AR1 alpha + Enhanced + One-Step,NASDAQ:RCMT,0.09999940543547679
2024-04-19,17,AR1 alpha + Enhanced + One-Step,NASDAQ:RCMT,0.09999711164392161
